16.46349 51.58447 0.68384 0.72624 -0.07030 e
18.58402 47.49450 -0.50578 0.48758 -0.71166 e
19.10018 92.83708 0.88117 0.36559 0.29979 e
19.23063 90.29170 0.48786 0.55055 0.67741 e
19.25127 72.44140 -0.02614 0.22301 -0.97447 e
19.57103 62.87164 -0.31173 -0.67158 0.67217 e
19.60089 65.87409 -0.10750 0.77014 -0.62875 e
19.77153 95.65830 -0.02691 -0.99467 0.09952 e
20.11731 79.14277 -0.27706 0.12214 -0.95306 e
20.45720 55.87161 0.89868 -0.20168 -0.38950 e
20.64332 82.63572 0.77900 -0.44054 -0.44620 e
20.65750 64.80462 -0.60715 -0.65882 -0.44420 e
20.85527 91.49694 0.56971 -0.76034 0.31197 e
21.04983 85.65185 -0.30347 0.25904 -0.91695 e
21.54521 69.46407 -0.84752 0.05299 -0.52812 e
21.61322 98.30836 -0.32962 -0.26656 -0.90570 e
22.37387 99.45534 0.29684 -0.51580 -0.80364 e
22.48736 89.55266 -0.96648 0.25614 0.01742 e
23.01399 70.60890 -0.37339 -0.32444 -0.86909 e
23.03855 49.35724 -0.13760 -0.71236 0.68819 e
23.13426 80.20503 0.09318 0.94749 -0.30590 e
23.29568 75.35965 -0.07712 -0.94319 -0.32318 e
23.49202 85.18285 0.16826 -0.94999 0.26309 e
23.95516 70.57241 -0.65379 0.24614 0.71552 e
24.15666 56.31040 0.53466 0.38840 -0.75052 e
24.82208 33.80454 -0.75396 -0.65256 -0.07562 e
24.93215 81.05898 0.10624 0.82372 -0.55695 e
24.99332 98.12760 -0.87134 -0.40354 0.27913 e
25.48485 67.67012 0.55623 0.31526 -0.76891 e
25.49744 99.86335 0.30663 -0.87889 0.36541 e
25.60884 95.82957 -0.60820 -0.71355 -0.34776 e
25.72757 72.17970 0.39725 -0.39575 -0.82800 e
25.91095 74.62598 -0.23222 -0.68956 -0.68599 e
26.01095 95.93003 0.45193 -0.24488 -0.85778 e
26.47717 83.73053 0.29399 -0.36176 -0.88470 e
26.54961 45.50384 0.31678 0.94551 -0.07524 e
26.90986 76.08042 -0.36680 0.63381 -0.68098 e
26.99635 41.97670 -0.16768 0.71656 -0.67708 e
27.05285 96.65552 0.70569 -0.24489 0.66486 e
27.55983 90.16043 0.03747 -0.64750 -0.76114 e
27.60555 97.85576 -0.02432 0.18511 -0.98242 e
27.62431 78.43878 0.25903 0.56594 -0.78270 e
27.86087 73.02273 -0.66803 0.72284 0.17671 e
28.51968 91.50751 0.49254 -0.02205 -0.87001 e
28.63189 68.21364 -0.44346 -0.38355 -0.81008 e
28.94275 82.59462 0.37036 0.92219 -0.11137 e
29.13174 75.76082 -0.92157 0.25722 -0.29078 e
29.32751 59.18849 -0.55906 -0.12228 -0.82006 e
29.43952 78.76121 -0.58202 -0.80513 0.11409 e
29.50972 63.34697 -0.66591 -0.23184 -0.70909 e
29.53416 76.31482 0.80175 0.55449 -0.22300 e
29.56246 95.11383 0.73988 0.19426 0.64408 e
29.64023 82.62916 0.95352 -0.28831 0.08765 e
29.82185 73.93139 0.61538 -0.78423 0.07939 e
29.91030 61.16763 0.30002 0.75271 -0.58602 e
30.06514 94.21370 0.49191 -0.56357 -0.66364 e
30.07768 48.62927 0.92599 -0.09650 0.36502 e
30.16501 74.93006 0.81484 0.39792 -0.42154 e
30.33897 63.51443 -0.93410 0.24850 -0.25632 e
30.37332 63.96087 -0.02146 -0.41085 -0.91145 e
30.43106 88.90142 0.74312 -0.57703 -0.33882 e
30.47092 87.53222 0.83300 0.09041 -0.54584 e
30.69499 98.76515 0.66656 -0.45301 -0.59202 e
30.99490 88.75651 -0.12754 -0.75266 -0.64594 e
31.09049 75.48459 -0.46405 0.66177 0.58884 e
31.30056 39.60501 0.42358 -0.90584 -0.00611 e
31.32410 96.82228 -0.66354 0.03410 -0.74737 e
31.37119 81.40270 0.34653 -0.93799 -0.00979 e
31.49281 71.18564 0.28079 0.02537 -0.95944 e
31.65898 66.43801 -0.88569 -0.38315 0.26219 e
32.12772 89.21036 -0.20687 0.47590 -0.85483 e
32.19388 56.72473 -0.56392 0.80412 -0.18814 e
32.19921 76.61834 0.41740 0.88364 -0.21202 e
32.24154 77.10864 0.19668 -0.45595 0.86800 e
32.24725 56.94026 0.31282 -0.44038 -0.84155 e
32.59262 89.18277 -0.97645 0.01167 -0.21541 e
32.73581 73.79056 0.96530 0.23758 0.10838 e
32.86824 92.22252 -0.46032 -0.56546 -0.68436 e
33.04639 50.70115 0.17015 -0.91101 -0.37564 e
33.11800 89.73366 -0.83873 0.15730 0.52134 e
33.20535 99.26253 -0.06763 -0.38238 -0.92153 e
33.46171 56.28608 -0.64122 -0.38081 -0.66620 e
33.54127 80.64113 -0.71836 0.56935 -0.39975 e
34.10969 96.80898 0.67081 0.69462 0.25984 e
34.16883 80.29924 -0.76599 -0.52959 -0.36441 e
34.20577 56.93084 0.83925 0.49356 -0.22818 e
34.37468 67.16249 0.99967 -0.00702 -0.02480 e
34.44312 97.31330 -0.31918 0.64772 -0.69179 e
35.06830 38.38869 -0.88542 0.17552 0.43038 e
35.53650 70.72116 -0.78790 0.52188 -0.32689 e
36.07525 54.00313 -0.99656 0.08055 -0.01948 e
36.38020 97.52012 0.88204 -0.04531 -0.46898 e
36.53165 98.95688 0.31377 0.78255 -0.53774 e
36.82118 82.45228 -0.45238 -0.86983 0.19683 e
36.94507 81.37101 0.87013 -0.38011 -0.31366 e
37.05567 92.71349 0.62120 0.45165 -0.64040 e
37.48111 56.67905 -0.92886 0.21994 -0.29808 e
37.65802 59.35669 0.23051 -0.92296 -0.30825 e
37.85159 75.06541 0.93762 0.01262 -0.34744 e
37.95119 70.20215 0.87234 -0.18994 -0.45050 e
38.11568 50.99926 -0.45060 -0.87479 0.17806 e
38.14702 81.77423 0.90757 -0.10530 -0.40648 e
38.48171 92.12602 -0.92260 -0.36742 0.11755 e
38.53535 66.30819 0.15356 0.48444 0.86124 e
38.68451 67.32162 -0.18165 0.97160 0.15164 e
38.97113 67.97174 0.35665 -0.89279 -0.27517 e
39.02594 41.81653 -0.27835 -0.30174 -0.91185 e
39.07367 47.39635 -0.43866 0.89358 -0.09531 e
39.40126 84.62341 -0.41482 0.71791 -0.55904 e
39.49033 79.17012 -0.93661 -0.33623 0.09855 e
39.60525 94.22723 -0.54234 0.49531 0.67863 e
40.11844 67.24407 -0.19473 -0.98038 -0.03074 e
40.26613 88.20860 -0.54182 0.39379 -0.74254 e
40.30433 52.69941 -0.29271 -0.60696 -0.73886 e
40.60943 96.75880 0.42645 -0.13484 -0.89440 e
40.75396 72.00261 -0.74812 -0.37343 -0.54851 e
41.34147 74.76431 0.21131 0.85899 0.46636 e
41.37652 43.26867 0.73750 -0.24713 -0.62850 e
41.53691 49.64488 -0.21254 0.62610 0.75022 e
41.97647 86.29897 -0.65682 -0.71126 -0.25041 e
42.37766 66.32596 0.64032 0.50869 -0.57552 e
42.52453 91.97697 -0.31912 -0.51842 -0.79335 e
42.56117 83.77530 -0.31116 -0.06751 -0.94796 e
42.88625 58.22558 -0.25760 0.49383 -0.83053 e
42.96803 85.80443 -0.72619 0.65200 0.21805 e
43.06936 67.22701 0.39756 -0.56286 -0.72466 e
43.13501 92.42288 -0.83044 0.50739 -0.23007 e
43.42871 22.57879 -0.30481 0.47025 -0.82823 e
43.56586 87.10054 0.98359 -0.03665 0.17667 e
43.81230 48.65390 -0.92676 -0.09952 -0.36222 e
43.84609 31.70016 0.76271 0.54753 -0.34421 e
43.97224 88.25637 -0.28452 0.95807 -0.03378 e
44.16589 32.55894 -0.03884 0.43806 0.89810 e
44.46479 99.28992 0.70402 -0.28243 -0.65161 e
44.66375 55.92139 0.15134 -0.47611 -0.86627 e
44.76609 70.69049 -0.94036 0.28214 0.19007 e
44.85069 95.04361 0.15656 -0.86691 -0.47324 e
44.88745 69.12530 -0.14494 0.87449 -0.46287 e
45.06155 26.57685 -0.82942 0.15611 -0.53637 e
45.11127 54.89438 0.90676 -0.42166 -0.00127 e
45.33597 58.22725 -0.70648 -0.70619 -0.04659 e
45.54015 91.46980 -0.42099 0.60123 -0.67918 e
45.63169 67.19772 0.70834 -0.57937 -0.40322 e
45.77696 89.31137 -0.45546 0.43766 -0.77524 e
45.77701 93.18441 0.13538 0.41467 -0.89985 e
46.00203 95.26369 -0.99084 -0.12724 0.04532 e
46.23539 89.31927 -0.65269 0.37095 -0.66060 e
46.63451 52.33372 -0.78436 -0.57589 -0.23049 e
46.66018 61.93756 0.48271 0.06189 0.87359 e
46.73332 68.87546 -0.97782 0.16067 -0.13439 e
46.80628 94.58964 -0.06399 -0.84336 -0.53352 e
47.01932 69.98897 0.77798 -0.42311 -0.46445 e
47.21446 87.46698 -0.40544 0.51596 -0.75459 e
47.23439 57.91673 0.38584 -0.68525 -0.61770 e
47.34735 58.77666 -0.57052 -0.36963 -0.73340 e
47.76230 46.76134 0.65969 0.35121 -0.66443 e
47.87934 67.11966 -0.45928 -0.10566 -0.88199 e
47.99156 86.78201 -0.53957 0.83983 -0.05954 e
48.07808 56.29934 0.39558 -0.75453 -0.52364 e
48.17154 61.61566 -0.94394 0.11556 0.30924 e
48.92686 97.17802 -0.75972 0.61167 -0.22065 e
48.97775 75.23300 0.56026 0.57738 -0.59392 e
49.20474 74.29798 0.49078 0.66943 -0.55767 e
49.30023 41.57552 0.56508 -0.82282 -0.06046 e
49.43771 75.80598 0.82903 0.52606 0.18965 e
49.43932 86.01209 0.54907 -0.07961 -0.83198 e
49.55274 66.10577 -0.12719 0.32473 -0.93722 e
49.58789 93.95431 0.14742 -0.62622 -0.76558 e
49.72603 38.22259 -0.64408 -0.70060 -0.30712 e
49.98422 56.04807 -0.38518 -0.13502 -0.91291 e
50.08750 91.53255 -0.30276 -0.79027 0.53273 e
50.17595 99.19678 0.56290 -0.60381 -0.56441 e
50.46517 41.15544 0.38534 -0.59980 -0.70125 e
50.47480 53.35336 -0.33659 0.63603 0.69439 e
50.98065 34.77402 0.88251 0.25358 0.39606 e
51.02128 56.82805 0.12820 0.35499 0.92604 e
51.16056 57.74940 -0.46206 -0.25640 -0.84898 e
51.58500 48.74772 0.17101 -0.18691 -0.96738 e
51.66849 58.65425 0.75280 0.42168 -0.50544 e
51.77138 44.25579 0.31653 0.86261 -0.39460 e
51.79838 80.77928 -0.71972 0.46909 0.51182 e
52.70177 66.64114 -0.00836 0.89363 -0.44872 e
53.14215 60.49296 0.86507 0.36391 -0.34529 e
53.28034 71.36503 -0.45397 0.09487 -0.88595 e
53.30670 48.59140 -0.29957 0.53622 -0.78913 e
53.37891 94.84859 -0.65539 -0.46747 -0.59324 e
53.73992 79.34418 -0.60173 -0.06848 -0.79576 e
53.83928 83.74087 -0.15996 0.63026 -0.75973 e
54.22642 84.65604 -0.30945 -0.14240 -0.94019 e
54.27600 38.59439 0.07853 0.26195 -0.96188 e
54.75263 84.73126 -0.38836 -0.85908 -0.33340 e
54.96571 63.19615 -0.97963 0.19993 -0.01861 e
55.12793 91.91493 -0.45398 -0.06484 -0.88865 e
55.36985 56.48474 0.71926 0.24997 0.64821 e
55.51219 55.08476 0.54107 -0.59217 -0.59713 e
55.93785 85.60184 0.04404 0.95820 -0.28271 e
55.95434 83.28992 0.23274 -0.96748 -0.09903 e
56.08333 69.36497 -0.54084 0.36516 -0.75773 e
56.22844 95.72001 -0.16146 0.97968 -0.11901 e
56.28413 90.70346 -0.55766 0.01584 -0.82992 e
56.41681 75.39407 -0.88815 0.44451 -0.11659 e
57.12149 98.43713 -0.26656 -0.78847 -0.55431 e
57.28405 45.22088 0.69991 -0.21013 -0.68262 e
57.47436 94.40670 0.71629 0.69781 0.00007 e
58.04583 58.72898 -0.79793 0.33139 0.50348 e
58.25949 93.16148 -0.48180 0.63350 -0.60543 e
58.74643 75.42872 -0.72308 0.67722 0.13610 e
58.80752 71.02753 -0.95762 -0.27602 0.08231 e
58.82192 80.60297 -0.14764 -0.55586 -0.81806 e
59.73634 99.81978 -0.67734 0.70690 -0.20374 e
59.77147 95.49126 0.52002 0.76021 -0.38943 e
59.96469 91.59752 -0.85392 0.24255 0.46042 e
60.00519 40.84595 0.38801 0.17126 -0.90561 e
60.86709 92.49060 0.45069 0.80941 -0.37647 e
60.87152 86.34076 -0.55984 0.61279 0.55773 e
60.93062 96.52131 -0.13422 0.91885 0.37107 e
61.01260 80.48930 0.22189 -0.96675 -0.12713 e
61.02561 44.38364 -0.63842 -0.06889 -0.76660 e
61.39622 50.49809 -0.09317 -0.98924 0.11283 e
61.83503 66.08659 0.43207 -0.05007 -0.90045 e
62.21758 95.67415 0.26873 -0.96184 0.05153 e
62.40548 89.68056 -0.84713 0.37207 -0.37939 e
62.41247 64.25986 -0.30197 0.94805 -0.10007 e
62.49559 61.91802 -0.73023 -0.17367 -0.66076 e
62.55954 94.84242 0.53463 -0.83701 -0.11656 e
62.62432 77.08720 -0.25122 -0.95834 -0.13592 e
62.67187 62.82529 0.71136 -0.00191 0.70282 e
62.83751 82.10531 -0.98708 0.06278 0.14738 e
63.25007 92.69049 -0.06507 -0.88752 0.45616 e
63.42374 43.77055 0.30419 0.36547 0.87972 e
63.52108 84.75240 -0.37548 0.70745 -0.59878 e
63.83561 86.00192 -0.24364 0.96931 0.03297 e
64.16248 45.54379 -0.37675 -0.69464 -0.61281 e
64.41483 97.09313 -0.60008 -0.31878 0.73368 e
64.64113 61.18423 0.66789 0.73236 -0.13253 e
64.98941 36.98317 -0.75270 0.44940 -0.48113 e
65.01282 63.31008 -0.89289 -0.37299 -0.25224 e
65.07056 85.15733 0.79969 0.44038 -0.40812 e
65.37951 42.94729 -0.11860 -0.68338 -0.72036 e
65.51332 64.94269 0.86438 0.42994 0.26076 e
65.54710 58.14116 -0.40397 -0.08210 -0.91108 e
65.57019 47.24552 0.16930 0.83594 -0.52206 e
67.11439 46.29718 -0.20578 0.78533 -0.58388 e
67.75162 37.49192 -0.04832 0.46519 -0.88389 e
68.47428 70.25893 0.32703 -0.67139 -0.66504 e
68.80936 58.11317 -0.34821 0.52277 -0.77811 e
69.60910 72.94313 -0.08770 -0.25844 -0.96204 e
69.66255 82.27133 -0.82624 -0.38817 -0.40822 e
70.43682 58.42642 0.96906 -0.22379 -0.10416 e
70.50020 75.62491 -0.39818 -0.08917 -0.91296 e
71.25715 98.12565 -0.51579 0.64533 0.56348 e
71.51745 93.17188 0.19232 -0.91706 -0.34930 e
71.65193 86.78403 0.08527 0.30833 -0.94745 e
71.94069 97.09466 0.33775 0.90539 0.25730 e
71.94605 84.91837 0.25565 -0.74308 -0.61845 e
72.75207 85.31909 0.45620 0.87006 -0.18674 e
73.09613 62.58640 -0.19374 -0.97104 -0.13978 e
73.57004 53.23854 0.23114 0.80530 -0.54595 e
73.64529 82.50814 0.87177 0.48704 0.05299 e
73.72440 85.91773 0.39922 0.13482 -0.90689 e
73.72629 53.54748 -0.82760 -0.21087 -0.52021 e
73.73220 72.12409 0.13814 0.41691 -0.89839 e
74.11805 51.72310 0.18758 -0.69470 -0.69441 e
74.94523 76.92699 -0.44412 0.17757 -0.87820 e
75.03778 54.96004 0.46156 -0.87073 -0.16967 e
75.14911 71.16681 0.62555 -0.34974 -0.69740 e
75.23614 91.02339 -0.84266 0.40904 -0.35017 e
75.60832 72.53820 0.35367 -0.30782 -0.88327 e
75.90603 84.83095 0.36429 -0.92386 0.11733 e
76.10710 54.66898 0.00301 -0.50786 -0.86143 e
76.20958 78.07034 -0.94313 0.31937 -0.09225 e
76.48994 61.73009 0.17628 0.69152 -0.70052 e
76.58969 59.53822 -0.84674 0.51687 -0.12601 e
76.71342 83.87130 -0.42248 0.78903 -0.44602 e
76.76177 41.30739 -0.65463 -0.58838 -0.47462 e
76.86060 52.98692 0.20859 0.15154 -0.96619 e
76.92707 85.29126 0.49189 -0.73613 -0.46492 e
77.13819 78.80322 -0.64926 0.51189 -0.56253 e
77.65629 86.86211 -0.61976 -0.75351 0.21935 e
77.77307 30.89607 -0.08622 -0.44540 -0.89117 e
78.02902 99.65778 -0.59507 0.33145 -0.73215 e
78.10464 44.84021 -0.37685 0.88848 -0.26191 e
78.30408 95.98005 0.24410 -0.79764 -0.55153 e
78.32775 95.48838 -0.57204 -0.02591 -0.81981 e
78.95725 64.81892 0.16590 -0.98503 -0.04677 e
79.22792 81.47144 0.29778 0.91825 -0.26105 e
79.38880 46.86520 0.70103 -0.35390 -0.61913 e
79.89060 98.61056 0.61364 -0.56244 0.55418 e
80.06234 92.28327 0.44942 0.20750 0.86889 e
80.45215 89.84473 0.56755 -0.11178 -0.81572 e
81.37367 71.53426 0.03906 -0.02361 -0.99896 e
81.89305 59.28221 0.23815 0.80935 -0.53688 e
82.07684 69.63493 0.13814 -0.69422 0.70638 e
82.94246 67.64464 -0.04191 -0.97516 0.21750 e
83.08249 95.59124 -0.62563 -0.10439 -0.77311 e
83.14571 40.41957 -0.95558 -0.12379 -0.26746 e
83.18888 83.67586 0.39644 0.06223 -0.91595 e
83.50444 81.69056 0.98390 0.03439 -0.17538 e
84.20196 92.24001 0.72141 0.57394 -0.38751 e
84.32206 58.27937 -0.07091 -0.90115 -0.42768 e
85.05556 33.33643 0.26848 0.04202 -0.96237 e
85.15609 53.82510 -0.93453 0.30597 -0.18177 e
85.71125 66.29218 -0.82775 0.20930 -0.52060 e
85.74340 44.80161 -0.20092 0.97416 0.10318 e
86.28874 32.73056 0.63958 -0.35984 -0.67930 e
86.35893 83.06914 0.33881 0.87627 0.34258 e
86.41228 97.26183 0.57063 0.40288 -0.71559 e
86.96907 86.77600 -0.08435 -0.82269 -0.56220 e
87.42919 97.22047 0.69626 0.23394 -0.67860 e
87.52604 69.64096 0.24400 -0.15714 -0.95696 e
87.54223 89.80600 0.31341 0.19938 -0.92845 e
87.67066 62.80595 0.51545 -0.10895 -0.84996 e
88.36705 91.37869 -0.60353 0.24602 -0.75844 e
89.28571 63.81300 0.03829 -0.17385 -0.98403 e
89.51498 98.40616 0.05971 0.68974 0.72160 e
89.54584 49.66840 -0.11262 0.91369 -0.39049 e
89.55070 90.47184 0.00953 -0.55838 -0.82953 e
90.25132 62.15872 -0.53234 -0.08746 -0.84200 e
90.33171 52.88436 0.73891 0.59235 0.32114 e
91.03057 66.97673 0.83306 0.55282 0.02005 e
91.07724 80.73654 -0.55197 0.41424 -0.72370 e
91.13324 94.64937 -0.30671 -0.92775 -0.21262 e
91.25914 99.76867 -0.83850 0.21219 -0.50189 e
91.43888 94.04180 -0.54381 0.82925 -0.12893 e
91.71178 60.08769 -0.46745 0.59949 -0.64969 e
91.85719 58.86736 0.50226 0.22831 -0.83404 e
91.98491 67.90423 -0.83132 0.16942 0.52934 e
92.22656 88.85227 0.25705 -0.37796 -0.88942 e
92.56711 95.44177 0.19307 -0.88347 -0.42686 e
93.03570 95.51342 0.91028 -0.07203 -0.40769 e
93.11745 71.81058 -0.62850 -0.40054 0.66675 e
93.24695 65.40441 -0.01989 -0.80216 -0.59678 e
93.46215 70.60055 -0.02422 0.93489 -0.35410 e
94.29471 36.96646 -0.38477 0.00122 0.92301 e
94.42725 77.01633 0.09760 0.97892 -0.17939 e
94.62035 45.62855 0.30027 0.49633 -0.81455 e
95.01659 52.38812 0.58042 0.75632 -0.30181 e
95.18386 81.95677 -0.09900 -0.89385 0.43729 e
95.63144 38.52136 0.14630 0.97649 0.15832 e
95.90534 66.00937 -0.13561 0.06357 -0.98872 e
96.43531 40.46163 -0.04180 -0.19398 -0.98011 e
97.06377 72.64296 0.33479 0.92405 -0.18453 e
97.78793 81.75272 0.33572 -0.75563 -0.56241 e
98.32321 71.11817 -0.30191 0.63931 -0.70720 e
98.96562 50.35349 0.04453 0.99761 0.05291 e
99.23469 73.19238 -0.82353 -0.43318 -0.36628 e
100.16028 48.70774 -0.77609 0.11656 -0.61976 e
100.32161 62.92531 -0.01509 0.13291 -0.99101 e
100.42211 47.11192 -0.99980 -0.01554 -0.01245 e
100.83225 65.95118 -0.72908 0.34210 -0.59280 e
100.90688 39.32596 0.78593 -0.38444 0.48427 e
101.65041 82.12129 0.96382 0.22049 -0.14976 e
102.87624 84.43445 0.03943 -0.96202 -0.27013 e
102.99978 89.25746 0.06621 0.70924 0.70185 e
103.55249 75.65969 -0.87682 0.26354 0.40215 e
104.37305 57.19205 -0.30578 0.63364 -0.71063 e
104.45500 46.22283 0.98499 0.16088 0.06263 e
104.61697 82.14586 0.42863 0.40207 -0.80908 e
104.96081 58.76632 -0.06399 -0.87059 0.48784 e
104.98832 81.08453 -0.22581 -0.78573 -0.57588 e
105.17403 76.25711 -0.14108 -0.54520 0.82635 e
105.78736 93.78693 -0.12675 0.93606 -0.32821 e
105.86171 80.79073 0.57040 -0.44300 -0.69166 e
107.05391 99.77993 -0.17107 -0.89978 0.40142 e
107.15730 39.43469 0.87541 0.11424 0.46968 e
107.50000 84.54446 -0.66326 -0.28040 -0.69387 e
108.09110 38.79468 -0.85272 0.36489 -0.37380 e
108.24376 75.02966 -0.43562 0.25400 -0.86355 e
108.44518 46.43114 0.06331 0.99708 -0.04281 e
108.51367 99.76171 0.36663 0.63410 -0.68081 e
109.95448 73.64603 -0.40283 0.91505 -0.02014 e
110.65544 40.10326 0.73366 -0.33662 0.59028 e
110.67076 40.46252 0.19345 -0.10319 0.97567 e
111.12732 92.56415 0.11859 -0.93703 -0.32851 e
111.48691 85.32504 0.94119 0.32581 -0.08953 e
112.54676 91.69395 0.82073 -0.07241 -0.56670 e
112.85506 70.37300 0.32152 -0.31384 -0.89338 e
114.10925 67.78223 -0.78310 0.61123 -0.11471 e
114.15324 80.25390 0.82102 -0.40498 0.40239 e
114.18039 37.13576 0.30952 0.29110 0.90524 e
114.67658 81.05152 -0.02892 -0.62217 -0.78235 e
114.86260 50.62647 0.04503 0.10238 -0.99373 e
115.38297 82.30681 -0.82928 0.54780 -0.11050 e
115.58273 43.62322 0.67427 0.68694 0.27108 e
115.72516 56.15660 -0.73575 0.24895 0.62984 e
116.06321 78.89608 0.28279 0.29873 -0.91148 e
116.39330 79.11253 0.31910 -0.67495 -0.66530 e
116.73683 96.26828 0.63147 0.77371 0.05112 e
116.90055 95.54296 0.38696 -0.30367 -0.87066 e
116.99217 73.22011 0.77708 0.53084 0.33816 e
118.06942 43.57938 0.53335 -0.17841 0.82686 e
118.87653 44.81218 -0.74596 0.54653 -0.38059 e
118.98018 87.46114 -0.65978 -0.64082 0.39247 e
118.98407 50.15330 -0.75418 -0.64411 0.12783 e
119.43073 92.31107 -0.74359 -0.56887 -0.35137 e
120.21573 80.87175 0.10541 0.15341 -0.98253 e
120.38716 61.49212 0.43894 0.87540 -0.20251 e
120.85654 69.54725 -0.13072 -0.76428 -0.63150 e
121.06451 40.29275 0.84619 0.49849 0.18834 e
121.30229 67.63801 -0.40025 0.40167 -0.82369 e
121.60370 90.16594 0.42931 -0.82695 0.36311 e
122.46181 50.32615 0.03179 0.34510 -0.93803 e
122.47653 51.62257 -0.40791 -0.26879 -0.87256 e
122.66089 37.56859 0.81504 0.57650 0.05804 e
123.03336 90.82920 0.24444 -0.09049 -0.96543 e
124.05476 59.26998 0.56869 -0.67083 -0.47601 e
124.12796 77.82887 -0.85837 -0.49530 0.13374 e
124.43204 97.24258 -0.94565 -0.21573 -0.24332 e
124.52851 69.57951 -0.31689 -0.29092 -0.90274 e
125.07080 62.23415 -0.11601 0.89672 -0.42711 e
126.05737 39.73785 -0.92725 -0.37380 -0.02181 e
126.49126 28.58083 0.50654 -0.32521 -0.79854 e
126.98447 71.97521 -0.27461 0.54319 -0.79343 e
127.07098 59.86068 0.74839 0.57971 0.32225 e
127.14435 40.65055 0.43446 0.46120 -0.77365 e
127.26344 51.54411 0.58746 0.18532 -0.78775 e
128.27624 69.95626 -0.85931 -0.09944 0.50170 e
128.34142 73.72216 0.80923 -0.27391 -0.51973 e
128.68027 69.60802 0.28330 0.90051 0.32988 e
129.09845 67.83686 0.06027 -0.90173 -0.42807 e
129.29370 75.37178 0.92587 -0.02408 0.37707 e
130.25536 48.55995 0.85047 -0.42789 -0.30597 e
130.31451 57.36832 0.64840 0.60718 -0.45925 e
131.25937 26.68702 0.57549 0.24849 0.77914 e
131.35667 34.06412 -0.47583 -0.85431 -0.20915 e
131.57027 37.58422 -0.59373 0.59256 -0.54439 e
131.81433 60.82103 0.93198 0.31589 -0.17784 e
132.47289 76.23807 0.15832 -0.83949 -0.51980 e
132.56434 59.24922 -0.34196 0.92145 -0.18437 e
132.64540 60.31598 -0.68017 -0.07622 -0.72908 e
133.45269 98.46863 -0.04063 -0.97861 0.20169 e
133.65648 95.18191 0.53999 -0.84160 -0.01100 e
133.95874 64.08324 -0.34881 0.82255 0.44916 e
133.95923 59.13538 -0.35370 0.91887 0.17484 e
135.70158 84.05845 -0.98389 -0.02338 -0.17723 e
135.88492 95.12985 0.93702 0.34638 -0.04480 e
136.10379 91.97691 -0.33037 0.42483 -0.84284 e
136.20240 52.86750 -0.25379 0.95882 -0.12746 e
136.66128 65.98173 0.08691 0.49581 -0.86407 e
136.85759 43.76827 0.67783 -0.42036 -0.60319 e
138.00262 50.83150 0.62740 -0.04231 -0.77755 e
138.37383 78.52203 -0.53896 -0.20440 -0.81716 e
138.45271 77.93286 0.55847 0.12159 -0.82057 e
138.70179 34.82894 0.59713 0.75740 -0.26415 e
138.75858 68.02604 0.03005 -0.99477 -0.09762 e
139.42413 38.74248 0.26369 -0.65011 0.71262 e
139.77750 42.19467 -0.00753 -0.37291 0.92784 e
139.89780 49.70314 0.49294 0.86921 -0.03848 e
139.91846 72.94819 -0.43983 -0.39585 0.80614 e
140.29432 90.45191 -0.00919 0.15949 -0.98716 e
142.05179 67.69538 -0.09366 0.01049 -0.99555 e
142.87696 54.93329 0.16938 -0.30676 -0.93659 e
143.44542 82.93189 0.02975 0.55027 -0.83445 e
143.71605 37.72736 -0.70386 -0.10767 -0.70213 e
144.66313 60.06443 -0.28469 0.93978 0.18914 e
148.39922 80.00838 0.54011 0.71241 -0.44806 e
148.57910 80.00386 -0.79242 0.59116 -0.15032 e
148.95678 97.30365 -0.68686 0.62738 -0.36691 e
149.08996 34.45091 0.31653 -0.75560 -0.57347 e
149.16707 67.93860 0.48577 -0.69057 -0.53585 e
149.65186 58.46978 -0.63369 -0.26763 -0.72582 e
149.82715 62.93970 0.38743 0.70405 -0.59515 e
149.93323 82.36613 -0.97785 0.17539 0.11425 e
149.93367 82.32778 -0.70207 0.58860 0.40081 e
150.13176 55.34688 -0.48667 -0.45808 -0.74385 e
150.37889 61.33779 0.22771 0.04542 -0.97267 e
150.86517 62.24419 0.74074 -0.31793 -0.59180 e
150.96019 97.68904 0.84303 0.43932 -0.31030 e
151.37990 83.94318 -0.79289 0.22336 0.56695 e
151.65577 94.48612 -0.01197 0.29709 -0.95477 e
151.87204 56.76661 0.01016 -0.69747 -0.71654 e
153.12399 44.55012 0.70307 -0.67296 0.22982 e
153.74242 76.60167 0.01866 -0.15823 -0.98723 e
153.96281 54.89465 0.88832 -0.34100 0.30757 e
154.14248 60.42147 0.97542 -0.04471 -0.21577 e
154.49393 51.41600 -0.01931 0.65414 -0.75613 e
155.07109 69.42031 -0.73056 -0.55541 0.39725 e
155.26588 84.55112 -0.31709 -0.94202 -0.10975 e
155.77239 80.31826 0.01461 -0.84475 -0.53497 e
156.75622 86.81848 0.74750 -0.35332 0.56251 e
156.94495 65.15497 0.70228 -0.62241 0.34555 e
157.19496 66.08478 0.44169 0.23434 -0.86602 e
157.43017 85.76536 0.97718 -0.19563 0.08281 e
157.82651 73.66996 0.27801 -0.64710 -0.70991 e
157.92227 68.67056 0.09442 -0.94769 -0.30490 e
158.08216 70.42932 -0.54178 -0.11661 -0.83239 e
158.75922 61.53106 -0.10575 -0.70855 -0.69769 e
159.34483 82.65823 0.18294 -0.60958 -0.77133 e
159.47261 46.56494 0.73395 0.00947 -0.67913 e
159.73574 51.82759 0.98695 -0.04843 -0.15357 e
160.06031 61.39399 0.07829 0.45533 -0.88687 e
160.24588 26.06888 -0.48581 0.20642 -0.84934 e
160.56895 78.79681 -0.97527 0.21253 0.06066 e
160.89978 70.27870 0.32878 0.15523 -0.93156 e
161.62902 68.61536 0.91215 -0.34509 0.22114 e
161.75288 58.95532 -0.56056 -0.82293 -0.09250 e
161.94843 56.38692 0.14072 -0.73478 -0.66354 e
162.04399 95.25512 0.25910 -0.64222 -0.72141 e
162.57254 71.31237 -0.95714 0.27665 0.08570 e
162.73633 90.42573 -0.23176 0.93613 -0.26449 e
163.16679 77.61130 -0.06780 0.30462 -0.95006 e
163.42182 91.36017 0.04862 -0.19109 -0.98037 e
163.48498 74.56715 -0.96304 -0.14702 0.22570 e
163.65922 87.93614 0.49028 0.87030 0.04687 e
163.73588 80.80270 -0.44156 -0.85178 -0.28196 e
164.24391 65.00508 0.27789 0.60260 -0.74810 e
164.97989 67.44674 0.11777 -0.06319 -0.99103 e
165.00031 43.52315 -0.59537 0.76780 0.23670 e
165.03879 79.51171 0.48855 0.85505 0.17382 e
165.25777 32.55626 0.60876 -0.78230 -0.13197 e
165.44967 62.34769 0.32951 -0.70548 -0.62748 e
165.78047 45.12588 -0.52207 -0.77260 -0.36130 e
166.20467 99.91600 0.86191 -0.50658 -0.02226 e
166.66118 99.02266 -0.93628 -0.09854 0.33714 e
166.88631 54.80950 -0.38106 -0.41274 -0.82731 e
167.45704 58.70239 0.27788 -0.59267 0.75599 e
167.46329 78.95030 0.79961 0.36388 -0.47772 e
167.65307 56.35409 0.41547 -0.17360 -0.89289 e
167.86203 73.18509 0.77427 -0.63204 0.03209 e
167.89362 40.28227 -0.94336 0.09439 0.31805 e
168.01695 50.38007 -0.28664 0.35230 0.89091 e
168.15436 98.99562 -0.30993 -0.64604 -0.69755 e
168.17010 76.36509 0.13174 -0.95535 0.26448 e
168.34481 70.34338 -0.89551 -0.35044 -0.27432 e
168.52735 75.09157 0.57466 -0.71860 -0.39164 e
168.75896 82.41624 -0.01328 0.49152 -0.87077 e
169.54215 48.71670 0.09106 0.77071 0.63065 e
169.91576 45.90319 -0.87942 0.21665 0.42390 e
170.15099 58.93597 -0.73038 -0.40623 -0.54911 e
170.25210 66.97276 -0.74605 0.57451 0.33668 e
170.46724 95.95038 -0.78843 0.35903 -0.49948 e
171.15504 68.50579 0.55651 0.82784 0.07058 e
171.66645 51.93000 0.54626 0.48107 -0.68569 e
172.07853 52.68575 0.49199 0.62927 -0.60163 e
172.18540 52.43777 0.96739 0.18053 -0.17767 e
172.43995 83.08151 0.37729 -0.52927 -0.75996 e
173.02567 65.58936 -0.68778 -0.09953 -0.71906 e
175.07422 45.96077 -0.14653 -0.87555 -0.46037 e
175.44922 61.38437 -0.35166 -0.85578 -0.37944 e
176.32877 53.78757 -0.44634 -0.64317 0.62218 e
176.62425 71.53245 0.79646 -0.07372 -0.60019 e
176.72684 64.28642 -0.04073 0.20642 -0.97762 e
177.53221 74.15726 -0.88155 -0.41027 -0.23355 e
177.74408 63.63828 -0.46400 0.76305 0.44996 e
177.74773 54.21345 -0.70268 0.47525 -0.52951 e
178.86113 98.38697 -0.83262 0.49794 -0.24249 e
179.56983 62.06585 -0.28575 0.48842 -0.82449 e
179.95793 75.40105 0.50218 -0.69981 -0.50802 e
180.56851 33.13376 -0.96602 -0.24359 -0.08642 e
180.65776 64.25619 -0.64566 0.73265 -0.21529 e
180.72621 36.90332 -0.26356 0.95900 0.10420 e
181.36139 69.19598 -0.27459 -0.88793 -0.36901 e
181.64397 63.07414 0.52010 -0.47979 -0.70661 e
181.72674 43.89748 -0.35574 -0.87988 -0.31507 e
182.03654 62.14103 -0.66415 0.71848 -0.20662 e
182.21244 37.57613 0.58070 -0.15838 0.79856 e
182.51329 79.04945 -0.46997 0.46575 -0.74980 e
182.67678 58.75734 -0.21103 0.50004 -0.83990 e
182.87507 47.37555 -0.30942 -0.89494 0.32146 e
183.27465 58.98346 -0.60543 -0.57894 -0.54615 e
183.50682 74.27322 -0.61584 0.53188 0.58124 e
183.72066 77.39676 -0.46404 0.03150 -0.88526 e
183.85700 38.91847 0.52096 0.00516 -0.85356 e
183.94360 44.04358 -0.05091 -0.99199 0.11564 e
184.12418 72.74951 0.81250 -0.58229 0.02798 e
184.45912 47.72821 -0.84873 0.28563 -0.44506 e
184.85921 41.66883 0.03374 0.40704 -0.91279 e
186.12189 64.10227 0.61013 0.68248 -0.40245 e
186.14712 72.62659 0.31177 0.49285 0.81234 e
186.77326 64.89821 0.89610 -0.04945 -0.44108 e
187.13748 49.07827 -0.14568 -0.60867 0.77993 e
187.84795 45.57507 -0.82695 0.40386 -0.39123 e
188.36102 67.29619 -0.07513 0.92252 0.37856 e
188.52629 50.08108 0.53466 -0.45664 -0.71107 e
188.64760 94.69753 -0.02231 -0.96692 -0.25412 e
188.71210 44.83132 0.12494 0.32040 -0.93901 e
188.75844 40.53469 -0.93910 0.31290 -0.14208 e
189.22912 62.48265 0.87974 -0.43307 -0.19622 e
189.74774 41.32375 0.95163 -0.00300 0.30722 e
190.05346 52.11164 0.87325 -0.29844 0.38520 e
190.07659 90.51140 -0.45058 -0.00863 -0.89269 e
192.68519 47.31315 0.73917 0.00133 -0.67352 e
192.98752 74.65374 -0.86504 0.29086 -0.40878 e
193.00477 41.33322 -0.02728 0.32786 -0.94433 e
193.07081 92.86756 -0.57490 -0.66945 -0.47044 e
193.13305 52.18843 -0.25308 0.38294 -0.88843 e
194.23924 54.03390 -0.44292 0.79064 -0.42274 e
195.19808 65.59509 -0.70971 0.29236 0.64096 e
196.37116 58.87709 0.60299 0.23130 -0.76349 e
197.30110 41.36309 0.38250 -0.16071 0.90987 e
197.57056 69.80089 0.36759 -0.33855 -0.86618 e
197.57914 75.72464 -0.90324 0.42049 0.08569 e
199.25035 67.76038 0.52899 0.13602 -0.83766 e
199.39586 90.48569 -0.22878 0.97348 -0.00048 e
199.58781 74.29180 0.55066 -0.29019 -0.78267 e
199.76566 37.04489 -0.45713 0.45176 0.76613 e
199.86320 57.35975 0.67124 0.73452 -0.09956 e
199.93661 60.42279 -0.19556 -0.64535 -0.73843 e
201.22549 64.49000 0.15871 0.91715 0.36558 e
201.52981 92.74201 -0.07670 -0.74850 -0.65868 e
202.40622 32.14616 0.49875 -0.36896 -0.78429 e
203.93257 87.39076 -0.28269 -0.95227 0.11519 e
204.38561 69.51962 0.16252 0.63221 -0.75756 e
206.02329 88.54407 0.92304 0.07711 -0.37690 e
206.18234 35.75345 0.80025 0.55798 -0.21968 e
206.32008 44.93084 -0.46543 -0.77034 -0.43584 e
206.71589 88.72986 0.04386 -0.13650 -0.98967 e
206.74575 51.98662 0.19376 -0.25937 -0.94614 e
207.31467 82.32230 0.60470 -0.35277 -0.71407 e
207.90816 38.50972 0.51938 -0.54120 0.66133 e
208.80181 38.48872 0.58539 0.02250 -0.81044 e
209.18643 55.70784 -0.13572 0.98852 -0.06647 e
209.88091 61.11966 -0.98447 0.15844 -0.07567 e
210.04094 89.47890 0.93413 -0.17075 -0.31344 e
210.14596 98.48311 -0.34196 0.35157 -0.87147 e
211.75065 91.22214 0.64672 0.74747 0.15182 e
211.94800 78.77825 -0.64258 0.75664 0.12077 e
213.25185 88.28260 0.20503 -0.22704 -0.95206 e
213.34279 55.26651 -0.90257 -0.22881 0.36472 e
213.79847 78.72315 -0.37007 0.07547 -0.92593 e
213.92283 40.93521 0.51198 0.62469 -0.58961 e
214.31847 81.65441 -0.71216 -0.30156 -0.63395 e
215.23288 77.35685 0.63546 -0.38578 -0.66885 e
215.28619 63.85465 -0.26762 -0.22385 -0.93716 e
215.75766 42.67877 -0.03224 -0.76037 -0.64869 e
216.32640 40.32737 -0.93683 0.31437 0.15335 e
216.53240 58.77068 0.14906 -0.78699 -0.59868 e
216.57682 85.92086 -0.68049 0.70151 -0.21171 e
217.11997 98.60806 0.47203 0.69828 -0.53814 e
217.64631 79.11077 0.72207 0.17509 0.66930 e
218.36694 45.30996 0.45313 -0.70667 0.54341 e
218.99966 28.89346 -0.58730 -0.08220 0.80518 e
219.08374 84.26487 0.79739 -0.55170 -0.24455 e
220.20187 64.01979 -0.62543 0.66426 -0.40939 e
220.68481 83.12873 -0.31055 -0.90586 -0.28807 e
220.74290 89.23588 -0.31592 0.31658 -0.89441 e
221.33996 49.10786 0.73501 0.47421 -0.48464 e
221.72951 68.98162 -0.32665 -0.56981 0.75407 e
221.85651 79.69346 -0.08559 0.15306 -0.98450 e
222.30371 73.90372 -0.46001 -0.88584 -0.06069 e
222.43306 52.67269 -0.53035 -0.70198 -0.47535 e
223.56217 46.47564 -0.03285 -0.56320 -0.82567 e
223.77210 40.69585 0.06585 0.96206 -0.26477 e
224.14995 42.35319 -0.99083 -0.10971 -0.07888 e
224.74939 59.55419 -0.33074 -0.94343 0.02326 e
225.10923 38.59234 0.64399 0.12153 -0.75532 e
225.20151 89.04301 -0.49947 -0.43039 0.75186 e
225.61739 90.66872 -0.65578 0.08288 -0.75038 e
225.89182 67.89982 -0.88864 -0.43591 -0.14245 e
227.48211 94.33161 -0.28666 0.15736 -0.94502 e
227.68141 67.28909 0.93197 -0.34508 -0.11112 e
230.46831 59.81573 -0.16133 0.29605 -0.94145 e
230.49369 39.10847 0.89727 -0.40718 0.17062 e
230.74357 32.37439 0.03475 -0.71443 -0.69884 e
230.98802 57.75729 0.74644 -0.61522 -0.25364 e
231.31573 91.24998 0.87215 -0.25625 -0.41677 e
231.44405 58.81155 -0.00729 0.95241 -0.30472 e
231.72951 80.74563 -0.40089 0.28991 -0.86905 e
233.93043 99.23105 0.97369 -0.22397 -0.04207 e
233.95464 50.06426 0.21660 0.79465 -0.56711 e
234.01326 98.96635 -0.31246 -0.87811 -0.36236 e
234.16018 69.03285 -0.69477 -0.51571 0.50133 e
235.15031 59.45696 0.28147 -0.39723 -0.87349 e
236.52663 37.07042 -0.35333 -0.89088 0.28547 e
237.05759 49.59052 0.54371 -0.83714 -0.05979 e
237.06517 43.98014 0.79347 -0.14571 -0.59091 e
237.86559 72.44134 -0.66297 0.43369 -0.61023 e
241.06618 44.72344 -0.85699 0.51532 0.00170 e
242.28152 42.89623 0.32767 -0.91490 0.23576 e
243.16605 91.71148 -0.41840 0.36671 -0.83094 e
243.61635 80.68669 0.77082 0.03676 -0.63599 e
244.17085 90.70344 0.21901 0.79000 0.57265 e
244.24705 65.87361 0.13336 0.34159 -0.93034 e
244.78068 66.59105 -0.32197 0.89302 -0.31442 e
245.05014 74.71487 0.47833 0.85700 -0.19172 e
245.13135 67.66787 -0.50970 0.48739 -0.70898 e
246.10955 69.75980 -0.21515 0.83514 -0.50621 e
246.46660 81.46183 0.82156 -0.57008 0.00735 e
247.07071 61.46314 0.03961 0.24089 -0.96975 e
247.40217 84.33460 0.93362 -0.16265 -0.31921 e
247.96468 39.59435 0.39765 0.86599 -0.30321 e
248.54904 47.54943 0.66939 0.43320 0.60353 e
248.60193 85.60457 -0.42342 -0.38223 -0.82135 e
249.16152 54.40419 -0.23730 0.11515 -0.96459 e
249.59068 82.97906 -0.73852 -0.37356 -0.56128 e
249.89806 30.37633 -0.41909 0.59770 -0.68346 e
250.16129 54.35103 0.61958 0.49320 -0.61064 e
250.18463 33.31287 -0.34689 0.03132 0.93738 e
252.19129 62.60485 -0.00960 -0.99960 0.02652 e
252.29617 55.91771 0.95407 -0.20305 0.22027 e
252.51640 35.51546 -0.89470 -0.19870 -0.40003 e
252.89562 97.60139 0.59916 0.01215 -0.80054 e
253.28055 92.02714 -0.92717 -0.04016 -0.37248 e
254.52904 45.67512 0.94734 0.31790 0.03840 e
255.73612 51.29080 0.43806 0.15807 -0.88494 e
256.69798 82.77175 0.70215 0.40131 -0.58816 e
256.71078 62.17473 -0.81763 0.53517 -0.21233 e
257.40118 66.98063 0.48987 0.85514 -0.16959 e
258.38374 24.53658 -0.04862 0.38998 -0.91954 e
258.83067 45.76907 0.63622 0.76835 0.06971 e
259.62088 92.35808 0.69491 0.71582 -0.06857 e
259.68883 44.51015 0.74276 -0.21829 0.63297 e
260.39613 81.96471 -0.88801 0.18944 -0.41899 e
260.51555 36.88767 -0.37063 -0.68572 -0.62643 e
260.55721 45.20586 -0.17711 -0.60001 -0.78014 e
262.13497 90.38287 0.53375 -0.81755 -0.21617 e
262.32618 39.35986 -0.81199 -0.58240 -0.03866 e
262.56779 51.57428 -0.39670 0.04699 -0.91674 e
263.43754 91.70590 -0.62642 0.23487 -0.74326 e
264.00291 64.65240 0.45962 -0.62074 -0.63516 e
264.00360 87.19325 -0.11315 -0.58334 -0.80431 e
264.04971 62.02807 -0.76715 0.34479 0.54094 e
266.01503 80.20340 -0.74868 -0.49423 0.44183 e
266.66672 60.30463 -0.51980 0.15907 -0.83935 e
268.15535 47.62236 -0.74251 0.48951 -0.45724 e
268.44820 64.63753 0.90003 0.29210 -0.32347 e
268.70557 87.07586 -0.42192 -0.74004 -0.52376 e
270.10130 69.93672 -0.74457 -0.59280 -0.30693 e
270.49882 72.93113 -0.83281 0.54906 -0.07047 e
270.99522 92.28009 0.82130 -0.22842 -0.52278 e
271.27690 32.49789 -0.51867 0.75140 0.40790 e
272.19907 69.40104 -0.59964 0.71563 -0.35820 e
272.22167 79.76889 -0.43864 -0.74069 -0.50890 e
273.58182 84.42402 -0.77659 0.33422 -0.53405 e
273.67426 42.23338 0.62254 -0.42625 0.65631 e
274.29860 45.49903 0.59856 -0.56398 0.56890 e
274.48059 66.39075 0.27059 0.00251 -0.96269 e
275.05655 48.43145 0.26314 -0.35996 0.89509 e
276.45070 65.21531 0.23998 0.06768 -0.96842 e
277.36221 34.73611 -0.65446 0.55308 0.51555 e
278.00434 64.34926 0.13766 0.83167 -0.53793 e
278.49443 43.51412 0.87069 -0.00605 -0.49180 e
278.79835 92.83395 0.99112 0.12980 0.02898 e
279.12148 67.49021 -0.81384 0.37254 -0.44596 e
280.10410 41.62521 -0.03647 0.82145 -0.56912 e
280.19779 54.36176 -0.78692 -0.30853 0.53439 e
281.73958 86.29071 0.45046 0.07443 -0.88969 e
282.82818 53.90892 -0.88856 -0.29266 -0.35328 e
283.13982 36.69313 0.42118 -0.18937 -0.88699 e
283.94074 30.11910 -0.70775 -0.69608 -0.12065 e
284.25005 29.89150 0.96264 0.25329 -0.09577 e
284.41369 58.37389 0.43524 0.26319 -0.86098 e
285.07516 93.80138 0.50037 0.81646 -0.28814 e
286.26524 58.33170 0.59454 0.66382 -0.45372 e
286.33316 88.60050 -0.01898 0.74994 -0.66123 e
286.71101 57.20214 0.68452 0.43837 -0.58247 e
287.03997 56.22259 -0.78014 0.31187 -0.54232 e
287.26072 71.27734 0.82604 0.36463 -0.42977 e
287.89826 89.27330 -0.75748 0.42074 -0.49920 e
287.92922 66.18117 -0.66878 -0.74282 -0.03099 e
287.94685 42.25789 -0.65930 0.04314 -0.75064 e
288.17582 95.97109 -0.63553 -0.77203 0.00787 e
289.43618 61.55045 -0.16605 0.76788 -0.61870 e
292.07873 39.13019 -0.02544 -0.79440 -0.60687 e
292.77455 93.52596 -0.92135 -0.37713 -0.09429 e
293.11669 63.73135 0.11738 -0.96086 -0.25092 e
293.59843 39.88655 -0.66636 -0.01932 -0.74538 e
294.45906 81.76283 0.21860 -0.01589 -0.97568 e
295.39092 93.83398 -0.85709 0.02984 -0.51430 e
295.54494 71.24885 -0.97320 0.22741 -0.03407 e
296.63309 64.50499 -0.79458 -0.09790 0.59922 e
297.03888 77.88791 0.14550 -0.70096 -0.69820 e
297.16028 60.30352 -0.10166 -0.81078 -0.57646 e
299.33625 85.47346 -0.82398 0.34854 0.44675 e
300.05930 43.58926 -0.40322 0.44759 -0.79817 e
300.44141 69.72993 -0.13525 -0.80563 -0.57678 e
300.49417 39.08259 -0.50448 -0.32762 0.79885 e
301.67972 70.75121 -0.08686 0.96915 -0.23068 e
301.69333 60.29471 -0.25102 -0.55293 -0.79452 e
302.19739 56.30496 -0.14008 0.35439 -0.92454 e
303.62336 96.14179 0.04177 0.94721 -0.31788 e
303.66575 63.50231 -0.65646 -0.60280 -0.45354 e
304.15909 87.88016 -0.23047 0.97184 -0.04908 e
304.34229 87.81442 0.54576 -0.74245 0.38848 e
305.02579 54.69580 -0.10004 -0.99476 0.02115 e
305.75005 98.05897 -0.01362 0.01471 -0.99980 e
305.84295 40.35128 -0.02336 -0.64424 0.76447 e
306.13227 47.90078 -0.94978 0.07828 0.30297 e
306.22376 89.18850 0.90938 0.28493 0.30305 e
306.84131 64.87961 0.38906 0.81946 -0.42085 e
307.09876 61.22380 0.79001 -0.17961 0.58620 e
307.38512 69.40077 0.88041 -0.26927 -0.39034 e
307.51902 63.81191 -0.73964 -0.66316 0.11463 e
307.80940 66.95186 0.36816 -0.80621 0.46313 e
307.91762 77.74770 -0.37637 0.90552 -0.19590 e
308.01524 49.92451 -0.97250 -0.13349 -0.19085 e
308.33425 99.11358 -0.78198 -0.51524 -0.35077 e
308.67730 83.32720 0.31115 0.94987 0.03053 e
308.74475 71.63730 0.30664 0.55373 -0.77418 e
309.98886 97.47204 -0.36365 0.92420 -0.11666 e
310.03283 89.76585 0.58539 0.20220 -0.78513 e
310.03859 57.55603 0.43864 0.63631 -0.63458 e
310.19134 60.47335 0.20678 -0.04277 -0.97745 e
311.10096 99.21428 0.91718 -0.21459 -0.33576 e
311.36613 70.68732 0.03851 0.45853 -0.88784 e
311.57250 30.13730 -0.74566 -0.25727 -0.61466 e
311.73953 70.97509 -0.61550 -0.78521 0.06788 e
314.14137 35.03057 0.43029 -0.20971 0.87800 e
314.30167 53.47246 -0.40000 0.78274 0.47679 e
314.43830 62.41797 -0.87524 -0.41469 0.24895 e
314.75615 48.89719 -0.30833 0.94800 0.07885 e
315.07936 66.73814 -0.70166 0.35581 -0.61731 e
315.27219 68.57702 0.09511 -0.28877 -0.95266 e
315.82359 54.28094 -0.35871 0.24391 0.90102 e
315.90654 39.21683 -0.78681 -0.52319 0.32742 e
316.33719 78.16419 -0.67077 -0.22140 -0.70785 e
316.44928 64.63671 -0.83054 -0.54829 -0.09791 e
316.95002 83.99189 -0.19462 -0.98080 -0.01277 e
317.24537 74.34774 0.34490 0.71209 -0.61153 e
317.35701 45.02557 -0.45558 0.46645 -0.75821 e
317.84189 51.73645 0.73349 0.06612 -0.67648 e
318.98955 80.69866 0.28552 -0.93462 -0.21204 e
319.23469 39.52652 -0.19771 -0.93341 0.29944 e
319.30791 72.31169 -0.94299 -0.24075 -0.22981 e
321.10826 90.77273 -0.86147 0.31594 0.39755 e
321.61309 78.57241 -0.30441 0.29885 -0.90445 e
321.83278 87.37716 0.20839 -0.60399 -0.76927 e
322.26241 73.83525 0.66080 0.48916 -0.56927 e
322.74758 47.06409 -0.95940 0.18107 0.21624 e
322.77617 59.67506 -0.20272 0.27464 -0.93994 e
323.34822 64.35945 0.60919 -0.10482 -0.78607 e
324.89609 44.59021 -0.94031 -0.06425 0.33421 e
324.89995 82.13747 -0.70814 -0.20229 -0.67647 e
324.97202 64.87248 -0.76672 0.37230 -0.52300 e
325.19408 59.80455 0.90543 -0.42443 0.00797 e
325.82573 88.29429 -0.53202 0.24651 0.81006 e
326.01785 92.54020 -0.52608 -0.14087 -0.83868 e
326.10117 70.18031 -0.89706 -0.39100 0.20592 e
326.39581 47.30587 0.66143 -0.73261 -0.16058 e
326.79340 99.94670 -0.90332 -0.25539 0.34465 e
327.04966 58.00686 -0.25383 0.95360 -0.16194 e
327.66932 81.59992 -0.37713 -0.79359 -0.47749 e
327.68353 78.97721 -0.55036 -0.79709 -0.24850 e
327.84797 75.11661 0.27934 0.13254 -0.95100 e
328.61703 53.22407 -0.17965 0.44481 -0.87742 e
329.96445 96.23444 -0.33995 0.80304 -0.48945 e
329.97554 90.80621 0.00628 0.99071 -0.13587 e
330.25426 49.71397 0.93279 -0.02952 0.35920 e
330.47994 84.48755 0.19911 -0.97692 -0.07735 e
330.60920 55.80942 0.10423 -0.13867 -0.98484 e
330.78065 69.07791 -0.33079 -0.49226 -0.80515 e
334.83013 99.04112 -0.12908 0.67717 0.72442 e
334.91837 58.64034 0.90777 -0.23538 0.34721 e
335.59298 75.12419 -0.28474 -0.93451 -0.21357 e
336.44509 41.58874 -0.97920 0.20262 0.01089 e
337.33981 53.95981 0.10497 -0.24331 0.96425 e
338.79260 57.67830 -0.74580 0.15085 -0.64886 e
338.84910 69.01923 -0.03660 0.78145 -0.62289 e
339.43860 35.97670 0.72786 0.56409 0.38992 e
340.35417 62.37872 0.85548 -0.11708 0.50444 e
340.99333 92.30649 0.88160 0.31315 0.35316 e
342.17283 70.71023 -0.17843 0.67221 -0.71854 e
342.49355 60.95369 0.82385 0.09039 -0.55955 e
344.06539 54.64114 0.22734 -0.74118 -0.63164 e
344.07671 43.83647 -0.01173 0.99983 -0.01388 e
344.54276 58.45645 0.93467 -0.05143 -0.35179 e
344.57088 58.82989 0.30614 -0.60731 -0.73312 e
344.57598 42.95650 0.15372 0.97985 0.12757 e
344.95784 62.94690 0.82442 -0.51375 -0.23747 e
345.62474 43.43894 -0.35070 -0.06548 -0.93420 e
345.74123 94.80973 0.14735 0.17567 -0.97336 e
345.97345 37.85031 -0.10435 0.98548 -0.13397 e
346.45051 69.97324 -0.23975 -0.50926 -0.82654 e
346.58287 64.43170 0.51978 0.43340 0.73620 e
346.59514 48.77671 -0.70988 -0.35288 -0.60955 e
348.20287 58.42086 -0.84417 0.44520 -0.29861 e
348.42701 50.49536 -0.90281 -0.36469 -0.22789 e
348.43806 66.63015 0.94206 -0.25871 0.21350 e
348.67277 51.27833 -0.33469 0.93853 0.08449 e
349.35876 94.03230 0.79034 -0.02394 -0.61220 e
349.35993 46.93656 -0.03835 -0.89426 -0.44590 e
349.44194 56.63496 -0.01764 -0.77790 -0.62814 e
350.45390 45.45258 -0.74827 0.45403 0.48369 e
350.74974 63.95327 0.35804 -0.21392 -0.90887 e
352.04704 63.55790 -0.27623 0.91960 -0.27934 e
352.57094 41.38370 0.45926 0.34369 0.81912 e
352.89921 37.90041 0.14075 0.98287 0.11896 e
353.45645 39.78015 0.91518 -0.06967 -0.39698 e
354.41457 89.82756 -0.85512 0.16749 -0.49064 e
354.54601 72.19479 -0.41595 -0.90826 -0.04518 e
356.45171 48.60184 -0.44795 -0.82061 -0.35488 e
357.69581 83.70588 -0.85254 0.12781 -0.50679 e
358.40675 56.50238 0.19281 0.97472 0.11289 e
360.98545 84.59555 -0.20349 0.96228 -0.18056 e
361.45632 94.23496 0.18729 0.92899 0.31921 e
361.97537 35.46834 -0.77577 -0.39040 0.49575 e
362.48253 67.51285 -0.03926 0.98523 0.16665 e
363.02157 63.59949 0.40564 0.83483 -0.37218 e
363.14071 71.41189 0.01574 0.93202 -0.36207 e
363.42545 89.80585 -0.98866 0.03367 0.14634 e
363.57983 61.28104 -0.51223 -0.20282 -0.83456 e
364.32542 61.92652 -0.29045 -0.02924 -0.95644 e
367.77495 89.73258 -0.84567 0.36357 -0.39071 e
370.92135 56.89725 0.86623 0.44966 -0.21784 e
370.93695 89.77887 -0.99519 0.00165 -0.09790 e
371.94929 83.41339 -0.64354 0.69525 -0.32013 e
372.16793 40.95489 0.72902 0.24509 -0.63911 e
372.23332 46.01904 -0.06442 -0.88912 -0.45312 e
372.43073 36.47463 0.86459 -0.34171 0.36841 e
373.43286 64.49098 -0.30017 -0.82443 -0.47980 e
374.86575 25.58186 -0.73020 -0.67243 0.12101 e
375.70593 49.80041 0.26233 -0.93215 0.24955 e
376.14652 38.10805 0.79601 -0.12428 0.59239 e
376.35866 49.22937 0.59428 0.80397 -0.02151 e
376.55404 38.69453 -0.41229 -0.29763 -0.86107 e
378.89371 56.85308 0.53194 -0.42513 -0.73233 e
383.25336 44.22467 -0.06064 0.81496 -0.57634 e
383.45357 61.14700 0.98987 0.13026 -0.05657 e
383.62390 44.82799 -0.31818 -0.77871 -0.54071 e
384.46159 56.51107 -0.45234 -0.37408 0.80960 e
384.85811 95.55975 -0.59886 0.66274 0.44960 e
385.00942 66.51792 -0.59602 0.31626 -0.73806 e
385.59926 35.21934 -0.25052 -0.70976 0.65839 e
387.21336 85.99225 -0.54042 0.37510 -0.75316 e
393.46000 87.48967 -0.16802 -0.79447 -0.58360 e
395.92027 33.32193 -0.97972 -0.06524 -0.18944 e
396.05281 73.88889 0.45536 0.63232 -0.62675 e
402.21547 52.60670 -0.54315 0.83285 -0.10655 e
409.23715 40.81447 0.85226 -0.48709 0.19080 e
409.35003 77.08278 0.21850 -0.31674 -0.92300 e
410.08898 51.10919 0.25424 0.65423 0.71228 e
413.98370 82.29293 0.39061 -0.44297 -0.80697 e
414.89903 81.71720 -0.17297 0.25390 -0.95164 e
420.95362 46.84721 0.10492 -0.64718 0.75508 e
422.30148 93.02805 -0.48178 0.19273 -0.85484 e
452.34840 50.33749 0.14808 0.53839 -0.82958 e
467.87140 31.43363 0.94819 0.20498 -0.24275 e
481.89195 53.58553 -0.54002 0.75924 -0.36323 e
507.22921 43.88328 -0.02922 0.97424 -0.22363 e
521.66207 40.63865 0.15571 -0.83339 -0.53029 e
527.57381 32.41475 -0.99069 0.11305 0.07580 e
555.47600 34.03185 -0.62739 -0.75228 0.20116 e
579.26188 47.12489 0.78087 0.21029 -0.58823 e
580.52465 39.73123 -0.71998 0.10009 -0.68674 e
595.03289 27.86478 0.26703 0.43142 0.86172 e
654.42080 51.99099 0.79337 -0.58775 -0.15848 e
662.76967 50.61627 0.37104 -0.04929 -0.92731 e
663.45366 35.93106 0.26162 0.89591 -0.35904 e
698.65316 66.18937 0.33292 -0.74556 -0.57732 e
709.59446 68.18532 0.92366 -0.29084 -0.24952 e
718.97373 34.53652 0.12691 -0.84044 0.52684 e
727.26290 44.10793 0.44513 0.33833 0.82909 e
767.96085 33.16235 -0.89981 -0.39556 -0.18406 e
769.08845 28.35946 0.18409 0.30006 0.93599 e
782.06959 67.73008 -0.40411 0.90015 -0.16256 e
801.76823 35.78096 0.15529 0.37146 -0.91537 e
802.20848 34.85753 -0.50653 0.44198 -0.74033 e
853.01590 38.41748 0.86492 0.36129 0.34840 e
925.04331 43.10752 -0.42472 0.38439 -0.81967 e
929.63666 55.75479 -0.09878 -0.77869 -0.61959 e
1012.49660 44.65208 -0.48326 -0.52215 0.70272 e
1025.51429 39.07920 -0.36232 -0.73978 -0.56696 e
1067.18831 47.48753 -0.99350 -0.07062 -0.08928 e
1221.70561 44.53464 0.17480 0.86699 -0.46666 e
1230.99816 46.32912 -0.62258 -0.33076 -0.70922 e
1250.42643 44.96609 0.82667 -0.21546 0.51981 e
1290.10171 40.33630 -0.17383 -0.94365 -0.28160 e
1349.94512 44.02378 -0.77949 -0.14887 -0.60846 e
1387.06902 40.40040 -0.78193 0.54401 0.30438 e
1521.95569 52.11901 -0.70157 -0.38639 -0.59875 e
1735.13912 39.53966 0.73247 0.18401 0.65546 e
1751.70494 41.53821 -0.76558 -0.64210 -0.03985 e
1772.09837 37.80249 -0.98457 0.16903 -0.04518 e
1823.00512 28.89135 0.06621 0.66259 -0.74605 e
1841.50694 41.66173 -0.71417 -0.68768 0.13060 e
1892.18112 56.55744 0.18485 0.71346 -0.67587 e
2224.05088 41.16019 0.95844 -0.13261 0.25262 e
2262.22916 42.12706 0.65481 0.17979 0.73410 e
2368.80754 57.65236 0.40487 0.22682 0.88579 e
2512.04387 40.82991 -0.94010 -0.27318 -0.20393 e
2974.49934 39.31291 0.15192 -0.62718 0.76392 e
3041.76242 24.56500 -0.96189 0.22006 -0.16227 e
3076.87132 45.02944 -0.65969 -0.13922 -0.73853 e
3157.29419 30.58530 0.35744 0.10981 0.92746 e
3426.65695 37.13241 -0.89980 -0.43614 -0.01230 e
3546.17633 26.74963 -0.67542 -0.13053 0.72579 e
3601.48306 40.69141 0.10187 -0.77191 -0.62752 e
3629.23460 43.94428 0.43621 -0.31125 -0.84430 e
3849.60119 36.59096 -0.81703 0.36822 0.44372 e
3951.79067 52.16669 0.32386 -0.31676 -0.89150 e
4095.28883 37.96801 -0.88753 -0.33367 0.31772 e
4157.29176 29.67011 0.32334 -0.92464 -0.20123 e
4192.16739 53.53081 0.05258 0.80344 0.59305 e
4283.46479 41.01741 0.33870 -0.03802 -0.94013 e
4419.78765 31.53493 -0.60123 0.17273 -0.78019 e
4641.88889 30.88118 0.64669 -0.76205 0.03271 e
4794.66554 25.14158 0.73263 -0.09143 0.67446 e
4845.20101 26.41229 -0.04445 0.93406 0.35433 e
5457.87235 46.78171 -0.09929 0.18831 -0.97708 e
6050.11799 24.18055 0.07485 -0.43991 0.89492 e
6280.82788 46.88140 0.80935 0.32354 0.49018 e
6617.79421 42.66293 0.91054 -0.11677 -0.39658 e
6834.01533 32.36023 -0.53494 0.82147 -0.19752 e
6903.82765 30.65938 -0.74503 0.32048 0.58499 e
7313.18140 52.53381 0.26773 -0.27000 -0.92489 e
8489.93502 33.68386 -0.94710 0.12151 0.29705 e
8768.18963 32.05554 0.74871 0.16469 0.64212 e
9553.47215 46.64689 -0.42087 -0.45965 -0.78204 e
9610.11878 37.03172 -0.53571 -0.06557 -0.84185 e
10176.96261 38.46028 0.07285 0.12479 -0.98950 e
10573.68832 35.41669 -0.58117 0.53761 -0.61091 e
11716.25180 32.59450 -0.16422 -0.98553 -0.04194 e
13328.55880 34.52004 0.94698 -0.31802 0.04575 e
14709.99997 26.54781 -0.40308 0.87705 -0.26135 e
