16.01574 78.01317 -0.27795 -0.89610 -0.34604 e
17.32848 83.21731 0.56567 -0.82463 -0.00169 e
17.47092 86.25839 -0.37902 0.03633 -0.92468 e
18.00955 73.49004 -0.43862 -0.89637 -0.06436 e
18.07309 46.77825 -0.12423 0.81424 -0.56708 e
18.21326 77.15526 0.45523 0.30292 -0.83726 e
18.29121 63.63968 0.81132 -0.07062 -0.58033 e
19.15422 86.56051 -0.22504 0.65315 -0.72302 e
19.53939 71.15794 0.70353 -0.43403 -0.56272 e
19.54093 79.96743 0.24864 0.54012 -0.80402 e
20.14139 69.05901 0.49642 0.44986 0.74243 e
20.85778 67.56347 -0.25137 0.22387 -0.94164 e
21.08379 76.30073 0.63480 -0.77256 -0.01325 e
21.14770 49.59976 -0.14734 0.86119 -0.48645 e
21.23565 41.73083 0.41013 0.70793 -0.57501 e
21.30220 93.36249 0.04760 -0.93123 0.36131 e
21.40453 91.49549 0.88388 -0.17281 -0.43461 e
21.63082 88.38720 0.37304 -0.37757 -0.84751 e
22.04011 40.78294 0.69524 0.59856 -0.39795 e
22.19330 98.76803 0.38575 -0.76170 -0.52058 e
22.34934 89.85240 -0.57179 -0.31805 -0.75624 e
22.56299 34.57772 -0.88906 -0.19587 -0.41378 e
22.65024 79.04373 0.87505 0.26814 -0.40296 e
22.75462 91.14246 -0.39899 0.24995 -0.88223 e
23.10878 99.62991 -0.74000 0.57484 -0.34923 e
23.46255 65.14947 0.51495 0.66905 -0.53591 e
23.59187 81.76600 -0.44338 0.88310 0.15342 e
23.61142 81.19829 -0.38121 0.37255 -0.84610 e
23.72164 87.45010 -0.97801 0.04491 -0.20367 e
23.83125 48.00996 0.95688 -0.04289 -0.28732 e
23.94190 74.33939 0.82939 0.25581 -0.49667 e
24.10549 92.31743 -0.37868 -0.68740 0.61974 e
24.42500 50.88301 0.10590 -0.45899 -0.88211 e
24.65091 89.45806 0.86940 -0.49287 0.03488 e
24.82413 93.20319 -0.35056 0.83612 0.42191 e
24.88848 67.44793 -0.58105 0.38333 0.71794 e
24.88880 30.00584 0.07721 -0.87219 -0.48303 e
25.10258 40.74125 -0.61510 0.30833 -0.72566 e
25.30072 87.13979 -0.10562 -0.98362 -0.14604 e
25.59876 63.41173 0.78252 -0.57975 -0.22703 e
25.74290 92.64290 -0.94118 -0.15134 0.30212 e
25.81226 76.88938 -0.85939 0.13496 -0.49319 e
26.03319 75.49187 -0.93368 -0.31811 0.16449 e
26.10857 52.31946 -0.31483 -0.94273 -0.11022 e
26.89703 81.54238 -0.67813 -0.55196 -0.48526 e
26.98630 95.90927 0.33962 0.57536 -0.74406 e
27.00782 99.59903 -0.98294 0.17671 -0.05106 e
27.19301 98.40287 0.32329 -0.83984 -0.43606 e
27.37118 96.44051 0.84628 -0.52229 0.10498 e
27.44381 22.98367 0.40469 -0.91319 -0.04808 e
27.45171 85.65269 0.63970 -0.58219 -0.50183 e
27.56155 69.65692 0.40057 0.57223 -0.71561 e
27.69197 66.25950 -0.52120 -0.51874 -0.67769 e
27.72390 97.77381 -0.65213 0.70006 -0.29094 e
28.02622 87.42535 0.49679 -0.71042 -0.49850 e
28.08552 70.36775 -0.87878 -0.04158 0.47542 e
28.17926 83.36928 -0.64029 -0.50388 -0.57977 e
28.30278 47.77146 -0.71946 0.50012 -0.48193 e
28.67245 45.56415 0.20718 -0.97687 0.05290 e
29.04354 99.75530 0.51366 -0.49907 -0.69791 e
29.10633 52.46726 0.25567 0.61466 -0.74621 e
29.17646 68.41165 -0.22436 0.63279 -0.74110 e
29.32706 30.07566 -0.45446 0.38877 -0.80145 e
29.60686 81.96269 0.09089 -0.92368 -0.37223 e
29.61850 40.66217 0.89415 -0.05803 -0.44400 e
29.79416 74.56800 -0.99117 -0.11935 -0.05776 e
29.85688 56.85234 -0.39252 0.85604 0.33634 e
29.94479 85.47483 0.40053 -0.05364 -0.91471 e
29.98737 96.45399 -0.65703 -0.33567 -0.67501 e
29.98866 96.78534 -0.08173 -0.34431 -0.93529 e
30.89891 90.45763 -0.14006 0.98648 0.08513 e
30.91267 88.61014 -0.21879 -0.92452 -0.31208 e
30.96232 44.75643 -0.23820 0.82282 -0.51597 e
30.96680 84.64220 -0.95165 0.07447 0.29801 e
31.05995 79.25330 -0.05713 -0.96594 -0.25239 e
31.09225 81.73014 -0.00083 -0.97109 -0.23873 e
31.11696 47.87591 0.96476 0.24077 -0.10615 e
31.21398 65.28758 -0.55859 -0.82889 -0.03017 e
31.21623 44.95499 -0.49157 -0.42864 0.75804 e
31.26437 47.12657 0.33443 0.86708 -0.36922 e
31.78230 43.86620 -0.03745 0.02197 -0.99906 e
32.13156 64.10865 0.14940 0.88841 -0.43406 e
32.14258 64.67675 0.03512 0.54430 -0.83816 e
32.16241 85.85948 0.08534 0.35332 -0.93160 e
32.34216 77.04699 0.28949 -0.49034 -0.82205 e
32.43885 67.54513 0.69105 -0.15267 0.70650 e
32.47369 63.12154 -0.14007 0.28488 -0.94827 e
32.97211 73.80278 -0.12149 -0.55371 -0.82380 e
33.07907 48.70467 -0.84657 0.11390 0.51994 e
33.08764 83.18381 0.27603 -0.75484 0.59500 e
33.11988 46.75975 0.24297 -0.43724 -0.86590 e
33.16379 96.93744 -0.22921 0.65427 -0.72069 e
33.17262 46.36506 0.27080 0.32604 -0.90574 e
33.23544 76.97907 0.06230 -0.16961 -0.98354 e
33.37194 46.27005 -0.44811 0.87688 -0.17402 e
33.37841 68.20203 0.74720 -0.66232 0.05497 e
33.42877 75.26442 -0.56376 0.82066 0.09323 e
33.96642 73.98079 0.97783 0.07112 -0.19696 e
34.75238 84.80098 0.19251 0.80550 -0.56045 e
34.76530 49.01960 0.87000 -0.00218 0.49304 e
35.61438 84.41542 -0.53587 0.20888 -0.81805 e
35.63820 69.51189 0.91341 -0.12943 0.38592 e
35.67614 40.08664 -0.77459 0.37719 0.50768 e
35.67711 83.06431 0.93888 -0.33247 -0.08926 e
35.76594 70.57270 -0.15074 0.76646 -0.62436 e
35.77555 89.71118 0.77396 -0.27328 -0.57123 e
36.15805 67.93097 0.91017 -0.35031 -0.22107 e
36.22342 74.68921 -0.63512 -0.16866 -0.75378 e
36.29866 91.36724 0.88107 0.14908 -0.44887 e
36.58158 62.65950 0.99951 0.00261 0.03133 e
36.78151 72.77707 -0.52757 0.34971 -0.77419 e
36.85183 61.54128 0.68678 -0.72226 -0.08168 e
37.04728 96.81212 -0.41123 0.26603 -0.87185 e
37.06048 41.67724 -0.24843 0.63141 -0.73458 e
37.25014 89.73689 -0.17440 -0.26315 -0.94886 e
37.25797 67.77743 -0.06254 -0.99653 0.05494 e
37.26496 73.01989 -0.73985 -0.67155 -0.04067 e
37.42594 40.95932 -0.29056 0.13593 -0.94715 e
37.85307 74.75408 0.70952 -0.12390 -0.69370 e
38.08969 86.86758 -0.52313 0.66212 -0.53660 e
38.09541 72.22841 -0.44576 -0.85289 -0.27179 e
38.17110 54.91443 -0.18383 -0.95623 -0.22766 e
38.22843 55.27475 0.12901 -0.67156 -0.72964 e
38.25765 72.10894 0.55305 -0.18512 -0.81232 e
38.33593 87.61770 -0.04782 0.20372 -0.97786 e
38.45008 70.96210 0.14655 0.28856 -0.94618 e
38.46488 88.43418 -0.99028 0.11259 -0.08169 e
38.69864 70.41878 -0.28733 -0.95741 0.02840 e
39.11098 60.51197 -0.09093 0.14982 -0.98452 e
39.18043 86.77272 -0.74278 -0.54238 0.39256 e
39.57427 85.59762 0.67702 0.38573 -0.62677 e
40.09008 95.44983 -0.07955 -0.99463 0.06615 e
40.28268 82.19148 0.00755 -0.80762 -0.58965 e
40.53147 97.62732 -0.29590 -0.95323 -0.06162 e
40.61505 99.44788 0.29475 0.44735 -0.84439 e
40.91559 59.95857 -0.29928 -0.91786 -0.26070 e
41.03282 72.82853 0.97178 -0.21132 0.10484 e
41.03775 53.37386 0.41780 0.74861 -0.51481 e
41.50400 90.81913 0.35102 -0.56818 -0.74429 e
41.54473 55.24822 -0.06249 -0.59788 -0.79914 e
41.82360 86.24470 0.08260 -0.51037 0.85598 e
41.92323 93.36777 -0.31738 -0.46835 -0.82458 e
41.94138 90.57666 -0.25165 -0.11598 -0.96084 e
42.28884 97.06834 0.85526 -0.50990 0.09238 e
42.33203 41.41400 0.56102 -0.64802 -0.51509 e
42.34151 41.15346 0.15418 -0.90150 0.40439 e
42.40344 89.88688 -0.70818 -0.16619 -0.68619 e
42.40687 95.82906 0.14544 0.37951 -0.91369 e
42.48351 59.03487 -0.02734 0.68687 0.72626 e
43.28885 75.89817 0.40793 -0.70846 0.57592 e
43.31792 73.22240 0.45276 -0.86188 0.22841 e
43.59771 83.86778 0.88476 0.09517 0.45622 e
43.99083 37.09742 -0.40204 -0.90040 -0.16626 e
44.16616 60.62867 0.30390 -0.86329 -0.40296 e
44.36116 86.45394 -0.65619 0.71771 0.23304 e
44.59214 57.68266 -0.55471 -0.82475 -0.10999 e
44.60660 50.89854 -0.23554 0.21392 -0.94803 e
44.84100 88.38098 -0.24316 0.63770 -0.73090 e
45.35044 86.69112 0.90468 0.39383 -0.16264 e
45.55338 49.02993 0.55340 0.60960 -0.56757 e
45.58281 86.54578 0.79807 0.60162 -0.03362 e
45.63396 51.80525 -0.34781 0.65715 -0.66872 e
45.65333 52.12043 0.23716 0.50017 -0.83282 e
45.79707 79.12439 -0.77877 -0.24971 -0.57546 e
45.82856 62.82952 0.61624 0.24637 0.74803 e
45.90408 93.79782 -0.31447 -0.54878 -0.77456 e
46.24855 84.61569 -0.65785 -0.75262 -0.02810 e
46.33903 71.19413 0.99008 0.13087 0.05118 e
46.66077 44.78933 0.79445 -0.58943 -0.14635 e
46.72671 45.24903 -0.98132 -0.05909 -0.18309 e
46.84594 86.51217 0.72908 0.58685 -0.35222 e
46.87996 67.59927 0.77204 -0.09629 -0.62824 e
46.95778 68.23949 0.12440 0.26393 -0.95649 e
46.98002 44.25472 -0.88795 0.26624 -0.37506 e
47.05273 51.63705 0.49841 0.71882 -0.48465 e
47.16360 95.38585 -0.27437 -0.74249 -0.61109 e
47.24551 92.67768 -0.87186 -0.42072 -0.25069 e
47.30976 74.87040 0.42582 0.64872 -0.63075 e
47.39945 85.21322 -0.90056 -0.02375 -0.43408 e
47.66126 87.40904 0.60430 0.28695 -0.74330 e
48.06917 81.53508 -0.84622 -0.21591 -0.48712 e
48.06932 63.09344 -0.14036 0.63855 -0.75667 e
48.08565 42.07403 -0.71825 -0.51320 0.46984 e
48.17287 49.77485 0.55912 -0.80910 0.18093 e
48.33089 95.04714 -0.67583 0.29841 -0.67395 e
48.38670 56.15904 -0.13652 -0.98294 0.12324 e
48.41783 82.25754 0.50544 0.65328 -0.56370 e
48.52369 72.55874 0.27113 -0.67440 -0.68679 e
48.55221 64.50520 -0.78725 -0.22254 -0.57507 e
48.62896 52.55707 0.51233 -0.78545 -0.34727 e
48.64519 95.81271 -0.68139 -0.73067 0.04279 e
48.68471 53.19178 0.54263 -0.81483 -0.20397 e
48.84935 53.27431 0.60279 -0.70501 -0.37364 e
49.34467 47.96989 0.73213 -0.25975 -0.62970 e
49.43453 95.14244 -0.26353 0.85770 -0.44149 e
49.48493 39.36055 -0.19116 -0.22752 -0.95482 e
49.60253 87.83927 0.20433 0.96413 0.16943 e
49.75483 64.09517 -0.37662 -0.12568 -0.91780 e
49.77399 83.90148 0.91388 -0.34405 0.21554 e
49.81287 76.38227 0.45847 -0.75403 -0.47036 e
49.96747 72.86477 0.83531 0.39084 -0.38666 e
50.21515 94.55844 0.15354 -0.02314 -0.98787 e
50.25955 81.20827 -0.61397 -0.69429 -0.37550 e
50.51831 67.23303 0.39667 -0.88217 0.25382 e
50.55334 94.85668 -0.82549 -0.19067 0.53124 e
50.59802 92.00379 0.61603 -0.75084 0.23823 e
50.64965 67.40753 0.19355 -0.95581 0.22127 e
50.66122 66.15759 0.63535 -0.69624 -0.33403 e
50.78760 87.55657 -0.87935 -0.26076 0.39843 e
50.86423 86.13722 -0.20914 0.26463 -0.94140 e
51.33414 77.35858 0.89533 0.27965 -0.34667 e
51.40249 83.25039 0.26552 -0.65234 -0.70989 e
51.64260 79.61838 -0.48270 0.29391 -0.82500 e
52.02128 80.42168 0.12263 0.97389 -0.19103 e
52.23680 66.30194 -0.16631 0.90537 0.39069 e
52.30595 83.62266 0.34626 -0.81964 -0.45639 e
52.40195 56.38567 -0.07433 0.97380 0.21490 e
52.75946 69.46634 -0.13001 -0.30307 -0.94406 e
52.82064 28.36573 0.58176 0.80776 0.09525 e
52.96163 66.82396 -0.17957 -0.69212 -0.69909 e
52.99259 70.31425 -0.72963 -0.32275 -0.60289 e
53.01380 64.06979 0.97831 0.18617 -0.09079 e
53.33161 77.01821 0.65820 -0.62859 -0.41431 e
53.42250 67.70358 0.14734 0.85373 -0.49943 e
53.54018 64.22746 0.16549 0.62377 -0.76389 e
53.54054 70.59947 -0.28522 0.95817 -0.02370 e
53.95678 85.08814 0.63117 -0.20603 -0.74778 e
54.45247 53.91312 0.42635 -0.88887 -0.16773 e
54.46779 91.20446 -0.38908 -0.91876 -0.06708 e
54.65033 58.37282 0.24677 0.68937 -0.68109 e
54.80489 95.88635 0.71621 0.51689 0.46890 e
54.93117 66.39928 -0.48009 0.67674 0.55815 e
54.93286 56.18515 0.01443 -0.59779 0.80152 e
54.94357 68.72241 -0.55445 -0.07009 -0.82926 e
54.95853 89.06456 -0.18946 0.06635 -0.97964 e
54.97201 48.69167 0.39183 0.79169 0.46871 e
55.12677 98.55196 0.74725 -0.07526 -0.66027 e
55.19560 97.40015 -0.27654 0.78781 0.55034 e
55.21080 64.52234 -0.96722 0.25280 0.02403 e
55.52339 96.48087 0.48719 0.65701 0.57531 e
55.76078 71.49319 0.98834 0.09773 0.11672 e
55.79883 84.99553 0.62404 -0.31867 -0.71346 e
55.99810 91.82088 -0.35115 -0.88381 -0.30915 e
56.01076 89.04967 0.22075 0.90056 -0.37452 e
56.36235 42.07816 0.63684 0.63141 -0.44245 e
57.08356 82.08231 0.90076 -0.19218 -0.38949 e
57.17780 41.52325 0.83827 -0.06781 0.54102 e
57.36286 96.40306 -0.17356 0.80472 -0.56772 e
57.57039 96.40064 -0.64437 0.59977 0.47440 e
57.81032 66.29839 0.79893 -0.19114 0.57025 e
58.17786 86.47550 -0.37316 0.53116 -0.76067 e
58.42653 32.23110 0.28550 0.24285 -0.92710 e
58.96971 78.49351 0.64959 -0.76007 0.01815 e
59.12219 62.51641 0.46368 0.64519 -0.60723 e
59.19259 65.01744 -0.69278 -0.34432 -0.63364 e
59.38491 78.85718 -0.65755 -0.74257 -0.12735 e
59.69882 37.30297 -0.83261 -0.55375 0.01057 e
59.74558 32.63283 -0.02660 -0.14650 -0.98885 e
59.83126 91.85018 -0.51224 -0.50378 -0.69557 e
59.83311 98.94056 -0.40393 0.74789 0.52679 e
59.98829 55.02945 0.11274 0.51180 -0.85167 e
60.52610 73.61365 -0.24226 -0.01511 -0.97009 e
60.77448 78.78706 0.57956 0.35312 -0.73445 e
60.81401 68.23118 0.07562 -0.81075 0.58048 e
60.89440 49.25142 0.54210 0.22815 -0.80875 e
61.60940 96.39963 0.17673 -0.83505 -0.52102 e
61.84412 96.23963 -0.59024 -0.45785 -0.66482 e
62.06352 65.80888 -0.80492 -0.56846 0.17014 e
62.65583 91.07289 0.33325 -0.04210 -0.94190 e
62.87118 66.42186 -0.91977 -0.34297 -0.19077 e
62.88039 88.76578 0.88413 0.04534 0.46503 e
62.91113 74.26404 0.82268 -0.32172 0.46872 e
62.94111 83.79141 -0.25856 -0.83793 0.48064 e
62.96120 43.94947 0.38143 -0.74935 0.54128 e
62.96988 29.27148 -0.51601 -0.06625 0.85402 e
62.97334 39.93506 -0.40436 -0.89793 0.17384 e
63.76255 91.23650 -0.96668 0.25059 -0.05233 e
63.79812 86.20960 0.69837 0.63156 -0.33677 e
63.89312 93.58680 0.40278 0.02335 0.91500 e
63.94724 63.01681 -0.25572 0.38301 -0.88764 e
64.88495 56.86264 -0.00890 0.19880 -0.98000 e
65.04566 49.33538 0.39620 0.29572 0.86924 e
65.59336 98.14081 0.63533 -0.67663 0.37220 e
65.68000 77.31160 -0.07047 -0.98676 -0.14606 e
65.87990 77.80862 0.15604 -0.98516 0.07145 e
66.19371 42.03490 0.38252 -0.69564 -0.60808 e
66.58382 59.20341 0.74578 -0.13584 -0.65220 e
66.75921 72.47036 -0.79416 0.49141 -0.35752 e
66.98616 98.32710 -0.45249 -0.46321 -0.76203 e
67.42575 97.13181 0.49932 0.80373 -0.32357 e
67.72020 58.99492 0.13229 0.71180 -0.68981 e
67.96322 63.48073 0.09149 -0.16283 -0.98240 e
68.48337 71.54720 -0.06821 0.17435 -0.98232 e
68.54828 98.49773 -0.10590 -0.87232 0.47734 e
68.58554 56.26598 0.96022 0.23035 0.15782 e
68.77006 51.07212 -0.47980 0.65315 0.58582 e
69.45137 96.62636 0.09436 -0.00121 -0.99554 e
70.54868 69.27750 0.97214 0.11790 0.20257 e
70.80893 84.24549 0.22741 0.79371 -0.56418 e
71.01115 62.84919 0.60462 -0.58669 0.53873 e
71.19874 34.66970 -0.33113 0.38135 0.86309 e
71.31818 85.92488 -0.59035 0.33111 -0.73610 e
71.67336 85.57837 -0.99690 0.07172 -0.03227 e
71.69753 79.81588 -0.04114 -0.73110 -0.68103 e
71.73656 36.42571 0.89553 -0.43526 0.09259 e
71.79683 68.42066 -0.40245 -0.91484 0.03311 e
71.89694 61.41268 0.96101 -0.22597 -0.15938 e
72.03347 51.87683 0.25305 -0.35315 -0.90069 e
72.17685 71.15945 -0.96426 0.11645 -0.23798 e
72.52677 52.96198 0.47851 0.54546 -0.68811 e
73.20750 38.43023 -0.18736 -0.91448 0.35863 e
73.60495 37.95868 0.83181 0.10164 0.54567 e
73.82591 73.84350 -0.92157 -0.03222 -0.38687 e
73.83376 85.63995 -0.21354 0.03158 -0.97642 e
74.23831 87.29011 0.53450 -0.38322 0.75330 e
74.35497 57.17541 -0.75446 -0.08541 -0.65077 e
74.41274 74.47435 0.01385 -0.74755 -0.66406 e
74.42943 93.21931 0.99139 0.11258 -0.06685 e
74.67633 91.16482 -0.27550 0.31516 -0.90817 e
74.79651 98.14086 -0.28629 -0.70348 0.65051 e
74.88598 59.65939 0.71800 -0.10608 -0.68791 e
75.24470 48.01221 -0.04227 -0.72080 -0.69185 e
75.37966 74.18909 0.53242 -0.09684 -0.84092 e
75.42192 65.50454 -0.38894 0.05623 -0.91955 e
75.42802 75.65379 0.54914 0.41222 -0.72699 e
75.70654 67.99387 -0.24343 -0.73632 -0.63133 e
75.97966 90.69474 0.37566 0.58024 0.72263 e
76.04813 81.64099 0.88883 -0.19471 -0.41482 e
76.18886 99.44461 0.22889 -0.85422 0.46681 e
77.06832 34.83291 -0.74715 0.14470 -0.64872 e
77.71518 47.55159 -0.74133 0.66922 -0.05068 e
77.75347 80.90628 -0.38784 0.25605 -0.88545 e
78.53476 81.87341 0.42882 0.89199 -0.14307 e
79.27169 44.98711 -0.55610 0.68171 0.47542 e
79.53868 69.00345 -0.98238 -0.18311 0.03756 e
79.60769 71.68906 0.27159 -0.84068 -0.46851 e
79.63179 67.60949 -0.26931 0.84073 0.46972 e
80.01906 71.03090 0.28737 0.84387 -0.45310 e
80.24389 49.43698 -0.61479 0.78684 0.05400 e
80.39103 36.68033 0.50353 0.33386 -0.79687 e
80.48831 73.48028 0.82183 0.32117 0.47058 e
80.49448 83.63858 -0.68223 0.67921 -0.27063 e
80.64398 68.13375 -0.25703 -0.30092 -0.91836 e
80.83941 59.68509 -0.38430 -0.80450 -0.45286 e
80.92398 56.79496 -0.67737 -0.73556 0.01066 e
81.19414 45.07806 0.76983 0.62998 -0.10246 e
81.22560 72.59488 0.76815 0.33175 -0.54762 e
81.86573 68.64870 0.12484 0.77473 -0.61984 e
82.30545 30.75691 -0.45250 0.89176 -0.00058 e
82.62591 86.52932 -0.70379 0.32361 0.63242 e
83.78690 99.37468 -0.03764 -0.02804 -0.99890 e
83.89450 71.99014 0.97063 0.20913 -0.11895 e
84.14990 76.13229 0.82781 0.20971 0.52033 e
84.20368 36.56967 -0.87510 0.33730 0.34703 e
85.55863 60.58951 -0.41121 0.84543 -0.34082 e
85.73372 47.46285 -0.24519 -0.50832 -0.82552 e
86.47678 53.86658 -0.19831 0.91534 0.35047 e
86.48022 78.22577 -0.07588 -0.64812 -0.75775 e
86.68299 73.00467 0.14559 -0.78259 -0.60527 e
86.72026 76.22839 -0.41182 -0.47767 -0.77604 e
87.95433 63.80900 0.76370 0.16748 -0.62347 e
88.00677 85.84654 0.49403 0.86828 0.04504 e
88.32318 44.68419 -0.35454 -0.32060 -0.87836 e
88.57488 77.21439 -0.59020 -0.80574 -0.04941 e
88.63776 80.80087 0.26549 -0.53126 0.80454 e
88.77971 74.32373 -0.65809 0.69434 -0.29122 e
88.85181 42.69479 0.69768 0.65220 -0.29644 e
89.06259 71.78156 -0.81166 -0.57909 0.07660 e
89.19000 89.93064 0.18550 -0.12093 -0.97518 e
89.95635 96.43286 0.11330 0.24235 -0.96355 e
90.26112 43.77696 0.97215 -0.21719 0.08810 e
90.61994 66.31640 -0.65182 0.64085 0.40550 e
91.16017 64.78978 -0.14971 0.97692 0.15234 e
91.36734 66.83196 0.61573 0.78778 0.01672 e
91.52681 69.79086 -0.00883 0.99623 0.08628 e
91.72650 94.67700 0.51162 0.68513 -0.51851 e
91.90265 64.34720 0.12700 -0.70011 -0.70265 e
92.34420 39.55885 0.08312 0.83987 -0.53638 e
92.68357 79.66714 0.96142 0.22881 0.15271 e
92.90877 58.82761 0.44358 -0.24025 -0.86343 e
93.06126 90.56885 0.21712 -0.35854 -0.90792 e
93.61272 26.24908 0.01794 0.79539 0.60583 e
95.29791 90.62695 0.23448 0.95959 -0.15557 e
95.49265 59.85576 0.79083 0.57990 -0.19573 e
96.04548 42.35259 -0.94913 0.17969 -0.25858 e
96.15818 79.38984 -0.01093 -0.95052 -0.31046 e
96.20846 96.26841 -0.75169 -0.39120 -0.53097 e
96.34227 95.67284 -0.88907 0.18967 -0.41663 e
96.35676 90.16735 -0.68695 -0.70995 -0.15515 e
96.59444 74.24991 0.69814 0.23344 -0.67684 e
96.82696 52.34895 0.04095 0.26995 -0.96200 e
96.93926 72.21672 -0.84302 -0.50607 -0.18222 e
97.76843 77.55209 0.76198 -0.63725 0.11534 e
97.85246 82.39265 -0.10086 -0.68372 0.72274 e
98.12997 95.87581 0.24489 -0.96292 0.11317 e
98.27767 62.47191 -0.00734 0.86477 0.50211 e
98.43006 98.66868 0.77263 0.06240 -0.63179 e
98.66594 86.88327 -0.77024 -0.42591 0.47469 e
98.76364 89.08168 0.01061 -0.68060 -0.73258 e
99.22250 67.51295 -0.21662 -0.62552 -0.74953 e
99.71062 57.39873 -0.94480 -0.24946 0.21242 e
100.16419 88.89530 0.74773 0.10184 -0.65614 e
101.16698 40.33568 0.36857 0.56116 -0.74111 e
101.34311 85.58900 0.91509 -0.12800 -0.38240 e
101.99238 52.07066 0.72172 -0.62394 -0.29971 e
102.22574 73.03053 0.24201 -0.69345 -0.67864 e
102.66803 44.24033 0.52037 -0.06566 -0.85141 e
102.77738 46.19478 0.98482 0.16694 0.04752 e
103.00583 55.86460 -0.12720 0.76768 -0.62809 e
103.07328 56.00366 -0.81335 -0.35489 -0.46099 e
103.60515 62.02591 0.46135 0.43628 0.77254 e
103.73475 68.99861 0.80092 -0.51395 -0.30721 e
103.84007 98.01735 0.03963 -0.99758 -0.05718 e
103.91050 44.12999 0.24258 -0.18763 -0.95182 e
104.89992 64.80312 0.20012 0.29047 -0.93572 e
105.18914 59.83256 0.45066 -0.73220 -0.51067 e
105.32820 33.18415 0.96466 -0.07130 0.25369 e
105.61524 45.56225 0.28891 -0.68944 -0.66423 e
106.01299 93.59517 0.39814 -0.51448 -0.75947 e
106.29315 50.60792 -0.84182 -0.53544 0.06811 e
106.58955 63.85676 0.95659 0.06468 -0.28416 e
106.87031 90.35820 -0.39376 0.71672 -0.57555 e
107.04700 75.25194 0.45505 0.83877 -0.29899 e
107.05790 67.07399 -0.57834 0.72744 -0.36925 e
108.11172 76.96834 -0.15874 -0.51569 -0.84194 e
108.20490 57.15637 0.14447 0.15214 -0.97774 e
108.75894 74.62796 0.51133 0.38857 -0.76652 e
109.15793 85.66271 -0.30984 0.07902 -0.94750 e
109.88669 61.94637 0.39126 0.63132 -0.66959 e
110.24503 63.47465 -0.18383 -0.97841 0.09442 e
110.30050 89.61395 -0.85988 -0.36859 0.35319 e
111.94327 39.77387 -0.30796 0.62161 -0.72025 e
112.17080 43.51758 -0.38176 -0.45893 -0.80227 e
112.90631 59.84340 -0.59287 0.77553 -0.21693 e
113.02491 93.72548 -0.83076 0.35766 0.42652 e
113.23581 48.70631 -0.24081 -0.93461 -0.26176 e
113.92405 45.12946 -0.38384 0.10599 -0.91730 e
114.85140 26.15347 -0.29271 -0.78709 -0.54296 e
115.43329 68.00443 0.86405 0.45564 -0.21402 e
115.77207 88.55507 -0.24558 -0.96381 0.10368 e
115.87859 85.54092 0.24108 0.65969 -0.71182 e
116.79721 56.01059 -0.44711 0.67851 -0.58286 e
118.44530 58.24033 -0.75802 -0.63127 -0.16403 e
118.98814 35.64921 -0.22130 -0.65253 -0.72473 e
119.11738 43.79606 -0.30404 0.35993 0.88205 e
120.60648 73.24048 -0.73235 0.41568 -0.53933 e
120.78887 99.97041 0.34188 -0.54872 -0.76290 e
121.40606 31.87883 -0.66245 0.39445 0.63685 e
121.53823 40.94327 0.12908 -0.33530 -0.93323 e
121.77638 73.66200 -0.79978 0.37443 -0.46921 e
123.08919 73.37292 0.22947 -0.43333 -0.87153 e
123.35688 80.45229 -0.64812 -0.76110 0.02584 e
123.37497 46.07545 -0.91583 -0.29347 -0.27410 e
124.23688 58.73696 -0.70016 -0.23669 -0.67361 e
125.13158 62.90021 0.70321 0.13437 0.69817 e
125.82081 81.26485 0.70547 -0.56586 0.42674 e
126.09822 62.05803 -0.57732 -0.77038 -0.27058 e
126.28111 69.72922 -0.65379 -0.68451 -0.32250 e
126.34511 96.49826 0.26951 -0.33992 -0.90101 e
126.49128 43.07886 -0.40622 -0.90778 0.10448 e
126.56601 29.12807 0.18522 -0.36364 -0.91294 e
126.82777 54.72906 -0.49565 -0.66424 -0.55957 e
126.93328 95.31419 0.17502 0.95654 -0.23322 e
127.60697 88.64354 -0.25232 -0.29772 -0.92070 e
127.89679 59.40175 0.14334 -0.97434 0.17356 e
128.13821 59.48256 0.65157 0.14552 0.74450 e
128.70810 81.75422 -0.98012 -0.16366 -0.11217 e
129.22410 90.70470 0.86078 0.01001 0.50889 e
129.36170 64.62468 0.08581 0.71178 0.69714 e
129.51260 61.97429 0.33567 0.93511 -0.11358 e
129.58322 74.49139 -0.01250 0.07501 -0.99710 e
129.63100 58.16199 0.52163 -0.19803 -0.82987 e
130.28503 48.69427 0.44746 -0.77532 -0.44571 e
130.41630 57.15108 -0.96506 -0.11113 0.23730 e
131.42402 55.52792 -0.92434 0.36246 -0.11922 e
131.60802 47.60364 -0.30879 -0.61117 -0.72878 e
131.77556 97.77442 0.05571 -0.55030 -0.83311 e
131.86357 72.06405 -0.84707 -0.48661 0.21371 e
131.87419 84.24020 0.37300 -0.85830 -0.35242 e
131.98356 46.38674 -0.16304 -0.24309 0.95620 e
132.17637 53.73238 -0.30399 0.74012 -0.59985 e
132.39941 33.50802 -0.92861 -0.36761 0.05039 e
132.44393 52.10030 0.58989 -0.18191 -0.78673 e
132.59060 32.79347 -0.24520 -0.96793 -0.05459 e
132.89653 58.93498 -0.94962 -0.30517 -0.07134 e
132.99150 41.65024 -0.13346 -0.05349 -0.98961 e
133.27176 74.36422 -0.83118 0.17270 -0.52850 e
133.64195 90.74674 0.23314 -0.08635 -0.96860 e
134.51284 55.84304 -0.87774 0.35416 0.32272 e
136.20617 99.57044 0.98296 0.04409 0.17846 e
136.39180 52.65487 0.68813 -0.27395 -0.67188 e
136.57157 85.35440 -0.07568 0.28759 -0.95476 e
136.96960 41.93127 0.83186 0.48289 -0.27353 e
137.21980 47.68451 -0.67968 -0.26991 -0.68204 e
137.40333 34.45003 0.98604 0.15602 -0.05813 e
137.72748 44.15844 -0.35325 0.75740 -0.54915 e
137.94888 82.41856 -0.47144 -0.87870 0.07505 e
138.14168 84.07768 -0.26049 0.59619 -0.75941 e
138.83787 56.81399 -0.64333 -0.19420 -0.74055 e
139.41507 63.99324 0.61892 0.59340 0.51460 e
139.69485 71.61683 0.96007 -0.17796 0.21585 e
139.88777 47.60219 0.32575 0.26507 -0.90754 e
139.93760 73.92214 -0.39599 0.58659 -0.70647 e
140.06773 48.35149 -0.77145 0.36858 -0.51866 e
140.06875 51.67500 -0.96030 0.14522 0.23819 e
140.08182 41.48527 0.22433 0.22635 -0.94786 e
141.07829 42.39302 -0.39535 0.02981 -0.91805 e
141.85473 95.32578 0.98089 0.13520 0.13989 e
141.92837 95.62071 0.39546 -0.57457 -0.71658 e
142.79635 37.09815 -0.84960 0.46660 0.24590 e
142.95885 61.84017 0.16596 -0.87831 -0.44837 e
143.91718 92.71025 0.94282 0.24178 -0.22943 e
144.17554 90.19125 0.56943 0.63583 -0.52104 e
145.09963 56.05540 -0.94504 -0.12505 0.30210 e
145.95955 85.37851 0.97653 -0.17944 0.11913 e
146.19727 95.53869 -0.74831 0.66100 0.05573 e
146.30573 61.63443 -0.02728 0.98495 -0.17066 e
146.67349 62.34231 0.89854 0.10140 -0.42701 e
146.98061 42.24863 0.48936 -0.59918 -0.63365 e
147.48425 66.18724 0.60689 0.77146 -0.19114 e
148.13261 94.29478 0.94347 0.32241 0.07687 e
148.67939 43.52051 0.14762 0.98460 0.09369 e
148.90564 57.82953 0.85465 -0.51917 0.00627 e
149.46257 90.66336 -0.70834 -0.69630 0.11583 e
149.68547 66.29677 -0.66828 0.47395 -0.57339 e
150.72039 75.88227 -0.21705 -0.45467 -0.86381 e
152.49230 95.01488 -0.04268 -0.87184 -0.48794 e
153.16987 41.81095 0.98569 -0.10852 0.12900 e
153.17494 74.34025 0.65580 -0.45522 -0.60225 e
153.55018 89.43694 -0.90978 0.41510 0.00042 e
153.64485 47.14438 0.49135 -0.87095 0.00470 e
155.03095 68.04853 -0.15259 0.42902 -0.89031 e
155.14762 60.83187 0.37350 0.84157 0.39020 e
155.50739 63.37216 -0.77585 0.20195 -0.59773 e
155.53744 62.07661 -0.62192 -0.48050 0.61833 e
156.33253 39.91441 -0.87201 -0.00804 0.48943 e
156.45332 87.08298 -0.18444 0.69897 -0.69095 e
156.55671 88.60498 0.91918 -0.13527 -0.36987 e
156.64457 41.26204 -0.36151 0.58867 0.72303 e
156.82138 63.48757 0.87585 -0.37565 -0.30293 e
156.85159 83.63622 -0.24062 -0.05249 -0.96920 e
156.93876 49.51275 -0.95455 -0.06713 0.29041 e
157.77583 92.43328 0.99648 -0.01765 -0.08200 e
157.91717 73.04314 -0.43464 -0.66574 0.60653 e
157.93370 70.89545 -0.62600 0.03364 -0.77910 e
158.18841 90.19826 -0.09312 0.67281 -0.73393 e
158.31931 46.48904 -0.47599 -0.78969 -0.38706 e
158.75823 49.57232 0.73311 -0.64749 -0.20808 e
158.89853 52.37349 0.49215 0.04407 -0.86940 e
159.10422 56.85685 0.31658 0.69251 0.64824 e
159.82692 67.59983 0.06823 0.00113 -0.99767 e
159.84983 54.73537 0.20740 -0.90051 -0.38220 e
159.89028 40.85362 0.37626 -0.72470 -0.57727 e
160.05417 27.43676 -0.68603 -0.63056 -0.36299 e
160.39862 93.38241 0.75182 0.47554 -0.45675 e
160.83704 80.91726 -0.45382 -0.28734 -0.84349 e
160.93032 73.44554 -0.18400 0.93084 0.31574 e
161.10125 34.36306 -0.02300 0.03165 -0.99923 e
161.67169 80.19929 0.93233 0.01069 -0.36144 e
162.44629 63.42009 0.18327 -0.98056 0.07008 e
162.52888 33.38196 0.32150 0.75647 -0.56955 e
162.80252 36.30095 0.97313 -0.15656 0.16884 e
162.87673 75.57160 -0.07823 -0.01503 -0.99682 e
163.06948 94.38562 0.08487 -0.99374 0.07267 e
163.37391 56.86423 -0.12961 -0.95153 -0.27890 e
163.71438 78.20835 0.90208 0.05692 -0.42779 e
164.00579 58.03948 0.96349 -0.26769 0.00588 e
164.36307 49.65914 -0.18821 -0.90416 -0.38350 e
165.72992 66.03182 0.26271 0.26765 -0.92701 e
166.11919 76.01550 -0.06301 0.64730 -0.75963 e
166.23922 50.09420 0.49179 0.80454 0.33295 e
166.58427 92.86343 0.93800 -0.26404 -0.22460 e
166.99854 48.73012 0.56861 0.75423 -0.32836 e
167.42174 55.63792 0.56791 0.21666 -0.79406 e
167.44204 77.51337 -0.62408 -0.62298 0.47161 e
167.83115 79.35235 -0.30933 -0.22837 -0.92312 e
168.05394 32.46229 -0.42829 0.88288 -0.19260 e
168.06677 86.16834 0.17395 0.89759 -0.40505 e
168.08745 78.30638 -0.37631 -0.08673 0.92243 e
168.29813 74.46949 0.25641 -0.26938 -0.92827 e
168.97383 48.29848 0.19777 -0.97624 0.08857 e
170.03565 73.72498 -0.13123 0.06186 -0.98942 e
170.84237 74.23988 -0.00295 0.90382 -0.42791 e
170.95834 90.18167 -0.83712 0.50984 -0.19822 e
171.45301 44.86646 0.81606 -0.40384 0.41348 e
171.60986 37.96883 -0.95608 0.22379 0.18929 e
171.85538 67.99664 0.07413 0.08872 -0.99329 e
171.91180 49.35312 -0.95936 -0.00875 -0.28206 e
171.97408 72.28073 0.38724 -0.09778 -0.91678 e
172.53090 93.65718 0.92564 -0.07741 0.37040 e
172.91234 37.09873 -0.41066 -0.72697 0.55035 e
173.82175 56.43069 0.83003 0.55724 -0.02324 e
173.89570 85.13863 -0.82044 -0.01098 -0.57162 e
174.00510 92.99665 0.00842 0.57095 0.82094 e
175.71870 46.72540 0.88486 0.27685 -0.37468 e
176.68468 28.43670 -0.99693 0.07730 -0.01284 e
176.89814 98.86081 0.38906 0.05053 -0.91982 e
176.93010 76.80372 -0.96253 0.17461 0.20746 e
177.42383 40.16956 0.16394 0.26128 -0.95124 e
179.99415 85.33769 -0.37751 -0.91540 -0.13975 e
180.33863 67.22740 -0.74464 0.46720 -0.47670 e
180.38953 61.13180 0.81457 0.27463 -0.51093 e
183.33065 43.87794 -0.03388 -0.36204 0.93155 e
183.38487 52.65760 -0.31786 -0.37212 -0.87206 e
184.01917 63.83917 0.34109 -0.27808 -0.89796 e
185.18714 42.35322 0.28905 -0.79902 0.52727 e
185.24102 88.95897 0.19604 -0.31017 -0.93025 e
185.58533 52.67812 -0.08517 0.99510 0.05026 e
185.61209 58.52141 -0.79382 0.28517 0.53714 e
185.61319 97.61631 0.38290 -0.59385 -0.70762 e
186.13394 61.99713 0.34181 -0.93780 0.06073 e
186.50898 34.51844 0.55916 0.78000 0.28096 e
186.53237 39.22728 -0.10914 0.59777 0.79420 e
186.76466 41.19016 -0.41571 0.61202 -0.67277 e
187.20631 81.65441 0.55530 0.77125 -0.31114 e
187.22379 97.27203 0.28040 -0.59861 -0.75036 e
188.31208 51.62243 -0.35632 0.75936 -0.54443 e
189.53757 42.24672 0.34504 -0.22132 -0.91212 e
190.10278 54.59501 0.22935 -0.52242 -0.82126 e
190.86728 47.32649 -0.97505 0.11706 0.18859 e
191.98935 82.62074 -0.66074 -0.43513 0.61162 e
192.55276 70.05588 0.65874 0.57348 -0.48702 e
192.71232 69.47649 0.87498 -0.48343 -0.02665 e
193.29709 50.58341 0.70092 -0.71306 -0.01642 e
193.35877 97.94278 -0.70783 -0.64479 -0.28850 e
193.37094 48.13503 -0.02941 -0.97698 -0.21128 e
193.39056 76.41894 -0.40284 0.91009 -0.09719 e
193.54496 49.54781 -0.49893 -0.84055 -0.21106 e
194.81850 98.67497 0.57581 -0.26467 -0.77356 e
195.34522 62.27779 0.62212 -0.49194 0.60907 e
195.62886 77.23998 0.42325 -0.87845 -0.22178 e
195.63942 58.89612 0.98254 0.15217 0.10700 e
196.03580 92.85579 0.04918 -0.56727 -0.82207 e
196.22557 95.22456 -0.91289 0.38321 0.14066 e
197.12166 96.13330 0.30454 -0.81217 -0.49764 e
197.63985 80.27874 -0.04967 0.06735 -0.99649 e
197.65842 44.61024 -0.83388 -0.54498 -0.08741 e
198.26091 98.37812 -0.14739 -0.42024 -0.89536 e
198.35482 48.44576 -0.15537 0.63532 -0.75646 e
198.95203 54.79589 0.21218 0.97294 -0.09145 e
199.55112 64.22168 0.47087 -0.75231 0.46077 e
200.06863 68.03013 0.09939 -0.38983 -0.91551 e
201.34303 73.38763 0.69690 -0.71123 -0.09210 e
201.38224 55.62712 -0.79797 -0.27956 -0.53394 e
202.72149 79.60005 0.73903 -0.67119 -0.05786 e
202.73635 71.44327 -0.87660 0.09835 -0.47107 e
203.33293 72.81959 -0.03288 -0.88798 -0.45871 e
203.36543 78.28156 -0.49061 -0.87067 -0.03510 e
203.99845 38.57611 0.08424 0.91323 -0.39865 e
205.08033 59.68189 0.42047 0.74957 0.51123 e
205.10918 41.41204 -0.84472 -0.33964 -0.41364 e
205.30987 77.71218 0.66499 0.67710 -0.31514 e
205.46829 57.25494 -0.15439 0.97622 0.15221 e
207.68821 85.54004 -0.63574 0.76947 -0.06131 e
207.91834 42.55715 0.87563 -0.46540 0.12917 e
208.26169 85.66132 0.34969 0.78872 -0.50560 e
208.29813 39.64219 -0.54041 -0.81189 0.22088 e
208.41787 65.96619 0.55978 0.29172 0.77559 e
208.78430 77.58047 0.11888 -0.89841 -0.42276 e
209.18325 50.88408 0.23806 0.72229 -0.64932 e
209.19891 38.90683 -0.86359 -0.42586 0.26994 e
209.28637 64.31630 -0.07961 -0.36423 -0.92790 e
209.35557 52.57139 0.93888 -0.01320 0.34400 e
209.38857 58.39704 -0.86113 0.45479 0.22723 e
209.56034 62.44181 0.33215 -0.56514 -0.75518 e
210.03530 41.41278 0.14959 -0.20296 0.96769 e
210.08410 62.64093 -0.54150 0.60579 -0.58292 e
210.10136 77.44016 0.85523 0.50703 -0.10724 e
210.38376 55.57242 0.42388 0.82567 0.37227 e
210.67869 58.54925 0.95923 -0.25193 0.12807 e
210.90036 99.44414 -0.43001 -0.21726 -0.87629 e
210.98170 68.14611 0.86796 -0.20742 -0.45123 e
213.61283 79.34493 -0.15308 -0.72739 0.66893 e
214.41352 63.25477 -0.58241 -0.14445 -0.79996 e
215.64428 69.42095 -0.26546 0.50945 -0.81853 e
215.72915 42.11858 0.64787 -0.71259 -0.26923 e
216.32435 52.44959 -0.81796 -0.52469 -0.23589 e
216.97691 61.71195 0.24075 0.39308 -0.88743 e
217.12120 70.74160 -0.70796 0.06520 -0.70324 e
217.35355 66.65696 0.84088 0.40476 0.35928 e
217.35767 73.15904 -0.56412 0.50507 -0.65320 e
217.69917 85.24819 -0.71128 0.04899 -0.70120 e
219.05545 40.98244 0.94088 -0.19420 -0.27755 e
219.66886 91.97928 -0.49803 0.72548 -0.47502 e
219.73984 64.82692 0.98163 -0.17316 0.08015 e
219.98437 36.48365 -0.65733 -0.09093 -0.74809 e
220.08406 50.59798 0.78396 -0.37428 -0.49530 e
220.62498 91.54142 -0.98734 -0.00881 -0.15836 e
220.83658 86.68364 -0.42361 -0.33637 0.84108 e
221.36697 95.32556 0.98414 0.05522 -0.16858 e
221.41018 92.62158 -0.25214 -0.63583 -0.72948 e
221.56710 39.48542 0.74496 0.66030 0.09504 e
222.13565 38.47412 -0.33572 0.94193 -0.00782 e
222.89875 56.16193 -0.11241 -0.35995 -0.92617 e
224.17111 90.87039 -0.84201 0.04192 -0.53784 e
224.97670 80.81138 -0.29435 0.07193 -0.95299 e
225.46555 37.07455 -0.18842 -0.76073 -0.62111 e
225.80831 75.40053 0.79668 0.30175 0.52369 e
225.94741 67.44054 -0.09020 0.88677 -0.45332 e
226.10740 98.57873 -0.11309 0.55745 -0.82247 e
227.10341 97.44838 0.59301 0.08527 -0.80066 e
227.12371 84.60115 0.08354 0.45713 -0.88547 e
227.15157 58.55797 0.66081 0.72801 0.18253 e
227.42302 86.11092 0.30239 -0.89465 -0.32887 e
227.47659 47.06723 -0.49564 -0.80209 -0.33316 e
227.57004 60.67467 0.59481 -0.56456 -0.57225 e
228.51363 52.22480 -0.72358 -0.69014 0.01142 e
228.63220 96.68101 -0.98192 -0.12698 0.14036 e
228.93473 64.67474 0.22091 0.94200 0.25266 e
229.67943 66.07326 0.81638 0.47417 -0.32969 e
230.03265 43.38478 -0.10365 0.07981 -0.99141 e
231.31588 96.53546 0.38220 0.21610 -0.89846 e
233.48164 56.45785 0.16600 0.98607 0.01003 e
234.81682 62.22345 -0.47357 0.86466 0.16761 e
235.89076 60.55072 -0.62886 0.75636 0.18013 e
236.18360 99.03789 -0.70349 -0.35866 -0.61358 e
236.42279 86.05758 -0.37694 0.87744 -0.29666 e
237.30943 82.60045 0.87230 -0.43493 -0.22343 e
238.55677 80.77886 -0.91742 0.29130 0.27106 e
239.44052 53.42309 0.07195 -0.99736 -0.01016 e
240.29481 57.64331 0.32913 -0.61399 0.71742 e
241.54523 57.46184 0.84465 -0.30021 -0.44322 e
241.73585 91.33340 -0.55779 0.68099 -0.47448 e
242.06813 79.80309 0.30871 -0.93222 0.18886 e
242.12519 47.69234 0.11347 0.90084 -0.41907 e
242.60168 49.02907 -0.10234 -0.95162 -0.28972 e
244.69367 43.74440 0.47115 0.63234 0.61495 e
245.39422 87.76035 0.29674 0.68648 0.66385 e
245.51270 78.01597 0.36263 0.92709 0.09491 e
247.08450 58.58409 0.81788 -0.42745 -0.38517 e
247.25378 57.05975 0.11303 0.88928 0.44318 e
247.48196 37.79346 -0.29550 -0.73109 -0.61496 e
248.69257 97.01642 0.00854 0.78275 -0.62228 e
249.09570 82.16317 0.66770 0.42781 -0.60922 e
249.33793 52.01506 -0.94264 -0.10846 0.31569 e
250.25391 45.97466 -0.58582 -0.80172 0.11854 e
250.71668 55.30266 -0.71382 -0.51672 0.47272 e
250.73390 35.87154 0.10812 0.68639 0.71915 e
250.87527 63.29119 -0.04836 -0.04900 -0.99763 e
251.61474 78.87837 -0.45625 -0.87540 0.15974 e
251.91362 38.90943 -0.29157 0.37284 0.88090 e
253.10329 68.79940 0.22200 -0.97483 0.02065 e
253.20287 51.66799 -0.33915 0.61455 -0.71226 e
254.89249 50.58369 -0.24926 0.30171 -0.92024 e
255.39007 56.60544 0.78063 -0.51536 0.35359 e
255.98562 45.06056 -0.06624 -0.95630 -0.28477 e
256.08354 97.48850 -0.08536 -0.89809 0.43145 e
256.15907 92.37454 -0.97101 0.14717 -0.18835 e
256.21925 43.92576 -0.25827 -0.75523 0.60243 e
256.36483 84.03435 0.87370 0.04571 -0.48431 e
256.64220 72.87866 0.19923 -0.61640 -0.76181 e
257.23784 75.74183 -0.39350 -0.11818 -0.91170 e
257.55273 71.53891 0.62866 -0.76808 -0.12178 e
258.08223 49.11444 0.59448 -0.54985 -0.58674 e
258.56465 85.65411 -0.67212 -0.23019 -0.70375 e
258.64797 83.76909 -0.96786 -0.24614 -0.05161 e
258.91244 85.37676 -0.47846 0.80773 -0.34446 e
259.26752 42.15810 -0.20836 -0.97490 0.07841 e
259.38211 87.27354 0.73171 -0.15599 -0.66353 e
259.73476 98.98892 0.02680 -0.96145 0.27369 e
259.74802 48.46245 -0.14049 0.60605 -0.78292 e
260.12662 71.47175 0.34188 -0.90390 -0.25708 e
260.92564 35.87378 -0.10928 -0.02104 -0.99379 e
261.86297 46.52428 0.88107 -0.33841 0.33045 e
261.93742 75.44227 -0.88104 0.33210 0.33686 e
262.13351 65.62738 -0.96224 -0.00738 -0.27210 e
262.64835 52.83362 0.60979 0.76114 0.22096 e
263.00446 59.62930 0.31543 -0.66488 -0.67708 e
263.05255 86.32895 0.12487 -0.26354 -0.95653 e
263.12529 73.93018 0.30869 -0.94950 0.05630 e
263.36185 59.51773 0.39055 -0.84766 -0.35907 e
264.30825 35.01258 0.58760 0.54788 -0.59544 e
264.33261 78.97967 0.91001 0.40840 -0.07132 e
264.88646 54.81916 0.52602 -0.23956 -0.81603 e
264.92332 88.20649 -0.68272 -0.46316 -0.56513 e
266.46889 34.47096 0.82810 -0.24768 -0.50290 e
266.79727 76.75460 0.47779 -0.83372 -0.27682 e
267.60833 44.16145 -0.69579 -0.71556 -0.06200 e
267.66574 91.64976 -0.62573 0.74768 0.22234 e
267.99413 56.97859 -0.59469 0.56970 -0.56727 e
268.47881 41.35534 -0.78846 0.45924 0.40918 e
269.12347 67.29610 0.08908 -0.65180 -0.75314 e
269.90720 50.25272 0.36167 -0.67003 0.64827 e
271.13192 57.24346 -0.11869 -0.04130 -0.99207 e
271.59204 50.30995 -0.01964 -0.98849 -0.15002 e
271.94851 39.36039 -0.23425 0.37471 -0.89706 e
273.66323 87.12358 -0.86816 0.48658 0.09762 e
273.99595 73.43177 -0.80681 -0.58990 -0.03286 e
274.04149 75.89719 -0.25583 0.96433 0.06791 e
274.15127 60.26689 0.43483 0.35026 -0.82961 e
274.24562 80.42252 0.59425 0.57254 -0.56485 e
274.25647 53.07638 -0.05746 0.50361 -0.86202 e
274.41076 74.00462 0.85369 0.15338 -0.49768 e
274.89699 45.31183 -0.52649 -0.46616 -0.71098 e
275.79549 45.30836 0.35104 0.68416 0.63930 e
277.42506 63.09923 -0.12466 -0.74589 0.65430 e
277.76004 86.24159 0.08135 -0.97485 -0.20750 e
278.32428 62.69076 0.77359 0.38234 -0.50534 e
278.88113 44.35008 0.19593 -0.33553 -0.92143 e
281.50818 79.34276 0.09796 -0.39748 -0.91237 e
281.79660 73.50774 -0.42810 -0.85889 0.28114 e
282.22196 51.80782 -0.56091 -0.80295 -0.20163 e
283.26485 59.72935 0.94876 0.10906 -0.29657 e
283.77194 36.97861 0.00363 -0.80868 0.58824 e
284.24391 41.00569 -0.59486 -0.54197 0.59365 e
284.89088 51.31706 -0.25716 0.52918 0.80860 e
286.56613 86.64692 -0.97443 -0.12141 0.18908 e
286.94735 41.30334 -0.24821 -0.83804 -0.48588 e
287.30623 34.50947 0.38764 0.00271 -0.92181 e
287.66455 33.61963 -0.36102 0.87615 -0.31940 e
288.49053 60.86981 -0.27420 0.88036 -0.38701 e
289.32518 88.55808 0.88996 -0.45234 -0.05799 e
289.55733 49.60634 -0.12436 -0.00694 0.99221 e
290.01077 64.63130 -0.31884 0.81435 -0.48495 e
290.02972 68.05822 0.91365 -0.27028 0.30364 e
290.44845 82.66601 0.00614 0.99875 -0.04956 e
290.59140 48.83144 -0.75990 0.44694 -0.47201 e
292.20551 68.48892 -0.76310 0.23322 0.60273 e
293.26071 49.33125 0.99550 -0.09272 0.01945 e
293.49232 94.18828 -0.72057 0.32313 -0.61349 e
294.21263 78.83930 0.69999 0.65632 -0.28153 e
294.99324 65.95771 0.25513 -0.95912 0.12247 e
295.15879 83.40540 0.27661 -0.52401 -0.80554 e
295.25070 94.30891 0.21796 -0.75604 -0.61716 e
296.42957 80.61543 -0.60384 0.65324 -0.45679 e
296.43311 61.39479 -0.62079 -0.35844 -0.69724 e
296.64171 79.79018 0.79729 -0.07714 -0.59865 e
297.42115 46.11349 0.57729 -0.37989 0.72278 e
297.55147 53.49400 0.56762 0.78406 -0.25112 e
297.99253 65.90243 -0.98659 0.10022 -0.12881 e
298.19487 76.46871 0.65557 -0.44189 -0.61234 e
298.34239 23.43499 -0.42344 -0.22599 -0.87728 e
298.35306 64.12471 -0.25227 -0.28076 -0.92603 e
299.61682 56.14080 0.61891 0.31079 -0.72136 e
299.86450 61.05963 0.62809 0.48319 -0.60994 e
300.00969 75.61084 0.29692 -0.88360 -0.36205 e
300.21126 77.99546 0.39367 0.43718 0.80864 e
300.30951 58.43670 0.63076 -0.58339 -0.51167 e
300.69177 87.05792 0.07383 -0.42074 -0.90417 e
301.69305 32.31642 0.97575 0.21806 0.01903 e
302.56959 79.24519 0.26511 -0.42336 -0.86630 e
302.79770 81.67066 0.78296 -0.56670 -0.25657 e
302.98203 81.11073 0.31340 -0.81925 -0.48022 e
303.31645 52.49939 -0.44952 -0.81364 -0.36868 e
303.52597 88.07363 -0.87457 0.42111 -0.24041 e
303.64063 78.74706 0.00145 0.26125 -0.96527 e
303.80094 65.90633 0.66054 -0.66477 -0.34897 e
304.88046 63.73628 0.60457 0.47834 -0.63693 e
306.66766 49.82049 0.60665 0.48800 -0.62756 e
306.91788 98.04957 0.35767 0.92989 -0.08593 e
307.51144 66.01061 -0.88317 -0.29542 -0.36433 e
307.65829 61.25189 0.88022 -0.35716 -0.31250 e
308.04440 40.73930 0.49838 0.48142 0.72101 e
308.44947 92.48322 0.83750 0.54612 -0.01871 e
309.01902 63.17223 -0.74760 -0.10146 -0.65635 e
309.84896 70.49507 -0.88752 -0.45777 -0.05245 e
310.89689 72.94240 -0.75170 0.42257 -0.50633 e
311.85175 90.17617 0.33064 0.57499 -0.74837 e
311.98222 45.44132 -0.38537 -0.12550 -0.91419 e
312.10296 86.59706 0.68054 -0.64753 -0.34288 e
312.89712 71.73150 -0.34390 -0.70288 -0.62266 e
313.52057 83.79139 -0.74742 0.30710 -0.58911 e
313.72723 64.49653 -0.78719 0.15188 -0.59771 e
314.51832 64.72233 0.69131 -0.72249 -0.00932 e
314.70748 48.88327 -0.58453 0.22745 -0.77884 e
315.04375 64.77707 0.56761 0.82211 0.04431 e
315.74572 61.38677 0.65513 -0.75113 -0.08128 e
316.10655 52.34758 -0.66418 -0.63025 -0.40205 e
317.24628 77.48251 0.20557 0.54915 -0.81005 e
317.44894 78.68071 0.33409 0.89004 0.31018 e
318.11808 56.59720 -0.00958 0.96803 0.25064 e
319.73785 51.99066 -0.20179 0.69716 -0.68793 e
319.85819 72.08305 -0.30247 0.93743 0.17245 e
320.02895 44.22115 -0.53020 0.84441 -0.07653 e
320.29005 75.62577 0.51446 -0.60970 -0.60299 e
320.37010 88.93848 -0.11155 0.75971 0.64062 e
320.76667 97.68937 -0.93086 0.28064 0.23397 e
321.01116 64.09403 0.35934 0.36730 -0.85789 e
321.25865 67.52890 0.02469 0.71157 0.70218 e
322.57420 82.84407 0.10190 -0.16618 -0.98082 e
323.10439 89.30248 0.77571 0.52310 -0.35304 e
324.38667 74.83847 0.90891 0.37701 -0.17816 e
324.87279 54.54650 -0.37240 0.80748 0.45748 e
325.01375 65.43476 -0.84482 -0.27925 -0.45640 e
325.01887 51.86221 -0.19947 0.17766 0.96366 e
325.14131 71.44399 0.56849 -0.09296 -0.81742 e
326.84133 65.50207 0.57605 0.25356 0.77709 e
326.88873 80.02219 0.30114 -0.94378 0.13635 e
326.88983 55.27795 -0.31205 -0.94396 -0.10756 e
327.61491 89.28958 -0.44750 0.26468 -0.85422 e
327.91520 44.94632 0.16919 -0.81354 -0.55636 e
328.05136 35.71263 0.84201 -0.37870 -0.38420 e
328.27167 29.98650 -0.58754 0.16100 -0.79302 e
329.13622 79.56690 -0.55513 0.51198 -0.65552 e
329.22044 54.90243 -0.96169 -0.22653 -0.15442 e
329.92004 50.82191 0.48321 -0.09926 -0.86986 e
329.98488 84.37970 -0.64768 0.06810 -0.75886 e
330.38135 69.73065 0.78107 -0.47201 0.40883 e
330.76315 52.85303 0.70266 0.40962 -0.58179 e
331.75881 89.91342 -0.50397 -0.67410 -0.54000 e
332.60378 53.89569 0.52158 -0.10174 0.84711 e
332.61140 64.83852 -0.57554 -0.42146 -0.70080 e
333.15442 59.11434 -0.94530 0.29018 -0.14899 e
333.21103 90.18667 -0.04126 -0.87252 -0.48683 e
333.49830 96.17033 -0.82032 0.06631 -0.56805 e
333.56867 40.35426 0.48636 -0.52849 -0.69581 e
333.93619 70.22793 0.26025 0.74140 -0.61854 e
335.14382 36.82865 -0.15447 -0.57878 -0.80072 e
335.87675 74.14016 -0.75222 0.38446 0.53512 e
336.18571 71.12159 0.09122 -0.59599 -0.79779 e
336.22957 56.54847 0.86015 0.01597 0.50979 e
336.28951 36.24771 0.99719 0.04036 0.06304 e
337.37967 39.62476 -0.28005 -0.55163 0.78567 e
337.80303 65.43926 -0.60255 0.27144 0.75051 e
338.01898 75.98055 -0.49669 -0.06943 -0.86515 e
338.25538 79.94861 -0.65089 -0.50799 -0.56417 e
338.55563 61.80364 -0.29765 -0.38859 -0.87201 e
338.74634 99.23353 -0.21321 0.91389 -0.34547 e
339.15870 83.17050 -0.51909 0.45177 -0.72557 e
339.49004 72.11990 -0.40272 0.83123 0.38324 e
339.70830 38.46552 0.75510 0.43913 0.48682 e
339.71979 91.96243 -0.99665 0.08173 -0.00388 e
340.70319 64.68424 0.64199 0.58198 -0.49914 e
341.15295 63.65055 0.48865 0.36330 -0.79324 e
341.57913 63.81542 0.31027 -0.90891 0.27858 e
343.66282 78.62851 -0.53306 0.22207 -0.81641 e
343.87631 77.07813 0.38022 0.85340 -0.35657 e
344.06598 67.52098 -0.22464 0.46845 -0.85445 e
344.08269 66.07518 0.49406 -0.71514 -0.49445 e
344.52483 54.38382 -0.28875 0.66653 0.68729 e
344.53965 78.10846 -0.72990 -0.64217 -0.23425 e
345.45981 49.18420 0.59566 -0.06337 0.80073 e
345.63412 72.53426 0.06465 -0.80119 -0.59490 e
346.09444 70.11325 -0.29586 -0.89287 -0.33950 e
346.96345 47.38649 0.59628 -0.14542 -0.78949 e
347.06874 56.77913 0.46647 -0.71772 -0.51700 e
347.53234 85.22557 0.66068 -0.68498 -0.30709 e
348.39665 48.88569 0.39501 0.51993 -0.75739 e
348.80178 71.16999 0.09339 0.81866 -0.56664 e
349.06647 50.21100 -0.87957 0.46994 0.07426 e
350.28594 55.86699 0.23299 0.35821 -0.90410 e
350.51925 42.11110 -0.09444 -0.08346 -0.99203 e
351.53683 61.91555 0.00889 -0.30996 -0.95071 e
352.04003 96.05190 0.34865 -0.82374 -0.44710 e
352.32260 93.69579 -0.84121 -0.30406 0.44711 e
352.46328 65.17394 0.60050 -0.79960 0.00680 e
353.61706 66.41776 -0.50497 0.32781 -0.79846 e
353.99016 62.72444 0.53911 0.66301 -0.51940 e
354.38188 66.59294 0.37878 0.81925 -0.43054 e
354.46543 80.45524 -0.49022 0.46464 -0.73742 e
354.61923 76.69572 0.64435 0.34340 -0.68329 e
354.66865 65.21452 -0.88173 -0.36699 -0.29642 e
355.29465 84.58480 0.99607 0.06402 -0.06117 e
355.85549 66.83095 -0.15465 -0.67830 -0.71833 e
357.16898 41.00654 0.05931 0.67330 -0.73699 e
357.54937 79.72152 0.52155 -0.85053 -0.06765 e
357.94060 72.79148 -0.31785 0.28361 -0.90473 e
358.40981 82.96391 0.72704 0.68279 -0.07225 e
358.41392 70.32432 -0.73450 0.42479 -0.52922 e
358.66102 39.03436 -0.91865 0.39224 -0.04726 e
360.26878 47.57725 0.36612 -0.43065 -0.82492 e
360.46817 45.75782 0.17677 0.07095 -0.98169 e
361.01016 75.62789 0.88511 -0.04310 0.46337 e
362.18346 58.45038 0.07133 0.25456 -0.96442 e
362.44310 96.40545 0.31481 0.27194 -0.90937 e
363.04086 35.80023 0.38726 -0.36423 -0.84698 e
363.05793 79.31741 -0.55694 -0.78011 -0.28503 e
363.06613 59.73668 -0.57873 -0.81547 -0.00914 e
364.28928 79.32709 -0.42769 0.48792 -0.76093 e
366.81275 81.08544 0.44432 -0.34129 -0.82831 e
366.98243 37.98633 0.50883 -0.76190 -0.40075 e
367.28019 70.39449 -0.52398 0.61623 -0.58796 e
367.89993 89.16489 0.91043 0.40045 -0.10372 e
368.08547 43.04239 0.40056 0.58671 -0.70379 e
369.22108 76.64975 0.58078 0.21490 -0.78518 e
370.12593 70.74822 0.51702 0.67646 -0.52449 e
370.14825 61.35082 -0.90161 -0.40165 0.16054 e
370.65095 45.49509 -0.30215 -0.83390 0.46187 e
370.90593 43.92337 -0.36697 0.56649 -0.73785 e
372.96223 61.09436 -0.79313 -0.27009 -0.54590 e
373.57095 45.83168 0.90490 -0.37801 -0.19561 e
376.87376 98.31824 0.81314 0.36763 -0.45128 e
377.20914 83.33638 0.91647 0.00160 -0.40010 e
377.28926 47.67052 0.31426 -0.70641 0.63421 e
378.36889 84.02558 0.79753 -0.21550 -0.56347 e
378.46047 59.08220 0.47978 -0.72458 -0.49477 e
381.73756 94.76471 0.14406 0.78146 -0.60710 e
384.57744 38.80985 -0.23205 -0.61286 0.75535 e
384.97942 45.13237 0.95917 0.22839 -0.16682 e
385.73987 60.24244 -0.00197 0.70597 -0.70824 e
389.88434 50.55745 -0.10999 0.88209 -0.45805 e
395.05189 46.30456 0.28784 0.95201 0.10403 e
400.77539 47.77318 -0.79544 0.46977 0.38288 e
402.75608 51.98171 -0.71241 -0.26464 -0.64995 e
412.75701 39.41714 -0.31700 0.62286 -0.71523 e
413.61336 50.47230 0.64768 -0.68838 -0.32658 e
415.84621 68.53553 0.04285 -0.61726 -0.78559 e
421.03036 81.74744 -0.41094 -0.76495 0.49597 e
429.35664 92.77875 -0.86107 0.49246 0.12663 e
432.69257 40.67157 0.96601 0.14669 -0.21284 e
442.77309 37.99344 -0.85384 0.51437 0.07986 e
450.97663 66.51423 0.95090 -0.25599 0.17393 e
456.26642 50.83533 -0.06438 0.64657 -0.76013 e
457.78553 55.55267 -0.21040 -0.97556 -0.06335 e
479.16129 48.93942 0.02590 -0.54085 -0.84072 e
484.67455 42.49895 -0.85057 0.00116 0.52586 e
511.10462 41.29161 -0.99774 0.04903 -0.04605 e
553.22709 55.43493 0.36097 0.92882 0.08359 e
636.28321 33.03216 0.77430 0.14256 -0.61656 e
672.21870 38.43827 0.03101 -0.29236 0.95581 e
689.90265 35.76351 0.19255 0.97590 -0.10266 e
736.95575 45.95912 0.42022 -0.02027 -0.90719 e
793.46229 42.06137 -0.79388 0.57010 0.21151 e
851.77766 35.89891 0.50683 0.86105 0.04155 e
878.54383 48.77227 0.95625 0.00892 0.29240 e
940.80407 27.84406 0.12575 0.98428 -0.12398 e
943.84009 54.00531 0.25514 -0.01649 -0.96676 e
954.59840 25.90465 0.62116 0.46342 0.63198 e
1019.82906 27.88636 -0.33447 -0.21723 -0.91703 e
1042.39171 43.37286 0.87971 0.19022 -0.43581 e
1079.41129 45.22233 0.56131 -0.71776 -0.41201 e
1108.15602 34.98420 0.36024 -0.89345 -0.26829 e
1119.96981 46.96265 0.48866 -0.02746 -0.87204 e
1123.78165 44.26795 -0.99155 -0.00967 -0.12939 e
1142.94507 50.91254 0.13709 -0.98625 0.09232 e
1253.73719 44.08997 0.68678 0.01574 -0.72669 e
1262.48856 46.09059 -0.61871 -0.54927 -0.56170 e
1266.45255 31.74002 -0.86497 0.45008 0.22192 e
1297.34543 34.87450 0.70928 -0.45563 -0.53788 e
1323.52355 41.14282 0.09850 0.05342 0.99370 e
1327.65642 45.22345 0.24061 -0.26003 -0.93514 e
1443.79241 33.23565 0.88202 -0.40962 -0.23293 e
1532.51645 27.07540 0.95456 -0.11389 0.27539 e
1548.87024 50.08513 0.91072 0.23191 0.34178 e
1560.89800 32.73510 -0.98767 -0.00046 -0.15654 e
1609.62653 50.16794 -0.12229 0.87824 0.46232 e
1702.59817 39.74143 -0.42525 -0.87342 0.23729 e
1709.18597 40.49465 0.73231 -0.30454 0.60907 e
1735.37257 42.84550 -0.67738 -0.68920 -0.25724 e
1750.56487 30.85396 -0.58860 0.58939 0.55333 e
1893.10710 44.97235 -0.15791 0.71350 0.68262 e
1906.28127 27.79011 -0.04638 -0.01712 0.99878 e
1919.82930 42.71246 0.55757 -0.15498 -0.81553 e
1960.26380 42.50145 0.12121 -0.74945 -0.65087 e
1996.24176 38.96073 -0.46655 -0.86825 0.16876 e
2091.55283 32.60371 -0.41047 -0.66194 0.62717 e
2390.42640 35.72388 0.11684 -0.98525 0.12499 e
2431.06969 48.28785 -0.49348 0.38506 0.77988 e
2650.30767 29.79156 0.84800 -0.09826 0.52080 e
2680.71626 31.10188 -0.45928 -0.55274 0.69537 e
2733.31677 34.87449 -0.19290 0.67567 -0.71152 e
3020.14967 32.02757 0.07909 0.72793 -0.68108 e
3081.37820 27.79071 0.07357 0.95855 -0.27525 e
3145.07655 39.20720 -0.49597 -0.09528 -0.86310 e
3300.31686 43.01907 -0.94441 -0.31001 0.10952 e
3547.38925 32.50233 0.42020 0.87905 -0.22515 e
3625.39526 53.03736 0.70754 0.17238 -0.68532 e
3634.28857 28.77827 0.26181 -0.91875 0.29555 e
3721.31252 55.24455 -0.78171 0.52946 -0.32954 e
3780.11657 26.16310 0.76055 0.01156 0.64918 e
3852.85236 37.24734 -0.46520 -0.80416 -0.37003 e
3922.76997 36.36843 -0.65926 -0.14779 -0.73725 e
4082.12850 30.76576 0.04033 0.67463 -0.73705 e
4094.58483 45.05777 -0.24050 -0.91030 0.33692 e
4256.68227 39.14776 -0.22097 -0.60504 -0.76492 e
4297.88116 64.48568 -0.19563 -0.94366 -0.26690 e
4912.79100 39.96103 -0.60946 0.21353 0.76352 e
4933.51619 45.01666 0.68074 -0.24772 -0.68937 e
5167.62284 32.94072 -0.81341 0.53236 -0.23444 e
5196.01917 38.90217 -0.69062 -0.12237 0.71279 e
5202.79380 31.55860 -0.30813 0.26661 0.91322 e
5242.37773 25.55080 0.70497 0.70379 0.08775 e
6113.80694 42.20635 -0.10595 -0.81040 -0.57621 e
6183.07123 67.28942 0.48517 0.78600 0.38316 e
6206.62282 49.28112 -0.22840 -0.96784 -0.10544 e
6497.27822 49.52793 0.81237 -0.38272 -0.43999 e
7171.10700 36.48721 0.03892 -0.48783 0.87207 e
8048.86069 49.36764 0.41274 -0.86001 0.30006 e
8111.46130 26.63971 -0.52869 -0.51303 0.67623 e
8672.88643 51.88399 -0.80600 0.34210 -0.48304 e
8925.23009 28.00743 0.84919 0.52026 -0.09052 e
10029.55520 68.88746 -0.12823 0.40033 -0.90735 e
13271.80004 35.80300 -0.95773 -0.19143 0.21473 e
14585.10113 45.70956 0.25772 0.69196 -0.67436 e
17441.94000 27.53406 -0.04323 -0.77757 -0.62731 e
18502.27440 64.12004 0.28829 0.30535 -0.90755 e
