16.21853 42.95460 -0.92563 0.08985 -0.36761 e
17.32720 74.77690 0.53649 0.74201 -0.40201 e
18.12208 43.62288 -0.73569 0.62069 -0.27113 e
18.42056 76.46136 -0.55198 -0.55498 -0.62234 e
18.58250 87.63606 0.96316 -0.12362 -0.23883 e
18.94039 99.52900 -0.94712 0.31133 0.07764 e
19.27924 95.48636 -0.82356 0.30874 0.47585 e
19.75676 82.68454 0.64132 -0.76699 -0.02075 e
19.76554 37.70865 0.21399 -0.47511 0.85351 e
19.86470 91.44987 -0.42925 0.38885 -0.81519 e
19.88750 66.13435 -0.12015 -0.99218 -0.03378 e
20.10682 67.32982 0.97378 0.12524 0.18990 e
20.23878 81.16656 0.76284 0.12487 -0.63441 e
20.30149 96.14398 0.52860 0.34492 -0.77564 e
20.56822 88.01205 -0.22778 0.58307 -0.77984 e
20.74323 63.67537 -0.93163 -0.31942 -0.17328 e
21.30110 92.00888 -0.25795 0.94382 -0.20656 e
21.47100 95.55307 -0.94330 0.04118 -0.32938 e
21.70557 79.86000 -0.60711 -0.07581 -0.79099 e
21.80055 75.14855 0.74775 0.41047 -0.52190 e
21.86539 83.18332 -0.80357 0.02646 -0.59462 e
22.91983 94.25984 -0.94970 0.28134 0.13757 e
23.15197 63.60651 -0.79428 0.39451 0.46203 e
23.53467 96.76312 -0.18001 -0.30082 -0.93654 e
23.74444 84.77072 0.34177 0.54279 -0.76719 e
24.16526 86.74217 -0.30830 -0.65324 -0.69154 e
24.72671 95.61485 -0.84584 -0.47633 0.24011 e
24.77350 66.40559 -0.18464 0.82238 -0.53814 e
24.84083 96.87340 -0.56614 0.82364 -0.03312 e
25.06568 80.73649 -0.29095 0.41900 -0.86011 e
25.34957 53.28032 0.18697 -0.86607 -0.46365 e
25.51540 76.86625 0.60420 0.29742 -0.73925 e
25.73136 94.46306 0.99340 -0.09516 -0.06409 e
25.74537 43.31420 0.07106 0.99391 -0.08428 e
25.77981 52.59924 0.15918 0.94166 -0.29653 e
26.07171 75.73676 -0.69112 -0.07484 -0.71885 e
26.16712 89.68232 0.33347 -0.15012 -0.93073 e
26.31662 99.08574 -0.74560 -0.30832 -0.59078 e
26.44810 86.42954 0.36546 0.55885 -0.74440 e
26.78883 89.13637 0.67664 0.17807 -0.71445 e
26.84428 75.71081 -0.73683 -0.67541 -0.03001 e
26.93388 82.99469 0.39849 -0.63346 -0.66327 e
27.27487 84.68634 -0.78199 -0.35797 -0.51024 e
27.27976 99.26262 -0.07261 -0.56839 -0.81955 e
27.30138 62.52931 0.05742 0.96211 -0.26656 e
27.31376 95.97495 -0.48387 0.72027 0.49706 e
27.55080 82.93354 -0.89215 0.22728 0.39040 e
27.89073 67.82714 -0.96153 0.12068 0.24676 e
28.04062 82.73143 -0.46122 0.87075 -0.17049 e
28.21594 89.59836 0.50292 -0.85250 0.14256 e
28.30458 68.93954 0.98210 -0.17327 -0.07389 e
28.38612 41.65669 -0.52216 0.33281 0.78523 e
28.45120 43.23102 0.38979 0.18838 0.90143 e
28.64187 66.00480 -0.19305 0.66720 -0.71943 e
29.03417 48.49285 0.17834 -0.61863 -0.76517 e
29.09633 80.37669 0.98613 -0.14827 0.07463 e
29.21930 82.21499 0.16143 0.78144 -0.60274 e
29.23689 59.67526 -0.98192 0.03529 0.18598 e
29.53385 96.97650 0.69452 0.12672 -0.70823 e
29.86897 69.99182 0.93663 0.19997 0.28764 e
30.40043 76.80948 0.64538 0.56598 -0.51299 e
30.89683 99.75326 0.63214 -0.00666 -0.77482 e
31.17985 49.75775 0.40006 0.09215 -0.91184 e
31.18973 69.27614 -0.30173 0.85260 -0.42665 e
31.24506 81.65316 -0.81829 0.33055 -0.47025 e
31.43809 72.36555 -0.10481 0.96476 0.24136 e
31.49619 41.15678 -0.46986 -0.26911 0.84072 e
31.71578 51.74552 0.41374 0.29168 0.86241 e
31.76864 63.28795 -0.38337 -0.87382 0.29911 e
32.73347 36.73205 -0.01022 0.53241 0.84643 e
33.09816 72.95440 0.15028 -0.91446 0.37573 e
33.11976 63.86458 0.27656 -0.16067 -0.94747 e
33.34277 78.98840 -0.62167 0.35684 -0.69728 e
33.34549 83.43983 -0.91128 0.41047 -0.03293 e
33.59527 50.68142 -0.06186 -0.89317 -0.44544 e
33.72670 89.55481 -0.04012 -0.73045 -0.68178 e
33.95892 66.88075 0.34505 0.83736 0.42399 e
34.20783 83.92738 -0.05742 -0.86305 -0.50185 e
34.31685 93.22891 0.87244 0.48818 -0.02305 e
34.40590 94.83937 -0.11182 -0.98059 -0.16107 e
34.61728 72.00453 -0.47668 -0.83274 0.28164 e
34.74817 44.77697 -0.09279 0.86153 -0.49915 e
34.83999 56.03893 -0.16457 0.91595 0.36599 e
35.09666 51.84279 0.72373 0.17740 -0.66689 e
35.38911 88.55778 0.86233 -0.26043 -0.43423 e
35.47656 57.85221 0.38053 0.67900 -0.62781 e
35.49050 86.20737 -0.58214 0.50327 0.63861 e
35.49356 64.50868 -0.00860 0.32980 -0.94401 e
35.59988 73.94614 -0.48707 0.32243 -0.81167 e
35.67204 66.08792 -0.92861 0.19258 -0.31717 e
35.75011 96.21576 -0.65881 -0.36265 -0.65913 e
35.75930 99.20361 -0.32002 -0.28966 -0.90204 e
35.87657 91.49840 0.78723 -0.43458 -0.43750 e
35.97457 65.81507 -0.43750 -0.35258 -0.82721 e
36.16058 84.51884 -0.42793 -0.90308 0.03649 e
36.29108 47.35044 -0.90187 -0.39888 -0.16591 e
36.39766 95.19468 -0.11349 -0.96187 -0.24883 e
36.46131 84.50622 0.68397 0.14479 -0.71500 e
36.51371 37.04476 0.57767 0.16641 -0.79913 e
36.52653 50.77337 0.21917 0.90347 -0.36839 e
36.59164 93.22179 0.01167 -0.17689 -0.98416 e
36.65703 69.04689 -0.14685 -0.56882 -0.80924 e
36.97292 95.29994 -0.53475 0.34868 0.76972 e
37.00961 89.23304 -0.03348 0.97197 -0.23270 e
37.28455 70.88905 0.75899 -0.63691 0.13521 e
37.48163 61.84182 0.20731 -0.95786 -0.19880 e
37.50032 69.86230 0.52620 -0.09007 -0.84558 e
37.52319 97.44143 -0.66971 0.53320 -0.51690 e
37.57151 92.72445 0.02715 -0.77276 0.63412 e
37.64627 71.94395 -0.76199 0.48529 -0.42879 e
37.67335 86.97599 -0.65960 -0.73670 0.14902 e
37.87049 26.90618 -0.74674 0.26018 -0.61211 e
38.05468 58.29351 0.23526 0.63736 -0.73377 e
38.49083 90.34040 0.34702 -0.72115 -0.59960 e
39.20368 92.44169 -0.91430 -0.31620 -0.25313 e
39.24979 74.63509 -0.93492 -0.19722 -0.29499 e
39.66931 99.32707 0.05240 0.38082 -0.92317 e
39.68793 72.50228 0.05665 0.96569 -0.25344 e
39.83416 69.74327 -0.78714 -0.58845 -0.18476 e
39.83711 70.57508 0.69270 0.37667 0.61505 e
39.98293 43.03591 0.45792 -0.66960 -0.58477 e
40.20385 47.55400 0.16674 0.57438 0.80143 e
40.35523 73.43738 0.88129 -0.44267 -0.16547 e
40.48463 89.23528 -0.45470 0.02347 -0.89034 e
40.60338 56.60912 0.04555 -0.83198 -0.55293 e
40.65569 82.00059 -0.02689 -0.19885 -0.97966 e
40.69503 85.77929 0.60929 0.50597 -0.61054 e
40.92865 54.34407 0.59208 0.06441 -0.80330 e
41.37503 63.75192 -0.61359 0.11131 -0.78174 e
41.47315 66.90818 0.92663 0.34263 -0.15481 e
41.56469 61.16138 -0.89461 0.33202 0.29906 e
41.73983 74.62164 0.95034 -0.29239 0.10657 e
41.75004 72.26644 -0.36287 -0.36057 -0.85925 e
41.78130 83.45823 -0.03410 0.06740 -0.99714 e
41.84346 80.88887 -0.16065 0.56040 -0.81249 e
41.89427 61.53179 -0.03765 -0.65320 -0.75625 e
41.93989 33.53295 0.69734 0.60142 -0.38988 e
42.09014 94.75041 0.09095 -0.94842 -0.30370 e
42.27708 58.05218 0.27946 0.95858 -0.05502 e
42.28139 89.96366 0.25149 -0.89892 -0.35875 e
42.30361 35.77907 -0.52697 0.82456 -0.20592 e
42.65464 98.51623 0.16798 -0.46508 -0.86919 e
42.72185 42.88568 0.40100 -0.76766 -0.49990 e
42.75872 97.89242 -0.53696 -0.82867 -0.15808 e
42.88762 35.67037 -0.88982 0.28881 0.35329 e
42.98558 70.28235 -0.70318 -0.41333 -0.57852 e
43.10439 87.34364 -0.19666 -0.52341 -0.82908 e
43.23268 60.11279 0.81433 -0.57484 0.08017 e
43.30817 35.80245 -0.60147 0.09674 -0.79301 e
43.46983 76.47328 0.72863 -0.67347 -0.12462 e
43.82755 84.85028 0.01761 -0.56819 -0.82271 e
43.91889 62.99865 0.08249 -0.12982 -0.98810 e
43.94300 80.63053 -0.48909 0.76085 0.42649 e
44.16159 65.48359 -0.83448 0.40610 0.37247 e
44.17995 80.05929 -0.25613 0.67999 -0.68703 e
44.36918 99.50980 -0.33997 -0.09226 -0.93590 e
44.57114 77.54766 -0.11504 -0.50659 -0.85448 e
44.58143 84.51821 0.93704 -0.00189 -0.34921 e
44.66026 33.16781 -0.83452 -0.45468 0.31119 e
44.67697 90.58285 -0.81337 0.56013 -0.15713 e
44.70709 91.48774 0.70934 0.65182 0.26825 e
44.95552 95.23678 -0.61114 -0.07675 -0.78779 e
45.65149 83.72641 0.39869 0.73087 -0.55396 e
45.79214 90.57668 -0.27048 -0.23192 -0.93437 e
46.60388 99.32641 0.46359 -0.49281 -0.73636 e
46.69162 98.72504 -0.28194 0.47633 -0.83284 e
46.79269 38.72403 -0.21228 -0.88402 -0.41646 e
47.54819 40.44265 0.43921 -0.48481 -0.75635 e
47.60510 60.40364 -0.31901 -0.19343 -0.92780 e
47.62977 77.16647 -0.12231 -0.48307 -0.86700 e
47.90140 66.83059 0.22749 0.87287 -0.43168 e
47.97712 50.59820 0.80045 0.59004 0.10554 e
48.01143 82.66254 -0.64038 0.34322 0.68710 e
48.10513 61.15759 -0.73434 -0.65836 -0.16527 e
48.21505 93.39602 -0.10349 -0.72751 0.67825 e
48.26244 81.40968 -0.35661 -0.82640 -0.43577 e
48.43969 88.64282 0.25976 0.70559 -0.65929 e
48.81700 72.65601 -0.22908 0.11700 -0.96635 e
48.99729 44.71238 0.63468 -0.30992 -0.70791 e
49.23864 74.47302 -0.80474 0.10276 0.58467 e
49.27573 64.29975 -0.97383 0.06001 -0.21922 e
49.38514 72.39776 0.40720 -0.03834 -0.91254 e
49.50183 91.33476 -0.07629 0.99688 -0.02015 e
49.58762 81.37718 0.83016 -0.53240 -0.16547 e
49.86173 64.55115 -0.37426 0.23430 -0.89723 e
49.94942 58.66384 -0.85334 -0.00411 -0.52134 e
50.07547 79.63261 0.32466 -0.61848 -0.71560 e
50.19966 95.09969 -0.33009 -0.44182 -0.83417 e
50.61688 94.42171 -0.53352 -0.79263 -0.29511 e
50.82808 71.25111 -0.56055 -0.08420 -0.82383 e
50.93495 89.91873 0.58069 0.15422 -0.79939 e
51.19185 36.18611 0.27855 -0.91187 0.30150 e
51.43819 57.50427 0.18993 0.90205 -0.38759 e
51.81744 53.56419 0.56042 -0.38788 -0.73176 e
51.83521 79.98996 -0.47164 0.51442 0.71619 e
51.93162 79.63621 -0.01663 0.45041 -0.89267 e
52.03207 66.53612 -0.30414 -0.89136 0.33611 e
52.45641 75.15646 0.15294 -0.48361 -0.86182 e
52.66814 83.60714 -0.98067 -0.03854 -0.19182 e
52.99255 78.09836 0.21401 0.59348 0.77588 e
53.02044 42.11713 0.52292 0.59023 -0.61497 e
53.19529 83.15574 -0.19777 0.05775 -0.97855 e
53.39251 84.66696 -0.88276 0.46941 -0.01992 e
53.47936 63.50752 -0.94793 0.25722 0.18779 e
53.65238 57.18069 -0.39631 0.87479 -0.27870 e
53.73942 75.66103 -0.21372 0.08880 -0.97285 e
53.92175 50.93891 0.55965 -0.73801 -0.37700 e
53.94765 86.65160 -0.69839 0.42724 -0.57421 e
53.96056 79.00891 0.80101 0.40855 -0.43758 e
54.13446 84.30190 0.50242 -0.63545 -0.58632 e
54.81923 41.30415 -0.83746 0.54572 0.02902 e
55.04160 62.68093 0.20426 0.68617 -0.69818 e
55.29798 35.14117 0.88202 -0.28177 -0.37768 e
55.29969 60.42896 0.52965 -0.71133 -0.46205 e
55.73149 80.00064 0.91472 -0.20819 0.34634 e
55.79807 83.91619 0.16254 0.32363 -0.93212 e
55.84486 89.79805 0.23267 0.73514 0.63674 e
56.19366 36.77438 -0.71482 0.63773 -0.28694 e
56.28199 32.77209 -0.38541 0.84846 0.36274 e
56.30818 85.49389 -0.07787 -0.73289 -0.67588 e
56.59150 63.15324 0.27993 0.61160 -0.73999 e
56.88222 80.59587 0.01884 -0.38574 -0.92242 e
57.03396 65.10940 0.33761 -0.93521 -0.10681 e
57.43567 91.33758 -0.29226 0.76602 -0.57254 e
57.45134 78.90425 -0.31881 0.55276 -0.76994 e
57.61056 95.04640 0.00180 0.97222 0.23406 e
57.64069 54.63673 0.41966 0.70200 -0.57540 e
57.83568 40.75044 0.33816 -0.93710 -0.08658 e
57.89076 60.12449 -0.81886 -0.56509 -0.10074 e
57.90602 88.28183 0.88468 -0.40444 -0.23190 e
58.42585 92.81479 0.70005 -0.25027 -0.66880 e
58.51121 76.20052 0.51792 -0.61314 -0.59651 e
58.53011 79.73738 0.56107 -0.52889 0.63677 e
58.56916 74.77327 -0.30724 -0.93172 -0.19363 e
58.65992 74.03663 -0.29255 -0.13806 -0.94623 e
58.78771 69.94749 0.68160 -0.28597 0.67353 e
58.79321 83.36300 -0.48929 -0.02096 -0.87187 e
58.89839 77.56377 -0.66427 -0.32615 -0.67258 e
59.20155 78.52747 -0.92706 0.37161 0.04970 e
59.39856 70.34487 0.66210 -0.13147 -0.73780 e
59.47858 95.56473 0.98780 0.07970 0.13379 e
59.59778 88.75460 0.26428 0.45811 -0.84870 e
59.68271 92.64809 -0.06173 0.74955 -0.65906 e
59.69795 84.34703 -0.91399 -0.04649 -0.40306 e
60.92099 45.73689 0.55194 0.80364 0.22256 e
61.31381 84.36081 0.82251 0.18111 -0.53914 e
61.54935 35.03061 0.49519 0.10668 -0.86221 e
61.69458 52.76207 -0.86891 -0.44521 0.21630 e
61.83244 75.19254 -0.77749 0.23578 -0.58303 e
61.85721 98.99783 0.70079 0.09887 -0.70648 e
61.92758 50.55503 0.30470 -0.67702 -0.66993 e
61.95296 86.65540 0.49311 0.39931 -0.77292 e
62.17348 90.68969 0.49355 0.84783 -0.19388 e
62.24753 51.98801 0.73645 -0.67338 -0.06487 e
62.47301 75.81335 0.56651 -0.78669 -0.24532 e
62.47843 48.89688 0.69553 0.69486 0.18278 e
62.64715 92.84194 -0.41335 -0.87299 -0.25891 e
62.80544 45.57806 0.59772 0.72197 0.34855 e
63.01994 76.52826 0.84187 -0.52030 -0.14334 e
63.09607 99.60122 0.35017 -0.85028 -0.39293 e
63.39385 45.09894 0.34526 0.28288 -0.89486 e
63.62031 87.45560 -0.88095 0.13070 -0.45480 e
63.62902 55.16747 -0.29251 -0.93789 -0.18653 e
63.75792 76.75404 0.81692 0.03490 -0.57570 e
63.91097 85.03413 -0.72188 0.22206 -0.65542 e
64.04120 96.92092 -0.21730 0.83852 -0.49966 e
64.22692 66.34892 0.98993 0.12880 0.05871 e
64.34604 80.38538 -0.41168 -0.42978 -0.80362 e
64.49741 65.54526 -0.38518 -0.41169 -0.82592 e
64.73283 64.58221 0.76715 -0.07057 -0.63757 e
64.79330 76.80757 -0.49191 0.85837 0.14566 e
65.02883 54.89272 -0.58176 0.80840 0.08965 e
65.27542 79.22705 -0.62204 -0.31982 -0.71469 e
65.31904 81.27322 -0.44559 -0.15301 -0.88207 e
65.52983 55.60722 0.30679 0.95036 -0.05195 e
65.89448 72.10837 -0.24945 -0.91851 0.30679 e
66.49179 96.69136 -0.43717 0.89812 0.04752 e
66.52548 69.24510 -0.78751 -0.44112 0.43039 e
66.83626 86.38563 0.28129 0.32933 -0.90134 e
66.84061 50.70126 0.99032 0.05262 0.12845 e
66.89240 78.54054 0.88330 0.33209 0.33089 e
67.21575 65.11406 0.41181 0.90648 -0.09325 e
67.24502 96.10762 0.82294 0.54492 -0.16075 e
68.04805 86.96534 0.14485 0.62066 -0.77058 e
68.05683 46.11319 0.17897 -0.78853 -0.58837 e
68.40173 57.49141 0.12479 0.83535 0.53537 e
68.53250 59.51589 -0.20827 0.25722 -0.94364 e
68.81493 83.33886 0.33148 -0.66503 -0.66922 e
68.92291 99.82993 -0.36865 -0.35508 -0.85908 e
69.03829 59.21897 0.31537 0.44421 -0.83858 e
69.15114 58.24659 0.30101 -0.18953 -0.93460 e
69.40305 92.05770 0.01002 -0.48759 -0.87301 e
69.68754 78.30465 0.80178 0.58403 0.12672 e
69.74672 60.33079 0.26294 -0.45815 -0.84909 e
70.27408 52.35720 -0.46007 0.41595 0.78443 e
70.34548 81.71798 -0.77939 -0.26427 -0.56807 e
70.41024 92.56572 0.52104 0.25571 0.81433 e
70.93208 90.16333 -0.07792 -0.51937 0.85099 e
71.39682 43.21277 0.42028 0.90737 0.00634 e
71.86929 66.10004 -0.99280 0.04831 -0.10964 e
72.22157 77.17200 -0.52230 0.29803 -0.79899 e
72.35794 62.56842 0.02634 0.16363 -0.98617 e
72.50220 47.76044 -0.72197 0.67217 0.16416 e
72.71979 95.22873 -0.95014 0.11905 0.28820 e
72.77704 72.12169 0.21632 0.97043 0.10715 e
73.26934 50.03819 0.61065 -0.59008 0.52812 e
73.41900 54.29705 0.53493 0.63112 -0.56172 e
73.63983 70.46683 0.36544 0.88248 0.29611 e
73.89730 42.54954 -0.77426 -0.57202 -0.27076 e
74.65456 78.30445 -0.56341 0.57628 0.59201 e
74.93090 46.64087 0.37589 0.19155 -0.90665 e
75.25620 38.27451 0.24868 -0.24142 0.93802 e
75.35961 65.90905 0.79359 0.27313 0.54370 e
75.76023 56.65059 0.73200 -0.64171 -0.22887 e
76.22526 66.63746 -0.19524 -0.01361 -0.98066 e
76.64795 69.14234 0.41664 -0.35234 0.83801 e
77.23857 74.96887 0.62469 -0.26716 -0.73375 e
77.24077 72.24596 0.05638 0.91354 0.40283 e
77.38873 98.54565 -0.70468 -0.42490 -0.56823 e
77.56745 29.84350 -0.83457 0.35714 0.41946 e
77.58900 71.17977 -0.22486 0.64327 -0.73188 e
77.99656 62.10906 -0.99460 0.10049 0.02577 e
78.07101 86.81497 0.51621 -0.54458 -0.66103 e
78.17282 60.04839 0.88292 -0.16581 0.43927 e
78.38632 64.64543 0.81006 -0.09487 -0.57862 e
78.39660 73.62525 -0.90061 0.38510 -0.20151 e
78.76048 87.59773 0.10938 0.82147 -0.55966 e
78.82632 66.59015 -0.73249 0.21852 0.64475 e
78.97301 52.73591 -0.45912 -0.87708 -0.14118 e
79.04434 82.67440 0.08102 -0.29181 -0.95304 e
79.31167 55.90003 -0.27581 0.01369 -0.96112 e
79.52688 76.08007 0.13874 0.57678 -0.80503 e
79.76735 37.57193 -0.16922 -0.75926 -0.62840 e
79.96343 57.86240 0.48455 -0.75365 -0.44410 e
79.97462 97.52342 -0.88106 -0.11193 -0.45958 e
80.23383 72.02488 0.06240 -0.58694 -0.80722 e
80.55693 58.79443 0.28914 -0.78681 0.54529 e
81.01576 36.38119 -0.39298 0.77842 -0.48952 e
81.37685 74.70091 -0.77308 0.54907 0.31760 e
81.46671 58.95131 -0.09592 0.99267 0.07353 e
81.63362 86.51108 0.12812 -0.61781 -0.77582 e
81.83199 42.32773 0.25156 0.33220 0.90904 e
81.86401 79.31044 0.22582 -0.02497 -0.97385 e
82.04540 64.58294 -0.28540 -0.95626 -0.06411 e
82.84564 90.75036 -0.19915 0.97984 0.01623 e
82.86304 44.22725 0.13819 0.09758 -0.98559 e
85.33904 49.45032 -0.82131 -0.32516 0.46874 e
85.74802 53.05487 0.83759 -0.39245 -0.38003 e
85.80570 54.02172 -0.88282 -0.19439 -0.42760 e
86.10374 47.09633 0.57495 0.67100 -0.46818 e
86.35375 94.69071 -0.09376 -0.31818 -0.94338 e
86.75993 48.10928 0.65914 0.69038 0.29819 e
86.98964 55.60397 -0.00695 -0.94086 -0.33873 e
87.19842 52.30741 0.56234 -0.29178 -0.77372 e
87.70481 55.78726 -0.89979 -0.42447 -0.10097 e
88.20257 96.64262 0.73964 -0.59885 0.30711 e
89.34720 54.75331 0.97186 -0.09856 0.21393 e
89.65471 78.97332 0.82066 0.29104 -0.49174 e
89.91968 45.77562 0.25373 -0.87292 -0.41669 e
90.50519 84.11503 -0.29299 -0.86817 -0.40055 e
90.77887 43.77509 -0.47448 -0.58377 -0.65885 e
90.83058 68.58875 -0.17319 0.40517 -0.89769 e
91.05225 99.49098 -0.88259 0.36398 -0.29757 e
91.50660 84.45885 0.61957 -0.54255 -0.56725 e
91.80669 80.95809 -0.32126 0.01095 -0.94693 e
91.81413 74.98454 -0.15095 0.98601 0.07068 e
92.11009 70.67695 0.87175 -0.15828 0.46369 e
92.54797 41.77937 -0.82951 0.14476 -0.53940 e
92.79414 63.75603 0.84531 0.51515 0.14168 e
93.32930 71.09175 -0.96079 -0.18041 -0.21055 e
93.41159 96.84310 -0.03274 0.52595 -0.84988 e
93.95174 32.45990 0.58227 -0.26080 -0.77003 e
94.37021 75.26541 0.66803 -0.49421 -0.55632 e
94.69803 68.00564 0.70835 -0.20342 -0.67592 e
95.51363 99.92086 -0.92948 0.01588 0.36852 e
95.72843 43.14235 -0.30466 0.76139 0.57225 e
95.84580 67.20147 0.59895 -0.64495 -0.47465 e
96.39616 67.23959 0.22684 0.91099 -0.34445 e
96.52129 41.05379 -0.76262 0.44511 -0.46935 e
96.85216 31.52291 0.78191 -0.56838 -0.25607 e
97.19930 69.43894 0.76196 -0.13384 -0.63364 e
97.25511 45.81179 0.67717 0.72843 0.10411 e
97.71371 91.16056 -0.79791 -0.57568 -0.17870 e
98.09957 65.28948 0.26588 -0.53132 -0.80436 e
98.20940 75.23218 0.50640 -0.05379 -0.86062 e
98.58988 51.53871 0.16529 0.97852 -0.12321 e
98.88915 31.64625 0.64088 0.49930 -0.58307 e
99.06758 90.44546 0.89825 -0.43138 -0.08402 e
99.09081 41.78624 0.34039 -0.63767 0.69102 e
99.47420 83.04723 -0.67018 -0.31620 -0.67147 e
99.84025 68.71100 -0.49991 0.33304 -0.79948 e
100.26971 93.98615 -0.42202 -0.86525 0.27064 e
100.28148 35.75566 0.43154 0.27077 0.86050 e
100.65145 83.41839 0.52109 0.36111 -0.77335 e
101.12559 81.72399 0.71742 0.10449 -0.68876 e
101.26167 42.01828 0.31209 0.25972 -0.91386 e
101.42108 84.16554 -0.00608 0.87601 -0.48225 e
101.51851 65.82410 -0.82153 -0.40760 -0.39870 e
101.60529 88.43693 -0.53592 -0.24402 -0.80823 e
101.73618 63.95619 -0.67937 0.23385 -0.69553 e
101.94345 73.53462 0.89707 0.35140 -0.26791 e
102.32680 94.03005 0.43504 0.84345 0.31518 e
102.37195 80.42540 0.40590 -0.23067 -0.88433 e
102.53954 46.85926 -0.01670 0.04770 -0.99872 e
102.55242 31.61141 -0.07385 -0.99407 -0.07984 e
102.72159 62.50153 -0.73618 -0.23037 -0.63637 e
103.28947 57.86352 -0.98182 -0.17171 0.08092 e
103.38736 72.47935 0.43622 -0.23899 0.86752 e
104.62414 70.53983 0.55275 -0.64085 -0.53270 e
104.92811 79.83593 0.30259 0.71650 -0.62854 e
105.14970 73.60104 -0.27616 0.91115 -0.30585 e
105.18913 92.15933 -0.25591 -0.60710 -0.75229 e
105.49970 86.78688 -0.24510 -0.68686 -0.68422 e
105.99053 58.17184 0.01717 0.99957 0.02396 e
106.10228 49.24456 0.45634 0.88874 0.04348 e
106.13141 85.44131 0.12731 0.15610 -0.97950 e
106.93255 38.80070 0.03648 0.47257 -0.88054 e
107.32596 45.01176 0.30818 0.94052 -0.14298 e
107.43243 39.81291 -0.21335 0.13378 -0.96777 e
108.26262 54.15086 -0.78821 0.46552 0.40252 e
108.39714 81.27986 0.13780 -0.77267 0.61967 e
108.54959 76.51469 0.90573 -0.24497 -0.34590 e
109.43752 59.50524 0.24405 -0.96773 0.06273 e
110.21993 51.33550 -0.71592 0.13766 -0.68448 e
110.33303 55.54447 -0.22357 -0.84909 -0.47860 e
110.56852 91.87697 -0.08505 0.64078 -0.76300 e
111.34003 57.53427 0.40525 0.13600 -0.90403 e
111.36719 65.00649 -0.92448 -0.26593 0.27317 e
111.53171 90.81019 0.10356 -0.87162 -0.47913 e
112.41564 45.73744 -0.56974 0.44368 -0.69177 e
112.45539 85.59531 -0.71945 -0.44582 -0.53257 e
113.39024 32.09456 0.57812 0.76817 -0.27512 e
113.40682 60.35668 -0.11109 0.99303 0.03938 e
113.40957 55.19810 0.63079 0.03037 -0.77536 e
113.49711 56.31378 0.32906 0.89080 0.31336 e
113.90974 43.66986 0.77429 0.33785 0.53511 e
113.95381 48.84900 0.98745 0.07499 -0.13897 e
115.12530 72.73365 -0.30691 0.14652 -0.94039 e
115.24755 41.09621 -0.93934 -0.25283 -0.23179 e
115.25689 93.01969 0.06584 -0.73417 -0.67576 e
115.36332 72.60698 -0.60505 -0.46934 -0.64314 e
115.42116 80.49857 0.59510 -0.50430 -0.62573 e
115.74605 60.65885 -0.63904 0.70762 -0.30150 e
116.70209 75.52241 -0.80701 0.58595 -0.07351 e
116.70555 41.52128 -0.79656 0.36862 -0.47917 e
117.25314 32.11033 0.68290 0.26047 -0.68250 e
117.64902 77.94430 -0.69197 -0.16520 -0.70277 e
118.00987 73.61991 0.12064 -0.83619 0.53501 e
118.08969 78.76221 -0.08676 0.92565 -0.36831 e
118.43084 59.46048 0.40218 0.11684 -0.90807 e
118.52981 76.91217 -0.31914 -0.74400 -0.58704 e
118.54561 93.11959 -0.85551 -0.17265 -0.48816 e
118.88534 88.30918 -0.35080 0.91184 0.21327 e
119.26948 92.32105 -0.93883 -0.26280 -0.22258 e
119.63709 62.43240 0.41550 0.00787 -0.90956 e
119.69538 42.28069 -0.75955 -0.46834 0.45138 e
119.79960 37.39567 0.64431 0.45521 0.61453 e
119.92960 77.08881 -0.44138 0.14578 -0.88540 e
120.23506 61.29415 0.12615 -0.39043 -0.91195 e
121.05751 64.25950 0.75287 -0.02758 -0.65759 e
121.07470 88.77271 0.12012 -0.09935 -0.98778 e
121.48153 54.09963 0.63628 -0.65565 0.40653 e
121.54927 66.01261 0.96839 -0.14978 -0.19946 e
121.84466 66.84316 0.37261 0.27873 -0.88514 e
122.88305 47.07371 -0.66328 0.74717 -0.04237 e
123.57772 44.45316 0.62499 0.73786 0.25486 e
123.60497 70.70551 0.77359 -0.52196 -0.35934 e
124.10291 71.89119 0.29727 -0.79178 -0.53359 e
124.20656 53.84310 -0.44664 -0.06759 -0.89216 e
124.82686 34.48326 0.22986 -0.18615 0.95525 e
124.89511 41.42666 -0.86988 -0.22650 -0.43820 e
126.59771 64.77232 0.95592 0.08373 0.28145 e
126.60076 93.95609 0.12432 0.99141 0.04062 e
126.77406 83.63146 0.83689 -0.54586 0.04052 e
127.03246 61.57579 0.01244 -0.99594 0.08914 e
127.47700 95.77547 0.48816 0.46696 -0.73732 e
127.73089 52.19082 -0.56662 0.65848 0.49533 e
127.89829 52.09389 0.36604 -0.87308 -0.32209 e
128.70871 60.77538 0.84071 -0.04829 -0.53934 e
128.77749 47.01503 -0.59095 0.03382 -0.80600 e
128.78242 79.72860 -0.13815 -0.97849 -0.15320 e
129.64120 62.95833 -0.11241 0.58360 -0.80422 e
129.71384 60.93544 -0.89596 0.18454 0.40399 e
130.12743 63.62747 0.15773 -0.63720 -0.75439 e
130.20975 40.97922 -0.62042 0.63714 0.45731 e
130.68891 99.56822 -0.22899 -0.60450 -0.76299 e
131.20131 54.04045 0.31108 0.94704 0.07963 e
131.26900 80.73187 0.98817 0.03903 -0.14834 e
131.44229 58.69794 0.24659 -0.53403 -0.80871 e
131.61630 50.08290 -0.54272 -0.69375 0.47346 e
132.19904 98.83332 -0.54297 0.83807 0.05302 e
133.14242 49.25732 -0.31435 -0.34584 -0.88407 e
133.68176 76.62995 0.14241 0.33617 -0.93097 e
134.29241 64.75548 0.14406 0.94432 0.29581 e
134.30197 43.91815 -0.84748 0.48382 0.21840 e
135.10161 49.43839 0.48867 -0.26757 0.83042 e
135.19822 84.66657 -0.57724 0.70620 -0.40996 e
136.09191 53.10170 -0.61526 0.40455 -0.67661 e
136.27365 76.50029 0.51558 0.85683 0.00472 e
136.37549 70.33934 0.26674 -0.83670 -0.47831 e
137.01368 50.14988 0.20442 0.53610 -0.81903 e
137.34648 59.13467 0.19339 -0.95133 0.23992 e
137.45728 71.16542 0.38155 0.21589 0.89878 e
138.13182 57.03338 0.04738 0.96540 0.25645 e
138.60019 47.46635 0.95603 -0.28043 -0.08582 e
139.01127 75.20916 0.18502 -0.50217 -0.84475 e
139.06762 62.41025 -0.21447 0.93637 -0.27788 e
139.22059 67.65690 0.90051 -0.28656 -0.32705 e
139.41330 55.00520 -0.58287 0.78473 -0.21084 e
139.61917 77.81414 0.32704 -0.88062 -0.34287 e
139.64487 48.73804 -0.63175 -0.52206 -0.57301 e
140.04463 74.87832 0.87544 -0.17894 -0.44898 e
140.08891 70.42764 -0.19709 -0.30508 -0.93171 e
140.16159 57.88942 -0.17291 0.62432 -0.76179 e
140.77176 38.97878 0.59756 -0.36864 -0.71206 e
141.08919 51.21316 -0.71146 0.63891 0.29259 e
141.24641 81.61082 0.21537 0.87523 -0.43312 e
141.24785 73.77287 0.08070 0.98767 -0.13412 e
141.67808 86.94187 0.62903 -0.59675 -0.49820 e
141.95292 71.36159 0.47441 -0.39632 0.78605 e
142.26243 50.86167 0.96593 -0.24878 -0.07135 e
142.42686 52.39209 0.41870 -0.90003 -0.12100 e
142.63759 33.38907 0.56426 0.18861 0.80377 e
142.78539 50.51841 0.32824 -0.31771 -0.88956 e
142.79975 57.01987 0.48279 0.62656 -0.61184 e
142.94395 88.28599 0.16918 -0.86161 0.47854 e
143.03536 83.48633 -0.31908 -0.94691 0.03932 e
143.13983 69.37024 0.41030 -0.72579 -0.55216 e
143.24112 39.74490 -0.11528 0.33322 0.93578 e
143.34815 93.00858 -0.25340 0.62618 -0.73735 e
143.42202 84.37940 -0.98060 0.06192 -0.18596 e
143.50743 84.85938 -0.46503 -0.51049 -0.72328 e
143.57409 91.98425 -0.66111 0.50860 -0.55160 e
144.46257 53.49403 -0.56383 -0.80593 0.18049 e
144.95110 53.99665 -0.52137 0.42257 -0.74135 e
145.16070 59.57773 0.81889 0.55780 -0.13523 e
146.16923 69.19859 0.16295 -0.47987 0.86208 e
147.58668 54.52110 0.98384 -0.08874 -0.15549 e
148.35269 97.00989 -0.20422 0.59067 -0.78065 e
148.48707 44.34667 -0.60471 0.78066 -0.15779 e
149.39325 59.88639 0.33299 0.65758 0.67580 e
149.91683 59.88298 -0.02375 -0.96745 -0.25194 e
150.06658 32.22938 -0.79782 -0.60288 0.00498 e
150.20006 35.87813 -0.50175 -0.75363 0.42460 e
150.37276 52.35745 0.05256 0.05432 -0.99714 e
152.72240 69.98171 -0.82076 0.53883 -0.18976 e
153.01808 65.33343 -0.32305 0.10298 -0.94076 e
153.12052 73.40186 -0.27233 0.25672 -0.92732 e
153.52423 63.43575 0.94262 -0.26678 -0.20076 e
154.37575 96.76298 -0.22885 -0.17142 -0.95825 e
154.51264 76.87789 0.77510 -0.48394 -0.40623 e
154.96635 86.27544 0.59682 -0.80234 -0.00678 e
155.58151 84.92645 0.12804 0.57250 0.80985 e
156.12077 93.61051 -0.07668 0.53521 -0.84123 e
157.13300 76.73725 0.60183 -0.20373 -0.77220 e
158.39589 69.80081 0.66793 -0.65441 -0.35442 e
158.98762 67.86961 0.89407 0.34354 -0.28744 e
159.29339 50.11044 -0.42935 0.75612 -0.49390 e
160.07575 39.52569 0.33500 0.41917 -0.84384 e
160.13205 74.73956 0.15526 -0.18065 -0.97121 e
160.34591 40.56810 0.37630 0.71685 -0.58696 e
160.43076 43.27677 0.51895 0.13863 -0.84349 e
160.45423 48.15320 -0.84289 0.22907 -0.48689 e
160.70567 65.38459 -0.07531 0.56200 -0.82370 e
160.80618 84.20935 -0.94853 0.02594 -0.31563 e
161.46306 54.51045 0.34014 0.86867 0.36015 e
161.55565 51.62822 0.20151 -0.13909 0.96956 e
161.58846 89.68233 -0.26202 -0.69888 -0.66552 e
161.87396 88.18216 -0.65667 -0.62646 -0.41993 e
162.17445 85.02107 -0.31158 0.77911 -0.54398 e
162.30021 34.79003 0.74627 -0.64782 -0.15300 e
162.96079 64.18776 0.32454 -0.81732 -0.47610 e
163.51663 88.15373 -0.20053 -0.96451 -0.17179 e
163.71981 67.03758 -0.69902 -0.51961 -0.49130 e
164.87244 80.74788 0.30083 0.71525 -0.63080 e
167.06825 89.80460 0.56665 0.71443 -0.41049 e
167.09719 64.95790 0.80502 -0.38051 -0.45515 e
167.26411 94.80587 -0.13119 -0.41760 -0.89911 e
167.53499 47.85996 0.14677 -0.02935 -0.98873 e
167.60387 83.58142 0.89814 0.26315 -0.35226 e
168.27679 89.55776 -0.19610 -0.38712 -0.90093 e
169.25934 84.43920 0.01070 -0.93629 -0.35106 e
169.67681 69.24816 -0.33358 0.90731 -0.25595 e
169.97203 53.99161 0.77918 -0.36327 -0.51079 e
170.56367 69.83487 0.50861 -0.30704 -0.80439 e
170.88021 55.59941 0.88499 0.43952 -0.15364 e
171.62648 56.35378 -0.41472 0.70392 -0.57663 e
171.96789 44.75779 -0.66690 -0.49539 0.55663 e
172.77277 37.22436 0.61441 -0.02307 0.78865 e
173.40335 76.49588 -0.64122 0.67016 -0.37379 e
173.72100 53.21794 0.10360 -0.99455 0.01209 e
174.08461 91.47406 -0.68710 0.72513 -0.04563 e
174.09018 48.52049 -0.33133 -0.26678 -0.90501 e
174.87523 44.92802 -0.00098 0.93745 -0.34811 e
175.16421 56.92176 -0.10386 0.84804 -0.51965 e
175.43489 62.57107 0.44274 0.51201 -0.73609 e
176.11747 54.36943 -0.18570 0.80780 -0.55944 e
176.34416 93.39778 0.81871 -0.51005 0.26376 e
176.46616 76.67196 -0.60460 0.08089 -0.79241 e
177.48765 82.81119 -0.81889 -0.55922 0.12923 e
178.07017 74.02652 0.03805 0.99812 0.04803 e
178.22984 38.37760 -0.52120 -0.64659 0.55701 e
179.58551 45.91874 0.45787 0.47829 -0.74940 e
179.88346 55.46266 -0.42412 0.19910 -0.88345 e
180.22594 67.22367 -0.90754 -0.07687 -0.41287 e
180.43116 48.47062 0.05953 -0.52431 -0.84944 e
180.80107 90.85731 -0.54521 0.79599 -0.26295 e
181.39602 67.40244 0.85048 0.51179 0.12150 e
182.95791 41.96103 -0.97826 0.17109 0.11721 e
183.00613 79.61337 -0.12204 0.47830 -0.86967 e
183.72853 44.24493 -0.52307 -0.12799 -0.84262 e
184.28567 68.81212 -0.48132 -0.87506 -0.05089 e
184.29261 52.50297 0.36898 -0.67524 -0.63867 e
184.67097 69.49577 0.99031 -0.02829 0.13598 e
185.24457 40.89276 -0.87547 -0.45195 -0.17117 e
185.87523 77.06895 0.64265 0.32007 -0.69610 e
185.91092 68.90089 -0.72470 0.67865 0.11936 e
186.31461 80.04591 0.55813 -0.53900 0.63085 e
187.30163 99.16790 -0.30991 0.13688 -0.94086 e
187.30238 36.98426 -0.27449 -0.93750 0.21391 e
187.32846 47.63098 0.23869 -0.11204 -0.96461 e
187.91029 63.01429 -0.79280 0.39862 0.46105 e
187.99527 45.91184 -0.76755 -0.41843 -0.48557 e
188.35405 65.04921 0.35533 -0.47267 -0.80643 e
188.92044 73.74177 0.03591 0.57676 -0.81612 e
189.00191 44.41416 0.00667 0.15709 -0.98756 e
189.05221 98.85094 -0.20553 -0.93937 -0.27448 e
189.27123 90.42383 0.28289 0.94673 0.15390 e
190.74891 49.10608 -0.79360 0.60648 0.04883 e
190.91495 76.72290 0.05773 -0.50963 -0.85845 e
191.12329 72.55441 -0.06042 0.91562 0.39748 e
191.51662 69.52012 0.59060 -0.02052 0.80670 e
191.55047 82.62744 -0.11751 0.70995 -0.69437 e
192.07221 59.95493 -0.81825 -0.29188 -0.49524 e
192.14927 46.74592 -0.90872 -0.33882 -0.24378 e
192.15836 88.62691 -0.87162 0.35133 0.34182 e
192.16181 59.01481 0.03075 0.16873 -0.98518 e
192.68320 50.02033 0.62730 -0.64652 0.43417 e
193.24139 41.46158 -0.84515 0.46611 -0.26165 e
193.63230 68.02153 0.26140 0.95779 -0.11965 e
194.08658 52.14368 -0.25761 -0.91423 0.31275 e
194.20215 44.05329 0.38933 0.00256 -0.92110 e
194.35981 67.28777 -0.18956 -0.59633 -0.78004 e
194.99887 77.81919 0.98419 -0.10685 -0.14127 e
195.09548 78.17744 0.99436 0.10339 -0.02382 e
195.09755 30.21277 0.03237 0.95306 0.30105 e
195.49653 31.44311 -0.87776 0.15800 0.45231 e
195.95879 57.77961 -0.35042 0.60505 -0.71493 e
196.20977 45.58361 -0.84623 0.22323 0.48380 e
196.41108 41.28503 -0.39756 -0.86739 0.29931 e
196.89325 58.20941 0.55997 0.80784 0.18389 e
197.15963 92.28124 0.13613 0.59960 -0.78864 e
198.02188 83.89997 -0.78611 -0.39638 -0.47426 e
198.24973 60.35440 0.32239 -0.72593 -0.60753 e
198.48906 65.62478 -0.81060 -0.58560 -0.00262 e
198.84509 84.19424 -0.50567 -0.80165 -0.31883 e
199.90121 63.41555 0.91803 0.38017 -0.11266 e
200.64146 76.15015 -0.24879 -0.11394 0.96183 e
200.69485 50.19552 0.14998 0.22296 -0.96322 e
201.25028 47.77512 -0.60220 -0.55080 -0.57791 e
202.32977 81.38068 0.60556 0.75622 -0.24784 e
203.47551 43.25631 -0.82097 -0.33642 0.46134 e
204.22820 42.54408 0.25244 -0.67134 0.69684 e
204.53816 66.57094 -0.82682 0.04405 -0.56074 e
204.60068 72.25107 -0.79454 0.10321 -0.59837 e
204.93241 29.56602 -0.61293 -0.77549 -0.15143 e
205.27647 73.08882 -0.27678 0.11606 -0.95390 e
205.28066 50.92002 0.86833 0.48152 -0.11891 e
205.90462 48.78507 -0.20549 0.97862 -0.00923 e
206.36442 51.04686 -0.97992 0.00365 -0.19937 e
206.37923 59.85267 -0.21391 0.48715 -0.84672 e
208.31793 39.08815 -0.13427 0.18348 0.97381 e
208.92825 65.48308 0.66322 -0.48163 -0.57287 e
209.65423 64.74511 -0.80659 -0.13388 -0.57575 e
210.50601 49.47616 0.92978 0.09125 -0.35663 e
210.83406 60.88298 0.97204 -0.07270 -0.22328 e
211.27091 45.73413 -0.43530 -0.89995 0.02472 e
211.29484 67.26407 0.94461 0.17863 -0.27533 e
212.49848 47.83933 0.15860 0.40352 -0.90112 e
212.91607 40.30411 -0.60120 0.12146 -0.78981 e
212.97767 83.80770 0.34038 -0.91725 -0.20689 e
213.07434 84.48669 -0.37350 0.34818 -0.85981 e
213.11497 67.37281 0.83613 -0.12374 -0.53439 e
215.90261 80.48978 -0.37705 -0.63552 -0.67376 e
216.35778 80.41176 0.08895 0.25347 -0.96325 e
216.82974 86.42049 0.46160 0.46617 -0.75472 e
216.84666 71.31235 0.33821 0.90218 -0.26773 e
217.29462 69.12263 -0.24560 -0.96932 -0.00988 e
217.69241 52.78354 0.09384 0.45142 -0.88736 e
218.15941 75.07873 0.12442 -0.46964 -0.87405 e
218.50965 93.02016 0.51122 -0.09989 -0.85363 e
219.07561 67.74458 0.30025 0.65161 0.69660 e
219.71549 97.62822 0.31052 0.19536 -0.93027 e
219.85731 52.13344 -0.55820 0.43022 -0.70945 e
219.97312 39.40620 -0.77970 0.05512 0.62373 e
220.11095 56.49929 -0.77697 -0.07787 -0.62470 e
220.50281 60.91956 -0.85582 0.11995 0.50318 e
221.71409 47.39519 -0.48342 -0.64954 -0.58685 e
223.38721 88.79590 0.48122 0.68555 0.54630 e
223.87309 60.04092 -0.59248 -0.36702 -0.71712 e
224.39563 97.09550 0.39145 0.22056 -0.89338 e
224.91770 47.00861 -0.50628 -0.09361 -0.85727 e
225.69183 43.54614 0.52072 -0.34826 0.77947 e
227.05965 77.96461 -0.59488 0.78875 -0.15488 e
227.06923 70.38244 0.09800 -0.97845 0.18177 e
228.03796 66.07374 0.25392 0.93908 0.23161 e
228.74402 60.63420 0.77998 -0.26116 0.56871 e
229.06839 55.71411 0.01055 0.25735 -0.96626 e
229.71319 67.09728 -0.55368 -0.74161 0.37875 e
230.95858 70.70125 -0.58050 -0.66138 -0.47497 e
231.00055 69.26343 0.02791 0.31600 0.94835 e
231.48843 58.03516 -0.46979 0.77785 -0.41743 e
232.47224 29.95920 -0.20888 -0.37935 -0.90137 e
232.97104 61.46669 0.74897 -0.25993 -0.60949 e
234.10354 64.17013 0.02725 -0.07538 -0.99678 e
234.72111 40.52295 0.72792 -0.67531 0.11871 e
235.04519 37.05029 -0.88256 0.43064 0.18877 e
235.91309 69.72347 -0.59632 -0.08160 -0.79859 e
236.63679 56.41171 -0.70594 0.66053 -0.25565 e
237.00523 75.69451 0.56498 -0.66216 -0.49228 e
237.46006 55.05887 0.07636 -0.01085 0.99702 e
237.76446 34.90375 -0.68635 -0.60312 -0.40641 e
238.37993 50.12827 0.25300 -0.92655 -0.27837 e
238.67301 71.43353 0.27432 -0.25261 -0.92787 e
242.24781 50.37333 0.15098 -0.86834 -0.47243 e
243.18183 95.96586 0.71990 -0.46300 0.51709 e
243.51080 78.40216 0.71530 0.68568 0.13485 e
245.23240 76.81099 0.62747 -0.47417 -0.61761 e
245.89831 52.80902 0.32618 -0.15614 0.93232 e
246.11721 74.10584 -0.60747 -0.75615 -0.24335 e
246.33434 50.75746 -0.95448 -0.29404 -0.05006 e
246.49545 92.22521 0.80969 0.58541 -0.04136 e
247.12462 51.78665 -0.43439 0.33142 -0.83754 e
247.61833 44.08528 0.76752 0.31964 -0.55564 e
247.77376 51.68756 -0.91158 -0.27255 -0.30778 e
248.01232 77.56812 0.82475 -0.32989 -0.45931 e
248.29797 51.19030 -0.96975 0.00199 0.24411 e
248.85912 41.39551 -0.49219 0.07018 -0.86765 e
249.40941 64.14644 -0.91337 -0.29303 -0.28263 e
251.25323 33.18768 0.63596 0.69525 -0.33493 e
251.42499 75.20700 0.21596 -0.17833 -0.95998 e
251.46757 22.49980 0.84023 -0.38654 0.38026 e
251.76797 70.35421 -0.07833 0.83781 -0.54031 e
251.95710 85.14743 -0.78430 -0.27730 -0.55496 e
252.59145 83.45595 -0.37362 0.73107 0.57092 e
252.68813 77.80881 0.54188 0.69159 -0.47757 e
252.96301 65.95274 0.38395 -0.40723 -0.82870 e
253.14920 64.84337 -0.13972 -0.41771 -0.89777 e
253.26082 29.44440 0.89695 0.09267 0.43231 e
253.65120 30.10473 0.54186 -0.54556 0.63934 e
253.65904 42.86886 0.39939 -0.34391 -0.84983 e
254.11767 72.25847 0.22526 0.73448 -0.64016 e
254.29108 66.80660 0.89559 0.30788 -0.32113 e
254.55634 85.62834 0.28206 -0.27302 -0.91973 e
254.56382 96.67078 -0.19241 0.89572 -0.40082 e
255.28471 63.79840 0.91874 -0.19848 -0.34136 e
256.95244 47.73368 -0.63377 -0.43369 -0.64051 e
257.40185 85.99650 0.84927 0.45736 -0.26373 e
257.83091 71.18258 0.67674 -0.69209 0.25107 e
258.07006 47.15332 0.20295 0.79120 0.57690 e
258.23765 51.07275 0.53055 0.73008 0.43070 e
259.52080 57.26999 0.79759 0.58492 -0.14735 e
259.72760 59.60625 -0.79332 0.25092 -0.55469 e
259.75016 75.26028 -0.30202 0.94720 0.10770 e
260.71567 31.99705 -0.35880 0.81141 -0.46139 e
261.31846 86.13529 0.45039 -0.30909 -0.83762 e
262.32969 81.39583 -0.21159 0.46548 -0.85939 e
262.71691 30.57914 -0.13539 -0.95522 -0.26310 e
262.73963 82.26436 0.99214 0.04554 -0.11656 e
262.95057 52.88706 0.82252 -0.37611 -0.42661 e
263.00759 45.09093 0.53657 -0.33698 0.77365 e
263.32106 37.33808 0.96510 -0.23137 0.12266 e
263.37072 84.08430 -0.91322 -0.29958 -0.27619 e
263.48087 75.93006 0.46781 -0.43156 -0.77130 e
263.55786 70.62152 0.23367 0.96513 -0.11801 e
267.28341 46.81760 0.34450 -0.52079 -0.78109 e
267.72446 58.46698 0.92570 -0.17382 -0.33595 e
270.96998 37.07787 0.32405 -0.41404 0.85063 e
272.28407 43.63439 -0.42757 0.18533 -0.88478 e
272.74975 64.31365 0.59830 -0.15164 -0.78679 e
273.11494 67.05954 0.82211 -0.35788 -0.44279 e
273.14625 40.50519 -0.62891 -0.58136 -0.51623 e
273.49588 59.06994 0.18144 0.64880 -0.73901 e
273.55486 84.08453 0.09812 -0.90956 -0.40382 e
274.05338 78.15712 0.27079 -0.77371 -0.57275 e
274.40828 79.43906 0.72129 -0.68392 0.10957 e
275.01616 35.50016 -0.03915 -0.99846 0.03930 e
275.11459 47.14110 -0.57389 0.52557 -0.62803 e
275.66503 49.43747 -0.37816 -0.84454 0.37915 e
275.70970 69.05310 -0.90022 -0.42023 0.11405 e
276.24734 47.95450 -0.89973 -0.39106 0.19377 e
276.57541 62.23542 -0.00182 -0.11740 -0.99308 e
276.60101 54.01591 -0.17092 0.98496 -0.02522 e
277.14182 67.68105 0.56614 -0.07255 -0.82111 e
277.65856 37.58809 -0.85034 0.52598 -0.01611 e
279.92030 54.75103 -0.22030 -0.94207 -0.25293 e
280.00025 55.26124 -0.30954 0.02471 0.95056 e
281.34223 74.48879 -0.79266 -0.50574 -0.34048 e
282.21452 44.21725 0.71448 -0.59298 -0.37135 e
284.39431 69.23400 -0.46159 -0.45840 -0.75948 e
285.23571 53.03412 -0.23264 0.84881 -0.47476 e
285.77702 64.64981 -0.20859 -0.38331 -0.89976 e
286.38507 69.98601 -0.49772 -0.85487 0.14655 e
286.51413 99.72330 -0.94513 -0.31282 0.09421 e
286.53468 64.77777 -0.39247 0.90030 0.18821 e
286.91370 98.01583 -0.20521 0.40312 -0.89184 e
286.96811 50.93972 -0.41952 0.25105 -0.87234 e
287.37866 44.78161 0.98756 -0.09650 0.12418 e
287.46394 71.90294 0.91041 -0.06959 -0.40781 e
288.52475 59.93993 -0.36976 0.49502 -0.78628 e
288.60362 74.20120 0.84121 0.54037 -0.01918 e
289.13573 62.27582 0.72544 -0.57291 -0.38145 e
289.26496 32.21721 0.30035 0.84289 0.44646 e
289.32099 71.83575 -0.75647 0.30935 -0.57624 e
289.51962 42.68858 0.64221 0.27510 0.71547 e
290.01927 66.81385 0.54000 -0.31684 -0.77975 e
290.88624 90.74594 0.29980 0.69564 -0.65284 e
291.10528 86.68897 -0.77409 -0.61975 -0.12921 e
291.66537 94.03256 -0.86816 0.46372 0.17681 e
291.66750 52.46516 0.36461 0.05851 -0.92932 e
293.51762 46.32935 -0.41056 -0.57927 0.70419 e
293.98894 97.82301 0.26488 -0.73711 -0.62170 e
294.05150 70.72125 -0.07863 -0.47358 -0.87723 e
294.69501 40.59116 -0.21233 0.05799 -0.97548 e
295.50464 47.98268 0.47741 -0.83827 0.26342 e
296.17688 96.09356 0.23965 0.75695 -0.60795 e
296.47348 47.35938 -0.44261 0.04611 -0.89553 e
297.48250 44.30367 0.60209 0.09317 -0.79298 e
297.76234 62.47408 -0.00102 0.37368 -0.92756 e
297.99698 54.12224 -0.85141 0.39376 0.34648 e
298.70551 65.14567 -0.27617 0.44665 -0.85102 e
299.13725 53.78302 -0.12402 0.01337 -0.99219 e
299.15526 58.62620 -0.20824 0.88101 -0.42479 e
299.96731 86.87432 0.35747 0.70916 -0.60771 e
300.01681 67.92287 0.66914 0.15827 -0.72609 e
300.15120 46.01025 -0.22679 -0.92318 -0.31033 e
300.20713 57.84810 -0.83736 -0.48082 0.26007 e
300.44540 87.32607 0.14077 -0.06828 -0.98769 e
300.59060 83.18801 0.21600 -0.54959 -0.80703 e
300.64393 62.82482 -0.73752 0.18907 -0.64832 e
301.49231 47.48914 -0.30236 0.77803 -0.55068 e
301.93146 44.18820 0.13039 -0.27427 -0.95277 e
302.55340 41.25802 -0.37321 -0.20198 -0.90549 e
303.14157 58.85987 -0.68955 0.57849 -0.43574 e
303.97479 59.64964 -0.10658 -0.92449 -0.36600 e
303.98140 65.43301 -0.35116 0.92284 -0.15829 e
304.02319 62.09462 0.99505 0.09274 0.03570 e
305.12852 57.75875 0.53972 -0.34925 -0.76598 e
305.33816 65.91837 0.58919 0.32028 -0.74180 e
306.34097 44.91329 0.00107 -0.98459 -0.17489 e
306.95409 92.93931 0.80866 0.01107 0.58817 e
307.43768 57.22746 -0.08054 -0.44173 -0.89353 e
307.46931 68.50545 -0.51433 0.32421 0.79395 e
308.08003 69.58231 -0.61624 0.78263 0.08802 e
308.23613 83.53529 0.91129 0.30724 -0.27414 e
308.40667 87.17123 0.70327 0.70827 0.06140 e
308.67229 30.64775 -0.30879 -0.20139 -0.92956 e
308.70517 83.74109 0.81298 0.57518 -0.09072 e
309.72682 53.60333 0.76715 -0.59232 0.24625 e
311.11053 34.84765 0.68671 -0.42046 -0.59300 e
311.93362 64.84191 -0.86087 -0.50783 0.03165 e
312.07551 42.27917 0.03096 0.20744 -0.97776 e
312.13381 75.02051 0.43038 -0.90245 0.01874 e
312.39351 81.04959 -0.04688 -0.99438 0.09495 e
313.35426 71.75520 0.44676 0.82342 -0.34984 e
313.66159 64.71134 -0.82763 -0.12899 -0.54626 e
313.86384 78.67549 -0.58907 -0.71215 0.38190 e
313.95425 53.04083 -0.25488 0.91373 0.31645 e
314.04515 40.00488 0.96360 0.00119 -0.26736 e
314.43391 82.48562 0.62446 0.49977 -0.60023 e
314.56667 55.63787 0.04572 0.34271 -0.93833 e
314.67300 68.85248 -0.43369 0.31245 -0.84515 e
315.20604 66.22387 0.74275 0.42057 -0.52100 e
315.46399 46.89123 0.34356 0.75229 0.56216 e
316.41091 71.93187 -0.21382 -0.41703 -0.88339 e
316.73752 56.29317 -0.34062 0.77350 -0.53449 e
316.93936 84.32473 0.89210 0.36707 -0.26346 e
317.21723 67.52821 -0.06027 0.98286 -0.17422 e
318.05983 49.39915 -0.19137 -0.78399 -0.59054 e
318.11595 96.58057 0.12427 0.07330 -0.98954 e
318.16361 69.14813 -0.51778 -0.55245 0.65322 e
318.18239 81.63382 0.73371 0.11827 -0.66909 e
318.25927 62.66657 0.61389 0.72619 -0.30948 e
318.38498 99.09337 0.38465 -0.91967 -0.07908 e
319.03873 53.68307 0.75287 0.52167 -0.40131 e
319.26897 51.79345 0.38156 -0.20947 -0.90030 e
319.94285 84.66426 0.13896 0.75534 -0.64044 e
320.63951 52.41226 -0.17434 -0.06734 -0.98238 e
320.78844 75.54171 0.36542 -0.32007 -0.87408 e
321.54455 37.39854 0.00458 -0.46782 0.88381 e
321.70561 77.76697 0.85218 0.29314 -0.43343 e
323.96081 90.18598 0.87336 -0.47543 0.10588 e
324.47936 50.00147 0.25948 -0.23982 -0.93550 e
324.49617 79.20336 0.26524 -0.50994 -0.81829 e
324.61583 78.05725 -0.52518 -0.84886 0.06021 e
326.18287 90.51903 -0.71421 -0.50766 0.48186 e
327.41367 46.63330 0.55232 -0.21820 0.80457 e
328.31107 79.57368 -0.47753 -0.63559 -0.60662 e
328.64078 57.12854 0.99302 0.11679 -0.01637 e
328.73483 72.65970 -0.35843 -0.85445 0.37608 e
329.24241 58.64066 0.05526 -0.06245 -0.99652 e
329.27108 69.45222 0.61740 0.55907 0.55341 e
329.97083 35.57256 -0.10476 0.79621 0.59588 e
330.84689 70.31779 -0.53290 0.12851 -0.83636 e
331.00541 45.30330 0.23823 -0.89506 0.37697 e
331.29373 48.86329 0.57356 0.80718 -0.13963 e
331.75904 83.13034 0.06925 -0.63032 -0.77324 e
332.65434 57.59830 -0.35899 -0.33693 -0.87040 e
332.70783 43.26202 -0.30598 -0.77056 -0.55912 e
332.90423 55.86386 0.09732 0.57671 -0.81113 e
333.21832 56.74731 -0.95740 0.25239 0.14028 e
333.47200 62.60020 0.01129 0.37293 -0.92779 e
333.55865 50.75944 -0.60526 0.31711 0.73014 e
333.66924 38.23508 0.76367 0.48329 -0.42806 e
334.45593 37.55684 0.54132 -0.39022 0.74479 e
335.21381 68.10749 -0.84095 0.53638 -0.07143 e
335.95988 63.01987 -0.39128 0.83298 0.39121 e
336.06444 66.02591 0.70954 0.70389 0.03298 e
336.91155 70.56588 0.78576 0.09708 -0.61086 e
336.92273 44.71497 -0.34002 -0.42102 -0.84091 e
337.69259 33.62015 0.12764 -0.68219 -0.71995 e
337.88382 64.86913 0.41790 0.79014 -0.44836 e
339.31237 81.41530 -0.51042 -0.83117 0.22049 e
339.32467 78.21327 0.80019 0.06988 -0.59566 e
339.75085 55.83163 0.88676 0.21924 -0.40693 e
339.97865 82.42159 0.86231 0.31634 0.39541 e
340.86614 56.52383 0.70285 0.39036 -0.59466 e
342.45402 96.81922 -0.72726 0.68634 -0.00559 e
342.46652 94.66433 0.95165 -0.29776 -0.07543 e
342.54698 80.14983 -0.24320 0.86418 -0.44050 e
343.17438 60.84187 0.70646 -0.04429 -0.70637 e
343.88210 63.42062 0.69834 0.25473 -0.66890 e
344.60529 57.75953 0.19749 0.78734 -0.58404 e
344.71338 45.57549 0.37315 -0.71656 -0.58932 e
345.75533 61.08044 0.03769 0.55591 0.83039 e
346.52810 86.38232 0.82595 -0.39211 -0.40505 e
346.64564 76.05981 -0.73239 -0.25082 -0.63301 e
346.71001 83.44419 0.30868 -0.19275 -0.93143 e
346.90388 64.99236 0.07885 -0.16786 -0.98265 e
347.11261 43.72224 0.96671 -0.01813 -0.25524 e
347.26498 50.25538 0.86813 -0.47144 0.15519 e
347.89905 68.28936 -0.92005 0.37695 -0.10688 e
348.59509 73.54561 -0.00109 0.98094 -0.19433 e
348.70466 78.37911 -0.53589 -0.61514 -0.57830 e
349.54652 51.25254 0.34734 0.00567 -0.93772 e
349.86359 57.32713 -0.98310 -0.05718 0.17390 e
350.46706 41.59028 0.16361 0.98643 -0.01398 e
350.75350 48.39734 -0.31861 -0.81499 0.48402 e
350.77537 83.81141 -0.13038 0.61372 -0.77868 e
350.94536 56.97212 -0.59091 -0.70533 -0.39158 e
351.30298 44.12526 0.82177 0.40158 -0.40426 e
351.45617 65.50651 -0.51679 0.16777 0.83951 e
352.36247 85.88963 -0.07564 0.28732 -0.95484 e
354.44733 89.52856 -0.46624 -0.26564 -0.84383 e
354.93066 61.75702 0.90289 0.40062 -0.15588 e
355.24394 40.23199 0.06443 0.56600 -0.82188 e
355.39024 64.16016 0.75218 -0.22515 -0.61930 e
355.64702 53.82855 -0.25691 0.95845 0.12399 e
355.86625 39.65332 0.76725 0.64023 0.03781 e
356.89985 55.27265 0.88709 -0.26996 -0.37443 e
357.19744 95.78323 -0.99544 0.08918 -0.03389 e
357.54101 63.07565 -0.23522 0.93308 -0.27209 e
357.69370 35.26488 0.19939 0.68374 -0.70196 e
357.98508 83.59667 -0.64626 -0.74377 -0.17077 e
358.32133 65.98782 0.23263 0.47674 -0.84770 e
358.97244 87.49338 0.13262 -0.30717 -0.94237 e
359.85267 37.02845 0.13485 0.51186 0.84842 e
359.88246 58.01389 0.70235 0.60840 0.36954 e
360.19280 35.69954 0.59028 0.78340 -0.19456 e
361.04895 74.00647 -0.27877 -0.50320 -0.81797 e
361.85023 72.08510 -0.45281 0.76917 0.45093 e
362.74466 61.60271 0.09376 -0.79111 -0.60445 e
362.99153 42.29940 0.11986 0.07125 -0.99023 e
363.03810 48.83766 0.10243 0.85289 -0.51194 e
363.17804 58.92110 -0.20255 0.96508 -0.16610 e
363.19334 50.76932 -0.36544 -0.14194 -0.91995 e
363.50065 33.23871 0.89334 0.29005 -0.34324 e
363.76858 79.42903 -0.32602 0.32481 -0.88781 e
363.96240 53.95258 -0.86366 0.50153 -0.05055 e
364.17521 81.44833 0.22613 0.63106 -0.74204 e
364.19540 36.52600 0.05533 -0.96578 0.25339 e
364.94699 70.84108 0.05225 0.50486 0.86162 e
366.43029 84.79654 -0.68511 0.62193 0.37924 e
366.43916 60.42976 0.42451 0.30055 -0.85409 e
366.45875 40.52533 -0.89792 -0.33193 -0.28906 e
367.22304 83.70266 0.79695 0.50098 -0.33747 e
367.50383 66.86398 0.55266 -0.40160 -0.73027 e
369.54465 94.71546 -0.35786 -0.54629 -0.75730 e
369.98791 54.29183 -0.22990 0.18676 -0.95513 e
371.05324 67.43917 -0.32587 0.85055 -0.41276 e
371.60496 69.29930 0.00868 -0.18870 -0.98200 e
371.74245 43.29769 -0.37713 -0.91144 -0.16447 e
373.27648 92.60470 -0.50991 0.85808 0.06073 e
374.51096 63.77798 -0.53575 0.66169 -0.52454 e
374.79516 84.32919 0.66947 0.65004 0.35953 e
375.44195 78.25503 -0.10572 -0.67031 -0.73451 e
382.75525 57.79259 -0.80720 -0.56960 -0.15488 e
402.62563 55.13976 -0.77643 0.23322 -0.58546 e
407.22204 43.94418 0.37147 0.67109 -0.64160 e
409.87621 41.17770 -0.64277 -0.43299 -0.63196 e
411.08209 64.31264 0.55046 0.59519 -0.58544 e
411.55811 35.19591 -0.81908 -0.44136 -0.36647 e
414.78170 55.71955 -0.41126 0.89669 -0.16376 e
423.34478 80.57424 -0.30165 -0.88066 0.36530 e
436.67638 82.37864 0.16262 0.49030 -0.85625 e
437.68689 99.91532 -0.12609 0.98299 -0.13353 e
448.81650 95.47353 -0.32278 0.84592 -0.42455 e
458.31834 35.91358 -0.90314 -0.03954 -0.42752 e
461.70762 40.92287 0.20420 -0.32651 0.92287 e
481.14769 55.00400 0.93038 0.30644 0.20119 e
485.43542 36.26787 -0.20231 -0.97021 -0.13324 e
490.61118 66.85473 0.94967 0.29821 -0.09590 e
501.93969 32.75016 -0.84938 -0.34523 -0.39921 e
546.41484 37.81921 0.02897 0.56977 -0.82129 e
554.21929 43.62592 -0.23782 -0.21497 -0.94722 e
577.47918 59.13478 -0.98609 -0.15013 -0.07133 e
597.95016 58.12016 -0.44470 -0.18957 -0.87539 e
635.77271 24.34656 0.56849 0.53480 -0.62515 e
662.11249 54.83334 -0.55504 -0.74809 -0.36371 e
666.82322 42.63008 0.37120 -0.54664 0.75060 e
684.86104 33.09096 0.19148 -0.64610 0.73885 e
703.09111 35.63940 0.32623 0.62466 -0.70949 e
706.21935 41.43903 0.69697 -0.57732 -0.42536 e
710.21766 49.46197 -0.61657 0.31379 -0.72207 e
766.19113 29.92134 -0.80482 -0.29249 -0.51644 e
783.46497 46.22320 -0.47847 -0.83682 -0.26608 e
798.35672 42.65821 -0.54413 0.39649 -0.73941 e
829.48626 49.46188 -0.97004 -0.19553 -0.14421 e
841.86404 44.73083 0.45715 0.87965 -0.13129 e
870.22505 44.84051 -0.60319 -0.74027 0.29693 e
893.60264 48.53937 -0.27743 -0.27845 -0.91951 e
901.83319 54.82739 -0.17482 0.02678 -0.98424 e
909.30776 46.68636 0.46273 0.00231 -0.88650 e
926.38285 38.69960 -0.99817 0.05681 0.02071 e
937.12419 39.57935 0.12825 -0.74400 -0.65575 e
954.35449 35.79442 -0.31744 0.50482 0.80274 e
977.41903 45.49837 0.40636 0.54392 0.73418 e
990.03232 48.02103 0.25147 -0.95017 -0.18426 e
1003.69710 50.03272 -0.51991 0.67400 -0.52480 e
1026.04496 37.01241 0.60212 0.76846 -0.21659 e
1170.39212 60.20119 0.94522 -0.23906 -0.22228 e
1254.01965 54.00571 -0.15658 0.87601 0.45616 e
1303.31016 33.27354 -0.46289 -0.19545 -0.86460 e
1321.60998 32.52099 0.21514 0.07845 0.97343 e
1349.22270 43.35568 0.94332 -0.23002 -0.23924 e
1367.27352 33.32692 0.07652 -0.40691 -0.91026 e
1486.39117 47.20700 0.66881 0.19159 -0.71832 e
1584.09605 78.43354 0.51934 0.83787 0.16811 e
1584.90214 33.69186 0.50287 0.18035 -0.84534 e
1589.54525 24.44083 0.91830 -0.31180 0.24392 e
1612.28448 39.48871 0.06679 0.75761 -0.64928 e
1618.24571 43.01315 0.90930 -0.08896 -0.40653 e
1641.55652 33.62996 -0.12932 0.09796 -0.98675 e
1673.37484 36.32237 -0.83719 -0.12287 -0.53294 e
1737.73434 44.79612 -0.95114 -0.15894 -0.26469 e
1905.42461 39.65809 0.43356 -0.67783 -0.59378 e
1934.44742 32.94002 0.20932 -0.48395 -0.84969 e
1976.81780 44.39516 -0.97444 0.12649 0.18565 e
1986.90224 37.14072 0.47831 -0.66332 -0.57552 e
2324.53146 40.55873 0.15022 0.95707 -0.24791 e
2430.54702 33.58945 0.13250 0.96573 0.22318 e
2436.57909 31.52763 -0.80413 0.46272 -0.37318 e
2505.04839 34.73359 0.57136 0.17847 -0.80105 e
2558.87772 35.79962 -0.29670 0.74119 -0.60216 e
2686.46465 53.10080 -0.60494 -0.76205 -0.23092 e
2746.42298 29.01652 0.51789 0.80914 -0.27763 e
2759.18099 35.80600 -0.22319 0.78760 -0.57434 e
2776.16430 32.14279 -0.14300 -0.48105 0.86495 e
2822.30311 47.84295 -0.83246 -0.48442 0.26898 e
3006.07167 37.34522 0.73886 0.66548 0.10591 e
3241.90521 35.48227 -0.17088 -0.89816 -0.40510 e
3361.33911 38.32038 0.96747 -0.03026 0.25116 e
3437.81865 39.16448 0.76789 -0.20934 0.60541 e
3497.71070 42.77753 0.60348 0.77111 -0.20298 e
3594.75526 43.29032 -0.80150 -0.49581 -0.33432 e
3658.14931 37.98721 -0.70761 -0.31878 -0.63061 e
3671.75592 98.01670 0.96780 0.24249 0.06751 e
3851.24792 48.39566 0.67729 -0.72929 0.09706 e
3879.61399 41.07183 -0.48313 -0.54178 0.68780 e
3895.57258 37.59662 0.85248 0.22146 -0.47354 e
3920.84424 45.03991 0.76902 -0.13786 -0.62418 e
4814.69354 46.54025 -0.40720 -0.47594 -0.77953 e
5165.27058 45.10714 -0.57781 0.21415 -0.78757 e
5179.89039 85.51683 -0.03396 0.65667 -0.75341 e
5425.00238 33.65555 0.25300 -0.96340 0.08856 e
5687.45370 44.36266 -0.35221 0.33999 -0.87198 e
5794.89845 46.30468 0.89315 -0.37558 -0.24743 e
6014.39677 38.12377 -0.97600 0.09923 -0.19385 e
6103.85496 65.05119 -0.65190 0.25091 -0.71559 e
6243.20161 34.58739 0.85103 -0.44494 0.27888 e
6572.24132 44.23590 -0.26671 0.88906 -0.37207 e
6601.20176 30.73617 0.27817 0.68668 -0.67163 e
6608.17715 33.63402 -0.54882 -0.79662 0.25338 e
6711.52698 44.07150 0.05360 0.96065 0.27253 e
7405.22936 28.94578 -0.98685 -0.01845 0.16060 e
7489.67744 31.39236 -0.84211 0.03566 0.53812 e
8615.96274 50.41363 -0.11810 -0.97072 -0.20918 e
9402.30824 30.74000 0.55792 -0.19554 -0.80653 e
9665.76979 38.95497 0.05618 0.19278 -0.97963 e
10711.83980 90.91780 -0.75382 0.49453 0.43267 e
13103.79258 48.84056 0.51311 0.85687 0.04998 e
16202.18946 33.84469 0.85741 -0.49077 0.15487 e
18150.40632 28.20256 0.26209 -0.82627 0.49858 e
