17.26458 78.58379 0.84904 -0.17183 -0.49960 e
19.16011 60.53149 0.45646 0.49442 -0.73973 e
19.43743 78.53290 -0.32267 -0.70010 0.63698 e
19.56508 81.40392 0.57706 0.05366 -0.81494 e
19.61655 81.16367 -0.67155 -0.70522 -0.22735 e
19.84715 87.84249 -0.43639 -0.53079 -0.72651 e
19.96979 70.75529 -0.97788 0.12325 -0.16898 e
20.27266 91.16062 0.13099 0.92102 -0.36684 e
20.55497 86.87944 -0.81038 -0.57174 -0.12802 e
20.56205 64.25513 0.07159 -0.33737 -0.93865 e
20.59127 64.68469 -0.56842 -0.76376 -0.30590 e
20.79410 53.00546 0.78255 0.61646 -0.08719 e
20.92809 70.00430 -0.34529 0.74414 -0.57186 e
21.82631 55.26227 -0.92827 -0.35425 0.11322 e
22.08825 67.72995 -0.85022 -0.52077 0.07696 e
22.50984 92.40253 0.63381 0.68883 -0.35184 e
23.14857 82.35507 0.79631 -0.15428 -0.58488 e
23.32275 76.76680 -0.58277 -0.76643 -0.27012 e
23.40809 42.65978 -0.75979 -0.64530 -0.07946 e
23.40907 96.81824 -0.28217 0.71979 -0.63426 e
23.45870 62.40782 0.74685 0.04284 -0.66361 e
23.47662 57.41813 0.51866 -0.47466 -0.71112 e
23.53422 84.84023 -0.48473 0.87178 0.07093 e
23.87794 66.99321 -0.86095 -0.17298 -0.47838 e
23.98648 91.94209 -0.39580 -0.78812 -0.47138 e
24.16673 99.01934 0.36547 -0.89211 0.26566 e
24.23801 76.24051 -0.31386 0.44842 -0.83690 e
24.46015 44.53405 -0.80413 -0.54776 -0.23094 e
24.53288 60.87475 -0.09623 0.69546 -0.71210 e
24.54617 92.24018 0.24305 -0.95791 0.15279 e
24.68396 29.90563 0.13184 -0.86842 -0.47798 e
24.78572 88.74268 0.79972 0.59957 0.03103 e
25.41956 53.33596 -0.62209 -0.15303 -0.76784 e
25.43994 84.62676 0.21201 0.91210 -0.35090 e
25.61889 92.89775 -0.02671 0.93089 -0.36433 e
25.72693 72.37361 -0.45845 -0.86581 0.20047 e
25.72889 96.56356 -0.16622 -0.09913 -0.98109 e
25.73923 58.25189 0.43163 -0.33044 -0.83935 e
25.85879 88.12018 0.74201 -0.66523 -0.08297 e
25.97512 82.54380 0.37948 -0.77602 -0.50377 e
26.04895 89.82027 -0.44371 -0.15549 -0.88258 e
26.11756 82.87574 0.73068 0.68270 -0.00571 e
26.23858 91.98952 0.62849 0.75792 -0.17479 e
26.27886 39.91312 0.68149 0.10667 0.72401 e
26.35963 56.55747 -0.11041 0.97187 -0.20803 e
26.61495 95.00090 -0.73648 -0.44542 0.50911 e
26.75764 96.75791 0.66305 0.70939 -0.23904 e
26.88888 99.53574 -0.24719 0.61770 -0.74656 e
26.90900 41.50824 0.29903 -0.09096 -0.94990 e
27.58214 39.21433 -0.51072 -0.10216 -0.85366 e
27.63497 61.91228 -0.30217 -0.44950 -0.84062 e
27.64621 53.20863 -0.58997 0.08566 -0.80287 e
28.00349 71.98882 -0.53452 0.56809 -0.62575 e
28.25918 94.13992 -0.77086 -0.62624 -0.11662 e
28.67758 41.70814 -0.99697 -0.00368 0.07765 e
28.85632 97.49856 0.97850 0.19857 -0.05567 e
29.09890 98.92815 -0.00169 0.10781 -0.99417 e
29.14777 80.40142 -0.55544 -0.67046 -0.49191 e
29.39398 36.06422 -0.46962 -0.86738 -0.16464 e
29.60925 92.37279 -0.85721 -0.43261 -0.27935 e
29.91295 35.93366 -0.20886 -0.84083 -0.49937 e
30.22470 77.09732 0.91685 -0.30925 -0.25248 e
30.50889 96.34473 0.91532 0.06200 -0.39794 e
30.58676 72.28402 0.72265 -0.69080 -0.02390 e
30.61196 63.32352 -0.64357 -0.76477 -0.03077 e
30.72977 99.17794 0.58768 0.22558 -0.77701 e
30.76434 98.70662 0.61010 0.18082 -0.77141 e
30.83668 30.17815 -0.75438 0.65011 -0.09092 e
30.84352 31.59229 -0.89871 -0.04592 0.43612 e
30.89657 98.20427 -0.78626 0.50280 -0.35915 e
31.32509 99.50687 -0.41159 0.12025 -0.90340 e
31.65853 46.18753 -0.32087 -0.89522 -0.30923 e
31.79188 51.71621 0.28012 -0.39619 -0.87439 e
32.08112 83.72829 -0.10072 0.41876 -0.90250 e
32.17609 93.09088 0.58198 0.52526 -0.62080 e
32.18217 81.85736 -0.58505 0.79661 0.15211 e
32.75449 93.58586 0.44451 0.86307 -0.23985 e
32.75496 57.72136 -0.34980 -0.92194 -0.16631 e
33.13830 65.99379 -0.79808 -0.35352 -0.48795 e
33.25357 84.74197 -0.46450 -0.68933 -0.55594 e
33.46651 95.43671 0.61504 -0.56887 -0.54599 e
33.83160 74.67747 -0.91454 -0.40409 -0.01821 e
34.04665 87.65744 -0.39947 -0.46932 -0.78750 e
34.23386 99.72934 -0.22183 -0.83970 -0.49568 e
34.32880 84.36404 0.20508 0.52255 0.82758 e
34.38055 98.53379 0.99613 -0.03885 -0.07884 e
34.74157 73.16258 -0.88920 0.38556 -0.24632 e
34.76840 68.18168 -0.51066 -0.60567 0.61024 e
34.80161 41.08031 0.89018 0.35457 -0.28612 e
35.00325 54.04199 0.54577 0.83538 -0.06541 e
35.34629 72.38532 0.64829 0.75546 -0.09490 e
35.43740 86.51944 0.65064 0.44868 -0.61267 e
35.53911 94.54157 -0.39039 -0.24079 -0.88860 e
35.69412 50.72911 -0.82533 -0.53410 0.18323 e
35.84764 63.95927 -0.81367 -0.39383 -0.42760 e
35.93307 79.36377 -0.48185 -0.83994 -0.24964 e
35.93908 69.67697 -0.40010 0.91079 0.10186 e
36.00299 53.01645 -0.86794 -0.49665 0.00428 e
36.01897 61.12007 -0.57204 0.56213 0.59731 e
36.07263 61.65241 -0.02447 0.86833 -0.49539 e
36.16924 52.61121 0.45236 0.67283 -0.58539 e
36.17718 91.22894 0.98040 -0.16948 -0.10043 e
36.18412 66.74481 0.65517 0.05273 -0.75364 e
36.18516 57.23836 -0.92361 0.27449 0.26757 e
36.28793 59.80467 0.99119 -0.03921 -0.12652 e
36.37083 86.07495 0.37402 0.76985 -0.51714 e
36.46237 73.37423 -0.47532 -0.86260 0.17318 e
36.46319 71.54229 0.23321 0.30380 -0.92375 e
36.85792 93.30837 -0.69226 -0.03590 -0.72076 e
37.22331 98.54273 0.05011 0.99317 0.10536 e
37.64830 34.80273 -0.03660 0.82616 -0.56224 e
37.75240 79.78386 0.04654 -0.76707 -0.63987 e
37.75602 91.06523 0.34252 -0.86314 -0.37103 e
37.87289 43.52427 -0.94183 -0.26824 -0.20251 e
37.91665 40.76251 -0.62031 -0.18843 0.76138 e
37.99352 69.90812 0.02088 -0.09890 -0.99488 e
38.07015 29.88588 0.72963 0.62442 -0.27882 e
38.19955 74.00314 0.65776 -0.65954 -0.36380 e
38.20644 46.79001 0.74492 -0.53799 0.39454 e
38.41998 97.87110 -0.15403 0.14774 -0.97696 e
38.43889 87.67166 -0.33820 -0.88905 -0.30858 e
38.65684 69.95104 -0.79267 -0.41431 -0.44723 e
39.12760 94.27977 -0.87559 -0.37946 -0.29892 e
39.14244 65.06552 -0.35172 0.93556 0.03195 e
39.32248 60.85462 -0.42911 0.15646 -0.88960 e
39.39078 44.09413 -0.69603 0.37872 0.61001 e
39.39589 90.42686 -0.56040 -0.24306 -0.79176 e
39.41874 61.10808 -0.79586 0.08561 0.59939 e
39.54489 78.08228 0.68376 -0.62996 0.36828 e
39.54654 92.53463 0.37493 -0.62136 -0.68800 e
39.86323 78.90378 -0.02184 0.99964 -0.01542 e
40.31443 89.09584 -0.98471 -0.06931 0.15980 e
40.32562 94.24676 -0.99815 0.04475 -0.04119 e
40.44370 48.00706 0.50856 0.15386 -0.84717 e
40.45309 93.75325 -0.20525 -0.83924 -0.50354 e
40.50388 82.43579 -0.21866 0.80761 -0.54768 e
40.73917 47.74170 -0.47731 0.77473 -0.41469 e
40.77421 99.97303 -0.56624 0.60800 0.55652 e
40.81721 66.20897 -0.40295 -0.86904 -0.28707 e
40.82071 83.00517 -0.72492 -0.39268 0.56595 e
40.84334 53.76656 0.42540 0.89652 -0.12361 e
41.02582 67.26099 0.67252 0.64705 -0.35923 e
41.03665 93.18818 0.78092 -0.58581 0.21680 e
41.14331 40.45484 -0.34113 0.54142 -0.76844 e
41.60831 43.39139 -0.60559 -0.72283 0.33283 e
41.73321 70.65204 -0.19572 -0.81788 -0.54108 e
41.75975 86.66599 -0.61610 -0.29226 -0.73144 e
41.88526 91.53794 -0.49919 0.46232 -0.73285 e
42.12908 81.07839 0.96283 0.13579 -0.23351 e
42.42396 47.13418 0.73458 0.39695 0.55030 e
42.73184 81.68029 -0.04766 -0.94017 0.33735 e
42.74030 37.90213 -0.03308 0.16274 -0.98611 e
42.84606 39.18852 -0.42346 -0.54356 -0.72472 e
43.23070 60.37586 0.50096 -0.86202 0.07716 e
43.27781 89.02928 -0.10455 -0.24584 -0.96365 e
43.87733 88.45076 0.47966 0.87294 0.08886 e
44.01881 54.22621 0.65432 -0.49786 0.56922 e
44.07628 79.12217 -0.11193 0.81720 -0.56537 e
44.12321 80.86106 0.51037 0.17405 -0.84216 e
44.35788 47.83292 0.37597 -0.84260 -0.38559 e
44.77538 83.72224 -0.00088 0.95080 -0.30981 e
44.95238 72.70846 -0.99749 0.02132 -0.06749 e
45.65605 95.10895 0.22317 0.93937 -0.26035 e
46.24845 51.22152 0.66692 -0.26041 -0.69814 e
46.28354 87.51055 -0.10933 0.84061 -0.53049 e
46.51713 89.78765 -0.91042 -0.03891 0.41184 e
46.60825 85.40979 -0.54321 0.25011 -0.80148 e
46.74201 75.86425 -0.04244 0.32340 -0.94531 e
46.85471 68.17783 -0.69458 -0.24497 -0.67642 e
46.98323 99.98612 -0.46740 -0.39990 -0.78843 e
47.36105 98.08366 0.62542 -0.27859 -0.72886 e
47.41354 89.81519 -0.87989 -0.08238 0.46799 e
47.46488 70.75837 -0.68679 0.58105 -0.43670 e
47.57991 81.01892 0.39417 -0.78603 -0.47622 e
48.02035 71.78247 0.92379 0.34447 -0.16719 e
48.20505 82.90263 -0.60579 -0.67002 -0.42906 e
48.35285 56.12280 0.39526 0.15859 0.90477 e
48.55836 75.04075 0.24555 -0.56633 -0.78675 e
48.62316 60.41259 -0.78862 -0.60056 -0.13189 e
48.84596 64.84388 0.60076 0.70745 -0.37230 e
49.22414 60.50044 0.50276 0.81148 -0.29788 e
49.58392 62.07373 0.36473 0.06536 -0.92882 e
49.65081 98.83246 0.43994 -0.89218 -0.10232 e
49.73417 52.17344 0.30330 0.34289 -0.88906 e
50.05989 68.51753 0.03234 0.20448 -0.97834 e
50.18074 46.97085 -0.53436 0.23896 -0.81077 e
50.19458 78.23652 -0.47427 0.87700 -0.07712 e
50.25914 47.96819 -0.77373 0.01112 -0.63342 e
50.52922 62.09828 0.29041 -0.94278 -0.16382 e
50.55796 99.07723 0.82160 -0.50163 -0.27082 e
50.63864 75.61985 0.64217 -0.49185 -0.58796 e
50.67677 74.66122 -0.27527 -0.68986 0.66956 e
50.74560 42.30402 0.64514 -0.65659 -0.39076 e
50.98734 66.16849 -0.96024 0.07619 -0.26857 e
50.99513 63.99396 -0.82933 -0.37273 -0.41627 e
51.02177 67.05349 0.66269 0.62313 -0.41540 e
51.08441 63.04516 0.49126 0.86809 -0.07125 e
51.28648 89.32250 0.02194 -0.74901 -0.66220 e
51.74480 87.55717 -0.28412 -0.21358 -0.93470 e
51.94709 78.13920 0.92869 -0.26774 -0.25662 e
52.23302 52.23211 -0.48095 0.25900 0.83762 e
52.33244 91.12687 -0.57768 -0.38436 -0.72011 e
52.33437 71.81453 -0.48124 -0.86872 0.11718 e
52.35779 86.01261 0.74498 -0.64908 0.15393 e
52.64022 38.05955 -0.14662 0.05015 -0.98792 e
52.83009 42.66096 0.06071 0.79242 0.60694 e
53.96558 89.87621 -0.10703 -0.99416 0.01364 e
54.02596 90.52221 -0.46656 0.82255 0.32516 e
54.33590 73.07619 0.40841 -0.28552 0.86699 e
54.37264 93.51610 -0.53689 0.65501 -0.53170 e
54.57779 62.79495 0.18295 -0.79819 -0.57396 e
54.60216 96.47578 -0.47202 -0.57493 -0.66832 e
54.66789 80.46338 -0.39375 -0.02165 -0.91896 e
54.76114 70.90919 -0.04056 0.99795 -0.04948 e
55.09629 73.84409 -0.39165 -0.72609 -0.56516 e
55.20149 50.39826 -0.24631 0.91886 0.30826 e
55.30426 80.30571 0.54950 0.17551 0.81685 e
55.34359 76.74519 -0.35386 0.92230 0.15538 e
55.34782 58.27048 -0.24846 0.62463 -0.74034 e
55.58018 44.43300 -0.96604 0.25823 -0.00885 e
55.63622 92.27464 0.93739 0.14105 -0.31845 e
55.90320 84.85677 0.89042 -0.39738 -0.22188 e
56.03187 92.19757 -0.07286 -0.46945 0.87995 e
56.91688 71.43211 -0.95301 -0.23412 0.19226 e
57.38638 63.89087 0.53349 -0.24077 -0.81081 e
57.46668 29.02633 0.62274 0.77866 -0.07673 e
57.65465 40.55699 -0.44263 0.82861 -0.34278 e
58.52779 86.23651 -0.74142 0.44982 -0.49795 e
59.17300 64.69801 0.19624 0.97379 -0.11496 e
59.20479 75.79275 0.58211 -0.65640 0.47989 e
59.28262 34.42103 -0.40927 -0.81323 -0.41370 e
59.63353 73.80951 -0.83919 0.43232 -0.32993 e
59.72783 54.73745 0.74403 -0.65253 0.14363 e
59.76353 45.72021 0.73025 0.68245 -0.03170 e
59.80805 69.58661 0.48973 -0.79541 -0.35706 e
60.60541 73.00709 0.96593 0.25669 0.03294 e
60.80835 78.70854 0.02792 -0.01894 -0.99943 e
60.90767 36.24763 0.11510 0.28635 -0.95119 e
61.45596 73.73750 0.34978 0.62501 -0.69787 e
61.84123 31.87979 -0.27836 0.06777 0.95808 e
63.04174 62.40723 0.24151 0.87905 0.41103 e
63.31816 93.43338 -0.19426 -0.20598 -0.95908 e
63.75705 53.17009 0.81938 0.37289 -0.43539 e
63.92051 77.75768 -0.80616 0.58696 0.07482 e
64.76172 66.88563 -0.35129 -0.93626 0.00357 e
65.03509 61.70235 0.44595 0.82133 -0.35574 e
65.24109 46.78568 0.39407 0.13030 -0.90980 e
65.39121 57.16224 0.74040 0.45404 -0.49564 e
65.77721 49.60899 0.46301 -0.83012 0.31067 e
65.81661 74.21383 -0.70337 -0.22145 -0.67545 e
65.99361 40.75467 -0.83727 0.05926 -0.54357 e
66.00144 47.48194 0.50827 -0.60193 -0.61591 e
66.38171 75.99512 0.50037 0.73069 -0.46446 e
66.86626 42.96094 0.70061 -0.32209 -0.63672 e
66.95160 89.97280 0.71526 0.22482 -0.66171 e
67.09781 51.30901 0.80319 0.56722 0.18207 e
67.60984 76.17001 0.42443 0.90258 0.07211 e
67.78142 68.07104 0.60229 0.08393 -0.79386 e
67.90026 54.12408 -0.97483 0.15668 -0.15860 e
68.29039 84.97784 -0.18161 0.94882 -0.25838 e
68.43099 96.98992 -0.42753 -0.14501 -0.89229 e
68.49259 76.10498 -0.84958 0.51887 0.09475 e
68.50591 79.57823 -0.64835 -0.46087 -0.60601 e
68.64855 92.64568 -0.68538 -0.71735 -0.12518 e
68.74589 55.53250 -0.40066 -0.21891 -0.88969 e
69.25827 77.94830 -0.99945 -0.03325 0.00164 e
69.28619 33.45529 -0.96028 -0.15325 0.23320 e
69.65830 78.08572 -0.56262 0.36824 -0.74017 e
69.66923 82.32460 0.61388 0.77347 -0.15779 e
69.78211 40.71334 -0.79753 0.59944 -0.06802 e
70.29572 95.15446 0.89715 0.15200 -0.41476 e
70.55263 30.30942 0.17379 0.94473 0.27798 e
70.67407 42.83119 -0.90506 0.13188 0.40431 e
70.94946 77.53542 -0.56606 -0.20023 -0.79968 e
71.06661 90.55179 0.55105 0.67213 -0.49456 e
71.07439 95.19554 -0.69606 -0.71567 -0.05761 e
71.27323 75.88008 0.59724 0.44988 -0.66401 e
71.56422 42.61750 -0.33899 0.03554 -0.94012 e
71.66078 36.53408 -0.37191 0.90833 -0.19135 e
72.45512 59.63366 -0.43003 0.72484 0.53822 e
72.83798 91.64270 -0.17873 -0.02529 -0.98357 e
73.02162 88.00561 0.45516 0.54538 0.70384 e
73.15700 94.84948 -0.71472 0.66105 0.22844 e
73.38448 88.38063 0.43200 -0.15954 -0.88765 e
73.79884 33.80859 0.24028 0.49752 -0.83351 e
74.15668 80.39327 0.97616 -0.08337 -0.20038 e
74.21453 44.40356 -0.03914 -0.28008 -0.95918 e
74.50213 40.69514 -0.59514 -0.28502 -0.75138 e
74.67051 75.78624 -0.14477 -0.61369 -0.77617 e
75.58422 68.79441 0.33603 -0.87145 -0.35730 e
75.60617 54.40207 -0.33271 0.83805 -0.43242 e
76.13238 45.67324 -0.08813 0.86644 0.49145 e
76.30047 50.39911 -0.43779 0.88438 -0.16188 e
76.51339 62.14567 0.45739 0.80526 0.37731 e
76.78553 67.59748 0.73877 0.61314 -0.27980 e
77.11896 58.58684 0.29377 -0.91009 -0.29230 e
77.18897 42.51043 0.69934 0.64697 -0.30390 e
77.46211 79.30953 0.98848 0.08303 -0.12652 e
78.11015 97.26790 -0.65250 -0.67527 0.34390 e
78.28107 62.57532 0.29160 -0.49367 -0.81931 e
78.49053 83.03077 -0.58274 0.74206 -0.33130 e
78.56530 88.95439 -0.74577 0.64107 0.18124 e
78.71350 77.52577 0.06737 0.23058 -0.97072 e
78.85219 79.93575 0.26743 0.67021 -0.69232 e
78.99276 50.75470 0.19829 0.86264 -0.46534 e
79.11070 36.89501 0.89479 0.11201 -0.43220 e
79.37868 46.46774 0.88611 -0.37378 -0.27405 e
79.41791 36.63984 -0.39410 0.58540 0.70852 e
79.44704 44.35741 0.76082 -0.64370 0.08251 e
79.49206 60.34229 0.32525 0.78437 0.52818 e
79.72360 33.91886 0.52299 -0.44255 -0.72844 e
80.02470 59.67551 -0.30040 -0.53391 -0.79038 e
80.21709 80.92931 0.56842 -0.17196 -0.80456 e
80.48317 64.60029 -0.86232 -0.32008 0.39236 e
81.05173 60.88482 0.04490 -0.76550 -0.64187 e
81.06433 61.61020 0.04814 0.79856 0.59999 e
82.63460 76.36989 -0.48399 0.15914 -0.86048 e
82.85981 61.19698 0.33659 -0.52089 -0.78446 e
83.18360 96.15950 0.92613 -0.24525 -0.28659 e
83.89807 64.65131 -0.26858 -0.91343 -0.30578 e
84.05662 95.94608 -0.26216 -0.91694 -0.30083 e
84.15959 56.31245 -0.81839 0.45627 -0.34937 e
85.02445 60.75459 -0.96890 -0.18407 0.16540 e
85.26165 84.11615 -0.42797 -0.89852 -0.09748 e
85.31988 89.96839 -0.68112 0.72649 0.09102 e
85.94077 77.38817 0.19916 0.20638 -0.95799 e
86.18304 97.17983 -0.07162 0.23902 -0.96837 e
86.40691 98.68248 -0.41306 0.75100 -0.51516 e
86.68893 67.63270 0.13519 -0.61779 -0.77463 e
86.69507 43.16079 0.13323 0.27464 -0.95227 e
86.83016 36.14999 -0.65595 0.15376 -0.73897 e
87.83980 62.70878 0.47287 -0.70322 -0.53091 e
88.19135 90.06774 -0.79275 -0.49316 0.35824 e
88.30745 72.11113 0.39164 -0.77922 -0.48932 e
88.48498 63.21619 -0.42782 0.81569 -0.38939 e
88.69384 53.71211 -0.61460 -0.01833 -0.78862 e
89.59385 64.50604 -0.63191 0.33600 -0.69843 e
90.06697 76.39378 0.53408 0.82559 -0.18208 e
90.14420 59.74586 -0.89136 -0.21015 0.40163 e
90.55551 96.71836 0.97922 -0.14282 0.14394 e
90.62256 46.54186 0.27974 -0.93968 -0.19683 e
90.82368 31.00502 -0.46487 0.71643 -0.52021 e
90.93528 91.16390 -0.22065 0.26780 -0.93787 e
91.84528 61.70985 -0.87733 -0.09413 -0.47057 e
92.01003 64.26253 -0.19174 0.52997 -0.82605 e
92.12793 62.67451 0.72585 -0.12834 -0.67577 e
92.29060 95.68175 0.11858 0.61412 -0.78025 e
92.71126 46.15524 -0.65488 0.73804 0.16255 e
92.80541 66.07344 -0.56084 0.42124 0.71275 e
93.01178 89.30936 -0.12544 0.29254 -0.94799 e
93.16972 63.29236 -0.92116 -0.35980 -0.14837 e
93.32864 84.72286 -0.14622 -0.24276 -0.95900 e
93.49090 40.16207 -0.46875 -0.01315 -0.88323 e
94.28036 87.34814 0.71550 -0.59544 -0.36539 e
94.43677 46.05979 -0.39811 -0.54520 -0.73775 e
94.60588 89.99942 -0.64259 0.50699 0.57450 e
94.87833 29.09759 -0.04852 0.90965 0.41253 e
95.09975 74.08066 0.46069 0.87135 -0.16887 e
95.17930 74.01523 -0.03785 0.68294 -0.72950 e
95.34588 83.37361 0.25644 -0.57818 -0.77456 e
95.77532 81.92487 0.71185 -0.69699 0.08645 e
95.94696 72.76449 0.18402 0.92644 0.32840 e
96.11860 84.70849 0.39535 -0.55560 -0.73145 e
96.91339 81.81702 -0.94269 -0.28442 0.17448 e
97.23086 59.17233 0.33994 0.92746 -0.15577 e
97.47072 46.12038 -0.76063 0.64891 -0.01918 e
98.16667 80.77965 -0.01068 -0.24848 -0.96858 e
98.81268 59.94602 0.17773 0.52286 -0.83368 e
98.85272 71.60620 -0.30871 0.75079 0.58396 e
100.34249 78.99578 0.46842 0.88343 -0.01168 e
100.48888 67.68187 -0.35897 0.91874 -0.16448 e
100.53825 95.74185 0.68047 0.73108 0.04984 e
101.40357 83.14616 0.93504 -0.34208 -0.09319 e
101.43787 86.97302 0.35227 -0.90315 0.24543 e
101.50478 53.78795 -0.50038 0.54317 0.67423 e
101.80261 54.00625 0.01010 0.51785 -0.85541 e
102.25024 35.93368 -0.15622 0.49868 -0.85259 e
102.32691 64.93314 -0.38662 -0.13295 -0.91260 e
102.51302 81.51133 -0.24870 0.90745 -0.33865 e
103.43507 49.39328 0.50510 -0.64059 0.57837 e
103.64227 67.19429 -0.94260 0.19726 -0.26942 e
103.75806 46.43478 -0.92274 -0.22164 -0.31530 e
104.14054 84.96394 -0.10316 0.50123 -0.85914 e
104.36532 98.18747 -0.99441 -0.01337 -0.10475 e
104.41273 85.15124 -0.16925 0.98543 -0.01684 e
105.02963 60.29727 0.42406 -0.56618 0.70683 e
106.28140 51.71310 0.20308 0.90702 -0.36888 e
106.72508 81.53975 -0.62262 0.02778 -0.78203 e
106.73598 58.19563 -0.89098 0.38630 -0.23861 e
107.25084 47.79091 -0.28513 -0.65281 -0.70181 e
107.39411 67.94763 -0.60694 0.22700 -0.76164 e
108.11349 69.58892 0.46037 0.73237 -0.50169 e
108.37698 88.59615 -0.52657 0.33611 -0.78087 e
108.54110 65.94332 0.48247 0.78816 -0.38213 e
108.75823 64.27569 0.13688 -0.89716 -0.41995 e
109.09468 99.40312 0.54290 -0.83979 -0.00337 e
110.48495 74.06284 0.05307 0.85667 -0.51312 e
110.54167 64.66410 -0.49049 0.33282 0.80539 e
110.55857 51.28831 0.04051 0.98961 -0.13797 e
110.95594 37.47655 -0.18705 0.97489 -0.12088 e
111.18192 34.22910 0.72030 0.09946 -0.68649 e
111.32396 93.04815 0.11264 -0.98696 0.11500 e
111.48920 67.22698 0.56197 0.09757 -0.82139 e
111.66773 61.70461 0.95192 0.02799 0.30507 e
111.81981 82.87263 0.57849 -0.73273 -0.35842 e
111.98748 69.48814 0.50744 -0.80299 0.31259 e
112.08526 45.96665 -0.09349 -0.40364 -0.91013 e
112.09706 75.62250 0.43470 0.75493 0.49104 e
112.82189 70.77205 0.95068 0.26465 -0.16176 e
112.90682 42.98283 -0.20575 -0.97843 -0.01841 e
113.18376 76.17203 -0.31030 -0.63358 -0.70873 e
113.94924 55.79046 -0.12245 -0.99115 0.05134 e
114.26059 80.11674 0.25114 -0.16806 -0.95325 e
114.37272 76.20190 0.55646 0.70319 -0.44259 e
114.47494 91.70556 0.83221 -0.16987 -0.52780 e
114.90419 73.57948 0.16384 0.91350 0.37239 e
115.37352 80.04345 0.02628 -0.04436 -0.99867 e
116.39464 67.96328 -0.02687 0.77874 0.62677 e
116.63084 82.34122 0.13958 -0.98580 0.09340 e
117.19284 66.33449 -0.37999 0.83261 -0.40295 e
117.30672 87.01915 0.53770 -0.83425 -0.12213 e
117.64133 87.80982 0.34220 -0.61052 -0.71426 e
117.90528 72.15643 0.42640 -0.12761 -0.89549 e
118.42044 71.38008 0.85869 0.22855 0.45871 e
119.11873 55.14170 0.83959 -0.08917 0.53585 e
119.40249 57.92125 0.97059 0.09194 0.22251 e
119.65244 42.01678 0.86979 0.09774 -0.48364 e
119.87584 70.68901 -0.40276 0.60227 -0.68924 e
119.98801 71.20476 0.45783 -0.05331 -0.88744 e
120.15114 91.20915 -0.06060 0.60231 -0.79596 e
120.73119 71.07520 0.43638 0.10120 -0.89405 e
121.19559 81.06371 0.78073 -0.56567 0.26546 e
121.19709 62.45365 0.99890 0.00316 -0.04686 e
121.26533 60.62104 0.48374 -0.55059 0.68032 e
121.66902 99.99712 0.78952 0.61017 -0.06595 e
122.53147 87.21194 0.71841 0.69560 -0.00425 e
122.61920 99.14273 0.39634 0.83795 -0.37517 e
122.94068 46.89179 0.25541 0.60604 -0.75331 e
123.44562 78.08869 -0.66513 -0.61571 -0.42250 e
123.54927 36.80891 0.76114 0.64809 -0.02532 e
123.67915 47.92531 0.33398 0.77409 0.53780 e
123.96462 71.00466 -0.08738 0.35386 -0.93121 e
124.05696 50.52449 -0.80034 0.41873 -0.42910 e
124.52996 85.37003 -0.18363 0.87565 0.44666 e
124.70471 39.82351 -0.76215 0.54410 -0.35083 e
125.04948 56.70515 0.31170 0.03862 -0.94939 e
125.89637 76.46408 -0.93449 0.30830 0.17799 e
125.96503 90.92297 0.36694 0.23188 -0.90088 e
126.41114 71.85872 -0.44393 0.44021 -0.78048 e
126.67520 82.41809 0.92705 -0.01256 -0.37473 e
126.85704 98.52890 0.07737 -0.91010 -0.40711 e
127.46426 83.15993 0.62827 -0.42927 -0.64885 e
127.82113 56.43380 0.68964 -0.14450 -0.70959 e
128.02290 77.44427 0.90678 -0.34329 0.24474 e
128.97139 93.53636 -0.08873 0.94873 0.30337 e
129.68507 71.19016 -0.54846 -0.54743 -0.63207 e
129.83393 97.62097 -0.93004 -0.11695 -0.34834 e
129.95736 65.66113 -0.51827 -0.48424 -0.70491 e
129.99778 47.17731 0.65670 -0.69266 -0.29827 e
130.00464 59.31511 -0.04206 -0.58533 -0.80971 e
130.53328 64.65547 -0.22085 0.40818 -0.88579 e
131.18935 69.60466 0.85855 -0.29690 -0.41802 e
131.35508 61.42346 -0.13526 0.56205 0.81597 e
131.35616 83.34996 0.78583 0.09428 0.61121 e
131.45142 67.56341 -0.01824 -0.66475 -0.74684 e
131.89205 76.68494 0.95512 0.15323 -0.25349 e
132.27826 69.50886 0.56642 -0.81397 -0.12891 e
132.53718 72.11709 -0.37075 0.11746 -0.92128 e
132.61600 58.71177 -0.73500 -0.05074 -0.67617 e
133.81780 30.22386 0.35292 -0.26995 -0.89586 e
133.95782 75.71581 0.92600 -0.10277 -0.36326 e
135.27633 66.30058 0.57214 -0.75909 -0.31053 e
135.35969 60.96754 -0.29650 -0.37787 -0.87710 e
135.44766 38.99037 0.00827 -0.33741 -0.94132 e
135.61917 69.96022 -0.47095 0.05673 -0.88033 e
136.25679 98.95184 -0.71114 0.00901 -0.70300 e
136.47963 61.12908 -0.29604 -0.39710 0.86872 e
137.10581 72.84918 -0.34404 -0.17609 0.92230 e
138.45461 60.74404 -0.38457 0.05895 -0.92121 e
138.46573 80.30022 0.65430 -0.58352 -0.48103 e
138.97150 69.00896 0.79923 -0.42752 -0.42245 e
139.34515 65.94191 0.35547 -0.93209 0.06968 e
140.03753 60.05183 -0.11419 -0.99263 -0.04050 e
141.83873 64.12905 0.67055 -0.72700 -0.14776 e
142.24210 64.40277 0.14728 -0.72658 -0.67111 e
142.37395 63.79912 0.89260 -0.35592 -0.27676 e
142.39362 47.77198 -0.67180 0.36543 0.64431 e
142.48512 85.86215 -0.66415 -0.69594 -0.27309 e
142.50514 97.53463 -0.85591 -0.49166 -0.16027 e
142.52440 63.13649 0.40988 0.86852 0.27869 e
142.77878 55.24929 0.79380 0.58209 0.17621 e
143.60879 65.26981 0.96792 -0.08375 -0.23689 e
145.16072 62.37246 0.23930 0.96252 -0.12763 e
145.20033 54.04465 -0.80449 -0.08467 -0.58790 e
145.64299 45.77745 -0.37586 -0.91176 0.16560 e
147.39604 72.12919 0.24402 0.46027 -0.85358 e
148.24363 94.16771 0.08911 0.16414 -0.98240 e
148.48761 47.74043 -0.42044 0.35433 -0.83527 e
148.54914 34.97434 0.60970 -0.75931 0.22740 e
148.62026 37.16154 0.78579 0.39576 0.47530 e
149.13989 43.90626 -0.33883 0.41975 -0.84202 e
150.77866 84.01140 -0.19156 0.02646 -0.98112 e
150.89945 94.00236 -0.56144 -0.66590 -0.49129 e
151.24864 59.29119 -0.88244 -0.45742 0.10981 e
151.36418 46.47929 -0.32320 0.13846 -0.93615 e
151.60370 55.55114 -0.78722 0.59121 -0.17539 e
151.85841 70.26881 0.20773 -0.17192 -0.96296 e
152.76035 70.79945 0.51448 -0.78081 0.35447 e
152.85311 48.81931 -0.09089 0.90162 -0.42287 e
152.97984 42.76288 0.69341 0.72012 -0.02470 e
154.23960 79.47358 -0.08701 -0.94214 -0.32374 e
154.81156 50.84963 -0.18906 0.62113 -0.76056 e
156.49928 37.15182 -0.71736 0.47445 -0.51019 e
156.63627 50.29905 -0.37816 0.06828 0.92322 e
157.54383 61.78301 -0.50685 0.21163 -0.83565 e
157.85081 97.69797 0.99392 0.03741 0.10359 e
158.05192 34.04636 0.95812 0.16551 0.23369 e
158.26560 45.25530 -0.80810 -0.21726 -0.54752 e
158.44457 53.42955 -0.91200 -0.10745 0.39586 e
158.79765 75.46313 -0.52351 0.57623 -0.62762 e
159.54421 68.86328 0.77086 -0.58621 0.24926 e
160.12525 93.23125 -0.41748 0.84020 -0.34609 e
160.13103 84.68476 -0.58280 -0.81036 -0.06051 e
160.44026 94.50404 0.02580 -0.97453 -0.22275 e
160.66129 52.64797 -0.76880 0.44447 -0.45977 e
161.76008 86.59761 -0.02001 0.05893 -0.99806 e
161.82938 97.51587 -0.59942 -0.51222 -0.61508 e
162.39503 34.62313 -0.35382 0.91677 -0.18533 e
162.44255 72.55898 0.14235 0.28921 -0.94662 e
162.47646 89.66054 0.75558 -0.15930 -0.63539 e
162.60369 88.84638 0.18329 -0.92637 -0.32902 e
162.93219 81.57331 0.52778 -0.80364 -0.27497 e
162.95136 71.23556 0.84295 -0.43464 -0.31705 e
164.34558 75.90151 -0.00256 0.99581 -0.09137 e
164.88084 48.12563 -0.04117 -0.01607 0.99902 e
164.88346 57.35747 0.48626 0.02687 -0.87340 e
165.25194 70.61944 0.80039 0.47219 0.36934 e
165.41544 89.85808 -0.26835 0.29995 -0.91543 e
165.75857 75.23602 0.06010 -0.15505 -0.98608 e
166.48342 62.90476 -0.36894 -0.70824 -0.60190 e
166.86606 65.26630 -0.56865 0.53931 0.62111 e
167.00360 90.52758 -0.50212 0.08420 -0.86069 e
167.99483 59.29734 -0.90054 0.25022 -0.35555 e
168.19092 85.57930 -0.61401 0.64577 -0.45384 e
168.97407 64.01041 0.45563 0.76106 -0.46173 e
169.45838 57.12945 0.52711 0.07559 -0.84643 e
170.39758 81.54448 -0.32268 -0.23701 -0.91635 e
171.30998 93.79535 -0.48485 0.80415 0.34389 e
172.51647 74.12922 -0.27425 -0.95762 0.08806 e
172.77187 42.35584 -0.42731 0.84290 -0.32700 e
172.85694 72.20667 0.89385 -0.42725 -0.13594 e
173.78121 52.85818 0.50383 -0.35658 -0.78677 e
174.06679 72.49817 0.69154 -0.00212 0.72233 e
175.63246 81.72221 -0.95253 0.10057 -0.28737 e
175.94381 94.46961 -0.64653 -0.60025 -0.47084 e
175.95240 45.27157 0.76590 0.56197 0.31239 e
176.10283 96.01482 0.65238 0.69841 0.29434 e
176.49909 47.35693 -0.47091 0.33760 -0.81503 e
176.61713 71.86942 -0.96535 -0.19932 0.16846 e
176.72543 83.19851 0.28885 0.56242 -0.77475 e
176.90293 62.29938 -0.92838 0.06457 0.36597 e
177.53990 72.39449 -0.30812 0.94108 -0.13940 e
177.83362 41.49866 -0.29368 0.86247 -0.41218 e
177.90145 44.23826 0.26245 -0.05999 -0.96308 e
178.13735 50.35874 -0.55281 -0.32409 -0.76770 e
179.06181 68.38446 0.59181 -0.62081 -0.51415 e
179.47773 97.45825 -0.36116 -0.38691 -0.84845 e
180.16962 90.99514 0.21545 -0.30056 -0.92911 e
180.69756 68.56872 -0.70336 -0.69261 -0.15991 e
181.77570 68.48965 0.02697 -0.98231 -0.18531 e
182.57208 33.39862 -0.00503 0.93419 -0.35674 e
182.71380 76.28476 0.99158 -0.08707 0.09585 e
183.17669 66.46529 0.38205 -0.76555 0.51765 e
183.39661 56.44224 -0.01885 0.33375 -0.94247 e
184.23266 71.71721 0.14634 -0.40675 -0.90174 e
184.35791 62.37626 -0.96717 0.21047 0.14246 e
184.40808 67.62105 -0.95914 -0.22837 0.16702 e
185.51398 66.49231 0.91791 0.38976 -0.07438 e
185.66908 53.55450 -0.10750 0.98730 -0.11694 e
186.06484 44.44336 0.29282 -0.50549 -0.81162 e
186.44350 85.59596 -0.47499 0.03735 -0.87920 e
186.75821 72.55488 0.27198 0.30833 0.91157 e
187.04028 69.81754 -0.06816 0.96918 -0.23675 e
187.04466 76.08118 -0.68129 -0.55229 -0.48044 e
187.65585 72.05291 0.06778 -0.99084 -0.11680 e
188.13295 73.05064 -0.80749 0.49611 0.31910 e
188.22949 59.53295 -0.80638 -0.20230 -0.55572 e
188.68693 37.35536 0.11867 -0.98310 -0.13939 e
188.73945 66.09641 -0.25906 0.84173 -0.47369 e
189.24406 94.13962 0.21203 0.97349 0.08574 e
189.30923 91.25330 -0.93571 0.32944 0.12617 e
190.39083 58.47063 -0.23091 -0.80350 -0.54870 e
190.48541 89.07241 -0.42551 0.04248 -0.90396 e
190.60502 38.56044 0.82893 0.12545 -0.54511 e
191.93463 43.41416 0.25830 0.95742 0.12895 e
192.99236 55.25372 -0.84302 -0.10175 -0.52818 e
193.24359 43.43380 0.77419 0.08790 0.62682 e
193.94364 83.62931 0.03230 0.88783 0.45904 e
194.09395 49.06587 0.21449 -0.97579 -0.04284 e
195.39009 76.07223 0.82853 -0.02901 -0.55920 e
195.73387 61.74623 0.84138 -0.30259 0.44780 e
196.55114 74.62183 -0.13229 0.00131 -0.99121 e
197.05593 59.99458 -0.73166 0.04251 -0.68034 e
197.65063 33.58907 -0.90204 -0.12231 0.41396 e
198.10571 39.86264 0.34408 0.48652 0.80306 e
199.01498 90.61949 0.27087 -0.86826 -0.41564 e
199.17296 75.84050 0.18839 -0.97390 -0.12658 e
199.62086 88.85598 0.58202 -0.33872 0.73927 e
199.70640 69.61168 0.29572 0.90250 -0.31311 e
200.53842 37.72092 0.05249 0.99614 -0.07036 e
201.56368 73.97231 0.72586 -0.59795 0.33998 e
203.52974 61.07750 0.37369 0.01132 -0.92749 e
203.68199 73.75862 0.56931 -0.68774 -0.45044 e
203.79956 74.30067 -0.97948 0.13922 -0.14571 e
204.19739 44.29204 -0.60075 -0.57328 0.55719 e
204.39209 68.04537 -0.12216 -0.91743 -0.37869 e
204.39434 51.59787 0.09968 -0.56456 -0.81935 e
204.40014 51.79347 -0.27086 0.93247 -0.23904 e
204.65733 41.59739 -0.38678 0.60584 -0.69524 e
204.95542 98.13348 -0.91378 0.34556 0.21353 e
205.06506 79.62898 -0.30233 0.93579 -0.18135 e
205.25341 59.37990 -0.23218 -0.46739 -0.85302 e
205.99074 75.09480 -0.88421 -0.27889 -0.37469 e
206.26898 80.69324 -0.50496 -0.42785 -0.74964 e
207.58661 75.44374 0.29696 0.40157 -0.86634 e
208.34426 42.08503 0.08489 -0.03727 -0.99569 e
208.64125 57.76921 -0.94903 0.28416 0.13637 e
208.69391 64.49688 -0.38796 0.06933 0.91907 e
208.93128 70.93132 0.48467 0.40431 -0.77565 e
209.53200 33.19610 0.47351 -0.82271 0.31455 e
209.57543 40.50843 0.67198 0.29215 0.68051 e
209.67453 89.05951 -0.54430 0.48209 -0.68654 e
209.88311 86.12383 -0.91092 -0.38401 0.15090 e
210.17032 49.80140 0.45291 -0.66874 -0.58963 e
210.20816 94.68754 -0.82666 0.15034 0.54224 e
210.68743 71.49037 0.59267 0.71840 -0.36420 e
210.73297 87.60290 0.22372 -0.46414 -0.85704 e
211.29608 84.73846 0.38761 0.84615 0.36578 e
211.86127 48.88865 -0.84611 -0.06671 0.52882 e
212.00275 37.87879 -0.23747 -0.56872 -0.78751 e
212.32394 48.93887 -0.00345 -0.84871 -0.52885 e
212.51779 38.39020 -0.00037 0.30624 0.95195 e
213.99709 88.42228 0.76100 -0.64521 0.06774 e
215.47400 86.46802 0.57719 -0.60051 -0.55339 e
216.80097 31.71155 0.24588 -0.89466 0.37299 e
216.99800 80.48703 -0.30396 0.95249 0.01934 e
217.32308 54.04853 -0.21952 0.47792 -0.85053 e
217.39486 57.85524 0.65683 -0.48550 -0.57694 e
217.44507 47.04602 -0.02239 0.65575 -0.75465 e
217.47795 73.85469 0.69140 0.72092 -0.04743 e
218.15953 78.16633 0.46477 0.40819 -0.78573 e
218.65901 85.27950 -0.44996 0.89106 -0.05957 e
218.69158 80.86141 -0.08938 0.97150 -0.21955 e
219.01740 51.21252 0.03420 -0.74713 -0.66380 e
219.32824 57.98268 0.52231 0.43617 -0.73276 e
219.97793 55.09016 -0.85929 -0.23351 -0.45508 e
220.38551 57.33477 0.97980 0.12715 -0.15435 e
220.47014 63.91679 -0.29212 0.39663 0.87026 e
220.55510 85.08087 -0.90004 0.02292 -0.43519 e
221.78534 60.54356 -0.55204 -0.01222 -0.83373 e
221.89012 39.20950 0.74448 0.62841 -0.22548 e
222.41543 58.91219 -0.66745 0.11887 -0.73511 e
222.59201 78.25571 -0.50249 -0.83639 -0.21900 e
223.27183 46.51365 -0.03901 -0.50473 0.86240 e
223.51105 84.64200 -0.43984 0.32743 -0.83626 e
223.79355 54.79598 -0.48849 -0.68124 -0.54524 e
223.92128 59.60669 -0.95686 -0.28607 -0.05083 e
225.14791 66.18620 0.06349 -0.29064 -0.95472 e
225.37292 55.64461 0.91629 -0.39443 -0.06961 e
228.05599 53.01012 0.23331 -0.67273 -0.70214 e
228.43895 55.63365 0.07773 -0.99223 -0.09711 e
228.61170 64.36404 -0.88300 -0.26099 -0.39011 e
229.73570 28.38841 -0.20278 -0.80815 -0.55298 e
229.78242 71.61572 -0.87996 0.31262 0.35767 e
230.38767 39.33070 -0.22535 -0.15826 0.96134 e
230.73510 75.11595 0.41029 -0.03956 -0.91110 e
232.00703 89.62687 -0.52102 0.84221 -0.13868 e
232.04535 34.25084 -0.49475 0.31833 -0.80864 e
232.25890 91.22403 0.50799 0.76625 -0.39345 e
232.31366 52.16660 -0.42822 -0.79526 -0.42917 e
232.65974 72.64107 0.55599 -0.54617 -0.62656 e
233.25448 38.09945 0.23219 -0.94180 0.24312 e
233.38410 60.99631 0.84139 -0.51687 -0.15783 e
233.66421 58.60039 0.59145 0.44320 0.67361 e
234.48714 70.07495 -0.32291 -0.23236 -0.91746 e
234.50871 70.86842 -0.48015 0.45493 0.74999 e
236.23290 49.69962 -0.83547 0.26998 -0.47864 e
236.81171 64.44056 0.72937 -0.44028 0.52362 e
236.84271 78.85351 -0.04419 0.43541 -0.89914 e
237.34468 32.60225 0.53605 -0.32641 -0.77853 e
237.57172 78.21685 -0.55017 -0.76572 -0.33313 e
239.32771 68.01026 -0.73729 0.66433 0.12278 e
239.45447 41.34669 0.68743 0.17687 -0.70439 e
239.85062 90.96519 -0.88982 0.42502 -0.16609 e
239.90019 64.38344 0.38220 -0.89277 -0.23850 e
239.91597 73.82524 0.57732 -0.77779 0.24851 e
240.19159 74.10942 -0.55054 -0.80846 -0.20806 e
240.48600 67.82441 0.56030 -0.80930 0.17633 e
241.66666 79.32229 -0.12709 0.15643 -0.97948 e
242.34816 57.47873 0.56881 0.20874 -0.79554 e
242.48114 70.75464 -0.67591 0.22749 -0.70100 e
243.75458 79.13628 -0.26441 0.91692 0.29890 e
244.44087 74.30725 -0.54200 -0.69056 -0.47892 e
246.29847 86.61004 -0.19192 -0.79952 0.56916 e
246.37070 93.01861 -0.21547 0.07426 -0.97368 e
247.20503 41.32413 -0.38043 0.86282 -0.33289 e
247.24996 75.05310 -0.74268 -0.33932 -0.57731 e
248.68566 60.35906 -0.71099 -0.59196 -0.37959 e
248.69254 75.36611 0.28542 -0.81291 -0.50766 e
249.61454 58.35365 0.80443 -0.19304 0.56180 e
249.62316 59.65285 0.02454 -0.52338 0.85174 e
250.59770 71.77514 -0.77349 -0.54853 -0.31753 e
251.91820 63.60947 0.50295 -0.86429 -0.00633 e
254.00707 43.14139 0.73620 0.66292 -0.13617 e
254.02778 61.59422 0.86033 -0.30602 -0.40765 e
254.57292 43.40340 0.29744 0.22421 -0.92804 e
254.66476 55.96440 0.00784 -0.22858 0.97349 e
254.67493 68.79814 -0.04528 0.22511 -0.97328 e
254.90111 49.77978 -0.71686 0.08079 -0.69252 e
255.03945 73.59258 0.41882 -0.89951 0.12436 e
255.70359 95.31630 -0.27334 0.32925 -0.90381 e
255.77507 56.65728 0.63581 0.41762 0.64911 e
255.94654 73.18273 0.87333 0.05588 -0.48391 e
256.04645 52.36106 -0.78500 -0.43627 0.43982 e
256.26736 60.20703 0.00719 0.91949 -0.39304 e
257.93425 30.79191 0.00982 -0.15483 0.98789 e
258.05647 81.12339 0.18549 0.24577 -0.95141 e
258.06279 53.71093 0.75059 0.22516 -0.62123 e
258.49374 50.11694 -0.42425 -0.13097 -0.89603 e
259.16927 47.85334 -0.01173 -0.99270 -0.12006 e
259.55878 46.10102 -0.99084 -0.13404 -0.01657 e
259.70699 41.40497 0.00104 0.52717 -0.84976 e
259.86853 74.46457 -0.06130 0.93403 0.35189 e
260.25274 57.13457 -0.76979 -0.38026 0.51267 e
261.21822 45.93866 0.00333 0.99588 0.09061 e
261.41842 59.80270 -0.68760 0.23113 -0.68832 e
261.56979 72.48813 0.26029 -0.77134 0.58076 e
261.60763 49.59918 0.29100 0.78402 -0.54830 e
261.63324 41.36135 -0.60242 0.75283 -0.26520 e
261.84193 52.24278 0.70425 0.37427 -0.60328 e
262.55369 72.29532 0.85780 -0.44972 0.24887 e
263.15042 82.85892 -0.46831 0.00659 -0.88354 e
263.49431 45.61172 -0.92378 -0.27001 -0.27152 e
264.06225 66.80905 0.79381 0.14484 -0.59066 e
264.06380 80.68238 -0.42868 0.17589 -0.88617 e
265.63940 52.42752 -0.44422 -0.67251 -0.59194 e
266.25886 97.02376 0.89588 0.13352 -0.42375 e
266.83996 35.10876 0.56368 0.70253 -0.43442 e
267.18274 57.31483 0.80618 0.01566 -0.59146 e
267.57924 70.77817 -0.37429 0.82934 -0.41485 e
267.78218 45.29227 0.78593 -0.60948 -0.10412 e
267.85485 73.74079 -0.39363 0.78808 -0.47328 e
268.26172 74.24245 -0.43436 -0.01205 -0.90066 e
269.09676 67.53027 0.47863 0.30484 -0.82340 e
270.94500 70.98524 0.66860 -0.73114 0.13567 e
271.22749 95.22707 -0.31862 0.89268 0.31876 e
272.08115 63.64333 0.96571 -0.21574 0.14446 e
272.39807 49.75100 -0.14944 0.19993 0.96835 e
272.61596 43.46295 -0.19900 0.47473 -0.85734 e
272.99368 78.52193 -0.57473 -0.63503 -0.51616 e
274.64637 58.26107 0.70109 0.69641 -0.15326 e
275.37150 99.83558 -0.90709 -0.41795 -0.04997 e
276.41042 47.43637 0.50817 0.17435 -0.84342 e
277.20664 56.49274 0.44024 -0.83313 0.33477 e
278.26400 49.89268 -0.82906 0.24814 0.50108 e
278.69129 97.47331 0.87356 0.36133 -0.32608 e
278.94159 59.81537 0.60206 0.60448 -0.52166 e
279.17584 56.20278 0.03404 0.14933 -0.98820 e
279.37877 37.48848 0.03873 -0.34692 -0.93710 e
279.97301 78.09828 -0.58655 -0.72053 -0.36987 e
280.51151 49.28359 0.45139 0.71938 -0.52795 e
282.00708 75.05497 0.87002 -0.23956 -0.43091 e
282.88830 87.14591 0.93887 0.28205 0.19740 e
283.02697 65.82015 -0.46265 -0.77994 -0.42149 e
283.05701 65.88280 0.84669 0.50290 0.17383 e
283.87212 67.78221 0.14298 -0.92351 -0.35592 e
285.11180 54.03581 -0.01805 0.89624 -0.44319 e
285.74463 65.93849 0.15694 -0.41875 -0.89444 e
286.02219 89.92334 0.62591 0.47578 0.61795 e
286.21397 48.30392 0.39370 -0.02938 -0.91877 e
286.68788 45.90004 0.79003 -0.24027 -0.56402 e
288.29702 89.27620 -0.57001 -0.76789 -0.29229 e
288.51263 84.92693 0.43675 0.13295 -0.88970 e
289.23606 40.41937 -0.21471 -0.42694 -0.87842 e
289.91050 63.38215 -0.49067 -0.86723 0.08462 e
290.41265 71.07408 0.04954 -0.33436 -0.94114 e
291.29306 67.70026 -0.86249 0.01671 -0.50579 e
291.46265 66.77694 0.21812 -0.74612 0.62907 e
292.33680 78.68809 -0.51470 0.70726 -0.48462 e
292.58769 86.89214 0.56182 0.80798 0.17755 e
292.79512 86.49807 0.87110 0.00810 0.49105 e
292.82478 62.59439 0.29477 0.50552 -0.81090 e
293.37878 65.64754 0.91464 0.40238 -0.03906 e
294.82002 72.88116 -0.23554 -0.74161 -0.62812 e
295.91063 57.21642 0.63611 -0.76732 0.08113 e
296.36925 57.45515 0.46807 0.23647 -0.85146 e
296.66593 75.92006 0.11992 0.38684 -0.91432 e
296.91471 52.09559 -0.02551 -0.96715 -0.25291 e
297.32187 70.07126 -0.42162 0.90676 -0.00514 e
297.38593 54.30445 0.02157 -0.99124 -0.13027 e
298.20478 79.76690 -0.12733 0.82174 -0.55546 e
298.66335 66.93725 -0.47943 -0.65553 -0.58346 e
298.70397 62.36090 -0.36308 -0.78144 0.50747 e
298.80978 59.30562 0.24353 0.61664 0.74863 e
298.86498 45.91275 -0.41787 -0.50332 -0.75634 e
299.53627 77.30082 0.55619 -0.26315 -0.78829 e
301.50568 27.10383 -0.72489 -0.12122 0.67812 e
302.26881 82.98855 0.26815 -0.89790 -0.34909 e
303.24892 98.11071 -0.27334 -0.29345 -0.91606 e
303.50809 82.87033 0.66197 -0.74928 0.01940 e
303.52210 68.80408 -0.04351 0.67974 -0.73216 e
303.74237 46.02742 0.30906 -0.87253 0.37839 e
303.90137 96.34834 0.03757 0.49658 -0.86718 e
305.74276 85.95014 0.42941 0.89920 0.08389 e
305.95948 97.53493 0.18526 -0.92624 -0.32828 e
305.98641 32.51010 0.81489 -0.55986 -0.15001 e
307.31329 62.24031 0.23084 0.69969 -0.67613 e
307.54585 72.78057 0.74283 0.10843 0.66064 e
307.90221 56.67608 -0.25027 0.61236 0.74992 e
308.13210 76.96308 0.35982 -0.73012 -0.58090 e
308.29260 83.16398 0.77475 -0.57872 -0.25466 e
308.33697 65.12845 0.88497 -0.18413 -0.42770 e
308.40962 50.52191 0.44877 0.12705 -0.88457 e
309.12369 64.98093 0.19023 0.22362 -0.95593 e
309.48891 54.79602 0.89009 0.39975 0.21896 e
310.96018 79.72752 -0.50470 -0.74785 0.43128 e
311.11365 68.60653 -0.52992 0.81873 0.22107 e
311.52920 59.65819 -0.70519 -0.26492 -0.65767 e
311.55205 46.54057 -0.16188 -0.87309 0.45989 e
312.25153 74.11241 -0.85353 0.36962 0.36725 e
313.17271 61.40315 0.92722 -0.34502 -0.14569 e
314.44793 41.29629 0.88284 -0.41414 -0.22154 e
314.57856 43.25055 -0.88341 0.33930 -0.32321 e
314.64922 50.53242 0.55045 0.64338 0.53204 e
314.70096 49.03365 0.29992 0.43787 -0.84753 e
315.14021 63.76848 -0.14893 -0.84706 -0.51021 e
315.16866 67.91734 0.96560 -0.17545 -0.19192 e
315.86365 98.60668 -0.18847 0.01466 -0.98197 e
316.22566 58.22042 0.03062 -0.87239 -0.48784 e
317.17969 67.93653 -0.79294 -0.60846 -0.03189 e
317.37934 46.55359 0.46632 -0.88256 0.06028 e
317.41959 84.99693 0.10861 0.21501 -0.97055 e
317.59116 80.71076 0.90596 -0.32715 -0.26870 e
317.82178 58.97017 -0.55074 0.20033 -0.81028 e
318.79038 90.71162 0.40090 -0.76886 -0.49813 e
318.87713 76.20905 -0.69566 0.59018 -0.40957 e
319.80425 57.69914 0.50422 -0.49674 -0.70641 e
320.10583 43.28167 -0.04565 0.97106 -0.23444 e
320.29816 91.74296 -0.06457 0.36351 -0.92935 e
320.63611 72.44018 -0.38282 0.58023 0.71887 e
321.18809 96.91985 -0.76761 0.46486 -0.44121 e
321.22873 39.35407 0.70648 -0.52160 -0.47834 e
322.97461 43.41674 -0.23638 -0.75699 0.60918 e
325.56530 59.48679 -0.48651 0.72340 -0.48990 e
326.56992 65.19172 -0.16818 -0.97965 -0.10950 e
326.87326 41.93016 0.48693 -0.21761 -0.84590 e
327.09371 41.77661 -0.91966 -0.13723 0.36795 e
327.66501 36.20844 0.80641 -0.58077 -0.11141 e
327.71809 50.78325 -0.34838 0.13249 0.92794 e
327.76900 38.74657 -0.53832 0.33128 0.77490 e
328.64799 57.47054 -0.33783 0.91201 -0.23260 e
328.90665 45.99897 -0.98303 -0.06499 -0.17155 e
330.02952 60.32757 -0.47742 0.49336 -0.72709 e
330.85613 45.25503 -0.33366 0.51395 -0.79027 e
331.13482 78.22139 -0.62589 0.21344 -0.75014 e
331.14812 57.33579 -0.14134 0.52169 -0.84135 e
331.16306 95.30240 -0.44528 -0.54640 0.70934 e
331.39893 45.94115 0.40390 0.24733 0.88073 e
331.85703 89.78171 -0.60213 -0.77812 0.17879 e
332.28543 55.03499 0.73190 -0.21543 -0.64647 e
332.39166 32.39666 -0.88947 0.45200 0.06738 e
332.72931 56.41167 0.12527 0.78121 -0.61157 e
333.25765 42.42443 0.95517 -0.07428 -0.28659 e
333.53775 72.93194 -0.68485 0.72658 -0.05527 e
333.56330 97.57615 0.89281 0.42030 0.16196 e
333.79197 50.08254 -0.30094 -0.41516 -0.85853 e
334.08747 62.77940 -0.86734 -0.02191 -0.49723 e
334.36847 86.69227 0.40217 0.91196 0.08118 e
334.52054 59.50919 -0.05595 -0.99383 0.09581 e
335.44252 45.85098 -0.63404 0.58140 -0.50988 e
336.04680 56.39632 -0.42496 -0.01444 0.90510 e
336.08210 43.76062 -0.16889 -0.47006 0.86633 e
336.80408 69.10964 -0.03074 0.72991 -0.68285 e
336.85683 94.69937 -0.21448 0.96620 -0.14300 e
338.05427 86.08211 0.61053 0.05445 -0.79012 e
338.26702 40.26714 0.15846 -0.18299 -0.97026 e
338.73224 39.17706 0.72256 -0.42706 -0.54363 e
339.38936 69.75013 -0.81907 -0.56980 0.06674 e
341.51022 52.71632 0.56171 -0.82583 0.04978 e
342.35695 64.21554 -0.76369 0.11505 -0.63525 e
342.86288 75.64088 -0.64450 -0.22082 -0.73203 e
344.02644 89.43005 0.78530 -0.02032 -0.61879 e
344.24380 79.08449 -0.39258 0.44594 -0.80437 e
345.21426 36.22520 -0.14121 -0.29259 -0.94575 e
345.38308 86.93286 -0.09428 0.83949 -0.53513 e
346.07956 93.19649 0.76852 -0.34933 -0.53605 e
346.84860 45.11787 -0.42124 0.89289 -0.15907 e
347.03335 65.75594 -0.91491 0.27867 -0.29203 e
347.35734 39.84890 0.57904 0.55681 0.59554 e
348.12521 57.91190 -0.44503 0.67596 0.58739 e
348.18059 59.38636 0.30976 0.65447 0.68972 e
348.28575 48.32140 0.32897 0.38796 0.86097 e
348.60775 96.33703 0.89613 0.42279 0.13493 e
348.81615 81.51853 -0.19625 -0.29286 -0.93580 e
349.05920 65.17592 0.64433 -0.47917 -0.59601 e
349.28363 59.53654 -0.79378 -0.27775 0.54108 e
349.58818 82.30024 0.50759 0.84003 0.19157 e
350.02537 41.99213 0.95149 -0.30300 -0.05353 e
350.80678 85.64756 0.94107 -0.25625 -0.22073 e
350.88135 86.68725 0.69772 -0.33567 -0.63286 e
352.23742 54.97204 0.53030 -0.46081 0.71164 e
353.09726 63.09764 0.03511 -0.37135 -0.92783 e
353.20842 46.05387 0.10632 0.99424 -0.01345 e
353.38636 93.57947 -0.68256 0.68332 0.25920 e
353.72517 95.55212 0.24561 -0.64416 0.72439 e
353.79766 54.16237 0.37922 0.80238 0.46085 e
354.55087 59.15231 -0.87549 0.22238 -0.42902 e
356.39336 76.38223 0.76518 0.54861 -0.33692 e
356.55369 94.42842 0.51153 0.80918 0.28907 e
356.59332 49.78291 0.93141 0.20024 0.30394 e
356.65136 67.28522 0.75534 -0.64984 -0.08469 e
357.26102 72.53152 0.06430 0.49773 -0.86494 e
357.28851 90.11501 -0.60041 0.50048 -0.62372 e
359.19776 37.12489 -0.92589 0.36030 0.11360 e
359.40474 51.65567 0.73357 0.58904 -0.33898 e
359.76674 51.14477 0.57500 -0.80904 0.12177 e
360.26264 53.77784 0.76233 0.48236 -0.43149 e
360.70343 59.96593 -0.90920 0.31859 -0.26806 e
361.78012 72.86429 -0.71754 0.48487 0.50004 e
363.19202 38.09272 0.44546 0.89277 -0.06726 e
363.23627 69.46599 -0.09382 -0.95664 0.27575 e
363.95124 70.66334 0.63891 -0.73011 0.24234 e
364.21808 64.71917 -0.67167 -0.04391 -0.73955 e
364.79263 30.25117 0.43852 0.89615 -0.06798 e
365.19679 86.42147 -0.16813 0.20530 0.96415 e
366.07531 60.77229 -0.36653 -0.52278 -0.76965 e
367.99381 76.06828 0.04657 0.65229 0.75654 e
368.80506 75.36402 0.80151 -0.58905 0.10299 e
369.14390 52.92688 0.63907 -0.75715 -0.13532 e
373.04964 62.44323 -0.70120 -0.52903 0.47795 e
373.79927 41.53413 0.57155 -0.30858 -0.76034 e
375.28852 62.68484 0.13865 -0.27758 -0.95065 e
375.73439 68.04428 -0.07470 0.70718 -0.70308 e
377.35972 50.70682 0.86334 -0.40724 0.29798 e
378.61086 54.33894 -0.52313 0.47017 -0.71082 e
378.95549 73.22609 0.51344 0.26611 -0.81583 e
381.62265 89.52848 0.66797 0.65909 0.34556 e
381.64426 40.22808 -0.07035 -0.58018 -0.81144 e
384.01408 54.03395 0.19648 0.34018 -0.91961 e
385.17248 45.21818 0.30693 -0.87968 0.36326 e
387.15931 31.89650 -0.81146 0.57143 -0.12252 e
388.03972 61.14811 -0.33040 0.29155 -0.89768 e
390.99669 60.53480 -0.91289 -0.35810 0.19594 e
397.68972 90.62613 -0.40048 0.89683 -0.18790 e
400.79880 28.75507 -0.29029 0.68331 -0.66994 e
405.56605 97.64454 0.88719 -0.04815 -0.45889 e
405.80607 70.20478 0.37623 0.69282 -0.61519 e
406.51121 57.17502 0.48936 -0.22153 -0.84348 e
414.20489 48.76072 0.61910 -0.66855 -0.41201 e
415.81034 44.26192 -0.60138 -0.55230 -0.57734 e
442.78620 47.47196 0.42047 0.90244 -0.09384 e
455.73703 68.64516 -0.36096 -0.79817 -0.48232 e
471.38532 68.26822 0.95229 -0.16436 -0.25716 e
480.18817 71.93817 -0.93972 0.14832 -0.30810 e
480.23737 53.72858 0.37515 -0.80151 -0.46566 e
485.23275 47.15972 0.70597 -0.51525 -0.48592 e
505.06304 31.64324 -0.50228 0.40080 -0.76621 e
511.13372 39.80400 0.45501 0.82387 0.33795 e
536.11622 41.12778 -0.51602 -0.71583 -0.47044 e
554.37866 47.61830 0.70387 -0.61765 -0.35083 e
589.10871 43.47135 -0.40146 0.12236 0.90767 e
604.75003 31.28608 0.95217 -0.18647 -0.24206 e
605.91229 49.56004 -0.63630 0.74436 0.20262 e
610.20203 37.57315 0.88981 0.31058 0.33432 e
663.69105 47.28002 0.91336 -0.08991 0.39711 e
686.43353 45.42013 0.20691 0.00584 -0.97834 e
758.22700 28.05035 0.92886 0.13404 -0.34534 e
768.45513 27.44465 -0.05008 -0.18597 0.98128 e
770.24518 33.36883 0.49491 0.83302 -0.24726 e
771.20987 49.12429 0.89964 -0.15043 -0.40990 e
836.69197 35.85374 0.74979 -0.61208 -0.25133 e
845.67907 42.35726 -0.72175 -0.42375 0.54728 e
875.94186 34.08916 -0.07878 -0.47143 -0.87838 e
885.28296 31.76445 -0.27558 0.38181 -0.88220 e
892.43665 41.82797 -0.08774 0.51164 -0.85471 e
896.66069 51.30456 0.92891 0.07512 0.36260 e
919.56222 65.48975 0.60960 0.76152 -0.22016 e
963.41797 53.32155 0.05606 0.85843 -0.50985 e
996.39394 38.33991 0.96375 0.23992 -0.11675 e
1013.82586 45.06851 -0.04725 -0.75588 0.65300 e
1017.70734 30.12883 -0.47127 0.88199 -0.00163 e
1024.02437 30.78383 0.79632 0.38333 0.46790 e
1095.31409 29.68268 0.79063 -0.21721 0.57247 e
1131.09881 36.21409 -0.87354 0.15166 -0.46253 e
1271.47839 39.66853 0.46397 -0.86939 -0.16998 e
1295.59388 41.45672 0.10151 0.76413 0.63702 e
1324.70347 42.03514 -0.99418 -0.10765 0.00467 e
1326.02303 42.53132 -0.36494 0.11310 -0.92414 e
1363.75055 35.25481 -0.96343 -0.24751 -0.10266 e
1402.08330 42.85262 -0.25754 0.39579 0.88149 e
1493.32739 33.45854 -0.12596 0.75783 -0.64018 e
1575.67268 46.41344 0.83651 0.18225 -0.51676 e
1745.63318 34.95753 -0.60308 0.27500 0.74878 e
1785.00081 46.59989 0.76690 -0.50076 -0.40139 e
1847.52269 38.73273 -0.90648 0.41314 -0.08726 e
1935.89183 43.91781 -0.53740 -0.14989 -0.82990 e
2002.37943 24.13065 -0.08429 0.93582 -0.34225 e
2042.42159 52.08111 0.68810 0.17097 -0.70518 e
2045.00447 53.64913 -0.97215 0.04430 0.23012 e
2045.42992 28.67656 -0.30354 -0.44928 -0.84024 e
2281.87522 43.56178 -0.34882 0.14386 0.92608 e
2339.53764 46.60546 -0.00691 -0.28720 -0.95785 e
2413.41216 56.57781 0.99531 -0.01064 0.09617 e
2523.12808 32.93991 -0.69058 0.72097 0.05756 e
2564.08430 57.72349 0.33706 -0.84361 -0.41800 e
2608.52485 35.76956 0.61311 -0.41304 -0.67342 e
2636.12989 38.44612 -0.62336 -0.77978 0.05802 e
2868.01112 23.99083 0.13657 -0.93777 -0.31926 e
2931.48600 44.76361 -0.45368 0.15927 -0.87682 e
3094.14430 37.92470 0.17070 -0.95344 0.24861 e
3097.29648 31.73560 -0.41705 -0.62418 -0.66065 e
3120.70113 25.21392 0.75161 0.64828 -0.12176 e
3354.06448 50.93996 0.18505 -0.69300 -0.69678 e
3439.59877 25.58154 -0.27324 0.29945 -0.91415 e
3467.37832 42.00248 0.61984 -0.53839 0.57091 e
3672.05207 49.97168 -0.90422 -0.38401 0.18687 e
4018.67524 26.86855 0.29038 -0.66547 0.68763 e
4597.65431 41.27514 -0.41021 0.48604 -0.77168 e
6386.15753 54.00963 0.41015 0.13197 0.90242 e
6807.80075 48.85250 0.27158 -0.95577 0.11287 e
6810.47349 28.38735 -0.12322 -0.39820 0.90898 e
6828.70834 37.81330 -0.17251 -0.37117 -0.91240 e
7252.68128 30.81461 -0.23937 0.75853 -0.60608 e
7459.14213 35.93357 0.60046 0.33586 0.72570 e
7960.19322 59.97890 0.30792 0.94628 -0.09868 e
8972.72805 34.66102 -0.28805 -0.78865 -0.54320 e
9088.69143 36.03990 0.50542 -0.57202 0.64602 e
9492.27571 30.12659 0.93741 -0.31947 -0.13854 e
9650.48695 22.85919 -0.88655 -0.39029 0.24841 e
14823.54404 45.49384 0.50943 0.36269 -0.78035 e
18464.42352 94.30021 0.19618 0.90315 0.38189 e
19291.61334 42.79977 -0.74972 -0.01132 0.66166 e
