16.55718 47.49397 -0.27315 -0.33671 0.90112 e
17.70881 84.23880 -0.33263 0.72379 -0.60456 e
18.11872 84.70536 -0.42931 -0.49291 -0.75679 e
18.49530 84.36551 -0.38920 0.04916 -0.91984 e
18.50249 74.25491 -0.34839 0.20310 -0.91508 e
18.96229 60.23054 0.49652 0.09863 -0.86240 e
19.08791 87.43296 -0.79832 0.38075 0.46660 e
19.13313 74.39916 0.61372 0.55713 -0.55942 e
19.66173 69.13525 0.89520 0.44437 -0.03387 e
19.94764 51.33850 -0.29305 0.40439 -0.86637 e
20.27951 94.38466 0.12412 -0.98498 -0.12002 e
20.30475 90.80004 0.14648 0.94695 -0.28605 e
20.59938 77.53507 -0.32997 0.91963 -0.21306 e
20.69067 91.72107 -0.33911 -0.64219 -0.68746 e
20.71877 91.21508 -0.33065 0.93962 -0.08823 e
20.88425 38.67129 -0.00461 0.43962 -0.89817 e
21.17901 98.98384 0.56048 0.63288 -0.53416 e
21.52776 88.04922 0.63596 0.73140 -0.24617 e
21.72316 98.22373 -0.98640 -0.09409 -0.13476 e
22.47756 96.35439 -0.50614 0.75679 0.41363 e
22.50416 70.34435 -0.24643 0.47419 -0.84523 e
22.53760 80.39685 0.11016 0.50056 -0.85866 e
22.75202 92.68409 -0.28059 -0.88160 0.37955 e
23.48013 83.83981 0.30905 0.28389 0.90769 e
23.54255 95.24975 -0.68150 0.01002 -0.73175 e
23.87448 65.60934 0.25769 -0.89994 0.35172 e
23.94252 57.99886 -0.45206 -0.85334 -0.25969 e
24.06299 89.93262 -0.40618 0.90163 0.14856 e
24.15105 85.23063 0.15678 0.00345 -0.98763 e
24.69018 90.97260 0.89924 -0.11868 0.42104 e
24.95506 70.22184 -0.46287 -0.29743 -0.83503 e
24.96432 75.80876 -0.76021 -0.63120 -0.15383 e
25.17299 89.28058 -0.43557 0.77312 0.46106 e
25.31368 77.70847 -0.60650 -0.76695 0.20962 e
25.54543 94.14869 -0.57970 0.64907 -0.49260 e
25.60968 96.19173 -0.11423 -0.55042 -0.82704 e
25.72063 83.67963 -0.68426 0.70155 0.19904 e
26.47007 44.39006 -0.38480 0.63034 -0.67424 e
26.58119 95.81577 0.56330 -0.52447 0.63845 e
26.67091 78.99838 0.82671 -0.54802 -0.12735 e
26.70651 83.30474 0.44789 0.10429 -0.88798 e
27.09002 78.17807 -0.79405 -0.23229 -0.56172 e
27.18728 53.01990 0.73928 0.52682 0.41942 e
27.18891 97.43696 0.88418 -0.22619 -0.40873 e
27.35833 72.64599 0.27466 0.90005 -0.33833 e
27.58478 75.45585 0.72908 -0.35506 0.58512 e
27.72394 69.56417 0.06529 -0.97401 -0.21690 e
27.92609 89.73259 -0.41360 -0.07421 -0.90743 e
27.93319 79.12614 0.87702 -0.00758 -0.48039 e
28.04269 35.33012 0.99857 -0.04986 -0.01929 e
28.22943 54.55991 -0.17037 -0.98508 0.02418 e
28.23711 50.54441 0.93896 -0.34359 0.01725 e
28.32052 99.59874 0.63415 0.61557 -0.46789 e
28.44225 48.33013 -0.37444 0.78695 0.49041 e
28.79697 76.88262 0.27143 -0.78010 -0.56371 e
29.01800 44.89955 0.75879 -0.51157 0.40315 e
29.51343 61.33067 0.84446 0.52902 -0.08385 e
30.16599 61.50794 0.92040 -0.00029 -0.39097 e
30.52483 92.10001 0.52429 -0.22405 -0.82153 e
30.86917 94.86462 -0.86212 -0.49979 0.08344 e
31.22883 86.75016 -0.19261 0.57752 -0.79333 e
31.26455 93.02060 -0.45716 0.47660 -0.75090 e
31.47243 58.68646 0.79226 -0.18307 0.58207 e
32.01329 74.96910 0.40550 0.62847 0.66378 e
32.16852 92.78089 0.02271 -0.29375 -0.95561 e
32.23409 61.32153 -0.57240 0.48933 0.65796 e
32.52030 51.60017 0.16863 0.71473 -0.67876 e
32.57656 60.37666 0.39754 0.09995 -0.91212 e
32.72045 96.70604 0.14119 0.86037 -0.48972 e
33.18731 51.39461 0.84705 -0.16632 -0.50483 e
33.58005 69.65412 -0.14336 -0.14627 -0.97880 e
33.74563 77.21731 -0.00416 -0.28083 -0.95975 e
34.03021 74.12459 0.34802 0.93069 -0.11269 e
34.12015 59.21488 0.03098 0.72824 -0.68462 e
34.35652 99.66715 0.70670 -0.39486 -0.58707 e
34.48515 46.67278 -0.86199 -0.05953 -0.50342 e
34.61323 49.06581 0.18919 0.67589 -0.71231 e
35.30870 64.19324 0.93142 -0.21228 -0.29564 e
35.36213 90.41876 0.41033 0.83067 0.37632 e
35.44512 64.84541 0.21802 -0.20837 -0.95344 e
35.62973 91.73321 -0.52869 0.44976 0.71986 e
35.77006 89.21302 -0.24011 0.25240 -0.93736 e
35.82873 61.58221 -0.20225 0.97563 -0.08513 e
36.25298 56.14783 0.61355 -0.05278 -0.78789 e
36.57730 67.39610 0.32787 -0.12978 -0.93577 e
36.75037 51.74137 -0.97214 0.21460 -0.09427 e
37.12478 40.75344 -0.74104 0.03140 0.67073 e
37.29766 65.15882 0.70606 -0.69578 0.13176 e
37.33653 92.70005 0.87235 0.48602 -0.05286 e
37.49737 51.33738 -0.12757 -0.80734 -0.57613 e
37.52458 54.19741 0.21607 -0.87299 -0.43726 e
37.58643 96.54448 -0.23123 0.61516 -0.75373 e
37.77167 61.45593 -0.94011 -0.25805 0.22271 e
37.78194 69.90479 0.96032 0.27851 0.01465 e
37.88798 71.06542 -0.46254 -0.75296 0.46808 e
37.89282 95.43995 0.42586 -0.79179 0.43786 e
37.95078 95.28092 -0.77253 0.56435 0.29105 e
38.18099 48.47264 0.64846 -0.68244 -0.33730 e
38.28660 63.08130 0.44613 -0.76498 -0.46451 e
38.49483 60.70941 0.27171 0.77005 0.57723 e
38.66253 60.09843 -0.37771 0.89026 -0.25450 e
38.77283 69.84288 0.25548 0.19749 -0.94643 e
38.81684 45.32158 -0.73388 -0.39003 -0.55614 e
38.93548 97.78588 0.73554 -0.16444 -0.65722 e
39.03457 84.60594 -0.93003 -0.36570 0.03612 e
39.24216 88.65542 -0.96257 -0.12213 -0.24196 e
39.34527 75.78816 -0.98827 0.15058 -0.02540 e
39.58554 76.31443 -0.15248 -0.97481 -0.16279 e
39.81198 82.84229 -0.68109 -0.54851 0.48504 e
39.82201 60.53126 -0.01843 0.77437 -0.63246 e
39.95154 65.04583 -0.22994 0.87515 -0.42572 e
40.09068 98.60375 0.30503 -0.22002 -0.92658 e
40.26608 81.45836 0.95374 -0.22276 -0.20187 e
40.35080 78.07893 0.47317 -0.73529 -0.48524 e
40.40207 99.81875 0.02653 0.65482 -0.75532 e
40.43848 54.81714 -0.22735 0.83366 -0.50332 e
40.46702 44.82395 -0.17146 0.63255 0.75530 e
40.62803 56.48384 -0.42303 0.58031 -0.69591 e
40.73188 72.34420 -0.66491 0.56929 0.48353 e
40.77861 55.95148 0.69033 -0.31908 0.64933 e
40.78853 62.93121 0.54704 -0.83641 0.03404 e
41.23471 58.66520 -0.77465 0.62224 0.11287 e
41.28522 92.36343 0.74215 0.53735 0.40058 e
41.59153 90.89594 0.46838 0.68158 0.56220 e
41.61779 79.62245 0.27725 0.40559 0.87099 e
41.92526 44.51944 0.84315 0.53166 0.08022 e
41.94184 74.23540 0.92290 0.17525 0.34283 e
42.11828 96.44370 -0.84775 -0.38714 -0.36255 e
42.27652 82.89705 -0.83652 0.34943 -0.42206 e
42.38247 84.22154 -0.99851 0.04307 -0.03364 e
42.57323 62.18866 -0.94801 -0.24137 0.20742 e
42.59130 91.35329 0.79210 0.23997 0.56124 e
42.87964 79.87300 0.91893 0.28959 -0.26780 e
43.08910 70.13157 0.11817 0.75534 -0.64459 e
43.27340 63.00328 0.45437 0.63760 -0.62211 e
43.42844 92.85190 0.25533 -0.22588 -0.94010 e
43.55270 92.17528 -0.30568 -0.71786 0.62548 e
43.56106 64.12450 0.46824 -0.41978 0.77752 e
43.58327 67.01105 -0.43235 0.85413 -0.28901 e
43.58598 59.73837 -0.10846 0.67391 -0.73081 e
44.16469 64.75239 0.03637 -0.60243 -0.79734 e
44.16888 65.07741 -0.20166 -0.48466 -0.85114 e
44.19899 80.63044 0.66856 -0.63371 -0.38915 e
44.51477 90.96488 0.18940 0.68126 0.70711 e
44.55389 91.04659 0.63393 -0.73557 0.23890 e
44.76479 59.84724 -0.70924 -0.42716 -0.56081 e
44.81693 99.08521 0.41718 -0.33101 -0.84640 e
44.85806 46.99107 0.32650 -0.51344 -0.79359 e
44.87876 89.29118 0.28243 -0.47433 -0.83381 e
44.91199 81.52374 -0.86594 -0.48308 0.12953 e
45.12673 39.62162 -0.90576 0.41920 0.06221 e
45.13305 89.77347 -0.65718 0.30487 -0.68933 e
45.20569 47.47008 -0.07714 0.22218 -0.97195 e
45.60741 98.03319 -0.94463 0.31667 -0.08593 e
46.04933 61.79532 0.10020 0.99185 -0.07865 e
46.06245 61.75587 -0.52634 -0.85027 -0.00101 e
46.11839 93.12202 0.06013 0.11725 -0.99128 e
46.27431 90.41661 0.29269 -0.67722 -0.67506 e
46.35757 43.41902 -0.83123 -0.52398 0.18575 e
46.38084 91.06364 -0.94148 0.20645 0.26644 e
46.65413 70.65578 0.16514 -0.90192 -0.39908 e
46.73336 89.60054 0.98590 -0.11164 -0.12464 e
46.81868 86.00428 -0.41433 0.88362 0.21804 e
47.23005 79.56109 -0.82816 0.41414 -0.37767 e
47.36071 57.29858 0.63040 -0.61536 0.47321 e
47.41321 98.16630 -0.39076 -0.61190 -0.68767 e
47.59191 68.42895 0.11787 -0.61652 -0.77846 e
47.63459 49.47278 -0.15107 0.88643 0.43752 e
47.63483 74.43920 -0.12902 -0.99160 0.00865 e
47.67324 87.94963 0.87951 0.45507 0.13916 e
47.78233 70.20531 0.82972 0.35945 -0.42705 e
48.01329 95.53931 -0.66405 0.69793 0.26821 e
48.05994 85.69161 0.55432 0.35113 -0.75461 e
48.19138 74.97969 0.20053 -0.61807 -0.76012 e
48.28076 84.72070 0.19144 0.96223 -0.19358 e
48.34381 74.02910 -0.46723 0.62223 -0.62811 e
48.48241 84.52103 -0.93907 -0.28143 -0.19735 e
48.55980 63.33257 -0.67915 -0.53217 0.50551 e
48.69922 87.57230 0.31519 -0.13176 -0.93984 e
48.73618 91.77673 0.92529 0.36680 -0.09637 e
48.83561 87.62439 -0.77369 -0.06455 -0.63027 e
49.07552 90.53560 0.63210 0.71903 -0.28887 e
49.16878 50.20337 0.04010 0.88133 -0.47079 e
49.35955 70.87527 0.48656 0.52212 -0.70046 e
49.43369 42.96023 0.38618 -0.20567 0.89920 e
49.47147 56.77515 0.71852 0.29446 -0.63010 e
49.93241 60.26588 -0.34994 0.08652 -0.93277 e
49.96445 74.97222 -0.94425 0.32369 -0.06017 e
50.02545 83.66344 -0.24065 0.73550 -0.63335 e
50.03063 90.30242 0.72400 0.64881 0.23425 e
50.07454 67.53824 -0.20110 -0.05217 -0.97818 e
50.21414 82.38989 -0.79377 0.55579 0.24704 e
50.71330 82.84032 -0.19092 -0.70890 -0.67897 e
50.71496 95.56604 0.51733 0.78282 -0.34578 e
50.78978 48.08204 0.40953 -0.39229 -0.82365 e
50.81830 71.44252 -0.99257 -0.12163 0.00318 e
50.92407 67.61191 0.06418 -0.21300 -0.97494 e
51.00896 36.27062 -0.96727 0.25150 0.03384 e
51.04538 42.05932 0.02379 0.89757 -0.44023 e
51.06529 96.36813 0.01959 -0.71267 -0.70123 e
51.37773 87.50317 -0.45711 0.72492 -0.51531 e
51.38707 57.19149 -0.24185 0.82963 0.50321 e
51.47402 68.21642 0.95856 -0.06686 -0.27693 e
51.63337 54.88491 -0.18314 -0.93432 -0.30580 e
51.93790 82.40410 0.56706 -0.22985 -0.79096 e
52.37185 65.78657 -0.85807 0.12849 -0.49720 e
52.62752 64.15294 -0.40747 0.35938 -0.83953 e
52.69054 77.71596 0.32173 -0.93621 0.14141 e
52.69940 50.47406 -0.41056 0.88706 0.21109 e
52.73844 78.45507 0.64048 -0.41631 -0.64535 e
52.86804 74.09431 -0.12440 0.70246 -0.70076 e
53.07883 75.89602 -0.71603 -0.68015 0.15715 e
53.13515 55.39185 -0.97212 0.02369 0.23327 e
53.20161 75.76494 -0.56624 0.12308 -0.81500 e
53.64510 85.05872 0.10070 -0.73041 0.67555 e
53.94758 41.73003 0.84963 -0.52353 -0.06366 e
54.04732 96.44942 0.48641 0.78208 0.38955 e
54.05781 94.23819 0.22468 -0.94365 -0.24300 e
54.21121 98.74140 -0.93660 0.28572 0.20286 e
54.56294 74.67752 0.10082 0.42016 -0.90183 e
55.19124 89.14617 -0.65839 -0.57115 0.49022 e
55.44160 88.43155 0.08103 0.21858 0.97245 e
55.65052 88.44304 -0.87750 0.47912 -0.02107 e
55.89726 90.41599 0.57244 0.81696 0.06996 e
56.05965 91.71541 -0.52557 -0.78724 0.32253 e
56.06065 66.07795 -0.34480 0.01319 -0.93858 e
56.22593 69.78551 -0.77368 0.22222 0.59333 e
56.53543 67.76744 -0.44802 -0.07380 -0.89097 e
56.66300 61.86317 0.58857 -0.80839 0.00954 e
56.70723 78.16476 0.27991 0.59678 -0.75200 e
56.93402 30.65427 -0.15386 0.91646 -0.36935 e
57.21689 81.63900 -0.52873 -0.11101 -0.84150 e
57.34378 49.88296 -0.62855 0.73393 0.25743 e
57.63466 95.59739 -0.52374 -0.60289 0.60184 e
57.66747 93.10146 0.37866 0.42376 0.82283 e
57.71116 68.55268 0.00211 0.96270 -0.27057 e
57.74022 58.77443 0.05874 0.55938 -0.82682 e
57.82305 82.66317 0.30714 -0.86191 0.40346 e
57.92022 82.66346 0.98969 0.04383 0.13633 e
57.95440 42.60736 0.29907 -0.35783 -0.88460 e
57.95950 50.04247 0.27629 -0.15977 -0.94770 e
58.21051 95.72522 -0.44294 0.06138 -0.89445 e
58.39315 71.42544 -0.36029 -0.84133 -0.40293 e
58.64850 55.15272 0.00095 -0.99850 -0.05481 e
58.76072 53.29248 -0.20280 -0.27512 -0.93978 e
58.83257 66.61117 0.52483 0.78379 -0.33200 e
59.08532 47.29085 0.59109 -0.80528 -0.04624 e
59.16118 55.57968 -0.06952 -0.87647 -0.47641 e
59.72053 90.44372 0.33227 0.02831 -0.94276 e
59.81843 89.30633 0.31897 -0.61759 -0.71892 e
59.82574 88.75804 0.40487 0.91144 -0.07318 e
59.91103 98.16383 -0.51079 -0.70250 -0.49556 e
60.26018 80.49273 -0.79320 0.30532 -0.52688 e
60.34015 69.44786 -0.08635 0.11945 -0.98908 e
60.37190 78.96334 -0.06788 0.94670 0.31489 e
60.54521 54.54787 0.27572 0.94675 -0.16625 e
60.68354 86.47359 0.11411 -0.89641 0.42829 e
60.70873 75.56029 0.94242 0.19137 -0.27428 e
60.73920 38.36678 -0.56612 0.37312 -0.73505 e
60.78797 61.83283 0.28214 0.35498 -0.89128 e
61.31678 71.87650 0.72052 -0.47674 0.50355 e
61.63706 93.12311 0.47380 -0.42138 -0.77328 e
61.66021 95.77414 -0.38424 0.78907 0.47931 e
62.07607 96.57312 0.73618 -0.67643 -0.02225 e
62.52176 82.60529 0.97984 -0.18393 -0.07802 e
62.73820 45.63426 0.77470 -0.59848 -0.20411 e
62.75791 87.87036 -0.47178 0.75148 0.46119 e
62.95124 92.26040 0.31827 -0.19635 -0.92744 e
63.04998 50.21665 0.67921 -0.73178 -0.05634 e
63.32140 63.66390 -0.11587 0.03915 -0.99249 e
63.37811 93.62417 0.64034 0.75729 -0.12832 e
63.59783 54.15994 -0.81650 0.29143 0.49839 e
63.82034 90.51762 -0.87013 0.45596 0.18698 e
63.84779 71.53519 0.34686 -0.76240 -0.54629 e
64.21996 58.95427 0.22270 0.22778 -0.94791 e
64.28857 46.05354 -0.15518 -0.93277 0.32536 e
64.38726 98.82571 0.89685 -0.18433 -0.40210 e
64.49954 89.14918 0.75822 -0.56053 -0.33301 e
65.01257 98.01444 -0.69196 0.71604 0.09210 e
65.74392 97.92503 0.79513 0.60404 -0.05385 e
65.94225 79.37725 -0.83660 -0.22539 -0.49930 e
66.08363 63.16459 0.77305 -0.09776 -0.62676 e
66.21607 77.79179 -0.36764 -0.15292 -0.91731 e
66.78266 95.76430 0.42532 0.85922 -0.28432 e
66.83348 53.45761 -0.68379 0.43291 -0.58738 e
67.26557 91.41932 -0.36326 -0.15751 -0.91828 e
67.33204 50.96010 -0.06420 -0.46099 -0.88508 e
67.58010 28.80209 -0.84195 0.24534 -0.48054 e
67.84276 87.10866 0.47382 -0.70004 -0.53427 e
68.16397 53.33910 -0.00225 -0.22681 -0.97394 e
68.22805 63.06987 0.32508 -0.07559 -0.94266 e
68.49787 80.83576 -0.02156 0.97878 -0.20377 e
69.06105 72.13828 -0.41953 0.83816 -0.34855 e
69.37359 94.04275 -0.08444 0.95527 -0.28343 e
69.42608 74.87748 0.75251 0.11471 -0.64852 e
69.81620 52.50735 -0.09530 -0.98216 0.16211 e
69.93902 70.72703 0.42545 -0.89727 0.11787 e
70.09128 76.13474 0.40786 -0.66338 -0.62735 e
70.29342 95.46508 0.12539 -0.94691 0.29603 e
70.75842 56.28861 0.85395 0.04625 -0.51829 e
70.79029 68.47730 0.49775 -0.86401 -0.07571 e
70.80335 75.43682 -0.90214 0.37273 0.21729 e
70.89859 63.90561 -0.20266 0.84303 0.49823 e
71.03181 80.41004 -0.19727 0.65705 0.72758 e
71.29129 57.06708 -0.56178 0.29910 0.77132 e
71.38970 35.53250 -0.27408 -0.71945 -0.63817 e
71.93918 99.15734 0.00095 0.13976 -0.99018 e
72.01265 34.03403 0.15598 0.69091 -0.70592 e
72.14025 75.37994 -0.93786 0.10118 0.33193 e
72.17986 58.21230 0.91629 0.22592 -0.33072 e
72.31327 71.00819 -0.10942 0.66235 -0.74116 e
72.67568 85.52603 0.94781 0.05901 -0.31332 e
72.69877 93.29254 0.10139 0.56842 -0.81647 e
72.92717 72.23164 -0.95816 -0.24166 -0.15340 e
73.09900 41.19598 -0.26878 -0.49732 0.82488 e
73.32770 56.00656 -0.28909 -0.63939 -0.71246 e
73.65860 97.52361 -0.33180 -0.90643 0.26132 e
73.92860 79.70992 -0.08884 -0.91723 0.38833 e
74.79393 31.78919 -0.45063 0.09433 -0.88771 e
74.81001 42.01848 -0.85440 0.01429 0.51941 e
74.81273 57.56246 0.84563 0.47481 -0.24384 e
75.67639 96.53200 0.10487 0.52673 -0.84354 e
75.73694 59.85435 -0.36068 -0.77187 -0.52357 e
76.17611 84.36623 0.21538 0.11215 -0.97007 e
77.17320 97.68396 -0.06214 -0.82710 -0.55860 e
77.24146 40.07348 -0.05309 0.99410 0.09458 e
77.30209 76.20538 0.34853 0.79707 -0.49316 e
77.34185 71.07954 -0.66456 0.12088 -0.73739 e
77.42692 91.89124 -0.83245 -0.41512 -0.36703 e
77.79250 89.29695 -0.12020 0.99274 0.00360 e
77.83240 69.84852 -0.47195 0.34615 -0.81083 e
77.95258 59.38028 -0.72837 -0.19154 -0.65787 e
77.98110 48.72183 0.38612 -0.29284 0.87473 e
78.02644 80.33262 0.84156 0.10514 -0.52983 e
78.54915 43.30605 0.23736 -0.05897 -0.96963 e
78.62845 84.39398 0.74321 0.45021 0.49493 e
78.84116 43.29592 0.44977 0.78287 -0.42992 e
78.86733 88.58862 0.73453 0.37087 -0.56826 e
78.97758 56.92417 -0.31348 0.90780 -0.27861 e
79.89051 72.60202 0.40526 -0.43178 -0.80581 e
81.49396 71.01096 -0.10348 -0.99436 -0.02317 e
81.55611 93.37283 0.31763 -0.87360 0.36871 e
81.56973 65.84059 -0.49590 0.02694 -0.86796 e
81.71249 72.21252 -0.28127 -0.60449 -0.74530 e
81.80599 96.60962 0.96853 -0.23788 -0.07328 e
82.00507 75.70891 0.90268 0.41494 -0.11400 e
82.04250 55.94444 0.31972 -0.92870 0.18787 e
82.45242 63.16020 -0.37112 -0.04183 -0.92764 e
82.56054 60.82634 0.15570 -0.61691 0.77148 e
82.84147 65.38325 -0.53406 0.79957 -0.27470 e
82.93707 51.56233 0.87827 -0.32525 0.35050 e
82.94062 32.83061 -0.34361 -0.11773 -0.93170 e
83.11405 82.36931 -0.24597 -0.20314 -0.94775 e
83.18436 76.66058 0.57064 0.62886 0.52812 e
83.32013 49.36483 0.51594 -0.84096 0.16308 e
83.46567 72.85365 -0.43026 -0.75494 -0.49491 e
83.58507 70.03856 0.92215 -0.08175 -0.37811 e
84.06590 79.56634 -0.62009 0.64217 0.45067 e
84.71110 42.26723 0.59235 -0.78958 -0.16027 e
84.90144 54.29630 -0.92054 -0.38672 0.05516 e
85.23873 47.59260 -0.88086 -0.23877 -0.40876 e
85.51148 64.16960 -0.60953 -0.20632 -0.76544 e
85.61711 79.67741 -0.63126 -0.67512 -0.38174 e
86.39035 57.40357 0.03066 -0.47310 -0.88048 e
86.78377 52.44205 -0.28627 0.56353 -0.77491 e
86.84439 69.17400 -0.55026 -0.31085 -0.77497 e
87.52769 47.65426 0.18083 -0.90501 -0.38504 e
87.55061 48.42486 -0.09710 0.42081 -0.90194 e
87.82583 36.97277 -0.52348 0.79396 -0.30919 e
88.23649 72.89878 -0.00487 -0.17916 -0.98381 e
88.76256 55.02356 -0.90694 -0.39214 -0.15390 e
89.77262 48.56711 0.75386 -0.15144 -0.63935 e
90.04265 51.24731 -0.10588 0.87732 -0.46809 e
90.84379 72.90711 0.40935 0.19003 -0.89237 e
91.21534 65.68152 -0.49885 -0.13218 -0.85655 e
91.54793 40.37423 -0.97720 -0.13608 -0.16297 e
91.57569 78.86950 0.79479 -0.54519 0.26660 e
91.85311 51.44766 -0.25497 -0.60846 0.75151 e
91.92154 50.07469 -0.56986 -0.12763 -0.81177 e
92.10644 70.70310 -0.19041 -0.91685 -0.35091 e
92.28427 93.58470 -0.59569 0.66735 0.44699 e
92.45793 81.63540 0.88080 -0.21726 -0.42071 e
92.61987 86.65725 -0.38462 -0.15823 -0.90941 e
92.80560 57.56192 -0.08751 -0.95202 -0.29326 e
93.60318 81.85690 0.24874 -0.12547 0.96041 e
93.73725 69.07223 0.15844 0.84274 -0.51448 e
94.42924 50.68243 0.56441 0.22635 -0.79386 e
95.17531 73.60472 -0.78865 0.24333 -0.56464 e
95.17868 53.68946 -0.32983 -0.24289 -0.91226 e
95.61326 36.61744 -0.73970 -0.08743 -0.66723 e
95.89293 29.48370 0.90280 -0.10897 -0.41602 e
96.30535 62.90476 -0.74291 0.27185 -0.61170 e
96.77586 48.29540 0.60025 0.50344 -0.62148 e
96.88175 52.05699 -0.53903 -0.82672 -0.16119 e
97.01922 61.02653 -0.63578 -0.77134 -0.02872 e
97.07698 73.46823 -0.66908 -0.34509 -0.65821 e
97.29189 78.81849 -0.91152 0.17453 0.37239 e
97.43616 75.35600 -0.41349 0.50127 -0.76011 e
97.78127 59.28732 -0.42611 -0.05726 -0.90286 e
99.00465 71.04314 -0.72843 0.55320 -0.40417 e
99.55119 45.31455 -0.81837 0.57469 -0.00140 e
99.80114 74.10322 -0.79683 -0.60413 0.00899 e
99.94753 68.91803 -0.59365 0.15172 -0.79029 e
100.38394 45.71906 0.54924 -0.53872 -0.63884 e
100.47866 75.63833 -0.56305 -0.70198 -0.43612 e
100.56536 53.73808 0.04249 0.99900 -0.01378 e
100.66923 76.96023 -0.00706 0.99034 -0.13849 e
101.11188 31.08393 0.58665 0.77710 -0.22793 e
102.00001 48.59985 -0.19443 0.13106 -0.97212 e
102.28963 94.30834 0.51168 0.71199 -0.48088 e
102.33008 94.28717 -0.91793 -0.15030 -0.36718 e
102.44315 49.14443 -0.45845 0.87182 0.17246 e
102.49645 69.58711 -0.24333 -0.13021 -0.96116 e
102.64987 47.43946 -0.94591 -0.25487 0.20071 e
103.00975 62.05326 -0.24855 -0.94121 0.22881 e
103.11025 89.36059 0.64840 0.70157 -0.29560 e
104.29085 54.23523 0.59969 0.74235 -0.29882 e
104.75821 96.40290 0.93611 0.34696 -0.05765 e
104.77878 93.43229 -0.48576 -0.48509 -0.72713 e
104.95278 58.14532 -0.29826 -0.95165 -0.07349 e
105.14017 47.55510 -0.78763 0.41938 -0.45141 e
106.06726 37.84368 -0.11446 0.83880 -0.53227 e
106.07600 39.82999 0.59032 0.74320 0.31491 e
106.30777 33.13726 -0.76216 0.24802 -0.59799 e
106.92445 41.70792 0.89879 -0.08837 0.42938 e
107.10076 63.92432 0.82672 0.35304 -0.43807 e
107.19362 51.75899 0.29222 0.27015 -0.91740 e
107.24590 57.80235 -0.89914 -0.05955 -0.43359 e
107.81538 57.27135 -0.07290 0.04842 -0.99616 e
107.98946 90.74345 -0.80081 0.09792 -0.59087 e
108.04878 40.11090 0.41622 -0.79236 -0.44601 e
110.12144 66.33322 0.42355 -0.18905 -0.88592 e
110.14525 53.17644 0.39623 0.49385 -0.77402 e
111.23348 68.33789 -0.21848 -0.51554 -0.82854 e
112.23050 96.84799 0.00536 0.15691 -0.98760 e
112.23649 44.39969 0.75906 0.59155 -0.27184 e
112.66787 99.49817 0.89364 -0.17393 -0.41370 e
112.72450 69.55175 0.23280 0.60685 -0.75995 e
113.40071 64.70187 0.28911 -0.08157 -0.95381 e
113.89322 73.05980 0.30853 0.92445 -0.22404 e
114.81029 83.63526 -0.56578 -0.07300 -0.82132 e
115.97388 90.67815 -0.13058 0.74973 -0.64873 e
116.46306 40.59084 0.20183 0.45633 -0.86662 e
116.93206 32.10386 -0.23685 0.00587 -0.97153 e
116.94337 47.50276 -0.86960 0.28415 -0.40380 e
117.55103 67.42415 -0.25557 0.36257 -0.89623 e
117.56133 77.29053 0.88388 0.04377 0.46567 e
117.70990 73.46361 0.83352 0.54619 -0.08322 e
118.13557 88.63863 -0.83315 0.21764 -0.50842 e
118.48437 70.33316 -0.38009 0.81621 -0.43513 e
119.14971 51.00405 0.95891 0.09297 0.26806 e
119.55727 37.41294 -0.60416 0.65773 0.44987 e
119.68928 78.80296 0.91303 -0.20248 0.35408 e
119.85232 86.23571 -0.83137 -0.01437 -0.55554 e
120.02280 99.10420 0.81369 -0.58029 0.03420 e
120.67528 35.81317 0.40712 -0.41765 0.81229 e
120.75607 77.88888 -0.60906 0.66577 0.43105 e
121.07002 50.78113 -0.40157 -0.86544 -0.29960 e
121.42228 97.89388 0.32489 0.17799 -0.92885 e
121.45215 57.14541 0.08809 0.90843 -0.40865 e
122.01679 42.48156 0.23376 -0.97023 -0.06329 e
123.13071 59.96376 0.58914 -0.72864 -0.34928 e
124.19432 39.17598 -0.22501 -0.39292 -0.89162 e
124.45054 88.18402 -0.45287 0.77020 -0.44911 e
124.72326 70.68607 -0.85301 0.23372 -0.46664 e
124.99429 86.99557 0.07589 0.99341 -0.08588 e
125.93476 41.40768 -0.47980 -0.81837 0.31633 e
126.16708 60.25498 -0.64205 0.44081 0.62726 e
126.34461 75.60836 0.09501 -0.72945 0.67741 e
126.36244 93.55221 0.52435 0.52686 -0.66894 e
126.48544 90.34069 0.85790 0.49014 -0.15419 e
126.92964 87.74411 0.89804 0.36405 0.24698 e
127.84141 96.67029 0.30517 -0.33731 -0.89056 e
128.11058 86.26550 0.36110 0.84513 0.39416 e
128.26120 78.93853 -0.03090 -0.09541 -0.99496 e
128.29538 64.95640 0.67331 -0.58915 0.44672 e
128.34438 61.18424 -0.53266 -0.75740 -0.37766 e
129.65517 74.07643 0.41031 0.88152 -0.23359 e
129.71752 49.98811 -0.36178 -0.88133 0.30394 e
130.38303 65.36120 0.18396 -0.87957 -0.43878 e
131.17293 91.84130 -0.90224 -0.38982 -0.18440 e
131.58836 38.93738 0.98154 -0.00056 0.19123 e
131.61781 67.54826 0.76904 -0.50664 0.38973 e
131.69071 46.43909 -0.91291 0.17253 -0.36990 e
131.99479 49.22932 -0.55767 -0.37372 -0.74117 e
132.30141 66.35050 0.95695 -0.25948 0.13007 e
132.54095 41.04309 0.52328 -0.20020 0.82831 e
133.10691 63.63730 0.67849 0.32759 -0.65752 e
134.62552 36.13494 0.36659 -0.78972 -0.49189 e
134.72282 77.54714 -0.19948 0.77312 -0.60207 e
134.90790 34.08165 -0.26073 0.16572 -0.95108 e
135.58104 53.44308 0.00439 0.39050 -0.92059 e
135.65772 74.90556 0.27305 -0.07880 -0.95877 e
136.21842 56.81112 0.64391 -0.74755 -0.16296 e
136.57004 64.02309 -0.03258 -0.99188 0.12291 e
136.60565 66.82637 0.49096 -0.38345 -0.78225 e
137.22049 49.48864 -0.39323 -0.85890 -0.32813 e
137.97776 50.08444 0.68239 0.63027 -0.37029 e
138.09597 92.09889 0.59240 0.63981 -0.48960 e
138.76059 99.98488 -0.80828 -0.54870 -0.21357 e
138.87262 88.72539 0.65487 0.41642 -0.63067 e
140.05417 80.89969 -0.63540 -0.76531 0.10276 e
140.18973 62.74316 -0.65967 -0.73521 0.15590 e
140.47441 81.55442 -0.99373 0.04764 0.10113 e
140.58153 29.87088 0.23225 -0.91972 0.31650 e
141.08871 74.67555 0.83943 0.51198 0.18229 e
141.23799 80.06438 0.37474 0.13886 -0.91667 e
142.40882 35.92671 -0.92085 0.33903 0.19263 e
143.15149 86.07114 0.15143 -0.24363 -0.95797 e
143.27959 49.74844 -0.51572 -0.77999 -0.35448 e
144.23131 85.52315 0.26121 0.69192 -0.67306 e
144.84304 48.83839 0.58873 0.13402 0.79714 e
145.22724 79.79163 -0.01672 -0.96490 -0.26208 e
145.86986 74.51956 -0.40138 0.90468 -0.14297 e
145.96829 75.20269 -0.95340 -0.25516 -0.16102 e
146.64457 87.68232 -0.37556 -0.71390 0.59101 e
147.88614 39.71607 -0.55678 0.79637 -0.23621 e
148.06464 64.34904 0.89549 0.36979 -0.24771 e
148.43220 83.21063 0.11820 0.79971 -0.58863 e
148.45499 76.50275 0.86225 -0.42950 -0.26844 e
149.32080 48.13881 -0.31336 -0.87743 -0.36321 e
149.49438 53.46521 0.37269 0.92787 0.01227 e
150.43818 44.97589 0.14809 -0.29567 -0.94374 e
150.54332 70.60096 -0.26832 0.91859 -0.29017 e
150.75144 68.05081 0.84194 -0.46373 0.27585 e
151.28840 46.36076 0.20761 0.87349 0.44036 e
151.43523 55.42459 0.00456 0.12172 -0.99255 e
152.22967 55.10067 0.67042 -0.30027 0.67851 e
152.80889 90.94574 0.75758 -0.11266 0.64295 e
152.86680 54.54946 -0.92852 -0.20197 0.31153 e
152.96433 45.89329 0.09008 -0.12658 -0.98786 e
153.99161 52.52623 0.00621 0.98309 -0.18301 e
154.45336 60.21766 0.41076 0.82864 -0.38031 e
154.88370 47.35859 0.67746 0.57833 -0.45452 e
155.50713 74.26392 -0.64351 -0.45374 -0.61646 e
155.77050 62.64186 -0.34594 -0.83101 -0.43559 e
156.09678 46.45622 0.18339 -0.10707 -0.97719 e
156.12006 92.49130 0.34678 0.12439 -0.92966 e
156.58954 53.43172 -0.78952 -0.07246 0.60944 e
156.70266 82.36243 -0.09619 -0.61785 -0.78039 e
157.55514 87.72219 0.50569 0.86220 -0.02962 e
157.79465 77.73806 -0.69160 0.61430 -0.37989 e
158.21643 68.76343 0.98149 0.18388 -0.05360 e
159.05797 36.99026 -0.55896 0.45979 -0.69004 e
159.11783 56.50252 -0.74876 0.51881 -0.41255 e
160.25794 74.29557 -0.26833 -0.69173 -0.67045 e
160.85865 33.25481 -0.36573 -0.93026 0.02931 e
161.20390 89.50234 0.83717 0.51879 -0.17325 e
161.70694 76.83415 -0.25011 -0.55330 -0.79455 e
162.12498 70.71011 -0.50341 0.84462 -0.18216 e
162.16612 58.50333 -0.55296 -0.83005 -0.07241 e
162.18060 62.76861 -0.38609 -0.71920 -0.57765 e
162.60218 38.27164 0.25354 0.87736 -0.40738 e
163.00208 86.28102 0.59105 0.30900 -0.74510 e
163.76135 61.04119 -0.34778 -0.90546 -0.24328 e
163.80339 54.10487 -0.63941 -0.58917 -0.49401 e
164.28129 58.01227 -0.95051 -0.01107 0.31051 e
164.40097 92.64942 0.41287 -0.90146 0.13006 e
164.80887 86.82832 0.50805 0.38242 -0.77178 e
165.05180 96.27521 -0.62874 0.53419 -0.56509 e
165.60637 65.38328 -0.38248 0.87963 -0.28278 e
166.02433 95.77616 -0.74927 -0.37192 0.54797 e
166.06520 60.34032 0.35495 -0.82445 -0.44079 e
166.34462 58.33664 0.87616 0.46670 -0.12056 e
166.99845 69.44815 0.53501 0.00842 -0.84480 e
168.12161 63.39142 0.02760 0.84218 0.53849 e
168.19963 41.53217 -0.22768 -0.73290 -0.64111 e
168.32279 98.48292 0.33307 -0.71008 -0.62037 e
168.43696 38.39449 0.06643 -0.46305 -0.88384 e
168.71107 70.69986 -0.83043 -0.51962 0.20094 e
168.79417 71.39562 0.23250 0.31782 -0.91920 e
169.17144 53.94227 -0.89028 0.07665 -0.44893 e
169.60969 52.39526 -0.67455 -0.66561 -0.31929 e
169.77474 68.35098 0.42805 -0.61741 0.65998 e
171.46057 59.55341 0.64742 -0.76188 -0.01985 e
171.46863 32.19753 -0.74387 -0.43770 -0.50505 e
172.48558 71.87831 -0.29276 -0.46523 0.83538 e
173.61089 52.94157 0.38836 0.88726 -0.24890 e
174.06407 44.19173 -0.77190 0.60491 -0.19560 e
174.12851 72.57833 -0.18176 -0.69836 0.69228 e
174.53844 69.35016 -0.18818 0.75633 -0.62654 e
175.16233 78.67751 -0.57239 0.40778 -0.71140 e
175.22635 47.38294 0.96781 0.00591 -0.25160 e
175.31906 81.52714 -0.45530 -0.74792 -0.48303 e
175.50609 59.45094 -0.61600 0.78772 -0.00707 e
175.64707 57.48036 -0.44855 0.86727 0.21598 e
175.83853 82.93405 0.52047 -0.33210 0.78665 e
176.18998 74.06099 -0.87259 -0.41747 -0.25358 e
176.41646 47.29362 0.77993 -0.39140 0.48839 e
176.56491 24.92105 -0.35668 -0.93135 -0.07331 e
176.75488 60.97738 0.28593 0.95046 0.12192 e
176.83590 62.33531 0.74099 -0.59987 0.30180 e
177.39649 52.86434 0.49480 -0.59169 -0.63645 e
177.55945 51.84191 -0.84783 -0.36003 -0.38930 e
178.32026 74.95825 0.63219 0.37563 -0.67767 e
178.41350 50.21607 0.91133 -0.36861 -0.18333 e
179.31520 63.66274 -0.75037 -0.56804 0.33804 e
179.66208 55.57991 0.72443 -0.62937 0.28125 e
180.10429 47.08125 -0.40865 -0.08170 -0.90903 e
180.50246 95.28836 -0.82842 0.35691 -0.43166 e
180.60631 49.03398 0.32687 0.03193 -0.94453 e
180.66838 63.38125 0.03770 0.99868 -0.03502 e
180.71075 64.41884 0.72640 0.53396 -0.43271 e
180.85216 33.65096 0.27009 0.63354 0.72503 e
182.29274 90.07858 0.85992 -0.03266 -0.50938 e
182.31900 49.57365 0.44372 -0.48961 -0.75060 e
182.51261 87.96926 0.42782 0.60524 -0.67130 e
182.55294 80.19317 -0.98949 -0.11317 -0.09007 e
183.40520 30.03795 0.12805 0.67065 0.73064 e
183.56259 69.41013 0.40274 0.77387 -0.48881 e
183.82991 59.49937 0.46345 0.76545 -0.44643 e
183.83557 97.05724 -0.59900 0.45999 -0.65544 e
184.46162 85.14930 -0.92797 -0.08004 0.36397 e
184.98584 93.62276 -0.63172 0.09900 0.76885 e
186.01714 62.13699 -0.10064 -0.45600 0.88427 e
186.31085 68.37308 0.11832 0.76647 -0.63129 e
187.05533 77.73087 0.29552 0.86487 -0.40578 e
187.40753 36.86592 -0.88040 0.47330 0.02972 e
187.76882 52.78200 0.95554 0.08764 -0.28155 e
188.94421 71.24148 0.22572 -0.16015 0.96094 e
189.04479 49.99052 0.58111 0.01325 -0.81372 e
189.16297 61.33865 0.02378 -0.31083 -0.95017 e
189.27558 31.90466 -0.51770 -0.25747 -0.81590 e
189.30596 78.04666 0.43691 -0.33071 -0.83650 e
189.67212 89.40280 0.31467 -0.81662 -0.48385 e
191.00770 67.51026 0.93283 -0.09063 -0.34874 e
191.65189 51.64917 0.94193 0.08635 -0.32450 e
192.92011 65.48510 0.18389 0.79993 -0.57122 e
193.12354 35.48278 0.88107 0.46825 -0.06670 e
193.54313 61.03754 -0.70999 -0.40196 0.57823 e
195.06368 66.81347 -0.88459 -0.08945 0.45771 e
195.45253 43.46022 -0.47566 0.82290 -0.31078 e
196.93468 25.72058 -0.91460 0.30536 0.26507 e
197.54876 97.04944 0.69531 -0.68199 0.22679 e
198.01429 40.27641 0.61757 -0.77496 0.13429 e
198.59656 33.97198 0.97283 0.11260 -0.20231 e
198.97261 95.10724 -0.21439 0.32245 0.92199 e
199.98017 77.86681 0.85689 0.29906 0.41988 e
201.62889 72.12153 -0.56965 0.82006 -0.05477 e
201.76616 81.76259 0.05815 -0.59932 0.79839 e
202.11240 63.78241 -0.10130 -0.72863 -0.67737 e
202.35052 53.78572 -0.21410 0.96889 -0.12415 e
202.85010 62.24950 0.18156 0.45717 -0.87065 e
203.43103 32.97337 -0.37568 0.42569 -0.82320 e
204.53428 41.11692 -0.59287 0.35301 0.72381 e
204.62454 54.67017 -0.44840 0.08010 -0.89024 e
204.91533 88.48985 0.79500 0.54970 0.25653 e
205.97406 35.33429 0.46771 0.69259 0.54915 e
206.58532 53.88302 0.84241 -0.28241 0.45891 e
207.22875 35.94578 0.26075 -0.72215 0.64071 e
208.52592 66.44738 -0.26784 -0.95723 -0.10944 e
209.35237 35.46374 0.01178 -0.70496 0.70915 e
209.66530 69.56646 0.50794 -0.25448 -0.82295 e
210.20911 63.78238 -0.69625 -0.15424 -0.70103 e
210.22298 85.19320 -0.19039 -0.89662 -0.39978 e
210.26437 50.97512 -0.27596 0.86631 -0.41635 e
210.50968 50.46619 0.08319 0.43900 -0.89463 e
210.54709 36.69152 -0.34662 0.89452 0.28229 e
211.61140 71.41234 0.26093 0.04668 -0.96423 e
211.97420 35.41905 -0.28322 -0.95819 -0.04065 e
213.87703 87.75999 0.98430 -0.10951 0.13840 e
214.47426 66.01370 0.74710 0.42031 -0.51495 e
215.43453 41.83734 0.04014 -0.21660 -0.97543 e
215.72447 50.11922 0.99369 0.02380 -0.10965 e
215.85579 77.54877 0.26047 0.60275 -0.75422 e
215.86596 90.63536 -0.24522 0.35303 -0.90291 e
216.00118 60.90557 -0.95973 -0.20566 -0.19136 e
217.06193 48.78710 -0.16651 0.43740 -0.88372 e
218.74526 83.80576 -0.10771 0.55025 -0.82802 e
218.75857 58.56797 0.60129 -0.62082 -0.50303 e
219.17152 57.67852 0.20671 -0.93534 -0.28706 e
219.30774 91.40158 0.92063 0.38235 0.07900 e
219.80520 34.20006 -0.96844 0.11824 -0.21943 e
220.07657 36.02237 0.35806 0.10148 -0.92817 e
220.85388 94.02578 -0.39989 -0.91028 -0.10711 e
222.44366 53.24679 -0.36773 0.87980 -0.30121 e
223.24989 94.47665 0.53187 -0.69309 -0.48655 e
223.52616 60.38893 0.75046 -0.59816 -0.28110 e
224.40278 97.64247 -0.51738 0.83882 -0.16942 e
224.91233 88.03952 -0.79630 0.49045 -0.35406 e
225.16513 39.14402 -0.12626 0.79693 -0.59072 e
225.20935 29.26744 -0.57778 -0.78561 -0.22133 e
225.22848 42.93490 -0.63822 0.07927 0.76577 e
226.22100 61.41013 -0.36029 0.61671 -0.69990 e
228.89381 55.32189 -0.67522 0.23301 -0.69985 e
229.03744 89.68721 -0.92176 -0.09953 0.37477 e
229.44915 51.30168 0.43857 -0.73450 -0.51784 e
230.06771 54.80344 0.51643 -0.39911 0.75764 e
231.49724 93.49524 -0.58548 -0.27032 -0.76429 e
231.68574 71.44017 -0.46844 -0.84864 0.24571 e
232.57678 61.48836 0.82700 -0.14525 -0.54311 e
232.87719 83.35344 0.97843 -0.02924 -0.20451 e
233.43745 45.30595 -0.56522 0.29495 -0.77041 e
233.52328 97.82724 -0.19994 -0.71715 -0.66762 e
233.88608 90.00424 -0.66292 0.71159 -0.23273 e
234.37447 31.39874 -0.17069 -0.41926 -0.89168 e
235.06730 92.28150 -0.01309 0.20864 -0.97790 e
235.74013 56.58554 -0.53823 0.80795 -0.23983 e
236.18249 87.04209 0.44556 -0.85492 -0.26568 e
238.36378 74.19269 -0.01435 0.19343 -0.98101 e
239.89897 71.72557 -0.22293 0.88772 0.40282 e
240.29798 61.29287 0.83986 0.03255 -0.54182 e
240.71034 63.44105 0.60619 -0.66244 0.44011 e
242.01277 74.33967 -0.89419 -0.35659 0.27067 e
242.05598 91.26099 -0.04462 0.90812 -0.41633 e
242.31582 71.55723 -0.48890 0.86771 0.08979 e
243.01882 77.11244 0.85187 0.05806 -0.52053 e
243.25191 31.55853 -0.72906 0.49642 0.47122 e
244.79761 65.96768 -0.89368 -0.28676 0.34512 e
245.51332 84.52444 -0.04920 -0.93758 0.34428 e
245.54254 97.88841 0.36563 -0.38118 -0.84913 e
246.33498 35.19151 0.90874 0.14999 0.38947 e
246.67032 74.13888 0.57033 -0.61414 -0.54549 e
246.71170 62.56440 -0.74632 -0.38979 -0.53951 e
246.84928 51.62626 -0.39933 -0.75814 -0.51551 e
247.10294 48.98160 0.25846 0.73836 -0.62291 e
247.47539 63.28789 0.45541 -0.10092 -0.88454 e
247.48032 65.18257 0.28733 -0.77635 -0.56100 e
248.11302 89.68163 0.45561 -0.14357 -0.87852 e
249.56489 45.64884 0.82380 0.44487 -0.35136 e
251.17501 94.69588 -0.21052 -0.46214 -0.86146 e
251.61209 59.17114 0.94393 -0.29756 0.14302 e
251.93458 56.64636 0.42095 0.87578 0.23625 e
252.10963 62.50380 -0.28239 0.64764 -0.70769 e
253.62198 56.00571 0.02072 -0.96896 -0.24634 e
253.67342 89.91650 0.13396 0.98794 0.07766 e
253.97851 49.79767 -0.40626 -0.75430 0.51573 e
254.03305 70.54658 0.18904 -0.80004 -0.56938 e
254.45561 48.07922 -0.56947 -0.21205 -0.79419 e
255.02673 40.67665 0.85231 0.33534 -0.40140 e
255.07726 39.67323 0.48219 -0.71496 0.50628 e
255.32321 66.64487 0.97201 0.17803 -0.15332 e
255.71038 25.87094 0.37545 0.06383 -0.92464 e
256.05270 72.96350 -0.55270 -0.65753 -0.51203 e
256.21731 46.98204 0.95512 -0.07959 0.28532 e
256.33855 64.68358 0.26904 -0.12677 -0.95475 e
256.53840 58.56862 -0.01057 0.09399 -0.99552 e
257.21786 57.80650 0.20632 0.12667 -0.97025 e
257.44320 99.58568 0.04044 -0.59627 -0.80176 e
257.98985 34.71299 -0.68150 -0.63988 -0.35511 e
258.91599 62.56868 0.93171 0.25515 0.25849 e
259.39160 55.88671 0.15970 0.84919 -0.50336 e
259.72749 45.69066 -0.25432 0.96235 -0.09590 e
260.21608 55.74294 -0.37742 -0.67664 0.63223 e
260.54441 52.90211 -0.98888 0.09607 -0.11353 e
261.46824 60.16199 -0.03138 0.05169 -0.99817 e
262.32099 44.06359 0.89397 0.38558 0.22835 e
262.51521 25.08793 0.81883 0.55194 0.15773 e
263.00821 50.40028 -0.44416 -0.43999 -0.78047 e
264.74014 68.76327 -0.01919 -0.96816 -0.24958 e
264.96930 52.79716 -0.95545 -0.12699 -0.26644 e
265.22469 67.65306 0.65804 0.63156 -0.41002 e
265.46878 98.26280 0.47335 0.80925 -0.34793 e
265.48872 72.33198 -0.56199 -0.71957 0.40790 e
265.50207 31.67240 -0.00009 0.81320 0.58199 e
266.36416 51.49983 -0.55503 -0.25360 -0.79223 e
267.19920 75.38849 0.80135 0.46091 -0.38132 e
267.74772 78.49003 -0.00611 0.60420 0.79681 e
268.07679 52.00566 -0.42222 -0.05942 -0.90454 e
268.08501 34.86615 -0.71324 -0.65594 -0.24703 e
270.42908 51.38313 -0.24161 -0.74182 0.62556 e
271.56911 51.08243 -0.91597 -0.31252 -0.25165 e
272.22846 60.39890 -0.90291 0.42295 0.07662 e
272.24618 49.85897 0.48809 -0.53066 -0.69295 e
272.50251 89.58801 0.79889 0.41338 -0.43691 e
272.83324 70.47381 0.59857 -0.62378 -0.50260 e
273.63230 72.15066 -0.68225 0.45038 -0.57592 e
274.02349 54.84145 0.23387 0.60217 -0.76335 e
275.05930 68.09458 0.14139 0.98916 -0.03973 e
275.12889 52.20910 -0.22096 -0.83727 -0.50015 e
275.48022 46.72091 -0.65006 0.58179 0.48881 e
275.82547 94.72061 -0.56792 -0.22296 -0.79231 e
276.96745 66.59090 0.95330 0.01255 -0.30176 e
278.48673 63.44948 0.80307 -0.51690 0.29646 e
280.32888 47.32441 0.83806 -0.11746 -0.53278 e
280.56074 47.81757 -0.72396 -0.68932 0.02675 e
280.67543 77.88131 -0.53678 -0.84192 -0.05514 e
280.70043 54.24819 0.12382 0.94691 -0.29670 e
280.83120 69.21716 -0.22436 -0.91063 0.34700 e
281.09583 86.81886 -0.10385 -0.70510 -0.70146 e
281.50389 65.05461 0.86609 0.34802 -0.35885 e
281.68116 49.39273 0.44723 0.87023 -0.20659 e
282.59498 52.44323 0.00112 -0.78916 0.61418 e
282.82131 61.83921 -0.73608 0.44392 -0.51100 e
282.84259 54.11995 -0.87366 0.48503 -0.03821 e
282.87702 93.91145 -0.95407 0.03543 0.29747 e
283.36841 97.54876 0.99608 -0.07337 -0.04948 e
283.40549 60.91357 0.39615 -0.88649 -0.23916 e
283.76754 26.68791 -0.61459 0.27289 0.74014 e
284.16285 52.57986 0.83699 0.41307 0.35892 e
284.82057 55.03965 -0.76100 -0.50368 -0.40888 e
284.86615 32.22626 -0.24769 -0.96038 -0.12777 e
285.16164 58.85128 -0.94133 0.12549 -0.31329 e
285.63122 99.60131 0.67325 -0.70916 -0.20936 e
285.78048 46.18090 -0.94054 0.33967 -0.00342 e
286.85474 88.93220 0.53129 -0.24300 -0.81159 e
287.13706 93.05631 0.66629 -0.58607 0.46106 e
287.14098 52.85049 -0.74844 0.57509 0.33032 e
287.21388 69.78329 0.50848 -0.81396 -0.28091 e
287.84981 85.25226 -0.55884 -0.76164 -0.32802 e
288.17491 83.53133 0.41633 -0.63001 -0.65556 e
288.88583 62.12967 -0.74054 0.35597 -0.56999 e
288.95257 31.75823 -0.21758 -0.65699 -0.72182 e
288.96715 90.41143 -0.35726 0.71947 -0.59559 e
289.57369 53.21185 -0.64493 0.76349 -0.03387 e
290.38906 71.17894 -0.08781 0.66186 -0.74446 e
290.86442 60.38586 0.19037 -0.98135 -0.02669 e
291.33148 65.25197 -0.54337 -0.28063 -0.79120 e
291.80955 83.41014 0.69677 0.52432 0.48949 e
292.11615 57.85888 0.71449 0.66273 -0.22426 e
292.26462 48.91915 -0.58890 0.72872 -0.34952 e
293.01804 53.79857 0.25269 0.68053 -0.68777 e
295.18081 42.85435 -0.61233 -0.53061 -0.58609 e
296.71696 67.29446 -0.12521 -0.51229 -0.84963 e
296.83223 54.69663 -0.49949 -0.54705 -0.67174 e
298.33404 48.09268 0.93411 -0.08864 -0.34580 e
298.35949 87.50454 -0.77219 -0.60543 -0.19284 e
298.55468 35.35718 0.51713 -0.33966 0.78563 e
298.65903 65.77383 -0.78825 -0.61511 -0.01751 e
298.72888 31.65297 -0.25052 0.90333 0.34818 e
298.75164 96.50729 0.76049 -0.60028 0.24763 e
299.41310 82.07986 -0.49372 0.42653 0.75783 e
299.73137 65.81572 0.53104 -0.82059 0.21128 e
299.79427 47.71119 -0.50344 -0.75522 -0.41976 e
300.46693 68.79461 -0.01390 0.94225 0.33461 e
300.74307 70.99093 0.62998 -0.76714 -0.12089 e
303.24822 55.37820 0.11849 -0.65800 -0.74364 e
304.48068 64.74648 -0.93079 0.06200 0.36025 e
305.18540 43.51789 -0.61444 -0.17057 -0.77030 e
305.18720 51.78037 0.87658 0.47745 0.06040 e
305.51099 96.88264 0.19105 -0.84456 0.50022 e
306.10925 58.12694 -0.08751 0.96772 0.23635 e
306.16888 66.35777 0.03367 0.56359 -0.82537 e
306.47048 92.47110 -0.59168 -0.59569 -0.54319 e
307.97703 72.48768 0.13070 -0.51071 -0.84976 e
308.37616 57.85081 -0.04537 0.91524 -0.40034 e
308.78198 98.28604 0.23450 -0.34255 -0.90976 e
308.81378 49.99717 0.79309 0.14115 -0.59252 e
308.90261 70.18526 0.68987 0.62481 -0.36565 e
309.06124 84.80921 0.52302 -0.39196 0.75685 e
309.82743 76.34533 -0.97185 0.19231 -0.13608 e
309.88236 95.12239 0.02688 -0.20168 -0.97908 e
309.95035 82.38690 -0.74090 -0.64535 -0.18601 e
310.38904 76.22933 -0.87071 0.40053 -0.28539 e
310.75963 45.33200 0.74518 0.44844 -0.49357 e
310.84756 46.08803 0.22250 -0.79290 -0.56728 e
311.63177 44.66295 0.52353 0.43443 0.73293 e
311.93349 67.71026 0.56996 0.36291 0.73718 e
312.13919 42.41994 -0.29263 -0.44893 -0.84429 e
313.12668 47.35689 -0.60479 -0.52760 -0.59655 e
314.03076 47.69181 0.35017 -0.37996 -0.85616 e
314.27714 53.17578 -0.90238 0.16464 -0.39826 e
314.51583 55.90810 0.96203 0.24273 0.12485 e
314.57084 66.06817 0.41472 0.82503 -0.38383 e
314.73383 88.26332 -0.61206 -0.77886 -0.13698 e
315.56432 50.95828 -0.48712 -0.79729 -0.35643 e
316.14483 55.89235 -0.08094 0.96062 -0.26582 e
316.64917 95.35724 0.21076 0.58967 -0.77966 e
317.10834 50.96081 -0.49978 0.64327 -0.58003 e
317.33133 66.21192 0.70804 0.37951 0.59553 e
318.03045 66.53481 -0.64178 0.72508 -0.24975 e
318.96576 62.25378 -0.81859 -0.48383 -0.30954 e
319.12936 39.08295 0.04628 0.61536 -0.78688 e
319.17410 47.03718 -0.34279 -0.31940 0.88345 e
319.37645 82.10083 0.57144 0.02763 -0.82018 e
319.69706 27.69883 0.46340 0.85159 -0.24505 e
319.84523 51.99171 -0.15548 0.45237 -0.87817 e
319.92736 87.13108 -0.49170 -0.49489 -0.71646 e
320.11235 50.20840 0.62321 0.38887 -0.67852 e
320.35296 91.01324 0.26389 0.50090 -0.82430 e
320.87711 68.48984 -0.15762 -0.46178 -0.87288 e
321.15178 64.30688 0.55093 -0.83220 0.06264 e
321.47090 75.62450 -0.93046 0.24600 0.27154 e
321.53964 38.47297 0.09620 0.99535 0.00545 e
322.73618 83.78875 0.09396 0.27666 -0.95636 e
323.51028 36.40583 0.32674 0.87420 0.35918 e
324.02335 84.06305 0.32923 -0.87264 0.36069 e
324.09388 52.74493 0.86586 0.41299 -0.28235 e
325.76420 73.08665 0.49497 -0.64187 -0.58567 e
325.94920 91.08467 -0.08107 0.29918 -0.95075 e
326.36682 80.48846 0.07471 -0.93277 -0.35263 e
327.35849 52.53387 -0.47037 0.15153 -0.86936 e
328.21822 73.87870 -0.99111 -0.12084 0.05565 e
328.71661 37.81027 0.12044 0.99233 -0.02778 e
328.84726 40.62164 -0.48330 -0.43972 0.75701 e
330.27900 96.10160 0.80347 0.57553 0.15230 e
330.62272 78.48534 -0.45971 -0.88803 0.00888 e
331.71935 60.25719 -0.03523 0.43745 -0.89855 e
333.14456 61.64388 0.80593 0.59201 -0.00200 e
333.17143 88.89511 -0.32180 -0.94553 -0.04912 e
333.76639 43.63869 0.33824 -0.62781 0.70103 e
334.36674 75.48655 -0.25079 0.15124 -0.95615 e
334.57249 91.01642 -0.61428 0.04990 0.78751 e
335.00690 46.30914 -0.81287 -0.34891 0.46637 e
335.30076 99.66562 0.60856 -0.76028 0.22721 e
335.60102 73.35803 0.35668 0.25204 -0.89959 e
335.79600 70.97186 -0.15080 -0.64243 -0.75136 e
335.79995 31.68377 -0.60135 -0.66812 -0.43818 e
336.06961 89.95565 -0.88649 0.46192 -0.02756 e
336.11520 43.42515 -0.24137 -0.97003 -0.02803 e
336.38607 93.81410 0.32686 0.92949 -0.17088 e
336.56449 62.87261 -0.36540 -0.89482 -0.25646 e
336.58550 92.16340 -0.22528 0.48233 -0.84653 e
337.22050 61.78360 0.39719 -0.59696 0.69705 e
337.76387 43.41683 0.18956 0.97363 -0.12690 e
337.95304 48.98903 0.61151 0.55714 -0.56183 e
337.97692 92.53234 0.24039 0.86097 0.44826 e
338.10632 72.00951 -0.36747 0.82525 -0.42887 e
338.29924 60.40003 -0.77826 0.62751 -0.02325 e
338.34024 51.76424 -0.90612 -0.40185 -0.13212 e
338.62339 72.64556 0.00076 0.14509 -0.98942 e
338.79311 75.31865 -0.67275 -0.17391 -0.71914 e
339.07942 62.51044 0.68968 -0.25760 -0.67674 e
339.26836 73.76658 0.24093 -0.09745 -0.96564 e
339.89096 26.10636 0.13643 -0.97656 0.16650 e
339.95313 82.49660 -0.69744 0.37356 0.61158 e
340.44834 89.41831 0.67165 0.23005 -0.70425 e
341.57539 50.67386 -0.42981 0.44321 -0.78665 e
341.74026 97.83138 0.15072 0.15867 -0.97576 e
342.16294 75.76655 -0.06541 0.46314 -0.88387 e
344.77818 44.51191 -0.76981 0.32792 -0.54759 e
344.95998 40.57026 -0.37022 0.40763 -0.83473 e
345.52761 56.91782 0.00741 -0.59577 -0.80312 e
345.89321 44.48535 -0.30782 -0.78846 0.53252 e
346.43419 69.88133 -0.05956 -0.14971 0.98693 e
346.75038 36.90891 0.05088 0.67668 -0.73451 e
346.94809 75.90090 -0.59462 0.24910 -0.76444 e
347.48808 56.64301 0.53886 -0.21674 -0.81404 e
347.50848 68.62134 -0.78061 -0.40994 0.47180 e
347.55256 41.65488 0.96736 0.19068 -0.16692 e
347.82831 95.38557 -0.92958 0.36853 0.00856 e
347.89321 51.08593 -0.27675 0.59793 -0.75226 e
348.35489 84.87217 -0.55209 -0.54364 -0.63218 e
349.57216 77.49121 -0.45134 0.28953 -0.84407 e
349.75906 54.13008 -0.77308 -0.30266 -0.55745 e
350.28657 57.44121 -0.65592 0.69931 0.28414 e
350.93777 48.53196 0.62134 0.67732 -0.39393 e
351.17177 50.60478 0.24512 0.20306 -0.94799 e
351.30038 45.58902 0.19846 0.97599 -0.08976 e
351.33295 61.12667 -0.79504 0.35871 0.48913 e
353.12324 45.07762 0.49582 0.82040 -0.28478 e
353.50376 65.58086 0.81938 0.56447 -0.09992 e
354.80578 40.48685 -0.02891 0.90004 0.43484 e
355.25195 51.49764 -0.91070 0.39439 -0.12276 e
356.10920 41.20714 0.21488 0.93011 -0.29786 e
356.46668 72.58574 0.47335 0.33468 -0.81482 e
357.23581 62.88851 0.50939 -0.06733 -0.85790 e
357.45071 45.22975 -0.30089 0.87211 0.38585 e
361.06312 71.77063 0.80825 -0.03208 -0.58797 e
361.77769 68.76829 -0.16206 -0.59631 -0.78623 e
362.18132 56.53938 -0.14334 -0.35683 -0.92311 e
364.98381 52.95552 -0.37185 0.82844 0.41882 e
369.01905 41.52373 0.16009 -0.97762 -0.13646 e
369.24257 74.96501 0.93816 -0.21700 -0.26976 e
369.42988 78.56831 -0.24700 0.65527 -0.71387 e
369.78609 51.94965 -0.97531 0.19953 -0.09469 e
370.27732 60.42782 -0.66680 0.32806 0.66914 e
370.66705 54.18546 -0.38681 -0.37890 -0.84072 e
372.79425 44.41712 0.49382 0.62336 0.60627 e
372.81505 76.25695 0.49078 0.00450 -0.87127 e
373.72059 87.67187 -0.58839 -0.60848 -0.53249 e
375.91864 61.35070 -0.73141 0.55838 -0.39148 e
376.00490 54.46745 -0.61167 0.04500 -0.78984 e
378.88391 42.30726 -0.39642 -0.91704 0.04343 e
380.90034 55.85902 0.59397 0.42876 -0.68071 e
381.62685 53.05680 -0.65998 0.72555 0.19494 e
381.73025 81.45818 -0.14989 0.93730 0.31464 e
388.78972 74.46644 -0.17193 -0.45927 -0.87150 e
393.43808 53.98975 -0.23872 -0.61678 -0.75007 e
398.80940 56.35367 -0.42092 -0.19319 -0.88629 e
404.98661 29.13643 0.20731 0.84874 -0.48648 e
410.90708 38.27652 -0.33659 0.90133 0.27259 e
412.50749 53.92731 -0.43152 -0.06870 -0.89949 e
414.18977 35.29797 -0.45510 0.02251 0.89016 e
415.42370 51.74343 -0.41318 0.69077 -0.59339 e
417.62298 41.19522 -0.91577 -0.13634 -0.37787 e
427.13595 84.62192 -0.77359 0.31179 -0.55168 e
428.38677 55.13124 0.58532 0.49803 -0.63982 e
430.28947 72.28569 -0.17070 -0.47987 -0.86057 e
433.86267 35.69149 -0.99493 -0.08989 0.04511 e
434.09551 59.41713 0.05740 -0.50001 -0.86412 e
438.13577 32.89501 -0.19864 -0.97958 -0.03109 e
439.70839 52.39129 -0.04663 -0.08498 -0.99529 e
440.93967 42.74083 -0.02196 0.45992 -0.88769 e
446.22314 40.96546 0.66923 -0.70663 0.22978 e
447.88975 47.84677 -0.43363 -0.01788 -0.90091 e
448.47970 59.92851 -0.49051 0.86841 0.07255 e
455.00379 41.72060 0.58122 0.78116 -0.22799 e
466.34102 50.76888 -0.17886 -0.92768 0.32775 e
466.35672 38.85139 0.04160 0.87100 0.48951 e
470.65597 57.57569 -0.62258 0.23093 -0.74770 e
475.96524 48.14071 -0.78167 -0.10574 -0.61467 e
478.17358 34.02261 -0.10395 0.82462 -0.55606 e
491.27506 49.24638 -0.18574 -0.98258 0.00664 e
523.17636 30.90150 0.88322 -0.11299 -0.45514 e
523.63580 44.15384 -0.39039 -0.44133 -0.80797 e
524.74324 53.20121 -0.57328 -0.54491 -0.61191 e
536.37076 38.18379 -0.43183 0.76990 0.46988 e
548.26188 54.27309 0.08131 -0.32040 -0.94379 e
566.02582 44.45013 -0.62361 -0.39309 0.67571 e
597.86689 48.36120 0.30166 -0.91901 -0.25383 e
598.38033 35.78338 0.99343 -0.04057 0.10697 e
615.95341 29.13831 -0.32614 -0.75384 -0.57040 e
619.18895 42.58264 -0.58630 0.75965 -0.28139 e
654.54674 39.49319 0.06829 0.96558 -0.25097 e
687.21178 45.40498 -0.27335 0.11062 -0.95553 e
688.30147 40.26219 0.20899 -0.84076 0.49944 e
688.74169 37.70817 0.64218 -0.02810 -0.76604 e
693.01401 32.23696 -0.22703 0.02036 0.97367 e
803.36698 49.49702 0.90283 -0.31626 0.29135 e
826.77515 53.03833 -0.58323 -0.55446 -0.59365 e
840.36421 32.72817 0.41806 -0.38515 -0.82273 e
840.93974 38.69994 0.11013 0.97867 -0.17341 e
876.13095 73.75365 0.40824 0.74894 0.52194 e
886.43869 45.81507 0.52499 0.80970 0.26224 e
973.49252 41.39348 0.69990 -0.21285 0.68179 e
1031.01075 51.59495 -0.61749 -0.09247 0.78112 e
1053.25629 45.39762 -0.66527 -0.74659 -0.00478 e
1078.58881 62.66400 0.67955 -0.73363 -0.00162 e
1150.73659 24.79922 0.46498 -0.49088 -0.73677 e
1268.32130 35.73142 0.87431 -0.22775 -0.42862 e
1345.64169 37.76978 -0.68254 -0.70690 0.18557 e
1370.53371 45.43076 0.46072 0.79872 -0.38702 e
1393.35952 30.59681 0.91945 -0.04309 0.39084 e
1408.22610 51.88298 -0.92426 0.30372 -0.23130 e
1484.16805 41.94771 -0.96644 -0.25342 -0.04220 e
1521.73611 45.97331 0.98312 0.18291 0.00359 e
1547.79389 47.90740 0.93257 0.03182 -0.35958 e
1561.32839 26.02070 -0.67708 0.51375 -0.52691 e
1619.39538 38.03775 0.78736 0.17396 0.59144 e
1650.78860 25.68006 -0.58009 0.74153 -0.33708 e
1666.24611 36.53147 0.17350 0.81327 0.55542 e
1682.01807 49.91360 -0.98822 -0.13358 -0.07463 e
1686.12617 50.75385 -0.06434 -0.01983 -0.99773 e
1900.36442 49.69022 -0.28371 -0.33845 -0.89719 e
2058.27826 43.18800 0.46810 0.75489 0.45937 e
2059.73810 56.49516 -0.44791 0.44194 -0.77722 e
2116.53306 36.01397 -0.81289 -0.47843 -0.33214 e
2175.22886 53.11214 0.37559 0.23374 -0.89683 e
2254.02349 55.30730 -0.57888 0.77792 0.24442 e
2376.24163 34.18922 0.74902 -0.47706 0.45977 e
2376.55551 51.01499 0.05445 -0.92164 -0.38421 e
2492.26745 44.79196 -0.12168 0.13151 -0.98382 e
2669.59108 39.07381 0.12452 -0.98453 -0.12323 e
2746.25730 26.03541 -0.24042 -0.49005 0.83788 e
3077.83126 31.26468 -0.54339 -0.80582 -0.23534 e
3314.70076 29.59150 -0.72810 -0.62822 -0.27426 e
3482.42098 44.15249 -0.08993 -0.10565 -0.99033 e
3549.57358 41.58434 0.25585 0.56025 -0.78782 e
3638.16500 37.34751 -0.18792 -0.92312 0.33547 e
3809.71210 29.06800 0.06904 0.40869 -0.91006 e
3873.68103 59.10533 0.69422 0.20920 -0.68869 e
3894.38455 44.28280 -0.83535 -0.05134 0.54731 e
4070.84582 28.00623 -0.81936 -0.08809 0.56647 e
4969.28210 41.46445 -0.57254 0.66504 -0.47950 e
5101.36506 31.04458 0.55071 0.66817 -0.50027 e
5105.10080 29.41849 -0.10976 -0.35268 -0.92928 e
5183.87529 36.72591 -0.57587 0.15729 -0.80227 e
5245.87825 38.60667 0.89496 -0.32726 0.30324 e
5291.62838 35.59426 -0.13108 -0.99084 -0.03257 e
5518.75294 36.33290 -0.28319 -0.37374 -0.88325 e
5855.36858 33.00244 0.05565 0.24864 -0.96700 e
6347.95472 27.87291 -0.31865 0.13117 -0.93875 e
6856.30701 31.46225 -0.58382 -0.64755 -0.48972 e
7474.30122 34.58237 -0.96985 0.16710 0.17741 e
8205.85636 31.27971 -0.01135 0.19238 -0.98125 e
8810.52824 38.53001 0.71133 0.32692 -0.62220 e
8919.11722 47.20581 0.97718 0.20588 0.05230 e
9122.52113 28.31462 -0.60080 0.68469 -0.41261 e
12311.78949 32.58889 -0.78931 0.61397 -0.00529 e
15005.86869 25.95339 -0.35123 0.74332 0.56931 e
16811.49436 39.09412 -0.25092 -0.93499 -0.25066 e
18892.90216 39.01194 -0.80788 0.23446 0.54070 e
