17.03476 70.29676 -0.68812 -0.59314 -0.41795 eb
17.29556 54.32660 -0.83587 -0.14499 -0.52944 eb
18.23019 84.12994 -0.95633 -0.12355 -0.26488 eb
19.19587 19.69970 0.26846 -0.66198 -0.69979 eb
19.28816 22.75318 0.97968 -0.15197 -0.13086 eb
19.81713 42.11609 0.25524 -0.38599 0.88649 eb
19.82173 61.92448 0.59587 -0.27759 -0.75358 eb
20.78253 39.48228 -0.46113 0.08174 0.88356 eb
20.91560 79.28109 -0.09128 0.36011 0.92843 eb
21.22996 69.42695 0.66856 -0.50233 -0.54835 eb
21.61701 59.45291 0.10456 -0.98025 -0.16787 eb
22.26991 60.82469 -0.48107 0.57525 0.66155 eb
22.53937 54.31718 -0.09918 -0.85212 -0.51386 eb
23.58976 65.27839 -0.41196 -0.11550 -0.90385 eb
23.93340 84.96729 0.41873 0.48791 -0.76590 eb
24.91119 54.93275 -0.26924 0.21911 -0.93782 eb
25.42033 47.09274 0.88879 0.23113 -0.39576 eb
26.32896 36.18871 0.01359 0.99991 -0.00197 eb
26.64701 55.60321 0.48227 -0.76017 -0.43539 eb
27.31302 69.72559 0.33108 -0.81977 0.46730 eb
27.88830 57.97278 -0.47472 0.07228 -0.87717 eb
28.27888 41.50435 -0.45610 0.88780 0.06147 eb
28.49574 70.82770 -0.78801 -0.55703 -0.26222 eb
28.84726 85.46778 -0.98669 -0.07009 -0.14676 eb
29.07425 16.55455 -0.52014 0.48372 0.70390 eb
29.27325 65.69292 0.48195 -0.10260 -0.87017 eb
29.30900 40.29643 -0.86096 0.46100 0.21500 eb
29.84618 61.77513 -0.13754 0.54346 -0.82809 eb
30.02191 17.60835 -0.35848 0.90174 -0.24158 eb
30.15895 75.36471 -0.09068 -0.95963 0.26625 eb
30.65862 16.02590 -0.21723 0.05888 -0.97434 eb
30.81166 19.10822 -0.96195 -0.21047 -0.17420 eb
31.19570 83.61836 -0.57620 -0.81136 -0.09841 eb
31.31051 53.44503 0.44401 0.85290 -0.27463 eb
31.55196 45.59762 -0.64806 0.35154 0.67561 eb
32.22178 51.78950 -0.33808 0.63522 -0.69440 eb
32.32008 42.58106 -0.12316 0.28422 -0.95081 eb
32.36720 67.21530 -0.96722 -0.17443 -0.18454 eb
32.74708 30.45485 -0.63441 -0.72165 -0.27703 eb
33.62395 47.93400 0.04364 0.99793 -0.04725 eb
33.76376 82.47846 0.78249 0.58868 -0.20288 eb
34.33888 25.13605 -0.34356 0.22436 -0.91194 eb
34.70070 86.99081 0.54130 0.56019 -0.62704 eb
34.77770 28.41979 -0.84189 -0.41101 0.34972 eb
34.78970 68.37215 0.68522 -0.47015 -0.55627 eb
35.49063 43.98756 -0.02894 -0.99579 -0.08695 eb
35.56567 80.29873 0.51295 -0.47880 -0.71249 eb
36.64229 61.17663 -0.50141 0.19291 -0.84343 eb
36.78956 86.62764 -0.84514 -0.37309 -0.38281 eb
36.94667 44.64068 -0.97925 -0.13038 0.15515 eb
37.22000 36.95036 0.32070 0.41554 -0.85116 eb
37.37964 88.41545 -0.54116 -0.82764 -0.14883 eb
37.67338 36.11037 0.73384 0.10260 -0.67153 eb
37.69186 50.03998 -0.51728 0.57140 -0.63712 eb
38.17751 69.35974 0.06714 0.34116 -0.93761 eb
38.29172 46.75261 -0.45591 0.00572 -0.89001 eb
38.35196 63.80097 0.59581 0.49116 -0.63543 eb
38.47188 42.06822 0.25360 -0.57841 -0.77532 eb
38.58415 33.91942 -0.34466 -0.66809 -0.65945 eb
38.78526 83.30923 -0.91202 0.40403 0.07062 eb
38.82893 42.29236 0.45572 -0.87237 -0.17689 eb
38.95299 56.45304 0.25261 0.16637 -0.95316 eb
38.99454 64.43732 0.95961 0.27036 0.07784 eb
39.02630 21.93188 -0.81515 -0.29076 -0.50098 eb
39.18713 22.08377 -0.44390 0.78647 0.42945 eb
39.22120 76.70705 0.32329 0.94132 -0.09696 eb
39.23960 87.88701 0.64778 0.35732 0.67283 eb
39.66687 67.44463 0.44605 0.57794 -0.68340 eb
39.74971 50.59278 0.35201 0.86104 -0.36701 eb
39.99812 41.63346 0.10602 0.29045 -0.95100 eb
40.60554 39.08400 0.75417 0.60791 -0.24835 eb
40.64050 55.11432 0.52715 0.14369 -0.83754 eb
40.68003 44.88679 0.23961 0.24271 -0.94004 eb
40.70892 80.23645 0.80664 0.09948 0.58261 eb
40.72808 71.21023 -0.80328 -0.34660 -0.48437 eb
40.85936 45.22029 -0.89809 -0.35552 0.25891 eb
41.19133 32.23572 0.08459 -0.98881 -0.12286 eb
41.27400 70.78236 -0.62941 -0.74241 -0.22950 eb
42.26385 82.57843 -0.82003 0.43984 0.36618 eb
42.43022 64.40594 0.43141 0.84193 -0.32409 eb
42.45243 38.27297 0.76311 0.39922 -0.50822 eb
43.27878 51.27675 0.00972 0.10173 -0.99476 eb
43.28946 39.52514 0.64948 -0.37174 -0.66331 eb
43.34968 65.35257 0.77953 0.61701 0.10789 eb
43.41473 19.50878 0.95898 -0.06473 -0.27597 eb
43.69150 30.83787 0.25653 -0.82029 0.51119 eb
43.79433 57.26934 0.68006 0.08158 -0.72861 eb
44.69579 73.48151 0.26597 -0.89080 -0.36842 eb
44.74349 84.16009 0.49261 -0.70939 -0.50409 eb
45.46025 61.06868 -0.60346 0.56749 -0.56016 eb
45.50962 20.68435 0.25160 -0.59169 -0.76590 eb
45.59560 76.63615 -0.58841 -0.08502 -0.80408 eb
45.61705 87.97706 0.61551 -0.15370 -0.77299 eb
46.06501 46.95061 -0.67112 -0.57365 0.46959 eb
46.07036 66.08745 -0.14014 0.71611 -0.68377 eb
46.24566 52.22965 0.14942 0.44181 0.88458 eb
46.25197 69.74119 0.42405 0.07244 -0.90274 eb
46.50371 69.61888 -0.17714 -0.24456 -0.95332 eb
46.53800 57.50952 0.91172 -0.34817 0.21805 eb
46.73255 21.03689 0.63074 -0.68223 0.36977 eb
46.91274 55.78639 -0.71181 -0.63524 -0.29965 eb
46.94115 61.53850 0.41110 -0.91153 0.01040 eb
46.96841 52.44205 0.52725 -0.40636 -0.74624 eb
46.97121 68.45634 0.10725 0.72163 0.68392 eb
47.27724 29.08182 0.81664 -0.51788 -0.25476 eb
47.31013 23.46528 -0.99825 -0.00401 0.05897 eb
47.71011 59.53076 0.28995 0.92169 0.25772 eb
47.89549 73.18855 -0.66752 -0.42095 -0.61418 eb
48.00804 72.98369 -0.71379 -0.49070 -0.49971 eb
48.37069 52.31390 -0.96703 -0.01964 0.25391 eb
48.72132 49.34393 0.67338 -0.71024 0.20521 eb
48.78224 41.73245 0.67605 -0.04588 -0.73542 eb
48.83747 69.96047 0.35497 -0.50354 -0.78768 eb
48.86897 71.29216 -0.68175 -0.72351 -0.10840 eb
49.10319 40.54520 0.86944 0.03173 -0.49302 eb
49.14125 80.62547 -0.55117 -0.77318 -0.31371 eb
49.37617 30.57801 -0.63151 0.24374 -0.73607 eb
49.63631 39.69107 -0.59202 0.21609 -0.77641 eb
49.74382 42.50250 -0.36404 0.07190 -0.92860 eb
49.98644 40.53120 0.54095 -0.60273 0.58660 eb
50.21402 78.47304 -0.05059 0.94767 -0.31522 eb
50.29971 79.56362 0.44846 0.22849 -0.86411 eb
50.35105 48.11378 0.83714 0.01867 0.54667 eb
50.40840 69.38443 -0.04306 -0.96377 -0.26322 eb
50.54101 31.92099 0.04728 -0.99254 0.11238 eb
50.56609 48.90894 -0.84406 0.52391 -0.11439 eb
51.29658 49.36480 -0.41260 0.26882 -0.87034 eb
51.77633 59.93089 0.56383 -0.69681 0.44334 eb
51.83442 33.56248 -0.12284 -0.94308 -0.30904 eb
51.87713 58.96250 -0.92531 0.26344 -0.27278 eb
51.87886 47.40869 -0.48436 -0.69769 -0.52785 eb
51.89102 64.73496 0.36962 0.76496 0.52746 eb
52.06899 60.38991 -0.79747 0.13516 0.58803 eb
52.09291 49.38821 0.35005 -0.53381 0.76975 eb
52.10602 34.34792 0.80218 0.51407 -0.30372 eb
52.77573 39.88012 -0.24075 0.96703 -0.08305 eb
52.79821 67.89460 -0.59247 0.56932 -0.56996 eb
52.87538 68.97403 0.22473 0.82005 -0.52633 eb
53.31747 52.12836 -0.92900 0.25891 -0.26443 eb
53.50712 17.95860 -0.30995 -0.20996 -0.92728 eb
53.53484 23.00284 -0.00552 -0.06226 -0.99804 eb
53.58703 25.73537 0.64133 0.31257 -0.70071 eb
53.62372 37.64639 0.63177 -0.76038 0.15064 eb
53.67147 43.12904 -0.12679 0.98844 -0.08309 eb
53.67356 83.76952 -0.62247 0.53034 -0.57556 eb
54.44786 47.91011 0.14736 -0.98392 -0.10095 eb
54.51001 33.63330 -0.69483 -0.27729 0.66357 eb
54.69255 37.79628 0.98438 -0.03197 0.17313 eb
54.86837 74.49779 0.95925 -0.02014 0.28184 eb
55.52742 52.70428 0.68982 0.50175 -0.52192 eb
55.53925 40.54180 -0.51643 -0.40041 -0.75695 eb
55.81484 82.98907 -0.84356 0.24649 0.47713 eb
55.91813 44.57213 0.23183 0.68649 0.68919 eb
56.03739 66.54697 0.99086 -0.04890 0.12575 eb
56.28365 74.27821 -0.69245 0.03127 -0.72078 eb
56.39465 12.26928 -0.24477 -0.08411 -0.96593 eb
56.57923 22.50113 -0.21235 -0.58579 -0.78215 eb
56.80210 77.80192 -0.81742 -0.16492 -0.55192 eb
56.87266 35.23453 0.93746 -0.21758 -0.27172 eb
57.34423 60.44403 -0.79599 0.42371 0.43228 eb
57.46164 9.56112 -0.57545 -0.29067 -0.76444 eb
57.47721 57.15744 0.13252 -0.88950 -0.43729 eb
57.93538 49.62236 -0.12747 0.93115 0.34163 eb
58.05164 40.79450 -0.25279 0.92685 0.27758 eb
58.07072 66.68953 -0.81820 0.43680 -0.37383 eb
58.16157 20.62935 -0.23798 -0.96616 -0.09946 eb
58.83468 38.71226 0.21580 -0.94080 -0.26139 eb
59.38153 75.10379 0.34374 0.77904 -0.52435 eb
59.68597 65.78600 -0.70621 0.33565 0.62339 eb
59.71454 54.44144 0.13517 0.39263 -0.90971 eb
60.07431 83.54072 0.62108 0.73819 -0.26330 eb
60.14439 68.19217 0.97019 0.22707 0.08462 eb
60.30767 61.86877 0.98678 0.09864 0.12858 eb
60.51766 63.22919 -0.24286 0.17137 -0.95480 eb
60.57745 82.85426 0.21472 -0.46732 -0.85761 eb
60.60988 43.73565 -0.63829 0.76853 0.04414 eb
60.71945 26.03402 0.12187 -0.53509 0.83596 eb
60.79631 54.90309 -0.38493 -0.59545 -0.70517 eb
60.86567 30.23920 0.77348 0.00356 -0.63381 eb
61.08882 55.55471 0.28131 -0.91384 0.29286 eb
61.24274 54.29686 -0.61239 0.58265 -0.53431 eb
61.38569 22.37129 0.04837 -0.99766 -0.04832 eb
61.49180 70.84236 -0.16368 -0.83074 -0.53206 eb
61.91367 60.70038 0.41009 0.81535 0.40869 eb
62.41656 46.32014 -0.30855 0.63528 -0.70796 eb
62.47931 74.45611 0.31862 0.03738 -0.94714 eb
62.66709 49.12647 0.48906 -0.78917 0.37152 eb
62.69320 52.47875 -0.94356 0.18254 -0.27637 eb
62.85595 39.45488 -0.72474 -0.34966 0.59371 eb
64.58514 28.13671 -0.72963 -0.10136 -0.67629 eb
64.69222 66.30918 0.16981 -0.27413 -0.94658 eb
64.73188 33.31373 -0.36232 -0.92996 -0.06244 eb
64.78950 74.10254 0.75729 -0.26891 -0.59515 eb
64.86252 74.84285 0.14385 0.95540 -0.25793 eb
65.39019 42.24126 -0.02911 0.77844 -0.62705 eb
65.46105 74.80360 -0.44209 0.87296 -0.20615 eb
65.58915 84.11875 -0.06817 -0.17845 -0.98158 eb
65.66607 56.81633 0.87023 0.40380 0.28221 eb
65.86984 51.02577 -0.32550 -0.66478 0.67240 eb
65.91537 40.96423 -0.23593 0.88545 -0.40039 eb
65.93186 68.39393 0.24882 -0.32326 -0.91301 eb
65.95738 48.78100 -0.08184 -0.38455 -0.91947 eb
66.02544 30.43517 -0.49198 0.74009 -0.45851 eb
66.36822 60.83524 -0.88149 -0.44460 -0.15910 eb
66.67301 62.50387 -0.33144 0.91524 0.22911 eb
66.77889 46.11479 -0.53201 -0.05989 -0.84462 eb
67.44034 63.68039 -0.72125 0.19589 -0.66439 eb
67.61409 44.57360 0.93135 -0.31268 -0.18659 eb
67.69842 61.05836 -0.98552 0.08135 -0.14878 eb
67.80818 34.96519 -0.15953 0.47977 0.86277 eb
67.88213 82.52996 0.52395 -0.78515 -0.33018 eb
68.28762 18.57680 -0.31629 -0.82288 0.47204 eb
68.60089 72.90229 -0.53615 0.81357 -0.22505 eb
68.81618 24.76768 0.27811 -0.84131 0.46353 eb
69.10730 45.78773 -0.84713 0.21605 0.48549 eb
69.25779 35.80891 -0.50261 0.73392 -0.45688 eb
69.43225 47.84097 0.26633 0.96275 0.04669 eb
69.48849 39.95453 0.21724 -0.08595 -0.97233 eb
69.66083 63.97555 0.73759 -0.67401 -0.04077 eb
69.81416 16.58939 0.56139 0.68770 -0.46034 eb
69.81938 41.83112 -0.90283 -0.03192 0.42881 eb
70.00112 85.28426 0.82410 0.21151 -0.52547 eb
70.85084 51.00866 0.07011 0.79752 -0.59920 eb
71.14383 18.64227 -0.85658 0.48790 0.16801 eb
71.25756 64.49005 -0.97760 -0.08070 0.19440 eb
71.32400 77.72446 0.64259 -0.05308 -0.76437 eb
71.46686 52.77243 -0.43997 0.89768 -0.02460 eb
71.62345 81.35868 0.96818 -0.10724 -0.22610 eb
71.83563 49.09195 -0.66711 -0.74429 -0.03145 eb
71.84701 54.27518 -0.88415 -0.45656 -0.09915 eb
72.23950 61.60031 -0.67628 -0.73309 0.07230 eb
72.24036 49.35829 0.26412 0.72902 -0.63149 eb
72.47439 54.46576 -0.42884 0.31749 -0.84575 eb
72.64439 86.91148 0.92629 0.33784 -0.16691 eb
72.64975 84.25167 -0.95660 -0.20372 -0.20836 eb
72.76717 36.51740 0.53226 -0.58013 0.61656 eb
73.24409 33.66079 0.25074 -0.85444 -0.45504 eb
73.25153 44.93234 0.35929 0.84798 -0.38967 eb
73.33784 30.55505 0.31811 0.11536 -0.94101 eb
73.46707 25.67942 -0.44113 0.79427 -0.41778 eb
73.72488 29.90825 0.07910 -0.17468 -0.98144 eb
73.80250 31.27430 0.41821 0.36206 -0.83307 eb
73.90038 39.73621 0.70532 -0.58547 0.39968 eb
74.37301 27.46390 0.70184 -0.11310 0.70329 eb
74.45488 36.44069 -0.98657 -0.10321 -0.12657 eb
75.08384 24.07035 -0.51687 0.85606 0.00279 eb
75.23799 52.25331 0.46667 -0.83542 -0.29034 eb
75.64204 11.83703 -0.38171 0.44688 -0.80907 eb
77.26507 41.16192 -0.13247 0.59038 -0.79618 eb
77.85222 87.17983 0.54335 -0.83404 -0.09563 eb
78.23625 36.40148 0.89527 0.13069 -0.42592 eb
78.55387 53.55547 -0.45077 0.12298 -0.88413 eb
78.75611 79.76739 -0.05754 0.63827 -0.76766 eb
79.35279 42.43519 -0.58264 0.10107 -0.80642 eb
79.93942 20.79092 -0.05844 0.99029 -0.12613 eb
80.30220 33.05198 0.37793 0.86762 0.32311 eb
80.70350 65.28217 0.77806 -0.03454 0.62724 eb
80.95595 68.50021 0.80869 -0.01994 -0.58790 eb
81.36437 57.30243 0.40645 0.43241 -0.80487 eb
81.47845 72.90591 0.20502 0.64894 -0.73269 eb
81.73253 51.02886 -0.71210 -0.70207 -0.00258 eb
82.65041 33.27730 0.46560 0.10166 -0.87914 eb
83.08932 19.52717 0.80246 -0.57100 0.17324 eb
83.11564 21.77966 0.62754 -0.72077 -0.29444 eb
83.24631 21.79241 0.60722 0.72965 -0.31446 eb
83.57105 23.82416 -0.67262 -0.38480 -0.63208 eb
83.88079 59.65918 -0.50443 0.74956 -0.42861 eb
84.80867 39.66801 0.32699 -0.78313 -0.52895 eb
84.85923 25.20408 0.63429 0.04388 -0.77185 eb
85.02674 84.30712 -0.28471 -0.75816 -0.58663 eb
85.38799 26.18608 -0.88258 -0.44667 -0.14676 eb
85.53855 16.67191 -0.54590 0.55228 -0.63007 eb
86.18868 64.95507 0.36874 -0.78823 -0.49267 eb
86.38386 50.99762 0.10839 0.76674 -0.63274 eb
86.56654 27.95741 -0.03038 0.66533 0.74593 eb
86.75567 79.39595 0.12070 0.67116 -0.73142 eb
86.76305 62.87236 -0.16462 0.98632 0.00902 eb
86.81597 81.84494 0.58566 -0.32318 -0.74334 eb
87.37090 49.74892 0.48501 0.01869 -0.87431 eb
87.89245 66.43113 0.16667 -0.98455 0.05360 eb
87.89379 48.17825 -0.04392 -0.95321 0.29910 eb
88.27268 77.09291 0.65439 0.44622 -0.61046 eb
88.45882 35.17635 0.57737 0.27676 -0.76815 eb
88.85670 31.55355 0.46766 -0.19766 -0.86152 eb
90.10440 70.71932 -0.26096 -0.55570 -0.78937 eb
90.16863 48.68778 -0.23073 -0.73839 -0.63367 eb
90.61233 27.43890 -0.74492 -0.09232 0.66074 eb
90.97854 39.51974 -0.66543 -0.57186 -0.47976 eb
91.14900 81.02180 -0.60174 0.67503 0.42691 eb
92.48401 51.53421 -0.83452 -0.50144 0.22833 eb
92.54981 44.89333 0.17544 0.67088 -0.72052 eb
93.11140 34.42771 0.16716 -0.84334 -0.51072 eb
93.37204 60.31830 0.89226 0.15819 -0.42291 eb
93.92396 37.73749 0.87290 0.00452 0.48787 eb
94.15314 46.14448 0.68727 0.57962 -0.43784 eb
94.91413 74.57644 -0.21393 0.94729 -0.23847 eb
94.97050 56.25247 0.06515 -0.99237 0.10466 eb
95.09780 43.81730 0.36688 -0.80768 0.46157 eb
95.45035 44.87537 -0.97970 -0.11890 0.16138 eb
96.81582 76.36454 0.19907 0.42619 -0.88246 eb
98.32243 81.21985 -0.95093 -0.16959 0.25881 eb
98.55089 57.86428 -0.38394 0.54284 -0.74693 eb
98.64985 10.55568 -0.69393 0.56695 -0.44389 eb
98.66621 81.40301 -0.90100 0.01045 0.43369 eb
99.36623 65.46926 -0.20157 0.07094 -0.97690 eb
100.43278 82.01907 -0.58395 -0.57731 -0.57071 eb
100.68758 13.42051 -0.44468 -0.70158 -0.55682 eb
100.86181 28.33356 -0.34778 -0.33433 -0.87594 eb
100.87244 64.81270 -0.36853 0.63383 -0.68003 eb
100.99492 69.91752 -0.77458 -0.01841 -0.63220 eb
101.23424 45.97062 -0.93679 0.12297 -0.32758 eb
102.04326 64.30925 -0.54314 0.83241 0.10995 eb
102.41001 29.02422 0.44957 0.24726 -0.85834 eb
102.96680 63.12221 -0.09551 0.81715 0.56845 eb
104.43094 32.97646 0.03837 0.88710 0.45999 eb
104.60290 30.72511 0.85122 -0.04784 0.52263 eb
104.63437 23.98813 -0.35616 -0.86000 -0.36544 eb
105.31780 29.09535 -0.55135 -0.27397 -0.78801 eb
106.76328 66.26365 -0.94279 -0.26335 -0.20442 eb
107.67315 32.87632 -0.97306 0.21943 -0.07078 eb
107.88351 17.54672 -0.02969 0.48621 -0.87334 eb
108.10067 35.92053 -0.82742 0.19358 -0.52717 eb
108.44885 31.06103 -0.83263 -0.53032 -0.15963 eb
108.53434 34.59185 -0.97873 0.20338 -0.02699 eb
108.55012 75.70526 0.61606 -0.73784 -0.27581 eb
109.09396 44.58162 -0.83860 0.01501 -0.54454 eb
109.26914 57.72774 0.71341 -0.19745 -0.67235 eb
109.80025 37.11816 0.67658 0.73604 0.02204 eb
110.00458 28.86831 0.67212 -0.42891 -0.60357 eb
110.42390 34.64849 -0.72494 0.15258 0.67170 eb
110.44457 54.21688 -0.10609 0.99314 -0.04919 eb
111.17458 19.42627 0.71937 0.36440 -0.59137 eb
111.24670 24.46612 -0.59783 -0.77031 -0.22184 eb
111.33564 47.76499 0.23651 -0.89480 -0.37868 eb
113.73377 43.08531 0.60414 0.01380 -0.79676 eb
113.91344 76.61501 -0.04006 0.01710 -0.99905 eb
113.91995 67.47650 0.10534 -0.30949 -0.94505 eb
114.12757 34.33316 -0.74604 -0.41045 0.52436 eb
114.75787 66.68852 -0.11905 -0.94586 0.30196 eb
114.96485 76.08947 0.17985 -0.98331 0.02742 eb
116.27181 46.81221 -0.10524 0.63484 -0.76544 eb
116.70380 78.81891 0.47045 0.87858 0.08229 eb
116.92400 50.07298 -0.24427 0.44582 -0.86115 eb
116.93584 64.74812 0.20870 0.18110 -0.96107 eb
117.13877 26.23734 -0.00302 -0.99996 0.00851 eb
117.19032 42.67609 0.05067 -0.89421 0.44476 eb
117.30356 70.10906 0.13046 0.45792 -0.87937 eb
117.92611 28.87167 -0.86114 0.50802 0.01881 eb
118.12072 59.21628 -0.87517 0.26001 -0.40801 eb
119.37436 17.46884 0.12578 0.32150 0.93852 eb
119.53967 84.79736 0.30051 0.80667 -0.50889 eb
119.58061 54.39495 -0.34601 -0.81083 -0.47206 eb
120.45720 34.32864 -0.60400 0.48400 0.63319 eb
121.18639 38.58120 -0.38699 0.81771 -0.42613 eb
121.96221 44.70067 0.09486 0.26886 -0.95850 eb
122.14595 87.20746 -0.99262 0.11767 0.02934 eb
122.23088 25.88020 -0.97882 -0.19166 -0.07201 eb
123.15905 46.08292 0.41392 -0.66656 -0.61997 eb
123.67922 34.60509 0.15094 0.93458 -0.32215 eb
123.97633 38.17143 0.34055 0.72942 -0.59327 eb
124.13891 47.64084 -0.19781 -0.07902 -0.97705 eb
124.54400 69.52908 0.34006 0.03410 -0.93979 eb
124.82690 37.52996 -0.43006 -0.29675 0.85264 eb
125.04742 51.13248 -0.20823 0.12732 0.96976 eb
125.17842 33.94375 0.88234 -0.28084 0.37763 eb
125.83484 39.07779 -0.67392 -0.68530 -0.27602 eb
125.97847 82.78909 0.54442 0.78068 -0.30684 eb
126.38672 68.30188 -0.10921 -0.01496 -0.99391 eb
127.04883 38.74236 0.38594 -0.83566 0.39080 eb
127.57755 15.76068 -0.07824 -0.62739 0.77477 eb
128.56056 31.54397 -0.89512 0.32544 -0.30470 eb
128.69321 57.28845 -0.38794 0.31121 -0.86755 eb
129.74527 60.93004 0.05451 0.90731 -0.41691 eb
129.90572 71.74090 -0.02009 -0.10707 -0.99405 eb
130.05205 77.64737 -0.91085 -0.24854 0.32950 eb
130.06989 54.06900 -0.46990 -0.79674 0.38000 eb
130.90308 14.57738 -0.43199 0.46257 0.77422 eb
131.43107 17.48626 0.90855 0.26339 -0.32430 eb
131.51151 33.09603 -0.62991 -0.77645 -0.01810 eb
131.90422 61.74102 -0.39084 0.85155 -0.34943 eb
132.17153 38.13668 0.75020 0.60446 -0.26800 eb
132.48328 84.08484 0.38166 -0.68279 -0.62300 eb
133.40584 30.91828 0.16719 -0.87985 -0.44488 eb
133.52520 30.46589 -0.03264 0.71653 0.69679 eb
133.54336 30.81804 0.44590 0.24094 -0.86204 eb
134.29004 54.46587 0.56576 0.15916 -0.80906 eb
134.38765 25.62792 0.32836 0.17298 -0.92858 eb
134.52409 31.86316 -0.34669 -0.82347 -0.44912 eb
134.60691 65.44901 0.09575 0.98053 0.17145 eb
135.21256 38.83564 0.25196 0.57480 -0.77854 eb
136.24326 59.10125 0.46984 0.84982 0.23885 eb
136.71937 17.56619 0.62108 -0.78002 -0.07635 eb
137.32650 51.33384 -0.15606 -0.40126 -0.90257 eb
137.39048 37.88622 -0.29878 -0.58812 -0.75157 eb
137.61296 21.50653 -0.55731 -0.82698 0.07422 eb
137.80416 66.07425 -0.62214 -0.76627 -0.16055 eb
138.52671 39.22143 -0.99201 0.08415 -0.09404 eb
139.00866 47.47989 -0.88063 0.46763 -0.07625 eb
139.48653 54.17786 0.29278 0.84930 0.43928 eb
139.95884 36.28801 -0.87543 0.46342 0.13732 eb
140.32334 50.94632 -0.85512 -0.32773 0.40170 eb
140.58329 8.62409 0.17284 0.49382 0.85221 eb
140.70083 48.99587 0.66593 -0.62674 -0.40465 eb
140.74277 21.55417 0.62092 0.04438 -0.78261 eb
141.34211 61.73797 -0.63901 0.59982 0.48153 eb
141.60754 46.73723 -0.17392 0.55916 -0.81061 eb
141.80287 30.33070 0.17430 0.10175 -0.97942 eb
142.42220 33.39165 0.19093 -0.47744 -0.85767 eb
142.76634 50.82842 0.58064 0.81343 -0.03447 eb
143.07068 31.12495 -0.25074 0.73744 -0.62715 eb
143.43858 50.85142 -0.47162 -0.84909 -0.23795 eb
144.01888 19.76662 0.91430 -0.27883 0.29379 eb
144.44152 22.99222 -0.11128 0.17473 -0.97831 eb
144.54813 57.05457 -0.26098 -0.20773 -0.94273 eb
145.11448 27.70361 0.90698 -0.39659 0.14179 eb
146.50405 41.78716 0.69314 -0.57203 0.43857 eb
146.62980 20.87526 0.58619 0.80817 -0.05695 eb
146.70025 28.10317 -0.66473 0.47221 -0.57892 eb
146.83920 55.61813 0.07593 0.43554 -0.89696 eb
147.42724 68.66433 0.20960 -0.37942 -0.90117 eb
147.64190 15.56028 0.24530 0.87472 -0.41796 eb
147.71560 74.60988 0.89235 0.34702 0.28860 eb
148.46879 50.48956 -0.24287 -0.59711 -0.76451 eb
148.60811 49.27532 0.86730 0.29296 -0.40244 eb
148.62572 38.91863 -0.36581 0.18561 -0.91199 eb
148.92126 69.45191 0.73235 0.07127 -0.67719 eb
149.86341 36.18932 -0.28686 -0.95315 -0.09603 eb
150.13915 33.12098 0.20208 -0.28960 -0.93557 eb
150.21593 43.92437 0.10683 0.50093 -0.85887 eb
150.38696 65.28784 -0.93087 -0.02863 0.36423 eb
150.55451 25.99900 -0.06488 -0.07564 -0.99502 eb
151.90993 67.50837 0.13844 0.82229 -0.55198 eb
152.64910 29.65161 -0.59772 -0.79722 0.08470 eb
153.89052 36.75808 0.14676 -0.37270 -0.91628 eb
154.24381 43.41855 0.88475 -0.16828 -0.43462 eb
154.42310 10.36038 -0.02366 0.98841 0.14997 eb
154.61005 39.22974 -0.62682 -0.67533 -0.38861 eb
154.81993 17.81039 0.71100 -0.64122 -0.28865 eb
155.48156 33.52019 -0.56812 0.20126 0.79796 eb
156.36959 61.65470 -0.99064 -0.13574 0.01444 eb
156.57083 49.43119 0.08817 -0.97591 0.19958 eb
156.77931 28.20009 0.73178 0.04328 0.68016 eb
157.01129 39.09385 -0.29863 0.90475 -0.30371 eb
157.34178 36.95585 -0.85622 0.44389 0.26429 eb
157.74015 22.06814 -0.59030 0.19059 0.78436 eb
157.78180 54.56660 -0.22072 -0.17579 -0.95936 eb
157.87513 22.41630 0.81917 0.50964 0.26312 eb
158.37988 66.93655 -0.72428 -0.40112 0.56082 eb
159.00735 42.46471 -0.55314 -0.67148 -0.49311 eb
159.24889 60.70462 0.27909 -0.94210 0.18587 eb
159.44668 34.09795 -0.56604 0.57828 0.58753 eb
159.88274 75.43059 0.65514 -0.39600 -0.64341 eb
160.05832 44.42774 0.52608 0.23099 -0.81846 eb
160.36478 29.67708 -0.03383 -0.91070 -0.41168 eb
160.94969 25.38497 -0.64189 0.75543 -0.13152 eb
160.99420 36.15915 0.82740 0.25434 -0.50073 eb
161.51782 39.41041 0.63836 -0.42647 -0.64079 eb
161.87794 62.92762 -0.07136 -0.62808 0.77487 eb
163.12092 32.94156 0.55704 0.35878 -0.74899 eb
163.21330 69.36458 -0.92695 0.17018 -0.33436 eb
164.12905 19.98215 0.92010 -0.37053 -0.12698 eb
164.63373 29.74625 0.84287 0.51122 0.16801 eb
164.90630 50.08729 -0.82503 0.43942 -0.35529 eb
165.53307 40.26608 -0.56079 0.65862 0.50173 eb
165.87730 31.04361 0.87712 -0.10166 -0.46939 eb
166.20365 25.51779 0.56416 -0.77829 0.27565 eb
166.87664 44.37010 -0.21555 0.87029 -0.44288 eb
167.23720 50.37933 0.01295 0.13218 -0.99114 eb
167.42564 44.04948 -0.75381 -0.22111 0.61878 eb
167.81439 10.69921 0.91739 -0.39292 -0.06326 eb
167.81467 46.66541 0.25038 0.07021 -0.96560 eb
169.63700 45.62714 0.07242 -0.03693 -0.99669 eb
171.19608 33.22032 0.94153 0.30527 -0.14259 eb
171.95593 61.43543 -0.38871 0.86312 -0.32239 eb
172.02260 48.29236 0.51689 0.06585 -0.85352 eb
172.08513 87.65454 -0.24108 0.45821 -0.85553 eb
173.73500 33.89622 0.11640 -0.60095 -0.79077 eb
174.29300 81.62585 -0.47092 -0.05542 -0.88043 eb
175.14550 30.72961 -0.06901 0.99383 0.08681 eb
175.16133 34.05422 0.41145 0.89339 -0.18047 eb
175.94611 84.10354 0.58128 0.72079 0.37759 eb
176.67221 42.51539 -0.19280 -0.71447 -0.67258 eb
176.88907 88.12081 -0.83148 0.41488 -0.36948 eb
177.58458 40.75107 0.01227 0.47191 0.88156 eb
177.84466 35.54084 0.82616 -0.53405 -0.17959 eb
177.86727 53.67682 -0.31099 -0.37873 -0.87169 eb
178.97607 24.49858 0.00019 0.59172 -0.80614 eb
179.44900 39.16100 0.72963 0.68296 -0.03467 eb
179.66250 50.06136 -0.87959 0.41204 -0.23779 eb
180.22171 46.49521 0.77865 0.62741 -0.00832 eb
180.26235 79.57830 0.18841 0.07105 -0.97952 eb
180.26322 67.13578 -0.45826 -0.81513 -0.35436 eb
180.35305 32.36171 -0.62216 0.02338 -0.78254 eb
180.50281 20.26686 0.55955 0.24259 0.79250 eb
180.52831 31.91591 -0.50277 -0.46724 -0.72726 eb
180.57615 17.11191 0.42642 0.62058 -0.65806 eb
181.99281 20.98504 -0.28290 0.10675 0.95319 eb
182.13155 52.34582 0.95083 -0.18581 0.24777 eb
182.30665 73.61320 -0.57807 -0.65661 -0.48446 eb
182.49454 67.49521 -0.45104 0.12287 -0.88401 eb
182.78641 29.70878 0.60078 0.41235 -0.68485 eb
183.10122 46.52157 0.70781 -0.70635 -0.00798 eb
183.11777 68.80569 -0.84278 -0.13574 0.52086 eb
183.62196 69.21179 -0.39218 0.90583 -0.16023 eb
183.62711 77.79069 0.48872 -0.16915 -0.85588 eb
183.78269 35.93160 0.19494 0.76561 -0.61306 eb
184.30206 72.89650 0.32848 -0.17863 -0.92747 eb
184.64921 33.49028 0.56378 0.10286 -0.81950 eb
185.20237 28.86153 -0.05397 0.97320 0.22352 eb
185.98801 74.31409 -0.90369 0.20492 0.37598 eb
186.76467 49.75330 -0.01523 0.98689 -0.16067 eb
186.91767 23.96883 0.25741 -0.38496 0.88631 eb
187.28383 7.90040 0.07068 -0.17788 -0.98151 eb
187.50263 29.82434 0.96453 0.26073 -0.04116 eb
188.15149 52.35237 0.79739 0.39043 -0.46013 eb
188.16255 22.28270 -0.11180 0.19169 -0.97507 eb
188.29965 44.55932 -0.36005 0.72116 -0.59186 eb
188.53733 81.76161 0.74659 0.40742 0.52593 eb
189.38708 24.59936 0.70811 0.64082 0.29654 eb
189.47328 72.58965 -0.40455 -0.31267 -0.85941 eb
189.91543 33.99388 0.00691 -0.54726 0.83693 eb
190.72078 33.93251 0.64534 -0.73898 -0.19349 eb
191.55618 38.99894 -0.76149 0.58353 -0.28219 eb
191.56030 50.69818 -0.97120 -0.02651 -0.23679 eb
191.81805 31.18362 0.89282 0.02876 0.44949 eb
192.61087 65.11288 0.81910 -0.01059 -0.57356 eb
194.78397 19.06076 0.35132 -0.09901 -0.93101 eb
195.07103 52.84070 -0.80151 0.00775 -0.59793 eb
195.80468 32.02917 -0.90223 -0.17304 0.39502 eb
196.22333 41.94651 -0.60849 -0.18879 -0.77078 eb
196.91752 38.39919 -0.79455 0.07918 -0.60202 eb
197.62357 36.77331 -0.49019 -0.04277 -0.87057 eb
197.80182 48.38486 -0.75806 -0.44096 -0.48052 eb
200.25241 42.38154 0.20932 -0.97316 0.09564 eb
200.32215 62.54927 0.82717 -0.56193 -0.00474 eb
201.01192 37.21796 -0.33808 0.45379 -0.82448 eb
201.07264 34.50323 0.75855 -0.57341 -0.30951 eb
201.48163 18.83074 0.90933 0.40199 0.10735 eb
201.51526 66.36739 -0.84643 0.53005 -0.05109 eb
203.50897 30.27041 0.36498 -0.38502 0.84767 eb
204.09093 15.19653 0.64415 -0.58092 0.49759 eb
204.11113 26.76581 0.32765 -0.25636 0.90935 eb
204.65238 61.09946 0.12334 -0.41844 -0.89983 eb
205.55457 44.71788 -0.76047 -0.06865 -0.64574 eb
205.83066 13.86515 -0.83493 0.41691 0.35928 eb
205.92123 43.44790 0.82649 -0.48566 -0.28470 eb
205.93961 44.69456 0.51609 -0.00446 -0.85652 eb
206.69969 20.12782 -0.87377 0.40046 -0.27598 eb
207.58501 16.96169 -0.27910 0.25674 0.92530 eb
207.78890 83.00389 0.80178 0.12051 -0.58534 eb
208.74890 25.20154 0.37618 -0.69136 0.61686 eb
209.10241 43.22466 -0.41556 0.11139 -0.90272 eb
209.16247 14.54894 0.89876 -0.08413 0.43029 eb
209.20636 50.36557 -0.60984 -0.79125 0.04499 eb
209.40908 59.11110 -0.98128 -0.00017 -0.19258 eb
209.46458 83.53085 -0.68571 0.38589 -0.61716 eb
210.11324 30.72223 0.08127 -0.80388 -0.58921 eb
210.24939 13.87644 -0.57529 -0.06485 -0.81538 eb
210.32688 75.77645 -0.38676 -0.88945 -0.24350 eb
210.48226 39.12794 -0.55225 0.65090 0.52091 eb
212.73154 40.09691 -0.41158 -0.77567 0.47847 eb
213.66799 13.53596 -0.42782 0.88305 -0.19283 eb
213.97890 42.91806 -0.10002 0.23006 -0.96802 eb
214.56710 59.49448 -0.21050 0.97110 -0.11250 eb
216.20676 18.44384 0.62264 0.77985 -0.06437 eb
216.26771 73.56647 -0.41447 0.00118 -0.91006 eb
216.29633 21.97996 -0.69109 0.54039 0.47997 eb
216.59547 20.05812 -0.00155 0.96829 -0.24984 eb
216.86594 31.70604 0.06463 -0.78071 -0.62154 eb
217.35256 29.09530 -0.02763 -0.73528 -0.67720 eb
217.57839 28.19151 0.16668 0.34039 -0.92539 eb
217.71060 24.47180 -0.46539 0.84808 -0.25333 eb
218.61272 71.43507 -0.32286 0.10264 -0.94086 eb
218.81579 25.10594 -0.51180 -0.06117 0.85692 eb
219.33186 50.64358 0.85108 0.49739 -0.16813 eb
219.52890 62.73520 0.76261 -0.30810 -0.56877 eb
219.59644 42.33182 0.38931 -0.89757 -0.20690 eb
219.69800 35.31093 0.92136 -0.36588 -0.13126 eb
219.71529 29.93515 0.79389 -0.16585 -0.58500 eb
219.75415 22.22692 -0.88872 0.28864 0.35619 eb
220.06718 31.95569 0.39458 0.91886 0.00138 eb
220.24322 25.89984 0.72543 0.66758 0.16761 eb
221.36042 37.34558 0.29643 0.95424 -0.03944 eb
221.37751 58.94950 -0.23101 0.54880 -0.80340 eb
221.72746 19.59069 -0.81703 -0.32871 -0.47372 eb
222.10945 30.09783 -0.25276 -0.32724 -0.91051 eb
223.57074 48.20967 -0.27842 0.15989 -0.94706 eb
224.91842 58.40171 -0.12756 0.99152 -0.02467 eb
230.11200 61.70394 -0.17577 0.87642 -0.44832 eb
231.39942 30.41845 0.60803 0.77551 -0.16996 eb
231.79403 20.44121 0.78272 0.57896 0.22836 eb
231.92257 33.53691 -0.11069 0.99367 0.01896 eb
232.48782 48.52833 0.42194 -0.66986 -0.61095 eb
232.50887 33.67452 0.29521 0.92079 -0.25494 eb
235.11720 38.57963 -0.04813 -0.99655 0.06768 eb
236.10388 35.42243 0.11163 0.88119 0.45940 eb
237.18365 13.84595 -0.89625 -0.09672 0.43287 eb
237.19933 30.83869 0.89141 0.42941 0.14488 eb
237.80777 41.40072 0.28486 0.88008 0.37988 eb
238.02092 28.18641 -0.03479 -0.99892 -0.03079 eb
238.13289 22.78341 -0.17240 0.47671 -0.86199 eb
238.44630 40.80580 0.82300 -0.36854 -0.43226 eb
239.19499 50.88843 0.25301 -0.70206 -0.66566 eb
240.37262 30.61050 -0.25852 -0.70346 -0.66205 eb
240.86887 58.83402 0.47462 0.37379 -0.79688 eb
241.81487 34.92829 0.26162 -0.51356 -0.81720 eb
241.98175 35.53845 0.00383 0.74936 -0.66215 eb
242.27240 20.99141 0.11941 0.95150 -0.28352 eb
243.76319 82.42994 0.42826 -0.80002 0.42018 eb
243.76568 37.21945 0.37088 -0.92868 0.00068 eb
244.33945 43.50745 -0.51656 -0.85615 0.01315 eb
244.89813 29.67052 0.07922 0.77793 -0.62334 eb
246.03943 16.81227 -0.33223 -0.93243 0.14212 eb
246.43944 31.00161 0.89259 0.02060 -0.45041 eb
247.47396 24.82578 -0.99538 0.09585 -0.00507 eb
247.54207 58.07536 -0.26439 0.07613 -0.96141 eb
247.61493 57.04000 0.12211 -0.67345 -0.72908 eb
248.15546 47.18597 -0.22796 0.97367 -0.00014 eb
249.00109 38.14094 -0.61985 -0.57643 0.53247 eb
249.28050 30.04052 -0.53680 -0.57373 -0.61861 eb
250.31887 21.52767 -0.20096 0.42145 0.88430 eb
250.98466 57.94258 0.56069 -0.78909 -0.25094 eb
251.35667 83.95814 0.50558 -0.04677 -0.86151 eb
252.36475 25.83837 -0.57475 0.55056 -0.60543 eb
252.91950 40.93550 -0.27171 0.20078 0.94120 eb
253.74836 36.80553 -0.39556 0.89443 -0.20864 eb
254.38743 50.55587 0.62294 -0.58118 -0.52361 eb
255.04463 33.94178 -0.15252 0.57786 -0.80176 eb
255.23191 29.26631 -0.64834 -0.45810 -0.60812 eb
255.43562 57.72277 0.91176 0.23199 0.33893 eb
255.44016 23.33100 -0.25588 0.44441 -0.85850 eb
256.10854 24.84277 0.17564 0.65206 -0.73754 eb
256.15037 28.78591 0.61693 -0.12609 -0.77686 eb
256.51123 70.86468 -0.31320 0.89684 -0.31239 eb
258.62198 28.50810 -0.24533 -0.15575 -0.95685 eb
259.14471 56.42351 -0.72274 -0.57303 -0.38639 eb
259.57777 21.24863 -0.54110 0.82106 0.18182 eb
259.57954 17.94328 0.90810 -0.31132 0.28006 eb
259.94356 57.17160 -0.36419 -0.92077 -0.13984 eb
260.01717 42.08712 -0.35154 0.93553 0.03467 eb
260.88513 44.62002 -0.57590 0.11110 -0.80994 eb
261.10479 27.23974 -0.38789 -0.14043 -0.91095 eb
261.16366 49.53904 0.40190 0.73441 -0.54691 eb
261.27546 29.16757 0.56276 0.82335 0.07343 eb
261.28210 44.54102 -0.04463 0.12589 -0.99104 eb
261.32255 36.70223 -0.54613 0.04244 -0.83662 eb
261.82767 86.88706 0.98533 0.16901 0.02346 eb
263.57226 57.95392 -0.59321 -0.00920 -0.80500 eb
263.79937 24.89184 -0.06345 -0.19177 -0.97939 eb
265.07699 54.44444 -0.27320 0.77596 -0.56855 eb
265.55243 34.98336 0.53375 -0.36873 -0.76102 eb
270.52012 23.52429 -0.36528 -0.92044 -0.13914 eb
270.86187 62.82623 -0.00273 -0.31310 -0.94972 eb
272.03647 45.93149 -0.25831 0.62590 -0.73589 eb
274.76833 32.97071 -0.70258 -0.22193 0.67611 eb
276.17956 24.38549 0.08757 -0.94261 0.32222 eb
276.19570 26.81154 -0.76425 -0.62930 -0.14110 eb
276.30282 46.52584 0.60133 -0.49917 -0.62388 eb
276.37163 57.62500 0.52859 -0.41134 -0.74256 eb
276.47157 67.00390 -0.69999 0.70221 -0.13009 eb
277.07675 43.18853 0.44087 -0.20937 -0.87281 eb
278.61041 40.79759 -0.82435 -0.25281 0.50650 eb
279.25367 44.63603 -0.72649 -0.44687 0.52204 eb
280.67419 27.73341 -0.77898 -0.03919 -0.62582 eb
280.73535 46.32754 0.28263 -0.20139 -0.93785 eb
282.22928 60.43037 0.54960 -0.22968 -0.80323 eb
282.51154 43.79651 0.76479 0.60339 -0.22589 eb
283.18519 81.34777 -0.60577 -0.28148 -0.74418 eb
283.44275 33.78122 0.47740 -0.50386 -0.71987 eb
284.29561 45.56669 0.50158 -0.22903 0.83424 eb
284.41503 35.74002 -0.58621 -0.80404 0.09937 eb
284.48989 65.14258 -0.50701 -0.16361 -0.84627 eb
284.58455 29.31944 0.77208 0.59651 0.21924 eb
285.97120 42.40931 0.01445 0.03995 -0.99910 eb
286.37560 54.14377 0.31870 -0.84098 -0.43724 eb
287.03743 34.85577 0.85736 -0.46738 -0.21560 eb
287.98425 35.43157 0.06135 0.97513 -0.21296 eb
288.20527 36.60996 0.48677 0.50633 -0.71182 eb
288.63273 29.94876 -0.20880 -0.59795 -0.77386 eb
289.03705 63.88714 -0.85264 0.41529 0.31708 eb
289.06251 65.37178 0.56065 0.75412 -0.34200 eb
289.55956 19.31907 -0.60776 0.73343 0.30447 eb
289.63376 53.28423 -0.66782 0.72631 0.16279 eb
289.69182 33.78923 -0.58840 -0.34843 0.72965 eb
289.88546 39.50054 0.49750 -0.86600 -0.05040 eb
290.39169 62.85655 0.54689 0.02773 0.83674 eb
290.86928 71.55080 0.27326 -0.85173 -0.44708 eb
291.30668 54.30584 0.88434 0.17963 0.43091 eb
291.89621 47.45814 -0.02842 0.49898 -0.86615 eb
293.43953 78.84875 0.58239 0.80889 -0.08076 eb
293.61805 46.25297 0.85011 -0.50806 0.13849 eb
294.81858 63.01401 -0.85707 -0.43336 0.27861 eb
295.90844 43.26566 0.14124 -0.98129 -0.13086 eb
296.10010 34.47156 -0.96340 0.14387 -0.22620 eb
297.88375 33.78013 0.03221 -0.18725 -0.98178 eb
298.32848 35.72166 0.08853 0.77216 0.62923 eb
298.98515 20.70002 -0.10825 -0.29268 0.95006 eb
299.07033 67.90857 0.65171 0.45566 0.60634 eb
299.14926 25.32299 -0.42022 0.69888 -0.57877 eb
299.50825 69.70070 0.78191 0.41262 -0.46729 eb
299.56676 38.73154 0.83716 -0.31447 -0.44752 eb
299.69229 21.21515 -0.07540 0.23029 -0.97020 eb
300.18750 58.79256 0.16012 -0.81596 -0.55550 eb
300.39065 12.94601 0.46046 0.71173 -0.53050 eb
300.92594 41.78051 -0.05715 0.37137 -0.92672 eb
302.55750 29.49913 0.44126 -0.89615 -0.04697 eb
303.24936 25.11558 0.71148 -0.42643 -0.55853 eb
303.40733 39.41322 0.55458 -0.58926 -0.58755 eb
303.40924 40.42651 0.14824 0.11967 -0.98168 eb
303.45893 55.63806 -0.51578 0.57186 -0.63792 eb
303.71880 43.09903 -0.61532 0.62613 -0.47891 eb
303.87944 34.05280 -0.53462 0.81072 -0.23855 eb
305.01628 34.75047 0.59417 0.75306 -0.28261 eb
307.14410 29.70497 0.41857 0.26007 -0.87015 eb
307.48434 40.16211 0.77393 -0.36715 -0.51597 eb
307.54243 52.25710 -0.74859 -0.10462 -0.65473 eb
308.54904 27.97177 -0.11840 -0.34053 -0.93275 eb
308.65178 35.37810 0.10628 -0.21022 0.97186 eb
308.92343 37.08458 0.81838 0.09525 -0.56673 eb
309.54197 46.10829 0.63823 -0.31700 0.70155 eb
309.78204 32.26596 -0.10373 -0.91607 -0.38737 eb
310.03828 79.06211 0.32093 -0.25652 -0.91170 eb
310.23637 21.12597 -0.34200 0.93211 0.11919 eb
310.94755 32.82506 0.34270 0.91399 -0.21720 eb
312.88007 31.63540 -0.69093 0.72224 -0.03147 eb
313.41584 11.62480 0.84044 -0.54005 0.04487 eb
313.66653 80.84349 -0.72657 -0.60676 0.32241 eb
314.06144 46.01455 0.82955 -0.51220 -0.22248 eb
314.79031 29.99995 0.90743 0.31856 -0.27404 eb
315.24190 36.31434 0.30774 -0.93140 -0.19442 eb
315.55647 35.90770 -0.18497 -0.85561 -0.48345 eb
316.37420 48.65966 -0.92182 -0.02508 -0.38680 eb
317.87003 54.18300 -0.25029 0.46290 -0.85034 eb
318.13354 34.21062 0.33233 -0.76543 0.55106 eb
318.76015 72.47735 0.94187 -0.13554 -0.30742 eb
319.79690 42.95335 -0.74518 0.11269 -0.65728 eb
319.80207 52.47356 0.17426 0.10599 -0.97898 eb
319.83995 43.99935 -0.53154 0.84596 -0.04266 eb
320.64659 67.93001 -0.33658 0.94093 0.03686 eb
320.74453 35.39652 -0.64486 0.60578 -0.46603 eb
321.18102 74.61450 -0.74492 0.61402 -0.26090 eb
321.53865 22.60934 0.19703 0.87050 0.45100 eb
323.81836 78.59955 0.21982 0.97534 0.01999 eb
325.79238 14.01479 0.40438 0.59554 0.69412 eb
326.00344 75.59850 0.58854 -0.26535 -0.76368 eb
326.92388 29.43189 -0.69456 0.63441 0.33929 eb
327.44117 48.37703 -0.56791 0.79206 0.22387 eb
327.50721 52.33607 0.24935 -0.64256 -0.72453 eb
329.18140 67.78615 -0.34992 -0.41931 -0.83770 eb
329.95030 26.25542 -0.83652 0.08808 -0.54081 eb
330.13822 68.85316 -0.98299 0.08916 -0.16053 eb
331.06790 42.55309 -0.66074 -0.72176 -0.20609 eb
331.41427 16.17662 -0.91951 0.30787 -0.24437 eb
331.94328 24.63382 -0.20419 0.97592 -0.07672 eb
332.90708 62.84384 0.50057 -0.70148 -0.50731 eb
332.90847 81.51863 0.08925 -0.98695 0.13404 eb
335.98461 55.45655 0.58784 0.69037 -0.42171 eb
336.52884 60.34513 -0.40966 0.36016 -0.83813 eb
338.29230 36.31509 0.56208 -0.77727 0.28269 eb
339.27827 18.04580 -0.86526 0.11689 -0.48751 eb
339.40146 64.13906 -0.34236 0.93290 -0.11177 eb
339.58858 31.25263 0.94529 0.30704 0.11021 eb
339.69531 15.84734 0.80515 0.56970 0.16482 eb
340.35777 38.98349 0.44407 -0.83653 -0.32095 eb
342.84025 32.42952 -0.33710 -0.68781 0.64287 eb
342.92362 25.70416 -0.56354 -0.71198 -0.41894 eb
342.98522 13.69855 0.94592 0.21972 -0.23867 eb
343.34017 41.91500 -0.26423 -0.96281 0.05641 eb
348.98820 27.40567 -0.37795 0.14058 -0.91509 eb
351.43600 19.55847 -0.31981 0.68648 -0.65304 eb
353.27865 32.68151 -0.76529 0.45311 -0.45719 eb
353.50428 13.11907 0.03028 -0.93784 -0.34574 eb
354.34553 40.50855 -0.36194 -0.57015 -0.73751 eb
354.63893 32.23656 0.71419 0.39251 -0.57954 eb
354.70020 57.75606 -0.47054 -0.44531 -0.76177 eb
354.75513 32.57334 0.74403 0.61485 0.26149 eb
357.17664 11.38102 0.95482 -0.21966 -0.20017 eb
358.67265 66.49605 0.70031 -0.46872 -0.53840 eb
358.68813 52.28116 0.50798 0.78096 0.36339 eb
358.99546 43.43183 -0.80151 0.38860 0.45450 eb
361.46820 86.00236 -0.28387 -0.95809 0.03841 eb
363.37583 29.82946 -0.58621 -0.73236 0.34643 eb
363.97380 33.67467 0.46934 0.72626 -0.50227 eb
369.79082 25.20727 0.04559 -0.97074 -0.23577 eb
372.15030 49.05459 0.20887 0.58876 -0.78085 eb
372.34976 35.31879 0.22652 -0.93193 -0.28319 eb
372.97494 27.62192 -0.81169 0.12357 -0.57087 eb
375.39230 27.25388 0.66297 -0.17839 0.72708 eb
377.17739 86.37637 -0.43012 0.85347 -0.29427 eb
377.34478 13.38586 -0.65968 -0.53154 -0.53131 eb
379.03293 54.60388 -0.67757 -0.17092 -0.71532 eb
379.54625 51.41079 0.95780 -0.21723 0.18822 eb
379.94745 28.09821 0.45164 -0.22426 -0.86356 eb
380.08873 66.55751 0.51766 -0.75332 -0.40563 eb
382.49266 82.40055 -0.59458 -0.76244 0.25525 eb
385.82822 29.09082 -0.77353 0.41253 -0.48111 eb
386.47373 51.85696 -0.25310 -0.75492 0.60501 eb
387.59837 34.86758 0.40991 -0.52012 -0.74930 eb
394.77597 33.52717 0.07837 -0.23237 -0.96947 eb
397.15425 57.93453 0.88320 -0.33734 0.32583 eb
397.50412 30.22979 0.92748 0.15534 0.34007 eb
397.62287 25.47159 -0.77687 -0.62965 0.00363 eb
398.98008 18.02973 0.02839 0.90252 -0.42970 eb
400.36919 48.44136 -0.87467 -0.23272 0.42519 eb
408.22260 26.59456 0.74591 -0.49125 -0.44977 eb
409.41910 28.81196 -0.52892 -0.54349 0.65182 eb
415.21621 15.67523 -0.99874 0.03316 0.03766 eb
420.42438 36.82057 -0.32555 -0.48602 -0.81105 eb
426.54892 63.26330 -0.45973 -0.83690 -0.29707 eb
430.43919 25.61621 0.61295 0.50941 0.60399 eb
430.94800 27.05984 -0.25338 -0.05417 -0.96585 eb
431.00530 26.57464 -0.31872 -0.09783 -0.94279 eb
456.30779 15.86519 0.16856 -0.49174 0.85427 eb
458.49730 27.05689 -0.23992 0.28694 -0.92742 eb
459.41822 33.00442 0.52641 0.83993 0.13198 eb
465.52211 44.23796 0.05754 -0.99813 -0.02045 eb
467.69893 32.96882 0.03949 0.99659 0.07249 eb
494.12587 9.45421 -0.59613 -0.17220 0.78420 eb
511.66936 35.10896 0.00971 0.94721 -0.32048 eb
526.73887 22.18993 -0.14160 0.89243 0.42838 eb
529.61979 26.02503 0.92803 0.24062 -0.28436 eb
559.80136 16.49538 0.47809 -0.23406 0.84655 eb
573.19454 19.83143 -0.53273 0.65029 0.54160 eb
583.22442 20.03084 -0.38681 -0.65815 -0.64593 eb
584.03572 39.79459 0.32789 -0.80162 -0.49990 eb
592.91410 7.33363 -0.33095 0.84942 0.41105 eb
603.18186 34.34752 -0.14134 0.32269 -0.93589 eb
610.17325 22.78525 -0.83588 -0.03890 0.54753 eb
619.88955 17.28305 -0.22012 0.92530 -0.30882 eb
620.27953 29.74370 -0.62905 0.71484 -0.30544 eb
623.78762 18.16794 0.36965 0.01386 -0.92907 eb
653.63172 14.79927 0.89134 -0.30746 0.33315 eb
662.04741 22.15921 0.70752 0.63599 -0.30812 eb
666.42578 45.00576 -0.69096 0.42770 -0.58279 eb
676.18508 32.13215 -0.47020 0.75775 0.45247 eb
683.62884 30.50637 -0.63102 0.41624 0.65464 eb
702.89055 22.31553 -0.22864 -0.38366 -0.89472 eb
713.70327 32.16317 -0.04997 -0.20702 -0.97706 eb
720.01071 25.73776 -0.15564 -0.73066 -0.66476 eb
737.70985 27.03368 0.56678 -0.50256 0.65284 eb
763.93797 12.45790 0.08539 -0.79155 -0.60511 eb
776.67051 29.89996 -0.61348 0.73312 -0.29356 eb
815.29230 32.38812 -0.60186 0.74904 -0.27696 eb
820.37421 19.79177 -0.60533 0.71672 0.34624 eb
826.99055 18.09662 0.30579 0.54769 -0.77880 eb
846.59477 8.78352 -0.93209 0.10299 0.34729 eb
848.09030 65.02554 -0.93817 -0.32176 -0.12767 eb
862.62040 17.67702 0.18670 0.10083 -0.97723 eb
863.91111 11.62644 0.25724 0.93550 -0.24221 eb
865.07599 28.51892 0.79890 -0.34421 -0.49323 eb
878.22153 17.13888 -0.68876 0.70559 -0.16661 eb
886.55072 31.64732 0.66543 -0.73556 0.12713 eb
894.64873 18.88111 0.00046 -0.04318 -0.99907 eb
897.26067 24.66455 0.17809 -0.02221 0.98376 eb
930.16583 25.11988 -0.87277 -0.23356 -0.42864 eb
946.66315 19.88274 0.55276 -0.34688 -0.75772 eb
950.59095 27.77460 0.20759 0.72473 -0.65702 eb
964.72824 38.51160 0.13718 0.27655 -0.95116 eb
982.63886 38.08040 -0.94609 -0.02805 -0.32268 eb
1017.93682 18.71467 -0.62196 -0.70134 0.34827 eb
1043.93610 17.31964 0.66149 -0.46115 -0.59141 eb
1051.35209 17.16098 -0.78185 -0.04029 -0.62216 eb
1062.83408 30.43460 -0.06185 0.79623 0.60182 eb
1179.86659 28.49764 0.67190 0.65365 -0.34827 eb
1195.37827 26.16424 0.04032 -0.95541 -0.29253 eb
1205.53686 34.45950 0.42627 0.90456 0.00755 eb
1240.97781 26.24948 -0.81513 0.32124 0.48204 eb
1283.72237 43.68604 0.65291 0.53502 -0.53616 eb
1303.29118 12.78243 0.64822 0.15183 -0.74616 eb
1338.59824 34.99442 -0.71577 0.64441 0.26910 eb
1357.56379 22.15066 0.41217 0.81125 -0.41471 eb
1363.24980 19.71050 0.86732 0.44771 -0.21752 eb
1399.95750 22.78481 -0.74152 -0.22915 0.63058 eb
1405.91307 23.65355 -0.19563 0.98056 -0.01532 eb
1412.39205 26.49379 -0.02772 0.19730 -0.97995 eb
1469.09054 23.87003 0.18041 -0.84096 0.51013 eb
1484.35250 28.56592 0.29586 -0.90915 0.29312 eb
1502.73812 24.36243 0.94814 0.18427 -0.25901 eb
1504.59004 35.46105 0.32822 -0.43524 -0.83836 eb
1510.47592 27.06139 0.04405 -0.12494 0.99119 eb
1550.18200 13.91146 0.45937 -0.84778 -0.26504 eb
1559.44242 34.49385 -0.42667 0.21752 -0.87786 eb
1588.36614 26.67263 0.83179 -0.54108 -0.12394 eb
1624.97523 27.25995 0.45456 -0.57069 0.68388 eb
1680.69979 13.63739 0.00833 -0.42407 -0.90559 eb
1698.92789 18.32953 -0.61762 0.56737 -0.54465 eb
1740.60295 39.69436 -0.70841 -0.54793 0.44489 eb
1834.82576 15.13416 0.06772 0.81692 -0.57276 eb
1855.25921 21.87153 0.83679 0.19522 0.51154 eb
1855.67156 22.51815 -0.82926 -0.52099 -0.20223 eb
1869.63788 13.27072 -0.11528 0.97435 0.19328 eb
1930.84914 17.59380 0.79705 0.28003 -0.53506 eb
1993.54622 42.35222 0.35740 0.14240 -0.92303 eb
2015.62418 5.58841 0.25674 0.27557 -0.92636 eb
2024.20309 4.00036 -0.91816 -0.11553 -0.37900 eb
2151.05682 24.22547 -0.69399 0.16848 -0.69999 eb
2197.23571 32.89448 0.25438 0.83468 -0.48846 eb
2305.30045 15.31893 0.01515 -0.65078 -0.75911 eb
2344.97917 17.16002 -0.98069 -0.11496 0.15821 eb
2345.20314 18.40858 0.22287 -0.97454 0.02450 eb
2481.06445 52.86930 -0.37103 0.12797 -0.91976 eb
2591.69431 18.60331 0.20383 -0.81048 -0.54916 eb
2654.95158 12.42517 0.75633 -0.35463 -0.54973 eb
2674.92679 10.22882 -0.11359 0.90129 0.41806 eb
2741.16034 15.31121 -0.96152 0.27108 -0.04458 eb
2785.26709 20.99615 0.72827 0.35804 -0.58431 eb
2803.56180 21.92042 0.70633 -0.01706 0.70767 eb
2855.66914 10.73314 -0.27373 0.36387 -0.89032 eb
2990.94480 33.44464 -0.61058 -0.79162 -0.02317 eb
3067.75191 19.89349 -0.04941 0.56054 0.82665 eb
3090.74234 23.42562 -0.94911 0.07406 -0.30611 eb
3174.45802 14.31380 0.97394 0.19918 -0.10845 eb
3231.62668 17.99302 0.06753 -0.51709 -0.85326 eb
3310.79273 11.17178 0.60508 0.40056 0.68806 eb
3373.77254 52.76756 0.55831 0.73298 -0.38863 eb
3378.30126 45.92451 -0.16656 -0.89428 -0.41535 eb
3418.06280 18.24435 -0.82938 -0.51184 -0.22393 eb
3429.65830 16.95363 0.59129 0.76475 -0.25600 eb
3452.02358 15.94498 0.19860 -0.96466 0.17316 eb
3712.20347 10.99066 0.51896 -0.20004 -0.83107 eb
3884.60635 10.82903 0.46848 -0.33949 -0.81564 eb
3999.49632 12.29542 -0.41920 0.76380 0.49079 eb
4008.38974 11.62752 -0.85756 0.34001 0.38598 eb
4059.69695 16.95585 -0.33298 0.56552 -0.75453 eb
4612.49473 27.51755 -0.41238 -0.83928 -0.35433 eb
4690.57787 25.84867 0.30039 0.94660 0.11712 eb
4726.06914 17.18771 -0.32068 -0.81553 -0.48174 eb
4832.52332 37.47715 0.89615 0.42969 0.11077 eb
5097.29270 34.44233 0.88583 -0.45460 -0.09303 eb
5328.74639 20.06018 -0.64138 -0.39148 0.65983 eb
5380.09126 22.33082 0.68283 0.63960 -0.35308 eb
5525.83010 9.05103 0.88838 0.45769 -0.03603 eb
5802.74711 7.85561 0.34074 -0.80212 -0.49041 eb
5842.76664 29.32521 -0.78580 -0.61748 0.03504 eb
6250.25508 12.39207 0.68585 -0.70841 0.16665 eb
6327.46856 25.79013 -0.90048 -0.25378 -0.35317 eb
6344.66027 20.15787 0.85052 0.24708 0.46429 eb
6466.24840 30.18101 0.82905 -0.55218 0.08819 eb
6613.92654 22.48638 0.78077 0.61977 0.07931 eb
6882.31300 15.09037 -0.82669 -0.01630 -0.56243 eb
6948.64886 20.52837 -0.63749 -0.40126 -0.65772 eb
7536.05741 16.78156 0.72740 0.32515 -0.60428 eb
7642.60673 13.39756 -0.49796 0.81816 -0.28751 eb
7822.33034 10.06462 0.81297 0.52777 0.24604 eb
7952.22075 20.58901 0.40395 -0.90874 0.10492 eb
8337.35905 52.05032 0.42149 0.55488 -0.71726 eb
8718.34466 21.28728 -0.02119 0.97682 -0.21302 eb
8956.91239 10.28553 0.26444 0.94645 -0.18519 eb
9626.79779 12.64090 -0.84262 0.04837 0.53633 eb
10476.38720 16.19526 -0.61579 -0.77547 0.13948 eb
10663.64753 28.57558 0.34572 0.91237 0.21921 eb
10914.12366 20.18473 0.43212 0.69264 0.57752 eb
12213.52747 10.92985 -0.75715 -0.48474 -0.43789 eb
12836.37572 16.66129 0.66883 -0.40032 -0.62643 eb
14472.03539 16.18408 -0.88165 0.03197 -0.47083 eb
16010.68398 13.01488 0.12882 -0.29807 0.94581 eb
