13.83889 60.61569 -0.61568 0.27835 -0.73720 e
16.92966 62.63082 -0.73184 0.43174 0.52728 e
18.07234 66.25661 -0.95305 -0.29384 0.07321 e
18.23208 53.72884 -0.93728 -0.15470 0.31236 e
18.50142 45.73913 -0.10302 -0.97512 -0.19631 e
18.61924 43.98008 0.45420 0.76081 -0.46355 e
19.47674 78.39126 0.35316 -0.38979 -0.85050 e
20.52655 79.43400 0.29343 -0.89183 0.34429 e
21.08855 56.51408 -0.03413 -0.67072 -0.74093 e
21.37344 47.07221 0.46279 -0.35557 -0.81203 e
21.45419 72.84594 0.39945 -0.14629 -0.90501 e
21.50865 40.34286 0.04427 -0.12746 -0.99086 e
21.59867 77.79193 -0.69320 0.68779 -0.21547 e
21.77560 42.71242 0.43380 0.19071 -0.88060 e
21.95733 43.02487 -0.67540 0.02405 -0.73706 e
21.99469 81.91851 0.17470 -0.86753 -0.46570 e
22.00784 67.31480 -0.82288 -0.00445 -0.56819 e
22.18402 69.17318 0.26641 -0.62344 -0.73508 e
22.46262 77.12094 -0.04826 -0.62638 -0.77803 e
22.54833 74.71516 0.82118 0.41796 0.38854 e
22.79508 20.27044 -0.77303 -0.62514 0.10784 e
22.94284 75.83419 -0.40141 0.21735 -0.88974 e
22.98617 62.34511 -0.16704 -0.55945 -0.81186 e
23.12917 75.46518 0.71456 -0.49144 -0.49789 e
23.56574 35.09791 -0.18177 0.03147 -0.98284 e
23.62490 79.18086 -0.76702 -0.09446 -0.63463 e
23.63098 66.02384 -0.09298 0.65435 -0.75045 e
24.07363 26.26957 0.39016 -0.87667 -0.28146 e
24.12966 54.82234 -0.75435 0.39172 -0.52679 e
24.37879 14.65599 0.76916 0.63905 0.00365 e
24.46069 59.03565 -0.14143 -0.27822 -0.95005 e
24.57047 56.83671 0.21023 -0.28667 -0.93468 e
24.91312 59.61790 0.66549 -0.70197 0.25370 e
25.04706 84.45865 -0.14888 -0.90980 -0.38742 e
25.50226 84.44543 0.01398 0.89487 -0.44611 e
25.71328 78.66238 0.97210 -0.20159 -0.11991 e
26.02620 44.98782 -0.35925 -0.72458 -0.58815 e
26.30659 67.73124 0.92166 0.04255 -0.38565 e
26.54837 67.16331 0.28954 0.90415 -0.31414 e
26.68553 65.90640 0.66003 -0.10340 -0.74409 e
26.83179 62.95494 0.76768 -0.63673 -0.07238 e
26.92645 67.71649 0.22055 -0.71284 -0.66575 e
27.81825 80.25690 0.56831 0.38534 -0.72700 e
27.86923 79.88415 0.66788 -0.04094 -0.74314 e
28.26186 82.61810 0.95086 -0.13176 0.28019 e
28.28051 43.71165 0.77509 -0.49561 -0.39192 e
28.44005 57.44194 0.41075 0.90884 0.07273 e
28.78120 28.44407 0.65859 0.28025 0.69837 e
28.78418 68.80849 -0.81074 0.55922 0.17314 e
28.82397 60.40378 0.67072 -0.18355 0.71864 e
29.42672 25.40236 0.26348 -0.96168 -0.07578 e
29.85187 71.31676 -0.36350 -0.08451 -0.92775 e
29.86057 71.15699 0.48690 -0.85127 -0.19563 e
30.47416 78.97148 0.94135 -0.32725 -0.08225 e
30.56545 61.47837 -0.73958 0.26053 -0.62060 e
30.87574 67.25775 0.83401 0.24255 -0.49558 e
31.07887 83.02795 0.79067 -0.59421 0.14750 e
31.15350 64.44956 -0.94805 -0.28324 -0.14480 e
31.19631 52.03734 -0.17040 -0.97486 -0.14356 e
31.47142 33.97837 -0.09177 0.54197 -0.83537 e
31.49036 24.58195 0.37214 0.81366 0.44661 e
31.77450 46.03004 0.88880 0.08584 -0.45018 e
32.16995 60.26868 0.94955 -0.16488 -0.26678 e
32.23460 51.40846 -0.38818 -0.05185 -0.92012 e
32.62340 59.00306 -0.29439 -0.55574 -0.77749 e
32.73613 64.83819 0.99292 -0.11853 -0.00714 e
32.75626 81.37514 0.38399 -0.48602 0.78507 e
32.90746 69.11991 -0.53475 0.84384 0.04456 e
33.06103 23.15603 -0.96612 -0.08744 -0.24285 e
33.31169 51.14485 0.63737 0.65766 -0.40155 e
33.40165 26.83900 0.70614 -0.43752 -0.55673 e
33.49777 81.68851 -0.75190 0.60573 0.26028 e
33.60169 82.57785 -0.67278 0.46021 -0.57929 e
33.68242 51.12449 -0.28251 -0.92503 0.25399 e
34.09040 82.04711 -0.01016 -0.54970 -0.83530 e
34.47420 74.87210 -0.66561 0.40912 -0.62416 e
34.51382 76.53297 0.59941 -0.42619 -0.67755 e
34.52134 72.41312 -0.94194 -0.27152 -0.19753 e
34.66042 47.77478 0.13249 -0.89742 -0.42081 e
34.76587 39.06585 0.26655 0.65676 -0.70542 e
35.11348 75.74438 0.26675 0.60185 -0.75274 e
35.13544 50.64202 -0.30576 -0.85754 -0.41369 e
35.17591 65.94102 0.67793 0.72481 0.12270 e
35.18327 79.49455 -0.48541 -0.08163 -0.87047 e
35.18918 48.10475 -0.41544 0.90188 0.11844 e
35.29321 49.27980 0.07123 -0.38390 -0.92062 e
35.57428 53.60179 0.71175 -0.39821 0.57866 e
35.67601 74.50485 -0.64435 -0.54731 0.53411 e
35.80025 70.02911 0.83045 0.44194 -0.33917 e
36.03136 68.90285 -0.33755 0.62198 0.70654 e
36.25523 41.21011 0.29164 0.69546 -0.65672 e
36.38256 35.04101 -0.02879 -0.50600 -0.86205 e
36.61382 31.00928 0.07901 0.31999 -0.94412 e
36.69648 62.10471 -0.11281 0.60168 -0.79073 e
36.84269 67.13511 -0.15023 0.21293 -0.96545 e
36.86201 55.67119 0.01891 -0.03646 0.99916 e
36.99643 78.71362 -0.37543 0.05815 -0.92502 e
37.18034 42.19754 0.12859 0.47805 -0.86887 e
37.33156 38.53109 -0.16327 0.98646 0.01536 e
37.41115 66.61146 -0.21412 -0.92992 -0.29901 e
37.64774 51.76057 -0.55503 -0.26190 -0.78952 e
37.75880 61.01239 -0.15820 0.63761 0.75395 e
37.82087 50.77109 -0.58538 0.79186 0.17404 e
37.94217 66.21456 0.44879 0.84217 -0.29890 e
38.12915 38.05541 0.42787 -0.85308 0.29864 e
38.17752 61.90225 0.16044 -0.24930 -0.95504 e
38.54623 57.79344 -0.95749 0.23865 -0.16206 e
38.55811 79.72665 0.95548 0.23227 -0.18196 e
38.55875 43.11265 0.23970 -0.88017 -0.40969 e
39.02053 76.56354 0.27824 -0.49320 -0.82422 e
39.08334 50.69288 0.35524 0.10920 -0.92838 e
39.27005 44.67412 0.09877 -0.97788 -0.18438 e
39.44106 47.01653 0.98243 0.04098 -0.18208 e
39.56243 83.17037 0.65505 -0.75453 0.03993 e
39.58703 33.50506 -0.81308 0.57320 -0.10167 e
39.63570 71.05702 0.02445 -0.95927 -0.28142 e
39.66269 56.95488 0.31537 -0.86547 -0.38924 e
39.71244 59.74315 -0.29599 -0.93658 -0.18762 e
39.78866 51.90393 0.76862 -0.31534 -0.55658 e
39.82655 28.35886 -0.74869 -0.13704 -0.64860 e
39.91402 75.06176 -0.32960 -0.94394 -0.01846 e
40.15571 81.00662 -0.41027 0.32025 -0.85388 e
40.58459 32.33573 0.09792 0.90768 0.40808 e
41.36293 46.45897 -0.59094 -0.17386 -0.78776 e
41.54624 64.08952 0.75450 -0.50857 -0.41484 e
41.54946 64.47249 0.61339 -0.57376 -0.54273 e
41.57348 32.12257 0.57630 0.47164 0.66741 e
41.83945 62.35023 -0.98768 -0.06124 -0.14398 e
41.85450 69.47022 -0.54770 0.07755 -0.83308 e
41.87379 40.68159 0.49957 -0.57403 0.64878 e
41.96555 70.04462 0.76535 -0.31723 -0.56000 e
42.26980 52.19739 -0.15679 0.96825 0.19472 e
42.36886 83.97393 0.78426 0.59778 -0.16612 e
42.61959 31.08468 0.64637 -0.07306 -0.75951 e
42.71358 82.17433 -0.68293 -0.53492 0.49747 e
42.72260 66.33978 0.92842 0.29293 0.22853 e
42.72459 46.82636 0.30832 -0.27419 -0.91091 e
42.74734 41.27634 -0.56989 -0.28596 0.77036 e
42.89255 30.13642 -0.39149 -0.88769 -0.24236 e
43.14204 53.41277 0.12832 -0.44309 -0.88725 e
43.15568 52.42333 0.92366 0.30988 -0.22545 e
43.44680 41.15126 -0.41867 -0.84126 -0.34203 e
43.60546 25.17830 0.79538 -0.60610 -0.00276 e
43.84366 17.72268 0.94099 0.33602 0.04043 e
44.33394 84.22466 -0.70828 -0.70247 -0.06976 e
44.40444 24.85797 0.65981 -0.34501 -0.66755 e
44.41533 64.77435 0.02487 -0.47176 -0.88138 e
44.53484 58.56278 0.94433 -0.17334 0.27963 e
44.65236 75.53937 0.45001 0.83953 0.30444 e
44.74185 32.77214 0.36588 0.14075 -0.91996 e
44.79111 50.30342 -0.37870 0.83869 0.39138 e
45.35524 83.62126 0.97001 -0.24259 0.01490 e
45.38319 84.64474 -0.42114 -0.43486 -0.79595 e
45.46815 28.71794 0.25951 -0.50176 -0.82516 e
45.55807 39.57303 -0.56555 0.82229 0.06317 e
46.13511 44.36386 -0.01514 0.88275 -0.46959 e
46.44308 50.21909 0.20298 0.96455 -0.16865 e
46.86495 20.30212 -0.36736 0.71045 0.60025 e
46.99316 44.24789 -0.75906 0.59111 0.27279 e
47.14156 81.81770 -0.04821 0.19720 -0.97918 e
47.15632 38.87002 0.32437 0.74243 -0.58615 e
47.21693 20.78715 -0.45089 -0.26490 -0.85236 e
47.30459 35.13211 0.60432 0.10659 -0.78958 e
47.36286 44.64776 -0.45639 -0.77118 -0.44383 e
47.45424 39.53132 -0.07036 0.97545 0.20866 e
47.45711 49.06832 -0.71169 0.54558 -0.44254 e
47.57232 81.71689 -0.22706 -0.86915 -0.43935 e
47.69741 40.62975 0.30043 0.66308 -0.68561 e
47.71099 83.26297 0.84556 0.53387 -0.00365 e
47.73802 84.81249 -0.10860 -0.81564 -0.56828 e
47.86516 72.28434 -0.48576 0.44655 -0.75142 e
47.86577 45.25398 -0.87719 -0.46992 0.09857 e
48.16354 76.19779 0.26542 0.45264 -0.85127 e
48.37075 79.30585 0.15744 0.88950 0.42896 e
48.41960 52.62480 -0.46522 0.10095 -0.87942 e
48.48380 70.10758 0.27808 0.36376 -0.88902 e
48.65335 77.69446 0.91964 0.07842 0.38485 e
48.72680 84.93979 0.19014 -0.26442 -0.94548 e
48.79118 66.25294 0.64680 -0.71850 -0.25575 e
48.91716 58.53410 -0.37573 -0.42975 -0.82106 e
48.97607 58.40201 -0.83595 -0.13445 -0.53207 e
49.08737 67.24919 0.88119 0.39161 -0.26484 e
49.46822 66.11592 -0.40595 0.50253 -0.76333 e
49.92855 61.78559 0.56362 0.42712 -0.70704 e
50.19348 64.56825 0.99497 0.08926 0.04556 e
50.24661 36.32914 0.28725 0.12996 -0.94900 e
50.46384 82.16432 0.91880 -0.29112 0.26655 e
50.48026 76.11451 -0.48290 0.86530 0.13438 e
50.58148 65.51695 0.90555 -0.42211 -0.04257 e
50.84415 34.91304 -0.68694 0.48858 -0.53796 e
50.96077 47.58605 0.55526 0.80277 -0.21737 e
51.10652 78.17957 -0.23984 0.12575 -0.96263 e
51.13084 68.28093 -0.11361 -0.65086 -0.75065 e
51.21382 78.28048 -0.80095 0.56492 -0.19833 e
51.21938 77.51929 0.48550 -0.48745 -0.72573 e
51.93007 41.05344 -0.18831 -0.10730 -0.97623 e
52.28663 74.00721 -0.55008 -0.57011 -0.61023 e
52.97800 36.45438 0.35352 0.32414 -0.87747 e
53.54736 49.48911 0.82440 -0.09725 0.55760 e
53.55811 56.64618 -0.39132 -0.33662 0.85648 e
53.62399 55.63597 0.07127 0.99324 0.09163 e
53.81355 72.66657 -0.78623 -0.20118 -0.58426 e
53.99921 56.71333 0.51087 0.20278 -0.83540 e
54.13018 76.85275 0.03858 0.06910 -0.99686 e
54.13956 69.65468 -0.02317 -0.61191 -0.79059 e
54.40036 72.51360 -0.49785 0.06255 -0.86501 e
54.61232 22.55013 -0.57663 0.79553 0.18609 e
54.76151 39.71617 -0.83110 -0.33902 -0.44084 e
54.97351 71.61555 0.19882 0.94273 -0.26782 e
55.06374 74.45383 -0.07564 0.98425 0.15977 e
55.38286 84.56129 0.77609 0.42672 -0.46432 e
55.69232 25.60589 -0.12511 0.50723 -0.85268 e
55.82396 55.75325 -0.49880 -0.07413 -0.86354 e
56.48492 25.25595 -0.29973 -0.49761 -0.81397 e
56.51065 41.29391 0.75024 -0.34059 -0.56670 e
56.99176 83.17851 0.40706 0.79982 -0.44114 e
57.03101 78.45783 -0.48304 -0.73472 -0.47629 e
57.55444 62.43517 0.93263 0.13699 -0.33383 e
57.76156 41.51838 0.18414 -0.92835 -0.32289 e
57.90353 74.22883 -0.97052 -0.00671 -0.24092 e
57.92519 72.78416 0.38239 0.63865 0.66776 e
58.33512 74.39856 -0.60195 -0.11062 -0.79084 e
58.44900 79.19402 -0.00391 0.99959 0.02822 e
58.77293 57.51284 0.21878 -0.16674 -0.96142 e
58.78317 78.41918 0.49681 -0.83014 -0.25307 e
58.94309 53.68718 0.18546 0.91923 -0.34730 e
59.40118 59.53770 -0.18243 0.97142 -0.15184 e
59.62497 31.02147 -0.60961 -0.61931 0.49480 e
59.73156 78.01591 -0.94727 -0.30416 0.10081 e
59.74415 14.69636 0.61014 0.17695 -0.77228 e
59.78161 49.30845 0.96039 0.27779 -0.02184 e
59.84915 72.18576 0.58682 0.22505 -0.77782 e
59.88274 35.22684 -0.29359 -0.54671 -0.78416 e
60.07035 49.16973 0.98899 0.14797 -0.00056 e
60.19698 39.95687 -0.22308 -0.87488 -0.42991 e
60.60151 65.49868 0.50344 -0.23123 -0.83251 e
60.84307 67.03501 -0.34535 0.34813 -0.87151 e
60.91127 25.66730 0.22339 -0.86632 -0.44675 e
61.53814 50.73526 -0.44357 0.49348 0.74815 e
61.85577 74.95367 -0.32675 -0.92635 -0.18737 e
62.10301 52.50034 0.05310 -0.89950 -0.43368 e
62.36732 32.74781 -0.82707 -0.06025 0.55887 e
62.59608 50.22143 0.28504 0.02845 -0.95809 e
63.17847 56.68983 -0.42792 -0.09413 -0.89890 e
63.22587 52.12197 0.17314 -0.98489 0.00382 e
63.26365 61.46697 0.72207 0.58076 -0.37593 e
63.39130 62.88953 -0.80001 -0.29187 -0.52421 e
63.98089 23.64499 0.95920 0.05466 -0.27739 e
64.44901 27.56657 0.86788 -0.48392 -0.11225 e
65.00119 47.36543 0.07988 0.98276 -0.16677 e
65.62102 82.98428 0.73044 0.61108 -0.30502 e
65.86284 71.28389 -0.03492 0.67538 -0.73665 e
66.25627 30.55404 -0.05046 -0.98225 -0.18068 e
66.40165 69.39565 0.04667 0.82672 -0.56068 e
66.74603 82.68116 0.07495 -0.86560 -0.49510 e
66.78006 64.26815 0.37270 -0.38681 -0.84349 e
67.07272 55.68254 0.09159 0.31890 0.94335 e
67.60344 56.98280 -0.89690 0.07788 -0.43532 e
67.60552 57.14275 -0.95757 -0.21415 -0.19285 e
67.72753 50.07308 0.14560 -0.08210 0.98593 e
68.18702 78.58544 -0.00696 -0.80279 -0.59623 e
68.34826 22.61963 0.28985 0.90134 0.32182 e
68.35508 55.71273 0.96135 -0.09321 0.25908 e
68.83289 49.36163 -0.08422 0.44369 -0.89222 e
68.84003 48.08422 0.25720 -0.58518 -0.76903 e
69.02003 51.66370 -0.46206 0.76304 -0.45195 e
69.07754 33.92163 0.95820 -0.26819 0.09960 e
69.12301 28.23492 0.29697 0.83165 -0.46921 e
69.25391 52.55445 -0.00816 -0.39199 -0.91993 e
69.37698 57.46251 0.11456 -0.10089 -0.98828 e
69.54113 77.94795 -0.28553 0.94942 0.13063 e
69.74542 51.28482 -0.06748 -0.01313 -0.99763 e
69.81309 62.88034 0.67191 -0.35922 -0.64769 e
69.85879 31.43666 0.24241 0.77290 -0.58640 e
70.01623 62.04407 0.24428 -0.76267 -0.59889 e
70.22864 69.20802 -0.25716 -0.96355 0.07372 e
70.76991 63.18432 -0.40682 0.90194 0.14489 e
71.30021 65.48439 -0.71618 0.34313 0.60774 e
71.69271 36.66484 -0.04570 -0.43711 -0.89825 e
72.23918 55.59108 0.02886 -0.44533 -0.89490 e
72.73588 55.79349 0.17003 -0.81090 -0.55994 e
73.08834 67.57437 -0.36407 0.92653 0.09490 e
73.23387 55.13634 0.32293 0.87646 0.35712 e
73.43728 74.26940 0.06287 -0.06029 -0.99620 e
73.81550 29.41885 -0.79675 -0.50178 0.33674 e
73.85329 27.27860 -0.46755 -0.18336 -0.86474 e
74.22544 50.84735 0.38655 -0.89620 -0.21771 e
74.69466 62.69229 0.40114 0.60594 -0.68697 e
75.09324 50.67965 0.79623 0.29105 -0.53038 e
75.16797 64.28903 -0.63979 0.43247 0.63532 e
75.23390 79.86024 0.15780 0.77623 -0.61038 e
75.47437 70.36446 -0.99793 -0.05457 0.03415 e
75.49902 81.42354 0.25317 0.77152 0.58367 e
75.67102 73.37048 0.20997 0.95178 -0.22365 e
75.68773 74.99740 -0.62741 -0.52685 -0.57339 e
75.73860 41.90230 0.51573 0.67620 -0.52609 e
75.76474 82.20050 -0.04853 0.99400 -0.09802 e
76.06401 46.64026 0.99826 -0.05831 -0.00882 e
76.08611 55.97599 -0.11542 -0.96255 0.24531 e
76.08714 40.44735 0.14114 0.97339 -0.18053 e
76.18106 55.82889 -0.08327 0.47153 -0.87791 e
76.40537 74.01566 -0.27088 0.59255 -0.75862 e
77.54627 35.24006 0.52648 0.69453 -0.49036 e
77.71406 29.07862 0.15158 0.72270 -0.67433 e
77.87866 21.14262 0.37988 0.88343 -0.27430 e
78.43094 84.94940 0.48869 -0.65290 0.57871 e
78.49651 60.20883 -0.04171 -0.56405 -0.82469 e
78.84176 60.71956 0.03256 -0.67420 -0.73783 e
78.89369 73.16669 -0.62340 -0.43485 -0.64983 e
79.02952 77.61348 -0.23725 0.79430 -0.55928 e
79.23317 41.95012 0.95206 -0.09689 -0.29015 e
79.36274 34.64429 -0.92057 -0.09974 0.37762 e
80.38799 81.31922 0.91559 -0.17231 0.36332 e
81.03336 69.99236 -0.02622 0.91038 -0.41295 e
81.79919 29.49152 -0.49223 0.35887 0.79304 e
81.91365 77.08739 -0.23623 -0.19940 -0.95102 e
82.23016 44.21892 0.54479 -0.80411 -0.23792 e
82.49047 53.41037 0.37508 -0.53753 -0.75524 e
82.51367 63.36555 -0.75172 0.54464 0.37187 e
82.57390 51.56219 -0.59150 0.55190 -0.58782 e
82.61732 58.27994 0.92980 0.22901 -0.28814 e
82.94900 23.02565 -0.24158 0.58323 0.77555 e
83.69837 41.14629 -0.74314 0.16681 -0.64801 e
83.93927 56.39523 0.54532 0.23853 -0.80357 e
84.06106 27.99223 0.58447 -0.54571 -0.60050 e
84.22809 29.16626 -0.17693 -0.89433 0.41093 e
84.35748 40.87901 0.36563 -0.62295 -0.69156 e
84.35863 33.22925 0.28169 -0.82309 -0.49313 e
84.59111 29.64114 -0.27498 0.74278 -0.61047 e
84.77858 40.46504 -0.92005 -0.35604 -0.16355 e
84.87059 80.98006 0.19462 -0.00784 -0.98085 e
85.35070 45.18402 -0.85647 0.20202 -0.47502 e
85.53459 59.46864 -0.29692 -0.57915 -0.75922 e
85.69303 32.02755 -0.40177 0.20016 -0.89360 e
85.72681 72.19782 -0.58004 -0.60421 -0.54633 e
85.94172 54.97317 -0.75403 -0.56587 -0.33353 e
86.03884 82.26439 -0.69692 -0.10639 -0.70922 e
86.15002 39.02602 0.00098 0.72598 -0.68771 e
87.21992 53.66186 0.87185 0.10014 -0.47943 e
87.28000 52.44872 -0.36788 0.35987 -0.85741 e
87.68284 63.02593 0.45802 -0.47596 -0.75079 e
87.94000 32.14286 0.31916 0.70731 -0.63076 e
88.03035 45.31083 -0.39232 -0.87669 0.27841 e
88.08609 42.75086 0.79317 0.60854 -0.02362 e
88.27462 82.41618 0.01906 -0.98396 0.17736 e
88.52790 29.57629 -0.61361 0.40774 -0.67619 e
88.60641 48.11210 0.67461 0.73624 -0.05345 e
88.68903 58.96848 -0.79309 -0.34114 -0.50462 e
88.70762 47.65900 -0.71205 -0.18163 -0.67823 e
88.99776 28.48036 -0.98300 -0.14342 0.11466 e
89.21144 56.10021 -0.35121 0.82425 0.44414 e
89.41157 53.49746 -0.62457 -0.76470 0.15857 e
89.51984 43.05833 0.12144 -0.29114 -0.94894 e
89.94996 22.25017 -0.26893 0.82199 0.50200 e
90.63327 32.98845 0.46156 0.36281 -0.80952 e
91.01771 45.99616 -0.68208 0.73039 0.03591 e
91.78093 68.80219 -0.42359 0.20129 -0.88321 e
92.02794 55.09373 0.52071 0.83099 -0.19575 e
92.24435 19.77098 -0.30172 -0.95292 -0.02998 e
93.06677 54.01364 0.48391 -0.83836 -0.25097 e
93.12159 59.62307 0.06550 0.54967 -0.83281 e
93.58275 66.05468 0.61238 -0.65429 -0.44372 e
93.72824 18.26649 -0.80456 -0.59321 0.02808 e
93.79004 64.46144 -0.05128 -0.99145 -0.11998 e
93.88997 37.69593 -0.20674 0.89407 0.39736 e
93.95656 36.40906 -0.35175 0.70457 -0.61633 e
94.04978 74.71820 0.21629 0.97126 0.09938 e
94.32526 33.13380 0.68641 -0.38353 -0.61785 e
95.25206 83.83410 -0.35967 0.83362 -0.41919 e
95.64644 35.28490 0.43105 0.18020 -0.88415 e
96.18481 42.96672 0.80209 -0.57787 -0.15069 e
96.33435 36.87638 -0.17812 0.60149 -0.77877 e
96.54349 23.52435 -0.67249 0.00012 -0.74011 e
96.81368 71.68715 0.10314 -0.99386 -0.04013 e
96.84771 56.92693 0.58352 0.10876 0.80478 e
97.22524 77.06661 -0.95493 0.10091 -0.27915 e
97.30289 34.12126 -0.37514 0.85809 -0.35064 e
97.76535 71.60550 -0.90427 -0.14803 0.40047 e
97.92844 40.66373 -0.07128 0.36541 -0.92812 e
98.41449 71.27769 0.98027 -0.15826 -0.11846 e
98.86491 69.87961 0.35926 0.43207 -0.82719 e
98.98881 27.58910 -0.63389 0.40863 0.65667 e
99.59338 66.57420 0.71175 -0.59986 -0.36549 e
100.48082 70.10644 0.52603 0.84824 -0.06140 e
101.14933 45.24644 -0.63621 0.45524 -0.62290 e
101.47424 22.68233 -0.96137 0.25310 -0.10822 e
101.87636 31.37672 0.04930 -0.75214 0.65716 e
101.90981 41.07585 0.42520 0.36601 -0.82779 e
102.04006 30.53350 -0.13693 -0.19310 -0.97158 e
102.39154 40.37091 0.62865 0.77268 0.08808 e
102.74215 35.04376 0.92981 0.15982 -0.33152 e
103.14361 79.52852 -0.07745 0.64757 -0.75806 e
103.47404 44.04287 -0.17787 0.84027 -0.51215 e
103.53186 72.88772 0.04322 -0.74476 0.66593 e
103.77631 43.71247 -0.69256 -0.06673 -0.71827 e
104.11678 54.82517 0.05953 -0.99797 0.02267 e
105.31806 20.01043 -0.12443 0.03018 0.99177 e
105.34837 50.55220 -0.13422 0.70039 -0.70103 e
105.48411 42.78418 -0.83680 0.04910 0.54530 e
106.94675 70.85083 -0.93789 -0.19924 0.28402 e
107.79694 30.07081 0.45046 -0.72338 -0.52326 e
107.98013 69.53939 -0.37380 0.26355 -0.88928 e
109.18045 61.01337 0.86827 -0.48009 0.12497 e
109.36388 23.29992 -0.95963 0.19786 -0.19989 e
109.71112 45.98836 0.98798 0.08664 -0.12801 e
110.99885 72.12028 -0.62133 -0.35730 -0.69734 e
111.03017 35.86505 0.84942 0.40921 0.33322 e
111.48411 19.67372 -0.22441 -0.88567 -0.40648 e
111.67733 48.55242 0.16217 -0.95283 0.25654 e
111.80972 50.63750 -0.51253 -0.85300 0.09849 e
112.03118 37.81592 0.30675 -0.87158 0.38244 e
112.35855 60.44365 0.45923 0.88219 0.10417 e
113.02023 28.39528 -0.30304 -0.89337 -0.33175 e
113.14786 25.59030 0.42745 -0.66669 -0.61058 e
113.80046 84.29293 0.94425 -0.07867 0.31970 e
113.80407 36.87230 -0.73786 0.67219 -0.06098 e
113.99193 60.56835 -0.52886 0.83057 0.17454 e
114.11837 83.01805 0.96722 -0.22542 -0.11695 e
115.92183 32.24426 0.39690 -0.24202 0.88538 e
116.00509 53.31791 -0.94722 0.26148 -0.18547 e
116.41169 63.71857 -0.83515 0.24304 -0.49340 e
116.89618 59.75322 0.82625 -0.14824 -0.54344 e
117.14542 34.71011 -0.01438 0.99860 0.05083 e
117.79160 55.09819 -0.94866 -0.31436 0.03496 e
117.91298 23.19451 -0.99662 0.07176 0.03991 e
118.07582 34.66195 -0.22572 0.59291 -0.77299 e
120.82931 52.99893 -0.91287 0.16814 -0.37201 e
121.26154 42.23092 0.87828 -0.44914 0.16401 e
121.88340 50.21382 0.61063 -0.74133 0.27849 e
122.61208 82.54836 0.19804 -0.69319 -0.69302 e
122.90863 51.80669 -0.44119 -0.40522 -0.80072 e
123.07766 35.85103 0.85439 0.23508 -0.46342 e
124.00956 75.55265 0.55162 -0.81820 -0.16206 e
124.46281 65.98990 0.91110 -0.09381 -0.40137 e
125.21027 32.33145 0.48025 0.86392 -0.15166 e
125.36872 29.31629 -0.02139 0.68713 -0.72622 e
125.64181 40.74594 -0.48136 -0.50997 -0.71290 e
126.30966 52.08796 -0.70572 -0.28659 -0.64794 e
126.93407 44.11110 -0.49645 0.62334 -0.60414 e
127.05711 30.76595 -0.62815 0.67271 -0.39101 e
127.44087 80.57493 -0.65869 0.11274 -0.74392 e
127.48093 49.66768 -0.27965 0.91168 -0.30105 e
127.69386 22.00420 0.60932 0.10414 -0.78605 e
128.18042 60.04631 -0.15821 -0.94118 -0.29857 e
129.03856 78.98422 0.44548 -0.78096 -0.43778 e
129.11162 36.69946 -0.39362 0.33506 -0.85603 e
130.02575 47.53459 0.02866 -0.73959 -0.67245 e
130.24636 31.39183 -0.38480 -0.81655 0.43032 e
130.28240 83.00137 0.53847 -0.69933 -0.47009 e
130.51948 46.57816 -0.73899 0.34664 0.57770 e
131.09026 60.66302 0.45595 0.51361 -0.72685 e
132.11190 19.42916 0.40681 -0.86351 0.29809 e
132.34159 38.50440 0.60948 -0.77330 -0.17478 e
132.36494 31.01644 -0.87227 -0.19982 -0.44634 e
133.04694 36.19144 -0.38686 0.43520 -0.81298 e
133.47890 47.94367 0.70043 0.60408 0.38012 e
136.29837 23.73671 0.42967 0.52869 -0.73203 e
136.37396 47.57455 0.58470 -0.25876 -0.76887 e
136.39315 49.76728 -0.81823 0.19747 -0.53991 e
137.34733 32.76771 0.73986 -0.08885 -0.66686 e
137.43123 33.46025 -0.37083 0.45326 -0.81058 e
138.24692 81.36126 -0.99882 -0.03474 0.03397 e
138.42926 46.08366 0.45032 0.43480 -0.77985 e
138.54457 39.78877 -0.75691 0.65282 -0.03005 e
138.68663 60.23862 -0.02284 0.93610 -0.35098 e
139.27085 36.00353 -0.72589 -0.68760 0.01711 e
139.36574 9.94619 0.50922 0.18288 -0.84098 e
139.40326 78.33853 -0.59747 0.25885 -0.75896 e
140.18755 66.67781 -0.22259 0.44865 -0.86554 e
140.25229 46.78641 -0.28182 0.11872 -0.95209 e
140.97440 50.08617 -0.09174 -0.92293 0.37386 e
141.12062 59.37802 0.52400 -0.40318 -0.75025 e
141.41047 53.58325 -0.23513 0.83890 0.49087 e
141.94831 77.10918 0.21562 0.67431 -0.70627 e
142.52459 60.48784 -0.54886 0.30312 -0.77902 e
142.89555 40.99747 0.34905 -0.60599 -0.71481 e
142.96002 83.45412 0.12173 -0.98761 -0.09907 e
142.99467 18.38719 -0.55160 -0.82715 0.10756 e
143.79230 34.44160 -0.68717 -0.72198 0.08089 e
143.99270 83.20826 -0.84005 0.53022 0.11480 e
144.04710 54.68480 0.37230 0.35533 -0.85740 e
144.90986 39.47340 0.73653 -0.65904 0.15230 e
145.53666 71.09323 -0.71845 0.60899 0.33608 e
146.60284 47.15913 -0.04220 0.96291 -0.26650 e
146.99566 44.57776 0.25614 0.89929 0.35451 e
147.35865 38.24295 0.43184 -0.79374 -0.42836 e
147.54575 59.91952 0.26074 -0.41059 -0.87375 e
148.04104 31.88613 -0.11835 -0.80539 -0.58081 e
148.74084 67.79291 -0.37875 -0.80726 0.45263 e
149.24459 59.01031 -0.71301 0.40218 -0.57434 e
149.87164 75.42655 0.23636 0.62900 -0.74061 e
149.99433 53.03416 -0.51807 -0.47219 -0.71319 e
150.33076 30.35253 0.89815 0.34142 -0.27706 e
150.35437 58.03904 0.70839 0.40982 0.57465 e
151.48427 59.11796 -0.25594 -0.44982 -0.85566 e
151.63109 28.16105 0.22020 -0.91930 0.32620 e
152.37202 44.74000 -0.77711 -0.57565 -0.25440 e
152.55776 30.09498 0.74657 0.66495 0.02175 e
152.60480 37.48918 0.81656 -0.48374 0.31500 e
152.86586 27.04731 -0.99548 -0.07266 0.06120 e
152.91732 77.60172 0.29909 -0.52351 -0.79780 e
153.57838 65.39323 0.42530 -0.42840 -0.79724 e
154.30637 76.93340 -0.66358 0.24684 -0.70621 e
155.14994 19.95271 -0.58024 -0.54561 -0.60467 e
155.41640 72.31315 0.16792 0.46245 -0.87060 e
156.98083 37.00931 -0.12771 0.10870 -0.98584 e
157.83493 53.13543 -0.16893 0.96858 -0.18252 e
157.86110 56.23100 -0.58747 0.79701 -0.14018 e
158.05328 76.61809 -0.65201 -0.73698 -0.17816 e
158.06209 53.44956 -0.37348 -0.50603 -0.77746 e
158.95317 64.75018 0.38732 0.09994 -0.91651 e
159.14106 18.64274 -0.22371 0.94707 -0.23025 e
159.50845 42.86117 0.77357 0.54270 -0.32722 e
159.57675 34.48114 -0.45279 0.48262 0.74971 e
159.63225 82.00844 -0.75442 0.20058 0.62499 e
159.80927 65.87819 -0.30708 0.03022 -0.95120 e
160.16230 28.09368 0.11165 -0.36416 0.92462 e
160.74148 71.27285 -0.78011 -0.47301 -0.40949 e
162.02847 31.47186 -0.64313 0.74551 -0.17493 e
162.41033 51.91050 -0.05079 -0.76321 -0.64415 e
162.53235 67.55112 -0.71490 -0.50635 -0.48221 e
162.62760 61.89882 -0.61099 -0.72590 0.31587 e
164.03635 25.76426 -0.98074 0.16147 0.10987 e
164.25326 73.92340 0.33683 -0.93959 0.06089 e
165.29716 71.44697 0.89670 0.28222 -0.34099 e
165.48826 41.57750 -0.01403 -0.91081 -0.41258 e
165.63226 19.34577 0.71082 0.49924 -0.49547 e
165.82996 38.87240 0.38608 -0.43553 -0.81318 e
165.88392 50.21242 -0.51916 0.28161 -0.80695 e
165.93617 21.98941 0.60827 0.77878 -0.15337 e
165.93975 27.62968 0.91006 0.35493 0.21405 e
166.40626 28.41329 -0.10903 0.45220 -0.88523 e
166.53662 74.13149 0.31280 -0.78301 -0.53763 e
167.80142 57.90384 0.31270 -0.94973 -0.01510 e
168.05750 69.20605 -0.79166 -0.60747 -0.06524 e
168.08357 54.81211 0.96300 0.19973 -0.18093 e
168.20810 52.04699 0.97863 0.09535 -0.18218 e
169.62658 76.99078 -0.03760 0.91767 -0.39557 e
170.29934 84.20797 0.56349 -0.40889 -0.71783 e
171.04678 52.18016 0.56223 -0.76515 0.31377 e
171.09799 76.82615 -0.47271 -0.60831 -0.63758 e
171.72773 63.24521 -0.29406 -0.12305 0.94783 e
172.02412 49.36272 -0.85423 -0.21721 0.47235 e
172.31016 20.93291 0.08309 -0.93848 -0.33520 e
172.39900 52.06592 0.92508 -0.33413 -0.18050 e
172.76069 54.56927 -0.67357 -0.49418 0.54962 e
172.77680 55.84424 -0.90266 -0.00503 -0.43033 e
172.96116 56.25316 -0.51264 0.85653 -0.05958 e
172.99543 75.32418 -0.13796 -0.98936 -0.04610 e
173.01801 45.44792 -0.52921 -0.00828 -0.84845 e
173.03009 54.44449 0.63983 0.74261 0.19787 e
173.09353 53.87726 0.65648 -0.44969 -0.60565 e
173.28894 82.19907 -0.25135 -0.46649 -0.84807 e
173.29065 36.92637 0.71217 0.60616 -0.35409 e
173.63712 34.80465 -0.30615 0.72111 -0.62151 e
173.79812 42.63070 -0.98154 0.05552 0.18300 e
174.49567 77.60750 -0.51209 -0.49686 -0.70064 e
175.46843 68.77930 -0.52999 -0.84232 -0.09799 e
176.11738 79.65011 0.67764 0.57072 0.46378 e
176.28199 45.31756 -0.25958 0.74894 0.60967 e
176.31798 48.29668 -0.34232 0.64704 -0.68129 e
176.52782 27.47534 -0.96811 0.02744 0.24903 e
176.79221 58.69492 0.75768 -0.30483 -0.57706 e
177.09601 63.48571 0.19972 -0.21910 -0.95504 e
177.12668 27.66257 0.85501 -0.18413 -0.48483 e
178.47136 32.19702 0.85786 -0.00718 0.51384 e
178.91386 35.59474 -0.49420 -0.23919 -0.83579 e
179.78706 40.27628 0.47176 0.83728 0.27642 e
180.67757 71.44639 -0.19389 -0.81242 -0.54989 e
180.99597 58.68243 -0.85530 0.31777 -0.40926 e
181.01985 56.81214 0.74841 -0.66305 0.01591 e
181.54871 83.29116 -0.11392 0.88308 -0.45518 e
181.87811 27.12676 -0.07650 0.94134 -0.32868 e
181.90671 50.07591 0.45386 -0.55451 0.69752 e
182.64687 36.51561 0.58827 -0.74329 0.31853 e
182.79325 31.42820 -0.07247 0.39197 -0.91712 e
182.86228 32.22418 0.89142 -0.30730 0.33307 e
182.90947 38.70993 -0.99028 -0.08134 0.11278 e
183.43431 60.81841 0.73665 0.67360 -0.06012 e
184.15761 25.26322 -0.42155 -0.01051 -0.90674 e
184.25791 42.82700 0.85278 -0.34970 -0.38792 e
184.28439 18.28029 0.93769 0.20576 -0.28000 e
184.74916 45.36010 -0.21871 0.27368 -0.93663 e
185.55705 67.71849 0.42490 -0.84620 -0.32157 e
185.69945 23.45633 -0.48199 0.44622 -0.75404 e
185.88627 44.03481 -0.55910 0.21861 -0.79976 e
186.48627 35.14637 0.33465 0.28997 -0.89662 e
187.31195 66.50151 -0.04142 0.84665 -0.53054 e
189.22154 31.61236 -0.61754 -0.70048 0.35772 e
189.65227 59.60303 -0.55123 -0.23586 -0.80032 e
189.66876 56.18866 0.23732 0.61966 -0.74813 e
189.85292 80.26918 0.38322 -0.69547 -0.60784 e
190.10106 32.40492 -0.26330 0.62824 -0.73212 e
190.32480 32.47386 0.36972 -0.06154 -0.92710 e
191.75746 40.93869 -0.05868 -0.30880 0.94931 e
192.08120 21.51548 -0.49691 0.72747 -0.47315 e
193.60198 52.42620 0.42813 -0.80794 -0.40489 e
194.18558 67.91432 0.97467 -0.18392 -0.12727 e
194.57302 59.85233 0.30238 -0.90033 -0.31301 e
195.28492 61.67806 0.57259 -0.75507 0.31941 e
195.94921 17.47905 0.38743 -0.56888 0.72544 e
196.41846 50.97745 0.68383 -0.46727 0.56039 e
197.40820 72.01405 -0.43906 0.38934 -0.80972 e
197.92766 37.65256 -0.34629 -0.72716 -0.59273 e
198.07180 83.85930 -0.71445 -0.59734 -0.36433 e
198.67489 27.95839 0.97215 -0.04109 -0.23071 e
198.83133 46.41060 -0.20178 0.66041 -0.72329 e
198.90866 72.32745 -0.05348 0.02023 -0.99836 e
199.49969 72.69899 -0.61803 -0.69932 -0.35916 e
200.03718 28.73563 0.86787 0.28223 -0.40883 e
200.42261 24.79313 0.95869 0.10086 -0.26596 e
201.43895 46.45495 0.05639 0.15321 -0.98658 e
201.66598 62.89032 -0.63105 -0.53558 -0.56119 e
202.08650 56.96803 -0.29404 0.91272 -0.28369 e
202.81990 31.66044 -0.23415 -0.27211 -0.93334 e
203.19712 27.53686 0.72396 -0.11126 -0.68081 e
203.36146 62.21503 -0.72727 0.07614 0.68211 e
203.55640 36.66476 -0.77054 -0.40004 0.49623 e
203.60571 47.05347 -0.56214 0.73299 0.38305 e
203.66163 75.72394 -0.52334 0.07657 -0.84867 e
203.81817 51.46875 0.03567 -0.13260 -0.99053 e
203.88186 55.24248 0.72577 -0.15507 0.67023 e
204.27179 46.92534 0.43336 0.68462 0.58608 e
204.28356 55.57368 -0.65792 -0.23343 -0.71599 e
204.52212 72.21113 0.91296 0.18014 -0.36612 e
207.24949 31.64178 -0.35540 -0.40837 -0.84079 e
207.67393 61.97139 0.09054 -0.98825 -0.12314 e
208.54530 63.74311 0.14752 -0.89634 0.41811 e
209.66373 37.66049 -0.23833 0.45047 0.86039 e
210.17474 52.01774 0.04568 -0.10360 -0.99357 e
210.34992 32.14817 0.04888 0.45408 -0.88962 e
211.57501 47.70920 -0.77197 0.46649 0.43179 e
211.83131 33.61015 -0.18525 0.74384 -0.64218 e
212.23993 43.72430 -0.83161 0.25054 0.49563 e
212.89732 57.98466 -0.61189 0.71076 -0.34700 e
214.14109 33.89044 -0.81948 -0.38435 -0.42512 e
214.20447 25.32721 -0.04538 -0.41526 0.90857 e
214.74046 44.30314 -0.70337 0.59045 -0.39577 e
215.32731 73.82837 -0.31770 -0.91711 0.24079 e
215.76278 45.91981 0.38196 -0.79966 -0.46330 e
216.22383 83.26157 -0.82262 0.53547 -0.19122 e
216.72643 24.76874 0.91964 0.08840 -0.38269 e
216.73531 34.64334 -0.37989 0.89394 0.23782 e
216.74763 65.61191 -0.81720 -0.56097 0.13228 e
216.99397 59.12678 0.40706 0.91090 0.06756 e
217.28662 58.30426 -0.90482 -0.39042 0.16991 e
217.43519 30.98665 0.96261 -0.14528 -0.22865 e
218.67889 84.31250 0.46311 0.19205 -0.86524 e
219.84099 24.44129 -0.65012 0.57448 -0.49732 e
219.87497 82.10668 -0.87815 0.45510 0.14742 e
220.25843 67.74845 -0.18111 0.35550 -0.91696 e
220.49574 49.07906 0.29901 0.94847 0.10486 e
220.92160 31.76404 0.54626 0.40767 -0.73171 e
221.65802 79.23432 -0.21665 0.87933 -0.42408 e
222.04543 24.93173 -0.97801 0.17447 -0.11428 e
222.77566 52.93314 -0.41775 0.90848 0.01197 e
223.53478 35.40256 0.97631 0.21629 -0.00615 e
223.89342 45.17226 -0.19106 0.98101 -0.03343 e
224.37243 23.07820 0.32598 -0.94455 0.03951 e
224.46974 39.40564 -0.02609 -0.49048 -0.87106 e
224.72290 33.96997 0.01636 0.04618 -0.99880 e
225.18458 52.06289 0.20077 0.75427 -0.62512 e
226.15930 82.80784 -0.49142 0.34193 -0.80099 e
226.19899 63.15526 0.57199 0.68420 -0.45243 e
226.39909 56.38368 0.83780 0.20510 -0.50599 e
226.42322 47.87928 -0.10234 -0.29296 -0.95063 e
226.78196 70.02945 0.73542 0.41071 -0.53896 e
227.37435 84.69804 -0.29783 0.73335 -0.61115 e
228.23738 28.13372 -0.34146 0.56509 0.75105 e
228.52212 56.84243 -0.60761 0.77190 -0.18704 e
228.56212 67.38239 0.88042 -0.42566 -0.20900 e
230.47891 14.77099 0.19218 -0.98121 0.01735 e
230.68051 50.73510 0.01379 -0.80090 -0.59864 e
230.78462 35.64914 0.06943 0.87704 -0.47537 e
232.41390 59.94413 -0.30389 -0.32631 -0.89509 e
234.28591 69.66543 0.91198 0.09804 -0.39834 e
234.68052 17.30288 0.07745 -0.52856 0.84536 e
235.00488 26.83811 0.35697 0.23702 -0.90355 e
235.73854 27.81671 -0.72450 0.15527 0.67155 e
236.15077 22.23526 0.24733 0.34506 -0.90541 e
237.27927 36.47494 -0.91636 0.11845 -0.38242 e
238.48951 84.99186 0.67915 0.33083 -0.65521 e
238.93338 35.94200 0.49287 -0.45535 -0.74145 e
239.21785 34.91715 0.55706 -0.18340 -0.80997 e
239.74717 29.05116 -0.39298 0.02242 -0.91928 e
240.19591 50.55820 -0.01261 -0.96101 -0.27622 e
241.32413 66.22042 -0.69069 0.44832 -0.56741 e
242.32292 70.16365 -0.82794 0.37110 -0.42048 e
242.41407 40.71448 -0.46658 0.13901 -0.87349 e
242.58062 31.33338 -0.41901 -0.77883 -0.46675 e
243.06245 63.84307 0.08857 0.96440 -0.24916 e
243.44702 15.84656 0.38123 -0.81912 -0.42861 e
243.65073 78.43481 0.77006 -0.56400 0.29819 e
243.75727 47.00044 0.28887 0.23438 -0.92824 e
243.79269 29.94664 -0.35279 -0.60618 -0.71280 e
244.07894 26.98094 -0.65122 0.48503 -0.58366 e
246.04160 44.62106 0.00438 -0.64112 0.76742 e
246.15046 25.72070 -0.59469 0.79515 0.11869 e
247.94845 27.92783 0.35884 0.50859 0.78267 e
248.40237 54.93386 -0.53942 -0.67652 0.50134 e
248.73489 37.84141 -0.11776 0.92971 -0.34897 e
248.87890 69.65347 -0.72537 0.64712 -0.23468 e
249.26319 71.66103 0.19804 -0.90632 0.37332 e
249.73506 69.96747 0.62271 -0.72008 -0.30613 e
250.16262 50.57609 -0.46692 0.67199 -0.57482 e
250.96336 77.01211 0.18179 0.43013 -0.88428 e
250.98646 46.01295 0.76055 -0.54052 0.35972 e
251.05873 43.34190 -0.94940 -0.25836 -0.17858 e
251.75365 38.74894 0.41502 0.30379 -0.85760 e
251.85032 27.63565 -0.21125 -0.85999 -0.46453 e
253.76030 17.89021 0.12460 -0.32971 -0.93582 e
253.94708 19.60703 0.94102 0.33180 0.06625 e
254.79006 29.16450 -0.67242 0.29881 -0.67717 e
255.39963 27.35861 -0.97612 0.17651 -0.12665 e
256.64424 34.48666 -0.68587 0.10881 0.71954 e
257.01368 79.87152 0.88633 0.41597 -0.20343 e
257.30065 60.27512 -0.63026 0.72047 0.28930 e
257.37845 52.36257 -0.64164 -0.70547 0.30101 e
258.63831 48.31899 0.74243 -0.55473 -0.37559 e
258.76880 65.83769 0.84441 -0.05147 -0.53323 e
258.82993 62.23874 -0.43138 0.40404 -0.80663 e
258.99792 27.21948 -0.04871 -0.16445 -0.98518 e
260.50650 84.03312 0.37066 -0.85431 0.36438 e
260.61607 35.20218 0.29071 -0.25039 -0.92347 e
260.71783 47.31066 -0.64467 -0.16222 0.74705 e
261.62856 26.29533 -0.38083 0.21048 -0.90037 e
262.02811 68.08336 -0.91519 -0.39338 0.08768 e
262.24333 57.60277 -0.96396 0.25265 -0.08339 e
263.08143 26.12612 -0.28561 -0.56323 -0.77537 e
263.30301 72.53972 -0.88247 0.46464 0.07318 e
263.68376 73.21332 -0.50635 -0.72984 -0.45929 e
264.52469 27.09227 0.95159 -0.28172 -0.12295 e
265.00828 25.73406 0.73670 -0.62434 0.25976 e
265.15281 38.91156 0.73316 0.34510 -0.58599 e
265.82893 42.66370 -0.60023 -0.72094 -0.34637 e
266.46305 41.76911 0.94851 -0.31194 -0.05493 e
267.46055 16.01915 0.08877 -0.34113 0.93582 e
269.56419 72.76304 -0.95838 0.13084 -0.25374 e
269.79428 30.81149 -0.36900 -0.92249 -0.11334 e
270.25986 50.16638 0.97154 0.18735 0.14497 e
271.26961 29.77431 0.86128 0.17444 -0.47725 e
271.31632 77.39778 0.92061 0.19774 0.33672 e
272.18666 43.20807 0.02911 -0.97812 0.20602 e
272.45781 39.43626 -0.75719 -0.45499 -0.46867 e
272.47070 43.81274 0.02573 -0.31998 -0.94708 e
272.83703 58.72365 -0.67450 0.71115 0.19830 e
273.03528 75.62430 -0.02238 -0.46852 -0.88317 e
273.36163 31.65522 -0.77026 0.04865 -0.63587 e
273.51134 81.21669 0.88440 -0.07417 0.46080 e
274.85860 42.91641 0.65714 -0.55199 -0.51329 e
275.59791 44.62127 0.20964 0.97308 0.09578 e
275.71111 31.08738 0.15067 0.39975 -0.90415 e
276.36336 21.13006 -0.07764 0.99474 0.06684 e
277.04657 29.06380 0.16126 0.44089 0.88296 e
277.11398 41.17689 -0.57506 0.64542 0.50274 e
277.97478 67.56400 -0.40555 -0.81196 -0.41982 e
279.03984 47.35821 0.98964 0.13152 -0.05750 e
279.26411 22.78267 0.24710 -0.56409 0.78787 e
279.67344 83.89073 0.58435 0.37041 0.72203 e
280.03158 47.38590 0.78372 0.05123 0.61899 e
280.15022 45.23513 -0.01470 0.96821 0.24971 e
280.46677 50.69829 0.42153 0.90564 0.04606 e
280.65773 77.29658 -0.37550 -0.31264 -0.87250 e
281.59776 75.77221 0.28074 -0.37835 -0.88207 e
281.78228 29.81845 -0.36816 -0.87821 -0.30529 e
281.81713 20.42110 0.29660 0.67032 -0.68023 e
283.14136 55.11236 0.54513 -0.19739 -0.81478 e
283.42355 37.56008 -0.90758 0.19871 -0.36987 e
285.26575 62.15100 0.32622 0.42371 -0.84501 e
285.80910 52.41664 -0.84282 -0.47496 -0.25311 e
285.91274 45.73924 -0.88547 0.15875 -0.43675 e
286.82150 31.27336 -0.92081 0.27290 0.27864 e
286.99395 78.26084 0.33618 0.82495 -0.45436 e
287.40510 37.50342 -0.40285 0.34900 -0.84612 e
287.68220 49.28603 -0.64918 0.26499 -0.71298 e
288.00459 44.40888 -0.27608 0.91436 -0.29620 e
288.76505 37.27177 -0.79824 -0.37198 -0.47376 e
288.98497 51.39037 0.12769 -0.99075 0.04593 e
289.10771 49.00930 -0.25012 0.88041 -0.40288 e
289.52848 48.58116 -0.80948 0.07899 -0.58181 e
289.90897 66.45947 -0.44445 -0.83956 -0.31242 e
291.10330 74.75486 0.11002 -0.22047 -0.96917 e
291.67678 19.23146 0.07289 -0.99450 0.07521 e
291.79399 32.91169 -0.69093 0.66020 -0.29454 e
293.59927 65.10325 -0.78531 -0.61695 0.05154 e
293.61512 48.44992 0.23780 -0.89838 0.36927 e
294.10284 74.36598 0.56263 0.54601 -0.62074 e
295.08963 83.31030 -0.14709 -0.37332 -0.91597 e
295.18921 39.70150 0.92592 -0.08141 -0.36884 e
295.85958 25.99043 -0.20606 -0.95109 0.23013 e
296.43557 64.80572 0.83149 0.33027 -0.44670 e
297.23276 29.51274 -0.56546 0.49563 -0.65925 e
298.70730 70.42340 -0.10220 -0.42034 -0.90159 e
299.87767 69.74834 0.02394 -0.33257 -0.94277 e
300.02179 74.22302 0.80239 0.55732 -0.21347 e
301.07566 40.55290 0.32848 -0.14697 -0.93301 e
301.94592 63.91769 -0.55222 -0.67744 -0.48592 e
302.20954 44.82034 0.06259 0.26693 -0.96168 e
302.49785 25.73952 -0.52705 -0.53504 0.66027 e
303.59495 30.20185 -0.40612 -0.55901 -0.72289 e
303.95285 48.64504 -0.22310 -0.95747 0.18296 e
304.18200 69.09342 -0.89297 -0.16484 -0.41884 e
304.79386 31.05757 0.19131 -0.89566 0.40149 e
305.16316 77.64047 0.07790 -0.99504 -0.06183 e
305.23962 55.31381 -0.93374 0.28876 -0.21152 e
306.35329 51.68387 -0.63856 0.45989 -0.61704 e
306.63569 57.16046 0.72542 0.41839 -0.54656 e
306.85108 63.76834 -0.61122 -0.55658 -0.56269 e
308.32760 70.62364 -0.72007 0.36156 0.59226 e
309.76035 18.40282 0.86468 0.39820 -0.30622 e
310.03957 51.34382 -0.19862 -0.66305 -0.72175 e
310.14653 51.19704 0.21575 0.74828 -0.62731 e
310.45287 70.46374 0.71353 -0.21680 -0.66624 e
311.48977 79.19427 -0.42661 0.23252 -0.87403 e
311.62527 48.73028 0.46784 -0.76960 -0.43457 e
311.92849 45.75259 -0.18589 -0.47753 -0.85873 e
312.41625 30.87946 0.77103 0.48496 -0.41271 e
312.41751 30.38213 0.58990 0.11947 -0.79859 e
312.53913 68.02348 0.38448 0.58467 -0.71437 e
313.49202 37.93740 -0.19053 -0.96977 -0.15249 e
316.71983 51.29545 -0.65526 -0.05368 -0.75349 e
316.90890 35.23342 -0.11282 0.81504 -0.56832 e
317.77889 35.96161 -0.79658 -0.53579 -0.27998 e
318.11503 50.55738 -0.89460 0.36904 -0.25201 e
318.82045 61.17990 -0.76165 0.64199 0.08796 e
319.12140 68.21926 -0.76623 -0.17726 -0.61764 e
319.55667 79.96919 -0.02230 0.99632 0.08270 e
319.85544 65.42565 -0.38259 -0.88402 -0.26859 e
320.09001 53.53699 -0.53845 -0.10333 -0.83630 e
320.42100 37.22883 0.61576 -0.75507 -0.22519 e
320.70936 81.16421 0.07177 0.77108 0.63268 e
320.85720 47.68349 0.13243 0.59131 -0.79550 e
320.89650 20.55032 -0.10800 -0.71039 -0.69547 e
321.49659 40.29753 -0.64640 0.29483 -0.70374 e
322.41914 43.30567 -0.04376 0.87778 -0.47706 e
322.74314 64.88944 -0.26188 -0.82100 -0.50733 e
322.78817 48.18815 -0.53178 0.84666 -0.01941 e
323.62785 82.77476 0.80839 -0.32889 -0.48820 e
323.82772 38.29666 -0.20275 0.89887 -0.38848 e
325.19945 60.37495 -0.52391 0.07780 -0.84821 e
325.83766 41.18479 -0.53238 -0.36041 -0.76595 e
326.28624 48.59136 0.01257 0.44735 -0.89427 e
326.33485 75.62701 -0.99452 0.00986 -0.10410 e
326.42161 71.37433 0.43547 -0.88256 -0.17734 e
326.78728 77.48960 0.55769 0.01623 -0.82989 e
327.88851 58.47236 0.85598 0.48076 -0.19018 e
328.98824 81.91851 -0.64719 -0.24419 -0.72216 e
329.80083 50.23030 -0.95966 -0.11273 0.25759 e
329.85790 32.84077 0.48301 -0.37393 0.79175 e
329.94276 59.41030 -0.97073 -0.23991 0.01161 e
330.26049 42.58642 -0.21386 -0.87674 -0.43080 e
330.44663 82.39690 0.17739 0.48855 -0.85432 e
330.56831 19.84571 0.02839 -0.74999 0.66084 e
331.08610 19.49699 0.91904 0.30922 0.24443 e
332.02456 31.94577 0.29451 -0.80304 0.51806 e
332.60371 64.42987 -0.00800 0.78775 -0.61595 e
333.13452 57.29018 0.29816 0.44247 -0.84577 e
333.84236 63.13192 -0.44580 0.26092 -0.85626 e
334.64486 64.35003 0.84485 -0.49346 -0.20668 e
335.00588 40.65836 0.91333 0.40509 0.04160 e
335.04734 38.04871 0.48171 0.87619 -0.01546 e
335.21648 19.03345 -0.75574 0.42960 0.49427 e
335.24507 77.21931 -0.07672 0.85185 0.51814 e
335.25870 49.01555 0.64299 -0.65298 0.40023 e
336.05995 66.08830 0.51296 0.50357 -0.69519 e
336.86518 48.93226 0.62899 -0.57399 -0.52431 e
337.32334 62.51234 0.63663 -0.54000 -0.55054 e
337.50237 52.24483 0.51004 -0.68031 -0.52634 e
338.36245 62.82619 0.21425 0.35167 -0.91128 e
338.94761 72.40395 -0.99365 0.11239 -0.00454 e
339.90946 45.92830 -0.68691 0.72384 0.06484 e
340.89289 55.73679 0.32096 0.60771 -0.72641 e
341.04850 34.48182 0.84430 0.02832 -0.53512 e
341.08858 24.89968 -0.92431 0.17633 0.33848 e
341.09703 61.31981 -0.90666 0.22322 -0.35796 e
341.13465 84.12057 0.92140 0.07561 -0.38118 e
341.76292 34.83246 0.33320 0.94102 -0.05890 e
342.54555 55.56433 -0.14378 0.33898 -0.92974 e
342.66699 31.60965 -0.53839 0.55946 -0.63019 e
342.99044 47.77734 0.63180 -0.74932 -0.19837 e
344.21567 38.35237 -0.75549 -0.10686 -0.64638 e
344.85489 46.64273 0.09330 0.76231 0.64046 e
345.99877 52.84850 0.74541 0.02229 -0.66623 e
346.34891 15.20858 -0.22703 -0.33357 -0.91498 e
347.14159 71.72139 -0.26557 0.61327 -0.74389 e
347.50005 50.84249 -0.46682 0.84468 -0.26192 e
348.36159 72.52281 -0.86582 -0.31966 -0.38493 e
349.33814 26.45638 0.61858 -0.49631 -0.60913 e
350.85721 34.21271 0.69369 -0.57670 -0.43152 e
351.60905 61.70298 -0.07775 -0.47860 -0.87459 e
351.72527 41.35691 0.43033 0.89909 -0.08031 e
352.61698 64.48987 -0.39401 0.60606 -0.69097 e
352.84402 79.45941 0.24022 0.78219 -0.57486 e
352.95159 12.62862 0.89442 -0.24863 -0.37174 e
353.09370 67.32488 -0.73384 0.36478 -0.57308 e
354.02841 51.47720 -0.39621 -0.85600 -0.33207 e
354.10150 20.49744 -0.41596 -0.70794 -0.57079 e
354.34375 60.29578 0.47910 -0.70299 -0.52561 e
354.41362 27.60340 0.31943 0.54569 -0.77472 e
355.64468 33.10835 0.94980 0.04613 -0.30943 e
356.15663 46.83972 0.43490 -0.69038 -0.57813 e
357.31814 62.90351 -0.01494 -0.61687 -0.78692 e
358.02264 41.60249 0.42703 0.61808 -0.66002 e
359.51216 64.49353 0.17119 -0.03431 -0.98464 e
360.10178 48.58865 0.21884 -0.00447 -0.97575 e
360.76642 46.78890 0.55912 -0.19535 -0.80574 e
361.81075 74.64220 0.67907 0.57933 -0.45082 e
363.43233 59.50024 -0.94229 -0.25867 0.21257 e
363.47614 18.39884 -0.05876 0.43145 -0.90022 e
363.47671 35.84915 -0.61406 -0.09481 0.78354 e
363.70799 65.74102 0.52614 0.84610 0.08535 e
363.71468 21.15509 0.19843 0.32968 -0.92300 e
364.76213 58.71281 -0.13317 0.42474 -0.89547 e
365.62943 58.61183 0.98762 -0.10480 0.11670 e
366.86267 36.82098 -0.30971 0.33194 -0.89101 e
367.19482 17.51372 -0.15441 -0.19200 -0.96917 e
368.47310 47.24333 0.32534 -0.51937 -0.79020 e
369.78537 32.18083 0.55037 -0.81893 -0.16264 e
370.13786 33.24620 -0.68051 0.02725 -0.73223 e
371.76843 47.24538 -0.48493 0.34033 -0.80562 e
372.56377 61.85617 -0.29830 0.62068 -0.72510 e
373.07239 30.27530 0.85995 -0.08175 0.50379 e
377.82925 30.39673 -0.47301 0.81939 -0.32381 e
379.66201 63.96996 0.03041 0.11853 -0.99248 e
381.27935 48.40955 0.82248 0.36670 -0.43482 e
388.10223 74.77916 -0.94057 0.07176 -0.33193 e
392.81002 14.98772 0.61300 0.28320 0.73759 e
393.14921 40.41777 0.38830 0.01846 0.92135 e
403.22420 55.60004 -0.44750 -0.59389 -0.66860 e
412.88086 38.40864 0.97606 -0.17983 -0.12237 e
413.01806 29.55189 -0.56730 -0.40880 -0.71488 e
413.39943 40.82413 0.97891 0.19973 -0.04304 e
414.37577 28.32476 -0.20171 0.58497 -0.78557 e
415.34000 8.41602 -0.21467 0.16869 -0.96201 e
416.39696 29.07668 -0.80724 -0.58115 0.10310 e
421.85466 43.22235 -0.25862 -0.93944 0.22490 e
422.84642 68.16786 0.04921 -0.80615 -0.58965 e
424.06294 15.77110 -0.38488 0.66129 0.64386 e
424.26722 25.63366 -0.44102 -0.03445 -0.89684 e
424.83208 29.46114 0.98770 -0.03284 0.15288 e
432.59206 65.40611 -0.44718 0.87713 -0.17513 e
434.03452 47.36060 0.59441 0.37615 -0.71077 e
439.55955 43.37964 -0.75088 0.40070 -0.52499 e
442.05272 45.07962 -0.54263 0.74823 -0.38172 e
443.76139 76.73918 0.40752 0.57094 -0.71271 e
443.83487 34.89789 -0.74100 -0.67089 -0.02874 e
496.10119 18.01684 -0.54309 -0.35015 0.76318 e
515.77484 30.47491 -0.12199 -0.24398 -0.96208 e
519.84780 14.99737 -0.65042 -0.75955 0.00591 e
525.34328 21.67065 -0.19728 -0.97983 0.03187 e
527.80816 22.15123 0.55694 0.08406 -0.82629 e
560.21886 28.87275 -0.95873 -0.28226 -0.03424 e
589.34028 24.38776 0.19099 0.43504 -0.87992 e
613.19423 41.91659 0.35635 0.89911 -0.25418 e
623.71880 35.77690 -0.76092 0.64285 -0.08794 e
668.93920 40.68688 -0.46664 -0.86726 -0.17352 e
672.84948 44.98595 -0.25053 -0.75626 -0.60440 e
689.52223 21.25058 0.22184 -0.74154 -0.63317 e
804.68921 17.44146 -0.66025 -0.74656 -0.08202 e
825.28344 22.58740 0.91489 -0.39820 0.06644 e
881.81533 33.88525 -0.99257 0.11588 0.03715 e
922.33622 26.67582 -0.46801 -0.52177 -0.71325 e
954.10106 39.43604 -0.36988 -0.72555 -0.58032 e
962.16803 23.57868 0.52729 0.17672 -0.83111 e
1020.90773 22.10931 -0.51296 0.03618 0.85765 e
1119.87612 17.21561 -0.45385 -0.10692 -0.88464 e
1163.40803 23.76764 -0.17820 -0.35579 -0.91742 e
1178.10205 11.40256 -0.58160 -0.64796 -0.49183 e
1189.21340 17.71321 0.95294 -0.21173 -0.21695 e
1206.42498 28.02663 0.42699 0.16083 0.88984 e
1241.45389 31.06451 0.50966 0.67598 0.53226 e
1250.80514 12.09019 0.59206 -0.67783 0.43590 e
1308.80937 29.79976 0.56152 0.39867 -0.72509 e
1370.87726 29.29145 0.68094 -0.61161 0.40282 e
1372.19838 11.00956 0.05496 -0.94332 -0.32729 e
1434.17595 23.86249 0.84445 -0.19894 0.49732 e
1624.12667 38.82498 -0.48794 -0.66770 -0.56221 e
1664.95661 42.42002 0.10085 0.80458 0.58522 e
1675.80179 21.76406 -0.22844 0.28162 0.93194 e
1682.75446 20.46865 0.85269 0.51888 0.06075 e
1743.87371 15.86784 0.14767 -0.06430 -0.98694 e
1776.35477 21.22855 0.26990 0.02129 -0.96265 e
1784.48607 78.36894 0.06545 -0.64764 -0.75913 e
1817.42191 38.82940 0.70424 0.27611 -0.65407 e
1862.97642 27.80535 -0.85591 0.33678 -0.39243 e
1891.36468 28.40060 -0.28229 0.10036 -0.95407 e
1902.44553 33.93081 0.67475 -0.04297 -0.73680 e
1944.45437 14.85575 -0.29466 0.80914 0.50840 e
1992.07773 26.05797 0.20239 0.95382 -0.22195 e
2013.09992 36.97149 -0.20889 0.03929 -0.97715 e
2086.59593 52.70341 0.07085 0.82659 -0.55832 e
2284.45164 36.58717 0.38409 0.70310 0.59844 e
2467.05400 20.05853 0.72594 0.38925 -0.56701 e
2583.11065 37.23013 -0.13217 -0.59371 -0.79375 e
2699.66303 40.46270 0.22110 -0.62181 -0.75131 e
2745.78132 19.86540 0.63622 -0.28525 -0.71683 e
2832.94719 19.17273 -0.88493 -0.13106 -0.44690 e
2854.12045 32.31832 0.03848 0.92957 -0.36662 e
3059.60492 19.34691 -0.49244 -0.31926 0.80968 e
3096.23262 30.51878 0.09166 -0.95872 -0.26919 e
3102.12227 15.30902 0.52240 0.06793 -0.84999 e
3225.77664 40.91676 0.10314 0.08580 -0.99096 e
3237.09835 33.79997 -0.93154 0.35019 0.09796 e
3271.23309 22.89740 0.34531 -0.74897 0.56551 e
3352.31301 8.93244 -0.61652 0.52802 -0.58403 e
3506.72767 17.67809 -0.71454 0.16053 -0.68093 e
3879.72168 8.31337 0.95005 0.15900 0.26855 e
3955.11202 19.34133 0.14518 0.45763 0.87721 e
4330.36065 16.74698 -0.71608 -0.26406 -0.64615 e
4440.22295 15.62055 0.35485 -0.85757 -0.37236 e
4588.63797 32.20098 -0.26062 0.04911 0.96419 e
4667.43444 11.19246 0.91119 -0.39404 0.12029 e
4714.78454 14.21721 0.28088 -0.95244 0.11814 e
4873.95512 29.66552 -0.39282 0.83441 -0.38659 e
5079.22707 25.28494 0.39060 -0.24629 0.88700 e
5397.15113 17.63314 -0.22017 0.97502 -0.02920 e
5820.45016 19.50781 -0.00422 0.97056 -0.24083 e
5879.29847 24.18773 -0.92338 -0.38334 -0.02055 e
5945.33656 15.75472 0.88119 -0.05673 -0.46935 e
6249.65536 15.58325 0.92562 0.35262 -0.13747 e
6386.51232 16.30835 0.19028 -0.81203 0.55172 e
6573.55269 30.33018 0.27608 -0.24614 -0.92908 e
6660.57039 31.86586 0.39021 0.21262 -0.89584 e
6816.04745 30.99905 0.50413 -0.71590 -0.48305 e
6935.88754 21.65917 -0.36975 -0.26198 -0.89143 e
7589.21366 27.01913 0.43364 0.48209 0.76128 e
7620.03899 19.30645 -0.47656 -0.70614 -0.52369 e
8467.91918 21.46342 0.19822 0.17203 0.96494 e
8739.64303 17.71396 -0.38790 0.68726 0.61417 e
9094.52506 22.98289 -0.74546 0.56742 -0.34976 e
9749.63272 14.89777 -0.64124 0.65947 0.39232 e
11149.16534 27.50380 -0.81191 -0.47058 0.34548 e
12752.91364 43.90600 -0.68457 0.72670 0.05724 e
13552.97159 17.34424 0.08287 0.90171 -0.42432 e
17705.65153 15.30052 -0.40108 -0.33692 -0.85183 e
19201.01536 44.21876 -0.51041 0.47494 -0.71687 e
19816.08430 9.48095 -0.54470 0.04265 0.83755 e
