17.22946 82.41714 0.36450 0.53996 -0.75867 eb
17.77580 69.73701 0.17480 -0.71293 -0.67910 eb
17.97736 19.67316 0.23167 0.86402 -0.44698 eb
18.22989 53.76366 -0.85908 -0.00193 -0.51184 eb
18.49912 62.55279 0.06735 -0.91136 -0.40606 eb
18.72947 55.97915 -0.61217 0.57820 -0.53937 eb
18.80782 68.39144 0.44206 0.74677 -0.49691 eb
19.09009 68.54293 0.63207 0.54342 -0.55243 eb
19.25047 60.80913 -0.36379 0.50271 -0.78418 eb
19.54993 81.59734 -0.44178 0.82196 -0.35946 eb
20.03818 58.63391 0.99703 -0.02883 -0.07142 eb
20.68372 74.42507 0.65191 -0.44513 -0.61390 eb
21.12004 36.34290 0.40897 -0.91255 0.00134 eb
21.30540 41.93059 -0.80330 -0.39059 -0.44961 eb
21.47744 55.13083 0.92396 -0.25188 0.28785 eb
21.48411 85.78768 -0.98264 0.07552 -0.16945 eb
21.76551 33.83780 0.63270 0.34798 -0.69181 eb
21.77336 26.37677 0.46380 -0.32537 0.82403 eb
21.77630 72.23598 0.92299 0.31954 -0.21443 eb
22.50869 58.78058 -0.52197 0.55098 -0.65113 eb
22.83696 84.60218 -0.46789 -0.40606 -0.78498 eb
22.83825 42.63945 -0.40490 0.82258 -0.39928 eb
22.86086 81.99447 0.09766 -0.85827 0.50383 eb
22.91833 88.36219 0.76814 -0.63893 0.04169 eb
23.21464 70.39647 -0.56745 -0.67354 -0.47364 eb
23.49143 74.55081 -0.86398 -0.10301 -0.49287 eb
23.67725 15.35517 0.38080 -0.49729 -0.77954 eb
23.94190 50.48005 -0.80905 -0.58221 -0.08046 eb
24.37436 64.99908 -0.52452 -0.53768 -0.66014 eb
24.94591 87.28355 -0.58446 0.74360 0.32474 eb
25.50454 69.23261 -0.90956 -0.16370 0.38198 eb
25.53625 18.07327 0.12061 -0.08563 0.98900 eb
26.03507 77.89134 0.79272 -0.50639 -0.33937 eb
26.34299 15.11028 0.32328 0.32125 -0.89010 eb
26.42065 36.35303 0.34476 0.91284 -0.21880 eb
26.66915 65.86338 0.06068 0.91602 -0.39652 eb
26.82593 36.04170 0.78785 0.41404 -0.45593 eb
27.31655 76.52919 -0.57407 0.80685 0.13939 eb
27.36830 61.18632 0.65349 0.30506 -0.69274 eb
27.64501 74.76504 -0.69875 0.35395 -0.62167 eb
27.66988 60.79734 -0.46140 0.69030 -0.55730 eb
27.71458 44.22505 -0.49073 -0.86839 -0.07132 eb
27.91911 19.09094 -0.69794 -0.24470 -0.67306 eb
28.22614 38.00899 0.34541 -0.64211 0.68439 eb
28.27653 85.51826 0.66905 -0.37078 -0.64413 eb
28.35718 43.77910 -0.19368 0.01328 -0.98097 eb
28.75556 49.62093 -0.83669 -0.22859 0.49770 eb
28.76605 86.36397 0.18240 0.98195 -0.05010 eb
29.32285 62.85751 -0.51103 0.65685 -0.55443 eb
29.77161 22.53222 -0.93217 -0.19352 0.30596 eb
31.18534 51.80528 -0.87891 -0.18218 -0.44082 eb
31.21247 13.35312 -0.89737 0.41338 -0.15440 eb
31.30290 60.75089 -0.26286 -0.59886 -0.75649 eb
31.75256 20.54560 0.77011 0.27949 0.57342 eb
31.81275 69.50493 -0.43974 0.77385 0.45583 eb
32.37264 67.62028 -0.02283 -0.59488 0.80349 eb
32.61945 28.03576 -0.05463 -0.99249 0.10944 eb
32.69867 62.64816 -0.40323 0.47063 -0.78480 eb
32.83304 44.52855 0.23879 -0.65946 -0.71280 eb
32.92927 22.00707 0.67694 0.39712 -0.61972 eb
33.05412 61.08985 0.48679 -0.49263 -0.72135 eb
33.27598 36.13388 -0.77377 0.58979 -0.23113 eb
33.55755 54.81411 -0.35542 -0.24576 -0.90182 eb
33.63298 69.68710 -0.28835 -0.50436 -0.81392 eb
33.67807 42.65680 0.14332 -0.18066 -0.97305 eb
34.04216 70.42420 0.11548 0.17442 -0.97788 eb
34.10093 53.26929 -0.95785 -0.24214 0.15453 eb
34.24455 31.69621 -0.60072 -0.73634 0.31137 eb
34.26598 57.68542 -0.91185 -0.34724 0.21898 eb
34.37494 65.73651 0.75272 0.39024 0.53022 eb
34.60356 55.73637 -0.91597 -0.06973 -0.39515 eb
34.66632 46.79125 -0.16498 0.39244 -0.90486 eb
34.92273 35.24645 -0.87777 0.47784 0.03450 eb
34.97225 37.76609 0.90001 0.16422 -0.40374 eb
34.99210 85.08602 -0.93345 0.32546 -0.15081 eb
35.21393 41.22643 -0.20901 -0.61157 -0.76308 eb
35.24040 50.58635 -0.06240 -0.18227 -0.98127 eb
35.47225 74.78997 0.32934 0.72318 0.60708 eb
35.48311 78.43887 -0.21237 0.36114 -0.90801 eb
35.52643 50.20306 0.12579 -0.98718 -0.09823 eb
35.65048 88.28299 0.99565 0.07967 -0.04830 eb
35.87185 38.22021 -0.10237 0.92344 -0.36984 eb
35.94281 40.02764 -0.17612 0.16402 -0.97061 eb
36.78996 29.54824 -0.68244 -0.67514 -0.28011 eb
37.12498 63.56759 -0.86505 -0.21561 -0.45300 eb
37.13462 77.09615 -0.56547 -0.00349 -0.82476 eb
37.18043 59.88494 0.76940 -0.20398 0.60532 eb
37.37955 88.08590 0.39982 -0.76151 -0.51015 eb
37.86032 79.72582 0.95504 0.18006 -0.23553 eb
38.10069 17.62318 0.04514 0.99633 0.07274 eb
38.67438 47.43298 -0.09053 0.24137 -0.96620 eb
38.87607 58.10372 -0.64712 0.65756 -0.38582 eb
38.97291 27.54715 -0.38301 0.91486 0.12782 eb
39.01393 76.47972 0.27944 -0.68647 -0.67131 eb
39.13553 36.02852 0.21013 0.88968 -0.40537 eb
39.41981 33.66043 -0.82400 -0.43100 -0.36777 eb
40.38860 60.98772 -0.76854 0.52807 -0.36122 eb
40.40719 63.36432 0.75516 0.23711 -0.61115 eb
40.43078 63.05719 0.97774 -0.16897 -0.12438 eb
40.69498 42.00664 0.30717 0.21113 -0.92794 eb
40.74595 54.98957 -0.24317 -0.94625 0.21325 eb
40.81236 57.30787 0.30301 0.94322 0.13606 eb
41.22701 71.19369 -0.84591 -0.48857 0.21386 eb
41.40816 65.15093 -0.92429 -0.38161 -0.00831 eb
41.84316 25.04321 -0.64487 -0.39865 -0.65209 eb
41.90294 81.47195 0.89414 -0.37054 0.25143 eb
41.90834 21.14230 0.25160 -0.61289 0.74904 eb
41.98542 44.25388 -0.79839 -0.60166 -0.02414 eb
42.08489 79.58746 0.95768 -0.11530 -0.26374 eb
42.21949 32.83263 -0.26428 -0.96427 0.01853 eb
42.22977 48.57065 0.48123 0.85337 0.20042 eb
42.56112 38.43538 -0.11235 0.75817 0.64231 eb
42.87368 39.99689 0.77598 0.50140 -0.38268 eb
43.21076 63.76552 -0.09444 -0.44003 -0.89301 eb
43.28937 50.36683 0.36827 -0.47380 -0.79993 eb
43.43705 82.97275 -0.30777 0.79271 -0.52621 eb
44.00726 76.06519 -0.38857 0.55141 -0.73822 eb
44.05303 47.82896 -0.48411 -0.11912 -0.86686 eb
44.12752 62.16741 0.54928 0.51239 -0.66011 eb
44.28009 51.44504 -0.81069 0.13159 -0.57049 eb
44.33221 52.88384 0.70399 0.37238 -0.60475 eb
45.02209 41.89280 0.05333 -0.22502 -0.97289 eb
45.06879 70.05732 0.83294 0.22485 -0.50562 eb
45.15732 18.94671 0.95108 -0.03302 -0.30717 eb
45.26018 13.76985 -0.45283 -0.82861 0.32917 eb
45.52377 27.71523 0.60451 0.40954 -0.68326 eb
45.87977 86.44620 -0.83678 0.31584 0.44727 eb
46.10386 81.21691 0.67984 0.73298 -0.02364 eb
46.38121 81.71590 0.75950 -0.41867 -0.49786 eb
46.38782 55.43773 -0.70586 0.02710 -0.70783 eb
46.43732 55.31679 -0.54831 -0.26698 -0.79252 eb
46.88074 66.81073 0.21310 -0.53894 0.81494 eb
46.88712 31.77344 -0.58395 0.65955 -0.47328 eb
47.11497 32.00738 0.83524 -0.24072 0.49439 eb
47.19379 61.11282 -0.84107 -0.52253 -0.13990 eb
47.41386 85.99930 0.30198 -0.83256 -0.46438 eb
47.86160 76.30169 -0.52687 -0.81422 -0.24385 eb
48.03813 56.04903 -0.45602 0.86848 -0.19440 eb
48.42421 53.84706 0.73903 0.65691 -0.14936 eb
48.53032 50.57557 -0.27151 -0.87441 0.40211 eb
48.75319 47.95103 -0.28586 0.52895 0.79906 eb
48.79764 80.68587 0.31361 0.16360 -0.93535 eb
48.80689 55.58979 -0.15334 0.20280 -0.96714 eb
48.87375 74.49529 -0.57194 0.35300 0.74045 eb
48.88754 46.67060 -0.19881 0.82929 0.52225 eb
48.93630 39.02859 0.50921 -0.39632 -0.76396 eb
49.38380 57.76456 0.86806 0.42333 -0.25936 eb
49.88338 88.53692 0.68117 0.25809 -0.68512 eb
49.90820 30.40547 0.23219 0.96674 -0.10728 eb
50.16175 76.15627 -0.59681 0.24059 -0.76547 eb
50.39847 86.10256 0.34071 -0.46751 -0.81569 eb
50.60643 60.63633 -0.78816 0.42836 -0.44194 eb
50.67609 74.67864 0.04696 0.38171 -0.92309 eb
50.68683 71.00445 0.18095 0.72610 -0.66335 eb
50.75302 42.97773 -0.61669 0.26590 -0.74094 eb
51.13045 85.98951 0.25716 -0.54776 -0.79613 eb
51.13462 66.91521 0.89872 -0.43608 -0.04622 eb
51.13910 22.50857 0.31324 -0.93545 0.16376 eb
51.16341 42.51681 -0.41300 -0.79797 -0.43894 eb
51.17707 28.06204 -0.28789 0.86583 0.40921 eb
51.56549 53.78956 0.33361 -0.84327 -0.42142 eb
51.64421 6.93241 -0.48992 0.50807 0.70841 eb
51.65318 17.93357 -0.62142 0.42993 0.65498 eb
51.77099 81.53270 -0.55220 -0.44499 -0.70502 eb
51.90985 29.34923 -0.31274 0.88556 -0.34349 eb
52.07518 80.19769 -0.82543 -0.42420 -0.37245 eb
52.61387 59.94337 -0.24386 0.37060 -0.89621 eb
52.75337 29.95937 0.75889 0.36040 -0.54240 eb
52.76144 63.37252 -0.07816 0.72341 0.68598 eb
52.88549 64.71579 0.00812 -0.99693 -0.07784 eb
52.93856 87.41546 -0.05154 0.99854 -0.01593 eb
52.99124 66.23388 0.31849 0.93615 -0.14897 eb
53.46509 83.78021 0.50780 -0.80942 0.29494 eb
54.20147 78.43381 0.00120 0.58115 -0.81379 eb
54.54138 28.54453 0.89318 -0.43534 0.11277 eb
54.59614 14.45240 -0.52029 0.50273 0.69033 eb
54.66132 78.35452 0.12945 0.90512 -0.40498 eb
54.90469 76.63027 0.21476 0.77017 -0.60060 eb
55.00644 65.30274 0.13164 0.71705 -0.68447 eb
55.05988 57.00672 -0.91832 0.39248 0.05144 eb
55.20908 85.03018 0.77017 0.30850 -0.55827 eb
55.56330 59.33051 -0.90779 0.41397 0.06747 eb
55.57304 73.36865 -0.25825 0.67135 -0.69469 eb
56.04800 76.40507 -0.77944 0.61026 0.14160 eb
56.14730 52.10502 -0.61043 0.79061 -0.04819 eb
56.30717 72.20823 0.12265 -0.48411 -0.86637 eb
56.96097 48.41817 -0.29925 -0.67808 -0.67130 eb
56.99729 46.63455 0.11932 -0.93934 -0.32156 eb
57.11521 42.66044 -0.98601 -0.12418 -0.11119 eb
57.87900 49.42479 0.26328 -0.95896 0.10526 eb
57.99953 8.63531 -0.89668 0.03634 0.44119 eb
58.01666 26.85992 -0.35577 0.29305 -0.88744 eb
58.27991 74.68300 -0.96263 0.24993 -0.10429 eb
58.39535 60.64798 0.84277 -0.07172 -0.53348 eb
58.73347 49.72570 -0.04768 0.59849 0.79971 eb
58.91803 65.55423 0.94637 -0.04392 0.32008 eb
59.01522 41.91881 0.08341 0.51298 -0.85434 eb
59.01662 85.10441 0.70598 0.47138 0.52858 eb
59.15627 78.18831 0.63847 -0.66904 -0.38044 eb
59.28097 66.31828 -0.04066 -0.83608 -0.54710 eb
59.32837 55.42861 -0.17038 0.62465 -0.76209 eb
59.42869 54.50471 0.22994 0.50494 -0.83196 eb
59.43022 35.63958 -0.52831 0.78677 -0.31919 eb
59.58024 46.22244 -0.91474 -0.17955 -0.36195 eb
59.69429 43.41379 -0.10560 0.68588 -0.72001 eb
59.69999 63.27136 0.32858 -0.51344 -0.79273 eb
60.40303 33.76974 -0.39106 0.92031 -0.01003 eb
60.84006 77.76245 0.49523 -0.84438 -0.20440 eb
61.21398 58.66798 0.87088 -0.48964 0.04260 eb
61.29108 53.77233 -0.54137 0.83062 -0.13035 eb
61.50385 67.44873 0.77350 0.10552 0.62495 eb
61.71050 38.23431 -0.15890 0.18329 -0.97013 eb
61.94995 44.68681 -0.05058 0.56914 -0.82068 eb
62.24754 21.60633 -0.84450 -0.28477 -0.45357 eb
62.96992 63.26522 -0.58550 -0.62463 -0.51675 eb
63.06388 55.24885 -0.81859 0.52968 0.22214 eb
63.34832 72.30287 0.59512 -0.79773 -0.09729 eb
63.43650 29.94810 -0.63470 0.76052 0.13699 eb
63.71302 27.78640 -0.21523 0.76553 -0.60633 eb
63.82913 56.59212 -0.98158 -0.16734 -0.09220 eb
63.85593 51.87412 -0.46292 0.17359 -0.86924 eb
65.52931 87.16753 0.70492 -0.04766 -0.70768 eb
65.57554 72.93587 -0.38000 0.06988 -0.92234 eb
65.62151 7.83582 0.20667 -0.18445 0.96087 eb
65.83805 69.31233 0.40563 -0.90558 0.12406 eb
66.06894 46.53605 0.71480 0.64825 0.26236 eb
66.12534 43.04199 0.58934 0.50034 -0.63431 eb
66.34587 70.17720 -0.51084 0.83209 -0.21602 eb
66.82372 61.73431 -0.11799 0.97575 0.18436 eb
66.89017 26.44540 -0.51126 -0.09789 -0.85384 eb
67.06225 55.36895 -0.69408 0.34327 -0.63279 eb
67.12732 16.77632 0.96248 -0.07466 0.26089 eb
67.18348 61.74087 0.36731 0.22853 -0.90158 eb
67.43170 42.24918 0.86452 0.24692 -0.43776 eb
67.45042 16.46201 -0.99602 -0.06048 -0.06553 eb
67.84621 14.99840 -0.72616 0.54738 -0.41600 eb
67.90026 60.20550 -0.79019 -0.41153 0.45414 eb
68.05556 27.25358 0.15891 0.20500 -0.96578 eb
68.30176 23.37207 -0.91861 0.08710 -0.38545 eb
68.92036 57.02942 0.76195 0.07257 -0.64355 eb
69.15328 67.49734 -0.63258 -0.04876 -0.77296 eb
69.17032 46.25131 0.64049 -0.19774 -0.74207 eb
69.20540 23.80920 0.17927 0.64726 -0.74089 eb
69.73362 66.70422 0.05476 -0.32048 -0.94567 eb
70.35934 37.78212 0.72468 0.17771 -0.66578 eb
70.62159 77.02759 0.47105 0.10424 -0.87593 eb
70.69069 83.39621 -0.16065 0.94055 0.29926 eb
70.70546 73.25587 -0.41355 -0.02526 -0.91013 eb
70.87986 41.91938 0.75430 0.63029 0.18374 eb
71.44563 22.73140 0.74856 -0.22337 0.62431 eb
71.58581 20.55050 0.22414 -0.63417 -0.74000 eb
71.73644 53.47403 0.44866 0.70555 -0.54855 eb
71.90846 47.97999 -0.77096 0.52734 0.35713 eb
72.17014 47.39090 -0.66945 -0.72400 0.16628 eb
72.33499 36.79618 0.13231 0.72797 -0.67272 eb
72.42406 56.16137 0.47179 -0.58568 -0.65909 eb
72.44525 73.79129 0.63391 -0.29963 -0.71300 eb
72.83407 37.50836 -0.49926 -0.82549 -0.26325 eb
72.97906 38.65840 -0.69663 0.05353 -0.71543 eb
73.06666 57.54572 -0.84331 0.16629 -0.51105 eb
73.36115 36.19164 0.93956 0.26882 -0.21205 eb
73.56034 24.16145 -0.23306 0.96871 0.08536 eb
74.36671 46.46941 -0.65414 -0.75637 0.00277 eb
74.61250 21.81211 0.77747 -0.62883 -0.01072 eb
74.62140 48.07303 0.72663 -0.57255 -0.37974 eb
74.90925 71.12375 -0.90568 -0.08724 0.41490 eb
75.12578 65.70616 -0.31506 -0.89448 0.31725 eb
75.90758 49.12525 -0.47135 0.88168 -0.02194 eb
75.94054 74.46154 -0.22612 -0.68697 -0.69061 eb
76.09753 52.02593 -0.46235 -0.17203 -0.86985 eb
76.61225 56.79786 -0.54186 -0.18294 0.82032 eb
76.79973 28.03481 -0.62716 0.33598 0.70270 eb
76.96611 59.40558 -0.15834 -0.87786 -0.45199 eb
77.06488 25.37180 -0.57091 -0.42750 -0.70093 eb
77.08376 38.78210 0.08729 -0.33653 0.93762 eb
77.14877 12.34299 -0.47877 0.59823 -0.64258 eb
77.16081 50.73117 -0.13991 0.83182 0.53713 eb
77.24375 76.45221 0.91582 0.36271 -0.17236 eb
77.95187 67.53308 0.92023 0.35099 -0.17313 eb
77.97736 85.16865 0.09200 0.99001 0.10685 eb
78.05605 46.44542 0.58030 0.04118 -0.81336 eb
78.18669 63.06436 -0.47318 -0.84286 0.25629 eb
78.39994 49.76162 0.16688 0.48117 -0.86060 eb
78.49020 28.17252 -0.48053 -0.57799 0.65956 eb
78.71228 73.64158 -0.20825 -0.87624 0.43455 eb
78.87233 27.53632 0.93565 -0.32518 0.13718 eb
79.40279 46.58026 0.77181 -0.34813 -0.53208 eb
79.73755 42.21855 -0.43142 0.00227 -0.90215 eb
79.88067 59.48037 0.15137 -0.35279 -0.92338 eb
79.92850 20.14023 0.17384 -0.21542 0.96092 eb
80.15341 64.77631 0.93258 0.06795 0.35451 eb
81.39976 71.85656 0.43272 -0.74792 0.50335 eb
81.52412 33.06032 0.89012 -0.35849 -0.28138 eb
81.57715 40.75345 -0.33328 -0.55618 -0.76131 eb
81.57878 19.00285 -0.06735 0.40158 -0.91334 eb
81.86141 26.00976 0.63679 -0.71011 0.30039 eb
83.26000 75.96469 0.19636 -0.82143 -0.53543 eb
85.00866 26.36974 -0.10202 -0.21944 -0.97028 eb
85.09863 28.73157 0.28859 -0.69108 -0.66266 eb
85.19932 76.04369 -0.14353 -0.85773 -0.49366 eb
85.44043 62.48191 -0.12776 -0.90106 0.41444 eb
85.61696 87.66257 0.84484 0.53133 0.06274 eb
86.09810 60.20415 -0.47037 -0.81290 -0.34343 eb
86.21202 46.31425 0.33088 -0.17347 -0.92759 eb
86.64187 37.67005 -0.91006 -0.37315 -0.18042 eb
87.00223 52.87047 0.00428 -0.42428 0.90552 eb
87.02951 75.97837 -0.34094 -0.67890 -0.65027 eb
87.76008 19.46204 0.29824 0.82255 -0.48421 eb
88.29877 37.39451 -0.12730 0.34712 -0.92914 eb
88.97900 61.83674 -0.13139 -0.67881 0.72246 eb
89.04736 81.65250 -0.50167 0.06182 -0.86285 eb
89.05746 24.18668 -0.85602 0.34691 -0.38326 eb
89.16644 84.64101 -0.48373 0.63412 0.60324 eb
89.19004 54.13298 0.35995 0.45494 -0.81453 eb
89.25949 81.48004 -0.65068 -0.72036 0.24020 eb
89.47549 69.48572 -0.71860 0.12007 -0.68497 eb
89.57128 26.12045 -0.11254 0.81586 -0.56719 eb
89.82661 71.64359 -0.49234 0.13122 -0.86046 eb
90.46173 31.97675 -0.74194 -0.38241 0.55072 eb
91.63516 74.12779 -0.01418 -0.50574 -0.86257 eb
91.77211 87.59449 0.11742 0.98113 -0.15364 eb
92.31042 48.90587 0.52910 -0.84145 -0.10960 eb
92.65942 43.80224 -0.84235 -0.49949 0.20239 eb
93.52291 52.77287 0.92711 -0.33834 -0.16123 eb
93.79137 52.88922 -0.91011 -0.38854 0.14397 eb
93.85963 21.46502 0.88677 0.17733 0.42683 eb
94.37359 38.89925 -0.44398 -0.87830 0.17740 eb
94.56445 30.24888 0.36690 0.92465 0.10204 eb
94.82385 38.07836 0.03681 0.94096 -0.33650 eb
94.99262 37.36635 0.65909 0.47814 -0.58050 eb
95.26118 34.79368 -0.09680 -0.49649 -0.86263 eb
95.66603 25.51187 0.47763 -0.54103 -0.69221 eb
95.92955 32.44496 0.94604 -0.31248 0.08580 eb
96.24098 30.97248 0.09658 0.13956 -0.98549 eb
97.43340 36.35393 0.37421 -0.41885 -0.82737 eb
97.68874 38.29245 0.90213 0.12494 0.41298 eb
97.73996 14.88132 -0.93712 -0.18031 0.29882 eb
97.99444 51.59047 -0.00112 0.99204 0.12590 eb
98.35862 28.13497 -0.92921 0.05917 -0.36478 eb
98.65731 86.03008 0.77366 0.63294 0.02892 eb
98.74001 84.39250 -0.10617 0.99396 -0.02785 eb
99.15400 53.95115 0.87023 -0.36896 -0.32646 eb
99.56328 59.80243 -0.05796 -0.01959 -0.99813 eb
100.42896 55.60980 -0.32252 0.74447 -0.58459 eb
100.51495 41.52446 -0.92595 -0.14277 -0.34963 eb
100.83196 54.60750 0.61735 -0.40791 -0.67267 eb
100.96396 83.31431 -0.51945 -0.83540 -0.17965 eb
101.04543 32.01547 0.44241 0.89130 0.09930 eb
101.07175 66.74328 0.16172 0.70091 -0.69467 eb
101.57963 33.92360 -0.88044 -0.14765 -0.45057 eb
101.59754 37.83724 -0.89432 -0.33357 -0.29822 eb
101.70642 69.88834 -0.23010 -0.84865 -0.47629 eb
102.06112 54.69495 0.72759 -0.64084 0.24482 eb
102.40002 54.54700 -0.04573 0.22002 -0.97442 eb
102.98215 63.20748 -0.63339 0.05396 -0.77195 eb
103.09298 30.05199 0.56468 0.78763 -0.24652 eb
103.53697 48.14233 0.39388 0.28321 -0.87444 eb
103.81636 49.07273 0.90593 0.19398 -0.37639 eb
103.83134 35.64808 -0.15927 -0.67309 -0.72221 eb
103.90702 65.08564 -0.64321 0.38811 -0.66004 eb
104.83157 34.09004 -0.95167 0.28798 -0.10675 eb
104.89772 61.26390 0.88668 -0.13940 -0.44088 eb
105.03255 82.22893 -0.76248 -0.35024 -0.54402 eb
105.21579 22.11101 -0.65638 0.18342 -0.73179 eb
105.30945 47.68561 0.10367 0.17331 -0.97940 eb
105.72849 50.96194 -0.15175 -0.34034 -0.92798 eb
105.77127 9.29593 0.44505 0.10274 -0.88959 eb
106.13923 43.74210 0.96154 -0.05649 -0.26880 eb
106.42367 25.05430 -0.73455 -0.66438 0.13798 eb
106.57584 86.42997 -0.05921 -0.57432 -0.81649 eb
106.69846 20.44639 0.32648 -0.83610 -0.44086 eb
106.92577 41.77964 0.65376 0.46077 -0.60025 eb
107.04036 62.11262 -0.01397 0.92855 -0.37094 eb
107.35441 42.54765 0.70653 0.62821 0.32582 eb
107.96714 64.23253 -0.92918 0.20575 -0.30708 eb
108.46303 77.33717 0.24805 -0.20859 -0.94602 eb
108.56381 54.89293 -0.57935 0.47312 -0.66371 eb
108.71793 56.90074 -0.22096 -0.78110 -0.58401 eb
108.91657 52.39677 0.49511 -0.83425 0.24269 eb
109.24529 47.17501 0.85443 0.30514 -0.42052 eb
109.42940 42.21208 -0.56782 -0.22317 -0.79233 eb
110.41053 29.75976 0.59582 0.68972 0.41144 eb
111.62927 35.91854 -0.01958 0.43803 -0.89875 eb
113.12583 26.90965 0.22107 0.00659 -0.97524 eb
113.22723 46.76901 -0.96445 0.01262 -0.26396 eb
114.10878 76.58444 0.62988 -0.65092 -0.42374 eb
114.18134 66.24532 -0.38984 0.59810 -0.70021 eb
114.33074 30.31966 0.26766 0.90860 0.32063 eb
114.65882 72.98960 0.72049 0.67759 -0.14752 eb
114.88899 30.37605 0.32063 0.36397 -0.87448 eb
115.81241 40.64431 0.11963 -0.87719 0.46499 eb
116.21279 75.45198 -0.72651 -0.58717 -0.35696 eb
116.85178 28.90672 0.13435 -0.08647 -0.98715 eb
117.48892 26.63635 0.47018 0.12642 -0.87347 eb
117.91381 8.57373 0.57008 -0.73071 0.37559 eb
118.16142 18.72163 0.57734 0.68820 -0.43938 eb
118.37070 19.11907 -0.03344 0.61066 -0.79118 eb
119.96284 32.23254 -0.29496 -0.52304 -0.79964 eb
120.46077 24.23264 -0.46696 -0.84079 0.27389 eb
120.85671 32.47997 0.67632 -0.72018 -0.15466 eb
121.08162 79.94021 -0.17245 0.96842 0.18005 eb
121.81231 37.68565 0.34811 0.74702 -0.56638 eb
122.12819 31.50905 -0.78819 0.58246 -0.19875 eb
122.20430 67.08072 -0.06763 -0.02686 -0.99735 eb
122.37666 80.53785 -0.92619 -0.37001 0.07260 eb
122.59255 49.23418 0.30189 0.07364 -0.95050 eb
122.71827 76.34993 -0.06131 0.58633 -0.80775 eb
122.75672 25.25326 0.34182 -0.24640 0.90689 eb
122.79058 39.23711 0.96668 -0.25246 0.04227 eb
123.60049 35.13446 -0.63253 0.23179 -0.73904 eb
123.63391 62.98721 -0.09334 -0.65883 -0.74648 eb
123.87021 32.19481 0.20720 -0.92935 0.30558 eb
124.23712 51.71670 -0.64584 -0.35022 -0.67841 eb
124.46687 19.86148 0.29049 -0.80814 0.51237 eb
125.79518 58.67584 -0.42626 -0.34627 -0.83570 eb
127.32983 76.27992 -0.67202 0.73878 -0.05082 eb
127.50169 64.10653 0.92491 -0.17721 -0.33635 eb
127.60897 49.49372 0.87737 0.07533 -0.47386 eb
127.78357 15.69027 0.03054 -0.99601 0.08384 eb
127.86741 67.19121 -0.82192 0.42497 0.37927 eb
128.05683 33.16419 0.37606 -0.88347 -0.27939 eb
128.14735 35.85894 -0.27122 -0.71577 -0.64352 eb
128.20878 63.24495 0.74819 0.28049 -0.60128 eb
128.62764 57.15021 0.22290 -0.83240 -0.50738 eb
128.91017 45.58430 0.38754 -0.61884 -0.68327 eb
128.97636 48.53474 -0.04395 0.72823 -0.68392 eb
129.76578 43.11500 0.07895 -0.87951 -0.46928 eb
129.99552 35.20957 -0.81862 -0.06270 -0.57090 eb
130.37624 31.48463 0.58062 0.63725 -0.50675 eb
130.70995 60.48713 0.50900 -0.58698 -0.62958 eb
130.87269 53.17264 -0.61169 0.27686 -0.74107 eb
130.97103 57.18365 0.48858 0.81679 -0.30682 eb
132.26719 66.29263 -0.03658 -0.78087 -0.62363 eb
132.30421 29.51004 0.56734 -0.82306 0.02636 eb
132.99511 43.51112 -0.51087 -0.03791 -0.85882 eb
134.17685 45.69370 -0.79579 0.08993 0.59886 eb
134.62139 55.70801 0.83952 -0.50107 -0.21011 eb
134.63416 46.38558 -0.22626 -0.93463 0.27435 eb
135.20883 15.38874 -0.15244 -0.23633 0.95964 eb
135.61221 75.13324 0.68408 -0.68754 0.24356 eb
135.65737 13.52247 -0.83267 0.43962 -0.33675 eb
135.67338 58.41989 -0.00084 0.15534 -0.98786 eb
135.90127 26.45946 -0.28854 0.60239 -0.74423 eb
136.18067 29.17499 -0.08792 0.97555 -0.20142 eb
136.28668 31.94145 0.12817 -0.89826 -0.42035 eb
137.10484 47.53482 -0.41015 0.62491 -0.66428 eb
137.13621 20.51993 -0.41495 -0.39743 -0.81845 eb
137.19176 67.68725 0.18818 0.98027 -0.06055 eb
137.48576 37.31943 0.12473 0.98380 -0.12877 eb
137.71179 51.31560 0.60941 0.64888 -0.45560 eb
137.82189 48.19868 -0.69832 0.13069 -0.70375 eb
138.43112 31.62631 0.06497 -0.43697 -0.89713 eb
139.27182 39.75371 0.89349 -0.43226 0.12173 eb
139.82924 40.94034 0.15178 0.29983 -0.94184 eb
140.70180 38.16423 0.80782 0.52417 0.26957 eb
140.97921 21.03976 -0.51636 0.16670 0.83999 eb
141.09114 62.14378 0.90844 0.41550 0.04580 eb
142.08460 16.54423 -0.23856 -0.78322 -0.57416 eb
142.14378 34.62140 -0.25270 0.84020 0.47980 eb
142.22806 40.17317 0.60177 0.06606 -0.79593 eb
142.64516 83.74319 -0.57739 -0.39042 -0.71707 eb
142.98125 38.21860 0.43589 0.46610 -0.76990 eb
143.61847 53.60895 -0.18395 0.43327 -0.88229 eb
143.74335 38.39460 -0.88695 0.30095 0.35035 eb
143.85896 42.93155 -0.82594 0.28316 -0.48748 eb
144.87703 56.99911 0.00064 0.45022 -0.89292 eb
145.45639 65.54918 -0.94696 -0.14684 0.28586 eb
145.55574 34.46511 -0.71445 -0.42446 0.55624 eb
146.90841 69.77816 0.67543 -0.51392 -0.52886 eb
147.07383 43.02669 0.91641 -0.21997 -0.33438 eb
147.21529 84.96310 -0.75967 0.63320 -0.14819 eb
147.47061 21.60228 0.74452 -0.24366 -0.62155 eb
147.82285 64.42800 0.13089 -0.96646 -0.22098 eb
148.25661 58.67001 -0.95744 -0.22292 -0.18337 eb
148.58086 84.82021 -0.07159 0.87135 -0.48541 eb
148.81944 35.58454 -0.75342 -0.11128 0.64806 eb
149.98559 72.03247 0.34617 0.35443 -0.86864 eb
150.76714 22.37062 -0.23969 -0.07317 -0.96809 eb
150.92006 34.80499 -0.63193 0.60127 -0.48903 eb
151.12244 77.64450 0.02346 -0.04194 -0.99884 eb
151.13211 52.19388 0.36025 -0.24458 -0.90022 eb
152.11199 76.68110 -0.35026 0.88986 -0.29235 eb
152.46563 83.54685 0.83873 0.51744 -0.16968 eb
152.63932 50.11093 0.62814 -0.76792 0.12542 eb
152.74199 35.52272 -0.81189 0.43806 -0.38592 eb
152.79432 41.30204 -0.99593 -0.08182 -0.03773 eb
153.56919 66.63789 0.83252 -0.29630 0.46810 eb
153.61767 21.61441 -0.25189 -0.72907 -0.63641 eb
154.68679 31.31614 0.78179 0.53545 -0.31953 eb
155.56873 58.02330 -0.26330 -0.16323 -0.95080 eb
156.21673 85.52389 0.13964 0.84729 -0.51245 eb
156.38332 35.84004 -0.55640 0.44830 -0.69960 eb
156.58455 35.68484 0.75585 -0.42533 -0.49778 eb
157.34817 58.65503 -0.48715 0.87318 -0.01560 eb
158.15643 28.99738 0.46887 -0.85070 -0.23766 eb
158.61320 60.91872 0.39684 -0.05585 -0.91619 eb
158.78307 25.30755 0.97510 -0.02497 -0.22037 eb
159.18863 61.77371 -0.98717 0.14538 -0.06606 eb
159.95704 38.47588 -0.22696 -0.89450 -0.38518 eb
160.12542 54.07360 0.49132 -0.86154 0.12790 eb
160.88130 47.25757 -0.20678 0.72387 0.65822 eb
161.98692 30.17429 -0.88545 -0.28362 -0.36817 eb
162.58706 62.26197 -0.81691 0.16663 0.55217 eb
163.05298 31.73342 -0.96335 0.26438 -0.04542 eb
164.07207 37.12030 -0.08733 -0.54491 -0.83394 eb
164.39808 49.89776 0.57307 0.50385 -0.64631 eb
164.82127 81.88176 0.01762 0.84416 0.53580 eb
165.48862 44.38528 0.76749 -0.06639 -0.63761 eb
165.83175 46.27132 -0.01151 -0.99974 0.01987 eb
165.91469 78.77217 -0.20620 -0.97553 -0.07635 eb
166.15593 28.72977 -0.76065 -0.63680 0.12609 eb
166.19527 45.88903 -0.57971 -0.69886 -0.41897 eb
166.88260 75.55781 -0.14764 -0.79042 -0.59450 eb
167.42317 23.29790 -0.69156 -0.65444 0.30570 eb
167.64822 57.88646 -0.59142 -0.78758 0.17302 eb
168.07640 45.30338 -0.66884 0.28939 -0.68476 eb
168.38081 40.86048 -0.75774 -0.23116 -0.61025 eb
168.47420 33.57017 -0.09067 0.97637 -0.19616 eb
168.57856 75.44612 0.97246 0.18382 0.14330 eb
169.48580 36.55412 0.88967 -0.38047 -0.25243 eb
169.85025 53.70353 0.04566 0.62526 -0.77908 eb
169.89153 79.49126 -0.10278 0.51156 -0.85308 eb
170.19397 66.50685 -0.39420 0.65638 -0.64325 eb
170.76539 28.14272 -0.36524 -0.92975 -0.04660 eb
170.99815 24.55829 -0.07461 0.39753 -0.91455 eb
171.27900 27.35175 -0.61738 0.62671 0.47547 eb
172.05040 51.33461 -0.69013 0.48203 -0.53979 eb
172.71158 29.70582 -0.75033 0.63777 0.17395 eb
172.81418 34.83014 -0.70297 -0.60141 0.37966 eb
173.28307 44.24966 -0.80996 -0.55547 -0.18818 eb
173.76107 24.83631 -0.61324 0.39162 0.68598 eb
174.34318 40.28079 -0.15964 -0.69793 0.69815 eb
174.58258 58.03471 -0.09964 -0.53498 -0.83897 eb
175.37684 36.03594 0.33699 0.62807 -0.70141 eb
176.28832 25.64675 0.67156 0.55003 0.49646 eb
176.46760 13.53882 -0.03164 0.41736 0.90819 eb
177.34489 67.39585 0.86727 -0.09126 -0.48940 eb
177.56891 41.22411 -0.33612 -0.63997 -0.69098 eb
177.67319 87.00698 -0.15902 -0.62477 -0.76445 eb
177.89929 60.33351 -0.31655 -0.42219 -0.84944 eb
178.36078 83.21458 0.13863 0.69317 -0.70732 eb
179.35834 36.99642 0.81124 -0.52672 -0.25389 eb
179.65944 52.51900 -0.42400 -0.27366 0.86332 eb
180.43885 78.47779 0.02306 -0.82448 -0.56542 eb
180.53118 38.35939 -0.72830 -0.27717 -0.62670 eb
180.75146 33.72245 0.74922 0.14219 0.64688 eb
181.11536 87.41110 0.33114 -0.74515 -0.57887 eb
181.64492 10.55427 -0.77266 0.30426 -0.55716 eb
182.26115 32.53631 0.58199 0.52675 -0.61953 eb
183.01847 55.44292 -0.60032 -0.38272 -0.70224 eb
183.39975 53.58914 0.45885 -0.46908 -0.75460 eb
184.26073 42.23099 0.14703 -0.94585 0.28939 eb
184.64650 47.27695 0.18276 -0.05213 -0.98177 eb
184.99724 29.05232 -0.34436 -0.00572 -0.93882 eb
185.12966 29.33170 0.33786 -0.21171 0.91707 eb
185.26080 30.54902 0.65096 0.73343 -0.19578 eb
185.72156 25.03005 0.85958 -0.50359 0.08671 eb
186.51612 46.23279 -0.86257 -0.41585 -0.28818 eb
187.94672 63.88937 0.34818 -0.17335 -0.92126 eb
188.14869 48.12777 -0.36189 0.42200 -0.83124 eb
188.22122 66.55657 0.39144 0.91765 0.06854 eb
189.52782 38.20707 -0.86324 -0.06950 0.49998 eb
191.56501 21.07424 0.94935 0.28281 0.13696 eb
192.06757 30.32038 -0.25618 0.47113 -0.84404 eb
193.10328 45.10053 0.43784 0.89506 -0.08469 eb
193.16342 69.13237 -0.35847 0.93106 0.06799 eb
193.31444 54.96381 0.87819 0.35485 -0.32072 eb
193.36759 46.98214 0.30429 -0.90498 -0.29736 eb
193.67909 9.94325 0.70068 0.03299 -0.71272 eb
193.92592 51.81215 -0.88429 0.45098 -0.12101 eb
194.03540 59.73487 -0.28657 0.31968 -0.90315 eb
194.83756 32.82001 -0.67935 0.71159 -0.17922 eb
195.28319 34.97709 -0.58975 -0.34909 -0.72824 eb
195.37133 72.87257 -0.77619 0.37621 0.50597 eb
196.80612 26.98189 0.91152 -0.34811 -0.21899 eb
198.44646 83.83046 -0.28874 0.09809 -0.95237 eb
198.81897 13.52563 0.61984 0.30510 -0.72298 eb
199.03274 25.39352 0.84589 -0.05018 0.53098 eb
199.40456 57.97663 -0.22357 0.57326 0.78828 eb
200.82591 34.37491 -0.68489 -0.40067 -0.60860 eb
201.37484 29.77968 -0.20777 0.26744 -0.94091 eb
202.04952 45.79138 0.90908 0.09633 -0.40534 eb
202.24909 32.78330 0.38992 0.91288 -0.12090 eb
202.48829 73.09325 -0.87894 -0.46264 0.11588 eb
203.21574 25.78297 -0.32413 0.18886 -0.92697 eb
203.41140 39.91355 -0.74320 0.64905 -0.16242 eb
204.70828 25.94023 0.53552 0.02477 -0.84416 eb
204.78954 17.69517 -0.28238 -0.67354 -0.68308 eb
205.81677 28.10312 0.32240 -0.84865 -0.41936 eb
206.70380 64.87731 0.12615 -0.45560 0.88120 eb
207.40626 31.28619 0.69732 0.69721 -0.16628 eb
207.48277 15.56355 0.81118 -0.35588 0.46404 eb
207.87174 30.33663 0.87449 -0.21089 -0.43679 eb
207.92253 35.95089 -0.37439 -0.76722 0.52077 eb
208.39466 39.35432 0.04309 -0.11363 -0.99259 eb
211.38795 81.63990 0.99871 -0.01106 -0.04951 eb
212.26043 36.70670 -0.46574 0.50752 -0.72492 eb
213.05082 43.40600 0.78474 0.09605 -0.61234 eb
213.85036 28.46513 -0.53657 0.81403 -0.22237 eb
214.34199 26.23944 0.57872 -0.66264 0.47539 eb
214.59895 74.20827 0.52452 -0.19602 -0.82852 eb
215.77717 75.46873 0.31887 -0.58541 -0.74540 eb
216.15646 56.14137 0.32063 -0.41212 -0.85285 eb
216.51985 9.16184 -0.05049 -0.31149 -0.94891 eb
217.15520 59.62364 -0.75987 0.38452 0.52415 eb
217.24056 51.13748 0.26511 0.53365 -0.80308 eb
218.03389 31.70442 0.70591 -0.20337 0.67848 eb
220.31177 80.69637 -0.90959 0.02238 0.41491 eb
220.67342 31.04561 -0.00153 -0.78979 -0.61338 eb
221.10398 78.93915 -0.03549 -0.15576 -0.98716 eb
221.48756 41.53433 0.45316 0.09855 -0.88597 eb
222.37344 70.87496 -0.83403 0.33819 -0.43592 eb
223.52877 68.16386 -0.99695 -0.05638 0.05389 eb
223.82082 33.06090 0.04221 0.80877 -0.58661 eb
225.65754 58.40782 -0.53380 0.43441 -0.72550 eb
226.37219 58.69343 -0.95011 -0.31145 -0.01702 eb
226.75050 49.73324 -0.76373 -0.60972 -0.21200 eb
227.69943 49.96429 -0.42488 -0.80496 -0.41415 eb
229.95953 32.54437 0.63139 0.48683 -0.60361 eb
231.14427 27.42915 -0.82875 -0.02559 -0.55903 eb
231.64016 46.27311 -0.36346 0.61970 -0.69560 eb
232.67236 80.12442 0.23560 0.87920 -0.41413 eb
232.95809 71.74673 -0.82273 0.52879 0.20856 eb
233.61332 13.02893 -0.70660 0.35596 -0.61156 eb
233.99029 18.89888 -0.15140 0.96669 -0.20638 eb
234.06752 30.72300 -0.65262 0.75595 0.05128 eb
235.98927 36.79561 0.65952 0.29935 -0.68951 eb
237.51889 40.50847 -0.55981 0.82740 -0.04495 eb
240.39734 47.21853 0.36584 0.17871 -0.91336 eb
240.47021 33.68033 -0.72171 0.22081 -0.65603 eb
240.54570 58.54563 0.25888 -0.91850 -0.29890 eb
241.06284 36.53890 -0.13662 -0.05615 -0.98903 eb
242.49862 44.64782 0.76119 -0.59655 -0.25441 eb
243.95688 50.04083 0.60180 -0.79563 0.06936 eb
244.69441 62.05017 -0.52677 0.56318 -0.63666 eb
245.42873 32.87364 0.06832 0.41533 -0.90710 eb
246.13080 21.95771 0.47508 -0.87637 -0.07924 eb
247.60127 35.96831 0.11721 0.60113 -0.79051 eb
247.81136 24.47236 -0.23548 -0.10569 -0.96611 eb
248.08070 45.93231 -0.10592 -0.75769 0.64396 eb
248.25444 29.09812 0.25133 0.88702 0.38734 eb
248.70371 62.79809 0.58870 -0.51544 -0.62270 eb
250.49398 27.64122 -0.81464 -0.12942 -0.56534 eb
250.66224 37.27862 0.49861 0.64024 0.58436 eb
251.40546 43.25672 -0.53313 -0.11118 0.83870 eb
251.53895 48.76775 -0.73835 -0.27510 -0.61576 eb
252.69509 31.37694 0.12684 0.99111 -0.04025 eb
253.71326 37.38799 0.21023 -0.90199 0.37711 eb
254.66244 74.19806 0.64528 0.47950 -0.59472 eb
255.84537 33.83828 0.48669 0.20888 -0.84824 eb
255.92300 41.97013 -0.92073 0.11492 0.37289 eb
256.36330 75.24231 -0.72053 0.65651 -0.22323 eb
257.62848 17.81046 -0.27922 0.63882 -0.71690 eb
257.89124 45.72390 -0.87301 0.21090 -0.43974 eb
257.99409 54.83109 -0.71157 -0.63763 -0.29511 eb
258.74391 18.50429 0.02408 0.93759 0.34691 eb
258.97952 30.51500 -0.40338 0.87045 -0.28214 eb
259.12825 73.87118 0.60284 -0.72643 -0.32997 eb
259.24254 74.22354 -0.67920 -0.40825 -0.60993 eb
262.44559 19.07491 0.64478 -0.35284 -0.67806 eb
262.89037 44.95575 0.87684 0.45702 -0.14927 eb
263.15376 18.01319 -0.65634 0.00617 -0.75444 eb
263.55288 26.10017 0.32307 -0.91907 -0.22570 eb
264.33715 57.70208 -0.57360 0.70700 0.41368 eb
264.73071 10.25671 0.06091 -0.54057 -0.83909 eb
264.74717 22.73264 0.61134 0.24383 0.75286 eb
264.79356 38.95447 0.47416 0.85113 -0.22528 eb
265.12164 26.72096 0.94229 0.31600 -0.11061 eb
265.59382 26.82990 0.87779 -0.40094 -0.26218 eb
265.91424 64.11790 -0.61603 -0.28581 -0.73405 eb
266.67113 38.35845 -0.47521 -0.66257 0.57895 eb
266.71444 36.22286 -0.93047 0.05011 -0.36292 eb
267.87140 36.22198 0.70895 -0.66500 0.23489 eb
268.48666 68.23334 0.67399 0.64706 -0.35645 eb
268.90758 36.28005 -0.84264 0.33319 -0.42302 eb
269.52131 37.41463 0.21760 -0.94447 -0.24624 eb
269.99482 51.51680 -0.69138 0.23864 0.68194 eb
274.84482 49.70302 0.98010 -0.19619 0.03016 eb
276.07932 36.98417 -0.06244 0.33638 -0.93965 eb
279.67902 38.58723 0.57135 -0.30863 -0.76046 eb
280.46991 11.80966 0.67776 -0.08351 -0.73052 eb
285.39082 34.52553 0.30473 0.95020 0.06526 eb
287.14183 22.73246 0.05253 0.85264 -0.51985 eb
287.54284 39.15395 -0.35966 0.55385 -0.75093 eb
288.23425 32.84777 0.81537 0.16922 -0.55365 eb
291.74981 47.21366 -0.17438 0.89860 -0.40263 eb
291.78058 80.16766 -0.54105 0.44306 -0.71482 eb
292.57995 30.14507 0.80607 0.58962 -0.05103 eb
292.84646 57.37390 0.49727 -0.61590 -0.61105 eb
297.28386 43.50558 0.19792 -0.05572 -0.97863 eb
297.50917 40.74754 -0.40214 -0.91255 -0.07435 eb
298.53007 42.87350 0.76050 -0.11992 -0.63817 eb
299.55063 72.84885 0.86948 -0.13135 -0.47618 eb
300.31424 41.06582 -0.72539 -0.30046 0.61930 eb
301.69162 44.10227 -0.87895 0.40415 0.25319 eb
302.62805 62.25267 -0.78317 -0.19620 -0.59004 eb
302.76658 26.33275 -0.86417 0.16794 -0.47435 eb
304.24261 24.88469 0.36908 -0.90940 0.19176 eb
304.35103 23.78413 0.86711 -0.11417 0.48486 eb
304.61246 44.18920 -0.00192 -0.84382 0.53662 eb
307.54586 46.68765 0.96770 -0.15881 -0.19579 eb
307.66014 30.19844 0.11325 0.98593 0.12294 eb
307.74465 68.18423 0.99859 -0.05275 -0.00553 eb
309.20156 58.84101 -0.49747 0.77831 0.38308 eb
309.63433 22.10469 0.21607 -0.96707 0.13447 eb
310.72240 24.35241 -0.98159 -0.16872 0.08955 eb
313.06396 42.90064 0.97964 0.04022 -0.19668 eb
313.28707 65.50465 -0.32205 0.75372 -0.57288 eb
313.87875 19.22180 -0.50762 -0.75686 -0.41170 eb
314.01256 17.76583 -0.38112 -0.82651 0.41429 eb
314.99226 55.16499 0.67012 -0.44268 -0.59579 eb
315.22055 32.94499 0.75936 0.60634 -0.23604 eb
315.33123 33.28169 -0.69978 -0.71419 -0.01514 eb
315.62792 61.68027 -0.53546 0.77001 -0.34694 eb
317.72403 62.05446 -0.56941 0.72396 -0.38944 eb
317.83126 53.19222 -0.74932 0.27857 -0.60076 eb
318.59432 16.30216 0.85302 0.51619 -0.07684 eb
319.01030 60.28810 -0.00923 0.65393 0.75650 eb
319.26862 46.71143 -0.96106 -0.01636 -0.27586 eb
320.22329 71.19905 -0.90602 0.38569 -0.17426 eb
320.79750 46.71687 -0.58554 -0.26050 -0.76764 eb
322.09793 12.45238 0.14353 -0.97164 -0.18793 eb
323.55763 32.04848 0.53143 0.76315 -0.36768 eb
325.46718 53.21462 0.67837 0.40149 -0.61532 eb
326.80571 72.61180 0.80849 0.58756 0.03342 eb
327.03179 51.64072 -0.13724 -0.98023 -0.14250 eb
329.06047 74.59443 -0.25836 -0.22254 -0.94007 eb
329.61445 45.34067 -0.58285 0.36260 0.72719 eb
330.22543 40.76097 0.46321 -0.33377 -0.82100 eb
330.76762 22.16210 -0.16312 -0.79901 0.57877 eb
330.90622 72.46018 -0.18557 -0.94338 -0.27494 eb
333.73290 36.06218 0.66883 0.34676 -0.65759 eb
335.02221 27.82439 0.18458 0.83617 0.51648 eb
338.20634 41.72930 0.76168 0.63626 -0.12253 eb
338.52455 54.77772 -0.27062 -0.49224 -0.82733 eb
339.88380 60.32998 0.40278 0.10173 -0.90963 eb
340.73941 50.09693 0.99859 0.03914 -0.03589 eb
343.25181 13.91631 0.07379 0.31775 -0.94530 eb
343.44738 48.97200 -0.23141 -0.51309 -0.82655 eb
343.62325 35.19895 -0.70132 0.55355 -0.44914 eb
343.92719 40.81169 -0.63967 0.24304 -0.72922 eb
344.13722 28.29923 0.88960 -0.43424 -0.14157 eb
345.98738 38.38762 0.62365 0.27049 -0.73342 eb
346.16078 46.34787 -0.45280 0.88031 -0.14153 eb
347.32710 53.15059 -0.12512 -0.70853 -0.69450 eb
347.48203 44.22038 -0.88546 0.39184 0.24983 eb
347.56864 21.78720 0.84215 0.39158 -0.37073 eb
347.63737 44.10004 -0.10659 -0.73587 0.66868 eb
347.99078 53.18897 -0.96510 0.20493 0.16308 eb
349.02621 49.99390 -0.65330 -0.40629 -0.63885 eb
349.19943 19.80131 -0.26021 -0.05259 0.96412 eb
350.00202 56.46987 0.28591 0.95443 -0.08552 eb
350.15563 20.45488 -0.47670 0.10466 -0.87281 eb
351.43044 31.02237 -0.90311 -0.13859 0.40643 eb
351.57988 67.24537 -0.09592 0.53469 -0.83959 eb
351.79042 30.60943 -0.37713 0.47026 -0.79789 eb
352.71157 74.32246 0.82772 -0.48033 0.29012 eb
354.00199 83.38826 0.33146 -0.94347 -0.00277 eb
354.18903 37.57872 0.69988 -0.10440 -0.70659 eb
354.33179 84.32482 -0.78211 -0.44957 -0.43149 eb
354.39702 42.75438 0.48756 -0.07309 -0.87003 eb
356.13931 35.58723 0.39474 0.77121 0.49942 eb
356.16022 28.68688 0.86793 0.17026 -0.46660 eb
360.57616 33.68053 0.74248 0.32791 -0.58412 eb
360.93772 37.92008 -0.21467 0.35473 -0.90999 eb
362.20751 19.29329 -0.05253 -0.54229 -0.83855 eb
363.19989 21.05881 0.37583 0.55833 0.73961 eb
369.48824 23.39023 0.34837 -0.67754 -0.64774 eb
370.90487 55.01236 0.54201 -0.00273 -0.84037 eb
371.90695 46.82613 -0.12120 0.99236 -0.02326 eb
372.80122 33.94212 -0.13260 -0.99117 -0.00076 eb
373.05625 55.19643 0.28536 0.37159 -0.88345 eb
373.76564 16.63825 0.65576 0.34893 -0.66949 eb
374.01856 21.08164 -0.44431 0.52909 0.72294 eb
374.45022 37.49785 0.54256 0.83341 -0.10513 eb
374.66821 40.07093 0.45565 -0.39587 -0.79729 eb
382.42438 46.69267 -0.83561 0.31610 -0.44926 eb
395.45736 27.42880 0.73980 -0.67169 0.03902 eb
396.44205 27.61929 0.47587 0.05962 0.87749 eb
398.40900 42.58381 0.60765 0.60625 -0.51304 eb
398.59526 38.14773 0.17988 -0.20455 0.96219 eb
399.35637 74.43482 -0.58864 -0.53043 0.61004 eb
399.70775 43.54028 -0.76213 -0.20702 -0.61344 eb
401.37017 49.38482 -0.56040 -0.63580 -0.53076 eb
408.13433 26.81372 0.45790 0.77813 0.42994 eb
417.85394 21.43260 -0.97634 -0.02962 0.21420 eb
430.14056 33.28481 -0.26119 -0.76291 -0.59139 eb
432.93642 21.37611 -0.36948 -0.92903 -0.01962 eb
436.45968 36.93774 0.96435 -0.13073 -0.23008 eb
438.58847 17.44957 0.89289 0.11941 0.43415 eb
442.13878 51.60719 -0.59399 -0.68166 0.42722 eb
452.97046 21.98984 0.48925 0.23057 0.84111 eb
454.93725 24.28123 -0.42886 -0.65649 -0.62056 eb
460.69703 9.93433 -0.72799 -0.06073 -0.68289 eb
467.93057 29.99071 0.42337 0.16011 -0.89170 eb
468.14427 18.83443 -0.10625 -0.91712 -0.38418 eb
469.70772 18.51419 -0.06655 0.72091 -0.68982 eb
481.35973 36.65411 0.07395 -0.74764 -0.65997 eb
483.68331 26.21626 0.41662 0.84811 0.32732 eb
495.81169 15.59166 0.60743 -0.66554 0.43370 eb
541.78247 17.22341 -0.49855 0.81848 -0.28555 eb
545.39507 18.87422 -0.28294 -0.95736 0.05834 eb
554.35657 32.14059 0.40338 0.41625 -0.81487 eb
559.00944 15.90653 0.75207 0.35831 -0.55318 eb
565.73947 33.83986 0.11323 0.12306 -0.98592 eb
566.58850 14.54604 0.05638 0.05315 -0.99699 eb
610.81581 13.25443 -0.88217 0.17028 -0.43907 eb
629.88492 35.30059 0.76150 -0.61604 -0.20151 eb
653.15915 29.97572 0.91720 0.36995 -0.14788 eb
658.90525 25.81146 0.76507 -0.17295 0.62029 eb
690.88125 37.84462 -0.86006 -0.49786 -0.11150 eb
691.15864 25.62316 -0.89779 0.44043 0.00102 eb
696.77739 11.46668 0.17630 -0.81215 0.55617 eb
716.70827 31.07790 -0.20116 -0.68037 0.70473 eb
740.62519 19.81627 0.39452 -0.19877 -0.89713 eb
751.20276 28.83759 0.21566 -0.16506 -0.96242 eb
771.41759 38.45417 -0.00741 -0.51165 -0.85916 eb
794.39494 31.54282 -0.52944 -0.39131 -0.75271 eb
806.55918 11.99229 -0.46443 -0.37992 -0.79998 eb
810.48849 27.67666 -0.57247 -0.67719 -0.46226 eb
821.87465 18.01132 0.84455 -0.51438 0.14880 eb
826.10205 39.10144 -0.37769 -0.54687 -0.74719 eb
857.40252 17.03664 -0.10313 0.94396 0.31355 eb
857.60099 40.44347 -0.78217 0.59821 0.17420 eb
899.28415 24.83171 -0.10423 -0.35586 -0.92871 eb
903.94730 27.70027 -0.99552 -0.09324 0.01568 eb
913.91361 20.14166 0.33031 -0.07298 -0.94105 eb
923.88851 26.48104 -0.48419 0.80889 -0.33355 eb
930.12527 50.24387 0.50893 0.03629 0.86004 eb
957.01633 34.48097 0.20309 -0.97599 -0.07872 eb
957.38749 12.22200 -0.31176 -0.64959 0.69342 eb
976.92853 12.90078 0.47488 0.35462 0.80544 eb
979.04136 23.14828 -0.38995 -0.27107 -0.88003 eb
979.20470 22.44653 -0.29807 -0.95450 0.00886 eb
1001.44779 33.99194 -0.97540 0.14758 0.16376 eb
1032.77392 10.35145 0.12017 0.01809 -0.99259 eb
1037.31945 24.08711 0.76966 0.59659 0.22738 eb
1135.96012 29.06427 0.54407 0.65068 0.52972 eb
1201.76170 26.99850 0.33582 0.93904 -0.07369 eb
1242.27404 39.50174 0.59442 0.49589 -0.63306 eb
1248.21626 37.36916 0.36367 -0.64897 -0.66826 eb
1261.54310 47.41077 -0.57160 -0.19062 -0.79808 eb
1267.96446 18.49995 0.26833 -0.63518 0.72426 eb
1292.31360 21.57398 -0.21997 0.51070 0.83114 eb
1297.01441 15.06529 0.31791 -0.42247 -0.84880 eb
1328.13815 19.06139 0.85475 -0.51667 0.04953 eb
1371.76903 19.68746 -0.25919 -0.90082 0.34835 eb
1379.25623 16.59965 0.77691 0.58686 0.22805 eb
1400.60742 19.88318 -0.13022 0.93097 0.34110 eb
1403.47846 33.77728 0.53035 0.50503 -0.68093 eb
1407.47782 13.08020 -0.54798 0.83180 0.08845 eb
1431.84401 26.97600 -0.91313 -0.11796 0.39024 eb
1470.70576 40.08545 0.86276 -0.03705 -0.50426 eb
1471.84541 31.21938 -0.26478 -0.26911 -0.92600 eb
1471.99625 18.82783 -0.54294 0.64323 0.53988 eb
1519.41351 17.27186 -0.95089 -0.29500 0.09368 eb
1526.09069 31.23597 0.00231 0.42084 -0.90713 eb
1563.54837 35.92012 0.95690 0.28178 -0.07028 eb
1618.26688 30.90166 -0.06161 -0.34101 -0.93804 eb
1673.59831 12.54226 0.48035 0.83189 0.27788 eb
1701.42296 33.95413 0.10709 -0.61325 -0.78259 eb
1716.10986 5.37219 -0.95349 0.25663 -0.15814 eb
1780.37683 17.80858 0.77751 -0.47821 -0.40840 eb
1837.25685 21.84461 -0.60016 -0.39566 -0.69517 eb
1838.42332 23.52000 -0.60246 -0.71406 -0.35661 eb
1914.64856 30.41599 0.05774 0.62156 0.78123 eb
1926.60226 18.34660 -0.24468 -0.65446 0.71541 eb
2002.45034 14.87059 0.11412 -0.59946 -0.79223 eb
2009.04714 29.73071 0.14162 0.74191 -0.65538 eb
2024.20706 21.54309 0.89776 -0.40270 -0.17852 eb
2027.64312 15.24015 -0.39720 -0.89955 0.18178 eb
2093.51243 10.97141 -0.75013 -0.55355 -0.36179 eb
2123.89965 22.00951 -0.70430 0.70949 0.02414 eb
2239.73865 5.14027 -0.37613 -0.37531 0.84716 eb
2283.16704 14.30024 -0.60136 0.74333 0.29298 eb
2312.02089 6.71548 0.70603 -0.70777 0.02400 eb
2394.59978 18.95945 -0.28115 -0.83775 -0.46811 eb
2425.47504 32.58262 0.38629 0.64532 -0.65904 eb
2509.87613 16.85708 -0.01391 -0.40881 -0.91251 eb
2569.49531 27.02340 -0.22330 0.88795 -0.40209 eb
2609.78366 23.46473 0.89154 -0.08012 -0.44581 eb
2613.45548 20.46429 0.78685 -0.24187 -0.56777 eb
2904.73953 11.95563 -0.52744 -0.78693 0.32023 eb
2911.63522 37.48030 0.88617 -0.44491 -0.12942 eb
2932.67667 24.95491 0.60043 -0.00991 0.79961 eb
2949.21648 13.98651 -0.08275 -0.80452 -0.58813 eb
3239.98417 16.75860 -0.73172 -0.48016 -0.48377 eb
3321.94388 16.04974 -0.49571 -0.02312 0.86818 eb
3424.44203 18.61982 0.20301 -0.63009 -0.74952 eb
3531.85933 14.52123 0.25949 0.12131 0.95810 eb
4021.99303 17.05528 -0.27109 -0.95957 0.07576 eb
4064.96036 51.54052 -0.46031 -0.82268 -0.33363 eb
4182.51401 26.48456 -0.87502 0.30046 0.37956 eb
4286.34364 19.66862 0.54524 0.71467 -0.43814 eb
4524.45117 25.88871 0.14441 -0.44702 -0.88279 eb
4638.59108 20.69892 -0.36530 0.82463 0.43191 eb
4654.23597 28.72705 0.16414 0.53154 -0.83098 eb
4830.18820 27.58466 -0.90091 -0.15146 0.40671 eb
5193.89497 16.95827 -0.29317 -0.90882 -0.29681 eb
5539.96816 41.22818 0.34897 -0.81219 -0.46750 eb
5703.40566 30.63699 -0.67330 -0.07706 -0.73535 eb
5763.57141 31.73273 -0.50754 0.83574 -0.20962 eb
6200.22669 26.38556 0.02801 0.99959 -0.00595 eb
6214.51013 26.20345 0.12022 -0.20181 -0.97202 eb
6336.42405 23.05787 -0.75846 -0.51338 -0.40146 eb
6424.43659 22.11419 -0.52906 0.51375 -0.67539 eb
6506.51022 17.75249 -0.21950 -0.54800 -0.80716 eb
7097.60205 14.18558 0.91446 -0.26790 -0.30329 eb
7311.62428 9.09494 0.77477 -0.61504 -0.14648 eb
7609.02655 19.86676 -0.20202 0.92548 -0.32044 eb
7668.89685 12.28469 0.34783 -0.65134 -0.67437 eb
8236.93024 19.31847 0.61155 0.54929 -0.56946 eb
8522.94723 8.42373 0.96855 0.21195 -0.13033 eb
8637.52165 19.40694 -0.76694 0.64007 -0.04593 eb
9643.54839 18.67186 0.40164 0.61207 -0.68121 eb
10021.69725 38.77050 -0.41666 -0.64414 0.64146 eb
10194.34993 21.25701 0.82435 -0.52083 0.22177 eb
10377.51237 82.24737 0.49068 0.76219 -0.42226 eb
10729.73777 35.26265 -0.18274 0.27944 -0.94261 eb
11592.53770 17.20383 0.89145 0.24318 -0.38233 eb
11638.05496 20.34600 0.82870 0.55730 -0.05174 eb
11903.65586 34.01727 -0.74037 0.39896 -0.54100 eb
13811.24361 11.01494 0.39366 -0.74816 -0.53412 eb
14514.45873 21.32021 -0.90071 -0.23982 0.36223 eb
15104.66008 22.76247 -0.26927 0.36143 -0.89267 eb
15325.91791 8.71791 0.01918 0.77495 -0.63174 eb
17757.54886 19.77931 0.47359 -0.55267 -0.68575 eb
17913.41052 17.46278 0.26892 0.42525 -0.86420 eb
