16.72140 48.93375 0.86180 -0.14438 0.48626 eb
17.01015 39.39078 -0.76905 0.47326 -0.42963 eb
17.57545 59.25274 -0.29486 -0.79070 0.53651 eb
18.73985 77.34635 -0.72837 -0.21357 -0.65105 eb
18.91260 72.45336 0.43375 -0.32255 -0.84132 eb
19.53200 80.11507 -0.58601 0.04165 0.80923 eb
20.15725 20.90054 -0.77249 -0.17150 -0.61143 eb
20.72515 35.85292 0.90690 0.00737 -0.42128 eb
21.07241 80.04124 -0.97573 -0.02590 -0.21745 eb
21.27660 75.44969 -0.90794 0.00267 0.41909 eb
21.71680 70.96137 0.85651 0.25843 0.44677 eb
21.97169 24.24974 0.20130 -0.94592 0.25440 eb
22.45183 87.25855 -0.82791 0.38792 0.40507 eb
22.61880 87.22250 0.79485 -0.60133 -0.08136 eb
22.62914 63.41480 -0.58295 0.05023 0.81096 eb
22.99303 65.32976 -0.91675 -0.16844 0.36222 eb
23.02870 46.61027 0.68953 0.43029 -0.58258 eb
23.10832 58.34160 0.79606 -0.05656 -0.60256 eb
23.22881 46.30995 0.47168 -0.04449 -0.88065 eb
23.23464 42.83330 -0.34995 -0.66757 -0.65718 eb
24.00627 42.36724 0.13810 0.70979 -0.69075 eb
25.06609 27.39130 -0.24187 0.94306 -0.22833 eb
25.22231 37.47193 -0.31170 -0.74875 -0.58499 eb
25.25225 84.49717 0.32803 -0.32355 -0.88753 eb
25.59673 46.49780 -0.83544 -0.19653 -0.51324 eb
25.76420 70.51484 -0.89289 -0.05146 0.44732 eb
25.99911 44.65442 -0.97016 0.07657 -0.23006 eb
26.78160 40.46297 0.09086 -0.74113 -0.66518 eb
26.78454 73.66984 -0.43428 -0.73550 0.52004 eb
27.03692 77.91858 0.25188 -0.92981 -0.26833 eb
27.56592 30.23336 -0.87801 0.36874 0.30516 eb
27.60091 85.93373 0.66248 0.32357 0.67559 eb
28.03027 46.86640 0.02415 -0.99907 -0.03572 eb
28.54106 51.66735 0.35754 0.84964 -0.38765 eb
28.67282 87.02086 -0.23124 -0.94281 -0.24009 eb
28.85566 41.44607 -0.54586 -0.76134 -0.34986 eb
28.99965 48.78521 0.70734 -0.66526 0.23897 eb
29.24994 52.51243 -0.60272 -0.78898 -0.11936 eb
29.70469 70.06408 0.82745 0.04173 -0.55998 eb
30.06357 68.20499 0.97422 0.10928 -0.19738 eb
30.12605 27.57436 -0.69021 0.49536 0.52747 eb
30.25812 29.80880 -0.24761 0.58214 -0.77447 eb
30.52343 32.50289 -0.80591 -0.20354 -0.55596 eb
30.69355 33.57541 0.63950 0.17396 -0.74885 eb
30.83319 85.19710 0.30629 0.77524 0.55244 eb
30.97576 46.70202 0.92819 0.37040 0.03566 eb
31.37181 77.39789 0.57725 0.79417 0.18994 eb
31.59785 26.70521 -0.17065 0.95944 0.22440 eb
31.66768 87.93722 0.51552 -0.84635 0.13395 eb
31.71062 45.87536 0.44247 -0.66655 0.59994 eb
31.78327 58.09120 -0.39163 0.49987 -0.77250 eb
31.92318 37.55756 -0.11066 0.98930 -0.09512 eb
31.95615 67.33844 -0.40692 0.28831 -0.86677 eb
32.33870 79.86574 0.86579 -0.44648 -0.22598 eb
32.63634 78.87737 -0.83140 -0.24590 -0.49830 eb
32.65761 88.57722 0.82244 -0.17658 -0.54075 eb
32.75016 22.66323 0.57986 -0.81350 0.04454 eb
32.78692 27.47941 0.08445 0.58041 -0.80994 eb
33.53679 39.34994 0.92182 -0.02497 0.38681 eb
34.11747 26.54356 0.12525 -0.33835 -0.93265 eb
34.49987 58.03713 -0.55893 -0.76694 -0.31527 eb
34.92245 39.12753 -0.07020 0.43656 -0.89693 eb
35.17988 40.57302 -0.87970 -0.00897 0.47544 eb
35.38151 67.21067 -0.65891 0.36694 -0.65666 eb
35.44414 48.59343 -0.85450 -0.40242 -0.32846 eb
35.58801 44.38530 -0.14750 0.09268 -0.98471 eb
35.59246 26.68205 -0.71675 0.38251 0.58305 eb
35.64771 69.62782 -0.45229 0.65336 0.60709 eb
35.85456 52.38996 -0.46525 -0.83960 0.28039 eb
35.89498 55.59990 0.91281 -0.17869 0.36722 eb
36.31656 61.39628 0.57145 -0.14922 -0.80696 eb
36.44543 39.57679 0.34700 -0.29808 -0.88923 eb
36.76627 59.93829 0.87663 -0.46852 0.10956 eb
36.79681 46.17661 0.21033 -0.17155 0.96246 eb
36.90826 85.36101 -0.12443 0.04881 -0.99103 eb
37.06666 78.42333 -0.73207 -0.68005 0.04008 eb
37.22455 41.33125 -0.85672 0.25749 0.44691 eb
37.24169 43.37360 0.49196 -0.79667 0.35113 eb
37.28873 54.19053 -0.68080 0.67480 0.28489 eb
37.32404 53.78942 -0.50975 -0.05841 0.85834 eb
38.08256 71.06795 -0.48337 0.69894 -0.52710 eb
38.23289 28.58197 0.83613 0.50000 -0.22557 eb
38.77478 74.81556 -0.32537 0.05864 0.94377 eb
39.09497 34.02285 0.96749 -0.17394 -0.18362 eb
39.47185 48.27090 -0.61029 -0.50097 -0.61366 eb
39.51862 50.76725 -0.64656 -0.74820 -0.14886 eb
39.74903 63.98160 0.53378 -0.44388 -0.71976 eb
39.96017 70.05359 -0.74628 0.66413 0.04469 eb
40.13858 67.15137 0.44881 0.52319 -0.72446 eb
40.35968 45.77647 0.06235 -0.85322 0.51780 eb
40.60283 59.03368 0.80003 -0.51789 -0.30288 eb
41.12323 22.47945 0.97284 -0.02315 0.23032 eb
41.14214 35.86920 -0.06692 0.43617 -0.89737 eb
41.16799 35.01918 0.12020 0.87247 -0.47366 eb
41.58829 82.69154 0.77835 0.01954 -0.62753 eb
41.60486 79.91089 -0.16148 -0.67321 -0.72161 eb
41.69387 66.59379 0.59948 0.36012 -0.71480 eb
41.90979 64.37607 -0.34568 0.88627 -0.30828 eb
42.06048 54.70728 -0.40174 -0.69236 -0.59937 eb
42.17250 43.20967 -0.77367 0.21208 -0.59704 eb
42.50326 16.30026 -0.88053 -0.15596 -0.44761 eb
42.50750 69.31745 0.58178 0.65872 -0.47711 eb
42.62902 43.48458 -0.43546 0.69704 -0.56966 eb
42.75696 79.85811 0.97212 -0.00305 -0.23448 eb
43.06787 80.24737 0.87339 -0.48668 0.01820 eb
43.64363 68.64413 0.15878 0.92725 0.33912 eb
43.77446 80.83211 -0.46348 -0.85834 -0.22009 eb
43.87328 52.16729 0.47337 0.13479 -0.87049 eb
43.95881 46.06762 0.32716 0.92818 0.17733 eb
44.12625 20.00745 -0.92320 0.23797 0.30178 eb
44.25852 74.24697 0.44370 0.16092 -0.88161 eb
44.41208 65.63613 0.05222 -0.12663 -0.99057 eb
44.65353 18.67457 0.66338 -0.61734 0.42287 eb
44.81285 50.37507 -0.35480 0.33661 -0.87225 eb
45.35151 33.56124 0.94244 0.33156 -0.04332 eb
46.19965 35.28169 0.13513 -0.98322 -0.12252 eb
46.22209 63.94478 0.32012 -0.45645 -0.83017 eb
46.46755 68.88995 -0.71204 0.31578 -0.62712 eb
46.53884 36.77905 0.99370 0.02103 0.11009 eb
47.23932 77.15855 -0.26536 0.36888 -0.89079 eb
47.33841 62.40237 -0.32273 0.55800 -0.76452 eb
47.42324 50.84847 -0.03588 0.10600 -0.99372 eb
47.83782 59.93070 -0.42411 -0.90430 -0.04873 eb
48.30952 65.51328 -0.13843 -0.04682 -0.98926 eb
48.67893 39.25265 -0.70095 0.21384 0.68040 eb
48.96668 74.99088 -0.94638 0.01823 0.32254 eb
49.11578 45.82822 0.89555 0.03335 -0.44372 eb
49.23010 12.00483 0.59475 -0.65860 -0.46101 eb
49.53338 49.98767 0.26152 0.51796 -0.81445 eb
49.57020 29.30206 -0.89626 -0.37882 0.23070 eb
49.66082 82.83223 -0.95110 0.21273 -0.22394 eb
49.78654 41.63127 -0.64973 0.12317 -0.75012 eb
50.07788 54.72160 -0.81889 -0.02926 0.57320 eb
50.16128 66.92472 0.35163 0.80435 -0.47894 eb
50.21911 38.98851 -0.38721 0.53084 -0.75384 eb
50.62058 80.05908 -0.01488 0.87923 -0.47616 eb
50.65209 56.48675 -0.60091 0.65105 0.46373 eb
50.71713 49.38462 0.90669 -0.19137 0.37588 eb
51.09048 25.45387 -0.60677 0.59685 0.52498 eb
51.48807 64.30226 0.70195 0.09889 0.70533 eb
51.67939 49.36580 0.72069 0.31338 -0.61839 eb
51.84409 87.50378 -0.58401 -0.81174 0.00295 eb
52.27348 62.01539 -0.90983 0.41235 -0.04657 eb
52.85239 21.60979 -0.33193 -0.89735 -0.29084 eb
52.89069 31.05217 -0.85428 0.41453 0.31364 eb
53.06120 40.00789 0.74299 -0.08608 0.66375 eb
53.07201 50.31684 -0.32633 0.93014 -0.16837 eb
53.23371 52.47397 -0.24158 0.61009 0.75461 eb
53.27217 64.13762 0.17315 -0.87855 -0.44516 eb
53.43788 87.65621 0.92432 -0.17634 -0.33843 eb
53.73594 72.14918 -0.91100 -0.26617 0.31500 eb
53.86668 47.24505 -0.82720 0.28662 -0.48331 eb
54.02230 54.46614 -0.47824 0.59470 -0.64623 eb
54.47435 41.33505 -0.68695 -0.61230 -0.39140 eb
56.02261 57.85527 -0.89548 0.38719 0.21954 eb
56.27307 39.02848 0.15442 0.74512 0.64880 eb
56.88192 23.49598 0.46965 0.71479 0.51817 eb
56.99200 46.25340 0.74389 -0.42163 -0.51851 eb
57.06891 58.42364 -0.39319 0.90123 -0.18218 eb
57.11253 44.33327 -0.26296 0.30360 0.91579 eb
57.20843 29.87951 0.90607 -0.25538 0.33738 eb
57.45807 72.66862 -0.97436 0.07383 0.21254 eb
57.68710 13.16100 0.36181 0.03583 -0.93156 eb
58.20504 40.97320 -0.08164 0.88753 -0.45346 eb
58.31194 50.12935 0.73476 -0.27169 -0.62154 eb
58.47729 54.12710 0.91280 -0.35581 -0.20047 eb
58.56511 19.26295 -0.93976 0.28117 -0.19442 eb
58.95407 52.17085 0.11733 0.86401 -0.48962 eb
59.78852 12.63025 0.82044 0.50797 -0.26237 eb
59.83128 80.39750 -0.88362 0.36576 -0.29230 eb
59.92524 38.64388 -0.59127 -0.41988 0.68855 eb
60.90913 34.03338 -0.96282 -0.22668 -0.14695 eb
61.13445 87.79790 0.86182 -0.32920 -0.38587 eb
61.20139 69.67515 -0.82317 0.28677 0.49005 eb
61.40649 64.08768 -0.27164 -0.84342 -0.46353 eb
61.45578 12.68434 0.52926 -0.57331 -0.62546 eb
61.54352 81.41626 0.45105 -0.79282 -0.40987 eb
61.82714 55.34154 0.89427 0.44263 -0.06605 eb
61.90872 72.31714 0.64890 0.65579 0.38584 eb
61.92429 79.30124 0.82023 -0.47996 -0.31121 eb
62.21128 54.99222 0.29312 -0.71020 -0.64008 eb
62.49393 71.78394 0.73545 0.09304 -0.67116 eb
62.97216 30.44938 0.86246 -0.49799 0.09042 eb
63.94029 84.33174 0.21156 -0.72660 -0.65367 eb
64.05974 72.17522 0.33198 0.71609 -0.61401 eb
64.12521 34.13710 -0.63424 -0.01059 -0.77306 eb
64.12715 44.80451 -0.21808 -0.94441 -0.24601 eb
64.72034 77.55913 0.28595 0.71075 -0.64270 eb
65.04207 23.71313 0.83056 -0.55317 -0.06461 eb
65.11674 31.99342 -0.85862 -0.34309 -0.38086 eb
65.30527 35.27404 0.65142 -0.63991 0.40764 eb
65.34462 71.47780 -0.72673 -0.59490 -0.34345 eb
65.70138 38.86199 -0.25535 -0.84750 0.46533 eb
65.85070 70.61538 0.54159 0.19949 -0.81663 eb
65.90835 18.91658 0.46608 -0.68681 -0.55773 eb
65.93058 56.98049 -0.19589 -0.70043 -0.68632 eb
66.17352 45.17966 -0.43899 -0.06597 -0.89607 eb
66.62994 47.47734 0.08950 -0.74190 0.66451 eb
66.74790 45.97081 0.05954 -0.95637 -0.28602 eb
66.76177 71.83481 0.36913 0.35292 -0.85976 eb
68.26293 46.35351 0.97319 -0.08955 -0.21187 eb
68.65634 59.47612 0.39667 0.88872 0.22986 eb
68.71401 43.88544 0.05563 0.04539 -0.99742 eb
68.76969 78.64272 0.22491 0.38182 -0.89646 eb
68.86008 30.12260 0.82437 -0.54105 0.16637 eb
69.09241 45.45848 0.27069 -0.10396 -0.95704 eb
69.33723 16.99974 -0.49551 0.32144 0.80693 eb
69.46896 54.23755 0.58886 0.23383 -0.77367 eb
69.48409 25.92698 -0.97440 0.00679 -0.22470 eb
69.99930 83.09512 -0.88199 0.43302 0.18597 eb
70.05549 67.22865 -0.59416 -0.76984 -0.23308 eb
70.16566 45.09415 -0.49233 -0.58780 -0.64196 eb
70.65314 62.67057 0.83865 -0.09263 -0.53674 eb
71.22714 88.34869 0.67166 0.73838 0.06049 eb
71.40909 21.69123 0.88632 -0.23426 0.39944 eb
71.64662 41.45860 0.55114 -0.62327 -0.55478 eb
71.89577 40.36504 -0.80928 -0.03363 -0.58645 eb
72.57118 15.06961 0.43052 -0.74019 -0.51650 eb
73.05277 34.01280 0.90150 0.23993 -0.36018 eb
73.22787 69.81644 -0.22944 0.47056 -0.85201 eb
73.28790 72.35770 0.77397 0.58068 -0.25255 eb
73.29723 83.65278 0.30561 0.53140 -0.79007 eb
73.33309 55.54856 0.32674 0.53123 -0.78169 eb
73.53467 53.11629 0.70115 -0.59560 -0.39197 eb
73.76673 32.25332 -0.84816 -0.48554 -0.21183 eb
74.13189 25.24893 0.47417 -0.12499 0.87152 eb
74.35962 87.25847 -0.65363 0.68786 0.31562 eb
74.68012 26.88388 0.87009 -0.43969 0.22276 eb
74.73267 47.02351 -0.82171 -0.56916 0.02929 eb
74.92840 47.77402 -0.26276 0.52024 -0.81260 eb
75.05332 42.23965 -0.18646 0.41691 -0.88962 eb
75.44035 56.44654 -0.06909 0.72593 -0.68429 eb
75.92615 60.81269 -0.78192 0.43911 -0.44247 eb
75.94265 88.42511 0.15366 0.37459 -0.91437 eb
75.95371 20.64523 -0.62915 -0.62227 -0.46578 eb
76.23606 61.69045 0.90069 0.41425 -0.13098 eb
76.44981 47.44745 -0.86403 0.33764 -0.37344 eb
76.70888 27.50656 0.87354 -0.15680 -0.46081 eb
76.89272 68.02561 0.20896 0.24996 -0.94544 eb
77.02793 14.38594 -0.05436 0.80251 -0.59416 eb
77.90368 26.36579 0.26920 -0.85177 -0.44947 eb
77.94489 32.94768 0.54169 -0.21877 -0.81161 eb
78.47904 44.73188 -0.90775 -0.02771 -0.41860 eb
78.49057 38.67320 -0.74578 -0.19312 -0.63759 eb
78.67524 12.04139 0.16918 0.98304 -0.07077 eb
79.06247 13.25355 0.26325 0.78115 -0.56613 eb
79.09527 78.20081 -0.13714 0.56487 -0.81370 eb
79.21306 29.69675 -0.68329 -0.72452 0.09048 eb
79.72176 32.26660 -0.15512 -0.16865 -0.97339 eb
79.94015 36.08208 -0.10501 -0.03666 -0.99380 eb
80.22833 49.69916 -0.77851 -0.48854 -0.39402 eb
80.64095 87.68986 0.79150 -0.58404 -0.18004 eb
81.72213 67.53020 -0.57517 -0.03846 -0.81713 eb
81.84771 16.75366 0.83307 -0.53239 -0.15020 eb
82.29261 40.45456 -0.62041 -0.73031 -0.28591 eb
82.44453 62.41256 0.80864 0.37143 -0.45623 eb
83.41976 71.52291 -0.26347 -0.73251 -0.62770 eb
83.63410 25.57143 -0.33366 -0.93076 0.14951 eb
84.08133 12.48633 0.63047 0.43235 0.64466 eb
84.71312 47.82470 -0.14081 -0.96983 0.19898 eb
84.88745 68.96782 -0.04425 0.99781 0.04925 eb
85.03695 32.15292 0.90248 0.12452 -0.41234 eb
85.64407 52.09984 -0.75973 -0.64380 0.09135 eb
86.22929 51.06717 0.39677 -0.55380 -0.73204 eb
86.39811 49.05103 0.28191 0.69439 -0.66208 eb
86.58705 18.80890 -0.81169 0.00687 0.58405 eb
87.94078 65.53376 0.25600 0.00191 -0.96668 eb
88.06236 28.09691 -0.39294 0.67379 -0.62579 eb
88.45027 38.44256 -0.73505 -0.63367 -0.24117 eb
88.76873 22.20436 -0.20025 -0.64257 -0.73959 eb
89.03984 58.58983 -0.12171 -0.98056 -0.15388 eb
89.13649 80.13509 0.91043 0.40622 -0.07816 eb
89.47552 71.76839 0.60316 -0.67810 -0.41998 eb
89.67083 81.29989 0.01218 0.61688 -0.78696 eb
89.73888 70.30160 -0.83877 -0.49476 -0.22733 eb
90.13380 22.81807 0.81415 0.49811 -0.29840 eb
90.41968 51.87700 -0.91682 -0.24730 0.31352 eb
90.61977 27.15066 0.15940 -0.35325 -0.92185 eb
91.44144 44.65224 0.94079 0.33884 0.00963 eb
91.80542 10.37580 -0.41392 -0.32859 0.84894 eb
92.00029 32.07276 -0.53664 -0.28660 -0.79365 eb
92.16621 44.18683 -0.85023 0.19950 -0.48714 eb
93.35431 26.88078 -0.59843 -0.45816 -0.65724 eb
94.22359 69.73673 0.20977 0.75445 0.62193 eb
94.85209 34.33953 -0.31298 0.19028 -0.93050 eb
95.75233 85.41132 0.10313 0.54330 -0.83318 eb
95.81088 56.76924 -0.37131 0.22886 -0.89986 eb
96.04522 39.67136 0.57653 -0.81669 -0.02519 eb
96.35618 17.73727 -0.28253 -0.78023 -0.55805 eb
96.61057 45.43781 0.09904 0.54912 -0.82985 eb
97.21523 67.05016 0.42630 -0.88577 -0.18354 eb
97.94539 34.17948 -0.18664 0.60590 -0.77334 eb
98.53331 55.15257 0.81511 0.15314 0.55869 eb
98.57800 45.81082 0.48846 -0.87186 0.03555 eb
98.80228 50.97469 -0.74887 0.61374 -0.25001 eb
98.94514 44.57369 -0.26399 -0.32095 -0.90956 eb
99.15212 50.37492 -0.88642 0.44542 0.12596 eb
99.55240 11.16150 -0.38806 0.11773 0.91408 eb
99.65758 52.05334 0.31810 -0.26510 -0.91024 eb
100.28375 43.43647 0.00386 0.99952 -0.03063 eb
100.47628 24.95858 0.67075 -0.01724 -0.74149 eb
100.63520 62.08540 -0.05799 0.60938 -0.79075 eb
100.66626 61.87437 -0.87998 -0.17426 -0.44189 eb
101.20786 28.45137 0.65859 -0.69786 -0.28153 eb
101.43768 21.27985 0.85720 -0.12763 -0.49893 eb
101.65830 53.66626 -0.07269 -0.97256 0.22103 eb
102.39540 26.13182 -0.26799 0.53902 -0.79852 eb
102.52044 22.36724 -0.82890 -0.09902 -0.55057 eb
103.68271 53.67237 0.55981 -0.59495 -0.57675 eb
103.69453 54.36928 -0.93567 0.14976 0.31953 eb
103.73581 53.73230 -0.86951 -0.41196 -0.27247 eb
104.08706 73.30418 0.37482 0.78740 -0.48941 eb
104.36282 57.27861 0.78901 0.59315 0.16011 eb
105.23625 64.16584 -0.98775 -0.13176 -0.08364 eb
105.51393 17.65657 -0.54673 -0.82952 0.11393 eb
105.76050 46.57723 0.36004 -0.80306 -0.47483 eb
106.05858 20.83220 -0.35251 0.12160 -0.92787 eb
106.14830 46.02753 -0.92357 -0.30865 -0.22748 eb
106.30214 50.88767 -0.05672 -0.54780 -0.83468 eb
107.14879 60.10004 0.55784 0.61991 -0.55184 eb
107.37013 35.61454 -0.32425 -0.92877 0.17960 eb
107.39309 18.77973 0.34670 -0.38554 0.85508 eb
107.63291 35.90810 -0.35324 0.22609 -0.90780 eb
108.01453 39.08871 -0.73684 0.54845 0.39530 eb
108.01521 43.32714 0.35829 0.33679 -0.87075 eb
108.03685 59.90342 -0.87405 -0.41679 -0.24965 eb
109.09566 56.13839 -0.12487 -0.98678 -0.10332 eb
109.36463 31.27714 0.54802 0.31853 0.77344 eb
109.53810 47.76547 -0.74890 0.10108 -0.65493 eb
109.85804 61.85942 -0.61811 -0.26646 -0.73955 eb
110.29790 34.47854 0.63582 0.15563 -0.75599 eb
110.46561 12.28166 0.43205 -0.88353 -0.18087 eb
110.59502 17.95267 0.31152 -0.64135 -0.70116 eb
110.72869 62.76922 0.25990 -0.10623 -0.95977 eb
111.37857 57.18767 -0.95107 -0.26358 0.16125 eb
111.86112 38.09869 0.04140 0.59949 -0.79931 eb
112.68706 66.05075 0.23349 -0.81193 -0.53503 eb
113.70643 71.08423 0.74252 0.64938 -0.16426 eb
113.93633 81.00466 -0.09460 -0.99074 0.09734 eb
114.97609 59.24571 0.71889 -0.45824 -0.52271 eb
115.27481 34.67983 -0.26416 -0.96376 -0.03716 eb
115.55199 19.17783 0.28390 -0.95729 0.05477 eb
115.59743 68.78910 0.56431 0.64137 0.51981 eb
115.85024 24.14813 0.18056 -0.90452 -0.38632 eb
115.85951 40.81981 -0.65314 0.67296 0.34719 eb
116.19024 44.31552 0.28267 -0.10367 -0.95360 eb
117.02378 25.54086 0.50683 -0.01939 0.86183 eb
117.66230 85.46980 0.66801 -0.40967 -0.62124 eb
118.22133 37.18425 0.28308 -0.50770 -0.81370 eb
118.27719 20.60985 0.00472 0.76712 -0.64148 eb
120.62957 75.52814 0.64008 0.76703 -0.04444 eb
120.81331 42.81180 -0.35532 0.37782 -0.85499 eb
121.04829 74.74621 0.74571 0.37454 0.55104 eb
121.94516 14.22576 -0.56792 -0.04358 -0.82193 eb
122.01896 30.50292 0.66973 -0.40787 -0.62057 eb
122.11025 63.06016 0.97712 0.01089 0.21239 eb
122.11273 34.26805 -0.66192 -0.59544 0.45531 eb
122.76863 57.96735 0.41260 -0.78787 -0.45719 eb
123.15194 14.08923 -0.96627 0.02146 -0.25663 eb
123.40794 39.43214 -0.67347 -0.70387 0.22584 eb
123.43434 46.70960 -0.48840 0.86981 -0.07000 eb
123.93743 33.64091 0.78783 -0.23108 -0.57090 eb
124.35484 18.10433 0.38468 0.73308 0.56091 eb
124.88523 42.08467 -0.40299 -0.15620 -0.90177 eb
125.07880 42.01262 0.11493 0.97482 0.19111 eb
125.48048 29.45283 -0.87458 0.43856 -0.20680 eb
126.10412 62.63458 -0.23205 -0.51203 -0.82703 eb
126.23226 21.28656 -0.83983 -0.44409 -0.31219 eb
126.41613 23.57401 0.18225 -0.70086 0.68963 eb
126.42183 35.26715 0.81499 -0.55539 -0.16531 eb
128.48230 76.96497 0.28852 0.50928 -0.81080 eb
128.76858 69.84683 -0.41331 -0.24670 -0.87653 eb
129.14602 74.13824 -0.62149 0.00622 -0.78340 eb
129.50058 73.17069 -0.04117 -0.99713 -0.06354 eb
129.84791 27.07428 -0.63495 0.75940 0.14194 eb
129.89520 59.77711 -0.48826 0.70042 -0.52060 eb
130.02881 12.65236 0.71368 0.48264 0.50766 eb
130.32555 30.33941 0.23159 0.93840 -0.25646 eb
130.46485 24.77050 -0.41727 -0.00418 -0.90877 eb
131.98814 48.82095 0.08778 -0.34864 -0.93314 eb
132.20946 24.50525 -0.42556 -0.90062 -0.08826 eb
132.27419 87.50555 -0.15110 -0.72404 -0.67300 eb
132.91061 32.79287 0.44127 -0.89731 -0.01085 eb
133.11678 69.06342 0.26017 -0.36360 -0.89449 eb
133.85440 83.76260 0.63482 0.77167 -0.03898 eb
133.95958 29.65513 0.64462 -0.07127 -0.76117 eb
134.01801 30.39539 0.97735 -0.20857 0.03594 eb
134.44432 53.85710 -0.93295 -0.02721 -0.35898 eb
134.95518 31.44115 0.40805 0.21667 0.88687 eb
135.16886 21.12110 -0.63762 0.25491 -0.72695 eb
135.51552 30.91351 -0.20281 -0.97870 0.03180 eb
135.52623 23.57911 0.58640 -0.71745 -0.37604 eb
135.78320 67.11107 -0.10040 -0.77640 -0.62220 eb
135.96767 21.49283 0.42587 0.32935 -0.84271 eb
136.22255 25.08160 0.85379 -0.47579 0.21135 eb
136.68123 19.68664 0.67280 0.59732 -0.43652 eb
137.51007 67.40670 -0.20049 -0.96068 0.19211 eb
137.51671 36.16608 0.25401 -0.96483 0.06776 eb
137.58998 53.54195 0.02750 -0.14754 -0.98867 eb
138.00297 81.00411 0.36137 0.42803 -0.82837 eb
138.21036 46.09970 -0.85095 -0.38996 -0.35189 eb
138.63094 42.35938 0.06520 0.99576 -0.06490 eb
138.73386 38.07637 0.92733 -0.34465 0.14584 eb
139.04661 34.04871 0.69136 -0.61937 0.37203 eb
139.66875 36.42531 0.12231 -0.25499 -0.95918 eb
139.67731 50.01490 0.24498 -0.36277 -0.89910 eb
140.22001 60.03725 0.54563 0.81514 -0.19450 eb
140.29866 39.22427 -0.84921 0.21563 0.48202 eb
140.30108 53.25080 0.44205 -0.16842 -0.88103 eb
140.34774 23.90658 0.83846 0.47906 -0.25978 eb
140.48097 72.51122 -0.12230 0.95825 0.25844 eb
140.72761 42.28562 0.49388 0.56995 0.65669 eb
140.87146 56.23502 -0.18528 0.10187 -0.97739 eb
141.77556 32.89411 0.72304 -0.06456 0.68779 eb
142.38848 78.10312 0.08119 -0.97988 0.18231 eb
142.46620 46.91606 -0.38908 0.62262 -0.67894 eb
142.50226 47.16577 -0.93324 0.09684 -0.34597 eb
143.15011 40.07372 -0.42226 0.79718 0.43151 eb
143.21136 33.13185 -0.18057 -0.91898 -0.35053 eb
144.29555 34.74356 -0.48826 0.68640 -0.53894 eb
144.33456 28.39189 0.24240 -0.97016 -0.00505 eb
145.27505 35.95347 -0.00013 0.44555 -0.89526 eb
146.28636 67.85246 0.40066 -0.83087 0.38616 eb
146.33402 53.03254 0.83865 0.42917 0.33537 eb
146.72363 46.28289 0.24803 -0.60084 -0.75991 eb
148.13971 12.66036 0.77205 -0.61759 0.15009 eb
149.97440 24.64873 -0.51618 0.23306 -0.82416 eb
151.03661 40.92522 0.71106 -0.11184 -0.69418 eb
151.26101 47.83051 -0.07965 -0.97414 -0.21144 eb
151.46701 84.10395 0.55590 0.55780 0.61631 eb
153.60748 77.40618 -0.06873 0.00554 -0.99762 eb
154.23229 39.83817 0.29496 -0.60037 -0.74334 eb
156.45578 37.30017 0.96632 0.25735 0.00082 eb
156.95207 45.04885 -0.13670 0.02602 -0.99027 eb
160.04147 40.90213 -0.77577 0.09125 -0.62439 eb
160.44982 55.98759 -0.18192 -0.52648 -0.83050 eb
160.65818 72.38305 -0.51345 -0.20147 -0.83413 eb
160.83534 46.45529 0.19428 -0.76600 -0.61279 eb
161.51289 62.74623 0.76509 0.46477 -0.44568 eb
161.53037 66.43017 0.32998 -0.94060 0.07992 eb
161.54485 33.42464 0.99980 -0.01540 0.01263 eb
162.06871 53.91840 -0.23668 0.37485 -0.89637 eb
162.12778 38.74918 -0.05475 0.23879 -0.96953 eb
162.78917 28.53877 0.46958 -0.79031 0.39358 eb
163.01631 45.15168 0.22991 0.66256 -0.71285 eb
163.95547 76.00219 -0.43762 0.87580 -0.20361 eb
164.11424 19.05447 0.96618 -0.25431 -0.04280 eb
164.43022 33.40072 -0.42759 -0.25883 -0.86612 eb
164.53606 14.55847 -0.73381 0.04152 0.67808 eb
164.83814 74.66677 0.38842 -0.90004 0.19763 eb
164.95857 50.96712 -0.32573 -0.14709 -0.93395 eb
164.99168 42.54117 -0.84111 0.52630 -0.12471 eb
165.37928 41.45890 -0.81798 -0.04369 -0.57359 eb
165.39572 39.94861 0.31149 0.74062 0.59536 eb
165.41500 37.38764 -0.38850 -0.18406 -0.90288 eb
165.45899 47.02059 -0.21331 -0.96110 -0.17547 eb
166.21614 62.31361 -0.49264 -0.79566 -0.35245 eb
166.22534 17.77612 0.29045 -0.77402 -0.56261 eb
166.37296 35.12257 -0.88195 0.46793 -0.05669 eb
166.71584 53.18209 -0.84042 0.53699 0.07311 eb
166.93242 43.98779 0.62334 0.11339 -0.77369 eb
167.46099 42.71620 0.96228 0.23504 -0.13704 eb
167.68543 63.09504 -0.70492 -0.15975 0.69106 eb
167.99350 36.41867 0.74412 0.08179 0.66302 eb
168.88275 50.03685 -0.49080 -0.86928 -0.05881 eb
169.04797 9.79938 0.28323 0.70055 -0.65499 eb
169.12556 54.37392 -0.13850 0.07988 -0.98714 eb
169.62912 84.33558 -0.35852 -0.22182 -0.90678 eb
171.42656 54.26611 -0.23158 0.72920 -0.64392 eb
171.74905 32.51399 0.57649 0.36774 -0.72967 eb
172.04196 54.42577 0.25876 0.76834 -0.58540 eb
172.40831 20.92093 0.81654 -0.09102 -0.57007 eb
174.02004 44.87902 -0.64590 -0.74301 -0.17535 eb
174.38752 55.69061 0.76690 0.54439 -0.33987 eb
174.99812 82.05410 -0.58284 0.68266 0.44077 eb
176.21515 28.36661 0.61497 -0.35655 -0.70334 eb
177.60326 14.22296 -0.84034 -0.07424 0.53695 eb
178.04566 77.38272 0.39338 -0.87666 -0.27697 eb
178.43527 60.19496 -0.00679 0.89771 0.44053 eb
178.99796 19.07829 -0.25487 -0.80871 -0.53013 eb
180.06091 45.54301 0.21039 0.89032 -0.40382 eb
180.90726 24.63279 -0.81358 -0.09236 0.57407 eb
181.07767 17.14303 -0.15478 -0.09926 -0.98295 eb
182.14120 35.54039 -0.14011 -0.05606 -0.98855 eb
182.47759 12.81875 -0.92054 0.34289 -0.18716 eb
182.71234 30.88351 -0.13884 0.83876 0.52650 eb
183.07908 21.15827 -0.06906 0.57285 0.81674 eb
183.16203 28.96984 -0.39430 0.61499 0.68287 eb
183.33986 36.52445 -0.21346 0.01976 -0.97675 eb
184.85731 40.47029 -0.30903 -0.94741 -0.08316 eb
185.13403 78.79651 -0.28150 0.83389 -0.47475 eb
185.17097 61.51860 -0.63601 0.76081 0.12908 eb
186.19740 27.49763 0.99834 -0.01238 0.05617 eb
186.94777 36.45291 0.68820 0.13405 0.71303 eb
187.22079 45.53255 0.49377 -0.86742 0.06135 eb
187.52634 50.61396 0.85205 0.48505 0.19684 eb
187.85591 70.25271 -0.20011 -0.96182 -0.18673 eb
187.87421 48.30419 -0.99881 0.03052 0.03802 eb
188.33619 11.97036 0.33866 -0.16859 -0.92568 eb
189.46130 64.21185 0.27795 0.90098 -0.33313 eb
190.50997 73.68699 -0.10514 -0.70317 -0.70321 eb
191.62047 79.89245 -0.73617 -0.45558 -0.50050 eb
193.53683 57.90341 0.71020 0.69279 -0.12514 eb
193.69728 57.26717 0.11494 0.82890 -0.54746 eb
194.51045 72.60035 0.03856 0.21626 -0.97557 eb
195.46829 68.77227 -0.38508 -0.75786 0.52666 eb
195.59693 47.08058 0.77521 0.31066 0.55003 eb
196.07848 33.70801 0.79791 0.30040 0.52259 eb
196.53173 50.41961 0.36366 0.54466 -0.75571 eb
197.13950 37.63423 0.58953 0.77091 -0.24117 eb
197.23541 45.77782 0.84849 0.44237 0.29048 eb
197.28738 77.12726 -0.10099 -0.93152 0.34939 eb
197.44120 21.36558 -0.75149 0.65809 -0.04669 eb
198.54427 74.85590 -0.08884 0.01301 -0.99596 eb
198.75143 72.61454 0.24248 0.21097 -0.94694 eb
199.16378 8.58795 -0.33110 0.37220 -0.86709 eb
199.30503 43.40632 0.92860 -0.37045 0.02190 eb
199.52680 35.15559 0.36564 -0.49572 -0.78776 eb
199.65139 40.35911 -0.38920 0.75227 0.53161 eb
200.07173 43.70262 0.24046 -0.69538 -0.67722 eb
200.53992 86.95803 -0.26948 0.45433 -0.84909 eb
200.71831 25.20034 0.97717 -0.17875 0.11484 eb
201.13437 32.93070 0.36839 -0.92274 -0.11332 eb
201.58935 46.40164 0.06096 -0.62289 -0.77993 eb
202.05805 23.65397 0.87766 0.41054 -0.24732 eb
204.02362 16.52640 0.70461 0.24175 -0.66715 eb
204.26841 43.78524 -0.50352 -0.83411 -0.22524 eb
204.40480 27.63083 -0.70580 0.67028 -0.22927 eb
205.66563 26.95808 0.01048 0.10884 -0.99400 eb
206.75186 60.05845 0.79436 -0.40160 -0.45576 eb
207.68546 35.25949 0.01994 0.26804 -0.96320 eb
208.48045 74.74240 -0.47189 -0.15649 -0.86766 eb
208.84085 57.75452 0.96744 -0.11501 0.22547 eb
208.95135 32.57819 0.67789 -0.71765 0.15949 eb
209.38660 69.03431 -0.93097 0.32035 0.17511 eb
209.43891 29.17982 -0.33432 -0.84270 -0.42199 eb
209.65462 46.33118 -0.34421 0.90795 -0.23905 eb
212.46056 77.32578 -0.38032 0.68010 -0.62675 eb
214.19886 52.61091 -0.30291 -0.02872 -0.95259 eb
214.23315 41.46823 -0.65850 -0.56887 -0.49270 eb
215.79271 74.35836 -0.73997 -0.62386 0.25149 eb
216.19374 66.36569 -0.22137 -0.15311 -0.96309 eb
216.31001 27.19278 -0.79043 0.13744 0.59693 eb
216.98817 83.74529 -0.49761 0.11157 0.86020 eb
216.98842 58.73484 0.38083 0.01604 -0.92451 eb
217.12865 27.30177 0.65598 -0.02032 -0.75450 eb
217.33816 52.15768 0.15322 -0.74525 -0.64895 eb
217.41878 57.75839 -0.38499 0.86646 -0.31786 eb
218.35329 72.96228 0.96173 -0.14923 -0.22980 eb
218.82699 26.05853 0.64098 -0.76366 0.07722 eb
219.18946 81.58768 -0.81103 0.42557 -0.40140 eb
219.48335 38.42557 -0.22885 -0.62653 -0.74504 eb
222.74740 29.80625 0.80990 0.44633 -0.38060 eb
223.28689 73.38539 0.15741 -0.96770 0.19690 eb
223.50151 28.60626 0.58131 -0.46855 -0.66523 eb
223.72659 24.58728 -0.69589 0.50447 -0.51112 eb
224.11052 34.05659 -0.89301 -0.26730 -0.36206 eb
225.13699 63.37417 -0.01715 0.54061 -0.84110 eb
225.35814 82.37933 0.27021 0.94300 -0.19429 eb
226.44335 42.99740 0.29618 0.71175 -0.63694 eb
226.66914 63.53612 0.09299 0.92202 -0.37582 eb
227.08760 30.11883 -0.39955 -0.56826 0.71934 eb
228.42048 15.74500 -0.59799 -0.22172 -0.77023 eb
229.44080 52.22777 -0.10225 -0.94978 -0.29575 eb
230.31274 25.39650 0.67402 -0.35126 -0.64985 eb
230.43765 53.46260 0.32873 0.43715 -0.83716 eb
230.49665 83.96449 -0.57159 0.04904 -0.81908 eb
231.75505 27.69827 -0.22527 0.73997 0.63380 eb
231.87231 62.58173 0.58065 -0.76732 -0.27215 eb
232.47276 59.47942 0.38072 0.57966 -0.72045 eb
233.15967 57.27038 0.73640 -0.53773 -0.41055 eb
233.17367 23.29690 -0.92447 -0.06957 -0.37486 eb
233.48941 55.21554 -0.31286 -0.93754 0.15213 eb
233.63947 58.23550 0.23712 0.35053 -0.90604 eb
234.50038 73.30746 -0.03695 0.78140 0.62294 eb
235.27537 38.76440 0.26096 0.00057 -0.96535 eb
236.03323 32.74769 0.16468 -0.15110 0.97471 eb
236.71283 29.13127 0.89888 0.43804 0.01163 eb
236.92388 29.22389 0.31069 0.93305 0.18133 eb
238.73420 22.78604 -0.05498 0.95357 0.29612 eb
238.85292 25.01406 0.80639 -0.52992 -0.26252 eb
239.33595 88.02808 -0.43789 -0.74662 -0.50081 eb
239.61194 55.60333 -0.63478 0.57094 -0.52065 eb
239.99252 25.45968 0.15471 -0.20066 -0.96737 eb
240.40999 67.92077 -0.03198 0.39079 -0.91992 eb
241.82952 52.45827 -0.34112 0.10627 -0.93399 eb
242.22609 57.24169 -0.31105 0.95037 -0.00635 eb
242.98664 41.17680 0.75315 0.64758 -0.11581 eb
244.46104 51.91496 0.51362 -0.85557 -0.06476 eb
244.95954 23.46672 -0.04933 -0.32739 0.94360 eb
245.25115 14.34682 -0.87381 0.46800 0.13204 eb
245.85091 23.11692 -0.26153 0.65362 -0.71020 eb
246.88056 45.82887 0.92455 0.00722 0.38099 eb
248.10706 62.53183 -0.40071 0.88857 -0.22332 eb
250.24268 38.05075 0.74473 0.06915 -0.66377 eb
250.95840 25.19454 -0.07312 0.98847 -0.13259 eb
251.81988 24.91914 -0.97249 0.14125 -0.18525 eb
252.25126 69.21575 -0.70912 0.17896 -0.68200 eb
252.82239 26.04887 -0.73954 0.47370 0.47822 eb
253.17515 40.87109 -0.25205 -0.63613 -0.72925 eb
253.26706 21.74860 -0.30767 0.53696 -0.78550 eb
253.28234 56.39958 0.84653 0.05782 -0.52919 eb
253.48449 67.45889 -0.65955 0.72931 -0.18193 eb
253.90198 65.03835 -0.85139 0.46958 -0.23372 eb
254.58604 37.85762 -0.27941 0.56428 -0.77687 eb
255.54766 32.29889 -0.10826 -0.22593 0.96811 eb
255.97081 38.61961 -0.17786 0.65101 -0.73793 eb
257.10032 76.91172 0.27250 0.34113 -0.89965 eb
257.85559 39.83677 -0.24605 0.60729 -0.75542 eb
257.90963 38.87051 0.57072 -0.79691 0.19801 eb
258.41305 42.45372 -0.10059 0.70762 -0.69939 eb
260.14255 25.91630 -0.22706 -0.48008 -0.84733 eb
261.51806 5.98217 0.52986 -0.71846 0.45063 eb
261.68291 39.64844 -0.70147 -0.41425 0.57995 eb
262.82640 22.06647 -0.61714 0.68598 -0.38545 eb
264.17252 38.21277 -0.38142 -0.36075 -0.85110 eb
264.46183 43.72327 -0.28353 -0.95896 -0.00044 eb
265.46525 67.97963 -0.31898 -0.90648 -0.27668 eb
266.55571 22.23640 0.39554 -0.91348 -0.09539 eb
266.88707 21.91170 0.96096 -0.08727 0.26255 eb
267.07325 25.16781 0.98510 0.14440 0.09347 eb
267.53544 30.84808 -0.44958 -0.04241 -0.89223 eb
267.72993 47.76290 0.05980 -0.92645 -0.37163 eb
270.05737 24.96762 -0.23299 -0.71950 0.65424 eb
270.09635 24.03428 0.51872 -0.61130 -0.59769 eb
270.24571 48.97017 0.00225 -0.70478 0.70942 eb
270.78414 33.92763 0.31716 0.89941 0.30078 eb
272.18667 28.57053 0.81207 -0.47361 -0.34095 eb
273.04975 21.98342 -0.07503 -0.49548 -0.86537 eb
273.90719 43.95230 -0.65117 -0.61169 -0.44923 eb
274.31981 64.99684 -0.28343 0.51837 -0.80682 eb
274.86145 70.02624 -0.01091 0.80863 0.58821 eb
274.96474 28.42629 -0.97127 -0.23689 -0.02294 eb
275.19122 32.33728 0.76902 -0.18422 -0.61211 eb
275.98231 56.04357 -0.60731 -0.66154 0.43994 eb
276.24918 13.25152 0.39895 -0.83725 0.37395 eb
276.34937 42.37891 -0.13914 -0.65271 -0.74472 eb
276.42381 42.18376 0.10217 -0.50147 -0.85912 eb
276.74446 15.36103 0.26850 -0.84060 -0.47042 eb
277.31126 28.69335 0.02401 -0.15901 -0.98699 eb
277.50787 65.34889 0.79403 0.60019 0.09638 eb
278.07282 18.19051 -0.97288 0.12324 -0.19574 eb
278.75673 73.94863 -0.40989 0.39831 -0.82057 eb
280.01215 58.62333 0.56906 0.80182 -0.18234 eb
280.30894 48.60778 0.59169 0.80616 0.00275 eb
283.26933 29.57444 -0.74281 0.07268 -0.66555 eb
283.56635 23.35609 0.02918 -0.91049 -0.41250 eb
284.68454 48.21105 -0.90562 -0.34552 -0.24592 eb
285.30408 62.83269 -0.78178 -0.62024 -0.06423 eb
285.51540 60.57447 -0.74671 -0.30085 -0.59323 eb
287.89601 80.31324 0.18268 0.20539 -0.96148 eb
288.37349 29.37130 -0.79160 -0.11568 -0.59999 eb
289.21841 86.71265 0.44842 -0.58245 -0.67799 eb
289.62934 24.47439 0.45847 0.82160 0.33880 eb
289.83866 14.92340 0.98375 0.11512 0.13780 eb
289.95341 49.76115 0.76692 -0.64162 -0.01261 eb
292.31682 80.38587 -0.63239 -0.14642 -0.76068 eb
293.20135 27.92609 0.11017 0.86841 -0.48345 eb
294.35567 78.27008 -0.09172 0.81500 -0.57216 eb
295.41265 30.32401 -0.62976 -0.44090 0.63954 eb
296.55255 66.46526 0.73880 -0.07452 -0.66979 eb
297.24869 28.81866 -0.47292 0.81146 -0.34334 eb
297.48300 79.76368 0.40498 0.81080 -0.42260 eb
297.70308 55.51481 0.01147 0.27384 -0.96171 eb
298.47768 50.85028 0.07985 -0.98486 -0.15389 eb
298.97495 27.59094 -0.30884 -0.10660 -0.94512 eb
299.85781 54.90179 -0.37294 -0.56585 -0.73534 eb
299.95147 24.20719 -0.57799 0.64227 -0.50341 eb
302.45483 31.14775 0.67272 -0.20235 -0.71169 eb
303.25071 54.08230 0.34302 0.91963 -0.19137 eb
303.29261 80.99062 -0.42497 -0.28701 -0.85850 eb
304.08912 23.99565 0.04582 0.09097 -0.99480 eb
304.15212 79.75423 0.17055 -0.49612 -0.85134 eb
305.24070 33.39180 -0.08846 -0.02107 -0.99586 eb
306.45905 42.03538 0.29717 -0.69786 -0.65168 eb
306.69114 40.34228 0.37075 -0.63148 0.68101 eb
307.25084 71.88790 0.01331 0.08091 -0.99663 eb
310.84256 32.99825 0.00329 0.87719 -0.48014 eb
310.85095 54.72346 0.03126 0.04708 -0.99840 eb
311.55317 36.71812 0.35476 -0.69519 0.62519 eb
311.62074 59.20842 -0.57753 0.79122 -0.20105 eb
312.78842 20.11426 0.74925 0.66051 0.04848 eb
313.73073 80.01628 0.44806 0.50765 -0.73589 eb
316.92866 38.23624 -0.12572 0.84171 0.52509 eb
317.89902 40.96832 -0.29652 -0.43428 -0.85057 eb
317.95094 54.05509 -0.93434 -0.30062 0.19138 eb
320.05685 28.08695 -0.73830 0.06697 -0.67114 eb
320.67291 56.09834 0.82813 0.43694 -0.35112 eb
321.17256 47.36413 -0.75968 -0.44180 -0.47719 eb
321.91978 35.61904 -0.97354 0.22741 0.02251 eb
326.28077 22.91296 -0.00197 0.11534 -0.99332 eb
327.05213 58.10489 -0.60935 0.77827 0.15164 eb
327.37899 57.94822 0.10946 -0.86866 -0.48317 eb
327.50036 52.84445 -0.20136 -0.81891 0.53744 eb
327.99676 84.32267 0.92024 0.22844 -0.31776 eb
328.34561 19.62466 0.22483 0.76033 -0.60938 eb
329.35544 70.04769 -0.75342 0.08086 -0.65255 eb
329.49597 38.47424 -0.39178 0.31130 -0.86579 eb
329.54048 65.60980 -0.63929 -0.57631 0.50909 eb
330.06585 84.67337 0.13523 -0.96792 -0.21175 eb
330.32665 85.63326 0.80957 -0.56589 0.15607 eb
330.50364 35.06267 -0.68511 -0.08548 0.72341 eb
331.13153 33.31139 -0.13845 0.98896 0.05277 eb
332.05143 60.58966 -0.21818 0.94403 -0.24738 eb
332.36392 80.43669 -0.80183 0.15463 -0.57720 eb
332.67917 36.04496 0.55789 0.81407 0.16143 eb
332.97464 18.94679 -0.76389 0.12851 0.63243 eb
333.88919 67.80514 -0.29723 -0.35804 -0.88513 eb
334.10797 78.80765 0.06929 0.93868 -0.33777 eb
334.13667 55.30136 0.12215 -0.84122 -0.52671 eb
334.63336 43.07576 0.62281 0.60786 -0.49256 eb
337.37360 45.91108 -0.67777 -0.56002 0.47645 eb
338.17259 37.70057 -0.70274 0.49490 0.51110 eb
338.34394 36.09844 -0.83777 -0.45030 -0.30882 eb
338.82962 74.32491 0.53520 0.23116 -0.81248 eb
340.52700 20.93069 -0.59549 -0.67684 -0.43275 eb
341.66959 48.34441 0.51506 -0.14971 -0.84398 eb
342.01457 40.51429 0.24039 0.95530 -0.17206 eb
342.28204 35.56096 -0.15368 -0.37599 -0.91379 eb
344.06023 55.23515 -0.92753 0.28233 -0.24489 eb
345.43156 27.18533 0.22540 0.23904 0.94449 eb
346.95030 33.82614 -0.69012 -0.59561 -0.41108 eb
347.72659 43.97795 -0.44343 -0.28720 -0.84905 eb
347.87299 32.38009 -0.33418 0.42491 -0.84129 eb
348.74129 48.81947 0.15945 -0.76435 -0.62478 eb
348.78995 79.49811 -0.90618 -0.25610 -0.33653 eb
349.17477 71.98025 0.06830 0.97227 -0.22365 eb
349.41817 13.33328 0.02781 -0.98802 -0.15182 eb
349.41881 24.27688 0.00798 -0.97389 -0.22688 eb
350.83064 35.00260 -0.05689 0.31096 -0.94872 eb
351.27492 26.27676 0.77591 0.05857 -0.62812 eb
352.66499 27.62606 -0.27340 0.21204 -0.93824 eb
353.37558 87.84666 -0.76828 0.09534 -0.63298 eb
353.56781 20.71447 -0.24950 0.96716 0.04840 eb
353.95210 43.23843 -0.59382 0.22157 -0.77349 eb
354.55634 62.35956 -0.59080 -0.66002 -0.46404 eb
354.65842 39.26573 0.43179 0.76291 -0.48117 eb
356.03879 33.17446 0.47253 -0.03468 -0.88063 eb
356.27361 87.13811 -0.09010 0.99317 0.07409 eb
358.41368 27.63561 0.49554 -0.85771 -0.13699 eb
359.60314 33.69759 -0.20395 0.09994 -0.97387 eb
361.43879 32.09827 -0.84916 -0.04478 -0.52623 eb
361.89675 55.29043 -0.67903 -0.20002 -0.70633 eb
362.82504 63.15967 -0.71096 0.44991 -0.54048 eb
363.29714 15.78486 0.97872 -0.20316 0.02905 eb
363.75334 23.25201 -0.11639 -0.49003 -0.86390 eb
366.91312 43.04514 -0.27293 -0.65368 -0.70584 eb
368.29969 45.45070 -0.06437 -0.52083 -0.85123 eb
368.86838 31.89229 0.00740 -0.64045 -0.76796 eb
369.05931 31.49103 0.78435 -0.29755 0.54430 eb
370.03703 19.55697 -0.34247 0.07997 -0.93612 eb
370.42165 29.41306 -0.25032 0.96735 -0.03972 eb
370.54022 47.19664 -0.48827 -0.77131 -0.40826 eb
370.84160 54.94364 -0.59480 -0.79318 0.13064 eb
371.65471 49.27515 0.86978 0.46702 0.15932 eb
374.21607 59.57248 -0.49073 -0.18208 -0.85207 eb
376.06350 28.61895 0.01031 -0.89087 0.45414 eb
379.35840 33.96967 -0.43420 -0.20560 -0.87704 eb
379.85657 20.10819 0.63664 0.13294 -0.75961 eb
380.05287 46.26258 -0.63261 -0.09221 -0.76896 eb
387.60716 25.73673 -0.12848 -0.69015 -0.71217 eb
393.53060 52.99423 -0.92138 0.12514 -0.36797 eb
395.02179 28.82737 -0.60870 -0.00794 -0.79336 eb
395.20859 61.68680 -0.31546 -0.92398 0.21619 eb
395.35476 12.50512 -0.53850 0.34402 -0.76920 eb
402.97000 62.82888 -0.66196 0.42045 -0.62051 eb
408.39752 21.37653 0.56390 0.73242 0.38155 eb
408.53018 45.85114 -0.43565 0.35661 0.82646 eb
418.05623 22.26975 0.74098 0.63281 0.22471 eb
419.98389 34.52491 0.36596 0.89626 0.25060 eb
432.44669 20.36377 0.75164 0.59911 0.27588 eb
444.02870 33.41044 -0.51209 0.11401 0.85133 eb
450.53238 20.44760 -0.73059 0.44535 -0.51759 eb
454.82275 17.91655 -0.37631 -0.30788 -0.87384 eb
454.84685 28.64384 -0.17078 -0.51389 -0.84068 eb
455.14502 37.59805 0.68309 0.68045 0.26530 eb
460.44661 19.42087 -0.04250 0.66675 -0.74407 eb
462.05590 30.72140 -0.09551 -0.72125 -0.68606 eb
468.18497 12.50335 -0.61533 0.00762 -0.78823 eb
489.70623 33.72743 -0.73265 0.24636 0.63445 eb
494.89368 28.36728 0.83265 0.12304 0.53996 eb
500.81250 20.64712 -0.42496 -0.90115 0.08569 eb
517.80515 25.21666 0.75773 0.37158 0.53644 eb
521.26687 32.55558 -0.49303 -0.77891 -0.38759 eb
528.84775 14.16053 -0.20325 -0.03355 -0.97855 eb
549.68464 43.30795 0.09102 -0.69186 -0.71628 eb
563.90110 14.99916 -0.55445 0.69227 0.46190 eb
565.73196 30.07210 -0.89906 0.38670 0.20532 eb
566.84404 25.70638 0.80330 0.58148 -0.12882 eb
568.23971 34.68212 -0.88558 -0.45081 0.11189 eb
569.84970 26.54772 0.36540 -0.55412 -0.74795 eb
639.23773 32.63367 -0.75598 -0.07464 -0.65032 eb
644.33183 15.97649 0.45243 0.19640 -0.86991 eb
644.91311 15.98124 -0.57910 0.57200 -0.58091 eb
662.00813 21.50623 -0.26004 -0.85010 0.45794 eb
675.59327 23.14679 0.11044 -0.22287 -0.96857 eb
680.64561 18.57094 -0.96851 -0.24815 -0.02021 eb
683.67711 29.80992 -0.51080 0.48349 0.71086 eb
708.66433 13.87350 0.44174 0.63540 0.63335 eb
714.19854 15.15821 -0.49141 0.68618 0.53635 eb
725.11270 26.48153 -0.22864 -0.86994 0.43696 eb
736.01439 27.18557 0.29416 -0.65598 -0.69510 eb
740.97344 12.96125 -0.62358 0.00537 0.78174 eb
746.12623 21.29394 0.33297 0.47747 -0.81311 eb
748.18150 21.67388 -0.77054 0.13979 -0.62188 eb
760.72956 43.71047 -0.68733 0.72453 -0.05129 eb
770.25190 47.13832 0.89386 0.40998 -0.18149 eb
779.49997 33.79158 0.96671 -0.25303 -0.03798 eb
785.51620 51.88187 0.38808 -0.73509 -0.55592 eb
814.25875 20.60376 0.58028 -0.80642 0.11387 eb
820.27911 32.21463 -0.47647 -0.62741 -0.61590 eb
826.21015 22.67037 -0.31539 0.18340 -0.93107 eb
846.56251 40.30007 0.49934 -0.83101 0.24512 eb
866.70798 29.41281 0.18473 -0.97681 -0.10826 eb
886.56936 22.16059 -0.63295 0.43024 -0.64364 eb
894.14925 18.28754 0.53189 -0.30341 -0.79059 eb
898.16761 25.94342 -0.69745 -0.62528 -0.35012 eb
910.59443 19.35618 0.67685 0.52950 0.51137 eb
921.99952 28.52375 0.20103 0.88370 -0.42268 eb
940.13890 31.52590 0.26194 -0.18646 -0.94690 eb
944.41738 15.26093 -0.22185 -0.26877 -0.93731 eb
978.70888 36.53663 0.14857 -0.08260 -0.98545 eb
1050.02739 16.64462 -0.69981 0.30859 -0.64424 eb
1068.17230 35.81675 0.54238 0.22914 0.80828 eb
1074.43006 26.44303 0.55762 -0.09973 -0.82408 eb
1115.67017 13.63076 0.57256 0.21090 0.79227 eb
1116.19568 31.06654 -0.42035 0.80300 -0.42250 eb
1177.29722 14.92147 0.44978 0.21004 -0.86809 eb
1279.78448 26.32503 -0.62145 -0.59643 -0.50801 eb
1295.48422 37.45317 0.35708 -0.43415 -0.82705 eb
1342.44198 13.95725 0.13216 -0.96749 -0.21564 eb
1345.71543 30.73944 -0.00701 -0.21771 -0.97599 eb
1373.47767 23.53023 0.61143 0.50934 -0.60558 eb
1392.73492 18.65031 -0.54137 0.31987 0.77756 eb
1399.03075 31.18293 -0.70830 -0.62322 0.33152 eb
1415.49798 15.92306 0.61070 0.78611 -0.09528 eb
1424.55757 24.56920 -0.86083 -0.31903 0.39647 eb
1450.38182 19.71003 0.98706 0.12213 0.10394 eb
1498.87441 14.53864 -0.89280 0.43485 0.11753 eb
1507.98595 17.45173 0.19864 0.97328 0.11523 eb
1531.28189 25.48249 -0.28082 0.82615 -0.48849 eb
1614.42058 32.64418 -0.77633 -0.63011 -0.01653 eb
1670.87736 14.97121 0.22889 0.49400 -0.83879 eb
1708.14571 32.49420 0.51580 0.47429 0.71344 eb
1732.36171 27.11828 0.46822 0.28605 -0.83603 eb
1744.44810 11.03210 0.12361 -0.21987 -0.96767 eb
1761.41865 20.54770 -0.48991 0.74903 -0.44604 eb
1803.93718 22.06870 -0.04595 -0.16072 -0.98593 eb
1839.98412 11.91321 -0.29297 0.92999 0.22201 eb
1872.22481 22.46244 -0.07863 -0.27728 -0.95757 eb
1983.40078 16.61947 0.42790 -0.88631 -0.17709 eb
2004.53369 18.73114 0.44427 0.63370 0.63329 eb
2007.67045 38.98933 -0.52466 0.25984 -0.81069 eb
2040.75632 19.34547 -0.06730 0.65361 -0.75383 eb
2098.86777 19.74753 0.84402 0.35327 -0.40352 eb
2178.33514 18.87907 -0.29997 0.44219 0.84527 eb
2194.24270 24.98639 -0.52475 -0.31708 0.79000 eb
2195.44484 25.02462 0.17491 0.87208 -0.45704 eb
2202.75677 16.37741 0.01717 0.21326 -0.97685 eb
2210.60268 19.74320 0.31795 0.77823 0.54154 eb
2212.80980 17.06115 0.27196 0.95242 -0.13759 eb
2218.47773 11.05103 0.04966 -0.63807 -0.76838 eb
2336.18333 31.93458 0.34577 0.77824 -0.52420 eb
2361.09770 16.64716 0.79480 -0.56674 0.21702 eb
2379.92646 10.79586 -0.51990 0.04320 0.85313 eb
2384.66740 21.24026 -0.11498 0.83994 -0.53035 eb
2434.20003 36.76140 0.46346 -0.62101 -0.63211 eb
2477.39882 27.14164 0.86035 -0.47445 -0.18627 eb
2533.34033 24.60070 0.73112 -0.67962 0.05983 eb
2577.85326 29.33994 -0.48591 -0.65062 -0.58360 eb
2708.48358 28.46967 -0.10931 -0.43254 0.89496 eb
2732.60815 17.16885 -0.11570 0.99302 0.02298 eb
2779.24719 18.55406 -0.46631 -0.83351 0.29633 eb
2943.00137 22.11625 0.65779 -0.30298 0.68957 eb
2944.47415 29.58069 -0.18565 -0.75541 0.62840 eb
3018.18940 58.31347 -0.96345 -0.04604 -0.26390 eb
3091.70569 11.31843 0.85791 0.10346 0.50327 eb
3105.62592 11.99070 0.90436 0.08337 -0.41855 eb
3111.94915 14.50351 0.62557 0.33485 0.70466 eb
3140.25241 9.25012 -0.75027 -0.52283 -0.40466 eb
3319.44251 17.37970 0.86673 0.44953 -0.21610 eb
3437.35622 17.99145 -0.29347 0.11085 -0.94952 eb
3478.50199 27.31173 -0.21223 0.97667 0.03287 eb
3514.31043 25.24409 0.04024 0.06101 -0.99733 eb
3665.93820 38.91637 0.19698 0.11583 -0.97354 eb
3728.54890 28.12120 -0.90461 -0.35507 0.23582 eb
3794.00138 19.16449 0.26972 0.96286 -0.01249 eb
3801.82573 21.74587 0.60341 0.13005 -0.78675 eb
3809.40556 25.60085 0.31070 -0.42679 -0.84930 eb
3912.04807 25.27070 -0.36298 -0.80772 0.46458 eb
4078.03923 11.61912 -0.64770 -0.62912 -0.42975 eb
4324.83213 12.21491 -0.42058 -0.67003 -0.61170 eb
4339.64730 5.03661 -0.18499 0.53114 0.82684 eb
4392.68411 17.86953 -0.69980 -0.47015 -0.53780 eb
4492.46630 19.44620 -0.17310 -0.02388 -0.98462 eb
4569.18675 9.97686 -0.87607 0.04174 -0.48038 eb
4690.71107 47.76266 0.25268 0.14583 -0.95650 eb
4760.59968 9.88472 0.38998 -0.32293 0.86234 eb
4849.23725 32.80738 -0.92485 0.37973 0.02128 eb
4872.84320 15.78559 -0.60494 -0.79564 -0.03154 eb
4935.25974 9.75258 0.41986 -0.90637 0.04693 eb
4978.56084 8.80428 0.18906 0.96759 -0.16744 eb
4992.32177 27.64145 -0.18123 -0.96598 0.18447 eb
5021.74105 22.32478 -0.54271 0.04151 -0.83889 eb
5044.37352 15.72257 0.31356 -0.94573 -0.08529 eb
5239.46043 19.50102 -0.51584 0.82905 0.21585 eb
5562.73744 16.60153 0.97322 0.22979 -0.00596 eb
5562.75934 11.84561 0.77371 -0.62913 0.07460 eb
5635.45762 14.50348 -0.79672 0.11779 0.59276 eb
5825.16275 41.62927 0.08864 0.91479 -0.39409 eb
5836.25445 18.09560 -0.24425 0.34252 0.90721 eb
6034.51197 43.34555 0.39808 0.74999 -0.52825 eb
6174.45449 23.07024 -0.41933 -0.90079 0.11287 eb
6705.82503 31.39921 -0.42936 -0.86497 0.25975 eb
7100.49189 15.49293 0.77756 -0.20591 0.59413 eb
7404.08966 18.81076 -0.53637 -0.41594 0.73437 eb
7683.08039 23.14887 -0.97771 0.03074 0.20770 eb
7695.82462 18.61396 0.49603 -0.39388 0.77383 eb
8161.34138 21.49153 0.27241 0.67700 -0.68372 eb
8264.48109 30.25487 0.22027 0.09989 0.97031 eb
8516.63421 22.90525 0.17477 0.91299 0.36867 eb
8705.27479 9.01149 -0.42048 0.19620 -0.88583 eb
9148.99691 24.90038 0.08953 -0.76245 -0.64083 eb
10243.00615 19.02570 0.43678 0.52006 -0.73400 eb
11572.89473 35.96834 -0.55321 -0.30787 -0.77407 eb
13989.99689 33.97016 0.89219 0.07871 -0.44474 eb
15502.86947 8.75950 0.86242 -0.19288 -0.46801 eb
15759.28080 17.36466 -0.57866 -0.79901 -0.16351 eb
