14.04749 67.24643 -0.86236 0.49057 -0.12519 e
14.98388 18.06681 -0.80936 0.05388 0.58484 e
16.75666 47.82774 -0.25986 0.39477 -0.88126 e
18.15007 80.27947 -0.51154 0.76040 -0.40016 e
19.03827 83.95602 0.24195 -0.60092 -0.76181 e
19.14421 56.81246 0.68381 0.10520 -0.72204 e
20.22473 81.89126 0.29422 -0.88446 -0.36217 e
20.57054 50.83610 0.59171 0.80455 -0.05072 e
20.70691 53.69643 -0.55838 -0.68924 0.46169 e
20.75297 78.43420 0.54574 -0.79224 0.27300 e
20.80395 73.03852 0.92423 0.17040 -0.34171 e
21.14249 61.64611 -0.53015 0.47901 -0.69964 e
21.36687 83.94674 0.82553 -0.13349 -0.54835 e
21.48838 74.89061 0.50245 0.72090 -0.47734 e
21.49371 49.49798 -0.26932 0.52947 -0.80444 e
21.64692 43.38579 0.41483 -0.84071 -0.34804 e
21.71652 33.54624 0.84962 -0.33913 -0.40391 e
21.85235 50.20270 0.54051 -0.73307 -0.41285 e
21.87278 38.32050 0.26336 0.27379 -0.92503 e
22.14319 64.18969 -0.59985 -0.71389 -0.36131 e
22.35334 23.93033 0.31910 -0.26658 -0.90946 e
22.60253 53.92304 -0.19196 -0.12731 -0.97311 e
23.13261 70.54061 0.65523 0.72507 0.21201 e
23.45409 70.21339 0.23471 -0.65622 -0.71714 e
23.68948 65.29805 0.02558 0.87584 0.48193 e
23.77142 55.11878 0.47906 -0.61965 -0.62172 e
24.01687 79.76114 -0.59566 -0.73757 -0.31808 e
24.72651 67.57626 -0.18417 -0.49484 -0.84925 e
24.84528 66.15403 -0.35239 -0.89717 -0.26627 e
25.04352 38.44921 -0.52900 0.55742 -0.63988 e
25.24453 84.03761 0.43178 0.85765 0.27931 e
25.36308 83.08344 -0.91330 -0.36488 -0.18095 e
25.43033 80.64187 -0.74904 0.56499 0.34600 e
25.97967 24.98116 -0.19529 0.16318 0.96708 e
26.02873 71.38525 0.57539 0.80308 -0.15487 e
26.07543 82.22002 -0.10535 -0.88597 0.45162 e
26.49768 53.20793 -0.55852 -0.25851 -0.78818 e
26.63886 75.60589 0.59095 -0.79984 -0.10505 e
26.98100 43.88137 0.31151 -0.48461 -0.81738 e
27.08876 55.60814 0.14894 -0.86110 -0.48614 e
27.14727 58.41057 0.89418 0.14127 -0.42483 e
27.37605 68.50761 -0.93299 0.24145 -0.26688 e
27.61707 82.74505 0.02030 0.73656 -0.67607 e
27.74094 59.73213 -0.42532 0.83350 0.35266 e
27.85156 75.63550 -0.45918 -0.73640 0.49686 e
28.25366 35.93894 -0.31242 -0.83147 0.45940 e
28.49016 37.44717 -0.61348 -0.49744 -0.61335 e
28.57258 25.54667 0.69991 -0.67013 -0.24709 e
28.67784 55.25722 0.64442 0.60617 -0.46612 e
28.71750 73.14269 -0.44634 -0.37081 -0.81442 e
29.00278 52.27031 -0.33770 -0.59883 -0.72620 e
29.06740 68.96350 -0.87326 -0.48662 -0.02495 e
29.16163 80.11401 -0.12341 -0.47405 -0.87181 e
29.33820 55.19357 -0.44662 0.83710 -0.31590 e
29.56771 52.03544 0.43902 -0.16692 0.88284 e
29.67541 29.73836 0.73749 0.65783 -0.15287 e
30.20447 60.86923 0.96076 -0.01598 -0.27691 e
30.24040 56.30837 -0.71799 0.65574 0.23344 e
30.32636 36.42690 0.20931 -0.41014 -0.88768 e
30.49490 70.98498 -0.24292 -0.11047 -0.96373 e
31.01951 80.27537 0.18432 -0.33309 0.92470 e
31.17653 73.47263 0.21865 -0.38216 -0.89786 e
31.34605 63.96600 -0.08774 0.99052 0.10573 e
31.45345 59.39520 0.33060 -0.94357 -0.01956 e
31.54167 79.14960 0.59898 -0.37942 0.70517 e
31.59609 37.27353 0.47875 0.84508 0.23799 e
31.65513 52.54706 -0.25128 -0.19621 -0.94782 e
31.66686 39.87170 -0.41113 0.90085 -0.13943 e
31.73079 81.82845 -0.37024 -0.46780 -0.80255 e
32.15772 83.80781 0.51737 0.81305 -0.26698 e
32.42431 54.82896 -0.26829 0.94151 -0.20393 e
32.43475 41.54895 -0.01729 -0.99381 -0.10974 e
32.66453 83.12973 -0.61365 -0.21462 -0.75985 e
33.14260 53.73085 -0.43609 -0.41258 -0.79975 e
33.19580 72.32513 0.87558 -0.00768 -0.48301 e
33.37785 52.01697 -0.74577 -0.66508 0.03869 e
33.59785 42.78198 0.76168 -0.37524 -0.52824 e
33.92775 41.76757 -0.75819 -0.51741 -0.39678 e
34.14859 52.91533 0.71416 0.60747 0.34779 e
34.21632 62.07578 0.08366 -0.84170 -0.53343 e
34.48240 61.23105 0.67860 -0.36619 0.63672 e
34.66076 79.13257 -0.19506 -0.86512 -0.46209 e
35.01803 73.88134 0.52531 0.79393 -0.30614 e
35.09844 58.42885 0.10370 0.96949 -0.22213 e
35.35316 41.00361 -0.51260 0.75244 0.41361 e
35.49255 77.41983 0.00029 -0.84116 0.54078 e
35.49570 63.19744 -0.41784 -0.03002 -0.90803 e
35.72123 63.85816 -0.24747 -0.62519 0.74020 e
35.78495 25.97485 -0.36258 -0.68091 -0.63632 e
35.88197 46.43877 0.33978 0.28516 -0.89623 e
36.00948 41.79834 -0.25634 -0.91965 -0.29755 e
36.17762 47.13265 -0.40232 -0.75004 -0.52496 e
36.30188 33.78286 0.94496 0.06923 -0.31978 e
36.44167 75.70916 -0.58295 -0.68184 -0.44188 e
36.46833 71.02735 0.77565 -0.42205 -0.46930 e
36.56669 62.13100 0.12377 0.78224 0.61056 e
36.90883 84.60822 -0.37657 0.79429 -0.47677 e
37.03413 68.35373 -0.70464 -0.40359 -0.58361 e
37.08749 73.64494 0.92865 0.13647 0.34495 e
37.37374 45.33532 -0.09785 0.88805 -0.44921 e
37.37616 70.81792 0.21398 -0.94496 0.24752 e
37.38435 69.70645 -0.47512 0.86918 -0.13704 e
37.42806 83.05781 0.26627 -0.80017 -0.53743 e
37.83659 45.48353 -0.95996 -0.20538 0.19052 e
38.00679 73.42239 -0.26826 -0.88072 0.39034 e
38.48028 62.90982 -0.61974 0.24049 0.74705 e
38.85240 62.81649 0.78807 -0.28894 0.54357 e
38.96377 55.13344 0.21701 0.38081 -0.89883 e
39.09775 80.94059 0.36370 0.87768 -0.31210 e
39.10868 26.37602 0.38965 0.21412 -0.89573 e
39.13975 28.57171 0.33016 0.90338 -0.27368 e
39.25259 82.71674 0.84310 -0.52593 0.11215 e
39.35653 50.06870 -0.50028 0.71330 -0.49085 e
39.63283 46.28117 0.03763 0.89834 0.43768 e
39.68133 81.14775 0.40712 -0.12697 0.90451 e
39.76867 59.41371 -0.96194 0.17366 0.21098 e
39.79109 63.34068 -0.05553 0.82304 0.56526 e
39.82124 84.29841 -0.06885 0.96191 -0.26456 e
39.90357 68.78464 -0.17696 0.86008 -0.47848 e
39.96729 67.65108 0.87085 -0.45067 -0.19626 e
40.18444 35.03807 -0.88472 0.35535 0.30166 e
40.21775 45.00657 -0.28065 0.55186 -0.78529 e
40.22882 50.79791 -0.69812 0.04592 0.71451 e
40.44371 61.03873 0.99698 0.04177 0.06546 e
40.69708 78.76168 0.57640 0.24481 -0.77964 e
40.74206 57.27591 -0.84797 -0.50524 -0.16025 e
40.87414 32.07956 0.79522 -0.59243 0.12901 e
40.92304 61.52040 -0.23012 0.86814 -0.43975 e
41.05127 68.47431 -0.77132 0.11001 -0.62686 e
41.23729 76.34103 0.67403 -0.67428 0.30171 e
41.38795 82.81021 0.54269 -0.71539 -0.44012 e
41.55700 60.83248 -0.38867 0.57991 -0.71599 e
41.64756 56.40532 -0.09556 0.01733 -0.99527 e
41.78116 72.00879 -0.02860 -0.02026 -0.99939 e
41.94146 78.89402 0.48170 0.65608 0.58097 e
41.98998 55.99473 -0.70107 -0.70265 -0.12160 e
42.42587 29.09560 0.62505 0.51980 -0.58234 e
42.43695 57.09289 0.18858 -0.90388 0.38397 e
42.50120 34.23363 0.45155 -0.87948 -0.15041 e
42.74129 55.58973 0.06482 -0.75509 0.65241 e
42.85865 78.50295 -0.71611 0.69392 0.07523 e
43.11921 34.99731 -0.91996 0.30287 -0.24887 e
43.14579 74.78020 0.63398 -0.72236 0.27617 e
44.05683 77.30793 -0.30588 -0.67247 -0.67396 e
44.34341 71.81065 0.51626 -0.26885 -0.81314 e
44.47155 57.06892 0.82820 -0.09587 -0.55217 e
44.97796 48.04145 0.41780 0.54170 0.72938 e
45.21005 31.95812 -0.02544 -0.42585 -0.90443 e
45.33004 23.17629 0.06967 -0.08578 -0.99388 e
45.37959 82.57937 0.43220 0.61528 -0.65927 e
45.38830 61.60418 -0.02235 0.49397 -0.86919 e
45.78850 83.19453 0.53401 0.22413 0.81523 e
45.84481 28.63719 0.69919 -0.71222 0.06226 e
45.99620 55.76440 -0.66385 -0.67400 -0.32408 e
46.07579 23.35055 0.70205 0.68945 -0.17829 e
46.22262 68.05716 0.21170 -0.64023 -0.73844 e
46.26874 23.79842 0.01501 -0.44336 -0.89622 e
46.30508 58.37640 0.73530 0.05748 -0.67530 e
46.35104 74.33044 -0.05936 0.93206 -0.35741 e
46.76837 37.08334 0.18550 0.25815 -0.94813 e
46.79225 53.51532 -0.92038 -0.23493 -0.31260 e
46.85115 81.34375 0.50870 0.37463 -0.77516 e
47.02410 68.93095 -0.76322 0.64138 0.07828 e
47.14757 73.00932 0.86710 -0.48621 0.10835 e
47.34084 67.30748 0.78852 0.58030 0.20371 e
47.35025 40.67595 -0.26212 0.20271 -0.94350 e
47.43633 26.44574 0.89447 -0.42162 -0.14883 e
47.60116 39.79704 0.06394 0.82604 -0.55997 e
48.05884 66.69218 -0.87548 -0.43451 0.21153 e
48.08312 29.40152 0.25965 0.85215 -0.45433 e
48.43650 73.77465 0.24522 -0.52119 -0.81745 e
48.48086 75.32383 0.35543 -0.52156 0.77566 e
49.29384 38.31105 0.67076 0.44535 0.59308 e
49.69839 81.78637 0.44123 -0.89101 0.10682 e
49.71865 75.40752 0.68601 0.20197 -0.69899 e
49.84670 75.69720 -0.64011 0.58027 0.50352 e
49.97974 59.28897 -0.52666 -0.54018 0.65638 e
49.97991 61.45494 0.03369 0.05612 -0.99786 e
50.02036 59.37995 -0.10219 -0.15139 -0.98318 e
50.95128 48.09270 0.23197 0.12900 0.96413 e
51.02956 76.34590 -0.17391 0.45235 -0.87472 e
51.25253 58.69647 -0.06000 -0.77554 -0.62844 e
51.30999 57.60765 0.87732 -0.02371 -0.47931 e
51.62089 51.63079 -0.39936 -0.88983 0.22072 e
52.00925 8.30026 -0.98071 0.06157 -0.18550 e
52.30631 46.04326 -0.85056 -0.27411 -0.44879 e
52.53150 19.32611 0.01560 -0.88019 0.47436 e
52.69356 65.00710 0.11235 0.49363 -0.86239 e
53.00060 71.65814 0.93828 -0.09897 -0.33142 e
53.03405 77.36091 0.19665 -0.11091 -0.97418 e
53.31785 60.21239 -0.54757 -0.83658 -0.01715 e
53.59212 69.06365 -0.34820 -0.04878 -0.93615 e
53.74857 71.43900 -0.71449 0.53688 0.44862 e
53.74978 45.75266 0.91396 -0.16166 -0.37221 e
53.85383 42.25446 0.78929 0.24806 -0.56168 e
53.89921 67.14033 0.66764 -0.59650 -0.44548 e
54.17794 60.40305 0.74694 -0.58639 0.31340 e
54.62675 60.91139 0.51784 0.45535 -0.72422 e
54.76125 28.43170 -0.52336 -0.07924 -0.84842 e
54.90257 76.99606 -0.32452 0.48220 0.81374 e
54.91620 33.65315 0.10598 -0.93359 0.34232 e
55.16644 69.36263 0.88353 0.46613 -0.04577 e
55.25819 30.65607 -0.47224 -0.84842 -0.23911 e
55.29880 52.25222 -0.55891 0.35614 -0.74886 e
55.89436 46.73943 -0.23334 0.92452 -0.30135 e
55.90136 56.50662 -0.38563 -0.69086 0.61156 e
55.90377 32.83510 -0.23813 -0.35450 -0.90423 e
56.08029 61.66443 0.49868 -0.45991 -0.73471 e
56.13383 46.90175 0.95490 -0.03883 -0.29439 e
56.69689 24.31602 0.53880 0.71169 -0.45077 e
56.82497 76.08427 0.98147 -0.19067 0.01912 e
57.00784 52.42812 -0.21895 -0.51575 0.82829 e
57.51309 60.08022 -0.56762 -0.49216 -0.65999 e
57.76623 39.11277 0.32965 0.93772 0.10959 e
57.90980 82.33560 0.71580 0.22247 -0.66192 e
57.93775 35.47548 0.98375 0.16454 -0.07190 e
58.06361 58.57271 0.68464 0.10266 -0.72161 e
58.36831 48.32264 -0.50383 0.69181 -0.51725 e
58.40945 45.44908 0.02004 -0.95223 -0.30472 e
58.42294 67.27454 0.75682 -0.65046 0.06420 e
58.62992 18.74030 0.19116 -0.98154 0.00596 e
58.74436 74.28676 0.70963 0.70454 -0.00695 e
58.96059 65.37360 0.08166 -0.95530 0.28414 e
59.02520 62.89435 -0.76967 -0.30081 -0.56314 e
59.28406 11.55207 -0.76378 0.63821 -0.09653 e
59.29384 60.38749 0.37348 0.92118 -0.10927 e
59.29652 63.67746 0.33517 0.31250 -0.88882 e
59.54621 33.53441 -0.10883 -0.95599 0.27246 e
60.29769 57.29248 -0.84133 -0.54026 -0.01701 e
60.31658 82.86923 0.91006 0.19322 -0.36667 e
60.45213 73.57546 -0.36113 -0.10774 -0.92627 e
60.57854 30.19710 -0.03410 0.57513 0.81735 e
60.60081 28.36110 -0.89887 0.17843 0.40024 e
60.64060 68.89956 -0.10881 0.83672 0.53671 e
60.75900 44.91447 0.73810 -0.10615 -0.66628 e
60.84828 37.46679 -0.74248 -0.53650 0.40111 e
61.18766 38.48302 0.65411 0.75325 -0.06896 e
61.20236 62.94795 0.33377 -0.72827 -0.59852 e
61.33359 53.03520 0.69284 0.57492 0.43525 e
61.72380 73.82993 0.52277 -0.76991 -0.36598 e
61.76706 70.55408 0.14457 0.95432 0.26149 e
61.79566 65.89034 0.84755 0.02141 -0.53028 e
61.97252 48.62720 -0.47762 0.78207 -0.40031 e
62.22197 23.03089 -0.28147 -0.89520 -0.34554 e
62.29772 82.37617 0.08019 0.54194 -0.83658 e
62.37777 70.78395 -0.84256 0.50442 -0.18884 e
62.41976 74.71408 -0.47777 -0.50739 0.71714 e
62.42702 63.84968 0.95770 -0.13612 0.25354 e
62.56981 83.10860 0.93450 0.26370 0.23910 e
62.67169 47.89486 -0.80843 0.18180 -0.55981 e
62.85404 39.12982 -0.17441 0.26809 -0.94747 e
62.87157 67.15497 0.63658 -0.03457 -0.77043 e
63.07514 67.99118 -0.18945 0.94312 -0.27320 e
63.42374 60.70312 0.26574 0.55241 -0.79008 e
64.71143 43.03405 -0.85101 -0.50016 -0.16007 e
64.78034 81.91836 0.40256 0.33266 -0.85281 e
65.06383 82.27571 0.85030 -0.07418 -0.52105 e
65.34058 45.71529 -0.03032 0.35558 -0.93415 e
65.39699 74.91926 0.01806 -0.55712 0.83024 e
65.44307 62.37411 0.91422 -0.10163 -0.39226 e
65.76988 34.56842 -0.96263 -0.12735 -0.23902 e
65.98742 48.08362 0.42221 0.13510 -0.89638 e
66.29373 53.83513 -0.33009 -0.61255 -0.71821 e
66.59383 82.40483 -0.77576 0.61805 0.12729 e
66.88517 74.91349 0.58304 -0.61536 -0.53046 e
66.98041 35.55954 -0.71872 0.68696 -0.10732 e
67.63194 68.92805 0.15377 0.29236 -0.94386 e
67.89332 36.88598 -0.22729 0.80770 0.54403 e
68.13568 66.63282 -0.82252 0.56256 -0.08361 e
68.41129 30.61991 -0.52638 0.53722 -0.65904 e
68.66320 53.35339 -0.79483 0.45280 -0.40401 e
68.86318 49.64473 -0.03935 -0.89413 -0.44608 e
69.07233 29.16471 -0.63468 -0.56175 -0.53069 e
69.18909 37.15378 0.73108 0.32797 -0.59829 e
69.21907 68.17586 0.08075 0.23765 -0.96799 e
69.30441 53.71983 -0.22221 -0.32828 -0.91807 e
69.44799 44.05844 0.30430 -0.12536 -0.94429 e
69.49730 46.48503 -0.88707 -0.12143 -0.44537 e
69.53859 71.57654 -0.21748 -0.60825 -0.76337 e
69.74205 49.10156 -0.31829 0.92624 0.20190 e
70.29865 53.36848 0.92954 -0.27424 -0.24646 e
70.30507 72.10731 0.46586 0.51299 -0.72098 e
70.50002 35.78405 -0.77032 0.63610 -0.04468 e
70.56639 36.60491 0.95050 -0.20869 -0.23022 e
70.87260 31.49221 0.39418 -0.88901 0.23299 e
70.89279 64.05049 -0.11276 0.64522 -0.75563 e
71.23164 35.15898 0.94120 -0.29588 0.16307 e
71.60294 48.60244 0.55114 0.82996 -0.08602 e
71.77890 56.16518 0.77331 0.57551 0.26604 e
72.13484 23.71013 0.80051 -0.55948 0.21485 e
72.18688 40.23364 -0.05008 0.84988 -0.52459 e
72.30391 25.00780 -0.71392 -0.64783 0.26578 e
72.30661 22.72663 0.41461 0.07307 -0.90706 e
72.32207 69.33175 -0.86552 0.03898 -0.49936 e
73.01197 25.42176 -0.01326 0.41199 0.91109 e
73.02249 37.05533 0.33991 0.70688 -0.62031 e
73.13653 24.57328 -0.01914 -0.23088 -0.97279 e
73.57332 26.25731 0.69255 -0.09956 -0.71446 e
73.71439 13.30167 0.47162 0.82763 -0.30430 e
74.44614 78.45851 0.40338 -0.88505 -0.23232 e
75.45159 58.02060 -0.32018 -0.93490 -0.15309 e
75.47961 53.14333 0.82908 -0.20806 0.51898 e
75.51038 28.46771 -0.17797 -0.32662 -0.92825 e
75.62736 46.57362 0.87000 0.09799 -0.48322 e
75.79583 51.68989 -0.59056 -0.67705 -0.43913 e
76.22671 14.01970 -0.78509 -0.58568 -0.20152 e
76.30796 40.91153 0.57925 0.76613 -0.27843 e
76.99800 67.45119 -0.72007 -0.68821 -0.08867 e
77.07706 75.16586 -0.58590 -0.15517 -0.79539 e
77.29118 31.35174 -0.54025 0.53797 -0.64709 e
77.42406 41.04132 -0.66889 0.74093 -0.06007 e
77.46982 80.33908 -0.78979 0.47386 -0.38947 e
77.60509 71.76935 0.67758 0.69177 -0.24970 e
78.10216 28.09125 -0.06236 -0.26133 -0.96323 e
78.10896 52.07173 -0.62957 0.28050 -0.72454 e
78.77722 57.26693 -0.70965 -0.30950 0.63294 e
80.24871 73.44266 0.72241 -0.54581 -0.42453 e
80.94055 70.00638 -0.00403 -0.36684 -0.93027 e
81.17131 80.22222 0.26786 0.05481 -0.96190 e
81.27132 69.21349 0.13160 -0.97987 0.15014 e
82.07022 38.80100 -0.90306 0.09641 -0.41855 e
82.23520 80.79377 -0.05167 -0.99598 -0.07318 e
83.08801 40.97268 0.19321 0.00046 -0.98116 e
83.39605 38.28408 -0.13987 0.63741 -0.75773 e
83.47488 61.91521 -0.93446 0.08243 -0.34639 e
83.99024 76.60680 0.91128 -0.12481 -0.39241 e
84.24957 58.83385 -0.11650 -0.98827 0.09877 e
84.27581 80.93650 -0.60280 -0.41810 -0.67958 e
84.60350 32.60353 -0.44035 0.69074 0.57356 e
84.61208 18.38900 0.28330 -0.95890 0.01617 e
84.99158 71.86879 0.88631 -0.16777 -0.43162 e
85.07547 44.97384 -0.35102 -0.36203 -0.86355 e
85.52848 63.93327 0.21412 -0.36470 -0.90617 e
85.69549 21.04781 0.01161 0.76920 -0.63890 e
86.59023 36.81253 0.58256 0.03189 -0.81216 e
87.80364 45.90094 0.46819 -0.17132 -0.86686 e
87.97869 43.97846 -0.12168 0.94191 -0.31305 e
88.06235 60.90063 -0.05244 0.39929 -0.91532 e
88.25267 64.87887 0.06595 0.29900 -0.95197 e
88.75153 42.38615 -0.70821 -0.02745 -0.70546 e
88.79829 49.43690 0.60613 -0.70713 -0.36412 e
89.29989 51.25977 0.20244 0.93996 -0.27476 e
89.36956 41.58473 -0.65792 -0.50312 0.56037 e
89.86260 24.68495 0.66255 0.72010 0.20612 e
90.01337 24.78519 0.87162 -0.21102 -0.44244 e
90.14673 32.77395 0.34597 0.92304 -0.16822 e
90.33498 43.08170 0.58610 -0.37875 -0.71626 e
91.02088 82.92660 -0.61984 -0.29499 -0.72718 e
91.52655 53.44515 0.35366 -0.84198 -0.40743 e
91.94148 70.71825 0.34778 -0.91536 0.20289 e
92.93807 26.31385 0.38093 0.81652 0.43380 e
93.44016 33.08441 -0.92125 0.34760 -0.17454 e
93.74512 52.73420 0.09211 -0.56047 -0.82303 e
93.90354 36.50199 0.52077 -0.84538 0.11888 e
94.38644 62.27924 -0.06227 -0.56599 -0.82206 e
94.49386 79.97257 0.09782 0.45350 -0.88587 e
95.19105 52.04057 -0.09092 0.47505 -0.87525 e
95.20055 35.94497 0.58504 0.72561 -0.36225 e
95.44406 19.29660 -0.38239 -0.53617 -0.75253 e
95.64662 60.62469 0.96316 -0.04801 -0.26463 e
95.87996 48.40025 0.97127 -0.11639 -0.20757 e
95.95397 58.75321 -0.94031 0.19811 -0.27670 e
96.24767 73.02059 -0.58275 -0.38167 -0.71745 e
96.49849 82.06479 -0.42628 -0.63458 -0.64466 e
96.59966 76.78839 -0.42467 -0.24816 -0.87067 e
96.87286 47.75416 0.01172 0.49410 -0.86932 e
97.93446 38.60843 -0.95791 0.06516 0.27957 e
98.20001 33.66074 -0.38673 0.91204 0.13643 e
98.32273 42.77023 0.18680 -0.97997 0.06908 e
98.57874 71.04825 0.01181 0.86945 -0.49388 e
98.80092 57.23351 -0.05069 -0.92342 0.38044 e
99.19027 45.75040 -0.60564 -0.37615 -0.70123 e
99.87194 57.62334 -0.52332 -0.75373 -0.39752 e
100.12874 25.99922 -0.44090 -0.18965 0.87729 e
100.63236 53.38131 -0.57469 -0.20492 0.79230 e
100.76517 34.44794 0.22357 -0.52263 -0.82273 e
100.85721 23.16842 0.29772 0.85004 -0.43451 e
101.91663 40.07020 -0.04296 -0.52004 -0.85306 e
102.00284 73.16102 0.09728 0.97020 -0.22191 e
102.42331 55.10285 0.26339 -0.94907 0.17288 e
102.64359 46.20736 -0.48564 -0.87119 -0.07203 e
103.17390 62.74350 -0.95982 0.27850 0.03448 e
103.53114 48.74813 -0.73019 0.51149 0.45300 e
103.58578 39.42007 -0.83964 -0.19649 -0.50635 e
103.71207 28.74590 0.39972 -0.64886 -0.64746 e
103.92542 72.29145 0.52479 0.78160 0.33719 e
104.10907 17.30417 -0.44273 0.01108 0.89658 e
104.58136 77.44681 0.87581 0.46822 -0.11714 e
104.64777 78.65955 0.80642 -0.54216 0.23613 e
104.74814 58.47178 0.42239 0.74236 -0.52009 e
104.84148 77.30812 0.35359 -0.07944 -0.93202 e
105.84334 63.52922 -0.20256 -0.51024 -0.83584 e
108.38221 50.88415 0.99961 -0.01726 -0.02191 e
109.01539 62.90147 0.44042 -0.82769 -0.34780 e
110.67955 57.06036 0.88624 0.34500 -0.30913 e
112.12266 15.55488 0.96246 -0.21456 0.16623 e
112.46861 27.45684 -0.13195 0.96976 0.20532 e
112.47037 30.84373 -0.83598 -0.24816 -0.48945 e
113.00336 63.84794 0.21085 -0.01466 -0.97741 e
113.06923 27.51364 0.91943 0.33083 -0.21261 e
113.18644 55.11450 0.56195 -0.69821 -0.44353 e
113.85153 26.32156 -0.70324 -0.69536 -0.14806 e
113.85702 68.61862 0.20855 0.61587 -0.75974 e
114.91895 51.13183 0.85628 -0.08855 0.50887 e
115.10624 24.18679 0.15192 0.92030 0.36051 e
115.10961 52.87199 0.20322 -0.85610 -0.47518 e
115.44582 24.22770 -0.78454 0.24419 0.56998 e
115.60578 58.59604 0.74503 -0.66166 0.08448 e
115.81831 47.52832 -0.15380 -0.13094 -0.97939 e
116.33506 38.48508 -0.14939 0.87697 -0.45674 e
116.34131 24.50424 -0.01641 -0.70306 -0.71094 e
116.62991 29.61321 0.02163 0.07451 -0.99699 e
117.33326 72.02606 0.90351 0.14818 -0.40214 e
118.20138 58.37660 0.89563 -0.37155 -0.24455 e
118.59602 61.06785 -0.45923 0.41487 0.78549 e
119.09433 77.40178 -0.03612 -0.92082 0.38831 e
119.18521 52.88793 0.68120 -0.41363 -0.60405 e
119.42989 52.27513 -0.25746 0.36915 -0.89300 e
120.06043 67.38924 -0.78767 -0.56055 0.25565 e
120.19714 73.78674 0.47249 -0.88122 0.01441 e
120.49047 36.71592 0.68254 -0.55384 -0.47686 e
121.26238 64.55384 -0.54821 -0.82412 0.14246 e
121.46759 70.51431 0.27207 -0.95172 -0.14214 e
121.77507 33.66080 -0.09681 0.38143 -0.91931 e
121.87123 33.99008 0.68054 0.69056 -0.24493 e
121.96696 31.65770 -0.67648 -0.46044 0.57479 e
122.06988 47.85393 -0.65345 0.15198 -0.74155 e
122.22353 42.24265 0.18430 -0.00004 -0.98287 e
122.64073 46.79132 0.95866 -0.19354 0.20860 e
122.80339 66.55494 -0.03715 -0.41855 -0.90743 e
123.10785 38.75321 -0.23275 -0.73430 -0.63768 e
123.14041 80.21360 0.22848 0.15569 -0.96102 e
123.29637 60.90344 0.55639 -0.64196 -0.52756 e
124.01499 67.93882 0.82715 -0.34850 -0.44089 e
124.05525 17.78788 -0.26490 0.76026 -0.59316 e
124.34635 44.20344 -0.89250 -0.45098 -0.00802 e
124.37440 26.05335 -0.11586 0.53811 0.83487 e
124.40096 66.01100 0.12083 0.29726 -0.94712 e
124.66908 84.07337 0.33630 -0.24489 -0.90936 e
124.71382 57.05868 0.50775 -0.51170 -0.69307 e
124.73961 76.27560 -0.04603 0.61077 -0.79047 e
124.83077 46.31383 -0.05882 -0.89805 -0.43594 e
125.47917 35.81547 -0.10544 -0.49643 -0.86165 e
126.14892 19.40595 -0.58314 -0.07731 -0.80868 e
126.74328 57.15587 -0.86116 -0.02027 -0.50793 e
127.15209 72.99525 0.74548 0.59029 -0.30956 e
127.66228 43.59838 0.75144 -0.50172 0.42851 e
127.82449 71.55346 0.60039 -0.61762 -0.50801 e
128.41051 47.52084 -0.69563 -0.71819 0.01714 e
128.55251 32.82702 -0.99436 0.03613 -0.09968 e
128.56531 77.89010 -0.33540 -0.90730 -0.25359 e
129.70547 76.21297 0.91442 -0.13497 -0.38160 e
129.91975 24.61838 -0.35462 0.93233 0.07078 e
130.76146 63.89289 0.52368 -0.82520 0.21166 e
131.00365 62.16556 0.60489 0.32460 -0.72714 e
131.13825 44.08456 0.56601 0.28411 0.77389 e
131.91001 69.99200 0.94071 -0.30705 -0.14414 e
131.93344 66.98818 -0.24366 -0.34953 -0.90469 e
132.03555 41.51408 0.59557 -0.78456 -0.17255 e
133.53410 71.92264 0.73874 0.21272 -0.63954 e
134.29611 47.79627 0.17044 0.96204 0.21315 e
135.27347 56.53014 0.24807 0.94158 -0.22779 e
136.24847 54.21455 -0.54039 0.75719 -0.36694 e
136.24870 39.71259 0.72241 -0.41696 -0.55160 e
136.57440 66.71136 0.83254 -0.46816 -0.29614 e
137.69253 74.02643 0.12224 0.85059 -0.51143 e
137.84599 49.94505 0.56129 0.80684 -0.18430 e
139.01892 75.83168 0.72232 0.38177 -0.57664 e
139.17051 54.92194 0.60768 0.70542 0.36483 e
139.79792 59.41127 -0.58742 0.78252 -0.20641 e
139.99103 27.12156 0.60693 0.10669 -0.78756 e
140.18020 64.33570 0.76336 -0.59816 -0.24389 e
140.19454 68.72337 -0.69251 -0.69690 -0.18643 e
140.23906 84.63296 0.24786 0.22044 -0.94338 e
140.42973 39.64892 0.51125 0.77851 -0.36406 e
140.66136 82.80513 -0.57035 -0.49713 -0.65388 e
140.72781 69.14079 -0.96105 0.07953 0.26467 e
141.35885 51.62043 -0.15507 -0.57812 -0.80108 e
141.79274 46.69805 -0.21712 -0.54937 -0.80688 e
141.79736 69.87912 0.20288 -0.92197 -0.32986 e
141.96827 45.54931 -0.36302 -0.33341 0.87009 e
142.13595 30.68616 -0.92506 0.30099 0.23164 e
142.45339 61.67102 0.26297 -0.71821 -0.64422 e
142.59551 23.12790 0.95458 0.26848 0.12919 e
142.68963 68.83831 -0.25725 0.77188 -0.58140 e
142.80974 50.14779 -0.38663 -0.21964 0.89570 e
142.88794 63.15481 0.22653 -0.94688 -0.22827 e
143.39042 26.68520 -0.32013 0.36263 -0.87522 e
144.61946 47.55349 -0.00525 -0.10564 -0.99439 e
145.17716 54.21796 0.17313 0.91300 -0.36940 e
145.39312 62.50051 0.33153 0.13495 -0.93374 e
145.43957 40.14954 -0.80583 -0.28030 0.52161 e
145.68047 31.14498 0.88614 0.01248 -0.46326 e
145.79062 32.30664 0.20531 -0.97282 0.10711 e
146.38964 36.03052 0.43549 -0.59552 -0.67506 e
147.01633 24.18430 -0.13064 0.88252 -0.45177 e
147.08776 44.34286 0.61970 -0.77203 0.14124 e
147.22505 71.40641 -0.14109 0.60744 0.78173 e
147.43991 28.62665 0.28828 0.73438 -0.61447 e
147.73675 51.39938 0.35119 -0.28801 -0.89091 e
148.03614 52.52175 0.30828 -0.29096 -0.90571 e
148.95963 31.97303 -0.34294 -0.24885 0.90580 e
149.12382 43.42125 -0.00722 0.84934 -0.52780 e
149.27476 43.32809 -0.75880 0.04555 -0.64973 e
149.33103 43.44746 -0.75422 -0.53852 -0.37571 e
150.66842 72.77054 -0.86991 -0.48504 -0.08942 e
152.88804 19.81225 -0.84878 0.14140 -0.50948 e
153.26390 30.94668 0.11738 -0.73320 0.66980 e
153.38136 73.97238 -0.20717 -0.61172 -0.76346 e
153.47038 32.90155 0.84128 0.23920 0.48480 e
153.92245 42.96919 0.64245 -0.33370 -0.68986 e
154.06895 43.09234 -0.04877 0.62706 -0.77744 e
154.12563 48.67396 0.69020 -0.54706 -0.47366 e
154.47354 45.17116 -0.85297 -0.24860 -0.45896 e
154.49077 32.81896 -0.66103 0.35050 -0.66347 e
154.87156 19.84366 0.19420 0.52265 -0.83013 e
155.09843 54.19629 -0.17380 -0.70992 0.68250 e
155.32478 52.72482 -0.10314 0.86938 -0.48327 e
155.54386 67.03053 -0.64775 -0.70749 0.28262 e
156.75667 67.13044 -0.68762 -0.55565 -0.46737 e
157.02854 60.55677 0.79218 -0.61025 0.00705 e
157.13108 33.76576 0.57290 0.52172 -0.63213 e
157.55512 34.78544 -0.21945 0.97429 -0.05097 e
158.67078 84.10705 0.91379 0.34040 -0.22163 e
158.86002 35.97942 -0.58314 -0.47137 0.66163 e
159.01608 29.59245 -0.90194 -0.10902 -0.41787 e
159.01814 32.02045 0.90297 -0.29843 -0.30918 e
160.08961 64.65158 0.82942 -0.42085 -0.36736 e
160.44413 81.98716 -0.36276 0.90984 0.20149 e
161.35393 75.47363 0.23470 -0.01677 -0.97192 e
161.45570 44.58744 -0.53029 -0.79293 -0.30009 e
162.07019 74.80535 -0.25221 -0.94846 -0.19186 e
162.57317 82.21903 -0.28189 0.79374 -0.53900 e
162.87502 33.13584 -0.88944 0.26322 0.37364 e
162.96590 72.32230 0.00059 -0.69954 -0.71460 e
162.98183 74.84048 -0.64538 -0.23618 -0.72644 e
163.06775 48.50038 0.75873 -0.09059 0.64508 e
163.09677 43.24699 0.88668 0.25915 -0.38293 e
163.19920 51.69344 -0.93207 -0.22177 0.28648 e
163.52155 41.20464 -0.50850 0.85573 0.09566 e
163.68805 58.60279 -0.58798 -0.35571 -0.72646 e
164.08424 26.05167 -0.67583 -0.07144 0.73358 e
164.22694 42.42103 0.95632 0.03912 -0.28969 e
165.31478 74.87587 0.53959 0.08700 -0.83742 e
165.54778 47.35682 -0.93460 0.23131 -0.27021 e
165.89860 48.37137 0.77816 0.57958 0.24196 e
166.69695 44.58990 -0.52261 0.85232 -0.02066 e
167.47467 69.41707 0.56310 0.73409 -0.37952 e
168.10001 57.02676 0.56458 -0.80760 -0.17038 e
168.12556 45.18073 0.26784 -0.85250 0.44889 e
168.21173 24.62065 0.66824 -0.11825 -0.73448 e
169.21316 70.15825 -0.34002 -0.77557 -0.53187 e
169.58768 43.34835 0.34453 0.55560 -0.75671 e
170.42812 41.07490 0.01282 0.33896 0.94071 e
171.32249 19.97146 0.05012 0.33854 -0.93961 e
171.33496 19.73255 0.15061 -0.75935 -0.63301 e
171.53218 56.69678 0.98434 -0.02143 0.17496 e
171.61344 41.25611 -0.32990 -0.77949 -0.53251 e
171.73202 40.13563 0.15295 0.14161 -0.97804 e
172.48181 24.68873 0.00211 -0.75077 -0.66056 e
172.61860 61.88686 -0.85164 0.31033 0.42237 e
172.65592 20.98485 -0.79409 -0.25756 -0.55053 e
173.32923 84.91163 0.86363 0.49985 -0.06554 e
173.43290 57.18607 0.41124 -0.88970 -0.19828 e
174.07680 40.11126 -0.19205 -0.85847 -0.47555 e
174.12730 27.47046 0.19626 -0.03514 -0.97992 e
174.22284 35.37926 -0.48631 -0.34973 -0.80075 e
174.67342 58.39430 -0.92960 -0.12889 0.34529 e
174.79050 47.94319 0.60103 -0.36397 -0.71154 e
175.56541 66.55386 0.39085 -0.90918 -0.14366 e
175.85893 29.33619 -0.28046 -0.64664 -0.70937 e
176.11157 82.63856 -0.70026 -0.20050 -0.68516 e
177.81812 41.61659 -0.62427 -0.72856 -0.28194 e
178.12849 45.46554 0.04371 -0.26951 -0.96200 e
178.76008 54.64633 -0.11498 0.06311 -0.99136 e
179.34050 57.64744 -0.28763 0.58407 -0.75904 e
179.65242 34.16925 0.03855 -0.16700 -0.98520 e
179.67870 23.06339 -0.29191 0.07827 -0.95324 e
179.86349 69.10998 -0.98677 -0.03579 0.15812 e
180.28791 45.20892 0.97343 -0.18949 0.12859 e
180.51002 60.68135 -0.75992 0.62357 -0.18352 e
180.58070 70.49568 -0.70658 0.68761 0.16715 e
180.65777 35.59914 -0.28913 -0.15855 -0.94407 e
180.76746 36.68330 -0.72374 -0.02386 -0.68966 e
180.92421 29.61287 0.15945 0.69334 -0.70275 e
181.17676 27.63722 0.17423 -0.52367 0.83392 e
182.11484 64.70732 0.84816 0.08524 -0.52284 e
182.31686 51.37852 -0.97297 0.21351 -0.08793 e
183.20995 77.38110 0.18002 0.49532 -0.84985 e
184.02884 39.82537 -0.19993 0.15874 -0.96687 e
184.10354 40.48485 0.02214 0.99965 0.01458 e
184.83786 45.03028 0.77742 -0.56829 0.26954 e
185.22493 57.42625 -0.33013 -0.85625 -0.39732 e
185.22796 79.02737 0.19109 0.77600 -0.60109 e
186.89584 50.38251 -0.33880 -0.65337 -0.67699 e
186.99852 30.14188 -0.40280 0.66907 0.62458 e
187.83470 52.63243 -0.49859 -0.69800 0.51400 e
187.85030 48.14444 0.35870 0.26171 -0.89601 e
188.83686 77.24842 -0.32145 -0.92672 -0.19456 e
188.86520 28.92083 0.26421 0.69285 -0.67094 e
189.33430 59.59791 0.98339 0.14660 -0.10698 e
189.33732 54.28421 0.98547 -0.00491 0.16979 e
189.53657 51.70619 0.69751 -0.31422 -0.64401 e
189.80999 64.14816 0.45242 -0.47370 -0.75560 e
190.22976 27.32434 -0.91696 0.12647 -0.37840 e
190.39721 80.53612 -0.24707 0.92744 -0.28074 e
190.92179 11.19151 -0.40940 0.33364 -0.84916 e
192.11502 29.31468 -0.21291 0.40610 -0.88868 e
192.61591 75.25802 0.35080 -0.92470 -0.14788 e
193.43949 41.67768 -0.59267 -0.53696 -0.60034 e
193.57374 37.68541 -0.51832 -0.36182 0.77487 e
193.90288 48.99697 0.82739 0.56162 0.00232 e
194.11030 84.37473 -0.90418 0.13662 -0.40471 e
195.24801 23.45106 -0.29834 -0.71224 -0.63538 e
195.43185 57.50016 0.94003 -0.33878 -0.03959 e
195.89849 56.40779 0.35151 -0.93515 0.04403 e
196.03882 34.83302 0.68204 0.50679 0.52725 e
197.93683 84.40778 -0.26929 0.87299 -0.40665 e
197.94699 63.08176 -0.22428 0.74522 -0.62797 e
198.33812 46.02537 -0.77296 0.52817 0.35153 e
198.40165 60.62685 -0.69422 0.13021 -0.70789 e
198.67065 40.63640 0.87705 -0.45022 0.16755 e
199.16269 55.19150 0.01933 -0.26670 -0.96359 e
199.52628 30.32913 -0.27700 -0.83744 -0.47113 e
200.04357 42.60225 -0.55785 -0.78925 0.25668 e
201.04491 62.98095 -0.81700 0.48154 -0.31722 e
201.15326 41.54790 -0.38067 -0.76875 -0.51392 e
202.77974 79.21265 0.47731 0.86378 0.16141 e
202.86652 40.22845 0.37518 0.84020 -0.39153 e
202.94118 63.60325 0.54602 -0.55826 -0.62467 e
203.79664 35.84676 -0.21616 -0.80891 -0.54676 e
204.33611 72.14473 0.47599 -0.01586 -0.87931 e
204.42715 42.50143 0.16093 0.47107 -0.86729 e
204.84481 38.53870 0.32040 -0.80814 -0.49421 e
204.95983 77.60370 -0.91728 -0.03941 -0.39629 e
205.27691 81.68171 0.90131 -0.08070 0.42560 e
205.39188 58.18836 -0.20415 -0.20962 -0.95623 e
205.41315 49.55302 -0.19268 0.33553 -0.92211 e
205.86615 71.26989 0.03246 0.99498 0.09468 e
206.11960 63.95433 -0.20890 0.52549 -0.82476 e
206.23398 78.19026 -0.80018 0.58414 -0.13599 e
206.77975 43.99416 0.81282 0.05515 -0.57989 e
208.12591 44.78817 0.94280 -0.33320 0.01052 e
208.42157 67.55670 0.99401 0.04482 0.09971 e
209.68858 25.48717 0.15037 0.98376 -0.09801 e
209.81513 53.06232 0.42951 0.90023 -0.07143 e
210.24280 32.69401 -0.66350 0.67329 -0.32628 e
211.74485 40.84683 0.52038 0.46178 -0.71831 e
211.79538 44.96854 -0.99809 0.05661 0.02473 e
212.36996 18.59690 0.52596 -0.22562 -0.82004 e
212.62786 79.68438 -0.05924 -0.99704 0.04909 e
213.23878 16.01042 -0.86967 0.36876 -0.32816 e
213.50389 51.32757 0.54722 0.82745 -0.12600 e
214.20190 55.98521 0.33985 0.80428 -0.48747 e
214.51323 38.25173 -0.97487 -0.22277 -0.00183 e
214.67536 72.33492 -0.08267 0.97638 -0.19963 e
214.90688 28.46209 0.72048 0.36001 0.59271 e
216.43943 61.71109 0.82390 0.30487 0.47776 e
216.65590 43.66968 -0.33302 0.75087 0.57035 e
216.95512 18.68613 -0.07617 0.10278 -0.99178 e
218.24254 20.94389 0.67667 -0.46324 -0.57230 e
218.26486 61.10324 -0.86272 0.42081 -0.28041 e
219.16681 80.49133 -0.20495 -0.17163 -0.96361 e
220.04738 53.12123 0.59393 0.14793 -0.79080 e
220.05547 57.26060 -0.06423 0.86394 -0.49949 e
220.06359 35.15756 -0.94976 0.22797 -0.21443 e
220.06457 37.20679 -0.82938 0.19556 0.52334 e
220.69255 22.28220 0.47113 -0.58785 -0.65762 e
221.56107 45.81188 -0.95272 -0.16182 -0.25716 e
222.12116 70.30391 0.62238 0.58491 -0.52011 e
223.39361 73.01593 -0.77252 -0.32338 -0.54648 e
224.58569 55.00157 -0.18553 0.84195 -0.50665 e
225.41166 25.14814 0.15600 -0.79896 -0.58080 e
226.41138 77.60396 -0.29155 -0.59364 -0.75006 e
227.61984 24.89167 -0.69162 0.58641 -0.42164 e
227.81090 38.57542 -0.64850 -0.63100 -0.42579 e
228.19337 48.70745 -0.58499 0.42062 -0.69345 e
229.11827 59.30209 -0.83496 0.54113 -0.10008 e
229.45625 38.65310 -0.04349 -0.75282 0.65679 e
229.47386 41.22488 0.29706 -0.90224 -0.31259 e
229.75723 25.46858 -0.39406 -0.11483 -0.91188 e
230.50214 31.82174 -0.99424 -0.05050 -0.09449 e
231.32016 62.79030 -0.97377 -0.13427 -0.18370 e
232.50183 42.55243 0.12365 0.84473 -0.52071 e
232.80731 60.87833 0.82153 -0.56796 0.05007 e
232.90493 74.60591 -0.85583 0.07761 -0.51140 e
234.15095 18.53182 0.00057 0.85152 -0.52433 e
235.72000 61.14149 0.64780 0.33057 -0.68636 e
236.99744 33.57203 0.82968 -0.10976 -0.54734 e
237.54623 35.88580 -0.37922 0.73332 0.56430 e
237.98083 15.62569 -0.51261 -0.85628 0.06331 e
240.16709 44.22127 -0.80539 0.18752 -0.56231 e
240.61806 46.47293 -0.49496 0.66076 0.56428 e
241.23070 73.27619 -0.09866 0.47606 -0.87386 e
241.29001 26.01420 0.54240 -0.61200 0.57555 e
241.61007 33.26185 -0.66717 0.58647 -0.45928 e
241.88004 33.89949 -0.59131 0.54514 -0.59429 e
242.74932 65.67015 -0.03592 -0.06618 -0.99716 e
243.02014 48.00422 0.13376 -0.73773 -0.66171 e
244.90499 47.28900 0.59299 -0.59229 0.54549 e
245.12671 22.85112 -0.66568 0.49820 -0.55558 e
246.77499 39.74171 0.54865 0.34988 -0.75932 e
246.80122 75.72742 -0.74562 0.44430 -0.49663 e
248.09990 74.93099 0.01303 -0.71884 -0.69505 e
248.59729 51.91533 0.86421 -0.29754 -0.40572 e
249.40456 37.48588 -0.21480 -0.94576 -0.24370 e
250.67547 33.52438 -0.48683 0.83407 -0.25948 e
250.80854 47.43298 0.26949 -0.89763 0.34875 e
252.14327 19.98492 -0.47650 0.78590 0.39410 e
252.29000 18.89970 -0.51240 -0.00694 -0.85872 e
253.19851 65.79636 -0.27655 -0.92928 0.24487 e
253.40451 69.65895 0.69301 -0.71561 -0.08743 e
253.82229 22.30647 0.21355 -0.68076 0.70068 e
253.93552 29.57240 0.76908 0.23974 -0.59249 e
254.04968 59.68041 -0.96934 0.24533 -0.01373 e
254.09312 34.54239 -0.53453 -0.66138 0.52617 e
254.46933 62.51270 0.91316 0.21177 -0.34827 e
255.25975 72.70261 -0.23322 -0.93283 -0.27465 e
255.36865 14.25551 -0.15016 -0.27844 0.94864 e
256.58711 38.82495 -0.90587 -0.33490 -0.25932 e
257.84713 34.28345 -0.73893 0.67263 0.03953 e
258.55771 39.42691 -0.83899 -0.29069 -0.46000 e
258.88055 60.87279 0.30543 0.02501 -0.95189 e
258.98823 41.18310 0.98264 -0.15145 -0.10715 e
259.65230 71.04068 -0.63234 0.76437 0.12601 e
259.82611 71.17841 -0.53866 -0.79945 0.26595 e
259.87313 53.60623 0.66070 0.66262 0.35271 e
261.09579 63.53706 -0.28697 0.53036 -0.79772 e
261.36433 80.34976 0.27260 0.91214 -0.30608 e
262.34907 64.04804 -0.09915 -0.97557 -0.19604 e
263.28569 52.59435 0.22286 -0.40364 -0.88736 e
263.77010 27.51355 -0.73311 0.61126 -0.29816 e
264.25495 69.78061 -0.68366 0.38468 -0.62019 e
265.02910 24.31997 -0.12997 0.98233 -0.13466 e
265.33177 73.25013 0.51378 -0.30471 0.80199 e
265.73882 53.32814 -0.86158 0.49714 0.10263 e
266.69252 31.95353 0.06922 0.82728 0.55751 e
268.99075 56.81371 -0.34964 -0.80662 -0.47657 e
269.92652 32.35506 -0.26507 -0.94946 0.16814 e
270.12292 34.00914 0.74505 0.57174 0.34352 e
270.18978 39.32608 0.10446 -0.75633 -0.64579 e
270.66083 59.49548 -0.06349 0.86095 -0.50471 e
271.03150 35.52670 0.78747 0.24746 -0.56449 e
271.44826 25.67962 -0.77127 0.61374 0.16873 e
272.20558 37.08819 -0.52593 -0.49638 0.69066 e
272.66780 49.28990 -0.35263 -0.88113 -0.31507 e
273.53801 37.33312 0.73406 0.67907 0.00510 e
273.97857 65.15761 0.59257 0.76541 0.25101 e
275.75265 27.08281 0.49832 0.79812 -0.33866 e
276.11687 61.85935 0.82090 0.54735 -0.16289 e
276.13289 30.96150 -0.53254 -0.59255 0.60439 e
276.28807 54.79954 0.24598 0.31494 -0.91668 e
278.86561 38.90284 -0.77920 -0.56698 0.26718 e
279.35014 62.51016 -0.41249 0.48324 -0.77222 e
279.55616 32.34892 -0.55122 0.51940 -0.65298 e
281.44955 19.44048 0.83833 0.01125 -0.54505 e
282.94640 67.13309 -0.94806 0.02083 -0.31742 e
282.98378 61.88554 -0.91330 -0.08714 -0.39787 e
283.99007 58.07374 0.17453 0.22787 -0.95792 e
284.06560 41.73624 0.26828 0.35207 -0.89670 e
284.89971 77.23043 -0.20064 0.01841 -0.97949 e
285.01121 29.92120 -0.67680 0.66777 -0.30988 e
285.71724 37.46090 0.77873 0.33645 -0.52951 e
285.99075 42.90195 0.61665 0.71167 0.33656 e
286.58105 58.10735 0.35145 -0.93416 0.06183 e
286.59395 37.42373 -0.18956 0.84074 -0.50718 e
287.01125 27.33293 0.51689 -0.59935 -0.61123 e
287.30197 47.46716 0.87226 0.38256 -0.30464 e
287.34629 45.74995 0.86039 0.49917 0.10272 e
288.27169 59.19277 -0.02169 0.99754 -0.06668 e
288.90022 82.79275 0.55714 -0.00908 -0.83037 e
288.95284 16.14679 -0.46421 -0.61274 0.63958 e
289.21555 37.54172 0.22090 -0.68495 -0.69429 e
289.82381 51.10457 -0.32742 -0.05856 -0.94306 e
290.11282 36.05276 -0.35359 0.65707 -0.66576 e
291.05008 60.89838 0.91754 0.25003 -0.30919 e
291.54017 54.71507 -0.82514 0.19222 0.53122 e
293.04681 53.73749 0.69641 -0.50966 -0.50523 e
293.04881 40.40738 0.31676 -0.80864 -0.49574 e
293.10153 41.61740 -0.43507 -0.75460 -0.49122 e
293.84017 51.50885 0.43698 0.82825 -0.35080 e
294.84377 40.24312 0.28153 0.43547 0.85505 e
295.29457 30.30477 0.41883 0.50101 -0.75734 e
295.44049 74.35372 0.10707 -0.87126 0.47901 e
296.44180 64.70583 -0.06289 0.44435 -0.89364 e
296.46544 42.63891 -0.14937 0.96132 0.23140 e
296.56583 35.18123 -0.66908 0.69050 0.27486 e
296.74349 43.04091 0.09124 0.93683 -0.33766 e
296.77693 47.74025 -0.86155 0.48548 0.14847 e
296.82101 21.24767 0.05654 -0.19999 -0.97817 e
297.18268 49.07385 0.48878 0.06591 -0.86991 e
298.80448 56.99781 0.95409 -0.16356 -0.25091 e
298.91963 43.93518 0.08178 -0.91644 0.39173 e
299.14982 75.09382 0.77671 0.03788 -0.62872 e
299.43663 54.93720 -0.31797 0.87473 0.36571 e
299.69834 17.20492 0.92707 0.30593 -0.21667 e
300.24168 53.41234 -0.97844 -0.14469 -0.14736 e
300.25565 58.97024 0.79915 -0.27059 -0.53678 e
300.70644 63.15391 0.57630 -0.48467 -0.65800 e
300.72893 78.05486 0.33278 0.82657 0.45392 e
301.07120 36.01031 0.81992 -0.38203 -0.42636 e
303.40347 72.92284 -0.78937 -0.61147 0.05467 e
304.03166 31.55698 0.07647 0.21523 -0.97356 e
304.21663 53.40239 0.18672 0.90474 -0.38286 e
305.25461 24.35568 -0.07975 0.91022 -0.40636 e
307.40422 63.94598 0.41737 -0.75543 -0.50511 e
308.58750 60.38399 -0.49013 -0.77162 -0.40544 e
308.60281 54.42757 0.37349 -0.63544 -0.67581 e
308.76654 73.52291 0.65640 -0.05472 0.75242 e
309.33011 73.51431 -0.75325 0.41244 -0.51236 e
311.51493 79.57880 -0.14462 0.55835 -0.81690 e
312.45033 77.98454 0.99266 -0.09522 -0.07452 e
312.60130 50.00110 0.47781 -0.52430 -0.70485 e
314.75106 82.36563 0.71588 0.58346 0.38353 e
317.39936 16.14218 -0.45836 -0.76161 0.45810 e
317.56344 67.25462 0.69919 -0.47785 -0.53178 e
318.55634 53.48187 -0.64524 -0.53354 -0.54681 e
318.60078 52.03007 -0.27589 0.78381 -0.55635 e
318.71721 49.09130 0.99130 0.09066 0.09543 e
319.27865 69.02233 -0.40586 -0.73059 -0.54911 e
319.56556 30.41892 0.79235 0.09011 -0.60337 e
321.51168 21.49571 -0.30139 -0.03523 -0.95285 e
321.76465 38.12340 -0.66508 -0.46014 -0.58816 e
321.99523 27.39248 -0.12652 0.34255 -0.93094 e
322.00175 84.41162 0.79615 -0.59037 -0.13270 e
322.48107 75.06253 -0.51687 -0.72671 -0.45248 e
322.49172 15.54702 0.20572 0.57127 -0.79457 e
322.85740 48.98880 0.30311 -0.53350 -0.78962 e
323.88948 68.01577 0.83737 -0.50510 0.20902 e
324.09567 49.95965 -0.01592 -0.99950 0.02742 e
324.77909 67.06013 0.10210 -0.61349 0.78307 e
325.22095 48.25073 -0.43669 -0.42375 -0.79356 e
325.57672 41.56361 -0.86365 -0.01940 0.50371 e
325.75311 54.67336 0.14603 -0.78634 -0.60029 e
327.40464 70.65611 -0.35830 -0.46922 -0.80713 e
328.75842 44.22589 0.32175 0.03340 -0.94624 e
329.06529 47.35893 -0.82419 0.37378 -0.42545 e
330.12744 52.41327 -0.20237 -0.47915 -0.85408 e
330.63251 54.78267 0.59164 0.78195 -0.19625 e
330.63943 71.52600 -0.58710 0.68933 -0.42442 e
330.82093 24.22343 0.06019 0.55270 -0.83120 e
331.97715 14.75439 -0.76886 -0.31492 0.55648 e
332.56875 41.60982 0.30353 -0.26309 -0.91578 e
333.81673 25.29521 0.68297 -0.68383 -0.25677 e
333.88765 22.46789 -0.09865 -0.02164 0.99489 e
333.90307 83.06278 0.90538 0.20082 -0.37412 e
335.36471 44.42288 -0.27365 0.89168 -0.36059 e
335.70533 37.69723 0.79567 -0.18592 -0.57649 e
336.07100 68.36657 0.36495 0.88755 0.28120 e
336.14805 39.13878 0.51432 0.42231 -0.74641 e
336.96658 54.59859 -0.81958 0.26033 -0.51041 e
339.24342 78.12605 -0.05824 -0.96822 0.24324 e
340.31593 66.40976 0.78663 -0.58939 0.18393 e
340.46140 40.07580 0.49988 -0.86609 -0.00152 e
341.48424 51.56333 -0.74142 0.63229 0.22474 e
341.58244 60.34483 -0.03504 -0.39893 -0.91631 e
341.81726 39.33261 -0.53412 0.43081 -0.72741 e
342.22226 79.94830 -0.86575 -0.05547 -0.49740 e
342.83996 62.32510 0.14367 -0.88191 0.44900 e
342.88270 41.81957 0.00497 -0.71473 -0.69939 e
344.16761 43.44940 -0.91925 -0.31056 -0.24195 e
344.34111 84.28538 0.94284 0.12906 0.30723 e
345.18323 30.56930 0.96121 0.11295 -0.25163 e
345.38066 34.80474 0.67726 0.00355 -0.73574 e
345.54031 36.91957 0.52641 0.71923 -0.45343 e
346.96529 46.51194 0.82813 -0.51651 -0.21776 e
347.46992 77.34919 -0.23707 0.96254 0.13160 e
347.86426 33.04445 -0.47113 0.83176 -0.29361 e
348.40314 76.36211 0.37540 0.00225 -0.92686 e
348.62042 60.01918 -0.17844 0.15077 -0.97233 e
349.01002 20.67519 0.27597 -0.65518 0.70327 e
349.56609 45.02568 -0.76035 -0.64946 -0.00800 e
350.54063 28.72838 -0.61437 -0.28402 -0.73613 e
350.70770 21.38258 -0.43064 0.64401 0.63230 e
350.76319 26.98430 0.86540 -0.46848 0.17780 e
351.59492 53.83250 0.79924 0.57775 -0.16558 e
352.91102 50.27149 0.17388 -0.65256 -0.73752 e
354.09208 72.34391 0.77303 0.29456 -0.56184 e
355.46788 70.50212 -0.13477 -0.86014 0.49193 e
356.01766 35.82656 -0.97339 0.03501 -0.22648 e
356.26373 61.13020 -0.64813 0.75440 0.10392 e
356.37321 25.26022 0.35123 -0.93602 0.02257 e
356.61513 44.19708 -0.22316 0.81156 -0.53998 e
357.56820 63.10317 0.70139 -0.71205 0.03222 e
357.95488 22.69538 -0.35648 -0.02291 -0.93402 e
358.89726 54.55051 -0.69168 0.67314 -0.26166 e
359.10066 32.11751 -0.81365 -0.57578 0.08036 e
359.32262 27.64173 -0.35281 -0.90992 -0.21811 e
360.41575 59.61577 -0.83598 -0.13616 -0.53160 e
361.20347 65.81708 -0.85996 -0.44767 -0.24507 e
362.07977 41.78943 -0.37717 0.43954 -0.81520 e
362.79241 60.73218 -0.86580 0.43905 -0.24006 e
363.23574 23.76363 0.97778 0.19106 -0.08633 e
364.29439 75.25352 0.05953 -0.95447 0.29231 e
364.46768 23.42543 -0.79187 -0.06955 -0.60671 e
365.02572 55.32847 -0.12305 0.86120 -0.49315 e
365.99327 37.78711 0.57315 0.41846 -0.70455 e
367.30646 32.99776 -0.91268 -0.28370 -0.29416 e
367.69439 36.98296 -0.68082 0.20703 0.70259 e
368.91881 18.19390 -0.75847 -0.26788 -0.59411 e
369.11317 30.21360 -0.96280 -0.21331 -0.16590 e
370.04012 33.73073 -0.72301 0.39624 -0.56591 e
370.51184 24.82576 0.96351 -0.22849 -0.13945 e
372.24198 56.09259 -0.90098 -0.12514 -0.41541 e
377.38514 32.11302 0.16350 -0.75411 -0.63607 e
378.19500 42.65056 0.70714 0.18739 -0.68179 e
378.41645 37.48775 -0.86062 -0.17154 -0.47949 e
378.95394 80.59109 0.13610 0.00961 -0.99065 e
379.31171 29.68603 0.94707 -0.27655 0.16303 e
380.18410 53.15670 0.35470 0.72136 -0.59484 e
380.96121 77.69743 0.84136 -0.00239 -0.54046 e
381.80646 10.74498 -0.65714 0.40123 -0.63811 e
381.83203 42.36822 0.35483 -0.62468 -0.69561 e
383.80632 29.90631 0.81757 0.12234 -0.56268 e
383.88754 43.47739 0.18862 -0.93772 -0.29174 e
385.72816 31.40423 0.80788 -0.29158 0.51217 e
387.96112 29.10791 -0.92763 0.37137 0.03990 e
389.21490 26.79855 -0.34448 0.12323 -0.93067 e
389.89582 45.26479 -0.91713 0.39519 -0.05189 e
391.33443 29.02867 -0.74010 -0.64822 -0.17907 e
393.18569 24.07842 -0.67029 -0.71424 -0.20144 e
393.38710 62.30273 -0.68008 -0.46561 -0.56630 e
395.46047 34.04657 0.74563 -0.41251 -0.52333 e
398.23211 26.81208 0.23580 0.91391 -0.33040 e
398.94895 68.95992 0.51308 0.65267 -0.55746 e
399.67135 32.67541 -0.54602 0.82201 0.16173 e
409.48220 50.61378 -0.07481 -0.25681 0.96356 e
410.76332 76.54601 -0.15301 -0.97140 -0.18156 e
411.32551 12.47882 -0.77887 0.47146 0.41363 e
416.38855 41.59751 -0.26683 -0.95786 -0.10630 e
417.76837 19.81643 0.29763 0.57383 -0.76298 e
424.04379 27.81628 0.80028 0.25559 -0.54243 e
436.00327 20.41450 -0.65182 -0.66380 -0.36674 e
441.70165 17.54877 -0.42612 -0.16981 -0.88859 e
465.54251 26.76968 -0.57159 -0.40865 -0.71154 e
480.35591 31.52247 -0.76541 0.50343 0.40088 e
503.54912 9.80092 0.70689 -0.70213 -0.08561 e
507.97357 35.71446 -0.93553 -0.28783 -0.20480 e
508.84885 27.60400 0.10246 0.48390 0.86911 e
638.76995 27.48115 0.98909 -0.14356 -0.03289 e
664.03891 17.11958 -0.28387 0.70116 -0.65406 e
674.51936 23.16474 -0.27827 0.62730 0.72737 e
682.57838 32.85541 0.19760 0.35780 -0.91265 e
702.54812 28.34984 -0.63027 -0.60339 -0.48855 e
717.78707 29.85822 0.74941 -0.53674 0.38767 e
753.68206 23.51144 0.91910 0.25654 0.29907 e
781.57984 37.03628 -0.10386 -0.92796 -0.35792 e
799.01312 7.43102 0.56652 0.73362 -0.37532 e
804.82847 37.49197 0.30642 -0.55609 -0.77257 e
844.32772 25.37431 0.76861 -0.36447 0.52574 e
846.05759 32.95614 0.37167 0.91280 -0.16927 e
888.51282 37.81956 -0.01178 0.81285 -0.58235 e
991.59002 20.27272 0.72492 -0.32469 -0.60751 e
1031.69426 31.81024 0.98099 -0.18963 0.04129 e
1033.74531 23.08541 0.46977 0.30162 -0.82967 e
1059.86646 22.38957 0.01821 -0.97383 0.22653 e
1062.95942 75.54650 -0.93563 -0.19470 0.29442 e
1076.81125 26.16470 0.61639 0.44373 0.65052 e
1313.90414 20.05469 0.85519 -0.04203 -0.51661 e
1340.62818 22.49494 0.85813 0.45946 0.22916 e
1363.76770 18.83540 0.32935 0.18857 -0.92518 e
1371.11327 16.97125 0.22618 -0.80011 -0.55559 e
1421.55879 25.50756 -0.02527 0.98018 -0.19651 e
1455.47773 17.31727 0.35751 0.91292 0.19686 e
1484.25973 38.33477 0.40512 -0.58419 0.70328 e
1496.61522 18.51598 -0.13630 0.98743 -0.07997 e
1510.27700 35.10556 -0.51331 0.76211 0.39459 e
1531.87125 29.14792 0.07970 0.52822 0.84536 e
1537.27194 22.33026 -0.37658 0.92613 -0.02162 e
1576.32641 8.32278 0.92762 -0.29875 0.22422 e
1608.25389 38.47147 -0.17252 0.54454 -0.82080 e
1697.37530 44.20033 0.45589 -0.67803 -0.57658 e
1748.31517 24.79290 0.71637 -0.67798 0.16482 e
1928.09902 13.03160 -0.65172 0.60619 -0.45584 e
1944.48495 23.82614 -0.32488 -0.48493 -0.81197 e
2014.13907 28.26102 0.26024 -0.94947 -0.17544 e
2082.51861 22.35991 0.16439 0.98517 -0.04905 e
2198.62847 25.14426 -0.10461 0.81129 -0.57521 e
2342.98590 24.37095 0.38620 0.73388 -0.55881 e
2441.75593 28.51493 -0.21421 0.35692 -0.90924 e
2465.49783 25.80758 -0.19414 -0.26733 0.94384 e
2465.74371 21.09526 0.89088 0.11877 -0.43843 e
2520.27880 31.96784 -0.43276 -0.89974 -0.05635 e
2584.13994 34.33028 0.23466 -0.02172 -0.97183 e
2902.32108 18.91150 0.85185 0.37680 -0.36383 e
3382.92688 26.73892 0.36822 0.86140 0.34988 e
3744.62723 31.41445 0.59567 0.55847 -0.57731 e
3786.15785 19.84848 0.03509 -0.99414 -0.10222 e
4114.04478 15.85596 0.99045 0.10042 0.09448 e
4167.46540 16.57589 -0.53879 0.35596 0.76354 e
4168.01704 26.80855 -0.22241 -0.71505 0.66275 e
4532.23274 32.98449 0.83184 0.52780 -0.17166 e
4746.51707 10.78174 0.28646 0.03027 -0.95761 e
4772.88519 8.01072 -0.98121 0.18153 -0.06536 e
4913.46314 30.25631 -0.20938 -0.90533 -0.36951 e
4991.28509 28.11750 0.51590 -0.66166 -0.54410 e
5062.52352 22.20319 -0.33988 0.64515 -0.68430 e
5913.74870 69.70623 0.98484 -0.10845 0.13535 e
6084.55153 28.24890 0.44434 0.54274 0.71274 e
6116.30025 16.19361 0.65623 -0.67497 -0.33730 e
6215.77009 12.66352 0.15052 0.93196 0.32985 e
6375.48394 35.65949 -0.83174 -0.54167 -0.12170 e
6576.17109 24.60980 0.70311 0.63579 0.31844 e
7437.21837 12.78220 -0.02258 -0.85351 -0.52058 e
7626.61985 13.67232 0.78764 -0.61488 -0.03940 e
7876.31880 18.60531 -0.03157 0.88040 0.47319 e
8749.61090 28.58988 0.95124 -0.18592 0.24612 e
9116.95479 14.30953 -0.62831 0.76853 0.12077 e
9913.01545 9.70781 -0.54809 0.61977 0.56168 e
10816.19137 29.60244 -0.14599 -0.88344 -0.44521 e
10817.22614 26.95168 -0.71412 0.64534 0.27124 e
16844.32685 15.58224 -0.83095 0.41220 0.37364 e
