15.28229 57.83048 0.80376 0.52362 0.28249 e
16.86456 57.82995 -0.36525 0.93007 0.03959 e
19.28600 23.49590 0.21665 0.38344 -0.89780 e
19.31613 46.92871 0.69701 0.50619 0.50789 e
19.46628 56.66153 0.14467 -0.46391 -0.87399 e
19.65339 44.70941 0.17163 0.58457 -0.79299 e
20.16170 65.25983 0.17095 0.81286 0.55681 e
20.45319 71.29370 -0.44986 -0.65911 -0.60266 e
20.76993 67.56051 -0.27743 0.67303 -0.68561 e
20.82173 27.98703 0.67871 -0.72005 -0.14448 e
20.92124 75.98040 -0.69727 0.54587 -0.46459 e
21.04916 75.51676 -0.65607 0.31178 -0.68729 e
21.06494 49.29567 -0.15893 0.77408 -0.61282 e
21.45344 78.88618 -0.75497 0.31628 -0.57445 e
21.90045 32.29502 0.27039 0.13615 0.95307 e
21.98760 76.01034 -0.27372 0.16354 -0.94780 e
22.16535 80.92322 -0.15552 -0.79744 -0.58301 e
22.23064 44.11513 -0.74804 0.22489 -0.62439 e
22.64375 73.33063 0.88760 -0.00837 -0.46055 e
22.78668 76.79584 0.11209 -0.69122 -0.71389 e
23.23103 45.95314 0.15275 -0.97878 0.13660 e
23.34692 70.90258 -0.94610 0.14632 -0.28892 e
23.44095 84.26625 0.52514 0.79266 -0.30971 e
23.59787 72.76068 -0.98767 0.14349 -0.06257 e
23.62683 24.86432 0.12794 0.19151 0.97312 e
23.99350 73.95355 0.62438 0.13119 -0.77003 e
24.33777 75.15824 -0.61767 0.56900 0.54288 e
24.45731 56.95449 0.16612 0.81794 -0.55080 e
24.53953 78.52837 -0.13368 0.64333 -0.75383 e
25.01529 65.96207 -0.96045 0.19723 -0.19658 e
25.03201 83.31048 0.12218 0.04775 -0.99136 e
25.13172 54.21243 -0.64108 0.76025 0.10512 e
25.21852 57.11413 0.81951 0.39973 0.41063 e
25.37195 58.07457 -0.02386 0.31892 0.94748 e
25.53534 83.10538 0.78544 0.61566 -0.06359 e
25.68210 69.82176 0.53911 0.66606 -0.51548 e
25.75471 76.24411 0.63553 -0.20182 -0.74524 e
26.32852 79.15265 -0.10653 0.87488 -0.47248 e
26.69024 65.82722 0.08483 -0.81262 0.57659 e
26.70125 71.03664 -0.77294 -0.57497 -0.26828 e
26.94996 52.74547 0.28429 0.52568 -0.80177 e
27.03469 71.54992 0.80186 0.23605 -0.54891 e
27.04566 28.62922 -0.64233 -0.67521 0.36264 e
27.05924 66.67460 -0.84278 -0.51339 -0.16175 e
27.06499 26.46718 0.77313 0.38464 -0.50430 e
27.16600 59.20559 0.00390 0.79416 -0.60769 e
27.74021 67.59101 -0.31822 0.17013 -0.93263 e
28.40636 68.13181 0.20395 0.65676 -0.72599 e
28.45691 46.07751 0.31341 0.87042 0.37965 e
28.46226 78.45121 -0.11703 0.99161 -0.05484 e
28.56961 62.33591 0.53511 0.84380 0.04059 e
28.81335 25.92580 -0.28862 -0.66713 0.68675 e
29.31853 73.84414 -0.36354 -0.70270 -0.61159 e
29.75424 56.05144 -0.66512 -0.14446 -0.73263 e
29.80871 76.17728 -0.78425 -0.37672 -0.49299 e
29.92729 78.58199 0.63256 0.35718 -0.68724 e
30.13351 51.41280 -0.09847 0.81563 -0.57013 e
30.28005 71.00061 0.34649 0.67564 -0.65073 e
30.35188 78.29193 0.02463 0.05497 -0.99818 e
30.45109 45.31805 -0.77398 -0.61212 -0.16206 e
30.50153 83.23271 0.70855 -0.30203 -0.63776 e
30.63813 62.03737 0.39927 0.54817 -0.73491 e
30.64214 53.91618 -0.42848 0.80441 -0.41150 e
30.70787 82.48746 -0.77297 -0.07407 -0.63011 e
30.86813 82.16716 0.17162 0.48595 -0.85697 e
30.88232 55.64907 0.53848 0.45712 -0.70787 e
31.16760 58.25905 -0.46118 0.84026 -0.28510 e
31.35239 84.14241 0.96838 -0.21309 0.12973 e
31.41662 83.87112 -0.59198 0.77537 -0.21992 e
31.43906 24.09655 -0.24868 0.65164 -0.71660 e
31.60620 51.21823 0.45716 -0.25931 -0.85074 e
31.64928 84.41040 0.30135 0.92026 -0.24962 e
31.83613 42.98773 0.48896 -0.76100 -0.42638 e
32.02098 59.98976 0.09503 -0.45829 -0.88371 e
32.07981 79.33515 0.43355 -0.79328 0.42748 e
32.11094 78.46472 -0.11353 0.17416 -0.97815 e
32.27373 32.13424 -0.46207 0.37753 -0.80247 e
32.38760 34.47971 0.45624 0.38521 -0.80216 e
32.61296 35.36585 0.81273 -0.53228 0.23695 e
32.74607 63.47995 -0.27698 0.95492 -0.10679 e
33.01102 65.93762 0.24844 -0.95601 -0.15595 e
33.12323 80.93380 0.73546 -0.62134 0.27025 e
33.22467 45.39945 0.61193 -0.51375 0.60133 e
33.22736 50.80837 -0.86838 -0.47802 -0.13196 e
33.26995 61.47006 0.72289 0.48446 -0.49267 e
33.34322 47.96077 0.74736 0.46036 -0.47909 e
33.42376 68.41890 0.34540 -0.39917 -0.84933 e
33.50222 46.42550 0.27973 -0.08478 -0.95633 e
33.66641 53.82125 0.98948 -0.14409 -0.01309 e
34.07709 70.10547 -0.87367 0.35081 -0.33709 e
34.10183 83.07358 -0.16397 -0.74336 -0.64849 e
34.23671 71.09324 -0.32034 0.88691 -0.33284 e
34.42467 74.29745 0.68576 0.61575 -0.38805 e
34.54078 77.83901 0.97681 0.04276 -0.20980 e
35.61039 50.07277 -0.58082 -0.49791 -0.64400 e
35.73789 53.47745 -0.93730 -0.05564 -0.34405 e
35.88492 79.29431 0.38659 0.83663 -0.38807 e
35.98727 68.64371 -0.01710 0.77167 -0.63579 e
36.04538 74.42107 -0.07566 0.96148 -0.26427 e
36.14231 67.09347 -0.23927 -0.14199 -0.96052 e
36.30688 79.90962 0.32452 -0.59849 -0.73246 e
36.43936 82.87393 -0.57200 0.82023 -0.00607 e
36.50451 73.16543 0.84006 -0.49362 0.22503 e
36.77495 65.44757 -0.91211 0.21792 0.34721 e
36.81376 84.88854 0.75441 -0.09449 -0.64957 e
36.90658 43.50030 0.19989 0.97033 0.13604 e
37.06131 33.84667 -0.88965 -0.45198 0.06503 e
37.24465 56.95028 -0.01857 -0.28423 -0.95858 e
37.25507 31.90125 0.17809 -0.97365 -0.14245 e
37.40058 64.62505 0.74468 0.38627 0.54428 e
37.59518 37.29484 0.54850 -0.39891 -0.73486 e
37.95151 54.50807 0.69166 -0.61378 0.38064 e
38.23405 69.41503 0.75664 -0.07253 -0.64980 e
38.38011 82.82554 -0.64210 0.46363 -0.61053 e
38.42534 72.40515 -0.09137 -0.99548 0.02587 e
38.72887 43.93541 0.05966 0.81568 -0.57541 e
38.91121 55.91469 0.70568 -0.41925 -0.57118 e
38.92489 43.25617 -0.33316 -0.76420 -0.55227 e
39.11730 48.54049 -0.41560 0.65010 -0.63612 e
40.04623 51.74215 0.60729 -0.60324 -0.51701 e
40.05279 52.24632 0.92142 0.36256 0.13978 e
40.23916 60.59140 0.50197 -0.37413 -0.77978 e
40.31626 42.21963 -0.54062 -0.69138 -0.47930 e
40.51508 52.52302 -0.15482 -0.94328 -0.29369 e
40.66262 47.22313 -0.88305 -0.46928 0.00228 e
40.74919 54.39135 0.40443 0.78237 0.47365 e
40.79167 53.86915 -0.01365 0.99987 -0.00893 e
40.91350 63.92389 0.72810 0.62122 -0.28976 e
41.17107 56.04878 -0.16052 0.83613 0.52452 e
41.28602 61.79576 0.90062 -0.20733 -0.38197 e
41.30784 65.58335 0.74299 -0.66671 -0.05881 e
41.34683 38.23636 -0.60633 -0.41684 -0.67720 e
41.48471 46.00325 0.50651 0.62453 -0.59448 e
41.68349 63.52063 0.12776 -0.96763 0.21763 e
42.07922 60.42971 -0.03023 0.91992 0.39094 e
42.30580 30.97330 -0.92737 -0.09273 -0.36248 e
42.61957 78.10392 -0.56000 0.32054 -0.76397 e
42.82272 39.31547 -0.86825 0.29293 -0.40042 e
43.02729 54.79574 -0.22946 -0.77741 -0.58564 e
43.08244 68.06935 0.42266 0.80562 -0.41514 e
43.15397 54.35068 0.13482 -0.23616 -0.96232 e
43.48171 74.88529 -0.22212 0.10730 -0.96910 e
43.60098 78.42478 -0.94083 0.29184 -0.17225 e
44.04261 31.94600 0.00530 -0.15962 -0.98716 e
44.12175 61.63188 -0.72482 -0.09186 -0.68278 e
44.20357 82.49711 0.87419 0.40814 0.26308 e
44.22657 72.43159 0.00464 0.76153 0.64812 e
44.45785 57.90905 0.30603 0.94915 0.07383 e
44.77575 33.14597 -0.07564 -0.92265 0.37815 e
44.82737 51.67032 0.95494 0.29466 0.03555 e
44.93005 75.43508 0.48220 0.48775 -0.72772 e
45.33620 47.02941 0.64546 -0.33453 0.68664 e
45.60230 71.72678 0.80942 0.25870 -0.52718 e
45.75582 58.72967 -0.88389 -0.28990 -0.36701 e
46.05287 61.56377 -0.94458 0.29672 0.14043 e
46.60686 27.05566 0.26760 -0.95836 0.09969 e
46.72819 42.97124 0.73328 -0.67166 0.10571 e
46.83187 79.53077 -0.83938 -0.48832 -0.23873 e
46.95140 45.21516 -0.20796 -0.64996 -0.73096 e
47.58826 70.38563 -0.00573 0.70371 -0.71047 e
47.65639 41.88640 0.14114 -0.69982 -0.70024 e
47.84956 73.84517 -0.59723 -0.10933 -0.79458 e
48.04367 55.33937 -0.58592 -0.48558 0.64878 e
48.56854 34.03076 0.86150 0.09026 -0.49966 e
48.80267 53.42938 -0.55293 0.82757 0.09697 e
48.89603 35.08616 0.51646 -0.44606 -0.73096 e
48.92138 71.12665 -0.38138 -0.56897 0.72857 e
49.00323 83.20923 0.81033 0.34990 -0.47004 e
49.48856 52.58753 -0.33489 0.74132 -0.58163 e
49.73316 53.27737 0.09157 -0.84377 -0.52883 e
49.75682 64.46502 0.79534 0.49935 -0.34364 e
49.82023 78.51513 -0.68934 0.42018 -0.59014 e
49.92543 51.51119 0.72691 -0.58989 -0.35161 e
50.19285 22.09725 0.00774 -0.80677 0.59082 e
50.37188 45.88807 0.58363 0.67555 -0.45056 e
51.12043 25.74644 -0.78345 0.20308 0.58734 e
51.12836 62.09501 -0.50866 0.64751 -0.56745 e
51.28809 77.07603 -0.22414 -0.06348 -0.97249 e
51.79076 64.09699 -0.37523 -0.25892 -0.89004 e
51.84802 50.62983 -0.38280 -0.71431 0.58585 e
51.98497 59.02245 -0.86028 -0.47359 -0.18878 e
52.37166 31.22355 0.67969 0.68913 -0.25123 e
52.60022 27.12211 -0.61275 0.52275 0.59268 e
52.67843 51.00501 0.14971 0.89195 0.42664 e
52.92907 61.53697 -0.85172 -0.51460 0.09876 e
53.32822 49.22759 0.67200 -0.43954 -0.59600 e
53.56614 46.76769 -0.93928 -0.34311 0.00505 e
53.62513 80.15691 -0.78544 -0.61346 0.08220 e
53.65421 54.43155 -0.93952 -0.29679 -0.17092 e
53.79734 47.02110 0.19439 0.54868 -0.81312 e
54.15717 15.26226 0.55895 0.18620 -0.80802 e
54.30874 53.84989 0.26981 0.46567 -0.84282 e
54.33992 83.41008 -0.63555 0.60174 0.48372 e
54.48629 70.30412 0.40001 0.85871 -0.32031 e
54.97592 26.48281 -0.19521 0.62541 0.75549 e
55.34646 70.14775 -0.87251 0.20871 -0.44177 e
55.43737 61.93175 -0.17496 -0.52155 -0.83509 e
55.69753 38.92564 -0.66440 0.46158 -0.58780 e
55.79407 81.69522 0.05093 0.97843 -0.20021 e
55.89261 53.46803 0.39643 -0.38588 -0.83303 e
56.02304 77.58543 0.16910 -0.26172 -0.95022 e
56.44404 47.10787 -0.05675 -0.60951 0.79074 e
56.52973 49.83146 0.75075 0.13522 0.64660 e
56.56693 33.09462 0.32489 -0.35135 0.87806 e
56.81294 81.30469 -0.15185 0.01932 -0.98822 e
56.99527 66.58234 0.41222 0.71473 0.56501 e
56.99908 60.92407 -0.21170 0.73847 -0.64019 e
57.14658 49.49223 -0.80003 0.05937 -0.59701 e
57.33308 40.74476 0.18668 -0.24533 -0.95130 e
57.34833 39.77570 -0.41939 0.50188 -0.75646 e
57.39690 77.24845 -0.25369 -0.93775 0.23721 e
57.46997 68.23987 -0.20530 -0.71145 -0.67208 e
57.58616 43.66830 0.95738 -0.05397 -0.28376 e
57.59077 55.46374 0.69037 0.63763 -0.34178 e
58.22093 46.89879 0.15940 0.78820 0.59442 e
58.54537 73.27022 -0.00594 -0.92822 -0.37199 e
58.84089 61.95061 -0.72881 -0.28355 -0.62325 e
58.88578 53.79649 0.64927 0.75970 0.03597 e
59.18143 51.12830 0.17525 0.81741 -0.54875 e
59.33190 68.68694 0.76955 -0.11076 -0.62891 e
59.33624 69.39225 0.93569 -0.08758 0.34178 e
59.35952 27.20224 0.35725 -0.86903 -0.34227 e
59.79542 22.02711 0.44324 -0.74401 -0.49998 e
59.89220 71.02345 0.86857 -0.45682 -0.19210 e
60.03737 38.95173 -0.68353 0.09278 -0.72400 e
60.08430 33.59953 0.75316 0.02093 -0.65750 e
60.10103 32.53265 0.50247 -0.06552 -0.86211 e
60.34063 72.23478 -0.70973 -0.17748 -0.68175 e
60.44488 21.95959 0.88685 -0.16628 0.43111 e
60.85910 64.73966 0.79098 -0.40910 -0.45496 e
60.95878 39.74972 0.42162 0.84704 -0.32367 e
61.40698 47.10417 0.62264 0.76070 -0.18346 e
61.76069 74.63882 -0.37864 0.89762 -0.22562 e
61.76186 82.34271 0.61014 0.01769 -0.79209 e
62.05654 56.13207 0.63821 -0.10775 -0.76229 e
62.36124 29.38917 0.89160 0.06778 -0.44772 e
63.06292 47.48093 -0.37847 0.92416 -0.05185 e
63.09175 25.88426 -0.69774 -0.71411 -0.05664 e
63.37333 78.99160 -0.53493 -0.67925 -0.50246 e
63.71387 83.67846 -0.30938 -0.67408 -0.67074 e
63.72261 57.37488 -0.54638 -0.82857 -0.12222 e
63.88195 66.43012 -0.74728 -0.20276 -0.63282 e
64.04298 46.72484 -0.36101 0.58170 0.72890 e
64.31140 71.10029 -0.99614 0.01885 -0.08573 e
64.89517 51.16365 0.18155 -0.62873 -0.75613 e
65.33390 46.21277 0.84203 -0.19341 0.50357 e
65.41532 45.46614 -0.78181 -0.15941 -0.60279 e
65.73528 66.43241 -0.88960 0.32473 0.32119 e
65.76160 58.11827 -0.22378 0.45111 -0.86396 e
65.90887 52.90231 0.76715 0.40443 0.49791 e
66.03473 83.70569 -0.59660 -0.71853 0.35746 e
66.87431 84.80379 0.66625 -0.53240 0.52218 e
67.16587 60.98281 0.05892 0.30402 -0.95084 e
67.59403 51.15800 -0.70904 -0.28680 -0.64421 e
67.68261 62.76907 -0.10524 0.10231 -0.98917 e
67.97166 43.54477 -0.90928 0.06119 0.41167 e
68.37025 59.84683 0.54527 0.82988 0.11820 e
68.46028 34.76159 -0.19049 0.90235 0.38663 e
68.60305 42.36866 -0.37325 0.90483 -0.20486 e
68.94258 77.56488 0.27970 0.95991 0.01839 e
69.75486 79.86397 -0.69702 0.42471 -0.57775 e
69.90979 77.21269 -0.04095 0.31189 -0.94924 e
69.92498 71.45801 0.78906 -0.28851 -0.54236 e
69.97577 72.93809 0.02795 0.75975 0.64961 e
70.67487 58.96671 0.92995 0.36700 -0.02236 e
70.75824 46.33698 0.57799 0.80258 0.14764 e
70.83274 60.67206 0.59865 -0.78107 0.17760 e
70.93934 52.39662 -0.17101 0.65430 -0.73664 e
71.38493 77.53063 0.68404 -0.66438 0.30113 e
71.38772 62.99129 0.99871 0.01966 -0.04679 e
71.38891 33.52523 0.40930 0.11815 -0.90472 e
71.42254 79.86608 0.64617 -0.62515 -0.43778 e
71.45645 51.21497 -0.05374 -0.99607 -0.07037 e
71.66524 47.11390 -0.40678 0.77199 -0.48843 e
71.82021 67.83808 -0.39336 -0.91938 0.00023 e
72.04223 64.37582 -0.28454 0.34248 -0.89540 e
72.18164 56.71668 -0.91910 -0.08478 -0.38479 e
72.30603 35.00380 -0.99855 -0.04164 -0.03402 e
72.64933 52.40800 -0.08307 -0.46395 0.88196 e
72.65354 36.03902 -0.17720 -0.98404 -0.01608 e
72.70852 50.95392 0.44233 -0.09139 -0.89218 e
72.79714 81.84957 -0.39513 -0.14803 -0.90662 e
73.89293 31.34475 0.50608 0.13159 -0.85239 e
73.89892 45.79309 -0.99582 -0.04005 -0.08208 e
74.07144 68.91761 -0.09162 0.89107 -0.44452 e
74.12480 66.41517 -0.66607 0.16393 -0.72765 e
74.47236 47.88277 0.63206 -0.10040 -0.76839 e
74.50041 32.01634 0.01422 -0.16559 -0.98609 e
74.55446 54.11420 0.36667 0.87927 -0.30403 e
74.66071 52.12952 0.82441 -0.36245 -0.43471 e
74.90817 71.80241 0.08918 -0.45261 -0.88724 e
75.07769 70.56216 0.15479 -0.64977 -0.74420 e
75.27394 40.66591 0.31969 0.94746 -0.01111 e
76.00775 25.27562 -0.50028 -0.40077 -0.76753 e
76.19630 54.72854 0.24960 0.24086 -0.93792 e
76.29956 66.81207 0.12825 -0.77286 -0.62149 e
78.09384 51.84005 -0.76292 0.28414 -0.58071 e
78.72685 49.61717 -0.06979 0.76484 -0.64043 e
78.75486 59.78546 -0.43747 0.30082 -0.84743 e
79.16576 37.44109 0.00376 0.43933 -0.89832 e
79.33314 81.71579 -0.66104 -0.45651 -0.59550 e
79.51427 65.12642 -0.92967 -0.25135 0.26933 e
79.86733 51.77364 0.16046 0.27739 -0.94726 e
80.34853 62.59761 0.34005 0.76014 -0.55368 e
80.35763 27.73057 -0.22851 -0.73397 -0.63959 e
81.22722 37.19095 0.37700 -0.84054 0.38906 e
81.26217 65.11802 -0.22132 -0.87301 0.43459 e
81.90420 67.24494 0.04250 -0.93321 0.35680 e
81.98157 67.99382 0.97802 -0.16688 -0.12499 e
82.69939 53.09384 0.03172 0.36762 -0.92943 e
83.23119 54.40772 0.08789 0.16462 0.98243 e
83.71384 34.85632 0.78978 0.15657 0.59307 e
83.82781 38.32882 -0.49947 -0.37281 -0.78201 e
83.90160 45.22221 -0.16769 -0.97649 0.13542 e
84.01008 64.55503 -0.63508 0.67227 -0.38042 e
84.94874 42.40861 0.72836 -0.25060 -0.63773 e
85.79487 51.20895 -0.15047 -0.19005 -0.97017 e
86.06591 67.84544 0.70687 -0.59124 -0.38828 e
86.09790 35.25669 -0.02860 0.91553 -0.40123 e
86.11394 75.38723 -0.42646 0.33093 -0.84179 e
86.28145 63.18763 0.62393 -0.73054 -0.27755 e
86.40743 29.59253 0.32073 -0.58635 0.74386 e
87.51612 34.27737 0.48959 -0.08624 -0.86768 e
88.24727 62.05849 0.73702 0.33659 -0.58609 e
88.54829 27.21405 0.16620 0.53253 -0.82993 e
88.97642 30.12553 -0.71394 -0.36070 -0.60016 e
90.11813 77.38684 0.49574 -0.00908 -0.86842 e
90.48425 64.86761 -0.83090 -0.41950 0.36554 e
91.36167 17.15771 -0.95663 -0.28999 0.02771 e
91.55963 52.94640 0.60692 0.55487 0.56901 e
91.60359 55.81070 0.08038 0.43078 -0.89887 e
91.81982 23.54063 -0.18053 0.98246 0.04671 e
91.90243 41.99831 0.32457 -0.45228 -0.83072 e
92.38955 44.77868 0.32652 0.75914 0.56311 e
92.40779 72.64010 0.86733 -0.12391 -0.48207 e
92.90952 49.30341 0.36469 0.90190 -0.23145 e
92.97142 77.56660 -0.55579 -0.80016 -0.22549 e
93.26310 65.82673 -0.10449 -0.60339 0.79057 e
93.55436 60.37330 -0.88134 0.35433 -0.31256 e
93.59496 62.82255 -0.98946 0.02176 -0.14320 e
93.92824 59.60857 0.87240 0.45112 -0.18817 e
94.34210 82.77644 -0.98088 0.19084 0.03810 e
94.35168 70.16963 -0.89617 0.42808 -0.11673 e
94.54177 42.90291 -0.58613 -0.16911 -0.79237 e
95.46988 79.56637 0.97281 0.15367 -0.17330 e
95.81308 33.48564 0.45889 0.88847 0.00630 e
96.63152 39.94655 -0.14985 0.65279 -0.74257 e
97.01142 20.72890 -0.80150 -0.43094 0.41459 e
97.50047 62.77698 -0.05219 0.92853 0.36758 e
98.69635 72.43664 0.19056 0.73169 -0.65446 e
98.72104 53.62581 -0.67149 -0.74073 0.02047 e
98.76196 65.48672 -0.84332 -0.53063 -0.08515 e
99.17864 73.01939 0.46196 -0.33456 -0.82138 e
99.40817 43.83807 0.11241 -0.98694 0.11539 e
100.63009 48.62354 0.33554 -0.93753 -0.09188 e
100.81355 39.25591 -0.21303 0.94683 0.24111 e
101.16339 77.17124 0.11642 0.95521 -0.27208 e
101.18158 47.92542 0.47608 0.86015 0.18298 e
101.62670 40.06816 -0.52385 -0.26288 -0.81023 e
101.68968 68.55715 0.08706 -0.81625 0.57110 e
102.09735 78.62751 -0.21720 -0.97534 0.03926 e
102.24071 70.65814 -0.18920 -0.12422 -0.97405 e
102.33320 54.88859 -0.42569 -0.41515 -0.80401 e
102.41701 31.68918 0.47005 -0.39902 -0.78730 e
102.54780 68.45521 0.58402 -0.77613 -0.23778 e
102.95289 61.90101 -0.49357 0.61069 -0.61923 e
103.21662 25.09901 -0.56962 -0.80349 0.17301 e
103.38722 23.02439 -0.89419 -0.34913 -0.28025 e
103.44907 65.86445 -0.55838 0.41138 -0.72040 e
103.76220 73.80609 -0.25751 0.55934 0.78792 e
103.88491 24.06997 -0.43561 -0.88256 -0.17701 e
104.36410 46.54134 0.14429 -0.98839 0.04764 e
104.38678 58.29867 -0.67919 0.72914 0.08399 e
105.21991 73.18639 0.65135 -0.72773 -0.21483 e
105.85209 69.03241 0.06690 -0.83466 -0.54669 e
105.90012 35.52907 -0.14502 -0.93728 0.31697 e
106.21691 44.43553 -0.79299 -0.02605 0.60868 e
106.41325 50.80562 -0.25873 0.33507 -0.90597 e
106.48258 56.59967 -0.10208 -0.94247 -0.31834 e
106.79892 36.01022 -0.69304 0.53528 -0.48288 e
107.15233 45.64078 -0.81509 -0.18677 -0.54840 e
107.57533 41.55454 -0.71855 0.05354 -0.69341 e
107.96514 72.68225 0.36566 0.90003 0.23714 e
108.02995 83.40542 0.46047 -0.85607 -0.23476 e
108.22007 61.00070 0.92272 -0.04050 -0.38333 e
108.41147 50.39311 -0.07060 0.95504 0.28794 e
109.05058 58.46636 -0.97072 -0.18684 -0.15096 e
109.53703 60.29962 0.24016 -0.81790 -0.52284 e
111.68749 41.09920 -0.92138 0.26512 0.28419 e
112.01124 71.65068 0.76039 0.58090 0.29047 e
112.95583 28.95849 0.33527 -0.24848 -0.90876 e
113.01925 36.19040 -0.03167 -0.72299 -0.69013 e
113.04990 57.11650 -0.31089 0.94798 -0.06840 e
114.36420 50.53956 0.31190 -0.93793 0.15171 e
114.93766 53.50493 -0.66381 0.67066 0.33101 e
115.37581 54.43669 -0.62932 -0.77188 0.09031 e
116.05512 34.23261 0.20981 0.56897 -0.79515 e
117.00063 20.85238 0.91786 0.30714 0.25141 e
117.24397 42.86733 -0.27889 0.81610 -0.50616 e
117.33245 53.27308 -0.30022 -0.91861 0.25695 e
117.57920 72.94634 -0.14530 -0.87472 0.46234 e
118.64692 54.00663 0.44337 -0.31307 -0.83989 e
118.72642 73.14934 0.17477 0.66478 -0.72631 e
118.95109 22.18257 -0.11373 0.63404 -0.76489 e
119.39948 17.10994 -0.84797 0.17594 0.49998 e
119.41934 68.14897 0.71218 0.52300 0.46826 e
119.99188 43.72589 0.64215 0.39518 -0.65686 e
120.11076 41.12952 -0.91972 -0.12754 -0.37127 e
120.11279 29.72093 0.50484 0.69275 0.51501 e
120.48613 39.79374 -0.98463 0.10265 0.14130 e
120.68119 69.32988 0.07132 0.58732 -0.80621 e
120.69649 37.85051 -0.97024 0.18092 0.16097 e
120.82949 22.97338 -0.46960 -0.74425 0.47494 e
120.95504 22.84586 0.90277 -0.27056 -0.33436 e
121.03898 49.14677 -0.64507 -0.36639 -0.67056 e
121.45691 75.64185 -0.58100 0.26141 -0.77078 e
121.46117 44.18770 -0.87545 0.05973 -0.47961 e
121.53882 30.13142 -0.11961 -0.17861 -0.97662 e
122.09978 57.57312 -0.63462 0.11021 -0.76492 e
122.47800 59.66771 -0.81731 0.57036 -0.08178 e
122.51771 76.24568 0.98076 -0.06963 0.18238 e
124.67266 37.66492 -0.99546 -0.07773 0.05497 e
124.90235 29.64760 -0.32507 0.32048 -0.88973 e
125.28944 75.58806 0.22541 -0.86801 -0.44243 e
125.44736 49.63515 -0.65128 0.58660 -0.48138 e
125.47742 38.28977 0.12663 -0.13785 -0.98233 e
126.09268 66.45514 0.85571 -0.46227 -0.23254 e
126.29198 51.92644 -0.43183 0.66953 -0.60437 e
126.36825 50.75287 -0.62621 -0.68635 0.36984 e
126.87229 18.34747 -0.36725 -0.24964 -0.89599 e
127.36611 47.08023 -0.80953 0.58560 0.04158 e
127.69999 50.19763 -0.27808 0.75742 -0.59075 e
127.96355 39.13700 -0.24973 0.01029 -0.96826 e
127.98299 58.75765 -0.25857 -0.96366 0.06704 e
128.05994 36.21810 0.32072 0.49595 -0.80695 e
128.10368 43.98242 0.68655 -0.56957 -0.45194 e
128.39481 65.36970 0.91946 -0.39305 -0.00994 e
129.08583 46.86565 -0.84372 -0.51079 0.16503 e
129.16517 69.67562 -0.48091 0.83680 -0.26171 e
129.81546 62.80112 -0.79781 0.35350 0.48841 e
131.09331 44.66894 0.25041 0.80455 0.53850 e
131.88742 51.51089 0.12160 0.92245 -0.36647 e
132.28185 60.58112 -0.02968 0.14799 -0.98854 e
132.35947 62.96239 -0.59299 0.79873 0.10194 e
132.81002 74.64432 0.70369 -0.04109 -0.70932 e
133.39666 40.48676 -0.75585 -0.15455 -0.63625 e
133.45990 10.40186 0.68420 -0.66561 0.29804 e
133.48496 27.19513 0.14659 0.52308 0.83958 e
133.56750 31.50144 0.96236 0.22876 0.14672 e
133.81700 32.10783 -0.74112 -0.30537 -0.59791 e
133.90767 54.48572 0.11085 0.88089 -0.46015 e
134.31823 44.00497 0.99843 -0.04712 -0.03011 e
134.81293 35.65192 0.39724 0.55897 0.72784 e
135.81674 36.64628 -0.04596 -0.56803 -0.82172 e
136.23192 42.63415 0.10373 0.09396 -0.99016 e
136.70714 29.38019 0.59159 0.58872 -0.55084 e
136.88855 63.83536 -0.98946 -0.06393 0.12995 e
137.07053 23.69993 -0.08626 0.67057 0.73682 e
137.37668 22.53976 -0.20370 0.97162 -0.12027 e
137.46122 69.04659 0.04778 -0.97746 0.20564 e
137.58026 40.03853 0.64711 -0.71865 -0.25454 e
137.66735 21.10514 0.45173 0.84146 0.29645 e
137.77087 80.57424 0.23253 0.39961 -0.88670 e
138.44006 65.01090 0.09621 0.35960 -0.92814 e
140.50813 50.74823 -0.50089 0.34315 0.79458 e
140.71663 53.01766 -0.60001 0.76386 -0.23771 e
140.78865 30.61981 -0.49558 0.63165 0.59617 e
141.35389 21.02883 -0.77256 -0.61721 -0.14901 e
141.49246 57.58092 0.76679 -0.64185 -0.00771 e
141.54117 37.39723 0.90054 0.07864 -0.42761 e
141.79870 47.65772 0.58155 -0.47030 -0.66379 e
141.81681 28.67649 -0.59526 0.35188 -0.72239 e
142.65405 23.69473 -0.37093 0.24297 -0.89631 e
142.70157 38.55545 -0.89947 -0.41608 -0.13350 e
143.20861 57.25592 0.93328 -0.28162 -0.22289 e
143.58749 75.95297 0.01241 -0.42435 -0.90541 e
143.59353 69.07879 -0.60543 -0.54154 -0.58325 e
143.66014 55.98966 0.67534 0.66944 -0.30947 e
143.68001 50.24271 0.83313 0.51054 -0.21269 e
143.98201 37.89571 0.51338 0.25205 -0.82031 e
143.99609 54.53113 0.64860 -0.68207 0.33779 e
144.04738 34.78004 -0.48007 -0.86685 -0.13456 e
144.22573 68.06312 0.74230 -0.61527 -0.26540 e
144.32939 59.05516 -0.28919 -0.95624 -0.04449 e
144.65395 84.86304 -0.41772 0.78456 0.45823 e
144.67818 44.18271 0.05407 -0.99830 -0.02159 e
144.73343 57.95761 0.47181 -0.38012 -0.79555 e
145.15377 22.20649 -0.77938 0.41101 -0.47290 e
145.21500 55.77252 -0.74981 -0.23909 -0.61694 e
145.28584 51.98717 -0.18091 -0.61006 -0.77142 e
145.74799 48.49327 0.68974 0.51174 -0.51223 e
146.15767 46.93191 0.39704 0.47837 -0.78327 e
146.26082 41.22485 -0.18807 0.96434 -0.18623 e
146.39476 74.46430 -0.11804 0.11274 -0.98659 e
146.64805 56.22232 -0.93194 -0.32669 0.15733 e
146.73400 68.59454 0.27741 0.26855 -0.92246 e
146.99601 73.32736 -0.96678 -0.24731 -0.06452 e
147.05761 20.19870 0.19829 0.88869 -0.41342 e
147.59444 67.01811 -0.57529 -0.50473 -0.64365 e
147.86169 19.16632 0.31466 -0.39729 -0.86206 e
148.09397 43.24926 -0.59637 -0.72063 -0.35360 e
148.26127 66.73980 -0.92340 0.28725 -0.25458 e
148.27554 58.55572 0.51566 0.84316 -0.15221 e
148.81075 51.50543 0.29092 0.88269 -0.36907 e
149.07054 78.00918 -0.21641 0.50248 -0.83707 e
149.31953 79.34032 0.32915 0.94072 0.08189 e
149.64698 58.42306 -0.28466 0.85358 -0.43631 e
149.80357 53.88918 -0.39781 -0.21119 -0.89283 e
149.92900 68.41242 -0.06380 0.21134 -0.97533 e
149.94690 43.14511 -0.07611 0.98514 0.15398 e
150.08009 70.53532 0.68692 0.71590 -0.12503 e
150.21900 57.78367 -0.66860 0.66681 -0.32914 e
150.39187 73.02956 -0.73059 0.51360 -0.44995 e
151.59334 43.72208 -0.79459 0.45288 0.40439 e
151.68259 32.67431 -0.97482 0.17945 -0.13240 e
152.35308 29.17113 0.98999 -0.12115 0.07246 e
152.58653 81.95528 -0.01416 0.23533 -0.97181 e
153.53896 57.05427 0.56710 -0.55467 -0.60889 e
154.52094 84.94275 0.71405 -0.62591 0.31363 e
155.80211 26.99698 0.39879 0.56480 -0.72247 e
156.20463 67.28758 0.87415 0.37414 -0.30965 e
156.36254 69.86922 0.68866 0.23933 -0.68444 e
156.77577 65.43651 -0.43282 -0.87298 0.22490 e
156.80003 40.82219 -0.94682 0.20046 -0.25168 e
156.98793 20.78853 -0.48228 0.06288 0.87376 e
157.47657 43.78471 -0.80922 0.36465 -0.46064 e
157.96954 40.07547 0.14026 -0.59467 -0.79164 e
158.40893 36.34405 -0.96252 -0.26795 0.04195 e
158.66777 24.55967 -0.34932 0.93674 -0.02232 e
159.75328 50.07170 0.83917 -0.51832 -0.16473 e
160.19328 52.11680 0.99105 0.09705 0.09168 e
160.74256 36.29884 0.09303 0.72376 -0.68376 e
160.77033 75.70742 -0.64678 -0.38834 -0.65641 e
160.79949 66.36149 0.40814 0.90755 0.09886 e
161.36063 79.16770 0.63255 -0.61918 -0.46530 e
161.69339 36.36281 0.94069 -0.20013 -0.27396 e
161.75765 63.19047 0.69267 -0.72064 0.02990 e
161.81031 23.82507 0.46273 0.35717 -0.81136 e
162.04200 27.53829 0.87072 0.17239 -0.46058 e
162.30111 60.67964 -0.78063 0.29546 -0.55075 e
162.37502 34.38598 0.76995 0.58015 -0.26571 e
162.90345 82.87476 0.98110 -0.16269 -0.10475 e
163.23520 39.15217 0.17947 -0.93234 0.31391 e
164.05981 46.04031 -0.34355 0.67024 -0.65784 e
164.41003 51.74219 -0.54291 -0.81968 -0.18269 e
164.77238 44.69933 -0.59028 0.61012 -0.52851 e
165.08977 18.57886 -0.21852 -0.95353 -0.20745 e
165.29025 68.84644 -0.77780 -0.43129 0.45717 e
165.57100 42.63533 -0.60302 -0.64670 -0.46707 e
165.81971 80.26796 -0.12627 0.46059 0.87859 e
166.51630 59.86204 -0.35445 -0.01308 -0.93498 e
166.65291 59.22494 -0.65089 0.35161 0.67284 e
167.23364 57.84451 -0.30682 -0.58220 -0.75293 e
167.33863 79.21777 0.35069 0.45233 0.82001 e
167.72165 37.78514 0.90801 0.39482 -0.14014 e
168.36595 37.84980 0.31813 0.94731 0.03743 e
168.36885 50.45783 -0.80775 0.58426 0.07863 e
168.40720 36.61572 -0.08156 0.77090 0.63171 e
168.77306 48.80532 0.59508 0.79652 0.10691 e
168.81405 35.49622 -0.85780 -0.42346 -0.29131 e
169.22910 40.34372 0.26300 0.76248 0.59115 e
169.46480 54.93865 -0.72059 0.35397 0.59620 e
170.36158 52.56374 -0.06886 -0.95221 -0.29759 e
170.59138 33.14471 -0.96408 -0.05027 -0.26083 e
171.06635 38.98992 0.41171 0.53314 -0.73909 e
173.36808 26.31821 -0.21247 0.94646 -0.24305 e
173.47676 67.00481 0.06017 0.99338 -0.09782 e
173.86033 42.49313 -0.04152 -0.81861 -0.57284 e
173.89505 44.43741 0.29886 0.69024 -0.65898 e
174.56599 33.94262 -0.99951 0.01534 0.02719 e
174.62615 49.63292 0.52803 0.76703 0.36449 e
174.84995 33.51827 -0.42584 -0.89597 0.12610 e
175.48722 55.56504 -0.00545 -0.09675 -0.99529 e
175.63923 58.65300 -0.72968 -0.18736 0.65762 e
175.90822 21.71994 0.55564 -0.03387 -0.83073 e
176.95842 51.95092 -0.32474 0.13075 -0.93672 e
176.96112 38.96127 0.28249 0.00305 -0.95926 e
177.27162 56.80790 -0.71193 0.63779 -0.29390 e
177.48813 61.12579 0.92014 0.38824 -0.05106 e
179.08060 36.98297 -0.17534 -0.82004 0.54478 e
179.99748 13.14947 -0.59357 -0.67795 -0.43366 e
180.11942 80.50362 0.10130 -0.62163 -0.77674 e
182.14235 30.50219 -0.12697 -0.97667 0.17318 e
182.29738 53.41879 0.87103 -0.35380 -0.34077 e
182.58536 83.34188 -0.07492 0.92232 -0.37910 e
182.59433 37.81481 0.13330 -0.02243 -0.99082 e
182.83248 55.59573 0.55744 -0.82883 0.04796 e
183.51576 45.77605 -0.37943 0.59908 0.70508 e
184.25207 39.70356 0.32987 0.11322 -0.93721 e
184.28471 40.21557 -0.46681 0.77485 -0.42626 e
184.44025 24.44544 -0.24913 0.90418 0.34698 e
185.73125 49.41072 0.63178 -0.32607 0.70323 e
186.06787 53.91777 0.75552 0.60109 -0.26054 e
186.21139 51.40159 0.59760 0.46502 0.65317 e
186.66059 33.81591 0.79820 -0.04592 -0.60065 e
186.71914 75.34600 0.99416 -0.01979 0.10608 e
187.52840 42.01502 0.94870 0.31039 -0.06024 e
187.86343 44.16682 0.43389 0.45666 -0.77666 e
189.51540 39.76153 -0.89467 -0.18891 0.40482 e
190.11608 20.70092 -0.05704 -0.95933 -0.27647 e
191.01379 58.68692 0.80488 -0.18966 -0.56231 e
191.83899 28.96337 -0.01292 0.95539 -0.29506 e
192.18279 46.87836 -0.82795 -0.13315 -0.54477 e
193.03076 54.64158 0.22845 0.93690 -0.26465 e
193.18188 30.47924 0.20003 -0.97043 -0.13509 e
193.59926 74.24706 -0.03139 0.13639 -0.99016 e
194.73415 69.86936 0.69085 -0.50005 0.52219 e
195.11853 46.79770 0.55944 0.16281 -0.81273 e
195.47232 40.71415 0.45010 0.11723 -0.88525 e
195.89407 45.61471 0.58549 -0.59406 -0.55163 e
196.97050 36.29736 0.85496 0.51521 -0.06003 e
197.00037 62.81072 0.06355 -0.27382 -0.95968 e
197.43588 31.84423 0.43032 0.79672 0.42434 e
198.70333 45.89538 0.74353 0.40596 0.53138 e
199.09801 41.07567 -0.73344 -0.53837 -0.41500 e
199.82011 39.62986 0.46946 -0.27449 -0.83921 e
199.99230 43.29052 -0.73303 -0.13528 -0.66661 e
200.40084 76.76997 0.24274 0.75994 0.60297 e
202.23781 70.70117 -0.57305 -0.71390 -0.40243 e
202.87791 47.35094 -0.44697 0.50995 0.73496 e
204.25589 53.47003 0.52846 -0.81799 0.22722 e
204.69757 46.77864 -0.08061 0.52461 -0.84752 e
205.15884 30.85890 -0.27684 -0.34171 -0.89811 e
205.39103 70.14575 -0.55318 0.61416 0.56286 e
205.89049 78.60034 0.90852 0.38151 0.17042 e
207.38352 40.10304 0.72943 -0.47647 -0.49082 e
207.83090 35.65853 -0.79958 0.21136 0.56214 e
207.97807 38.58462 -0.37189 -0.56754 0.73458 e
209.50328 70.33067 0.64299 -0.28606 -0.71045 e
209.75599 52.28046 0.17141 -0.82921 0.53200 e
210.06939 17.90835 -0.78985 0.19334 0.58203 e
210.75506 40.84158 -0.69043 -0.52520 0.49746 e
211.86001 52.75540 0.96595 -0.12796 -0.22487 e
211.99208 76.86056 0.86160 0.46425 0.20523 e
212.10616 39.23390 -0.33623 -0.53867 -0.77252 e
213.17014 38.19030 -0.81315 0.42616 -0.39645 e
213.42924 45.66027 -0.89343 0.33977 -0.29385 e
215.26132 62.46632 -0.52757 -0.29101 -0.79811 e
216.14665 52.69177 -0.66708 -0.56049 -0.49077 e
216.48009 27.85375 0.54914 0.62386 -0.55610 e
217.30961 59.55167 -0.51802 0.52163 -0.67790 e
217.42548 49.25738 -0.00792 0.70114 -0.71298 e
217.81916 51.75869 -0.11883 -0.21339 -0.96971 e
218.02977 41.75193 0.77672 -0.61984 -0.11180 e
218.45162 35.74730 0.15201 -0.42019 -0.89461 e
218.89144 17.50662 -0.24978 0.40356 -0.88020 e
219.63801 52.47648 0.47789 0.50788 -0.71671 e
220.54855 23.85064 0.56561 -0.79309 0.22604 e
220.62048 27.98365 -0.85800 0.36005 -0.36632 e
221.14691 41.10248 0.51191 -0.07465 0.85579 e
221.16089 38.61621 0.64921 -0.32129 -0.68942 e
221.74265 36.26400 -0.68565 -0.67711 -0.26724 e
222.27075 60.73870 0.12744 0.35030 -0.92793 e
222.66733 45.05754 0.19274 0.16512 -0.96726 e
223.34989 62.45887 -0.25061 0.72016 -0.64696 e
223.73400 57.49122 -0.63111 0.68882 0.35669 e
225.36055 29.59507 0.96651 -0.06554 -0.24812 e
225.59119 19.69203 0.21856 0.71837 -0.66044 e
225.66127 34.06391 -0.67131 0.57290 -0.47024 e
226.50471 40.29734 0.35871 0.89413 0.26807 e
226.82933 40.30919 0.05348 -0.96799 0.24524 e
227.57737 56.84110 0.73982 0.65723 -0.14389 e
227.78278 50.53782 0.65338 0.52300 -0.54733 e
227.92002 39.94290 0.43784 -0.72307 0.53429 e
230.92331 33.94340 -0.13882 0.98417 0.11019 e
231.41679 75.88082 0.03598 0.49804 -0.86641 e
232.98170 50.15817 0.30546 -0.05848 -0.95041 e
233.27897 53.81589 0.65100 -0.05583 -0.75702 e
233.90524 30.77976 -0.66256 -0.66954 -0.33576 e
233.92130 51.54317 -0.94996 -0.30268 0.07728 e
234.87337 78.62466 -0.21150 0.71601 -0.66528 e
234.89185 43.19279 -0.48640 0.44933 0.74935 e
235.55484 53.90619 0.99983 0.01580 -0.00900 e
235.94871 51.27606 0.69533 0.67464 0.24775 e
236.70167 22.05835 -0.67061 0.16850 0.72242 e
237.33080 84.43323 -0.92921 -0.23495 -0.28526 e
237.52308 63.76354 -0.06366 -0.08251 -0.99456 e
239.17386 41.74462 0.77292 -0.62977 -0.07737 e
239.53249 19.24805 0.78415 -0.28999 0.54865 e
239.86281 30.23760 0.80393 0.57065 -0.16753 e
240.12134 64.44738 -0.07296 -0.16996 -0.98275 e
240.90922 27.51854 -0.04355 -0.73305 -0.67878 e
241.63834 16.86419 0.44196 -0.38742 -0.80906 e
242.39065 17.93655 -0.72264 0.64166 -0.25702 e
242.59662 75.23840 0.46049 0.87906 -0.12329 e
243.05755 48.19597 -0.28684 0.38342 -0.87790 e
243.23596 13.68929 0.67252 0.23664 0.70123 e
243.79544 33.86974 -0.73591 0.28142 0.61582 e
244.61747 27.53548 0.50257 0.56635 -0.65320 e
246.48252 64.16871 -0.26180 -0.21732 -0.94034 e
246.67572 61.78131 0.17890 -0.07950 -0.98065 e
247.29435 47.12671 0.81685 0.25681 -0.51653 e
248.07239 37.71435 -0.85317 0.50632 -0.12550 e
248.25782 43.28825 -0.35569 -0.58702 0.72725 e
249.49903 84.50233 0.61268 -0.19685 -0.76543 e
249.91059 30.32015 -0.30171 -0.11225 -0.94677 e
250.68819 24.46648 0.93117 -0.36443 0.01085 e
250.81006 53.44637 0.39630 -0.91812 0.00292 e
251.16408 61.27230 0.71260 -0.67150 -0.20322 e
251.45829 34.25773 -0.87603 0.47644 0.07470 e
251.55543 40.85400 0.27910 0.75087 -0.59858 e
252.54525 61.92807 0.49115 -0.82359 -0.28367 e
254.04512 56.36463 -0.71302 0.48359 -0.50768 e
255.06573 69.99489 -0.73800 -0.55466 -0.38433 e
255.79623 43.12059 0.21822 -0.95987 -0.17617 e
255.88086 47.70575 -0.32776 -0.87337 0.36027 e
257.24261 56.36550 -0.67452 -0.33605 -0.65734 e
258.68299 44.40875 0.55567 -0.07600 -0.82792 e
258.75274 16.26932 -0.98303 -0.10554 -0.15003 e
258.85097 57.87618 -0.87794 0.15388 0.45337 e
259.06777 59.44657 0.41091 0.50021 -0.76220 e
260.25858 77.12250 -0.43745 -0.40803 -0.80134 e
261.86888 21.88050 0.14482 0.57304 -0.80663 e
262.05607 55.00142 0.52817 -0.80802 -0.26103 e
262.11286 34.98704 -0.19373 0.71772 0.66884 e
263.88222 25.93151 -0.97835 0.16225 0.12850 e
264.08574 26.26792 0.25333 -0.22608 -0.94059 e
264.31325 35.07826 -0.61136 -0.77995 0.13387 e
265.87934 14.89471 0.84517 -0.00595 0.53446 e
268.16412 66.79974 0.17864 0.97085 -0.15980 e
268.27566 38.81058 0.91987 -0.36354 0.14722 e
268.45465 54.30910 -0.40806 -0.89424 0.18392 e
270.11727 25.62569 -0.86301 -0.13720 -0.48620 e
270.24363 48.35770 -0.24578 0.69862 -0.67195 e
270.32951 39.27333 -0.50590 -0.76969 -0.38941 e
270.71629 40.84664 -0.19336 -0.82279 -0.53444 e
271.41240 83.69450 0.11887 -0.94016 -0.31932 e
272.73464 45.79738 -0.22158 0.40717 -0.88607 e
272.73710 67.91138 0.99228 0.04616 -0.11514 e
273.44710 53.91367 0.12629 0.67773 -0.72439 e
274.01853 54.08049 -0.22425 -0.97415 0.02720 e
274.52115 62.72138 -0.46626 0.77453 0.42745 e
275.46041 79.35978 -0.35888 0.52282 -0.77321 e
276.80472 16.70110 -0.92193 0.33581 0.19308 e
277.00000 26.00801 0.06986 -0.00717 -0.99753 e
277.54567 67.47446 -0.06240 0.40708 -0.91126 e
277.75285 28.97271 0.04332 0.83506 -0.54845 e
278.73739 48.05041 -0.85143 0.33068 -0.40709 e
278.97607 76.06886 0.69337 -0.48767 0.53049 e
279.24503 39.92588 0.56464 0.00428 -0.82532 e
279.62175 76.09580 -0.81649 -0.46790 -0.33825 e
279.93393 68.10929 -0.39771 -0.06806 -0.91498 e
281.02724 46.28172 0.87467 -0.05200 -0.48192 e
282.58015 64.29068 -0.93117 0.35361 0.08881 e
284.97420 56.87082 -0.02047 0.89680 -0.44196 e
286.79611 46.84414 -0.79597 0.59313 0.12098 e
287.42130 70.43128 -0.02704 -0.64538 -0.76338 e
287.47349 47.05591 -0.49377 -0.85482 -0.15959 e
290.19921 15.34748 -0.44054 0.89263 0.09554 e
291.62711 31.67659 0.45658 0.88843 0.04719 e
292.67221 54.85515 -0.11136 0.09270 -0.98945 e
292.69453 67.13885 -0.84737 0.07351 0.52589 e
292.83464 57.05435 -0.94649 -0.31042 0.08829 e
292.84842 59.95962 -0.40257 -0.30928 -0.86156 e
293.01519 72.32270 -0.60574 -0.79511 -0.02982 e
293.63044 44.53129 0.24378 -0.14845 -0.95840 e
294.32148 67.70174 -0.88139 -0.40258 0.24713 e
296.01362 43.29417 -0.69598 -0.71804 0.00568 e
296.67206 47.82864 -0.08025 0.97796 0.19277 e
296.76477 61.34427 0.47538 0.82885 -0.29501 e
297.56153 50.57354 -0.82659 0.53223 0.18301 e
298.49362 58.98290 0.50099 0.02929 -0.86495 e
298.57167 40.52245 -0.24034 0.92193 -0.30379 e
298.65783 52.80570 0.68774 -0.38421 -0.61595 e
298.72125 33.90554 -0.75680 0.62192 -0.20117 e
299.10406 26.02276 -0.72432 0.67232 -0.15282 e
299.83845 65.18379 0.80810 -0.08570 0.58278 e
300.25909 43.47744 0.18288 0.67078 0.71875 e
300.61400 70.61075 -0.93953 0.00018 -0.34246 e
301.03847 43.47231 0.04703 0.43395 -0.89971 e
302.62913 34.40562 -0.69100 -0.63582 -0.34387 e
302.73307 27.60399 -0.63227 -0.73761 -0.23698 e
303.09967 42.33275 -0.62949 0.37727 0.67928 e
303.23543 64.56213 -0.70047 -0.27176 -0.65991 e
303.52236 31.13331 0.57071 -0.35308 -0.74136 e
303.84551 79.29959 -0.58614 -0.79893 0.13471 e
303.93621 45.47367 -0.28764 -0.24918 -0.92475 e
304.27087 53.07104 0.51760 0.03224 -0.85502 e
304.59937 77.73886 -0.39724 -0.89022 -0.22295 e
304.63699 74.80984 0.69766 -0.71281 -0.07187 e
306.23497 64.57125 0.46869 0.33187 -0.81865 e
306.35169 16.93517 0.07583 0.35331 -0.93243 e
306.75213 36.55120 0.68040 -0.44999 0.57842 e
307.17634 33.32655 -0.00244 0.07435 -0.99723 e
307.70465 24.58037 -0.66701 -0.66731 -0.33134 e
308.68042 77.05761 -0.50940 0.80168 0.31275 e
308.79069 43.74321 -0.43488 -0.89881 0.05490 e
309.31082 52.12468 0.31369 0.90614 -0.28375 e
309.57384 50.06285 0.45426 -0.42719 -0.78176 e
309.57686 71.11856 -0.56444 0.43714 -0.70023 e
309.60555 33.78494 0.67806 -0.70181 -0.21839 e
311.34964 59.18405 -0.03557 0.74919 -0.66140 e
311.86280 33.98772 0.12502 -0.60876 -0.78344 e
312.77380 25.77449 0.98144 -0.19156 -0.00866 e
313.24286 36.90023 -0.27674 0.84183 -0.46340 e
313.90030 55.16880 0.78553 -0.45725 0.41697 e
314.01394 60.74379 0.71160 0.10156 -0.69520 e
314.14449 56.22768 0.47994 -0.67819 0.55653 e
314.58594 58.19800 0.47219 0.81186 -0.34340 e
315.26154 64.31319 -0.21410 0.93855 -0.27072 e
315.51654 55.12084 -0.78080 -0.62231 -0.05558 e
315.64414 29.14245 -0.13557 -0.96666 0.21725 e
315.91444 62.65845 -0.96659 0.23548 -0.10130 e
316.49914 16.14170 0.32236 0.16917 -0.93138 e
317.00770 44.31026 0.99076 0.12899 -0.04200 e
317.08997 43.59043 0.33072 0.59927 -0.72904 e
319.14513 26.24853 -0.12994 0.53064 -0.83757 e
319.53112 67.93228 -0.56455 -0.23647 -0.79080 e
320.53329 20.83074 -0.06095 0.85148 -0.52083 e
320.58809 27.77602 0.87081 -0.48088 -0.10219 e
320.94021 37.24545 -0.24207 -0.08639 -0.96641 e
321.55276 23.09069 0.70854 -0.42431 -0.56385 e
321.63923 43.01070 -0.06747 -0.56335 0.82346 e
321.72080 31.60924 -0.31513 -0.79914 -0.51192 e
322.11231 84.54831 0.88551 0.26800 -0.37953 e
322.28680 43.06706 0.79680 -0.60375 0.02428 e
322.53624 58.53075 0.31307 0.21523 -0.92502 e
322.70693 65.16712 -0.38788 0.33094 -0.86025 e
323.30708 28.07841 -0.26277 -0.89192 0.36802 e
323.31732 42.14884 0.71886 0.61230 -0.32914 e
323.50801 12.73805 -0.96987 0.20292 0.13483 e
324.41861 44.61911 -0.51853 0.70674 -0.48130 e
325.26165 70.95333 -0.00197 0.75904 0.65104 e
325.67496 27.43426 -0.87345 0.13589 0.46756 e
326.27839 47.25014 -0.23580 0.88059 -0.41104 e
328.51528 65.55584 0.91326 0.07761 -0.39991 e
328.81653 75.03386 0.57523 -0.77526 -0.26093 e
328.86724 21.99349 -0.00082 -0.49001 -0.87172 e
329.32199 66.62684 -0.05535 0.34613 -0.93655 e
329.60086 80.79635 -0.73029 0.12970 -0.67071 e
329.67067 67.03748 -0.60500 0.55019 -0.57556 e
329.90932 49.47593 -0.26226 0.93858 -0.22425 e
330.02633 22.38762 -0.55321 -0.83146 0.05122 e
333.01342 83.32941 0.92891 0.36570 -0.05818 e
333.38828 54.57930 0.34348 -0.70890 -0.61602 e
333.59037 47.51521 -0.86731 -0.49669 -0.03270 e
333.96871 79.22021 0.70239 0.14152 -0.69758 e
334.00625 69.65910 0.07460 0.68724 -0.72259 e
334.43561 27.41538 0.51558 0.16772 -0.84027 e
334.79349 17.30905 -0.71195 0.08145 -0.69749 e
334.84707 45.87392 -0.94581 -0.27317 -0.17554 e
335.14776 25.72813 0.74339 0.60268 0.29008 e
335.35777 25.34279 -0.93117 -0.01961 -0.36404 e
335.75416 32.63022 0.18423 0.35376 -0.91701 e
335.98944 79.38102 -0.65001 -0.40175 -0.64505 e
336.36568 50.76068 0.53108 -0.24543 -0.81100 e
336.97451 48.58756 -0.68850 -0.28847 -0.66539 e
337.12760 43.38293 -0.53835 0.28533 -0.79295 e
337.50959 35.77747 -0.38396 -0.37654 -0.84309 e
337.61061 36.04805 -0.62834 0.73436 0.25672 e
337.73397 31.22858 0.90818 0.24785 -0.33732 e
338.15968 16.77173 0.32762 0.69956 0.63504 e
338.92717 26.65021 -0.55700 0.37805 -0.73948 e
340.42134 51.21488 0.27895 -0.95619 -0.08882 e
340.49134 53.71783 -0.64728 -0.25130 -0.71964 e
341.21495 39.21286 -0.23236 0.55152 -0.80115 e
341.61961 70.96213 -0.05251 -0.91780 -0.39354 e
342.04992 26.30201 0.53762 -0.58882 -0.60353 e
342.35947 38.42884 0.35354 0.83681 0.41803 e
342.37733 47.16366 -0.73187 0.30727 -0.60823 e
342.43378 57.94170 0.14262 0.57047 -0.80884 e
342.78108 72.99933 0.48408 0.86904 -0.10214 e
342.89304 70.50373 -0.17980 0.97717 0.11315 e
343.22554 25.34873 -0.20552 0.54649 0.81186 e
343.58491 69.72497 0.15054 -0.58199 0.79914 e
343.67819 47.85047 0.08099 0.18060 -0.98022 e
343.70875 43.06775 0.04435 -0.91370 0.40396 e
343.72852 33.39103 -0.01443 -0.11012 -0.99381 e
344.18409 47.79271 -0.58901 0.79909 -0.12054 e
344.85321 37.81403 0.99978 -0.02074 -0.00301 e
345.01472 76.98326 0.25479 0.92725 -0.27439 e
345.61220 52.55680 -0.37920 -0.00476 -0.92530 e
346.11654 27.55123 0.12819 0.44963 -0.88397 e
346.90338 59.74385 -0.38899 0.84900 -0.35760 e
348.85518 45.72540 -0.01992 0.85742 -0.51423 e
348.86728 37.38450 0.22994 0.00730 -0.97318 e
349.00804 29.44652 -0.81898 -0.19313 -0.54035 e
349.73018 66.87025 -0.99333 0.09815 0.06051 e
350.08469 18.42243 0.15366 0.48236 0.86239 e
350.35823 64.90993 0.04151 -0.99892 0.02100 e
351.86551 59.64365 0.08734 0.85319 -0.51423 e
353.09456 43.23771 0.42752 -0.63540 -0.64303 e
353.15169 82.34696 0.93935 0.23067 0.25380 e
353.49420 45.36393 0.23365 0.64665 -0.72612 e
353.80207 37.35885 -0.12168 0.44246 -0.88850 e
354.87047 42.67379 0.49827 0.77038 -0.39781 e
355.29988 64.01515 -0.78000 -0.41823 -0.46549 e
355.47040 80.98217 0.05985 -0.71099 -0.70065 e
356.90220 65.06271 0.17607 -0.37454 -0.91034 e
357.17678 59.18378 -0.88253 0.40451 -0.23984 e
357.73282 61.32025 0.68817 0.09540 -0.71925 e
358.03159 44.69800 0.70955 0.44922 -0.54290 e
359.18758 14.67125 0.62567 -0.71690 -0.30756 e
360.63492 62.00671 0.85685 0.24526 -0.45349 e
360.99710 53.36364 0.51164 -0.79749 -0.31975 e
361.95561 33.78001 -0.86760 0.12215 -0.48203 e
363.62201 82.44145 -0.04242 -0.86812 0.49453 e
365.95222 61.12875 0.71363 0.53687 0.45000 e
368.81590 26.16200 -0.30034 0.53349 0.79069 e
369.43098 15.31490 0.23779 -0.54407 -0.80464 e
369.55305 46.41034 0.76621 0.63637 0.08922 e
370.13969 25.09092 0.87568 0.38406 -0.29271 e
370.42278 18.86352 0.89625 -0.43832 0.06793 e
374.62739 38.32404 -0.78101 0.33154 0.52924 e
375.03530 38.88026 0.92516 0.34985 0.14725 e
376.04158 25.42439 -0.69830 0.29333 0.65294 e
377.84475 32.05961 0.63773 0.55871 0.53023 e
381.56744 36.76619 0.44089 -0.47198 -0.76344 e
386.52614 62.73443 -0.12563 0.11961 -0.98484 e
387.96660 46.42693 0.15831 0.97716 0.14173 e
389.20280 71.44684 -0.42730 -0.81630 -0.38868 e
391.98701 36.34339 0.45946 -0.38581 -0.80003 e
397.58562 58.42614 -0.83746 -0.54631 0.01443 e
398.67935 75.13571 -0.87953 -0.37367 0.29462 e
399.79828 46.35667 0.97479 0.07700 -0.20943 e
404.00402 55.13814 0.38439 0.82130 -0.42155 e
408.30926 61.87846 -0.45661 0.25772 -0.85152 e
411.27528 56.25821 -0.13937 -0.67618 -0.72344 e
412.04070 50.46707 0.04234 -0.99896 0.01676 e
414.46046 28.78169 0.56686 -0.43338 0.70061 e
415.18282 27.37884 -0.57885 0.81390 0.04993 e
420.53074 81.10282 -0.27572 -0.42120 -0.86404 e
426.73560 41.86037 0.40969 -0.23077 -0.88255 e
433.65848 29.01943 -0.22748 -0.38727 -0.89346 e
447.87943 66.06804 0.03634 0.94580 0.32272 e
450.60995 33.00164 -0.39810 0.89467 0.20267 e
460.04902 38.53796 0.66176 -0.72772 -0.18027 e
465.80380 71.00508 -0.62281 0.01104 -0.78230 e
476.11584 22.66009 0.64783 0.33742 -0.68298 e
488.56744 42.98529 0.91587 -0.36062 -0.17648 e
506.86756 28.05870 0.03154 0.91904 -0.39289 e
542.48938 28.30129 0.04238 -0.99814 -0.04389 e
587.47310 22.17897 -0.67749 -0.68580 0.26586 e
605.00956 33.13805 -0.18459 0.85752 -0.48020 e
607.70528 38.71129 0.64336 -0.50302 -0.57712 e
608.29915 13.92579 0.79551 0.53377 0.28680 e
652.95197 38.71969 0.54611 -0.27056 0.79282 e
655.92579 19.93843 0.14659 0.58176 0.80004 e
656.15976 46.25748 0.24770 -0.85666 -0.45252 e
681.98664 27.15050 0.67734 -0.57412 0.46000 e
685.51618 41.11382 0.48617 -0.56721 -0.66476 e
768.51293 22.43676 -0.81412 -0.32042 0.48430 e
770.80940 20.24279 -0.67970 -0.53061 -0.50641 e
797.77449 20.14696 -0.12500 -0.59230 0.79596 e
811.88796 40.42128 -0.85145 -0.44287 -0.28089 e
851.49888 42.22488 0.08604 -0.08082 0.99301 e
982.07405 18.68803 -0.03503 -0.56433 0.82480 e
994.04651 20.96263 0.25229 0.96741 0.02152 e
1032.49527 21.08251 -0.58176 0.41579 -0.69906 e
1034.55650 16.35288 -0.85792 0.41743 -0.29954 e
1064.25965 18.02615 0.34756 -0.93192 0.10353 e
1107.78101 9.40225 0.57306 -0.10315 -0.81299 e
1119.69502 27.79912 -0.22299 -0.07935 0.97159 e
1173.00940 16.13781 -0.05131 -0.93412 0.35326 e
1184.90111 29.75532 0.90890 -0.06212 0.41235 e
1262.46789 27.15455 -0.23536 0.97097 0.04275 e
1295.13753 24.96553 -0.31330 -0.73272 -0.60412 e
1313.40696 18.47415 -0.19077 0.07822 -0.97851 e
1321.14416 22.61216 0.45994 0.34993 0.81609 e
1369.33547 24.85018 -0.13683 0.48400 -0.86431 e
1458.62692 30.51226 -0.27458 0.83355 -0.47937 e
1613.46101 22.01474 -0.86354 -0.41396 0.28800 e
1753.48917 29.92836 0.24265 0.35914 -0.90119 e
1892.12859 20.88285 -0.88612 0.44757 0.12034 e
1942.51619 15.20531 -0.61541 -0.36648 0.69783 e
1946.02336 35.61459 -0.39734 0.63423 -0.66323 e
1946.86615 20.87735 0.24759 -0.81870 -0.51811 e
1955.61954 13.80639 -0.10803 -0.94544 0.30738 e
1965.22451 24.20264 -0.08442 0.24388 -0.96612 e
1974.35132 24.11562 0.01266 0.90906 0.41648 e
2037.25610 51.07591 -0.18204 -0.90695 0.37987 e
2076.01318 21.99496 0.24690 0.75849 -0.60311 e
2099.39052 34.28386 -0.94286 -0.08102 0.32319 e
2155.46214 23.45109 -0.27030 -0.91647 0.29499 e
2258.45083 10.86743 0.76015 0.33252 0.55821 e
2423.88089 23.74428 -0.50270 -0.66700 -0.54991 e
2424.62978 16.87542 -0.83081 -0.47914 0.28315 e
2463.45313 22.96377 -0.64388 0.74249 -0.18476 e
2479.42697 18.06208 0.28858 -0.02304 -0.95718 e
2719.17673 17.42278 0.12573 -0.66952 0.73207 e
2735.48949 13.24477 0.35577 -0.82377 0.44139 e
2792.95447 22.55854 0.97586 0.18993 0.10778 e
2953.05244 22.41979 -0.44645 0.28217 -0.84915 e
3184.01890 25.85204 0.24860 0.79709 -0.55031 e
3262.15576 24.76597 0.68594 0.55431 -0.47140 e
3300.72494 17.04833 0.49011 0.40783 -0.77037 e
3451.92269 23.62889 -0.43620 -0.86771 0.23836 e
3681.49663 74.48589 0.36608 -0.92127 -0.13134 e
3729.08581 15.67327 0.57592 -0.13325 -0.80657 e
3817.46284 33.77404 -0.92064 -0.39039 0.00402 e
3987.58599 27.28965 -0.59513 0.27522 -0.75503 e
4178.32946 24.12254 -0.57161 0.43309 -0.69691 e
4431.04403 20.69561 0.29513 0.90400 -0.30931 e
4463.25553 38.13979 -0.26038 0.84023 -0.47563 e
4500.02049 28.13842 0.39165 0.91487 0.09814 e
4538.32873 31.73223 -0.49437 -0.44489 -0.74677 e
4676.15234 11.67996 -0.97066 0.24044 0.00267 e
4806.77280 15.52709 0.99743 0.06257 0.03481 e
4887.34816 17.33028 0.17111 0.40866 -0.89650 e
5051.46824 27.43744 -0.47903 -0.39957 -0.78158 e
5331.40951 35.31235 -0.62439 -0.32342 -0.71101 e
5369.22285 16.95836 -0.04398 -0.45845 0.88763 e
5512.98427 16.65106 0.54290 0.16657 -0.82311 e
5797.22067 31.22405 0.57686 -0.06587 -0.81418 e
5894.30926 20.41307 0.21863 -0.60213 -0.76788 e
6159.47003 26.52677 -0.90514 0.23458 0.35455 e
6293.67850 14.46195 0.33659 0.94137 -0.02307 e
6350.50030 36.64671 -0.55953 -0.04383 -0.82765 e
6777.47255 18.90783 -0.47808 -0.83540 -0.27120 e
6782.84543 20.78830 -0.86024 0.48017 0.17154 e
7124.82651 25.94363 -0.06828 0.06875 -0.99529 e
7254.43527 33.64258 -0.21163 -0.95397 0.21248 e
7603.86064 24.06387 -0.49860 -0.85462 -0.14498 e
7859.16329 21.70337 -0.03632 -0.86214 -0.50536 e
7989.49521 19.80030 -0.39575 -0.91067 -0.11862 e
8399.97248 31.57525 0.19252 -0.72114 -0.66550 e
8571.70187 84.08302 0.43922 0.86409 -0.24583 e
9552.50657 21.29493 0.37676 -0.92580 0.03086 e
11557.79795 12.14513 0.92889 -0.29138 0.22860 e
12634.39520 30.33707 -0.00223 -0.99979 -0.02044 e
16580.90115 84.16128 0.08199 0.69806 -0.71133 e
17497.76173 73.59856 0.63843 -0.46684 -0.61194 e
