16.33673 76.86514 -0.25491 0.90602 -0.33786 eb
16.80669 45.25655 -0.12608 -0.99110 0.04265 eb
18.31988 59.07613 -0.37922 0.16280 -0.91087 eb
18.53344 40.80995 -0.79263 -0.06910 -0.60578 eb
18.96559 60.18533 -0.60542 -0.32909 -0.72468 eb
19.11253 60.49359 -0.29397 0.74666 0.59672 eb
19.36490 64.86692 -0.22494 0.35147 -0.90877 eb
20.29714 51.95144 0.99089 -0.01433 0.13391 eb
21.17761 76.90364 0.07839 -0.66057 -0.74666 eb
21.33704 32.40947 0.81072 0.19926 -0.55048 eb
21.44470 79.22186 -0.93604 -0.19522 0.29278 eb
21.76719 67.87680 0.71665 -0.02667 -0.69693 eb
21.79059 66.66041 -0.34563 0.93754 0.03942 eb
22.03676 72.92141 -0.43015 -0.42121 -0.79847 eb
22.40291 13.65640 0.93474 -0.34737 -0.07474 eb
22.48904 79.89567 -0.33289 0.94067 0.06577 eb
22.74144 24.64319 -0.10007 0.84534 -0.52477 eb
23.06915 63.45469 0.16395 0.94024 0.29846 eb
23.55372 77.40828 -0.35567 -0.01636 -0.93447 eb
23.55519 42.19842 -0.22018 -0.88630 -0.40743 eb
23.57940 71.92796 0.97301 0.17508 0.15029 eb
23.58883 69.27166 -0.83686 0.54712 -0.01797 eb
23.73673 82.77120 -0.08063 0.94027 -0.33074 eb
23.76112 84.69490 -0.94814 -0.29117 -0.12750 eb
24.11744 83.93834 -0.99021 0.05769 -0.12707 eb
24.22119 26.34031 -0.20408 0.93175 0.30031 eb
24.45764 69.65648 -0.57050 0.80130 -0.18013 eb
24.47390 84.41218 0.90440 0.15194 -0.39871 eb
24.81092 49.62016 -0.42070 -0.43516 -0.79602 eb
24.99822 52.51882 -0.24260 0.38189 -0.89180 eb
25.15064 86.65707 -0.97733 -0.21072 0.02069 eb
25.17752 17.07692 0.29312 0.81262 -0.50372 eb
25.32376 72.30362 0.42665 0.88471 0.18775 eb
25.38389 42.97089 -0.48780 -0.85929 -0.15384 eb
26.37160 47.54424 -0.72544 -0.31842 -0.61020 eb
26.55549 68.57219 0.28870 -0.95144 0.10688 eb
26.85291 31.76230 0.80467 0.43786 -0.40098 eb
27.13904 85.24902 0.90064 0.40879 -0.14747 eb
27.66312 85.00702 -0.66266 -0.00240 -0.74892 eb
27.66440 46.34741 0.08495 -0.33700 -0.93767 eb
28.04862 75.72546 -0.10516 -0.99369 -0.03908 eb
28.59929 79.80176 0.65126 -0.66297 -0.36922 eb
28.67083 60.62914 -0.93129 -0.34005 -0.13063 eb
28.72152 71.75113 0.78017 0.10076 -0.61739 eb
28.95466 88.24161 0.58030 -0.06590 -0.81173 eb
29.00781 81.25170 0.38566 0.88394 -0.26442 eb
29.14042 45.89307 -0.25887 0.55355 -0.79156 eb
29.20902 51.00287 -0.09938 -0.00097 -0.99505 eb
29.73315 87.91832 0.95285 0.23411 0.19305 eb
29.87816 16.81510 -0.67741 -0.60715 0.41531 eb
29.93416 34.70638 0.76054 0.64903 -0.01859 eb
30.81685 78.18425 0.01795 0.99013 -0.13902 eb
31.10312 26.47207 0.32824 0.14838 -0.93287 eb
31.21437 87.86928 -0.50352 -0.13466 -0.85342 eb
31.65540 71.20630 -0.41225 0.51401 -0.75223 eb
31.78199 69.55060 0.37672 0.52692 -0.76186 eb
31.78347 79.59266 0.62557 -0.44338 -0.64193 eb
32.08014 46.79528 -0.67445 -0.72457 0.14180 eb
32.37685 43.14335 0.79914 0.14003 0.58460 eb
32.83911 83.58790 0.82433 0.02896 -0.56537 eb
32.95597 39.26385 0.15606 0.40549 -0.90068 eb
33.27684 63.36819 0.55779 0.45435 0.69457 eb
33.63380 23.98436 0.29849 0.87394 -0.38357 eb
33.72218 33.76722 -0.66616 -0.10604 -0.73824 eb
34.22987 45.31074 0.82507 0.41109 -0.38765 eb
34.25609 49.56853 0.44089 -0.83031 -0.34088 eb
34.48036 88.41729 -0.08652 0.26390 -0.96066 eb
34.56143 37.72667 0.86946 -0.49397 0.00518 eb
34.67851 53.25499 0.81104 -0.58488 -0.01126 eb
34.78357 50.01054 -0.21408 -0.59186 0.77709 eb
34.93978 49.28707 0.66680 0.38064 -0.64070 eb
35.09626 21.70088 -0.44892 0.42434 -0.78639 eb
35.26840 75.89895 0.94209 -0.25631 -0.21626 eb
35.32292 67.70577 0.37775 0.91549 -0.13850 eb
35.32334 49.87608 0.53191 0.80221 0.27118 eb
35.48411 61.61924 -0.78034 0.55508 -0.28801 eb
35.85458 41.20614 -0.31461 -0.40763 -0.85724 eb
36.04671 46.97282 -0.29355 0.85539 -0.42677 eb
36.14246 74.48500 -0.53344 -0.06956 -0.84297 eb
36.36150 57.09261 -0.81527 0.42579 -0.39248 eb
36.52090 38.88603 -0.11938 -0.93198 -0.34229 eb
36.52349 50.61146 0.21502 -0.15705 0.96390 eb
36.61021 60.13646 0.05407 0.75005 -0.65917 eb
37.18926 37.33109 -0.35084 -0.00621 -0.93642 eb
37.50509 83.72744 -0.43967 0.85080 0.28779 eb
37.57492 73.83832 0.57248 -0.79158 0.21369 eb
37.80077 17.45911 -0.09609 0.36228 0.92710 eb
38.23958 22.68310 -0.61415 -0.44824 -0.64953 eb
38.24892 86.25236 -0.57939 -0.77842 0.24161 eb
38.31764 38.78634 -0.92127 -0.27218 0.27781 eb
38.93740 75.86907 0.55342 0.18213 -0.81274 eb
39.09411 77.65132 0.81845 0.47010 0.33038 eb
39.19460 82.92930 0.22671 -0.38289 -0.89554 eb
39.27566 74.80189 0.88285 0.42201 -0.20610 eb
39.67340 48.90274 0.30500 0.34430 -0.88794 eb
39.72009 43.81501 0.91850 -0.11017 -0.37975 eb
39.89777 85.08387 0.74501 -0.55094 -0.37606 eb
40.15006 38.09087 -0.41961 -0.90259 0.09622 eb
40.24536 40.35577 -0.81470 -0.43614 0.38217 eb
40.38529 70.58741 0.47634 -0.40596 0.77993 eb
40.50877 38.19539 -0.10824 0.37006 0.92268 eb
40.69850 61.86993 0.02665 -0.96016 0.27818 eb
40.73465 80.05603 0.77613 0.63016 0.02304 eb
40.76584 38.92964 -0.60672 0.72860 -0.31787 eb
41.05096 54.06519 -0.06031 0.96232 0.26513 eb
41.10208 25.49826 -0.97213 0.21515 -0.09312 eb
41.11930 53.73560 -0.67777 0.60468 -0.41832 eb
42.17671 53.01277 0.68429 0.72582 0.07022 eb
42.41709 57.60214 -0.96767 -0.24008 0.07737 eb
42.45295 72.56427 0.11228 -0.39672 -0.91105 eb
42.67985 65.25822 -0.16816 -0.81118 -0.56009 eb
43.02979 51.37341 0.52122 0.81380 0.25700 eb
43.17474 41.01799 -0.46041 -0.88388 -0.08238 eb
43.33593 47.60077 -0.06893 -0.90001 -0.43038 eb
43.54388 76.86188 -0.67072 0.57006 -0.47452 eb
43.60842 72.17710 0.51345 0.14998 -0.84491 eb
43.64004 55.18754 0.31204 0.64494 -0.69763 eb
43.71375 61.55663 0.52308 0.44002 -0.72991 eb
43.90151 84.59007 0.21601 -0.08754 -0.97246 eb
44.53009 40.34601 0.12378 0.41089 -0.90324 eb
44.73940 79.20168 -0.16129 0.48664 -0.85859 eb
44.78901 88.54819 -0.56169 -0.61163 -0.55714 eb
44.83118 30.75940 0.17279 -0.49191 -0.85333 eb
45.33369 71.83082 0.08209 0.19728 -0.97690 eb
45.44312 62.79074 -0.84034 0.50680 -0.19231 eb
45.48577 67.65818 0.62332 0.29458 -0.72436 eb
45.66038 82.06936 0.28778 -0.88108 -0.37534 eb
46.19964 58.43658 0.03339 -0.93068 -0.36431 eb
46.37664 53.11161 -0.90240 -0.43020 -0.02438 eb
46.60798 57.20311 0.42575 -0.89835 -0.10817 eb
47.01723 33.03426 -0.26127 -0.81879 -0.51119 eb
47.10298 65.50739 0.61472 0.04162 -0.78764 eb
47.12279 52.30082 0.03159 0.96400 -0.26401 eb
47.16369 31.10968 -0.48403 -0.82568 0.28977 eb
47.29018 59.05119 0.39857 -0.39408 -0.82816 eb
47.59411 54.17528 -0.90103 -0.09278 -0.42372 eb
47.64572 59.59669 0.27618 0.05104 -0.95975 eb
47.96517 59.32295 -0.58972 -0.52883 0.61039 eb
48.90361 40.21812 -0.74168 0.04410 -0.66931 eb
49.07735 51.39641 -0.43758 -0.81978 -0.36943 eb
49.10819 33.59459 -0.13996 -0.46540 -0.87397 eb
49.16149 35.24079 0.77270 -0.51630 -0.36929 eb
49.40896 52.85778 0.58537 0.77466 -0.23928 eb
49.60158 61.97175 -0.17622 0.76747 -0.61639 eb
49.84639 46.63147 -0.65257 -0.04505 -0.75639 eb
49.93015 50.97566 0.14114 0.33372 -0.93205 eb
49.99155 44.96032 -0.19467 -0.96518 0.17472 eb
50.20130 45.40317 0.87589 -0.11653 0.46824 eb
50.79206 32.58353 0.81624 -0.24521 -0.52309 eb
50.91199 63.01437 -0.86118 -0.19622 -0.46890 eb
50.91219 21.29089 -0.08485 0.71960 -0.68918 eb
51.27443 43.76093 -0.44860 -0.39835 -0.80005 eb
51.31107 80.88394 -0.01397 0.84615 0.53276 eb
51.44252 75.23294 -0.71424 0.31235 -0.62634 eb
51.64028 67.90418 0.40447 0.89969 -0.16422 eb
51.66790 41.03684 -0.22691 0.97355 -0.02657 eb
51.71777 34.06597 -0.17271 0.91460 0.36563 eb
51.81648 43.48872 0.51973 -0.40101 -0.75437 eb
51.90908 32.47789 0.40439 0.14036 -0.90375 eb
52.22732 67.88992 0.82531 -0.54595 -0.14421 eb
52.61613 57.03581 -0.13617 -0.14768 -0.97962 eb
52.63483 28.32515 0.78153 0.57009 -0.25340 eb
52.85199 17.28141 -0.55528 0.71038 -0.43247 eb
53.20943 62.01319 0.22239 0.38884 -0.89406 eb
53.43565 62.52296 -0.92081 0.04088 -0.38785 eb
53.44879 26.58923 -0.10227 -0.86452 0.49208 eb
53.49010 71.41573 0.35306 0.11870 -0.92804 eb
54.63317 88.45390 0.51421 0.79703 -0.31674 eb
55.24218 59.09970 -0.98473 0.12875 0.11715 eb
55.24916 61.57932 -0.81650 -0.49772 -0.29257 eb
55.34866 47.09937 0.61307 -0.49267 -0.61759 eb
55.54895 71.86465 -0.89757 -0.03535 -0.43946 eb
56.24457 53.34106 -0.43862 -0.84148 -0.31548 eb
56.39320 58.16470 0.54654 -0.53440 -0.64476 eb
57.21712 46.55393 -0.41329 0.89938 0.14252 eb
57.25650 74.33871 -0.03153 -0.51003 0.85958 eb
57.27083 33.77229 0.47870 0.67004 0.56736 eb
57.52412 56.89913 -0.17295 -0.40650 -0.89713 eb
57.76107 35.78975 0.37468 0.22132 -0.90035 eb
57.76225 87.20777 -0.67365 0.02263 -0.73871 eb
57.79969 81.75277 -0.70026 0.71388 0.00392 eb
57.87058 87.81941 0.14171 -0.68419 -0.71540 eb
57.88123 58.50158 0.28895 -0.86471 0.41083 eb
58.04937 49.66947 0.99734 0.00466 -0.07280 eb
58.41798 43.88435 -0.08382 0.60088 -0.79493 eb
58.50882 40.74572 0.07046 0.96614 -0.24822 eb
58.51361 74.29223 -0.41822 0.43476 0.79754 eb
58.85030 36.92039 -0.53347 0.29590 0.79237 eb
58.86328 62.87990 -0.91281 -0.27490 -0.30201 eb
59.54842 67.19837 0.70626 0.65365 0.27192 eb
59.76128 88.03415 -0.46247 0.33240 -0.82197 eb
59.99002 47.57223 -0.61502 0.66039 -0.43086 eb
60.25304 72.06843 0.90589 -0.34444 0.24643 eb
61.38613 35.59586 -0.26346 0.50864 0.81968 eb
61.38975 42.17064 0.40586 -0.82870 -0.38541 eb
61.52183 47.23176 0.54557 0.63282 -0.54944 eb
61.53275 14.53344 0.96078 0.02138 -0.27650 eb
61.89177 60.88792 0.79508 -0.54159 0.27301 eb
62.05642 72.48769 0.34197 0.74467 -0.57317 eb
62.39547 59.56110 -0.10678 0.04065 -0.99345 eb
62.52511 40.07983 -0.11161 0.96518 0.23657 eb
62.60530 57.19288 0.19459 0.41390 -0.88928 eb
62.70238 40.26024 -0.84585 -0.48683 0.21800 eb
62.72427 64.24946 0.10163 0.77281 0.62644 eb
62.76625 30.01949 0.75230 -0.25382 -0.60796 eb
63.52350 48.87783 -0.77405 -0.57865 -0.25692 eb
63.52370 87.45380 0.62752 -0.71480 -0.30867 eb
63.60794 22.60319 -0.05023 -0.98594 -0.15938 eb
63.72959 10.26009 -0.17525 0.76178 -0.62368 eb
63.76261 40.71831 0.69806 -0.68163 -0.21931 eb
64.04749 51.58035 -0.00355 -0.87485 -0.48438 eb
64.51854 42.73820 -0.06286 -0.99416 0.08771 eb
64.55284 39.33861 0.55519 0.69094 -0.46300 eb
64.72070 88.51784 0.30167 0.15495 -0.94074 eb
64.86421 85.44886 -0.21223 0.57208 -0.79227 eb
65.03817 73.87362 -0.42948 -0.17993 0.88497 eb
65.43547 70.54075 0.33892 0.91329 -0.22589 eb
65.49556 51.38387 0.63401 -0.75070 -0.18571 eb
65.53228 45.49898 0.24017 -0.90043 0.36268 eb
65.63167 58.62393 -0.57083 -0.76354 -0.30192 eb
65.87156 27.55741 0.73023 -0.66782 -0.14418 eb
66.01033 48.52890 0.45175 -0.21394 -0.86611 eb
66.08445 66.91087 0.33822 0.26725 -0.90232 eb
66.10617 33.38331 0.22981 -0.96152 0.15052 eb
66.21265 62.08201 0.52212 -0.85254 -0.02378 eb
66.30545 22.07522 -0.16527 0.83648 -0.52248 eb
66.74957 86.55532 -0.34749 -0.22945 -0.90918 eb
66.86799 45.93036 -0.71228 -0.41273 -0.56772 eb
66.91109 52.82860 -0.38464 0.91289 0.13668 eb
67.00031 76.27504 0.88099 -0.45414 -0.13271 eb
67.18139 38.61960 0.90629 0.17480 0.38482 eb
67.32741 53.31404 0.63139 0.49267 -0.59885 eb
68.11134 37.81394 -0.36077 -0.15500 -0.91968 eb
68.14549 44.19212 -0.06924 0.97669 -0.20317 eb
68.22003 27.95367 -0.64362 0.68541 -0.34053 eb
68.24389 26.65257 -0.44357 0.51718 0.73196 eb
68.57000 86.70537 0.14696 -0.79433 -0.58945 eb
68.65814 59.92989 -0.62010 0.38945 -0.68103 eb
68.91931 64.49069 -0.95009 -0.16645 0.26387 eb
69.27419 63.93766 0.00942 -0.33536 -0.94204 eb
69.65229 32.75066 0.02376 -0.39580 0.91803 eb
69.74475 67.54664 0.32170 -0.88833 -0.32767 eb
69.99815 83.06089 -0.55165 -0.48158 -0.68100 eb
70.00049 87.16593 0.80968 0.05747 -0.58406 eb
70.28987 50.16079 -0.21917 0.97473 -0.04326 eb
70.33193 36.90286 0.66277 -0.63356 -0.39916 eb
70.36684 31.36222 -0.15830 -0.82074 -0.54893 eb
70.43386 54.89751 -0.64035 0.65754 -0.39698 eb
70.46356 62.78473 0.43545 -0.84485 -0.31083 eb
70.75645 47.25521 0.68710 -0.71033 -0.15269 eb
71.33264 30.36498 0.88552 -0.35812 -0.29597 eb
71.59994 72.53068 0.75662 0.13253 0.64029 eb
71.87497 65.71569 0.58963 0.53487 -0.60519 eb
72.18667 22.35137 -0.89303 0.00597 0.44995 eb
72.22336 21.29162 -0.87701 0.47985 -0.02457 eb
72.44222 60.88907 -0.95047 0.04097 0.30810 eb
73.23152 42.67958 -0.23783 0.33480 -0.91178 eb
73.32830 76.71163 -0.59124 0.73380 -0.33463 eb
73.42999 67.49016 -0.23207 0.47346 -0.84969 eb
74.32959 55.19603 -0.47544 0.19581 -0.85768 eb
74.75661 50.31703 0.15560 0.43051 -0.88907 eb
75.31346 10.46806 -0.82782 -0.24441 0.50496 eb
75.55384 60.49202 -0.08118 -0.38218 -0.92052 eb
76.04130 61.81906 0.62502 0.07845 -0.77666 eb
76.08389 47.69906 -0.20062 0.24622 -0.94822 eb
76.75930 42.66032 0.45071 0.72856 0.51581 eb
76.80366 53.11520 -0.66674 0.61441 -0.42186 eb
77.75390 75.19535 0.71327 -0.23194 -0.66140 eb
78.13070 46.90529 0.71804 -0.26448 -0.64380 eb
78.60373 47.55559 0.48376 0.82339 0.29666 eb
78.73868 65.31196 -0.10979 -0.98156 -0.15648 eb
78.75908 43.29362 0.95629 0.17322 -0.23560 eb
79.17251 85.95330 0.36762 -0.01593 -0.92984 eb
79.28730 76.80137 -0.30444 -0.55300 -0.77557 eb
79.49347 58.76123 0.49923 0.83261 -0.23985 eb
79.56039 29.10331 0.79480 -0.41955 -0.43850 eb
79.88271 77.37344 0.77854 -0.27574 0.56377 eb
80.19534 17.86261 -0.91631 -0.28503 -0.28132 eb
80.44438 50.57782 0.19316 0.13461 -0.97189 eb
80.52951 43.20508 -0.44087 0.84397 -0.30554 eb
80.92558 67.75740 -0.46424 -0.15984 -0.87117 eb
81.09600 87.12944 -0.38859 0.55434 0.73601 eb
81.36972 33.37450 -0.23677 -0.91018 -0.33988 eb
82.45831 86.28764 0.31300 -0.94291 0.11383 eb
82.53630 34.06680 0.73169 -0.02667 -0.68112 eb
82.56178 41.92644 0.54011 0.80204 -0.25498 eb
82.95044 37.12509 -0.37673 -0.00465 -0.92631 eb
83.83820 45.64483 -0.32714 -0.04794 0.94376 eb
84.10036 48.47697 -0.11946 -0.46769 -0.87579 eb
84.20497 21.87258 -0.52411 0.37656 -0.76388 eb
84.32627 70.56021 -0.08604 0.43023 -0.89861 eb
85.64340 31.78285 -0.34184 0.71376 -0.61131 eb
85.70622 79.44974 -0.04411 -0.17422 -0.98372 eb
85.94311 54.49829 -0.15538 0.67756 0.71886 eb
86.08047 35.32337 0.69627 -0.71314 0.08148 eb
86.87362 31.35079 0.17597 0.07490 -0.98154 eb
87.28702 36.13056 -0.65697 -0.52109 -0.54484 eb
87.64612 49.38134 -0.94118 0.22302 -0.25384 eb
87.73896 54.21169 -0.20967 -0.60142 -0.77093 eb
88.75599 76.53360 -0.95199 0.30603 0.00758 eb
89.44569 49.85433 0.60628 -0.75286 0.25615 eb
89.51103 52.17484 -0.11702 0.97936 0.16481 eb
89.68009 16.32143 0.40359 0.02960 0.91446 eb
90.33332 17.22691 -0.63076 -0.71981 -0.28985 eb
91.18119 31.26952 -0.04236 -0.97074 -0.23635 eb
91.43610 70.34822 0.61382 0.74339 -0.26569 eb
91.50887 41.32663 -0.60909 0.78861 -0.08423 eb
91.61862 55.50787 -0.39302 0.53805 0.74568 eb
91.84124 58.63782 -0.16153 -0.98683 0.00865 eb
92.11314 32.22371 -0.23516 0.96402 0.12395 eb
92.11559 27.89131 -0.42861 0.19958 -0.88117 eb
92.53636 58.01010 0.62655 0.54102 -0.56101 eb
92.64217 50.82386 -0.99241 0.11886 -0.03159 eb
92.71020 65.78249 0.11420 -0.74878 -0.65291 eb
92.72686 61.05051 -0.63294 -0.67660 -0.37630 eb
93.14684 51.10331 0.12071 -0.91403 -0.38728 eb
93.25305 73.59212 0.09683 0.06064 -0.99345 eb
93.90621 22.28203 -0.73222 -0.51602 0.44451 eb
94.23994 27.16107 -0.93555 0.21950 0.27671 eb
94.41093 83.13088 -0.54354 -0.51934 0.65943 eb
94.47106 34.61295 -0.86616 0.27236 -0.41903 eb
94.53239 87.72092 -0.87176 -0.38755 -0.29972 eb
94.85747 40.74650 0.31204 0.24216 -0.91869 eb
95.35021 28.70630 -0.38505 0.36268 -0.84865 eb
95.37371 25.12303 0.71367 -0.69832 0.05496 eb
95.77874 51.16532 0.62401 0.12259 -0.77174 eb
95.78057 36.87669 -0.29956 -0.59351 -0.74700 eb
95.79095 54.48775 0.47725 0.30098 -0.82561 eb
96.11304 46.27030 -0.94221 -0.33344 0.03262 eb
96.52869 55.63145 0.64044 -0.75705 0.12927 eb
96.61920 28.86273 -0.12176 0.58204 0.80399 eb
99.48235 63.55701 -0.86832 -0.49493 -0.03278 eb
99.92972 10.92541 -0.37802 0.76532 0.52095 eb
100.37049 62.85976 -0.36651 -0.33005 -0.86991 eb
100.86255 55.53637 -0.63962 -0.58357 -0.50033 eb
101.05502 62.89455 0.57640 -0.21539 -0.78827 eb
101.17356 35.45840 0.08280 0.58191 0.80903 eb
101.21348 44.91754 0.45397 -0.41496 -0.78850 eb
101.52100 31.03099 -0.60185 0.56053 -0.56884 eb
101.63723 50.29720 0.40508 -0.09148 -0.90969 eb
102.53696 79.42897 0.14540 -0.21265 -0.96625 eb
102.67782 62.85802 0.80774 0.44883 -0.38225 eb
102.74304 33.38694 0.48592 0.87385 -0.01625 eb
103.60856 47.20013 0.61899 0.68421 0.38563 eb
103.85793 57.73770 0.24827 -0.45166 -0.85695 eb
104.12545 29.79772 -0.58802 0.74622 -0.31207 eb
104.90763 35.30877 0.49753 -0.86241 -0.09336 eb
105.43796 63.50212 0.47117 0.64904 -0.59728 eb
105.55177 29.04926 -0.69783 -0.51105 -0.50186 eb
105.88362 32.54816 -0.69459 0.08945 -0.71382 eb
106.05102 23.50940 0.48646 -0.70863 -0.51108 eb
106.27654 39.96925 0.65281 -0.28340 -0.70252 eb
106.45651 53.00578 0.71707 -0.05142 -0.69510 eb
106.68034 13.04424 0.91776 0.38339 -0.10362 eb
106.77557 29.34062 0.49263 -0.68595 -0.53553 eb
107.42065 34.68617 -0.42415 0.77128 -0.47458 eb
107.44126 56.32863 -0.22168 -0.78326 -0.58083 eb
107.46564 65.72111 0.99979 0.02044 -0.00312 eb
108.02470 79.09482 -0.32344 0.44269 -0.83631 eb
108.46448 70.98230 0.03175 -0.61845 0.78518 eb
109.80261 67.31808 -0.51601 -0.84018 -0.16680 eb
110.09036 51.62240 0.91074 -0.40962 -0.05256 eb
110.35497 60.61407 -0.11173 0.68452 -0.72038 eb
110.88465 45.55268 -0.05819 -0.78366 0.61846 eb
111.33754 46.38201 0.41943 -0.83820 0.34857 eb
111.60533 58.44173 -0.46330 -0.70454 0.53757 eb
111.96325 33.47742 -0.86713 -0.47759 -0.14142 eb
112.06079 38.31067 -0.46881 0.84780 -0.24790 eb
112.86741 37.22804 -0.78292 0.61916 0.06067 eb
113.26782 45.94257 0.99539 -0.08828 0.03740 eb
113.27015 32.26503 0.38764 -0.43341 -0.81357 eb
113.65627 39.54442 -0.81949 0.36823 0.43913 eb
113.80585 42.20311 0.19584 0.81538 0.54480 eb
115.04906 35.13426 0.56915 -0.23714 -0.78729 eb
115.11904 20.64863 0.49103 -0.52808 -0.69284 eb
115.95281 21.28370 0.50311 -0.36756 -0.78216 eb
116.31836 43.81292 0.54950 -0.69058 0.47027 eb
117.53411 46.20115 0.83678 0.41108 0.36168 eb
117.99634 21.33883 0.13433 0.33148 -0.93385 eb
119.13474 48.97471 -0.66807 -0.65856 -0.34640 eb
119.73769 70.37594 0.17851 0.34008 -0.92330 eb
119.86182 67.24231 0.12942 -0.90164 -0.41267 eb
120.18128 24.20317 -0.11825 0.80893 0.57589 eb
120.45929 66.51140 -0.80792 0.16818 0.56478 eb
121.02791 44.04184 0.06234 -0.23540 -0.96990 eb
121.09426 49.70191 0.76053 0.63926 0.11375 eb
121.17298 49.17395 0.59859 -0.80013 -0.03855 eb
121.22530 51.71965 -0.63152 -0.77030 0.08838 eb
121.96859 61.12340 -0.79374 -0.40999 0.44932 eb
122.28381 77.00511 0.76981 0.62431 0.13273 eb
122.87495 63.85830 -0.41903 0.72113 -0.55171 eb
122.95597 27.30997 0.11505 0.08486 -0.98973 eb
123.84664 22.77546 0.48630 -0.49433 0.72052 eb
123.93778 70.17106 -0.58645 -0.79625 -0.14853 eb
124.21915 82.90409 0.18432 -0.95728 -0.22280 eb
125.92773 39.24663 0.29712 -0.88484 -0.35885 eb
126.07509 29.44923 -0.17196 0.64562 -0.74404 eb
126.17757 21.55216 0.97338 -0.12956 -0.18904 eb
126.51227 59.97077 -0.03241 -0.96810 -0.24847 eb
126.81620 17.17598 -0.61431 -0.07255 -0.78572 eb
127.37769 45.90402 -0.80535 -0.36484 0.46724 eb
127.60952 25.48978 -0.24363 -0.12666 0.96156 eb
127.61001 33.56399 0.78888 -0.53499 0.30242 eb
127.68354 88.29596 -0.46894 -0.41213 -0.78118 eb
128.78170 18.64119 -0.02435 -0.53395 0.84517 eb
128.79658 87.34857 0.98683 0.05418 0.15245 eb
129.38243 57.56537 0.40661 0.77527 0.48335 eb
129.60319 38.18185 -0.79866 0.15147 0.58241 eb
129.87890 56.00591 0.97333 -0.15246 0.17145 eb
130.45466 33.15449 0.73346 -0.35025 0.58254 eb
130.95265 42.16010 -0.69706 -0.71701 -0.00015 eb
131.11441 50.64290 -0.52115 0.81814 -0.24303 eb
131.72048 36.71984 0.66213 0.66396 -0.34747 eb
131.76518 25.77003 0.31572 -0.75347 -0.57672 eb
131.80895 28.39357 0.44839 0.09690 -0.88857 eb
131.93566 13.54265 -0.39607 -0.89147 0.22003 eb
132.00762 45.39893 -0.93088 -0.36522 0.00853 eb
132.39692 49.17658 0.05763 -0.08931 -0.99434 eb
136.03453 51.29656 0.40559 -0.86020 -0.30910 eb
136.23779 50.66517 0.30983 0.58712 0.74786 eb
136.60918 16.92040 -0.25714 -0.37327 0.89137 eb
138.21316 29.09317 -0.69071 -0.12659 0.71196 eb
138.46846 34.68925 -0.03200 0.20682 -0.97785 eb
138.59387 50.63446 0.64176 0.60131 -0.47599 eb
139.74862 50.85813 -0.23378 -0.78010 -0.58034 eb
140.06028 19.19216 -0.05377 -0.94840 -0.31248 eb
140.22432 49.70640 0.89464 -0.24816 -0.37154 eb
140.88980 15.49649 0.00621 -0.43078 -0.90243 eb
141.25333 16.43292 -0.92778 -0.33481 -0.16471 eb
141.44700 37.33856 0.44166 -0.28101 -0.85204 eb
141.60670 44.30641 -0.00943 -0.74613 -0.66573 eb
142.70209 59.03164 0.69783 0.56081 -0.44556 eb
143.89510 56.77263 -0.91157 -0.18695 -0.36619 eb
144.40562 59.89526 -0.35892 0.42435 0.83133 eb
144.59119 56.66297 0.09541 0.03036 -0.99498 eb
144.69118 7.63992 -0.19681 0.92450 0.32645 eb
145.37016 48.38816 -0.32569 -0.91042 0.25508 eb
145.93221 41.62754 -0.34903 0.02426 -0.93680 eb
146.55537 40.95749 0.38468 0.72680 -0.56902 eb
146.96190 51.57890 0.30348 0.81411 -0.49510 eb
147.00531 60.70836 0.40850 -0.65549 -0.63519 eb
147.29879 72.54799 0.71297 -0.58854 -0.38117 eb
147.34616 27.25594 0.61372 -0.72160 0.32039 eb
147.76247 29.97103 0.34780 -0.37289 -0.86023 eb
148.22885 57.88842 -0.35287 0.48034 -0.80297 eb
148.23736 50.28832 -0.96141 -0.07868 -0.26361 eb
148.36664 69.01829 0.66434 0.67745 -0.31576 eb
148.56379 20.56316 -0.94932 -0.31408 0.01236 eb
148.63687 78.34615 -0.96576 -0.14728 0.21357 eb
148.89893 41.73749 0.53707 0.83519 0.11839 eb
149.05746 30.10693 0.18034 -0.24470 0.95268 eb
149.39230 72.83406 -0.96929 0.04323 0.24211 eb
149.64115 31.69482 -0.53027 -0.56538 -0.63179 eb
150.69422 38.35398 -0.65383 0.18052 -0.73479 eb
151.35701 40.13739 -0.98533 0.12245 -0.11884 eb
151.38924 31.50670 0.16155 0.37622 0.91234 eb
151.51230 18.63663 -0.39098 -0.01886 -0.92020 eb
151.91680 33.17034 0.15100 -0.74892 -0.64523 eb
152.03748 76.05465 0.31807 -0.35067 -0.88083 eb
152.08429 13.59492 -0.01422 -0.98411 -0.17697 eb
152.08536 14.49450 0.36132 -0.02293 -0.93216 eb
152.15685 72.65292 0.74564 -0.66581 0.02668 eb
152.28308 18.26270 0.87322 0.11176 0.47435 eb
152.28875 27.52262 -0.20516 0.55434 -0.80661 eb
153.06284 79.05712 -0.07272 0.99730 -0.01058 eb
154.24743 68.17546 0.67055 -0.67405 0.30986 eb
154.58975 28.46196 -0.96480 0.03187 0.26104 eb
155.95959 32.52098 0.46701 0.72726 0.50299 eb
156.17977 29.50357 -0.49908 -0.40972 -0.76357 eb
157.10335 20.26852 -0.47353 -0.79619 0.37663 eb
157.17201 78.04834 -0.95329 0.18554 -0.23834 eb
157.22849 26.59253 -0.44122 0.69046 -0.57323 eb
158.37866 30.46494 -0.60938 -0.79110 -0.05308 eb
159.04604 57.93495 0.02988 -0.76198 0.64691 eb
160.07078 46.36395 -0.71408 0.49355 -0.49650 eb
160.27392 17.24494 0.99888 -0.04649 -0.00883 eb
161.21163 18.81583 0.87371 -0.46332 0.14820 eb
161.48668 21.01674 -0.33626 0.93003 -0.14822 eb
161.66767 45.19124 0.10997 -0.82500 -0.55432 eb
162.19315 84.66032 -0.42581 -0.89944 0.09849 eb
162.37290 52.24214 0.68402 -0.16337 0.71093 eb
163.16060 15.22647 0.12536 0.09228 0.98781 eb
163.83441 27.73793 0.08246 0.74310 -0.66407 eb
164.26321 27.63930 -0.47757 -0.20971 0.85320 eb
164.64764 38.47039 -0.83624 0.44785 0.31642 eb
164.90862 23.13886 0.45195 -0.51403 -0.72905 eb
165.68618 38.57895 -0.96577 -0.15545 0.20769 eb
165.93577 41.30082 -0.49389 0.75830 0.42551 eb
166.91291 68.32044 -0.90832 0.01280 -0.41809 eb
167.05379 55.59692 0.98288 0.14500 0.11368 eb
167.24309 29.14327 -0.22329 -0.69705 -0.68137 eb
167.62224 30.83837 -0.73542 0.56468 -0.37457 eb
167.99982 39.81206 -0.21717 0.05850 -0.97438 eb
168.01622 54.10172 0.61913 0.70580 0.34428 eb
168.69422 46.56107 -0.78365 0.57990 -0.22273 eb
169.15399 16.29932 -0.22394 -0.76588 -0.60273 eb
169.37381 25.97398 -0.78852 -0.55952 -0.25528 eb
169.95283 69.41306 -0.55378 0.82717 0.09543 eb
170.84812 48.97700 -0.44803 0.88574 0.12135 eb
170.91102 87.32460 0.89874 0.42061 0.12389 eb
171.19070 39.88298 0.71802 -0.29033 -0.63258 eb
171.69357 13.83861 0.13346 -0.86497 0.48375 eb
172.15731 18.21212 -0.95088 -0.16471 0.26210 eb
174.06173 49.28838 0.13154 -0.91372 -0.38447 eb
175.97503 57.42039 -0.81427 -0.57526 0.07778 eb
176.16991 53.80427 0.58013 -0.73897 -0.34259 eb
176.49961 86.20123 0.83734 -0.40806 0.36379 eb
176.84084 57.64820 0.26812 -0.90522 -0.32968 eb
176.89649 40.29408 0.78689 -0.45008 0.42218 eb
177.46442 28.56137 0.44473 0.39488 -0.80392 eb
177.69676 47.31996 0.75436 0.58134 -0.30493 eb
178.38463 31.99755 -0.78811 -0.03809 0.61435 eb
179.25687 32.16593 0.96835 0.15748 0.19366 eb
179.44533 49.18941 0.57264 -0.48760 -0.65904 eb
179.66577 26.85074 -0.47655 0.86807 -0.13916 eb
179.95265 29.31131 -0.58424 0.71915 -0.37615 eb
180.26274 72.03324 0.35360 -0.91316 0.20273 eb
180.34003 31.65450 0.58507 0.80592 -0.09046 eb
180.58689 55.37590 0.30975 -0.36931 -0.87617 eb
180.90107 77.95425 -0.43496 -0.84772 -0.30362 eb
181.15674 29.67568 -0.78596 -0.23368 -0.57242 eb
184.24714 39.61437 -0.15184 0.97014 -0.18913 eb
184.61385 18.21334 -0.04223 -0.39890 -0.91602 eb
184.70961 68.02187 0.13689 0.98058 0.14043 eb
184.97972 27.66035 0.26691 0.48073 0.83526 eb
186.09820 62.46794 -0.08306 -0.55071 -0.83056 eb
186.46004 60.52006 -0.54486 -0.01940 -0.83830 eb
186.63738 56.52701 -0.72495 0.25650 -0.63926 eb
187.23657 18.51363 -0.32532 -0.59762 0.73281 eb
188.13895 16.83276 0.54771 -0.73773 -0.39469 eb
188.69471 36.71096 -0.31764 -0.81548 -0.48383 eb
188.69745 82.88104 -0.53181 0.61602 -0.58112 eb
189.49563 33.93830 0.41723 -0.89373 0.16480 eb
189.68616 62.25499 0.41330 0.27656 -0.86758 eb
190.22290 35.60429 0.94377 0.15011 -0.29457 eb
190.25356 29.78896 -0.06745 -0.14012 -0.98783 eb
190.54323 41.92562 -0.46145 -0.70015 -0.54484 eb
191.52173 43.60463 0.75645 -0.14142 0.63858 eb
191.76861 56.47642 -0.54467 0.58686 -0.59911 eb
192.06342 49.39219 -0.50866 -0.84070 0.18573 eb
192.19371 49.51973 -0.03488 0.56045 -0.82745 eb
193.01202 43.02410 -0.75937 -0.54848 0.35003 eb
193.07961 28.85500 -0.51379 0.69931 0.49698 eb
193.16129 47.59689 0.07895 0.98908 -0.12443 eb
193.57832 55.69187 0.59955 -0.18729 0.77812 eb
193.96813 32.71340 -0.06924 -0.20251 -0.97683 eb
194.44065 28.38364 0.96687 0.13054 -0.21936 eb
195.36232 35.16904 0.58960 -0.49646 0.63710 eb
195.77168 66.01893 0.21257 -0.85371 0.47538 eb
195.77381 24.30535 -0.41089 0.60840 -0.67899 eb
196.10704 66.70135 0.93516 0.23861 -0.26179 eb
197.27805 46.29744 -0.77551 -0.50000 -0.38547 eb
197.43816 78.60578 0.61894 0.70655 -0.34309 eb
197.81885 80.72117 0.51970 0.12809 -0.84469 eb
198.48551 34.49745 -0.18293 0.27009 -0.94530 eb
198.99077 62.08089 -0.72663 0.53190 0.43484 eb
200.98104 44.98408 -0.16031 -0.93828 -0.30649 eb
202.14877 37.81960 -0.46057 -0.10065 -0.88190 eb
202.51098 30.33081 0.66561 0.58186 -0.46733 eb
202.53030 42.82655 0.90654 -0.41961 -0.04594 eb
203.99269 47.19586 0.36033 -0.68549 -0.63266 eb
204.88661 41.64922 0.12394 0.68806 -0.71499 eb
205.36110 50.40603 0.80630 0.53882 0.24404 eb
205.70218 53.44546 0.59745 0.78597 -0.15911 eb
207.56419 56.88568 -0.45844 0.20746 -0.86417 eb
209.21997 53.38312 0.51244 0.37110 -0.77440 eb
210.54629 63.33479 0.95487 0.27961 -0.10017 eb
210.75994 52.92335 -0.53669 -0.22017 -0.81455 eb
211.01353 31.26383 -0.11048 0.42196 -0.89986 eb
213.64917 42.06747 -0.16681 0.74124 -0.65019 eb
213.66946 55.30016 -0.22733 -0.10896 -0.96770 eb
213.79517 40.43495 -0.29218 -0.46668 -0.83477 eb
213.80969 52.15849 -0.26263 -0.10063 -0.95964 eb
215.33581 36.84623 -0.53698 -0.72748 -0.42712 eb
216.64643 50.90022 0.19777 -0.97459 -0.10517 eb
219.83581 51.46004 0.93315 -0.26348 -0.24456 eb
221.90433 52.75766 0.38285 0.08753 -0.91965 eb
226.12931 19.92413 0.22417 -0.68129 0.69684 eb
227.50827 26.55368 0.99839 0.01048 -0.05575 eb
227.66889 84.95952 -0.39276 -0.90915 -0.13854 eb
227.79026 43.93309 0.71207 0.28281 -0.64263 eb
228.10445 16.83657 -0.81999 -0.57227 -0.01143 eb
229.10953 79.87230 -0.02912 -0.96317 -0.26732 eb
230.90015 43.66236 -0.37914 0.31527 -0.86998 eb
231.12041 32.39180 0.87822 -0.06704 -0.47354 eb
231.41794 16.92519 -0.63377 -0.56385 -0.52954 eb
232.69533 33.15091 0.43491 -0.64300 -0.63040 eb
232.71481 40.55453 0.54307 -0.55515 -0.62999 eb
235.31770 84.07657 0.20144 -0.97802 -0.05377 eb
236.66443 85.96569 -0.90088 -0.01115 -0.43393 eb
236.77349 36.91215 0.65290 -0.72118 -0.23154 eb
237.23416 11.12212 -0.20942 -0.76360 0.61078 eb
237.78325 69.58645 -0.42459 -0.81614 -0.39197 eb
238.01493 41.18809 0.78548 0.57686 -0.22419 eb
238.30978 77.43229 -0.60704 -0.36274 -0.70705 eb
240.68835 40.65660 0.43591 0.21513 -0.87390 eb
241.34885 36.63207 -0.67686 -0.72671 -0.11725 eb
243.36536 49.65927 0.49555 0.84561 -0.19845 eb
243.84749 17.51297 -0.78885 0.49135 -0.36918 eb
244.10013 32.23150 -0.80331 0.58912 0.08736 eb
245.58605 70.32007 -0.46053 0.74357 -0.48478 eb
245.58883 41.51452 0.90898 0.38203 -0.16677 eb
246.01884 39.79737 -0.63629 -0.00142 -0.77145 eb
246.03953 71.22630 -0.57028 -0.69587 -0.43651 eb
246.33354 56.30041 -0.01053 0.62250 -0.78255 eb
246.45305 27.20086 -0.61818 0.54707 -0.56442 eb
247.88211 53.33157 -0.37915 0.67765 -0.63011 eb
250.01189 31.42887 0.67678 0.29050 -0.67645 eb
250.99425 86.46590 -0.76795 0.61724 0.17105 eb
252.46014 23.02796 0.43351 -0.64952 -0.62465 eb
252.61523 54.31778 0.15546 -0.81348 -0.56044 eb
252.88102 41.41113 0.91848 -0.14189 -0.36915 eb
253.16063 16.22960 0.66731 -0.69329 0.27212 eb
256.54977 21.19334 0.71696 -0.58656 0.37672 eb
257.03864 32.98855 -0.76431 0.61845 -0.18264 eb
258.18134 80.38434 0.01097 0.74729 -0.66441 eb
258.34124 33.17739 -0.64359 0.68951 -0.33221 eb
258.43445 28.70880 0.76235 -0.40949 -0.50113 eb
259.03298 22.29876 -0.62256 -0.43481 0.65066 eb
261.00907 52.39999 0.29963 0.95117 0.07421 eb
261.72516 68.08525 0.20306 -0.63081 0.74889 eb
261.83879 58.68159 -0.39233 -0.67664 0.62308 eb
261.92056 22.14306 -0.43719 -0.26619 -0.85908 eb
262.42307 13.70101 -0.17486 0.76836 0.61567 eb
263.94112 43.53851 -0.41132 0.69845 -0.58564 eb
265.42467 83.50193 -0.15349 0.73380 -0.66180 eb
265.80348 40.57694 0.53854 0.69869 -0.47095 eb
266.33119 22.98663 -0.13731 0.52656 -0.83898 eb
267.42731 30.12441 0.86376 0.49123 -0.11228 eb
268.99019 37.96990 0.05944 -0.61537 0.78600 eb
269.14508 78.40790 -0.84063 -0.33411 -0.42627 eb
269.30887 34.78905 -0.34269 -0.19926 -0.91807 eb
269.89111 54.96638 0.50430 -0.85216 -0.13963 eb
270.33362 73.68268 -0.29269 -0.90263 0.31558 eb
270.58171 58.78519 -0.68614 0.71145 0.15183 eb
270.77380 25.25990 -0.80159 -0.48388 -0.35115 eb
271.34739 25.58854 0.93535 0.11234 0.33541 eb
274.35205 41.93861 0.36296 -0.79442 0.48698 eb
274.53266 51.89663 0.24286 -0.49074 -0.83678 eb
274.83201 54.54323 0.62451 0.68373 -0.37748 eb
274.84170 44.22106 0.83945 -0.46014 -0.28912 eb
276.16992 56.60949 -0.99381 0.05400 0.09711 eb
277.24390 21.21940 0.15863 -0.24627 -0.95613 eb
277.28419 40.08293 -0.82558 0.41278 -0.38475 eb
279.63029 66.65887 -0.83559 0.50597 0.21398 eb
280.01762 87.33569 0.82434 -0.32328 -0.46472 eb
280.96265 46.01656 -0.17312 0.71595 -0.67635 eb
283.52185 43.04298 -0.96265 0.19870 0.18394 eb
283.71009 54.47894 -0.08087 -0.03712 -0.99603 eb
284.02356 27.47061 0.56791 0.64483 -0.51154 eb
285.83108 58.78681 0.24553 0.91733 0.31340 eb
286.65932 32.72687 -0.32721 -0.68842 -0.64732 eb
288.05838 36.98416 0.37577 -0.32550 0.86767 eb
288.57468 64.86740 0.67755 -0.61636 0.40129 eb
291.08344 27.02165 0.13690 0.83648 0.53062 eb
291.31245 61.57025 0.18075 0.98264 -0.04178 eb
291.57969 72.11676 0.08744 -0.87616 -0.47402 eb
291.92448 42.33435 -0.87142 0.41106 0.26768 eb
293.46783 33.77515 0.14438 0.98691 -0.07183 eb
293.93183 38.88953 -0.87686 0.48046 -0.01646 eb
293.95461 73.27798 0.38506 0.91728 -0.10158 eb
293.97613 73.40901 -0.35219 0.61845 -0.70248 eb
294.60512 43.91233 0.25159 0.90172 -0.35158 eb
295.38906 39.76100 -0.76811 -0.26489 0.58296 eb
295.42727 63.85363 0.03177 0.47961 0.87691 eb
296.11611 45.88301 0.98631 -0.12547 -0.10699 eb
296.72975 28.71355 0.54515 -0.26866 -0.79413 eb
297.14494 26.99461 -0.06771 -0.99606 -0.05730 eb
298.12107 48.60766 -0.74744 -0.64206 -0.17055 eb
300.33036 50.40972 0.00891 -0.95671 -0.29090 eb
301.58557 72.79228 0.09793 0.44006 -0.89261 eb
303.04535 46.81983 -0.25151 0.62597 -0.73818 eb
304.10716 65.27766 0.46368 -0.66179 -0.58910 eb
304.25807 53.97952 0.34332 -0.80617 -0.48189 eb
306.50929 84.20568 -0.75155 -0.37048 0.54582 eb
306.88041 75.47313 -0.38440 0.78536 -0.48523 eb
307.32671 68.66620 0.14983 -0.51196 -0.84584 eb
307.40673 45.07347 0.65066 0.75507 -0.08065 eb
307.96324 20.03441 0.49918 0.15557 -0.85242 eb
308.42123 35.33164 -0.36314 0.63953 0.67759 eb
308.77755 45.10178 -0.71248 0.05723 -0.69935 eb
308.94198 57.24505 -0.17092 -0.46617 -0.86803 eb
309.45157 42.49322 0.72735 -0.19478 -0.65804 eb
309.82549 37.41748 0.81618 0.46067 -0.34875 eb
309.86067 44.75500 -0.05696 0.99206 -0.11214 eb
312.92319 67.85069 -0.75183 0.31920 -0.57695 eb
313.04995 23.33014 0.26498 -0.96361 -0.03536 eb
313.50866 70.91776 0.50101 0.85300 -0.14622 eb
313.57315 33.66559 0.25820 -0.53773 -0.80261 eb
315.01019 52.54443 -0.83590 0.13336 -0.53243 eb
315.68937 25.13064 -0.93695 0.26179 -0.23151 eb
315.70768 40.55217 0.74453 0.66739 0.01638 eb
316.52747 72.09873 -0.00804 -0.99165 0.12869 eb
316.65052 54.57333 0.69911 -0.39979 -0.59281 eb
317.88005 59.53593 0.98371 -0.16193 -0.07810 eb
319.50336 25.07414 0.07797 0.61866 0.78178 eb
320.13345 79.89055 0.30336 -0.17586 -0.93651 eb
320.79779 58.82989 0.54188 -0.37825 0.75053 eb
321.02357 65.25106 0.25677 -0.63998 -0.72422 eb
322.45250 23.26737 0.33614 0.65829 -0.67355 eb
324.46192 47.95262 -0.83783 -0.12390 0.53169 eb
324.72534 23.21491 -0.48695 -0.07814 -0.86993 eb
326.40923 25.43222 0.80349 -0.11426 -0.58425 eb
327.13098 67.83236 -0.75798 0.56986 0.31739 eb
327.29268 25.82498 -0.68963 -0.27900 -0.66826 eb
327.65303 85.40010 0.68849 0.64825 0.32522 eb
327.76390 73.12007 0.75196 0.14298 -0.64352 eb
328.00754 65.34378 -0.04245 0.74062 0.67059 eb
328.32489 52.61890 -0.27035 0.59702 -0.75530 eb
328.35300 32.75935 -0.38588 0.82413 0.41462 eb
328.86855 28.29391 0.94980 0.31229 -0.01858 eb
329.22507 61.33954 -0.90709 -0.06193 0.41636 eb
330.49865 16.71722 0.89650 -0.14654 0.41811 eb
331.50627 16.14904 0.25347 -0.43601 0.86351 eb
333.09389 43.18054 -0.45714 -0.70527 -0.54187 eb
336.61705 49.07049 -0.61955 0.25157 -0.74355 eb
336.91689 27.78180 -0.80607 -0.05600 -0.58917 eb
337.83109 31.43149 -0.78099 -0.18169 -0.59753 eb
338.08606 85.87904 0.24451 -0.87130 -0.42551 eb
338.75158 30.28266 0.21594 0.91153 -0.34998 eb
338.81128 36.36855 -0.91667 -0.30564 -0.25747 eb
339.93509 36.50079 0.84350 -0.42651 -0.32649 eb
341.86620 50.98397 -0.70220 0.70394 0.10669 eb
342.00250 23.86592 -0.28636 0.54847 0.78561 eb
342.31934 55.82417 -0.47778 0.37159 -0.79602 eb
343.02043 60.19041 -0.79967 -0.11817 -0.58870 eb
343.85576 53.82419 -0.67198 0.27235 -0.68867 eb
345.64078 31.80907 -0.96966 -0.23790 0.05630 eb
345.77832 66.07860 0.17808 0.17724 -0.96792 eb
346.19703 35.87625 -0.00028 -0.19134 -0.98152 eb
346.76494 55.43836 -0.56487 0.81760 0.11161 eb
348.40184 48.14464 0.02024 0.91088 -0.41218 eb
348.91768 39.42234 -0.06225 -0.20368 -0.97706 eb
349.61523 68.29272 -0.99997 -0.00747 0.00280 eb
351.33841 25.49454 0.05306 -0.97646 -0.20907 eb
354.08431 41.37693 0.91955 0.18317 -0.34766 eb
356.78612 78.51766 -0.26207 -0.63024 -0.73083 eb
359.38506 59.48087 -0.59984 0.70133 -0.38513 eb
364.71988 67.70194 0.98314 -0.16811 0.07189 eb
367.32414 23.63457 -0.50502 0.51475 -0.69282 eb
368.60389 87.60652 -0.63820 0.74422 0.19707 eb
369.06117 23.53694 -0.11362 -0.98129 -0.15544 eb
369.15503 23.19903 0.63429 0.70738 0.31190 eb
370.14169 45.26655 0.81032 -0.58358 0.05302 eb
380.77847 8.13659 0.51188 0.69415 -0.50610 eb
385.25753 33.56310 -0.27811 -0.79147 -0.54428 eb
386.33452 16.19605 0.14549 -0.96981 -0.19570 eb
387.13299 40.53665 0.27021 0.13172 -0.95375 eb
390.05328 41.42101 -0.53014 0.84465 0.07427 eb
391.48270 52.93661 -0.00663 0.99972 0.02292 eb
394.80161 32.07321 -0.21530 -0.84976 -0.48119 eb
396.73697 63.15398 0.79285 0.34008 -0.50571 eb
396.97535 77.53981 0.10171 -0.89277 -0.43888 eb
397.99753 36.96382 -0.10388 -0.08257 -0.99116 eb
398.17263 39.97787 -0.55764 0.71441 -0.42267 eb
400.64267 51.10916 0.40048 -0.04637 -0.91513 eb
400.91042 31.03893 -0.11634 -0.98924 -0.08872 eb
414.91189 15.32571 0.16255 0.91909 -0.35896 eb
415.94541 22.78201 -0.93013 -0.36719 -0.00522 eb
416.73104 24.18236 -0.47624 -0.51241 -0.71459 eb
419.43130 22.84354 0.24661 -0.40975 -0.87823 eb
420.43174 31.33991 0.88710 0.22769 -0.40152 eb
422.24939 16.74170 -0.32890 0.60203 -0.72759 eb
423.54513 40.05461 -0.83494 0.28216 -0.47250 eb
430.58292 36.14884 0.47890 0.85648 -0.19260 eb
434.75607 28.06503 -0.01268 -0.78898 -0.61429 eb
434.89515 25.10023 0.57479 -0.34825 -0.74050 eb
441.76374 42.84268 0.59607 -0.38929 -0.70225 eb
443.77940 53.68214 -0.98131 0.13066 0.14128 eb
447.28172 24.18704 -0.62150 -0.38812 -0.68051 eb
450.79982 25.86694 -0.74744 -0.66106 -0.06578 eb
452.17300 33.33897 0.06358 -0.99521 0.07422 eb
455.90670 8.12355 -0.85732 -0.50019 -0.12172 eb
462.90982 19.91616 0.94675 -0.30786 -0.09429 eb
467.84197 19.77125 -0.58159 0.36034 -0.72932 eb
472.95080 15.94831 0.62893 0.67069 0.39322 eb
485.52759 32.90699 -0.93583 0.07950 0.34338 eb
497.55473 19.56045 0.54361 0.76818 -0.33822 eb
500.02184 32.79601 -0.41283 -0.15653 -0.89726 eb
504.90273 24.34206 0.45291 0.50290 -0.73618 eb
505.88198 40.03295 0.07530 0.99333 -0.08735 eb
513.01255 18.12185 0.10089 0.95418 -0.28170 eb
515.28446 18.30779 0.63186 0.74143 0.22592 eb
531.90618 18.68879 -0.28410 -0.95877 -0.00624 eb
546.70981 16.15638 0.61464 -0.64573 0.45304 eb
547.13233 21.32203 -0.91061 -0.06622 -0.40792 eb
551.26115 66.48864 -0.03931 0.68488 0.72760 eb
551.73280 9.45485 -0.53611 -0.83784 -0.10303 eb
552.53074 21.70918 -0.69857 -0.11217 -0.70670 eb
580.72743 39.98388 0.27263 0.40844 -0.87112 eb
589.16655 11.96861 -0.45201 -0.77733 0.43754 eb
602.67653 21.22029 0.07985 -0.39595 -0.91480 eb
636.29577 25.21351 0.14012 0.97148 0.19131 eb
659.25821 17.59738 0.93043 0.36581 -0.02196 eb
660.99952 41.56235 -0.41154 0.67017 -0.61766 eb
698.20086 8.41303 0.47989 -0.74646 -0.46098 eb
708.13832 43.37130 -0.97963 0.07663 -0.18561 eb
719.58403 38.73397 0.48652 -0.78731 0.37874 eb
721.21562 11.96958 0.86248 0.01919 -0.50572 eb
724.78729 13.49823 0.30525 -0.12472 0.94407 eb
727.18099 31.56812 0.12520 0.24219 -0.96212 eb
746.37457 17.05381 0.41650 -0.64652 0.63917 eb
756.53148 16.00197 -0.30321 0.35082 -0.88600 eb
820.09190 14.44479 0.79807 0.57028 0.19457 eb
822.37470 28.48270 0.41805 0.15936 0.89434 eb
839.74210 32.02605 -0.13039 -0.53488 -0.83480 eb
852.69262 29.01599 -0.61351 0.39245 -0.68527 eb
858.65137 8.26337 0.26206 0.73780 -0.62208 eb
871.89186 28.84878 0.05408 0.78887 -0.61218 eb
892.39150 35.82537 0.25314 0.92609 0.27979 eb
902.85119 14.60327 -0.07241 -0.55126 0.83119 eb
918.12591 36.14469 -0.30041 -0.28449 0.91039 eb
924.37483 38.34077 -0.96522 -0.23958 0.10465 eb
927.20560 19.47993 -0.75479 0.24391 0.60893 eb
945.44096 20.39991 0.14654 -0.07200 -0.98658 eb
969.65332 27.92831 -0.21162 -0.96146 -0.17554 eb
971.92354 31.47102 -0.54109 -0.82699 0.15272 eb
982.73022 25.06817 -0.47609 -0.43947 0.76171 eb
1015.96174 18.98981 -0.41581 0.90043 0.12777 eb
1053.50332 23.23825 0.05484 0.86623 0.49664 eb
1061.87821 42.53064 0.42047 0.10112 0.90165 eb
1086.16079 29.62504 0.46674 -0.34902 -0.81261 eb
1137.10352 35.65466 -0.48759 -0.28362 -0.82572 eb
1144.47043 14.51423 -0.75572 -0.18924 0.62696 eb
1145.88302 9.61222 -0.31721 0.49049 -0.81166 eb
1150.21549 26.59937 0.99566 0.01068 0.09240 eb
1263.71639 22.05701 0.33239 -0.70851 0.62253 eb
1279.71238 31.01342 0.97059 -0.14407 -0.19287 eb
1302.26876 15.21875 0.96175 0.01918 0.27327 eb
1346.55047 41.58789 0.29004 -0.94633 -0.14259 eb
1378.44002 22.70468 -0.75548 -0.34858 -0.55474 eb
1386.70441 14.03276 0.94968 0.23594 0.20599 eb
1424.95417 18.06467 0.42935 0.83044 -0.35501 eb
1457.30432 23.14214 0.19201 0.51977 0.83245 eb
1482.33484 39.52155 -0.53626 -0.46537 -0.70417 eb
1500.96593 37.72280 -0.27572 0.45733 -0.84548 eb
1538.20540 21.05077 -0.87293 0.45486 -0.17632 eb
1577.38519 24.06274 -0.77258 0.22138 -0.59508 eb
1635.78526 11.58776 0.44369 0.40999 -0.79690 eb
1643.32394 20.13770 -0.73020 0.66294 0.16529 eb
1657.88164 16.28573 0.66937 -0.27727 0.68925 eb
1683.42056 13.13322 -0.18584 0.65078 -0.73617 eb
1722.49598 27.69355 0.29797 0.56486 -0.76951 eb
1741.32108 26.47907 0.81286 0.14914 -0.56304 eb
1746.72929 28.03996 0.05987 0.47860 -0.87599 eb
1786.89519 16.25151 0.78949 -0.60466 -0.10527 eb
1860.79995 12.47608 0.40371 0.22274 -0.88736 eb
1911.25926 11.61629 0.36087 0.49458 0.79067 eb
2120.90124 37.70175 -0.92279 0.37818 -0.07378 eb
2121.85916 8.50516 0.60156 -0.19120 -0.77561 eb
2169.38026 39.19428 0.26388 -0.64791 -0.71454 eb
2172.07717 11.21793 0.29654 0.17208 -0.93939 eb
2331.80389 16.94690 -0.42053 0.57974 -0.69789 eb
2452.17520 14.61188 -0.82580 0.55414 -0.10476 eb
2465.86005 18.73529 -0.78903 0.56696 0.23663 eb
2533.84545 7.62020 -0.00065 0.36611 -0.93057 eb
2707.18019 12.14219 -0.50829 -0.11217 0.85385 eb
2711.25895 15.58449 -0.64829 0.70113 -0.29688 eb
2817.47950 8.27602 0.56835 -0.80356 0.17684 eb
2831.11470 25.45933 0.68156 0.35001 -0.64262 eb
2897.71152 19.62871 -0.27843 -0.89745 0.34215 eb
2909.45967 21.20542 -0.14526 -0.97818 -0.14856 eb
3001.41187 22.26054 -0.95684 0.29006 -0.01777 eb
3110.31612 29.04257 -0.48682 0.24108 -0.83958 eb
3112.70870 28.55003 0.67174 0.61644 -0.41081 eb
3374.94844 17.07874 -0.56595 0.56531 0.60011 eb
3425.60094 14.39371 0.76630 -0.64236 -0.01209 eb
3503.38185 14.99339 0.34777 -0.14912 -0.92565 eb
3508.93438 9.75743 -0.12799 0.94429 0.30319 eb
3540.17832 34.37440 0.19796 -0.97364 -0.11330 eb
3549.05062 38.13349 -0.78485 -0.29361 0.54571 eb
3561.32499 22.99236 -0.90627 0.41162 -0.09611 eb
3697.84894 9.07354 -0.79058 -0.01523 -0.61217 eb
3826.76426 23.84715 0.99218 0.05394 0.11259 eb
3857.70473 32.35703 -0.52666 -0.84960 0.02861 eb
3987.46465 11.78277 -0.36281 -0.67586 0.64155 eb
4324.02725 22.63760 0.52524 0.13396 -0.84034 eb
4324.54979 15.50535 0.66525 0.69693 -0.26782 eb
4466.37116 12.36468 -0.17029 0.47393 -0.86394 eb
4723.93634 17.30298 -0.52739 -0.68450 0.50331 eb
4729.85766 21.73435 -0.21848 -0.97228 0.08328 eb
4756.75364 10.75027 -0.35131 0.18106 -0.91859 eb
4862.58353 23.11371 0.20801 -0.34042 -0.91698 eb
4874.27789 30.69665 -0.31107 0.70925 -0.63261 eb
4916.02982 7.61253 -0.06350 -0.18878 -0.97996 eb
5112.29990 24.58325 -0.58053 0.39819 0.71023 eb
5121.94664 7.76797 -0.79522 0.45239 -0.40368 eb
5260.32891 41.38428 -0.70308 -0.31889 -0.63560 eb
5268.61287 18.79535 -0.53114 0.79501 -0.29301 eb
5619.97095 23.81082 0.23824 -0.94216 0.23574 eb
6008.27340 16.60723 0.29521 -0.71797 -0.63037 eb
6118.76523 18.88872 -0.28327 -0.95791 -0.04663 eb
6607.25199 16.67884 0.17761 -0.12180 -0.97653 eb
6670.79921 19.83865 0.13293 -0.07620 0.98819 eb
6715.95847 26.50032 -0.37574 -0.56716 -0.73290 eb
6935.77269 41.00415 0.59847 -0.17883 -0.78093 eb
7463.78032 17.21081 -0.43229 -0.87997 0.19692 eb
7637.96438 16.13783 0.53991 0.07603 -0.83828 eb
8100.00464 24.40440 0.34818 0.16726 -0.92238 eb
8258.57879 29.55247 -0.97797 -0.14740 -0.14779 eb
8407.51232 76.07556 0.96114 -0.27599 -0.00611 eb
8625.58248 14.17639 -0.58556 0.63867 0.49921 eb
11470.65197 16.26239 -0.64776 -0.74974 0.13525 eb
11963.07504 18.47025 0.13178 -0.87346 -0.46873 eb
12907.36845 24.56157 -0.73140 0.53102 0.42786 eb
13817.34624 13.35319 -0.36133 -0.01354 0.93234 eb
14170.58633 14.05254 -0.76422 0.44112 -0.47050 eb
14731.35647 30.46842 0.26091 0.96197 0.08089 eb
15537.76104 14.06637 -0.64748 0.37924 0.66102 eb
19829.45565 21.69266 -0.10118 0.86039 0.49949 eb
