14.41952 68.80059 -0.58353 -0.25987 0.76939 eb
15.75187 49.74902 -0.83620 0.02077 0.54804 eb
16.14567 66.91843 -0.23442 0.45403 -0.85959 eb
16.27165 40.36966 -0.24141 0.55409 -0.79668 eb
18.00089 63.69684 0.42882 0.06777 -0.90084 eb
18.53470 80.89267 0.69524 -0.01362 -0.71865 eb
18.61720 16.98470 -0.59155 -0.44610 0.67162 eb
19.44115 71.85278 -0.07054 0.98999 0.12225 eb
20.22418 35.52523 0.54966 0.44373 0.70779 eb
20.62482 74.50446 0.18791 -0.20686 -0.96015 eb
21.44049 52.57042 -0.21053 0.59425 -0.77624 eb
21.53113 44.74546 0.92708 -0.27010 -0.25995 eb
21.55038 36.24578 -0.88425 -0.43155 -0.17851 eb
21.59610 57.56822 -0.53561 0.45540 -0.71115 eb
21.90813 62.27979 0.87916 0.38734 -0.27758 eb
22.13035 52.12774 -0.82271 -0.51381 0.24319 eb
22.15509 47.76426 0.31692 -0.79771 -0.51306 eb
22.26579 48.08784 0.55760 -0.24192 -0.79408 eb
22.53779 54.91703 -0.76729 0.63946 0.04857 eb
23.23479 70.23843 0.39452 -0.33353 -0.85622 eb
23.41256 80.56730 0.63479 -0.70706 -0.31163 eb
23.47303 12.38387 -0.45098 0.17904 -0.87439 eb
23.73840 69.61782 -0.66330 0.69988 -0.26494 eb
23.76859 45.37410 -0.93077 -0.16200 -0.32776 eb
24.39730 74.92399 -0.78498 -0.49891 -0.36727 eb
24.46368 32.83568 0.75957 0.09827 -0.64296 eb
24.50352 70.42237 -0.39535 -0.65110 -0.64789 eb
24.58968 82.04035 0.27676 -0.94368 -0.18131 eb
24.79280 84.01171 -0.08850 0.10584 -0.99044 eb
24.82072 46.76772 0.78794 0.61405 -0.04584 eb
26.88723 80.91987 -0.68032 0.02913 -0.73234 eb
27.05303 75.20862 0.53790 -0.46462 -0.70341 eb
27.06604 38.89627 0.07235 -0.66712 -0.74143 eb
27.12610 47.38473 -0.27218 0.50937 -0.81637 eb
27.38039 32.10608 -0.21926 0.78288 -0.58226 eb
27.51219 63.43532 -0.49577 0.85848 0.13120 eb
27.83509 65.98557 0.78967 -0.36640 -0.49211 eb
27.93798 73.79480 -0.14159 -0.28455 -0.94815 eb
28.54851 82.82066 0.56037 -0.77532 -0.29131 eb
28.60009 71.95480 -0.77336 0.63151 -0.05578 eb
28.67030 22.85990 0.68042 -0.13571 0.72015 eb
28.80221 61.68086 -0.26394 0.16549 -0.95024 eb
28.89459 78.30990 -0.33881 0.50525 -0.79368 eb
29.16418 59.31304 0.76203 -0.00703 -0.64750 eb
29.35234 82.73390 0.74786 0.08440 0.65847 eb
29.86633 52.68379 0.75864 0.21554 -0.61482 eb
29.89954 31.38835 -0.25127 0.16842 -0.95315 eb
30.16141 80.48865 -0.20668 0.40250 -0.89178 eb
30.61396 39.73337 0.87218 -0.48847 0.02652 eb
30.73090 56.27967 -0.00570 0.84138 -0.54042 eb
31.03457 72.03540 0.38232 -0.81791 -0.42995 eb
31.22015 47.57739 0.19697 0.77933 -0.59486 eb
31.29370 78.98983 -0.50102 0.86048 -0.09245 eb
31.73271 77.16567 -0.29897 -0.83796 -0.45656 eb
31.76843 63.75008 0.00945 0.78305 0.62189 eb
31.85527 22.87568 -0.98802 -0.13938 0.06620 eb
31.86297 32.03212 -0.95614 0.16449 -0.24236 eb
32.05002 44.90251 -0.84994 0.47060 -0.23693 eb
32.26796 70.49645 0.81773 0.50021 0.28479 eb
33.11503 62.66666 -0.83409 0.49024 -0.25290 eb
33.12343 76.49297 0.61251 -0.63673 -0.46841 eb
33.32631 76.45956 0.31384 -0.32012 -0.89388 eb
33.71682 23.18814 -0.63777 -0.27486 -0.71951 eb
33.95185 53.79553 -0.67865 0.70097 -0.21925 eb
34.27878 53.05061 0.14506 -0.89059 0.43105 eb
34.32507 64.32940 0.96530 0.25973 0.02696 eb
34.33203 38.68827 0.09529 0.28853 0.95272 eb
34.47055 33.07030 -0.36614 -0.63124 -0.68372 eb
34.62792 69.67194 0.45700 0.46506 0.75820 eb
34.98387 43.02737 -0.54342 -0.82654 0.14673 eb
35.64348 73.48971 0.75400 0.56689 0.33185 eb
35.69637 79.75631 0.57291 -0.78215 0.24499 eb
35.74283 23.59944 0.56915 -0.46193 -0.68022 eb
36.31525 75.90901 -0.33719 -0.83963 -0.42583 eb
36.36028 72.52074 0.91416 -0.25158 -0.31783 eb
36.53526 61.41262 -0.18290 -0.70270 -0.68758 eb
36.61505 67.89479 0.91237 0.09255 -0.39878 eb
36.63468 41.89511 -0.99793 0.06083 -0.02090 eb
36.80633 65.07821 0.54449 -0.70199 -0.45907 eb
36.81466 48.28656 0.39956 -0.88749 -0.22960 eb
36.82908 48.27586 0.48549 0.83244 -0.26710 eb
36.90141 46.71763 -0.95900 0.28335 -0.00463 eb
37.46901 16.78395 0.66902 -0.32454 -0.66864 eb
37.50952 44.97102 0.08175 -0.98667 0.14071 eb
37.53920 80.31455 0.23827 0.36731 -0.89906 eb
37.87728 26.72856 0.31046 0.40897 -0.85812 eb
37.95359 46.80258 -0.66879 -0.67999 -0.30056 eb
38.22264 59.71388 0.86541 -0.00659 -0.50101 eb
38.73615 67.77322 -0.22391 -0.97027 -0.09185 eb
38.81562 25.24857 -0.16991 0.61712 -0.76831 eb
39.08298 48.35403 0.12874 -0.52134 -0.84358 eb
39.19102 78.40912 -0.54129 0.50909 -0.66920 eb
39.44287 30.77072 -0.31073 -0.16637 -0.93582 eb
39.50531 70.53136 -0.55660 0.04133 -0.82975 eb
39.52855 66.82093 -0.33737 -0.88831 -0.31159 eb
39.66931 38.95485 -0.65096 -0.74541 -0.14356 eb
39.68381 74.07373 -0.16660 0.91426 0.36928 eb
39.69591 88.40607 0.35676 0.92106 -0.15613 eb
39.81264 81.17789 -0.69803 -0.69533 -0.17110 eb
39.96598 54.46444 0.95303 -0.23182 0.19493 eb
40.01881 46.31396 -0.49973 0.66568 -0.55421 eb
40.03024 83.76090 -0.82781 -0.11803 -0.54845 eb
40.06984 73.89306 0.66546 -0.74587 0.02890 eb
40.18575 78.96650 0.60382 0.77582 -0.18306 eb
40.24689 19.29965 -0.42989 -0.84407 -0.32055 eb
40.27160 54.64574 -0.54806 -0.54146 -0.63753 eb
40.44201 29.93738 0.91848 -0.35641 -0.17137 eb
40.46284 68.57694 0.49903 -0.62440 -0.60091 eb
40.47930 63.14276 0.79701 0.59586 0.09863 eb
40.56945 68.85574 0.80595 -0.04178 -0.59050 eb
40.59684 25.06969 0.00969 0.93091 0.36513 eb
40.73530 77.39936 0.97666 0.20012 0.07807 eb
40.81198 38.56915 -0.09448 0.01120 -0.99546 eb
41.00522 67.59134 0.33725 -0.80766 -0.48369 eb
41.14435 47.10498 -0.82386 -0.45474 -0.33834 eb
41.49888 29.33025 -0.85562 0.32065 -0.40632 eb
41.88118 60.11589 -0.34606 0.12007 -0.93050 eb
41.94031 72.80102 -0.01322 -0.43223 -0.90167 eb
42.41285 18.37179 -0.93325 0.25767 -0.25029 eb
42.54409 67.36276 0.79227 0.57052 0.21636 eb
43.07324 77.50490 0.49522 0.23265 -0.83704 eb
43.33462 30.74146 0.67703 -0.58648 -0.44460 eb
43.54921 82.50663 -0.86581 0.41250 0.28323 eb
43.55982 40.86020 0.75842 -0.58525 0.28684 eb
43.72502 44.07069 -0.19253 0.86722 -0.45920 eb
44.73463 68.60266 -0.66394 0.69228 -0.28272 eb
44.79529 52.39770 -0.65298 -0.58487 -0.48119 eb
44.96850 19.04499 -0.93686 0.34847 -0.02947 eb
45.15189 62.47674 -0.11668 -0.99278 0.02787 eb
45.20604 83.67443 0.31013 0.79253 -0.52509 eb
45.34628 47.24939 -0.32551 0.34622 -0.87987 eb
45.40500 52.31255 0.09324 0.38145 -0.91968 eb
45.46329 44.23937 0.92823 -0.13523 -0.34654 eb
45.47540 85.20118 0.14514 0.93788 0.31515 eb
45.62049 64.48093 -0.14896 -0.27040 -0.95115 eb
45.80432 48.41181 -0.88961 -0.11165 0.44286 eb
45.96873 37.31874 0.55644 0.22917 -0.79866 eb
45.99407 32.69918 -0.18943 -0.97314 -0.13079 eb
46.78129 65.47790 -0.34061 -0.93903 -0.04705 eb
46.91557 56.29664 -0.43326 -0.45100 -0.78031 eb
46.93757 26.24233 -0.60568 0.25442 0.75394 eb
47.12521 87.51208 -0.74844 -0.37466 -0.54723 eb
47.39882 66.73429 -0.24237 -0.65238 -0.71809 eb
47.73969 57.26465 0.64182 0.50204 -0.57967 eb
47.77481 48.69201 -0.92180 0.21507 0.32254 eb
47.97739 56.57167 -0.44954 0.83431 0.31912 eb
48.11553 47.34481 -0.86613 -0.40275 -0.29599 eb
48.14768 81.77878 -0.79726 -0.39947 0.45254 eb
48.23721 23.24419 0.92833 -0.11272 0.35425 eb
48.74213 58.81568 0.00106 -0.75529 -0.65539 eb
48.79810 65.10384 0.15334 0.95162 -0.26629 eb
48.84611 79.33973 -0.83355 0.16540 -0.52710 eb
49.03556 49.85934 -0.87064 0.48709 0.06873 eb
49.09061 61.90200 -0.63518 -0.67180 -0.38109 eb
49.55179 84.93711 -0.87503 0.39802 -0.27550 eb
49.55726 68.72280 -0.54924 -0.73767 0.39264 eb
49.74474 51.38979 -0.65199 -0.24877 -0.71626 eb
49.97556 70.22385 0.48536 0.65950 -0.57400 eb
50.60766 57.33632 0.94138 -0.30213 -0.15008 eb
51.00781 78.04723 -0.64857 0.76114 -0.00410 eb
51.17554 37.24105 -0.20981 -0.91934 0.33284 eb
51.39707 58.14714 -0.84580 -0.01785 -0.53320 eb
51.97655 56.13675 0.66422 -0.66019 -0.35066 eb
52.13286 50.62247 0.79149 0.61029 0.03307 eb
52.50605 70.08451 0.63042 0.77597 0.02094 eb
53.03938 58.27033 0.65133 -0.62513 -0.43010 eb
53.11107 31.70692 0.68074 -0.28332 -0.67552 eb
53.15317 43.87168 -0.29763 -0.05060 -0.95334 eb
53.31603 9.67352 -0.92705 -0.37380 0.02933 eb
53.35518 29.03301 -0.51199 0.85796 -0.04214 eb
53.47372 40.86477 0.53004 -0.82568 -0.19318 eb
53.68690 86.94856 -0.69066 0.64238 -0.33218 eb
54.13052 31.98685 0.60623 -0.79446 -0.03617 eb
54.42505 13.76515 0.69928 0.51144 -0.49944 eb
54.51847 69.86841 -0.88681 0.00382 -0.46211 eb
54.86337 54.60897 -0.81638 0.47932 -0.32215 eb
54.95730 53.45057 -0.98547 0.01139 0.16949 eb
55.14499 64.07591 0.94058 -0.33455 0.05812 eb
55.40195 66.27568 -0.46981 -0.16623 -0.86697 eb
55.44246 23.81023 -0.73329 -0.59148 -0.33531 eb
55.51505 51.12543 0.27007 -0.83896 -0.47244 eb
55.69212 31.44401 -0.23062 -0.94859 -0.21679 eb
55.98665 71.92618 -0.52054 -0.82562 -0.21770 eb
56.26143 67.18218 -0.50363 0.38361 -0.77408 eb
56.58556 37.20438 0.23897 -0.94715 0.21403 eb
56.74587 33.77587 0.78590 -0.43081 -0.44358 eb
57.12099 46.94189 -0.71684 -0.46000 -0.52397 eb
57.14170 79.65858 -0.21338 -0.64198 -0.73643 eb
57.18643 65.13661 0.72384 0.14633 -0.67427 eb
57.31561 42.66438 0.82300 0.14821 0.54836 eb
57.53452 48.92719 -0.82636 0.44156 0.34950 eb
58.28208 83.70263 -0.75078 0.25491 -0.60938 eb
58.35879 36.73259 -0.18135 -0.98287 -0.03293 eb
59.30403 72.57656 0.25854 -0.57219 -0.77831 eb
59.64473 49.13835 0.09861 -0.41512 -0.90441 eb
59.75043 66.24771 -0.10757 0.46428 0.87913 eb
59.88617 34.18632 0.36615 -0.36559 0.85573 eb
60.38203 70.06514 0.42610 0.72384 -0.54267 eb
60.40870 49.30130 0.19442 0.97728 -0.08441 eb
60.52619 38.72648 0.09458 0.50303 -0.85908 eb
60.52868 34.88739 -0.51985 0.21606 0.82648 eb
60.57355 82.74247 -0.26316 -0.87313 -0.41035 eb
60.69133 82.82076 -0.41744 -0.90711 -0.05376 eb
61.62149 50.86311 -0.01649 0.94608 -0.32351 eb
61.75525 72.94791 -0.54998 -0.30042 -0.77928 eb
61.77681 59.18631 -0.66262 -0.38661 -0.64145 eb
61.87577 43.59998 -0.64319 -0.48211 -0.59487 eb
61.89203 61.73207 -0.44061 -0.87186 0.21383 eb
62.19614 36.92797 0.67257 0.29569 0.67840 eb
62.41594 66.78916 0.51436 0.58007 -0.63163 eb
62.56300 37.16084 0.13581 0.34347 -0.92929 eb
62.57001 33.66831 0.24154 -0.13643 -0.96075 eb
63.14408 24.63599 0.72158 0.57790 -0.38127 eb
63.58950 66.28075 0.69231 0.71223 0.11592 eb
63.60160 31.25689 0.82060 0.57048 -0.03417 eb
63.83241 82.76006 0.99189 0.03587 -0.12191 eb
64.24776 33.94090 0.26519 0.37860 -0.88675 eb
65.08598 58.75365 -0.95896 0.03252 0.28166 eb
65.26102 65.59869 0.48185 0.82467 -0.29621 eb
65.31986 86.83000 -0.27459 -0.13869 -0.95151 eb
65.36943 15.20383 -0.56389 -0.50484 0.65358 eb
65.56572 45.00787 -0.32250 -0.88544 -0.33463 eb
65.59876 42.23822 0.18101 0.96644 0.18228 eb
65.65820 14.38297 -0.70445 0.64782 0.28996 eb
65.80796 34.00446 -0.54144 -0.75918 0.36123 eb
66.73546 46.83351 -0.40570 -0.91107 -0.07316 eb
67.12729 49.14327 0.57627 -0.66285 -0.47807 eb
67.53330 57.24113 0.29581 -0.54324 -0.78574 eb
67.57825 19.42625 -0.57355 0.81505 -0.08205 eb
67.67595 34.94284 -0.36439 0.89548 -0.25559 eb
67.75141 87.96018 -0.20107 0.82043 -0.53522 eb
68.33393 45.79243 -0.52145 -0.72300 -0.45316 eb
68.73135 19.06858 -0.94785 0.10605 -0.30055 eb
68.87549 78.36867 0.14884 -0.65560 -0.74029 eb
69.01859 62.51516 -0.61734 -0.58247 -0.52879 eb
69.22952 41.30114 0.66527 0.52625 -0.52960 eb
69.45022 38.89357 -0.71828 0.48545 -0.49842 eb
69.58199 72.61482 0.92162 -0.33465 0.19656 eb
69.69393 39.51911 -0.88200 0.45939 -0.10502 eb
69.91797 74.63803 -0.45928 -0.54274 -0.70320 eb
69.94980 60.54523 -0.15869 -0.95539 0.24908 eb
69.97479 47.94362 0.45732 0.14185 -0.87792 eb
70.30781 19.32733 -0.09905 0.72269 0.68404 eb
70.77293 29.63676 0.72792 0.57601 -0.37195 eb
70.92163 64.62736 0.86498 -0.45372 -0.21435 eb
71.68498 47.59876 0.48230 0.87575 -0.02111 eb
71.73098 43.49705 0.18482 0.45745 -0.86982 eb
72.18196 27.87688 -0.69359 -0.67194 -0.25966 eb
72.26673 48.70451 0.45199 -0.56628 -0.68922 eb
72.87932 75.92372 -0.96203 -0.23110 0.14520 eb
72.94635 60.93470 0.74418 0.05660 -0.66558 eb
73.16755 79.29096 0.00497 -0.14887 -0.98884 eb
73.32856 47.40737 -0.27636 -0.57345 -0.77122 eb
73.58281 85.72218 0.99807 0.01363 -0.06063 eb
74.24876 42.26036 0.76416 0.54642 0.34275 eb
74.76409 23.31828 -0.56697 0.73601 0.36993 eb
74.77755 53.71659 0.61134 0.44440 -0.65481 eb
74.99536 53.32627 -0.43238 -0.88872 -0.15241 eb
75.52571 49.36440 0.87246 -0.18864 -0.45082 eb
75.65179 83.91380 -0.05580 -0.99656 -0.06125 eb
76.22459 43.98599 0.81208 -0.03687 -0.58238 eb
76.29629 67.47965 0.12298 -0.93945 -0.31987 eb
76.37205 34.85463 -0.15797 -0.46919 -0.86885 eb
77.57088 54.53417 -0.05278 0.97979 -0.19292 eb
78.29921 60.78506 -0.50754 -0.21705 0.83384 eb
78.61145 43.00361 0.41792 -0.18665 -0.88910 eb
78.64807 38.40345 0.61842 0.72895 -0.29359 eb
79.10427 31.38764 -0.78934 -0.61367 -0.01857 eb
79.35084 52.71232 -0.15012 -0.46429 -0.87287 eb
80.54366 13.99343 0.71583 0.68656 -0.12740 eb
80.55957 42.42432 -0.04187 -0.51598 -0.85558 eb
81.08534 55.49522 0.14113 -0.79896 -0.58459 eb
81.79684 32.65558 -0.58142 0.74226 -0.33318 eb
81.96034 45.62322 -0.20010 0.42401 -0.88327 eb
82.07753 81.60015 -0.38072 -0.57458 -0.72451 eb
82.78055 47.43323 0.78026 0.23923 -0.57790 eb
83.25102 87.59713 0.93371 -0.07158 -0.35081 eb
83.54141 29.88656 -0.49061 -0.81252 -0.31482 eb
83.54978 63.52832 -0.90139 0.41264 0.13127 eb
83.60339 73.05847 -0.44365 0.69404 0.56699 eb
83.85472 26.81909 -0.58775 -0.29469 -0.75346 eb
84.09009 42.63989 -0.27227 0.85746 0.43662 eb
84.15861 53.69318 -0.15525 -0.79426 -0.58741 eb
84.36028 62.58224 0.20186 -0.15559 -0.96698 eb
84.50625 44.50578 0.88457 0.25058 0.39339 eb
84.51461 49.71221 -0.24289 0.89527 0.37348 eb
84.55471 21.49296 0.55972 -0.62609 -0.54289 eb
85.28138 70.09385 0.59742 -0.36329 -0.71491 eb
85.47581 55.29893 -0.96892 -0.05273 -0.24169 eb
85.53534 41.20496 -0.71694 -0.69397 -0.06634 eb
85.72252 65.84082 0.19176 0.77734 -0.59914 eb
85.85567 51.35197 -0.95877 -0.27587 -0.06827 eb
85.91815 20.79853 0.94681 -0.31297 0.07482 eb
87.03531 39.99818 0.19101 -0.69942 -0.68871 eb
87.08383 50.42305 -0.47808 0.33338 -0.81259 eb
87.18170 64.43282 -0.64684 0.66561 -0.37223 eb
87.65505 29.30802 0.86052 0.28793 -0.42024 eb
87.70197 48.15006 -0.14444 -0.88010 -0.45228 eb
88.09407 72.02430 -0.45495 0.69681 -0.55451 eb
89.24834 30.31292 -0.20894 0.51071 -0.83398 eb
89.86090 63.75861 0.00312 0.21351 -0.97694 eb
90.62289 84.71458 0.01783 0.14594 -0.98913 eb
90.64134 20.81251 0.72514 0.67800 0.12032 eb
90.71483 46.12993 -0.97213 0.23279 -0.02773 eb
92.11027 35.85058 -0.99167 -0.12037 0.04593 eb
92.35738 78.80637 0.19328 -0.97847 -0.07239 eb
92.84043 30.83571 -0.52610 -0.82291 -0.21455 eb
92.97845 65.28549 -0.59767 0.79462 -0.10667 eb
93.25846 27.38188 -0.23173 -0.15095 -0.96100 eb
93.27253 62.65429 0.21940 -0.46378 -0.85835 eb
93.42070 74.91815 -0.59707 -0.78526 -0.16391 eb
96.01203 79.08100 -0.44026 0.00476 -0.89786 eb
96.08636 6.81487 -0.14044 0.75382 -0.64190 eb
96.55340 33.23767 0.50891 0.60564 -0.61173 eb
96.87163 32.82187 0.76518 -0.08905 -0.63762 eb
99.56543 28.04489 -0.58166 -0.58362 -0.56662 eb
100.32838 79.63188 -0.53662 -0.60667 -0.58651 eb
100.41575 52.17970 0.27453 -0.64817 -0.71029 eb
100.92961 43.76207 -0.62444 0.74752 -0.22647 eb
101.06860 48.09752 -0.07680 0.71780 -0.69200 eb
102.36193 23.79325 0.32406 -0.94470 -0.05038 eb
102.39919 45.80442 0.38923 0.78196 0.48687 eb
102.70287 82.35694 0.57653 -0.81705 0.00691 eb
103.62587 35.05957 0.34811 0.57389 -0.74126 eb
103.71137 20.70457 0.41235 0.80735 0.42208 eb
104.64270 73.92550 -0.88012 -0.03617 -0.47337 eb
104.74497 46.64054 0.36397 0.54625 -0.75441 eb
105.56461 7.68659 0.16754 0.76266 0.62472 eb
105.71971 29.59651 -0.90246 0.43038 0.01852 eb
105.81641 23.38058 0.10334 0.69716 0.70943 eb
105.86179 53.03784 -0.36056 0.00757 -0.93271 eb
106.00836 74.71050 -0.84875 -0.49846 0.17651 eb
106.43726 24.86916 -0.22455 0.88316 0.41184 eb
107.38552 28.47981 0.88440 -0.05648 -0.46331 eb
107.65595 58.22489 -0.21594 0.38420 -0.89764 eb
108.58837 23.36276 0.87016 -0.47071 0.14577 eb
109.01792 72.72073 0.60017 0.55226 -0.57861 eb
109.21512 18.99340 -0.33649 0.83703 0.43146 eb
110.06995 23.19376 0.79935 0.51846 -0.30370 eb
110.17873 54.20251 -0.85725 -0.33620 -0.39000 eb
110.57609 83.12368 -0.30563 -0.29705 -0.90463 eb
110.73985 41.75051 -0.84949 0.47764 -0.22412 eb
110.99779 60.25765 0.33901 -0.94051 0.02253 eb
111.06725 38.88024 0.13960 -0.56322 -0.81443 eb
114.65104 57.46190 -0.08961 -0.94904 -0.30214 eb
115.07413 75.18596 -0.64093 -0.49352 -0.58792 eb
115.15633 29.54618 -0.46015 -0.67280 -0.57931 eb
115.39408 72.89659 0.50007 0.83554 0.22759 eb
115.69279 32.30315 0.53730 0.17205 -0.82566 eb
115.82593 19.25554 -0.98199 -0.11486 0.14998 eb
115.97134 21.16672 0.16788 0.95393 0.24865 eb
116.26142 61.99090 0.89044 0.45289 -0.04470 eb
116.35033 43.93753 0.02993 0.63533 -0.77166 eb
116.43570 32.75735 0.50501 -0.27993 -0.81646 eb
116.60840 41.79374 -0.18567 -0.86183 -0.47200 eb
116.83133 55.63471 0.58141 0.22355 0.78230 eb
118.99365 21.26639 -0.75153 -0.55329 -0.35927 eb
119.00117 34.06906 -0.50251 -0.77389 0.38546 eb
120.46742 37.62404 -0.54983 0.73418 0.39833 eb
120.51789 22.42433 0.49785 -0.70076 -0.51096 eb
121.11719 53.99469 0.80814 -0.45982 0.36807 eb
121.13638 54.80108 -0.90611 0.26377 -0.33075 eb
121.46561 44.11334 0.64525 -0.53711 -0.54329 eb
121.55594 59.75991 0.99776 0.00426 0.06677 eb
121.77329 47.24268 -0.29547 0.95309 -0.06577 eb
122.65248 12.01988 0.29554 -0.76299 0.57489 eb
123.05130 53.05738 0.24748 -0.86512 0.43626 eb
124.02697 46.13382 0.12655 -0.79960 -0.58705 eb
125.28444 36.55421 -0.25774 -0.88762 0.38171 eb
125.92547 63.71160 0.06837 -0.99744 0.02089 eb
126.10826 15.51518 0.89131 -0.33153 -0.30929 eb
126.30954 46.79555 0.97953 -0.08071 0.18441 eb
126.84649 27.90889 -0.07821 0.94070 0.33011 eb
127.24124 22.68244 0.36362 0.07820 0.92826 eb
127.45849 68.57051 0.25715 -0.94369 -0.20813 eb
127.54748 34.14174 0.15220 -0.77131 -0.61799 eb
128.10579 14.27902 0.79717 -0.36639 0.47987 eb
128.17528 34.12746 -0.08015 -0.85393 0.51418 eb
128.27131 32.54285 0.22640 0.95570 -0.18809 eb
130.00017 36.35685 -0.84888 -0.02554 -0.52797 eb
130.26252 23.49243 0.93056 0.29650 0.21482 eb
130.29210 57.14320 -0.70278 0.69913 -0.13161 eb
130.47865 61.27770 -0.36343 0.27003 -0.89163 eb
130.83376 43.44556 0.39092 0.79262 -0.46790 eb
131.25448 21.97434 -0.93248 0.35306 0.07640 eb
131.38870 80.28476 0.35883 -0.44663 -0.81961 eb
131.57231 34.03865 -0.72507 0.09799 -0.68166 eb
132.04165 40.44086 0.76161 0.64478 -0.06493 eb
132.06161 39.96865 0.46801 0.69405 -0.54706 eb
132.53053 36.50798 -0.19599 -0.43763 -0.87753 eb
132.81948 83.78770 -0.87773 -0.47450 -0.06658 eb
133.24885 18.37387 0.43243 -0.01388 -0.90156 eb
133.41455 66.04758 -0.52294 0.74783 -0.40902 eb
134.14728 31.85155 -0.28637 -0.12771 -0.94957 eb
135.26783 60.53631 0.79404 0.19676 0.57514 eb
136.14834 60.38010 0.42568 -0.70977 -0.56127 eb
137.33133 59.28695 -0.03126 -0.62232 -0.78214 eb
137.52328 46.89969 0.32130 0.57503 -0.75240 eb
137.54598 45.85276 0.73323 -0.38093 -0.56326 eb
138.27434 73.41026 0.11308 0.97480 0.19232 eb
138.54677 35.15922 0.74903 -0.31093 -0.58505 eb
138.72688 29.31929 0.61157 -0.74442 -0.26800 eb
139.45025 54.16957 0.40665 -0.40642 -0.81821 eb
139.50919 79.19656 0.89632 0.21265 -0.38909 eb
140.66536 21.30516 0.35628 -0.22019 -0.90807 eb
141.08671 32.09915 -0.64524 0.19882 -0.73766 eb
142.17743 35.53060 -0.44709 0.87925 0.16439 eb
142.32094 68.34329 -0.28085 -0.71601 -0.63910 eb
142.44312 26.72032 -0.52091 -0.60580 0.60138 eb
143.64549 38.50750 -0.02754 0.53514 -0.84432 eb
144.87124 17.01080 -0.85684 0.03409 -0.51445 eb
145.10112 31.74231 0.40737 -0.91080 0.06706 eb
145.40502 56.20389 -0.94617 0.00826 0.32356 eb
145.46758 51.44117 -0.96047 -0.26163 0.09509 eb
145.65044 60.48151 0.31438 0.26029 -0.91291 eb
146.97348 56.45318 -0.41576 0.68202 0.60165 eb
146.99874 15.05970 0.50509 0.82570 -0.25121 eb
147.30517 72.31450 0.81926 -0.33337 -0.46657 eb
148.29699 21.78273 -0.48576 -0.39596 -0.77926 eb
149.32684 67.97221 0.29274 -0.37764 -0.87846 eb
149.36117 23.72120 -0.05354 0.92167 0.38427 eb
149.38019 68.08635 -0.33702 0.82422 -0.45506 eb
149.52400 42.45032 -0.53919 0.65493 0.52947 eb
149.69119 61.45172 -0.67281 -0.01737 0.73962 eb
150.03807 21.72236 0.65007 0.75637 -0.07289 eb
150.23413 22.38358 0.49641 0.35799 -0.79084 eb
150.31189 43.71935 -0.76892 0.24531 0.59041 eb
150.66424 40.70923 0.19338 0.92763 -0.31953 eb
151.34260 14.22417 0.20809 0.95341 0.21841 eb
151.80780 23.54043 -0.51148 -0.28184 0.81176 eb
152.99855 56.89957 0.42538 -0.78001 -0.45896 eb
154.54301 36.78629 -0.33457 0.04532 -0.94128 eb
154.66607 42.27812 0.38555 0.17356 -0.90622 eb
154.97602 63.31834 -0.11849 0.98172 0.14896 eb
155.47553 65.36580 0.14376 0.95618 -0.25504 eb
155.54925 57.39454 -0.34867 0.93441 0.07287 eb
155.77741 24.23484 0.16950 -0.95679 -0.23629 eb
156.62921 20.42310 0.10747 -0.39171 -0.91379 eb
156.64221 29.29986 0.21377 0.75409 -0.62101 eb
157.55628 50.14005 0.85154 -0.03184 0.52333 eb
157.92773 42.68554 -0.61253 -0.54677 -0.57083 eb
159.04036 23.72646 0.49426 -0.68479 -0.53550 eb
159.59657 48.94409 -0.31534 0.88010 -0.35494 eb
159.63711 69.90712 0.44905 -0.77909 -0.43746 eb
159.73431 28.61613 -0.13833 0.95321 -0.26880 eb
160.18668 76.44349 -0.62834 0.76076 -0.16261 eb
160.73034 46.96594 -0.86306 0.09465 -0.49615 eb
160.79448 41.25606 -0.03283 0.97697 -0.21083 eb
160.88876 31.76035 -0.97839 -0.18545 0.09149 eb
160.95588 73.79853 -0.98141 0.18973 -0.02894 eb
161.09708 33.85294 0.10185 0.57393 -0.81254 eb
161.53164 17.22827 0.01015 0.33573 0.94190 eb
161.59782 28.71452 -0.79781 -0.43695 -0.41541 eb
161.61486 62.76849 0.21583 -0.82700 -0.51913 eb
161.67262 42.72637 0.44924 0.57735 -0.68180 eb
161.96880 50.40596 -0.22479 -0.26752 -0.93697 eb
162.05035 84.96275 0.11428 -0.43599 -0.89267 eb
162.70748 33.43350 -0.20235 -0.68787 0.69705 eb
163.29188 63.40089 -0.67064 0.31080 0.67353 eb
163.51435 66.86290 -0.74665 -0.10576 -0.65675 eb
163.81679 69.86339 -0.27655 0.88964 -0.36340 eb
163.85816 27.19724 0.68900 0.37327 -0.62125 eb
164.62350 48.43904 -0.75322 0.45635 -0.47371 eb
164.63104 65.27913 -0.63383 0.37997 -0.67371 eb
165.01880 21.32081 -0.61794 -0.48005 0.62266 eb
165.50660 81.96918 -0.45257 -0.46176 -0.76286 eb
165.66892 63.19817 0.09454 -0.68351 -0.72379 eb
165.74879 35.37336 -0.10299 -0.66161 -0.74274 eb
165.74996 19.79644 0.36152 -0.91437 0.18230 eb
166.22981 40.96169 -0.25741 0.95860 0.12176 eb
166.24702 37.83446 0.41340 -0.58606 -0.69687 eb
166.81390 32.27131 -0.32036 -0.91270 0.25367 eb
167.53656 39.89827 0.38346 -0.86172 -0.33227 eb
167.85175 62.79262 0.19356 -0.74970 -0.63283 eb
168.57265 28.25788 -0.25401 -0.89576 0.36482 eb
168.74423 23.96284 0.35258 0.12483 -0.92742 eb
168.93166 63.74819 -0.10739 0.68088 -0.72448 eb
169.06270 20.01782 -0.58820 -0.39565 -0.70532 eb
169.14666 51.10393 0.89440 0.44552 -0.03958 eb
169.15344 72.02732 0.77975 -0.53608 -0.32344 eb
169.30711 36.65682 -0.42615 0.01416 -0.90454 eb
170.59757 40.02752 0.31790 -0.94791 0.02011 eb
170.64655 16.14924 0.86980 -0.32685 -0.36961 eb
170.94812 32.36768 0.13860 -0.23043 -0.96317 eb
171.02141 36.70522 -0.71140 -0.58847 -0.38420 eb
171.15217 54.51585 -0.71666 0.53946 -0.44201 eb
171.50295 47.40597 0.83133 -0.47515 -0.28832 eb
171.50785 68.80068 0.48096 -0.39917 -0.78060 eb
171.85643 61.78970 -0.16315 0.98256 0.08916 eb
172.28655 33.88113 -0.99027 -0.13336 -0.03987 eb
172.72569 38.28625 -0.93010 0.36710 -0.01255 eb
173.09349 21.91836 0.07861 0.17582 0.98128 eb
173.29120 24.24638 -0.38419 0.84579 0.37018 eb
173.66127 29.34179 -0.90831 0.31600 -0.27409 eb
174.05915 61.12990 -0.11061 0.89995 -0.42173 eb
174.86305 30.96677 -0.62910 0.33963 -0.69920 eb
175.01902 49.30605 0.86251 0.27441 -0.42519 eb
175.84630 34.20277 -0.46249 0.44328 -0.76786 eb
176.32363 72.04580 -0.96942 -0.12821 -0.20925 eb
176.47326 61.11009 -0.37522 -0.62514 -0.68441 eb
176.56789 69.83757 0.86576 0.48982 -0.10265 eb
176.57184 83.39046 0.08732 -0.86637 0.49171 eb
176.97507 51.84777 0.09113 -0.96218 -0.25672 eb
177.07494 14.75935 -0.16321 0.89829 -0.40796 eb
177.66530 52.54937 -0.40516 -0.74015 -0.53668 eb
177.67980 42.30373 0.82702 -0.47890 -0.29444 eb
177.70286 75.42912 -0.04096 0.85916 -0.51006 eb
178.18098 59.38005 0.81141 0.58419 -0.01861 eb
178.42521 35.24978 0.29152 0.76745 -0.57100 eb
178.91485 54.18750 -0.24234 -0.31690 -0.91698 eb
180.00960 46.92692 -0.26972 -0.87192 0.40867 eb
183.20560 25.33244 0.94721 0.10641 0.30244 eb
183.35426 76.67330 0.23203 0.88258 -0.40891 eb
183.76923 69.26221 0.65619 -0.12004 -0.74499 eb
184.01443 81.94012 -0.33290 0.54700 -0.76810 eb
184.13165 29.88694 -0.19866 0.21437 -0.95634 eb
184.29978 32.30774 0.24359 -0.85643 -0.45519 eb
185.01893 21.13168 -0.82715 0.50525 -0.24608 eb
185.08987 70.07211 -0.86697 0.18503 -0.46273 eb
185.37410 46.78618 -0.90601 0.42310 -0.01143 eb
185.81863 46.01687 -0.15999 0.68083 -0.71475 eb
186.29867 45.42584 0.03207 -0.52139 -0.85272 eb
186.34171 40.54766 -0.47345 0.87994 0.03930 eb
187.35573 77.33673 0.58170 -0.44055 -0.68377 eb
188.26231 41.82354 0.09674 0.90827 -0.40706 eb
188.74713 49.72197 0.93927 0.30601 -0.15533 eb
189.19419 47.84517 -0.38097 0.19582 0.90361 eb
189.97200 41.24323 -0.11073 -0.98528 -0.13025 eb
190.73798 39.56368 0.93107 0.19499 0.30835 eb
191.09195 21.75724 0.37827 0.07892 -0.92232 eb
191.69935 51.50016 -0.52211 -0.20738 -0.82728 eb
192.56963 76.26683 0.35136 0.83159 0.43013 eb
193.06475 13.26188 -0.62815 -0.76549 0.13946 eb
193.89324 70.15217 0.54053 0.82349 0.17234 eb
193.91493 31.91391 -0.63886 0.65341 0.40610 eb
195.63129 30.61640 0.72072 -0.65275 -0.23343 eb
196.48359 69.79430 -0.23992 -0.81696 0.52441 eb
196.51117 55.09403 0.23428 -0.46732 0.85248 eb
196.57211 66.70718 0.73017 0.54006 -0.41855 eb
197.09709 28.82860 0.32463 -0.52146 -0.78911 eb
197.22914 53.72166 -0.45230 -0.89051 -0.04909 eb
199.20181 34.44928 -0.92849 0.27928 0.24475 eb
199.58163 64.93134 -0.42307 0.88569 0.19122 eb
200.58775 65.78406 0.29889 -0.85584 0.42214 eb
200.84426 38.54448 -0.54017 0.81782 -0.19846 eb
200.95228 58.36947 -0.52707 0.84580 -0.08258 eb
201.38344 52.26248 -0.25770 -0.20000 -0.94530 eb
202.87316 61.36987 -0.06711 0.79898 -0.59761 eb
204.29937 34.67692 0.19616 0.83868 0.50806 eb
204.65783 51.38215 0.67118 0.27595 -0.68802 eb
205.82252 36.99047 0.18168 0.45628 -0.87109 eb
206.31276 46.21362 0.53236 0.15662 -0.83190 eb
206.55390 58.37687 0.15479 -0.74682 -0.64677 eb
207.09451 43.57974 -0.40765 0.66107 0.62993 eb
208.73687 40.45154 -0.21823 0.31276 -0.92442 eb
208.76885 75.22141 0.26455 0.03772 -0.96364 eb
209.75949 22.00167 -0.48610 0.84581 -0.21982 eb
210.60624 16.22974 -0.24247 0.62411 0.74276 eb
211.82918 36.98069 0.70387 -0.49631 -0.50817 eb
211.85702 64.77189 0.85952 0.51019 -0.03056 eb
212.24985 21.36181 -0.37973 0.17168 -0.90903 eb
213.46360 14.59511 0.96259 -0.24385 -0.11813 eb
214.07388 59.46217 -0.23704 0.89074 -0.38781 eb
214.21889 32.79828 0.28533 0.14987 -0.94664 eb
214.85464 23.34418 -0.65946 -0.68330 0.31339 eb
215.71872 72.93370 0.41986 0.30801 -0.85372 eb
216.83921 38.86366 -0.64946 -0.75503 0.09016 eb
218.62797 37.26779 -0.74628 0.27008 -0.60838 eb
218.75041 18.22866 0.63641 -0.61388 -0.46705 eb
219.09991 53.10434 0.43586 -0.89580 -0.08702 eb
219.37077 44.26303 0.87585 0.41546 -0.24552 eb
221.39790 68.53314 0.29460 0.94125 0.16512 eb
221.90225 75.58699 0.66781 -0.28130 0.68913 eb
221.96502 36.44998 0.16007 0.91772 0.36354 eb
222.55002 29.04889 0.50522 -0.53384 -0.67806 eb
224.59967 57.54906 0.42117 0.44751 -0.78889 eb
224.70823 13.84062 -0.44057 -0.60309 -0.66496 eb
224.90668 27.23113 -0.46156 -0.22099 -0.85914 eb
227.25736 21.35696 0.89278 0.45026 -0.01467 eb
227.56693 69.12610 0.80403 0.02065 -0.59423 eb
227.73759 34.24727 0.65982 -0.38634 0.64450 eb
227.91444 14.82963 0.85026 -0.49217 -0.18663 eb
229.08320 19.46457 0.92882 0.06361 0.36504 eb
229.19140 44.61788 0.41282 -0.76330 0.49694 eb
230.25571 26.17318 0.90170 -0.33867 -0.26877 eb
230.36119 78.99829 -0.46740 -0.22412 -0.85516 eb
230.47634 37.36053 -0.37092 0.17120 -0.91275 eb
230.80534 17.54904 -0.74262 0.44024 -0.50468 eb
232.08098 53.05632 0.45248 -0.68447 -0.57163 eb
232.86741 48.64361 0.86609 0.33216 0.37357 eb
233.31159 25.06615 -0.91807 0.37639 -0.12438 eb
233.72456 65.09044 0.65967 -0.74080 0.12671 eb
234.86597 57.78671 -0.80670 -0.15408 0.57052 eb
235.84696 56.68802 -0.95306 -0.22665 -0.20077 eb
236.10198 40.70735 -0.85362 0.47145 0.22150 eb
236.13520 44.27407 0.39956 -0.85214 -0.33795 eb
237.09372 25.09678 -0.07414 0.92746 0.36649 eb
237.14452 31.69531 -0.48749 -0.62794 -0.60666 eb
237.21130 14.54753 -0.46658 0.84303 0.26759 eb
238.13980 39.88283 0.98902 0.11616 -0.09134 eb
239.02927 42.36268 0.97280 -0.18669 0.13715 eb
239.20388 22.19834 0.62604 0.72892 -0.27703 eb
240.72076 29.60420 -0.42553 -0.87533 -0.22963 eb
241.12667 40.08802 0.39074 0.65061 -0.65117 eb
241.21904 29.58156 -0.22262 -0.58854 -0.77722 eb
241.24377 46.36099 0.80444 -0.24568 0.54085 eb
241.85777 59.85472 -0.19585 0.74810 -0.63402 eb
244.09426 64.56441 0.93790 0.27527 -0.21111 eb
246.07710 39.26953 0.36622 0.26022 -0.89340 eb
246.96068 45.69654 -0.59003 -0.35387 -0.72570 eb
247.75853 44.63325 0.48060 0.74446 -0.46348 eb
248.20283 34.79970 -0.95589 -0.01709 -0.29324 eb
249.08633 51.15416 -0.12811 -0.84410 0.52065 eb
249.17010 84.23527 0.25024 -0.91017 -0.33010 eb
250.46988 31.55542 0.21410 0.97444 0.06798 eb
250.50800 50.90562 0.22743 -0.88822 -0.39916 eb
250.64904 26.03798 0.53065 -0.72248 -0.44321 eb
250.92680 66.18086 -0.16221 -0.83467 0.52632 eb
252.06767 31.91196 0.97686 0.19897 -0.07849 eb
253.69166 27.86380 0.30057 -0.32164 0.89789 eb
254.93834 54.13132 0.16133 0.84670 0.50703 eb
256.64690 47.17954 -0.73724 -0.59811 -0.31424 eb
257.86392 22.97417 -0.44783 -0.52836 -0.72130 eb
259.56428 10.69728 0.90163 -0.18557 0.39066 eb
263.20394 32.80188 -0.49054 0.38143 -0.78351 eb
264.39299 52.17201 0.01809 0.91622 -0.40027 eb
264.40483 37.03313 -0.67477 0.41727 -0.60874 eb
264.82555 27.12748 0.78923 0.42629 -0.44203 eb
265.40420 75.26179 0.79596 -0.45046 -0.40439 eb
265.44257 23.61912 0.13681 0.32071 -0.93725 eb
266.09769 28.23788 -0.57542 -0.59555 0.56055 eb
266.46795 43.24203 -0.25844 -0.77976 -0.57025 eb
267.01090 43.40839 0.62392 -0.43036 -0.65232 eb
267.21837 33.17158 -0.82075 0.35723 -0.44582 eb
268.83929 73.07602 -0.01042 0.47698 -0.87885 eb
268.96650 52.53895 0.81603 0.02921 -0.57727 eb
271.07173 41.77175 0.03699 0.57923 0.81432 eb
271.09548 23.50018 0.70763 -0.68603 0.16921 eb
271.28760 38.48987 0.75550 -0.04702 -0.65346 eb
271.48261 81.92406 -0.26744 0.95718 -0.11080 eb
271.56987 57.95646 -0.62464 -0.46903 -0.62437 eb
272.00990 13.24479 -0.26218 -0.88290 0.38955 eb
272.12949 47.06463 -0.17139 0.35211 -0.92013 eb
273.82657 51.84976 -0.08837 -0.97659 -0.19611 eb
274.33663 36.66239 -0.84586 0.25190 -0.47017 eb
274.35501 40.82635 0.07962 0.42656 -0.90095 eb
274.50620 26.50026 -0.74891 0.64932 0.13234 eb
274.93340 24.97583 -0.67518 0.38264 0.63065 eb
275.34833 40.05469 0.35345 0.23307 -0.90595 eb
275.38819 27.71334 0.92362 -0.12564 0.36214 eb
276.21369 42.67203 0.79132 -0.37571 0.48235 eb
276.66910 14.38832 -0.21758 0.56323 -0.79714 eb
276.70612 24.80004 -0.09432 0.74560 -0.65968 eb
277.26123 37.48796 -0.74305 -0.61016 -0.27490 eb
278.75234 47.57379 0.57827 -0.37595 0.72407 eb
280.18128 54.67603 -0.69409 -0.33290 -0.63829 eb
280.28409 34.82182 0.36508 0.75217 0.54859 eb
280.65395 18.96118 -0.16663 -0.70711 -0.68719 eb
281.06706 81.73290 -0.97232 -0.23218 -0.02640 eb
281.36403 36.69995 0.95546 0.14996 -0.25419 eb
282.15506 43.26253 0.94989 0.28644 -0.12513 eb
282.39275 31.86037 -0.31402 -0.66047 -0.68203 eb
283.61990 22.07625 0.91250 0.32200 -0.25231 eb
283.65265 14.67133 0.65436 0.45986 -0.60028 eb
283.87719 32.57397 0.39976 0.30882 0.86303 eb
286.69549 30.71326 0.04790 -0.65609 -0.75316 eb
286.69905 36.83906 -0.18182 -0.63601 -0.74996 eb
288.10360 26.75819 -0.73576 0.05606 -0.67491 eb
288.36420 52.45889 -0.54671 0.24041 0.80207 eb
288.93190 33.01834 -0.58100 0.09029 -0.80888 eb
289.75055 50.11828 -0.12610 -0.07094 -0.98948 eb
291.26731 48.20937 -0.50766 -0.31420 -0.80222 eb
291.81092 50.04087 0.90228 -0.08313 0.42306 eb
291.97349 72.98893 -0.85416 -0.43934 -0.27819 eb
293.65007 67.61723 -0.70506 0.02074 -0.70885 eb
295.00717 18.59962 0.60043 0.77482 -0.19784 eb
295.26057 46.47742 -0.78320 -0.60035 -0.16176 eb
295.99673 36.96985 0.29663 0.53953 -0.78799 eb
297.05897 37.85633 0.46504 -0.84852 0.25250 eb
297.49229 32.21228 0.58709 0.75648 -0.28822 eb
298.49826 71.26046 -0.51852 0.59753 -0.61163 eb
298.81543 52.78423 -0.34963 0.83439 -0.42608 eb
299.45638 45.53342 0.70583 -0.05984 -0.70585 eb
299.48394 44.14827 -0.11270 0.46450 -0.87837 eb
299.52509 21.11237 0.89778 0.16158 -0.40974 eb
299.59347 62.02623 0.65470 0.20143 -0.72856 eb
300.15678 56.63565 -0.83961 -0.52229 -0.14920 eb
301.24036 35.96309 0.40489 -0.22214 -0.88697 eb
303.08314 50.58690 -0.07721 0.99271 -0.09253 eb
303.65035 32.39451 0.67005 -0.50289 -0.54602 eb
303.66848 63.77852 -0.47882 0.87790 0.00558 eb
304.53565 82.36382 -0.46273 0.64723 -0.60578 eb
305.21418 61.40513 -0.90591 -0.41241 -0.09618 eb
306.26736 80.56858 0.35803 0.90702 0.22165 eb
308.07939 33.36598 -0.99406 -0.08848 0.06341 eb
308.50835 41.59178 0.62602 0.23213 -0.74446 eb
309.07262 41.76951 -0.60063 0.16878 0.78151 eb
311.84165 61.61286 0.29557 -0.94317 -0.15186 eb
312.62556 37.47265 -0.25427 -0.63888 -0.72607 eb
314.06809 73.99762 -0.17491 -0.88268 -0.43622 eb
314.38135 38.61023 -0.66584 -0.70494 0.24435 eb
316.67655 66.01050 0.28936 0.07601 -0.95420 eb
317.15490 15.86974 -0.57449 0.33124 -0.74849 eb
318.37111 80.46604 -0.37176 0.36641 -0.85296 eb
319.23312 35.48831 0.92455 -0.09663 -0.36860 eb
320.84680 12.57033 -0.33594 0.63204 -0.69833 eb
321.14600 60.52862 0.88595 0.41941 -0.19798 eb
321.16229 33.65623 -0.34834 -0.73620 -0.58022 eb
321.33560 73.29163 -0.13378 -0.78698 -0.60230 eb
322.18067 28.47078 -0.37834 -0.91780 -0.12045 eb
323.08664 74.61804 0.87160 -0.00217 -0.49022 eb
323.21293 85.56560 -0.92016 -0.29575 -0.25660 eb
324.86649 26.19803 -0.11445 0.92236 0.36898 eb
325.63588 36.03898 0.70146 -0.71221 -0.02668 eb
325.69657 84.98654 -0.21968 -0.82121 0.52665 eb
325.77002 50.70992 0.89902 -0.04475 0.43561 eb
326.28653 71.23754 0.64300 -0.70488 -0.29949 eb
327.36664 81.30485 -0.26601 -0.68104 -0.68222 eb
327.86553 34.08524 0.82973 -0.45959 -0.31674 eb
327.89544 75.03589 -0.03178 -0.34737 0.93719 eb
328.35851 56.75893 0.01354 -0.17659 -0.98419 eb
328.61762 36.12304 0.42476 0.45456 -0.78291 eb
328.93383 32.96924 0.93339 0.09061 0.34723 eb
329.24773 21.97511 0.50513 0.73071 0.45924 eb
330.31235 62.98612 0.66360 0.73266 -0.15116 eb
331.22827 82.85814 -0.38772 0.34559 -0.85454 eb
331.28868 45.95816 0.13867 -0.97642 -0.16546 eb
331.60251 45.16812 0.97768 -0.04491 0.20525 eb
332.65580 65.13007 0.60077 0.50608 -0.61884 eb
335.21593 55.28429 0.20133 -0.38026 -0.90270 eb
336.38036 75.63983 0.41441 -0.63291 -0.65397 eb
336.59720 47.35418 -0.47050 0.62094 0.62695 eb
336.95501 52.85734 0.72041 -0.59485 -0.35660 eb
338.93643 62.30404 -0.17198 0.89815 -0.40465 eb
340.94991 47.22788 -0.45796 0.80684 -0.37320 eb
341.32293 40.73199 0.88343 0.38908 -0.26108 eb
341.60107 37.55436 0.38283 0.90181 0.20042 eb
344.36781 33.14465 -0.38750 0.90863 0.15569 eb
346.09958 13.58828 -0.67736 -0.44172 0.58828 eb
346.43986 11.25586 -0.94894 0.26258 0.17485 eb
346.45247 52.79059 0.79000 0.10155 -0.60463 eb
347.01306 48.14450 -0.78996 0.58052 -0.19736 eb
348.79986 55.39146 0.39096 0.89625 0.20948 eb
348.83909 24.73842 0.82712 0.40597 0.38866 eb
349.25169 51.55331 0.92281 -0.07861 0.37714 eb
350.23387 68.61455 -0.29428 -0.62708 -0.72123 eb
350.39281 60.74700 0.70207 0.56487 -0.43361 eb
350.50118 72.86552 0.37139 -0.89175 -0.25855 eb
350.71901 40.15938 -0.19293 0.46388 0.86464 eb
350.94840 71.98768 0.21155 0.97573 -0.05650 eb
352.82561 33.97013 -0.22828 -0.33292 -0.91491 eb
353.94363 32.41835 -0.44714 0.22948 -0.86453 eb
355.98324 66.16489 -0.70573 0.50432 -0.49759 eb
356.19697 76.18761 0.16432 -0.92491 -0.34284 eb
358.82024 58.34097 0.50680 -0.07707 -0.85861 eb
359.82607 45.12150 0.72078 0.36294 -0.59055 eb
360.10592 28.18458 -0.59383 0.70587 0.38615 eb
360.45862 73.06401 -0.85783 -0.14497 0.49306 eb
360.51011 42.30901 0.14193 0.98357 0.11156 eb
363.19925 50.14175 0.58970 -0.80031 -0.10843 eb
364.60434 47.48299 -0.20498 -0.80214 -0.56086 eb
364.98796 19.59194 -0.46071 0.73792 -0.49317 eb
365.69720 23.20623 -0.88025 -0.12083 -0.45887 eb
366.84109 81.29759 0.46442 -0.57897 0.67016 eb
368.52017 32.62404 -0.66970 -0.21947 0.70947 eb
370.06280 76.84436 0.97410 -0.05703 -0.21879 eb
371.63327 30.80519 0.31564 -0.40419 -0.85849 eb
373.03072 52.73677 0.13129 0.20827 -0.96922 eb
373.05853 27.09398 0.76521 0.36587 -0.52971 eb
374.14214 65.20384 -0.34861 0.87837 0.32700 eb
380.08480 44.29164 -0.43089 0.59746 -0.67629 eb
381.04884 10.17305 -0.00592 -0.97100 -0.23900 eb
381.25605 33.03655 -0.14877 -0.57613 -0.80371 eb
381.60270 44.43404 -0.06594 0.14563 -0.98714 eb
384.97597 16.96713 -0.84683 -0.48866 -0.20997 eb
385.64161 22.84648 -0.78600 -0.06335 -0.61497 eb
385.71635 31.29740 -0.10959 0.33481 0.93589 eb
395.90838 58.82882 -0.41357 -0.74188 -0.52780 eb
396.78946 22.04398 0.36099 0.38969 -0.84725 eb
401.38580 45.05054 0.29084 -0.25243 -0.92287 eb
405.59281 10.38863 0.05709 -0.17024 -0.98375 eb
423.14890 36.03709 -0.05389 0.52852 -0.84721 eb
428.38931 41.07149 0.40295 -0.52907 0.74680 eb
433.47246 23.41318 -0.12136 0.10979 -0.98652 eb
440.78539 14.25793 -0.94033 -0.18111 -0.28806 eb
453.63762 27.00689 -0.72066 -0.49296 0.48748 eb
454.40661 7.52570 0.16596 0.53625 -0.82758 eb
469.37813 26.21959 -0.14075 -0.20869 -0.96780 eb
469.69459 21.24748 -0.38833 0.78029 -0.49026 eb
485.03304 24.84397 0.72465 -0.13334 -0.67610 eb
487.31921 20.16811 -0.27058 0.19544 -0.94265 eb
492.35663 29.23296 -0.94908 0.22974 -0.21555 eb
501.96597 15.68571 0.06083 -0.36952 -0.92723 eb
508.31526 26.65669 -0.47540 -0.62941 -0.61469 eb
510.55874 37.30883 0.77341 0.63351 -0.02258 eb
541.28414 30.62553 0.09062 0.77836 0.62124 eb
542.10862 17.84617 0.43575 -0.33418 -0.83573 eb
558.58751 20.41750 -0.91540 0.09745 0.39058 eb
564.92328 36.30025 -0.88617 0.40083 -0.23244 eb
584.40540 15.07862 -0.60960 -0.75494 0.24177 eb
592.25499 15.81561 0.11658 -0.06548 -0.99102 eb
598.35082 30.70917 -0.25848 -0.95199 0.16402 eb
636.05664 17.42803 0.37501 -0.91456 -0.15149 eb
655.70274 21.43455 -0.76163 0.64626 -0.04767 eb
657.94719 19.72623 -0.28304 0.82867 -0.48290 eb
661.19578 20.63929 -0.41177 0.49578 0.76462 eb
661.67530 30.60267 -0.46259 0.51342 -0.72278 eb
675.84899 22.62020 -0.75252 -0.64930 -0.11010 eb
688.95343 35.42493 0.43266 -0.75636 -0.49064 eb
703.60873 29.55430 -0.41094 -0.90950 0.06277 eb
718.52696 48.11797 -0.37158 -0.90239 -0.21824 eb
718.90703 46.22839 0.20109 -0.62815 -0.75166 eb
738.22851 30.39294 0.53647 -0.83729 0.10556 eb
740.38257 11.23349 0.33744 -0.75545 0.56164 eb
753.33850 21.33953 -0.74320 -0.44195 0.50233 eb
760.72442 24.09275 0.83154 0.32685 0.44911 eb
768.72794 25.05078 0.97404 0.14325 0.17529 eb
792.01071 63.18208 -0.01280 -0.53668 -0.84369 eb
793.34353 13.28300 -0.67661 0.65096 -0.34416 eb
797.96004 23.64922 0.56618 -0.62908 0.53262 eb
830.13501 6.44463 -0.20502 0.54182 -0.81510 eb
836.80885 24.08865 -0.09726 0.53251 0.84082 eb
838.59566 28.32756 -0.82333 0.40963 -0.39284 eb
852.22453 32.36874 0.01118 0.90196 -0.43168 eb
860.31827 21.98793 0.61100 0.55645 -0.56306 eb
882.17029 27.48652 -0.83479 0.21088 -0.50858 eb
884.75598 24.87021 0.43955 -0.61436 0.65525 eb
891.86031 17.89318 0.01953 0.84198 -0.53915 eb
898.32788 25.61684 -0.70345 0.07336 -0.70695 eb
917.25040 13.22999 0.45662 0.71078 -0.53506 eb
932.55464 17.43486 -0.68714 0.33307 0.64568 eb
979.40505 33.05238 -0.47941 -0.55445 -0.68026 eb
980.39590 36.43412 -0.60291 -0.23526 -0.76233 eb
1004.49973 22.36079 -0.23813 0.72009 0.65174 eb
1015.59647 19.02974 0.17490 0.96066 0.21574 eb
1040.03585 27.06822 0.91590 0.38725 0.10567 eb
1052.13796 8.00347 -0.83931 0.48269 -0.25015 eb
1065.76744 22.82795 0.91995 0.36900 -0.13242 eb
1081.51253 34.87609 -0.76218 0.59540 -0.25413 eb
1130.00479 13.86367 -0.32490 0.50238 -0.80128 eb
1155.39334 24.15330 -0.70241 0.58022 -0.41226 eb
1164.82418 11.52330 -0.48460 -0.84347 -0.23176 eb
1231.87154 21.73526 0.18940 0.97447 -0.12058 eb
1258.28547 38.86177 -0.51070 0.16992 0.84280 eb
1279.80787 39.68790 0.05184 -0.84529 -0.53178 eb
1287.78759 51.57445 -0.14220 -0.94326 -0.30008 eb
1314.89305 21.32870 0.76987 -0.14014 -0.62263 eb
1344.95989 13.90343 -0.01615 0.88552 -0.46431 eb
1390.32830 18.31621 0.23996 -0.61507 -0.75107 eb
1457.00039 18.44733 0.54161 0.58577 0.60293 eb
1474.67653 11.31804 0.47980 0.18166 0.85837 eb
1507.12257 28.25935 -0.52059 0.72669 -0.44822 eb
1555.26711 18.86170 0.44155 -0.86039 -0.25449 eb
1634.85561 15.95572 -0.64793 0.26696 -0.71338 eb
1665.84525 9.96518 -0.20792 0.14976 -0.96661 eb
1712.32833 30.32418 -0.74873 -0.08970 -0.65678 eb
1763.10480 25.31320 -0.39655 -0.91774 -0.02226 eb
1777.15758 31.80391 0.13767 0.87396 0.46608 eb
1826.22206 14.53095 0.21985 -0.01421 -0.97543 eb
1827.71286 40.70071 -0.47541 -0.76143 -0.44068 eb
1876.62838 27.70937 0.48258 0.80236 -0.35119 eb
1927.03604 29.97191 0.13185 -0.95338 -0.27144 eb
1941.76351 28.71936 -0.16842 0.07718 -0.98269 eb
2017.54394 17.57509 0.90978 0.41299 0.04168 eb
2058.31737 37.58684 -0.05329 -0.63114 -0.77384 eb
2123.65732 17.31582 -0.62717 0.26418 -0.73271 eb
2171.92376 34.32550 -0.88418 -0.20832 0.41813 eb
2225.35076 18.02202 -0.05052 -0.47191 0.88020 eb
2249.88588 28.55192 -0.20302 0.28399 0.93709 eb
2257.54908 12.69494 -0.11690 -0.92889 0.35143 eb
2307.16156 36.81387 -0.80603 0.29661 0.51219 eb
2438.42551 39.37560 0.52869 0.62557 -0.57372 eb
2487.00443 15.59524 -0.74736 -0.07009 -0.66071 eb
2605.80824 15.66317 0.31142 0.61888 -0.72111 eb
2621.98256 14.12092 0.38560 -0.41569 -0.82372 eb
2765.93783 14.12585 -0.37731 0.74767 0.54646 eb
2808.53471 24.13016 0.09689 0.95772 -0.27088 eb
2884.62179 16.76702 0.93351 0.34684 -0.09087 eb
2907.53867 8.70174 0.98624 -0.10231 0.12985 eb
2915.08934 23.72098 -0.91665 -0.30484 0.25851 eb
2946.81821 35.40872 0.61061 -0.16439 -0.77468 eb
2977.38689 13.68331 0.35848 -0.78478 0.50558 eb
2996.22539 6.81865 0.73974 -0.18868 -0.64590 eb
3101.52860 26.99565 -0.55408 0.69792 0.45377 eb
3237.74059 13.05467 0.14669 -0.15815 -0.97646 eb
3528.40639 20.41679 0.30886 -0.60958 0.73008 eb
3539.75892 8.75532 0.93885 0.33105 -0.09468 eb
3679.26817 21.45097 -0.55549 0.21170 0.80413 eb
3713.74240 17.31308 0.87772 -0.18329 -0.44273 eb
3890.68607 19.44060 0.36164 0.79832 -0.48156 eb
4013.76600 13.45971 0.73366 -0.17617 -0.65628 eb
4235.06567 27.78780 -0.03118 -0.12221 -0.99201 eb
4400.52607 21.28886 -0.04641 0.18041 0.98250 eb
4408.90319 17.85745 0.15444 -0.95954 -0.23546 eb
4452.34761 19.02180 0.57438 0.72368 0.38259 eb
4481.99259 22.64326 0.71376 -0.50938 -0.48070 eb
4529.34290 16.99594 -0.02826 -0.95119 0.30731 eb
5000.88238 20.07087 -0.20575 0.73663 -0.64424 eb
5048.86580 16.65926 0.73696 -0.59123 0.32761 eb
5161.23310 21.11034 -0.80171 -0.32543 -0.50136 eb
5280.77525 26.53794 -0.15930 -0.71451 -0.68124 eb
5289.44409 22.53187 0.37937 -0.76868 -0.51499 eb
5298.22041 28.96620 -0.73541 -0.58902 -0.33501 eb
5521.87436 10.27983 -0.99355 -0.07804 -0.08223 eb
5754.03068 13.49819 -0.78855 -0.59637 0.15011 eb
5876.21972 37.24619 0.41745 -0.47072 0.77727 eb
6020.20552 34.09641 -0.34101 -0.93773 0.06609 eb
6061.00854 11.93202 0.86742 0.17386 0.46622 eb
6225.41528 40.62179 -0.56574 -0.50840 -0.64921 eb
6395.53974 8.98241 0.27304 0.73342 0.62253 eb
6576.83387 12.83244 -0.72846 0.67623 -0.10985 eb
6604.37855 14.89349 0.68259 -0.72759 -0.06847 eb
6889.43691 16.40168 -0.50998 0.85307 -0.11038 eb
7010.19404 32.94865 -0.83244 0.44067 0.33593 eb
7346.25156 11.90593 -0.05372 0.06788 0.99625 eb
7354.64414 9.58091 -0.00392 -0.98042 0.19690 eb
7573.41415 18.70697 0.17874 0.33529 -0.92500 eb
7580.41617 16.74379 -0.20174 0.81511 0.54304 eb
7849.42863 32.92744 0.01366 0.58313 -0.81226 eb
9149.68922 17.82858 0.74909 0.65204 0.11708 eb
9569.82219 16.29848 -0.44714 -0.30072 -0.84240 eb
9639.19865 16.58494 0.55855 0.82657 -0.06936 eb
11501.25372 13.24907 0.75622 -0.56208 0.33495 eb
12476.25912 7.18616 0.22130 0.21807 0.95051 eb
12723.20931 17.93543 0.23944 -0.96918 0.05791 eb
12971.81288 18.05723 -0.94623 0.05532 -0.31872 eb
13476.23779 14.44414 -0.74474 -0.55652 -0.36831 eb
14267.25469 12.87033 0.46168 -0.70644 -0.53646 eb
15371.29641 10.34396 0.85101 -0.07413 -0.51989 eb
16528.00431 28.11707 -0.12509 -0.90075 0.41594 eb
19232.76403 11.30771 0.19849 0.72317 -0.66153 eb
