16.51916 62.98682 0.11334 -0.96395 -0.24073 eb
17.09884 76.01232 0.29354 0.91877 -0.26401 eb
17.99231 67.09793 -0.08560 -0.99583 0.03151 eb
18.43885 36.95016 0.93368 0.31900 0.16272 eb
19.23918 67.53828 -0.22889 -0.24862 -0.94117 eb
19.32842 83.75931 0.98668 0.02448 0.16080 eb
20.24624 38.52020 0.06981 -0.47566 0.87685 eb
20.30865 74.95747 -0.12420 -0.64263 -0.75604 eb
20.42336 69.39005 0.32265 -0.52933 0.78467 eb
20.44972 54.36261 -0.93530 0.26543 -0.23400 eb
20.51759 34.94346 0.01274 -0.98119 -0.19262 eb
20.74337 54.99380 0.02511 0.13401 -0.99066 eb
20.75351 58.26155 -0.95989 -0.21023 -0.18552 eb
21.02770 79.76192 -0.75531 0.39356 -0.52404 eb
21.56864 12.87331 -0.91376 0.12744 -0.38575 eb
22.23742 88.25415 -0.69610 -0.03366 -0.71716 eb
22.59464 60.45208 0.96463 -0.04430 -0.25984 eb
22.64915 83.55151 0.52488 -0.66998 -0.52500 eb
22.68933 44.75327 -0.17176 -0.84129 0.51258 eb
23.03675 23.99991 -0.60622 -0.73444 -0.30513 eb
23.17881 70.32508 -0.58707 -0.24300 -0.77221 eb
23.40786 48.15918 0.96398 0.08720 0.25129 eb
24.17128 74.78748 -0.01899 0.98210 0.18741 eb
24.71959 87.37688 0.23629 -0.30795 -0.92159 eb
24.93568 61.49568 0.36137 -0.28644 -0.88733 eb
25.13316 63.61160 -0.06600 0.65265 -0.75478 eb
25.30485 37.89751 0.99129 -0.01149 0.13118 eb
25.49284 61.81088 -0.11897 -0.94020 0.31918 eb
25.91009 28.10316 0.21048 0.15955 -0.96449 eb
26.24767 75.25463 -0.59480 -0.46887 -0.65297 eb
26.25143 84.95208 -0.35080 0.40324 -0.84519 eb
26.40615 81.20528 -0.63345 -0.75617 0.16413 eb
26.67555 42.80984 -0.36803 0.71040 -0.59991 eb
26.92911 66.34564 -0.43277 0.86381 -0.25797 eb
26.98783 52.20833 0.35329 0.93544 0.01153 eb
27.76318 51.37478 0.08325 0.46146 -0.88325 eb
27.82247 83.49056 -0.24635 0.92158 -0.29999 eb
28.43536 83.85642 0.48159 0.49017 -0.72650 eb
28.53127 32.16899 -0.41515 0.20006 -0.88748 eb
29.58701 85.50143 -0.07916 0.12403 -0.98912 eb
29.72178 35.87930 -0.62461 -0.50917 0.59213 eb
29.94564 36.50829 0.81917 0.22780 -0.52637 eb
30.29416 57.87384 0.85352 -0.32867 -0.40433 eb
30.30995 60.72323 0.83291 0.24515 -0.49615 eb
30.75981 26.51800 -0.84115 -0.21340 -0.49691 eb
30.84898 77.96520 -0.88692 -0.44886 -0.10907 eb
31.05344 62.49285 -0.37589 0.23729 -0.89577 eb
31.11216 55.12477 -0.34210 -0.91572 0.21077 eb
31.38555 66.05466 0.19172 0.63698 -0.74666 eb
31.44858 71.92233 0.92857 -0.04017 0.36897 eb
31.77479 79.85243 0.24024 -0.10607 -0.96490 eb
31.83828 32.94155 0.57939 -0.80237 0.14321 eb
32.32788 80.12601 0.42503 -0.61217 0.66678 eb
32.37581 79.98107 0.65459 0.41336 0.63297 eb
32.64691 81.73703 0.62308 0.39916 -0.67264 eb
33.52433 54.11854 -0.12464 -0.99200 0.01987 eb
34.18830 75.87717 0.55251 -0.37299 0.74539 eb
34.70118 19.50922 -0.00909 -0.02872 -0.99955 eb
35.08806 21.85900 -0.86017 -0.04209 -0.50826 eb
35.47656 77.89834 0.50250 -0.47449 -0.72274 eb
35.49555 61.79181 -0.89586 -0.28722 -0.33902 eb
35.52685 39.26198 -0.76266 0.18707 -0.61916 eb
35.55694 68.07530 0.12599 0.59181 -0.79617 eb
35.68515 33.59670 -0.47054 -0.74932 0.46596 eb
35.88494 46.36058 -0.86292 0.32649 -0.38571 eb
36.03240 70.08330 -0.81459 0.22925 -0.53281 eb
36.21007 24.86487 0.86875 -0.24335 -0.43133 eb
36.41518 49.33788 -0.11527 0.68430 -0.72003 eb
37.30215 39.05541 -0.10391 -0.59366 -0.79798 eb
37.82496 51.31381 -0.90411 -0.39213 0.16978 eb
38.02901 79.67253 -0.61899 -0.09531 -0.77959 eb
38.06003 60.08422 -0.00410 0.63403 -0.77330 eb
38.28646 56.25928 0.86270 -0.21536 -0.45757 eb
38.40837 71.89053 0.17380 -0.96188 0.21116 eb
38.49004 88.03247 0.43827 -0.68920 -0.57700 eb
38.71606 21.90284 0.18063 0.48300 0.85679 eb
38.97839 51.19383 0.52314 -0.16734 -0.83565 eb
39.04371 76.43229 -0.14584 -0.19443 -0.97002 eb
39.19536 79.72425 0.70236 -0.55726 0.44289 eb
39.26012 63.57622 -0.53860 -0.81049 0.23026 eb
39.27063 51.33450 0.53451 0.74254 -0.40364 eb
39.45749 86.28116 -0.63624 -0.76591 -0.09263 eb
39.78689 52.74623 0.00284 0.41694 -0.90893 eb
39.94720 42.58890 0.18044 -0.07098 -0.98102 eb
40.04121 44.38041 -0.47507 0.86533 -0.15972 eb
40.40991 24.36590 -0.91474 0.15828 0.37176 eb
40.46261 56.89163 -0.50553 -0.67973 -0.53142 eb
40.46348 74.09786 0.41547 0.09591 -0.90454 eb
40.54134 62.19455 -0.14932 0.42404 -0.89325 eb
40.73983 30.17775 -0.24191 0.85512 0.45854 eb
40.74923 31.64417 0.61148 0.03808 -0.79034 eb
40.83216 38.96738 -0.72537 0.66376 0.18241 eb
40.86714 85.16197 0.87309 0.19012 -0.44897 eb
40.87534 51.81458 -0.67851 -0.15033 -0.71905 eb
40.89258 47.31918 -0.10698 0.99190 -0.06848 eb
40.93439 73.14964 0.02526 -0.94047 -0.33895 eb
41.11688 44.53094 -0.34430 0.87984 -0.32764 eb
41.39441 36.72043 0.79742 0.59975 0.06645 eb
41.49798 42.18021 0.46829 0.05241 -0.88202 eb
41.84928 80.14410 -0.70161 0.67418 0.23071 eb
42.23264 37.86307 0.15906 0.98398 0.08055 eb
42.44421 60.34196 0.90710 0.41929 -0.03680 eb
42.53195 36.89443 -0.38747 0.69097 -0.61027 eb
42.68030 35.72068 -0.48100 -0.81713 -0.31770 eb
42.74672 36.90790 -0.78641 0.45428 -0.41856 eb
42.89594 82.01534 0.60666 -0.61476 -0.50401 eb
42.93873 82.42242 -0.39043 -0.41599 -0.82129 eb
42.95260 14.53010 0.40682 -0.67068 0.62023 eb
43.14889 42.41399 -0.32162 -0.48502 -0.81321 eb
43.30086 73.85549 -0.91504 0.25665 -0.31118 eb
43.53108 68.14011 -0.95645 -0.27659 -0.09334 eb
43.58212 65.32282 -0.85192 -0.50488 -0.13903 eb
43.78898 12.11693 0.31238 -0.18634 -0.93150 eb
43.99451 16.72763 0.89797 -0.40534 -0.17130 eb
44.11090 63.91008 0.32372 0.92701 -0.18938 eb
44.15849 82.12262 0.92437 0.04476 -0.37885 eb
44.21677 32.88973 0.59740 -0.72073 -0.35166 eb
44.36923 66.82685 0.53120 0.62503 -0.57198 eb
44.61508 77.26286 0.75485 -0.61334 -0.23240 eb
44.80884 76.36796 0.81853 -0.31232 -0.48215 eb
45.20793 38.68457 0.84051 -0.41023 -0.35392 eb
45.59870 72.80670 0.86197 0.11333 -0.49413 eb
45.89266 74.63441 -0.04417 0.32610 -0.94430 eb
45.91038 65.79540 -0.69248 -0.08400 0.71653 eb
45.92908 54.84340 -0.57551 0.61559 -0.53837 eb
46.60409 6.38475 -0.76780 0.03968 -0.63946 eb
46.62998 63.31827 0.45769 -0.79037 0.40723 eb
46.69503 71.07168 0.32562 0.60798 -0.72411 eb
46.86872 64.08856 0.25248 -0.09926 -0.96250 eb
46.87673 43.28811 0.36973 -0.68984 -0.62244 eb
46.96018 70.90572 0.12079 0.31814 -0.94032 eb
47.14397 39.91197 -0.66220 0.66323 -0.34874 eb
47.43093 10.59178 -0.62625 -0.50666 0.59254 eb
47.44650 52.59324 -0.65960 -0.75155 0.01035 eb
47.55586 78.16868 0.99845 0.03053 0.04660 eb
47.56217 59.02390 -0.78873 -0.38649 -0.47805 eb
47.60969 49.28683 0.59537 -0.79588 0.11001 eb
47.71383 66.54756 -0.45052 -0.85476 0.25771 eb
47.78805 50.07305 -0.53786 -0.78884 -0.29739 eb
47.78979 36.01996 0.98394 -0.14993 0.09685 eb
47.79729 49.14881 -0.93799 -0.21544 0.27160 eb
48.29079 39.99708 -0.99588 0.09062 -0.00388 eb
49.04805 39.53111 0.55840 0.62205 -0.54886 eb
49.05613 34.75423 0.83293 -0.04312 -0.55170 eb
50.31666 60.46081 0.65382 0.35059 0.67052 eb
50.42489 40.27343 0.76258 -0.63792 -0.10737 eb
50.53503 67.60027 0.48089 0.63213 -0.60757 eb
50.68812 44.66314 -0.96947 -0.06444 -0.23660 eb
50.82403 20.34628 -0.58344 0.54437 -0.60271 eb
50.99254 67.38449 -0.54434 -0.83880 0.01094 eb
51.19677 62.89463 -0.10409 -0.98195 0.15793 eb
51.26743 75.48310 -0.38980 -0.57345 -0.72056 eb
51.27914 64.97308 0.11657 0.62321 -0.77332 eb
51.49264 67.84609 0.20152 0.97868 -0.03971 eb
51.49786 40.28870 0.41072 -0.28617 -0.86569 eb
51.93014 48.57007 0.97219 -0.16207 0.16908 eb
52.21890 73.00966 -0.71879 0.22421 0.65808 eb
52.46675 43.81442 0.20353 -0.92154 0.33066 eb
53.27859 43.44830 0.74794 0.66262 -0.03897 eb
53.32387 28.59482 0.08893 0.81535 -0.57210 eb
53.60154 25.98243 -0.43215 -0.80669 -0.40310 eb
53.64996 40.77849 0.07230 0.03656 -0.99671 eb
54.04572 82.14939 0.03019 0.87783 -0.47802 eb
54.36455 71.92509 -0.45615 0.88282 -0.11201 eb
54.47796 45.07467 -0.88672 -0.14710 -0.43828 eb
54.63595 84.09400 0.33883 0.54284 0.76845 eb
54.76493 59.24859 0.04633 0.18764 -0.98114 eb
55.19832 55.64354 0.32911 0.00969 -0.94424 eb
55.26142 37.07561 -0.71170 0.32787 -0.62128 eb
55.30938 26.40663 0.20617 0.88063 -0.42659 eb
55.36962 77.16538 0.93056 -0.06004 -0.36117 eb
55.66427 72.21250 -0.42450 0.00334 -0.90542 eb
55.80170 50.35535 0.93351 0.05198 -0.35477 eb
55.92200 48.27032 0.21594 -0.77154 0.59841 eb
56.49558 54.71012 -0.30343 -0.86473 -0.40021 eb
56.76048 46.45313 -0.74725 0.08610 -0.65894 eb
56.86717 36.28117 -0.31747 0.70337 0.63599 eb
57.03409 18.28402 -0.96012 -0.22599 0.16463 eb
57.09402 34.43192 0.95975 0.08561 -0.26750 eb
57.11219 78.56986 -0.03011 -0.46609 -0.88423 eb
57.44880 71.36495 0.45824 -0.87248 -0.16971 eb
57.62630 84.38361 -0.45133 0.33760 0.82603 eb
57.69366 53.74630 0.01499 0.17220 -0.98495 eb
57.79900 49.66481 0.86670 -0.42241 -0.26534 eb
58.05417 60.49952 0.36855 0.65367 -0.66097 eb
58.16314 33.78823 -0.65371 -0.28385 0.70149 eb
58.33070 65.42070 -0.39671 -0.82999 0.39209 eb
60.56257 40.34139 0.95352 0.03394 -0.29941 eb
60.76127 78.49992 -0.26874 -0.94465 0.18817 eb
60.76303 30.99048 -0.27997 -0.91572 -0.28823 eb
60.88309 36.47773 0.35845 0.46723 -0.80822 eb
60.95701 49.72139 0.12888 -0.97861 -0.16034 eb
60.99087 26.88936 -0.98697 0.15299 -0.04980 eb
61.42842 82.67468 -0.82859 -0.52665 -0.18992 eb
61.45979 85.77970 0.58562 0.75295 0.30018 eb
61.80714 87.99986 0.89706 0.22310 -0.38147 eb
62.11561 23.09872 0.39659 -0.07291 -0.91510 eb
62.11826 16.20916 -0.96139 0.23782 -0.13844 eb
62.32143 26.11268 -0.76973 -0.14012 0.62280 eb
62.40946 28.41888 -0.03522 0.78217 0.62206 eb
63.01872 28.65640 -0.11748 -0.20256 -0.97220 eb
63.06574 73.31959 -0.05128 -0.19288 -0.97988 eb
63.14379 35.59337 0.58874 0.39959 -0.70265 eb
63.27262 83.54811 0.88214 0.29117 0.37019 eb
63.32815 15.02740 -0.13035 0.02591 -0.99113 eb
63.44180 36.76349 -0.23635 -0.59000 -0.77204 eb
63.88384 43.11105 -0.87459 0.39483 -0.28141 eb
64.15152 72.35659 -0.91457 0.12843 0.38348 eb
64.26700 40.11116 -0.63807 -0.76282 -0.10476 eb
64.35591 48.85518 0.10308 -0.79920 -0.59216 eb
64.77224 59.61673 -0.21645 -0.61429 -0.75881 eb
64.99199 23.18233 0.42985 0.79579 0.42655 eb
65.17362 18.83048 -0.33702 0.89796 0.28300 eb
65.23788 69.08460 0.74902 0.44624 0.48973 eb
65.24891 75.52409 0.50149 -0.30996 -0.80773 eb
65.38580 81.07417 -0.53875 -0.53386 -0.65172 eb
65.39547 42.19572 -0.51256 0.47245 -0.71699 eb
65.42589 9.62150 -0.95528 0.01702 0.29523 eb
65.83688 50.45949 0.36386 0.53394 -0.76323 eb
66.15630 41.60518 -0.71574 0.25708 0.64933 eb
66.44168 54.97045 -0.27576 0.81115 -0.51574 eb
66.52582 44.04196 -0.88301 -0.09898 -0.45881 eb
66.55864 32.02276 -0.07059 0.57376 0.81597 eb
66.58734 79.14859 0.32481 0.87315 -0.36348 eb
66.83885 67.88906 0.25400 0.34505 -0.90356 eb
66.91326 68.69475 -0.64559 -0.65503 0.39261 eb
67.49536 69.63075 0.03595 -0.87679 0.47952 eb
67.51170 36.23824 0.71470 -0.37391 -0.59109 eb
67.60690 81.16180 0.00541 0.70667 -0.70752 eb
67.75626 57.83479 0.36771 0.44692 -0.81551 eb
67.79641 37.09571 -0.22821 -0.57790 -0.78355 eb
68.05281 21.38723 -0.68872 0.56146 0.45873 eb
68.39698 80.22789 -0.35415 0.87942 -0.31811 eb
68.46260 83.34254 -0.47837 -0.50798 -0.71632 eb
68.84158 17.39063 0.48422 -0.74960 -0.45125 eb
68.87918 78.91976 0.46325 -0.44581 -0.76593 eb
68.92876 42.90523 0.11385 0.81067 -0.57432 eb
69.08746 48.07768 -0.03433 0.65511 -0.75475 eb
69.19315 82.58808 -0.09639 -0.09549 -0.99075 eb
69.23068 59.18819 -0.55037 -0.83082 0.08268 eb
69.61842 31.38513 -0.99067 0.13383 0.02563 eb
70.34575 72.46694 0.95775 -0.12006 -0.26134 eb
70.68102 55.72236 0.85446 -0.51597 -0.06070 eb
70.79651 15.92682 0.67224 0.71511 -0.19158 eb
70.95673 61.16188 0.51644 0.81736 -0.25538 eb
71.37508 24.66522 0.58541 0.79446 -0.16164 eb
71.88298 32.59665 0.64436 0.76270 0.05561 eb
71.94255 83.67504 0.29365 -0.78297 -0.54838 eb
72.06997 73.36187 0.59136 -0.20158 -0.78081 eb
72.85503 56.22276 -0.78022 -0.54069 0.31451 eb
73.01639 32.49613 0.55167 0.83350 -0.03051 eb
73.03661 79.21657 0.97583 0.17008 0.13719 eb
73.06364 31.30653 0.30957 -0.91194 -0.26931 eb
73.19951 47.50261 0.77053 0.45357 -0.44785 eb
73.25789 81.92791 0.94275 0.20104 -0.26608 eb
73.42642 41.95311 0.04375 0.46594 0.88374 eb
73.47929 45.08759 0.86730 -0.47518 -0.14830 eb
73.72123 83.23994 0.47722 0.30040 -0.82585 eb
74.11518 77.73059 -0.39987 -0.57901 -0.71053 eb
74.16570 23.67910 -0.44051 0.74610 0.49928 eb
75.16068 55.57083 -0.79956 0.28118 -0.53070 eb
75.43044 20.40851 -0.67743 -0.72154 -0.14305 eb
75.59524 39.18368 -0.11015 -0.96658 0.23149 eb
75.64558 86.80837 -0.64894 0.66945 -0.36154 eb
75.71417 24.93633 0.66932 0.52353 -0.52719 eb
76.15623 83.81764 0.85967 0.49388 -0.13060 eb
76.15723 72.29370 -0.65246 -0.36443 0.66445 eb
76.88845 24.67111 -0.24046 0.10502 0.96496 eb
77.04590 41.21677 0.25941 0.25112 -0.93255 eb
77.06835 68.50302 -0.05161 0.88740 -0.45811 eb
77.46475 42.82171 -0.27351 0.86783 -0.41479 eb
77.76737 79.87574 0.14456 -0.62918 -0.76370 eb
77.89504 71.31305 -0.79758 -0.34951 -0.49164 eb
78.25020 66.94631 0.03549 0.90022 -0.43398 eb
78.56848 34.71859 0.02996 -0.53479 0.84445 eb
78.68746 19.05507 0.98846 -0.14777 0.03319 eb
78.73112 36.17816 0.20345 0.06909 0.97664 eb
78.85396 55.99899 -0.09880 0.38346 -0.91826 eb
79.32769 47.12250 -0.73970 0.51851 -0.42894 eb
79.82402 42.89548 0.27205 0.89693 0.34858 eb
80.06186 65.24995 0.04503 -0.68134 -0.73058 eb
80.33668 33.37129 -0.08944 0.46497 -0.88080 eb
80.50327 58.97598 0.73159 0.29567 0.61429 eb
80.59772 18.55606 0.59853 -0.41702 -0.68400 eb
80.71489 59.46629 0.83430 -0.43120 -0.34351 eb
80.81674 30.16469 0.47224 0.44911 0.75848 eb
80.83900 39.72844 0.04696 0.97307 0.22569 eb
81.14924 27.27721 0.57346 -0.81751 0.05308 eb
81.65270 40.88087 -0.32318 -0.90378 -0.28059 eb
81.71376 43.98967 -0.26663 0.95536 0.12727 eb
81.79194 18.08989 0.24408 -0.85015 -0.46656 eb
82.72860 25.79404 0.10577 0.92012 -0.37709 eb
82.78555 85.38050 -0.57798 0.78300 0.22988 eb
82.78872 74.74332 -0.56666 -0.71525 -0.40904 eb
83.04727 66.24625 0.32649 0.71295 -0.62057 eb
83.31449 59.26677 0.10466 -0.86710 -0.48702 eb
84.02302 49.11849 -0.42908 -0.82618 -0.36514 eb
84.08100 16.74226 -0.32876 0.88722 -0.32365 eb
84.71912 43.22784 0.42605 0.84894 0.31269 eb
84.80781 34.92459 0.87304 0.48208 -0.07349 eb
84.82570 65.96646 0.24353 -0.77303 0.58577 eb
85.16322 19.89414 0.54407 0.55132 0.63248 eb
85.34551 15.57652 0.24104 0.59226 -0.76885 eb
85.62215 40.16069 0.49908 0.28991 0.81662 eb
85.84929 29.56647 0.57247 0.40076 0.71531 eb
86.77845 66.57141 0.75087 -0.55872 -0.35218 eb
86.79236 82.15963 -0.21799 -0.71683 -0.66230 eb
88.33665 50.94212 -0.92353 0.32514 0.20339 eb
88.34546 75.09465 -0.13662 -0.28692 -0.94816 eb
88.38895 80.95630 0.84059 0.51078 -0.18033 eb
88.70174 23.21291 -0.62518 -0.72922 0.27817 eb
89.41745 56.50322 0.19181 -0.95906 0.20834 eb
89.99511 20.91402 0.15927 -0.30664 0.93840 eb
90.13900 63.81854 0.35241 0.48426 -0.80081 eb
90.22111 38.19709 0.26721 -0.74043 -0.61673 eb
91.29512 52.62328 -0.76217 -0.32968 -0.55715 eb
92.15139 48.42195 -0.25728 0.90095 -0.34943 eb
92.21468 45.33611 -0.02634 -0.99572 0.08856 eb
92.45327 20.14013 0.27935 0.95597 0.08989 eb
92.91655 80.76316 -0.00450 0.99579 -0.09156 eb
93.30616 15.18151 0.19520 -0.96859 -0.15403 eb
93.39814 18.37392 0.00400 0.24144 -0.97041 eb
94.82627 36.57378 -0.64602 0.38615 0.65844 eb
95.05496 41.39091 -0.03796 0.42773 0.90311 eb
95.24110 41.14077 0.50891 -0.61797 0.59926 eb
95.55272 18.37992 0.24346 -0.77107 -0.58837 eb
96.00294 27.06714 0.85224 0.47303 -0.22348 eb
96.25187 87.84415 0.19865 0.64054 -0.74179 eb
96.46505 24.14770 -0.56507 -0.37002 -0.73742 eb
96.71136 35.06589 -0.13473 -0.86419 -0.48479 eb
97.10626 20.50304 0.84893 -0.50639 0.15130 eb
97.24452 40.78771 -0.74886 -0.64383 0.15715 eb
97.92179 59.72338 0.85985 0.50209 -0.09252 eb
97.94857 31.86017 0.68253 0.50927 -0.52421 eb
98.52850 31.42720 -0.41791 -0.84961 0.32174 eb
98.61745 31.37782 -0.11446 0.66863 0.73473 eb
98.98795 58.81378 -0.11244 -0.92883 -0.35304 eb
99.00357 20.28264 -0.16679 0.93444 0.31464 eb
99.47849 75.93393 -0.87464 0.26062 -0.40877 eb
100.11149 72.64654 0.14336 0.60742 0.78134 eb
100.17406 32.81745 -0.14734 -0.88521 -0.44124 eb
101.49028 65.86694 0.54711 -0.75525 0.36094 eb
101.89138 44.98786 0.68183 -0.09701 -0.72505 eb
102.57106 26.44890 -0.18685 -0.91018 0.36968 eb
102.75246 63.85725 0.06771 0.43432 0.89821 eb
103.05818 63.26214 0.35969 -0.56817 -0.74014 eb
103.43612 40.09937 0.28599 -0.06614 -0.95595 eb
103.55294 32.99419 -0.21685 -0.80568 -0.55123 eb
103.70983 44.38407 -0.13698 0.89062 0.43362 eb
104.21999 61.30292 -0.52440 0.74276 0.41630 eb
104.60258 62.90542 -0.31177 0.93530 -0.16739 eb
105.48480 30.08682 0.14233 -0.52395 -0.83978 eb
105.72466 27.69402 -0.45236 0.00447 -0.89182 eb
105.97034 42.94752 -0.69498 -0.71624 0.06326 eb
106.35685 11.58620 -0.38062 0.76653 -0.51726 eb
106.70585 40.48796 0.79959 -0.26929 -0.53678 eb
106.97708 30.20401 0.57398 -0.80084 0.17090 eb
107.19917 50.46108 -0.89678 -0.02647 0.44168 eb
107.72426 55.58917 -0.14267 -0.02044 -0.98956 eb
108.02578 26.89385 0.47630 -0.44034 -0.76108 eb
108.30492 11.86432 0.31852 0.82940 0.45895 eb
108.45862 55.83502 -0.09528 0.97133 -0.21783 eb
108.47155 42.42390 -0.11232 0.79459 -0.59667 eb
109.96901 80.36552 0.52730 0.72908 -0.43636 eb
109.98337 52.36334 -0.74249 0.00370 -0.66984 eb
110.21139 49.12197 -0.53929 -0.07068 -0.83915 eb
110.43777 32.10464 0.46178 0.70433 -0.53915 eb
110.81082 39.39281 -0.90276 0.38087 -0.19993 eb
111.05359 34.64913 0.82538 0.30113 -0.47758 eb
111.13266 37.58669 -0.28194 0.95559 -0.08579 eb
111.46589 70.79327 0.35566 0.81293 -0.46114 eb
112.56297 12.66211 0.28779 -0.30298 -0.90850 eb
112.88056 46.58444 0.28695 0.72200 -0.62958 eb
112.88664 80.34266 -0.73713 0.41420 -0.53392 eb
113.48735 31.71735 0.18914 0.07230 -0.97929 eb
113.62558 61.42579 -0.85470 -0.25044 0.45472 eb
113.79919 76.62914 0.34705 -0.22190 -0.91122 eb
114.00619 45.46965 -0.81030 -0.34348 -0.47481 eb
114.50026 22.70301 -0.87048 0.16524 -0.46364 eb
114.77095 81.27382 0.54231 -0.09377 0.83493 eb
115.01903 16.23488 -0.06781 0.98038 -0.18510 eb
115.43257 87.54247 0.24971 0.20006 -0.94743 eb
115.57187 40.99139 -0.82929 -0.03180 -0.55791 eb
115.76268 78.76863 -0.14760 0.18159 -0.97223 eb
116.81382 58.37457 -0.90242 -0.26641 -0.33862 eb
117.21584 41.61283 -0.77929 -0.62042 -0.08817 eb
117.38493 24.76096 0.84725 0.15182 0.50903 eb
117.88416 40.81489 -0.30808 -0.90655 -0.28855 eb
118.01328 77.42865 0.63475 -0.54767 -0.54512 eb
118.07368 31.59312 0.93434 0.34967 -0.06890 eb
118.64812 52.10628 0.01810 -0.75696 -0.65321 eb
118.80504 18.60135 0.61404 -0.60961 0.50133 eb
119.32888 34.54492 0.93743 0.34690 -0.02990 eb
119.59985 50.56424 -0.55999 0.54199 -0.62663 eb
120.44313 19.47806 0.83774 -0.45319 -0.30467 eb
120.50426 38.22529 -0.14903 0.20411 -0.96754 eb
120.94501 78.54607 -0.12249 -0.42863 -0.89514 eb
121.69254 69.52514 -0.08336 0.02190 -0.99628 eb
122.27415 64.40937 0.69471 0.24050 -0.67789 eb
122.35985 57.61451 0.67298 0.64525 -0.36160 eb
122.39013 22.36932 -0.56235 -0.08011 -0.82301 eb
122.50572 32.67995 0.54034 0.42756 0.72473 eb
123.11833 77.84981 -0.25571 0.64768 -0.71772 eb
123.53933 20.86674 -0.94080 0.21799 0.25956 eb
123.62966 25.30969 0.24746 0.96568 -0.07894 eb
124.31824 29.54116 -0.77428 -0.38222 -0.50438 eb
124.66212 52.44058 0.50958 -0.23535 -0.82761 eb
124.72817 28.81244 -0.44619 -0.72129 0.52977 eb
124.75786 38.52949 0.73823 0.16445 -0.65419 eb
125.76875 51.67983 -0.30921 0.66029 -0.68440 eb
126.16679 52.50757 -0.37944 -0.87683 0.29528 eb
127.27109 65.60563 -0.16204 -0.61961 -0.76800 eb
128.26809 61.43192 -0.22144 0.69581 -0.68323 eb
128.67453 67.45121 0.66596 0.24451 -0.70477 eb
128.99525 54.31156 -0.37781 0.92495 -0.04154 eb
130.17812 25.08553 -0.83870 -0.30030 -0.45432 eb
130.23494 14.21628 -0.30127 -0.90753 -0.29261 eb
132.17792 35.19512 -0.95315 0.26250 -0.15031 eb
132.75529 59.49042 0.39142 0.42134 -0.81809 eb
133.09012 48.85259 0.69623 0.38953 -0.60294 eb
134.60243 38.93260 -0.76269 -0.59361 -0.25678 eb
134.77477 18.19691 -0.88322 0.39292 -0.25599 eb
135.91964 19.31938 -0.01701 0.28940 -0.95706 eb
135.95146 22.06998 0.52512 0.12174 0.84227 eb
136.23307 52.50944 0.18219 -0.80108 -0.57016 eb
137.42268 29.21085 0.20239 -0.24340 -0.94858 eb
137.43770 39.81346 -0.82779 -0.22154 0.51545 eb
138.04053 23.64362 -0.84586 0.11028 -0.52187 eb
138.77674 31.24304 -0.65606 -0.60488 0.45133 eb
138.90618 88.55417 -0.57861 0.13268 -0.80474 eb
139.11294 52.20741 0.34792 -0.93493 0.06964 eb
139.83756 87.56318 0.17710 0.26992 -0.94646 eb
139.87162 34.30164 0.89307 -0.44980 -0.01027 eb
140.13198 45.93514 0.75625 0.65400 -0.01949 eb
140.42157 61.36895 0.86351 -0.36754 -0.34534 eb
140.95640 19.61426 -0.83501 0.20770 0.50952 eb
141.09820 16.24916 0.76421 0.22460 -0.60459 eb
141.62123 40.01090 0.95771 -0.21395 -0.19242 eb
142.14437 47.66631 0.79815 -0.60138 0.03592 eb
142.60113 36.30094 -0.47305 -0.86414 -0.17171 eb
142.82652 81.97705 -0.07079 -0.74477 -0.66356 eb
143.18729 27.32228 -0.79935 0.20840 -0.56357 eb
143.29366 61.42375 0.95798 0.16449 -0.23498 eb
143.31905 39.88342 0.13231 -0.98190 -0.13554 eb
143.51552 75.18921 0.33125 -0.94268 0.04036 eb
143.80107 27.74792 0.55930 0.59066 -0.58164 eb
145.08612 28.33041 -0.08182 0.79320 -0.60345 eb
145.90628 41.98548 0.27330 0.52044 -0.80898 eb
145.91191 38.18921 0.15413 -0.18715 -0.97016 eb
146.46558 34.19544 -0.78175 0.54063 0.31079 eb
147.61453 30.97238 0.28254 0.51045 0.81216 eb
147.67691 49.96150 -0.89789 0.00019 -0.44021 eb
148.01226 40.87240 -0.06416 -0.60147 -0.79632 eb
148.26109 48.26317 -0.00406 0.99985 -0.01700 eb
148.41785 44.23018 -0.71871 -0.11297 -0.68607 eb
148.61366 30.59540 0.16366 0.84362 0.51140 eb
149.55509 51.72599 -0.94249 -0.00579 0.33417 eb
149.74082 34.47468 -0.69420 -0.33384 -0.63768 eb
149.87556 21.29190 -0.26692 0.61614 0.74103 eb
149.96105 43.50702 -0.21712 -0.89871 0.38103 eb
150.63807 87.01609 -0.20211 0.97058 -0.13088 eb
150.64344 18.31103 -0.43388 -0.88677 -0.15933 eb
151.51597 80.43552 0.56608 0.18881 0.80244 eb
151.53264 58.62752 -0.20086 -0.97869 -0.04275 eb
152.16463 54.56462 -0.70468 0.70684 0.06167 eb
152.42769 10.94428 -0.57533 -0.26640 0.77333 eb
153.27002 52.80478 0.95882 -0.01802 0.28343 eb
153.40457 41.52565 0.84952 0.28458 -0.44421 eb
153.59741 54.54866 0.36111 -0.40357 -0.84067 eb
153.88368 77.67840 -0.00704 -0.71062 -0.70354 eb
153.98703 32.75894 0.78828 -0.15012 -0.59673 eb
154.31745 37.70909 0.66905 0.02705 0.74272 eb
154.81163 59.72347 -0.33564 0.61225 -0.71589 eb
155.09864 24.28575 0.47547 0.64984 -0.59299 eb
155.41678 44.01966 -0.99676 0.08022 0.00548 eb
155.68166 11.90121 0.80918 -0.29944 0.50552 eb
156.14544 48.75453 0.21339 -0.29142 -0.93249 eb
156.98852 46.23215 -0.61254 -0.78797 -0.06245 eb
157.89691 70.07437 0.16470 0.65876 -0.73410 eb
158.03497 47.60228 -0.71395 0.34326 -0.61029 eb
158.19286 35.06593 0.87122 0.18745 -0.45369 eb
158.27554 63.39788 -0.59238 0.37188 -0.71469 eb
159.19208 53.09201 -0.51014 -0.85518 0.09183 eb
159.26967 34.02078 0.90350 -0.38916 0.17957 eb
159.30248 52.77400 -0.30556 0.94532 0.11401 eb
159.56427 30.54492 -0.50250 -0.83606 -0.22020 eb
159.67900 61.35295 -0.67417 -0.72918 -0.11743 eb
159.93939 15.37495 -0.94904 0.26949 0.16342 eb
161.29215 54.62865 -0.95162 0.25049 -0.17799 eb
161.61054 22.98497 -0.19914 -0.57965 -0.79016 eb
162.78961 53.09513 0.31406 -0.94593 0.08112 eb
163.47861 42.84054 -0.11064 0.53524 0.83743 eb
163.91481 32.50928 -0.83624 0.38220 -0.39323 eb
164.11594 32.23759 -0.39642 -0.82510 -0.40256 eb
164.14519 45.82286 -0.60524 0.79579 0.02032 eb
164.26917 64.92050 0.03627 -0.62015 0.78365 eb
164.41719 42.83336 -0.71638 -0.60368 -0.34981 eb
164.58098 48.62368 0.84640 0.29883 -0.44081 eb
165.73363 43.01717 -0.19476 0.44123 -0.87600 eb
165.79520 35.45322 -0.12812 0.54989 0.82535 eb
166.01494 37.11532 -0.65039 -0.33332 -0.68256 eb
168.52126 21.10305 -0.40022 0.62772 -0.66768 eb
168.63329 57.27788 0.31012 0.32782 -0.89239 eb
168.84764 49.53026 0.01150 -0.99976 -0.01885 eb
169.06167 22.43400 0.31644 -0.51152 -0.79888 eb
169.19771 46.16797 0.94298 0.03315 -0.33120 eb
169.45949 37.41121 -0.02296 0.88227 -0.47019 eb
169.47457 12.84604 0.28444 -0.80113 0.52657 eb
170.79756 26.27825 0.55088 -0.18821 -0.81308 eb
171.60356 52.15037 0.35316 -0.57514 -0.73789 eb
172.38347 76.26750 0.18178 0.97733 -0.10859 eb
172.64597 40.53926 -0.78427 -0.58817 -0.19742 eb
173.80510 19.32809 -0.78121 -0.42065 -0.46126 eb
174.74565 71.30910 -0.50413 -0.78382 -0.36260 eb
174.82468 85.83867 -0.53600 0.09252 -0.83913 eb
175.54331 28.69713 -0.11097 0.34651 0.93146 eb
175.77760 15.44158 -0.10884 0.95151 -0.28773 eb
175.93163 50.94482 0.26535 0.80432 -0.53166 eb
176.00844 37.80977 -0.80021 0.09379 -0.59234 eb
176.26906 36.50826 0.01619 -0.17333 -0.98473 eb
176.33402 29.81994 -0.50385 0.85874 0.09330 eb
176.53325 32.20808 0.19300 0.80721 0.55781 eb
177.08780 48.51153 0.22164 0.92167 0.31844 eb
177.25402 43.98373 -0.39047 -0.14816 -0.90861 eb
177.47438 20.93023 -0.19745 -0.61539 0.76309 eb
177.63829 61.61536 -0.47192 0.19922 0.85884 eb
177.74309 29.11437 0.28873 0.79002 0.54084 eb
178.79209 34.44529 0.00521 -0.95926 -0.28247 eb
179.36466 51.24561 0.92525 0.25742 0.27864 eb
179.36968 45.69330 -0.62122 0.78313 -0.02816 eb
179.70078 22.25046 0.67568 -0.46777 -0.56978 eb
179.94260 75.44113 0.90415 0.27068 -0.33052 eb
180.51113 80.13498 0.26226 0.44607 -0.85571 eb
180.65624 46.15738 -0.34646 0.35328 -0.86900 eb
181.12541 40.32387 -0.70328 0.38438 -0.59804 eb
181.77778 17.70109 0.93272 -0.27821 0.22942 eb
182.41405 41.67158 -0.93873 0.30171 -0.16663 eb
183.31546 49.86981 0.96595 -0.23315 -0.11220 eb
183.78851 18.26470 0.94131 0.15209 -0.30135 eb
183.95012 24.36247 -0.83300 -0.24387 -0.49664 eb
184.84203 49.09433 -0.29498 0.95547 -0.00796 eb
185.30059 36.32500 0.07574 -0.83447 0.54582 eb
185.33093 57.15395 0.59961 -0.79589 -0.08381 eb
185.72006 32.55138 0.60551 -0.06114 -0.79348 eb
185.91953 22.95603 -0.94048 0.28561 -0.18418 eb
185.91969 46.02104 -0.86477 -0.41256 -0.28630 eb
186.10456 71.25629 -0.08029 -0.45513 -0.88680 eb
187.32692 71.08005 -0.92180 -0.08408 -0.37844 eb
187.37521 73.14557 0.00352 0.76268 0.64676 eb
188.43215 59.81544 -0.67996 0.50857 -0.52821 eb
189.39129 57.01898 -0.44760 -0.87874 -0.16574 eb
189.85137 46.83538 -0.59856 0.50600 0.62104 eb
190.04960 20.68595 -0.50828 -0.75325 -0.41744 eb
190.58625 22.64754 -0.41279 0.54094 0.73280 eb
190.75765 42.57933 -0.82041 -0.56628 0.07908 eb
190.80321 62.21372 -0.74031 -0.51587 -0.43106 eb
191.65083 47.88627 -0.32146 0.56365 -0.76090 eb
192.27689 33.09990 -0.14380 0.51510 0.84498 eb
192.69197 33.47043 -0.50655 -0.78181 0.36355 eb
193.04113 67.04809 0.10187 0.11719 -0.98787 eb
193.65215 63.44211 0.30674 0.79879 -0.51753 eb
193.79719 23.28946 0.66320 -0.60196 -0.44477 eb
195.17179 44.44043 0.47140 0.39187 -0.79007 eb
195.55195 42.68939 -0.68169 -0.34910 -0.64298 eb
195.67158 50.87890 0.84935 0.41595 -0.32494 eb
195.96292 25.21209 -0.70515 -0.69138 -0.15738 eb
196.26297 45.46249 -0.78415 0.62040 -0.01471 eb
196.52771 41.99769 -0.66368 0.17941 -0.72619 eb
197.04379 72.42027 -0.74056 -0.04362 -0.67057 eb
197.76117 43.82334 0.86008 -0.38891 0.33017 eb
197.79123 48.58318 0.09290 0.66414 -0.74182 eb
198.04414 26.10449 -0.71633 0.38888 -0.57935 eb
198.91996 41.37112 0.52781 0.69781 -0.48423 eb
199.47290 10.59894 -0.32908 0.45428 0.82785 eb
199.78433 14.86590 0.50378 0.62583 -0.59543 eb
200.25705 70.53918 -0.74378 0.61813 0.25436 eb
201.99180 47.15812 -0.20533 0.18957 -0.96016 eb
202.73072 69.59232 -0.63618 -0.75654 0.15139 eb
203.85475 36.47067 0.34823 -0.93723 -0.01849 eb
204.42484 40.45467 0.43476 -0.52059 0.73482 eb
204.99874 30.88635 0.05094 -0.17177 -0.98382 eb
205.63321 44.00437 0.11780 -0.67865 -0.72495 eb
205.92143 34.46366 0.40351 0.71989 -0.56475 eb
206.98889 63.74390 0.26741 0.47071 -0.84079 eb
207.35203 73.88482 -0.38554 0.35473 -0.85178 eb
207.69653 26.71943 0.78712 -0.20150 -0.58296 eb
207.89111 29.51913 0.43697 0.07359 -0.89646 eb
208.21048 69.58832 -0.36927 -0.73402 0.56996 eb
209.12095 37.82736 0.30016 -0.29162 -0.90822 eb
209.87983 31.90665 0.62874 -0.68823 -0.36196 eb
210.69215 30.71470 -0.77521 0.07404 0.62735 eb
211.45339 30.77866 0.48952 0.61441 -0.61877 eb
211.51019 45.29314 0.45293 -0.04704 -0.89030 eb
212.22912 31.01959 -0.60465 0.78848 0.11271 eb
213.14338 50.67394 -0.73641 0.03018 -0.67587 eb
213.62853 11.91826 -0.44861 0.84837 0.28110 eb
213.65364 35.03371 -0.49724 0.85168 -0.16553 eb
214.22748 20.47602 -0.38200 -0.87428 -0.29951 eb
214.57576 62.51979 -0.00161 -0.93727 -0.34859 eb
215.29714 62.08055 0.01827 0.16569 -0.98601 eb
215.70246 56.29473 0.99359 0.10537 0.04088 eb
215.80149 41.35715 0.65883 -0.18868 -0.72825 eb
216.12744 26.93582 -0.82468 -0.54797 -0.14011 eb
216.48680 55.93937 -0.67874 -0.55972 0.47542 eb
216.49887 29.05381 0.09722 -0.79508 -0.59866 eb
216.57799 51.82991 0.43250 0.77608 0.45895 eb
216.95105 44.83288 0.67981 -0.73286 0.02794 eb
217.13451 58.58496 0.61749 -0.62548 0.47695 eb
217.83170 45.37879 0.88589 0.13064 0.44512 eb
217.98099 27.97460 0.24771 -0.48743 -0.83729 eb
218.47054 25.28610 0.96704 0.21261 -0.14009 eb
219.34805 40.84155 0.51640 0.11762 -0.84823 eb
220.27310 42.28385 0.63211 -0.47571 -0.61167 eb
220.27492 54.19652 -0.12209 -0.92720 -0.35410 eb
220.35299 34.62880 -0.62190 -0.05241 -0.78134 eb
222.56821 72.30004 0.96545 -0.19039 -0.17792 eb
222.57243 40.38557 -0.58018 0.65055 0.49008 eb
222.84142 54.55231 -0.33075 -0.79792 -0.50392 eb
222.88141 62.04533 0.43348 0.01789 -0.90099 eb
222.97551 39.23126 0.58834 -0.27413 0.76073 eb
223.02139 31.22092 -0.56476 0.81255 0.14425 eb
223.20598 33.39905 0.11566 -0.17832 -0.97715 eb
223.67275 38.97480 0.72274 0.47887 0.49832 eb
224.02109 58.21492 0.51452 0.69458 -0.50282 eb
224.59448 48.25251 -0.35109 0.20569 -0.91347 eb
225.00445 34.15442 -0.14501 -0.86911 -0.47289 eb
225.29005 27.98428 0.22530 0.61833 -0.75293 eb
226.21196 81.48393 -0.47158 0.46756 -0.74766 eb
226.55389 36.86240 -0.69302 0.40227 0.59826 eb
226.68699 50.08335 0.65557 0.16240 0.73746 eb
227.79638 18.09260 0.59148 -0.65991 0.46333 eb
228.40891 36.25849 0.11602 -0.93974 0.32161 eb
228.63847 28.89148 0.58844 0.79575 -0.14322 eb
228.70057 21.86793 -0.48359 0.86493 -0.13432 eb
228.78002 38.17641 0.90449 0.42081 0.06941 eb
231.20816 60.92673 0.15833 -0.71750 -0.67832 eb
232.31701 57.55582 -0.61951 0.76403 -0.18020 eb
232.49787 30.44777 -0.96659 0.24121 0.08668 eb
232.76003 25.20132 -0.02118 0.82178 -0.56941 eb
232.88968 87.53743 -0.63531 -0.66435 -0.39373 eb
235.78837 55.63395 -0.22384 -0.83846 -0.49687 eb
235.92146 20.93974 -0.71360 -0.64218 0.27995 eb
236.02946 24.03653 -0.70506 0.35397 0.61449 eb
236.70810 60.26681 0.21933 0.94975 -0.22333 eb
237.41039 43.06209 -0.46143 -0.78790 0.40779 eb
237.85016 15.96114 -0.08452 0.93366 -0.34806 eb
238.08007 46.77066 -0.94412 -0.12669 0.30429 eb
238.43297 60.02088 0.71591 0.67745 -0.16895 eb
238.98896 82.90626 -0.38408 0.89705 -0.21859 eb
239.31810 66.12775 -0.75877 -0.09284 -0.64471 eb
239.53748 82.09224 0.40994 -0.52497 -0.74589 eb
240.69742 40.38085 0.17098 -0.42641 -0.88822 eb
240.96057 21.42664 0.06470 0.70007 0.71114 eb
241.82467 71.26191 0.34194 -0.93652 0.07753 eb
242.05215 29.39362 -0.44059 0.09130 0.89305 eb
242.95766 15.48119 0.72017 0.63054 0.28945 eb
243.59635 24.05735 -0.59371 0.71483 -0.36949 eb
245.70173 28.33016 0.04387 0.99854 0.03141 eb
247.88330 20.48114 0.27144 0.26712 -0.92464 eb
248.48979 27.31300 0.77615 0.06641 -0.62704 eb
249.65126 35.87700 0.68054 0.14480 -0.71826 eb
250.02024 40.76002 0.12267 0.92399 -0.36220 eb
250.19586 25.58373 0.38317 0.59112 0.70976 eb
250.39138 37.00849 -0.43910 -0.06851 -0.89582 eb
251.78844 39.92787 -0.54942 0.05857 -0.83349 eb
253.14118 17.35004 0.35580 0.93258 -0.06078 eb
254.67002 69.46840 0.84533 0.48222 0.22994 eb
254.95866 46.27591 -0.20798 -0.87777 0.43158 eb
255.50441 56.77576 0.49018 0.81056 -0.32050 eb
256.03645 40.87705 0.06916 0.50842 0.85833 eb
257.05232 50.60061 -0.01308 0.39722 -0.91763 eb
258.12086 54.73307 -0.06865 -0.24821 0.96627 eb
261.48350 34.31813 0.60941 0.69256 0.38598 eb
263.27404 41.41187 -0.70972 0.47662 -0.51877 eb
264.09985 21.57922 -0.98762 -0.11562 -0.10601 eb
265.28253 52.55352 -0.58389 0.63584 0.50475 eb
266.18080 41.61290 -0.82088 0.51495 -0.24694 eb
266.58097 48.62927 0.04245 -0.78597 0.61681 eb
266.86894 66.92863 -0.72562 -0.68770 -0.02349 eb
267.25183 41.15145 -0.24666 -0.64388 -0.72428 eb
267.34461 32.02827 -0.76659 0.10571 0.63337 eb
269.32017 40.69696 -0.46380 0.83962 -0.28272 eb
271.75110 65.14948 -0.04812 -0.38884 -0.92005 eb
272.12391 44.73278 -0.68868 0.51704 -0.50832 eb
272.48246 25.86469 -0.53663 0.24770 -0.80665 eb
273.06231 55.23808 -0.25381 0.93707 -0.23975 eb
274.66635 37.41191 -0.68749 -0.08442 -0.72127 eb
274.96661 14.95551 -0.48974 0.51290 -0.70504 eb
277.76192 36.07119 -0.85143 -0.27684 -0.44545 eb
278.32196 18.85736 -0.88429 -0.28200 -0.37217 eb
279.62216 30.53206 -0.99714 -0.07489 0.00989 eb
281.95784 39.30976 0.72300 -0.41097 -0.55532 eb
282.12990 29.60869 -0.51702 -0.74432 0.42270 eb
282.82644 28.05292 -0.60042 -0.19079 0.77659 eb
283.11146 65.09307 -0.31900 0.02529 -0.94742 eb
284.72651 62.88303 -0.03052 -0.79668 0.60363 eb
285.00424 35.68100 -0.77237 0.35195 -0.52874 eb
285.79569 40.79507 0.98287 0.15676 0.09695 eb
286.36472 29.81256 -0.73200 0.67283 0.10712 eb
286.56710 79.50787 -0.54280 0.60932 0.57802 eb
286.80992 47.79772 0.33850 0.34193 -0.87664 eb
287.05070 28.78185 0.76425 0.61797 0.18445 eb
287.40635 54.57277 0.93123 0.30955 -0.19233 eb
287.60729 44.25381 0.51497 -0.61054 0.60170 eb
287.63606 33.61526 -0.17971 -0.81834 0.54592 eb
288.81530 14.03149 -0.71536 0.69686 0.05154 eb
289.05894 46.94475 0.12450 0.22238 -0.96698 eb
290.20511 70.44061 -0.22489 0.59159 -0.77424 eb
290.49360 45.65660 -0.96499 0.01083 -0.26207 eb
291.33375 21.47291 -0.01310 0.10182 -0.99472 eb
291.46386 36.28384 0.96901 -0.04504 0.24287 eb
291.97093 36.82460 -0.89506 0.41194 -0.17083 eb
292.48739 11.41500 0.42506 -0.78732 0.44660 eb
293.09288 26.46447 -0.56359 0.81155 -0.15410 eb
293.16742 11.41008 -0.07977 0.99302 -0.08687 eb
294.71577 30.55715 -0.62609 0.52609 -0.57554 eb
295.41225 66.43520 0.33125 0.40840 -0.85058 eb
297.05095 61.49388 0.69650 0.49556 -0.51894 eb
299.02750 21.80206 -0.07248 0.18208 -0.98061 eb
299.49653 31.04660 -0.96704 0.25299 0.02879 eb
300.35536 47.50492 0.98340 0.12351 -0.13296 eb
300.52718 72.47225 -0.10619 -0.44758 -0.88792 eb
302.97975 35.10037 0.76500 -0.46388 -0.44675 eb
303.02645 37.97969 -0.09062 -0.97490 -0.20338 eb
303.82520 86.90375 0.72136 -0.45676 -0.52059 eb
303.98097 48.85870 0.62333 -0.70881 -0.33022 eb
304.47851 30.40365 -0.43258 0.63966 -0.63538 eb
304.89045 46.67047 -0.61840 -0.61771 -0.48582 eb
304.97879 51.75411 0.75603 -0.51619 0.40244 eb
305.31618 48.47105 0.76582 -0.20746 -0.60867 eb
307.27816 37.27528 -0.42378 -0.02075 -0.90553 eb
308.47970 33.53125 0.14165 0.01182 -0.98985 eb
309.05821 18.59816 0.43304 0.34496 0.83275 eb
310.19003 28.93452 0.94969 0.18547 -0.25239 eb
311.32552 23.49050 -0.12329 -0.98893 0.08253 eb
312.08122 32.32008 0.59308 0.72309 -0.35410 eb
313.26917 61.77598 -0.57538 0.39249 0.71756 eb
313.44946 62.51208 -0.64413 0.56073 -0.52027 eb
314.65134 56.87219 -0.99224 -0.12059 0.03025 eb
315.15625 57.56853 0.38489 0.92278 -0.01843 eb
315.56491 58.45925 -0.21519 0.92088 0.32508 eb
315.76263 81.27581 -0.84605 0.28843 -0.44835 eb
317.23389 21.03099 0.91724 0.37840 -0.12440 eb
317.74780 51.04449 0.84804 -0.34984 0.39805 eb
318.31432 37.88448 -0.87109 0.07716 -0.48502 eb
318.49881 43.65203 0.78674 0.35093 -0.50783 eb
319.42137 27.82378 0.34869 0.53089 -0.77238 eb
321.02458 56.72372 0.93263 -0.01276 -0.36061 eb
322.01044 86.95111 -0.21307 0.23654 -0.94797 eb
324.27735 79.96943 0.10930 0.83775 -0.53500 eb
324.31761 36.28978 0.89873 -0.34060 -0.27618 eb
324.65698 24.56737 -0.95631 0.00086 0.29236 eb
325.14818 76.57768 -0.03011 0.81532 -0.57823 eb
329.56197 23.62786 -0.60801 0.77910 -0.15273 eb
329.59368 56.85164 -0.45710 0.14939 -0.87678 eb
330.16013 74.42525 0.81865 -0.42911 0.38168 eb
330.94563 86.31550 -0.48073 -0.52439 -0.70279 eb
332.34623 31.54165 -0.21743 -0.78934 0.57417 eb
332.39994 56.56571 -0.14272 -0.76785 -0.62453 eb
332.87964 39.07415 0.62082 0.15631 -0.76821 eb
333.41239 57.24816 -0.24179 -0.83266 -0.49821 eb
334.82775 33.58751 0.24099 0.29588 -0.92433 eb
336.43485 77.16411 -0.20987 -0.94561 -0.24855 eb
337.44520 22.11668 -0.72039 -0.54413 -0.43006 eb
337.64616 49.82210 0.49531 0.74408 -0.44834 eb
338.29439 28.73626 -0.02979 0.94929 0.31300 eb
339.37761 47.54530 0.78697 0.19514 -0.58532 eb
339.49725 56.66790 -0.05131 -0.29563 0.95392 eb
340.28250 32.85601 -0.14983 0.96246 0.22633 eb
341.27173 20.78800 -0.49090 0.09209 0.86634 eb
341.52503 21.55644 -0.78021 -0.14144 -0.60932 eb
341.56159 33.30775 -0.72830 0.46069 -0.50729 eb
342.09141 27.03950 -0.69062 -0.47380 0.54641 eb
342.11154 83.50833 0.32814 -0.26930 -0.90543 eb
342.57769 75.92395 0.75725 0.65200 -0.03818 eb
342.70581 73.84684 0.77948 0.61802 0.10231 eb
344.65725 31.37337 0.51211 0.78578 -0.34683 eb
345.01784 62.54657 -0.69273 -0.32503 -0.64380 eb
345.38126 45.09920 -0.43366 -0.09371 -0.89619 eb
345.70346 44.74513 -0.95542 -0.04406 -0.29193 eb
345.78254 43.28004 0.19160 0.14559 -0.97061 eb
346.40992 78.84711 0.98573 0.11254 -0.12516 eb
348.65845 58.34830 -0.82798 0.34433 -0.44260 eb
349.98466 26.75242 -0.40614 0.83429 0.37283 eb
350.49661 14.79735 -0.23298 0.92136 -0.31116 eb
351.10501 36.65302 -0.14821 0.96122 -0.23257 eb
351.84790 46.31166 0.44058 -0.51063 -0.73835 eb
353.91318 66.10317 0.54970 -0.80174 0.23460 eb
356.04154 73.23966 -0.44349 0.22895 -0.86654 eb
356.14069 54.15746 0.11848 0.97829 0.17003 eb
357.75987 44.73656 0.10299 0.65371 0.74971 eb
358.27460 10.00712 0.90163 0.42529 0.07870 eb
358.64876 33.15969 -0.72907 -0.66095 0.17778 eb
359.34059 44.63478 0.20701 -0.32315 -0.92343 eb
359.53675 59.91934 -0.75704 0.65326 0.01172 eb
363.54137 24.69646 0.39783 -0.02327 -0.91716 eb
363.61572 82.07604 -0.08488 -0.73405 -0.67377 eb
363.71605 54.49669 0.78965 -0.49271 -0.36563 eb
364.43705 42.22039 0.82527 0.52395 -0.21071 eb
365.26071 21.75595 -0.39717 0.59351 -0.70000 eb
365.29572 75.41211 0.91839 0.34617 0.19166 eb
369.99390 17.79843 -0.66998 0.20321 0.71403 eb
370.63750 50.13212 0.21513 0.96336 0.16021 eb
372.73293 50.00407 0.03041 -0.11638 -0.99274 eb
379.25781 34.29898 -0.01501 0.99388 -0.10946 eb
380.17996 40.56730 0.68711 0.22102 0.69212 eb
388.24178 28.44364 -0.66615 0.33113 -0.66828 eb
392.92621 14.93912 0.54704 0.79982 0.24704 eb
393.55498 34.19762 0.04414 0.53226 -0.84543 eb
394.95421 24.95067 -0.79509 -0.17757 -0.57992 eb
397.05962 24.48149 0.11996 0.85383 -0.50654 eb
398.64395 28.33474 -0.33218 -0.36097 0.87141 eb
409.11400 75.47137 0.32399 -0.25537 -0.91094 eb
411.52455 22.08853 0.66002 0.51058 -0.55107 eb
414.11822 17.52767 0.42763 0.90017 -0.08262 eb
416.81698 20.74499 -0.01300 0.26642 -0.96377 eb
419.56782 26.44761 0.04698 0.98539 0.16372 eb
420.05953 32.05667 0.47110 -0.63797 -0.60915 eb
424.30356 13.11965 0.82697 -0.53377 -0.17666 eb
424.38842 14.58352 0.36286 -0.58283 -0.72708 eb
438.46189 17.24338 -0.89638 -0.06868 -0.43793 eb
440.57383 62.63650 0.27329 -0.85690 -0.43708 eb
442.82288 32.91776 0.18133 0.50936 0.84123 eb
444.94573 21.55325 -0.66285 -0.06482 0.74594 eb
454.47388 43.14764 -0.78665 0.29307 0.54340 eb
461.89787 21.36647 -0.94701 -0.28078 0.15600 eb
463.56128 29.25817 0.53310 -0.44558 0.71921 eb
472.84101 15.03465 0.61853 0.04905 -0.78423 eb
477.21839 28.87713 0.85174 -0.50945 -0.12246 eb
477.26379 35.54141 -0.56818 0.71719 0.40349 eb
484.40437 35.76932 0.04586 0.73125 -0.68057 eb
501.64168 31.46744 -0.52114 -0.83543 0.17455 eb
534.34316 31.73483 -0.06163 0.28136 -0.95762 eb
554.37810 31.75124 0.63721 -0.22330 -0.73763 eb
577.37385 26.69253 0.16704 -0.61751 -0.76862 eb
595.15812 33.31608 0.62913 -0.63624 -0.44653 eb
602.44596 28.41284 0.75130 -0.49058 -0.44145 eb
619.03354 15.11169 0.49528 -0.62330 -0.60514 eb
632.50008 32.54959 0.41794 -0.32426 -0.84864 eb
653.00281 37.69844 0.73818 -0.14080 0.65975 eb
655.16242 16.66125 -0.70361 0.61679 -0.35285 eb
662.65265 19.59426 -0.19985 -0.09134 -0.97556 eb
693.37030 30.95319 -0.36410 -0.87652 0.31488 eb
705.47557 32.66945 0.59042 0.71812 -0.36839 eb
723.79608 37.34155 0.74480 -0.57365 0.34089 eb
739.36319 32.03025 -0.20526 0.48029 0.85276 eb
763.90018 21.99608 0.20406 0.69722 0.68720 eb
784.16417 21.45544 0.96703 0.25465 -0.00017 eb
798.35021 28.03743 -0.51520 0.57245 -0.63786 eb
802.47244 56.65944 -0.73640 0.04574 -0.67500 eb
806.09254 12.77731 0.54633 0.38976 -0.74136 eb
813.20008 33.96840 0.64614 0.15843 -0.74660 eb
816.92500 20.43427 -0.93836 -0.06671 0.33917 eb
820.68008 24.76659 0.27544 -0.21914 -0.93601 eb
840.46330 18.89895 0.45738 0.06196 -0.88711 eb
867.09331 49.97297 -0.96555 -0.22689 0.12745 eb
880.14978 22.89077 0.13569 0.67412 -0.72605 eb
883.55483 26.26838 0.45147 -0.25197 -0.85597 eb
888.99380 26.10297 0.80301 0.38604 0.45403 eb
930.40987 21.67516 -0.84751 -0.50895 -0.15064 eb
939.35978 33.70078 0.53396 0.82483 0.18587 eb
952.14002 22.49130 0.47533 0.87626 -0.07891 eb
969.71170 23.07938 -0.32994 0.54316 -0.77209 eb
977.31016 24.22779 0.77178 -0.54239 -0.33192 eb
979.60156 27.63756 0.07322 -0.99490 0.06944 eb
1013.72653 21.03734 -0.50523 -0.28023 -0.81622 eb
1039.10567 33.95931 -0.99036 0.04124 -0.13221 eb
1063.96238 15.84251 -0.29120 0.64947 -0.70242 eb
1073.30649 13.88691 -0.40648 -0.43114 -0.80554 eb
1085.85809 29.90446 0.13457 -0.28411 -0.94930 eb
1112.01380 19.51064 -0.30175 0.61493 -0.72856 eb
1116.49133 8.44865 0.48238 0.80203 0.35222 eb
1180.84891 34.73778 0.68045 0.64303 -0.35141 eb
1182.85180 14.95942 0.98011 -0.13091 -0.14913 eb
1236.35431 24.10896 -0.79112 0.35925 -0.49504 eb
1250.24594 11.48395 0.93391 -0.29756 -0.19815 eb
1250.84466 33.65320 0.03921 0.94250 0.33189 eb
1277.28205 28.71618 -0.27630 -0.84958 0.44931 eb
1293.62399 19.48217 -0.30667 0.86572 -0.39559 eb
1297.43836 13.45684 0.33771 0.13156 -0.93201 eb
1297.54098 30.80338 0.24798 0.90523 0.34505 eb
1348.75203 25.34964 0.20471 -0.87832 -0.43203 eb
1367.55094 17.02764 -0.63991 -0.62665 -0.44478 eb
1396.79412 22.57506 0.87214 0.44557 -0.20207 eb
1418.52640 19.01354 -0.58505 0.72260 -0.36819 eb
1487.28288 28.74282 0.73195 -0.67609 0.08457 eb
1501.08597 42.92323 0.57104 -0.41462 -0.70852 eb
1505.00843 27.28410 -0.52861 -0.76505 0.36779 eb
1582.20031 20.38018 -0.59906 -0.73865 -0.30905 eb
1600.43668 18.09881 -0.84677 -0.53193 0.00505 eb
1619.24160 22.47286 0.82673 0.55830 -0.06934 eb
1767.92944 22.04799 0.68012 -0.63611 -0.36443 eb
1779.59842 14.30729 -0.80837 -0.13173 0.57375 eb
1812.00560 31.95991 -0.41986 -0.86243 -0.28272 eb
1861.11199 23.87504 0.11075 0.97672 -0.18371 eb
1862.57490 17.72268 0.65833 0.70652 0.25969 eb
1899.61379 15.48219 -0.40769 0.57886 -0.70620 eb
1903.61420 22.17108 0.42460 -0.88934 0.16966 eb
1948.71984 21.10128 -0.21000 -0.93251 0.29381 eb
1957.99779 21.12357 -0.56107 -0.66755 -0.48947 eb
2043.88321 17.16045 -0.92832 -0.09756 0.35874 eb
2061.96013 22.62710 -0.28413 0.95875 0.00848 eb
2117.89800 26.49254 -0.12565 0.71592 -0.68678 eb
2123.65783 25.62709 0.64121 -0.34556 0.68516 eb
2236.07638 24.14923 -0.71681 0.50333 -0.48253 eb
2257.30683 14.44905 0.71476 0.57376 0.39989 eb
2263.20682 82.91673 -0.06976 0.29099 -0.95418 eb
2267.14217 42.63443 -0.77827 0.33234 -0.53277 eb
2313.19572 22.64844 -0.81546 0.03053 0.57801 eb
2371.73707 19.72752 -0.61240 -0.18990 -0.76740 eb
2383.40541 38.77917 -0.56273 0.33438 -0.75599 eb
2400.58029 25.17973 0.56232 -0.81566 0.13601 eb
2431.05669 20.12659 0.58983 0.79001 0.16728 eb
2496.77349 24.26618 -0.47400 0.81453 -0.33448 eb
2555.93039 19.00007 0.74019 0.53990 -0.40079 eb
2706.49033 26.28129 0.62216 -0.08287 -0.77849 eb
2711.20034 18.73822 0.61158 0.35077 -0.70917 eb
2774.27735 24.30898 0.86420 0.50298 0.01255 eb
2990.14742 18.50675 0.26473 0.50935 -0.81883 eb
3001.45595 14.59958 -0.82652 -0.37480 0.41999 eb
3101.22787 33.90205 0.94977 -0.30984 -0.04394 eb
3104.99670 20.94181 -0.50476 -0.38882 -0.77073 eb
3109.76744 16.43414 0.40794 0.67607 -0.61360 eb
3111.53753 12.88614 -0.75598 0.36765 -0.54160 eb
3133.49278 41.67190 -0.62477 -0.13549 -0.76896 eb
3133.68326 18.47440 -0.32546 0.87938 0.34752 eb
3186.57225 17.83584 0.64881 0.62138 0.43924 eb
3231.49796 53.44394 0.67381 -0.14924 -0.72368 eb
3273.63843 37.02636 0.86247 0.50570 -0.02056 eb
3287.75117 23.23990 -0.10025 0.72308 -0.68345 eb
3402.40693 16.48226 -0.10287 0.50439 -0.85733 eb
3414.14469 16.60470 -0.07967 -0.70152 -0.70818 eb
3421.17236 13.47283 -0.97299 0.10621 -0.20498 eb
3435.94820 27.53935 -0.83726 0.53367 0.11913 eb
3746.10811 25.69739 0.12664 0.98173 -0.14204 eb
3999.74846 24.40824 0.28532 0.87988 0.38001 eb
4011.39445 27.33841 0.86924 -0.26938 0.41456 eb
4166.89892 21.85374 -0.73353 0.67933 -0.02100 eb
4197.27336 18.92389 0.84924 0.37812 0.36853 eb
4352.61400 22.37541 0.34452 -0.03658 0.93807 eb
4737.72545 27.58509 -0.43659 -0.44513 -0.78182 eb
4755.39297 15.32055 -0.47073 -0.16486 -0.86674 eb
5348.17154 8.83879 0.74856 -0.36727 0.55205 eb
5845.10716 11.99264 -0.06223 0.53788 -0.84072 eb
6014.16004 21.65498 -0.18727 -0.84177 -0.50631 eb
6135.13183 17.32106 -0.73386 -0.45903 0.50074 eb
6678.12888 33.04551 0.40527 0.71476 -0.56997 eb
6843.09323 20.41058 0.68746 -0.52165 0.50526 eb
6864.11695 52.04602 0.53688 0.21656 -0.81539 eb
6940.79102 19.89570 0.17902 0.47780 -0.86003 eb
7145.37637 20.06142 0.28738 -0.05408 -0.95629 eb
7318.32377 10.13744 0.26110 -0.26833 -0.92727 eb
7338.38564 27.03203 -0.37115 0.76460 -0.52691 eb
7642.19365 16.19085 -0.04997 0.61675 0.78557 eb
7856.66912 13.38345 0.50007 -0.78104 -0.37404 eb
8022.82138 19.15967 0.25278 -0.95797 0.13565 eb
8023.20402 22.80723 0.46150 -0.41661 0.78323 eb
8145.42346 7.50344 -0.30409 -0.43537 0.84734 eb
8267.19666 11.03889 0.79431 -0.45077 -0.40728 eb
8871.93580 23.69404 -0.77773 -0.62827 -0.02051 eb
8955.80106 11.70103 0.40100 -0.18678 0.89683 eb
9471.50241 23.57874 -0.43709 -0.88660 0.15129 eb
10216.68622 80.42944 0.95921 -0.20720 0.19231 eb
11687.89761 11.59504 -0.74789 0.37345 -0.54881 eb
12043.33895 11.74902 -0.99056 0.05541 0.12539 eb
12272.98079 23.14877 0.28954 -0.06216 -0.95515 eb
12289.26635 35.59666 -0.41295 -0.30512 -0.85812 eb
12542.40518 56.03752 0.13707 0.85244 0.50454 eb
13234.71016 16.17428 0.47223 -0.85327 -0.22119 eb
13552.87796 10.56579 -0.48144 0.81001 -0.33480 eb
15424.55690 28.25938 -0.13354 -0.89897 -0.41716 eb
19858.19792 17.81272 -0.37720 0.05078 -0.92474 eb
