16.68932 43.77438 0.72323 0.19945 0.66118 e
17.13083 26.43756 0.10463 0.99395 0.03353 e
17.78779 68.40939 -0.84970 -0.23092 -0.47401 e
18.24368 58.71867 0.68301 0.39328 0.61549 e
18.34451 80.56382 0.48077 0.86236 0.15874 e
19.14921 81.95645 0.62110 -0.73271 -0.27815 e
19.35842 81.70186 -0.72635 0.28405 -0.62588 e
19.64582 70.81828 0.27263 -0.57831 -0.76891 e
20.15280 41.87009 0.17865 0.22029 -0.95893 e
21.12171 68.03812 -0.29477 -0.27812 -0.91420 e
21.20592 59.34956 -0.46164 0.88536 -0.05511 e
21.38670 79.76576 0.17079 -0.98342 -0.06094 e
21.46423 57.22417 -0.07057 0.90367 -0.42237 e
22.22872 55.31985 0.56065 0.81764 0.13089 e
22.64670 78.17529 0.88575 -0.26602 -0.38036 e
22.72949 75.83291 -0.81621 -0.26688 -0.51242 e
22.84297 37.95070 0.69344 0.67163 -0.26088 e
23.00317 75.18340 0.20195 0.95275 0.22691 e
23.06395 65.45200 -0.17927 0.70166 -0.68959 e
23.28196 47.62047 -0.36517 -0.66260 0.65392 e
23.54665 72.66256 -0.51288 0.55655 0.65361 e
23.81985 49.90955 -0.72022 0.63367 -0.28239 e
24.00097 77.86776 0.17824 -0.87038 -0.45898 e
24.45584 84.52967 -0.05321 -0.75479 -0.65380 e
24.47053 78.57700 -0.36416 0.00082 -0.93134 e
24.54599 83.46032 0.89994 -0.31647 -0.29993 e
24.67629 59.62945 -0.77046 0.63519 0.05406 e
25.06524 75.94149 -0.19773 -0.93334 0.29964 e
25.53150 56.49422 -0.23270 0.85514 -0.46324 e
25.61593 83.93239 -0.58581 0.57457 -0.57157 e
25.67846 61.84223 -0.95020 0.19786 0.24077 e
26.22829 13.94312 -0.49754 0.41453 0.76198 e
26.23101 68.67181 -0.39418 0.86253 -0.31727 e
26.30866 54.29937 -0.72800 0.68112 -0.07806 e
26.71799 47.82723 0.24624 0.58413 -0.77340 e
27.12763 25.72730 -0.15901 -0.60806 0.77780 e
27.55512 61.47720 0.06480 0.21895 -0.97358 e
27.61654 34.60616 0.10529 -0.90878 -0.40378 e
27.85850 66.67560 -0.18315 -0.59565 -0.78208 e
28.00945 71.30144 -0.58254 -0.79659 0.16150 e
28.27611 42.70960 0.59355 0.09557 -0.79910 e
28.38908 65.07751 0.22791 0.80927 -0.54142 e
28.47974 48.78927 -0.74511 -0.66390 0.06360 e
28.50272 56.15293 0.34565 -0.81626 0.46286 e
28.57195 78.50976 0.15392 -0.00609 -0.98807 e
28.73567 34.51095 -0.51581 0.63182 -0.57857 e
28.91010 78.11905 -0.19333 0.40204 -0.89498 e
29.12045 43.48268 -0.21861 -0.97020 -0.10448 e
29.13301 35.25598 -0.60215 -0.56715 0.56192 e
29.20825 44.56793 0.37159 -0.90557 -0.20459 e
29.34022 80.36504 0.05872 0.08995 -0.99421 e
29.36518 78.50850 -0.81622 0.00317 -0.57773 e
29.43268 48.51944 0.26939 -0.88209 -0.38646 e
29.71359 30.23718 -0.61213 -0.79035 0.02529 e
29.91707 45.70162 0.79941 -0.42124 -0.42836 e
30.02723 51.34614 -0.99544 0.09371 0.01766 e
30.71926 43.65177 0.35243 -0.48696 -0.79916 e
30.74174 34.97558 -0.82164 0.45967 0.33708 e
30.77623 63.31384 -0.92360 0.09349 -0.37178 e
30.84690 82.13534 -0.20371 0.73544 -0.64625 e
30.89344 46.67413 -0.05193 -0.87578 -0.47990 e
31.05118 84.52806 0.90663 0.38113 -0.18103 e
31.10896 59.68917 -0.67982 0.01716 -0.73318 e
31.31791 84.11283 -0.97406 -0.08509 0.20969 e
31.54375 61.19436 -0.62466 0.08905 0.77580 e
31.88542 57.18938 -0.30932 0.69906 0.64469 e
32.02421 59.85228 -0.52391 -0.67921 -0.51399 e
32.18709 67.17372 0.41961 0.12664 -0.89883 e
32.48262 70.42620 -0.68208 0.63183 -0.36818 e
32.57550 42.80643 0.73133 -0.63196 -0.25650 e
32.74214 38.09386 -0.49587 -0.19192 -0.84692 e
32.77267 54.20812 0.06253 -0.64592 -0.76084 e
32.90121 54.42089 -0.94646 0.32267 0.01039 e
33.15742 83.78883 -0.82174 0.06150 -0.56654 e
33.18594 39.76501 0.95836 -0.23590 0.16090 e
33.24792 84.40892 -0.83592 0.00472 0.54883 e
33.28378 84.33946 0.88547 -0.45177 -0.10882 e
33.34915 77.63629 -0.81111 -0.20030 -0.54953 e
33.36040 66.84905 -0.57289 -0.64977 -0.49959 e
33.36376 61.98389 0.48226 0.52695 -0.69982 e
33.54556 40.82697 0.40645 0.21571 -0.88784 e
33.65193 42.01684 -0.40049 -0.74566 -0.53253 e
33.84594 56.18498 0.31426 -0.89389 -0.31967 e
33.94608 73.56138 0.53346 0.82493 -0.18685 e
34.07394 17.85098 -0.51287 -0.06460 0.85603 e
34.07458 46.24201 -0.47129 0.79839 -0.37478 e
34.17540 80.26619 0.58932 0.40395 -0.69966 e
34.37832 16.80909 -0.97124 0.07224 -0.22689 e
34.41036 52.01737 0.61888 -0.51176 -0.59589 e
34.42571 77.43819 0.78406 0.61989 0.03127 e
34.48178 47.82331 -0.82035 -0.57157 -0.01854 e
34.54884 82.47682 -0.66041 -0.70119 -0.26868 e
34.68015 33.08132 -0.65013 0.41907 -0.63380 e
34.76998 80.42425 0.12691 -0.72310 -0.67898 e
35.02270 72.63601 -0.10755 0.75222 -0.65008 e
35.78942 31.71929 0.89577 0.19092 -0.40143 e
36.00859 77.46403 0.98946 0.05617 -0.13350 e
36.07438 44.18526 -0.93595 -0.26345 0.23365 e
36.07808 73.01927 -0.23515 -0.52260 0.81950 e
36.22830 33.21921 -0.41426 0.44711 -0.79277 e
36.25720 38.70892 0.03227 -0.78828 -0.61446 e
36.32232 52.31911 -0.51848 0.82602 -0.22106 e
36.33615 71.73681 -0.56722 0.24386 -0.78663 e
36.70821 42.18794 -0.25201 -0.44383 -0.85995 e
36.97371 54.25268 0.24803 -0.96875 -0.00144 e
37.05257 84.12427 0.45167 -0.65197 -0.60904 e
37.21288 51.34418 -0.58523 -0.60930 -0.53503 e
37.51906 54.19823 -0.01221 0.82614 -0.56333 e
37.81726 84.99861 -0.19043 -0.94536 0.26465 e
37.91765 74.01251 0.79798 -0.47788 -0.36723 e
37.95649 68.04369 -0.60289 0.79781 -0.00418 e
38.30812 67.05087 0.56264 -0.74189 0.36473 e
38.46802 66.48188 -0.97277 -0.19975 0.11759 e
38.50200 42.79336 0.56422 -0.22891 -0.79326 e
38.85360 47.50451 -0.09997 -0.91733 -0.38536 e
38.96944 55.14901 0.63843 0.76962 -0.00955 e
39.30507 76.21198 0.86946 -0.37643 -0.31990 e
39.52546 65.39392 0.28988 -0.88339 0.36822 e
39.61856 46.04066 0.00544 -0.97950 -0.20137 e
39.69477 58.78075 0.88656 -0.45792 -0.06573 e
39.71452 65.93301 0.10593 0.28008 -0.95411 e
39.93570 69.26875 0.02963 -0.69068 -0.72255 e
39.94016 28.99964 0.70752 0.10274 0.69919 e
40.07553 53.58047 -0.11222 -0.86989 -0.48032 e
40.20593 67.59863 -0.07710 -0.22746 -0.97073 e
40.36104 73.62309 -0.86381 -0.34981 0.36257 e
40.40442 32.88254 0.26210 -0.87204 0.41333 e
40.65338 47.59970 0.83946 0.53733 -0.08115 e
40.74991 61.04848 0.45022 -0.07720 -0.88957 e
40.81134 42.61814 0.05246 0.79323 0.60665 e
40.86255 82.61359 -0.41584 0.16866 -0.89366 e
40.86524 59.96831 0.56384 0.03740 0.82504 e
41.19730 32.61242 0.99520 -0.07508 -0.06281 e
41.71783 77.97431 0.39673 0.23247 -0.88801 e
41.97565 78.22311 0.19239 0.96857 0.15764 e
42.31022 33.91855 -0.39656 0.52511 -0.75299 e
42.35334 55.97988 -0.85235 -0.25395 -0.45717 e
43.22767 24.06298 -0.28327 -0.79130 -0.54185 e
43.27786 55.58601 -0.74322 -0.15231 -0.65147 e
43.29570 68.19502 -0.33780 0.06352 -0.93907 e
43.31395 73.61379 0.91027 -0.40556 -0.08327 e
43.33001 64.00621 0.55578 -0.20105 -0.80665 e
43.45239 55.43865 0.45228 0.88780 0.08519 e
43.47225 29.21423 0.36190 -0.29882 -0.88303 e
43.73198 73.56877 -0.34436 0.59947 -0.72253 e
43.75028 27.69965 0.60722 -0.59445 -0.52718 e
43.82098 69.20872 -0.15417 -0.68193 -0.71498 e
44.15887 80.16298 -0.85500 -0.51299 0.07629 e
44.29415 57.47219 0.37483 0.92648 0.03388 e
44.42922 57.26876 0.69786 -0.40808 0.58861 e
44.72074 69.85615 -0.85785 0.06125 0.51024 e
44.78852 77.91236 -0.94921 0.13490 -0.28426 e
44.84484 45.46570 0.58037 0.73669 -0.34707 e
45.40200 72.71493 0.76320 -0.18582 -0.61886 e
45.49354 26.17205 0.15195 0.80222 0.57737 e
45.52659 70.36578 -0.74833 -0.26521 -0.60800 e
45.74561 65.16435 -0.96134 -0.20125 0.18794 e
45.94220 77.31848 -0.45504 0.04666 -0.88925 e
46.74290 82.93121 0.59898 0.79939 0.04688 e
46.76255 45.41933 0.94302 0.24883 0.22092 e
46.80112 45.19401 -0.76963 0.08767 -0.63244 e
46.82126 82.62793 -0.96872 -0.23449 -0.08127 e
47.13246 27.38500 0.53492 0.02819 -0.84443 e
47.32584 82.85387 0.59827 0.15303 -0.78655 e
47.67504 64.43885 -0.33208 0.85509 -0.39818 e
47.75659 37.06788 -0.23341 0.96676 0.10440 e
47.77613 22.81634 -0.03631 0.86453 -0.50126 e
48.10434 66.96762 -0.66830 -0.59099 -0.45177 e
48.10540 82.59295 0.09105 -0.42709 -0.89961 e
48.20011 32.59039 0.06897 0.98836 -0.13563 e
48.40645 31.50057 -0.34872 0.87953 -0.32377 e
48.60357 52.32803 -0.90381 0.37918 0.19838 e
48.71623 79.99244 0.61845 0.77268 0.14316 e
48.92751 25.42946 0.57350 0.74987 0.32984 e
48.94683 63.46610 0.17837 0.33553 -0.92499 e
49.38710 45.33409 0.74563 0.66565 0.03073 e
49.72131 67.02681 0.59771 0.18942 0.77901 e
49.98796 65.39263 -0.16001 0.97139 0.17552 e
50.04575 73.41433 0.31611 0.12950 -0.93984 e
50.30502 76.87535 0.01509 0.92682 -0.37521 e
50.44209 72.96768 -0.53724 -0.47656 -0.69589 e
50.44746 74.80355 -0.90913 0.38525 -0.15832 e
50.63017 46.65083 -0.98416 0.15839 -0.07964 e
50.67133 80.14153 0.97808 0.15770 -0.13596 e
50.89555 78.27274 0.56986 -0.10506 -0.81500 e
51.01945 75.97333 0.19607 -0.86703 -0.45806 e
51.11584 61.83068 0.87223 -0.38290 0.30429 e
51.15132 38.69317 -0.94557 0.30393 0.11630 e
51.39272 50.30175 -0.81446 -0.07392 -0.57550 e
51.73867 64.35861 -0.44634 -0.45293 -0.77178 e
51.82804 43.95749 -0.00246 0.31513 -0.94905 e
51.86059 71.05617 0.56074 0.60610 -0.56410 e
52.04080 11.43209 0.83388 -0.12897 -0.53667 e
52.40776 67.41500 -0.96914 -0.24510 -0.02651 e
52.53125 84.46049 -0.66446 -0.37223 -0.64802 e
52.72984 48.80681 -0.98746 0.11743 -0.10551 e
52.77995 33.20542 -0.91845 0.39484 0.02359 e
53.01654 51.76350 0.44521 -0.66280 -0.60207 e
53.80600 44.47518 -0.64371 -0.74352 -0.18114 e
53.82145 42.71723 0.61020 0.77430 -0.16766 e
53.97162 55.12031 0.90326 0.40102 -0.15265 e
53.99552 32.82775 0.41558 -0.83521 0.36016 e
54.00977 71.24280 -0.44057 -0.89756 -0.01698 e
54.01942 53.21143 -0.44242 0.34491 -0.82783 e
54.03793 53.32768 0.09237 -0.47283 -0.87630 e
54.04050 53.09365 0.13453 -0.95061 0.27973 e
54.99046 75.27684 -0.35920 0.44555 -0.82003 e
55.00832 56.00335 -0.47949 0.00749 -0.87752 e
55.10590 39.45030 -0.10470 0.86989 -0.48201 e
55.34002 41.98086 0.22604 -0.72542 -0.65013 e
55.44168 33.72212 -0.17907 -0.63105 -0.75479 e
55.49942 49.23832 0.29666 0.72215 -0.62489 e
55.63995 64.58494 -0.50500 0.85153 -0.14093 e
55.69321 65.85791 -0.58094 -0.37084 -0.72456 e
55.71693 50.72883 0.29660 0.95078 -0.08971 e
55.74063 54.44561 -0.54700 -0.49610 -0.67430 e
55.97529 61.04750 -0.78397 0.28038 -0.55388 e
56.18856 55.05985 -0.88173 -0.47072 -0.03106 e
56.25482 58.52917 0.37474 0.71196 -0.59387 e
56.45628 64.77599 -0.58988 -0.58391 -0.55775 e
56.83640 48.70909 -0.16341 0.02974 -0.98611 e
57.03142 83.47789 -0.61721 0.76448 0.18605 e
57.10277 68.39595 -0.47057 0.41716 -0.77752 e
57.28353 56.83057 0.75605 -0.05343 -0.65233 e
57.63189 44.19137 -0.08599 -0.92169 -0.37827 e
57.66231 23.63942 0.60622 0.79374 -0.04966 e
57.95501 29.18064 0.25013 0.71542 -0.65239 e
58.04006 18.33433 -0.08131 -0.71345 -0.69598 e
58.04900 83.72172 0.00525 0.57265 -0.81978 e
58.24440 41.64502 0.49064 -0.86741 0.08287 e
58.38353 50.07074 -0.14230 -0.98158 0.12752 e
58.96201 34.82507 0.10229 -0.75276 -0.65030 e
59.38449 49.25802 -0.17736 0.96159 0.20947 e
59.93608 83.02444 0.20951 -0.96479 -0.15902 e
60.15567 55.47828 0.28259 0.69980 -0.65607 e
60.29863 79.36769 0.24578 -0.93106 0.26965 e
60.29981 61.28777 0.19615 -0.41414 -0.88883 e
60.70982 73.56701 -0.12945 0.92383 -0.36024 e
60.76690 70.68273 -0.33736 0.49502 -0.80072 e
61.36663 26.91331 0.48464 -0.00009 -0.87471 e
61.48253 50.11733 0.16724 0.94800 -0.27078 e
61.62227 49.97583 -0.21247 -0.79755 0.56459 e
61.63575 83.72260 0.01629 -0.40533 -0.91403 e
61.69084 23.01571 0.52064 -0.77276 -0.36302 e
61.91708 76.38733 0.46130 0.80663 -0.36953 e
62.20777 80.39188 0.31531 -0.72640 0.61067 e
62.32683 68.19870 -0.54901 -0.41915 -0.72312 e
62.64168 58.56157 -0.34776 0.88116 -0.32036 e
62.78663 82.11491 0.71623 -0.36745 -0.59329 e
62.92363 18.78216 0.84620 0.26871 0.46015 e
62.95142 76.37028 -0.79835 0.36558 -0.47853 e
62.97471 37.60752 -0.74053 0.00458 -0.67201 e
63.25327 60.94337 0.98401 -0.11823 -0.13318 e
63.26644 50.77282 -0.83307 0.51546 0.20076 e
63.52370 33.31954 -0.87712 0.02167 0.47979 e
64.16330 72.63560 0.39690 -0.67560 -0.62131 e
64.76039 48.70929 -0.15222 -0.98272 -0.10530 e
64.79183 34.29440 0.62585 -0.12713 -0.76952 e
65.19500 27.31772 0.62725 0.77786 -0.03858 e
65.37898 61.94254 -0.22078 0.97417 0.04751 e
65.52976 55.46269 0.55850 -0.82690 0.06566 e
65.53213 31.10837 0.34194 -0.47617 -0.81015 e
65.57770 45.12042 -0.88908 -0.29400 -0.35085 e
65.95460 39.24855 0.25168 0.67914 -0.68951 e
66.21531 78.04421 0.79031 0.12448 -0.59993 e
66.26205 52.19669 -0.02587 -0.62838 -0.77747 e
66.73895 58.48239 -0.76291 0.56871 0.30747 e
66.75256 70.88138 -0.31178 0.19784 -0.92933 e
66.78882 53.62320 0.56241 -0.75318 -0.34120 e
67.10689 52.80175 -0.56960 -0.82167 -0.02030 e
67.91856 66.85343 -0.12243 0.99247 0.00405 e
68.00869 50.03675 0.84298 0.42061 0.33537 e
68.37499 82.90246 0.41740 0.64684 0.63825 e
68.59189 53.08399 -0.77146 -0.17754 -0.61100 e
69.33301 79.11642 0.40029 -0.79131 -0.46216 e
69.47501 74.92367 -0.33699 0.75976 -0.55607 e
69.72286 41.83445 0.46057 -0.27202 -0.84491 e
70.05336 76.34519 0.07266 -0.98753 -0.13968 e
70.59231 50.59672 -0.74321 -0.22095 -0.63153 e
70.74336 36.68426 0.02602 0.99882 -0.04090 e
71.53847 82.51818 0.28089 -0.92108 -0.26966 e
71.71100 41.48404 0.01228 0.95304 -0.30258 e
72.03790 63.13576 0.50220 0.35639 -0.78790 e
72.82039 26.43976 0.29845 -0.78567 -0.54189 e
73.24055 62.24426 0.05803 -0.78728 -0.61386 e
73.28806 61.49744 0.69880 -0.66595 -0.26113 e
73.63710 62.17048 0.70122 0.71145 -0.04623 e
73.99321 44.15718 0.67490 -0.32827 -0.66087 e
74.62943 49.37795 0.37072 -0.65219 -0.66122 e
74.87428 35.10583 -0.23519 -0.62757 -0.74219 e
75.10468 24.25500 -0.48259 0.35113 -0.80238 e
75.56268 38.35177 -0.40945 0.63335 -0.65667 e
75.78229 69.47789 0.68049 0.17747 0.71094 e
75.81840 29.54589 0.09477 -0.99395 0.05550 e
75.88538 59.75894 0.57436 0.74478 -0.33972 e
75.89895 76.66445 0.62149 -0.75181 0.22030 e
76.00969 24.21581 -0.72677 0.51521 -0.45428 e
76.63020 55.48236 -0.45334 -0.82895 0.32761 e
77.18033 76.06277 -0.07607 0.81733 -0.57112 e
77.38641 43.85374 -0.55985 -0.74345 -0.36585 e
77.38758 31.52141 0.39448 -0.27369 0.87720 e
77.39003 59.23574 -0.92144 0.07323 0.38156 e
77.58295 44.79672 -0.96043 0.16573 0.22385 e
77.81401 81.91119 0.44914 -0.70421 -0.54988 e
78.91966 45.68340 0.80646 0.12020 -0.57894 e
79.01667 57.71398 -0.24235 0.96028 -0.13831 e
79.11598 70.03509 0.41898 -0.86588 -0.27333 e
79.26571 42.38727 -0.08253 -0.99092 -0.10611 e
79.88313 43.06325 -0.18081 0.00614 -0.98350 e
79.88997 64.60636 -0.27726 0.65817 -0.69996 e
79.93648 53.76499 0.09740 -0.52104 -0.84795 e
80.22062 80.34894 0.73146 0.59577 0.33171 e
80.32304 74.96149 -0.06603 0.59492 -0.80107 e
80.41402 33.33568 -0.36487 -0.23298 -0.90144 e
80.98861 47.88989 0.58242 -0.68482 -0.43796 e
81.77339 12.02204 0.48801 -0.52549 -0.69692 e
82.67539 40.54390 -0.35870 0.59497 -0.71927 e
82.77779 53.74466 0.37140 0.06562 -0.92615 e
83.19859 64.63730 -0.49553 -0.22527 -0.83887 e
83.72553 50.03803 -0.11166 -0.86180 -0.49481 e
84.22822 47.30317 0.67550 0.64065 -0.36506 e
84.27486 47.06388 -0.67469 -0.44478 -0.58903 e
84.79379 41.80323 -0.87344 -0.48290 -0.06254 e
84.85680 40.57466 -0.74576 0.57097 0.34328 e
85.81342 36.97376 0.40987 -0.62071 -0.66837 e
86.58641 51.61327 0.78356 0.61942 0.04863 e
86.73612 40.27563 -0.80309 0.55868 0.20717 e
86.79312 53.78925 0.83124 0.54577 -0.10569 e
87.29725 80.27082 0.98700 0.13516 -0.08697 e
87.40219 38.86876 -0.35140 -0.64611 0.67754 e
87.82847 74.97548 -0.56852 -0.06590 -0.82002 e
87.93456 30.12994 -0.76890 -0.54352 -0.33673 e
88.15162 67.54433 0.32344 0.15321 -0.93376 e
88.30599 55.78306 -0.06703 0.90345 -0.42342 e
88.47598 75.07049 -0.06014 -0.94011 0.33552 e
88.55446 34.58635 0.92886 0.36727 0.04837 e
89.50710 37.33988 0.70458 0.04039 0.70847 e
90.39962 66.67826 0.55331 -0.29416 -0.77931 e
90.43620 36.48677 0.16328 0.85039 0.50017 e
90.54911 64.23636 -0.06436 0.90902 -0.41175 e
90.73976 63.57315 0.22750 0.52514 -0.82004 e
90.93004 40.08954 0.81846 0.56022 0.12758 e
91.08457 43.63104 0.87469 -0.13362 -0.46590 e
91.10565 56.77792 0.75917 -0.20621 -0.61736 e
91.46381 37.99885 -0.05888 -0.46628 -0.88268 e
91.73828 45.26183 -0.14245 0.15932 -0.97690 e
93.49620 79.86896 -0.04585 -0.99585 -0.07858 e
93.64471 54.03631 0.18215 0.61380 -0.76816 e
93.64858 84.64301 0.20810 0.20058 0.95732 e
94.33611 27.64536 0.34279 -0.41711 -0.84173 e
94.33765 45.34699 -0.56235 -0.74406 -0.36073 e
94.51510 32.20896 -0.34383 0.84040 -0.41893 e
94.52046 74.16959 0.09941 0.32382 -0.94088 e
94.86513 48.97290 0.59996 -0.44714 -0.66341 e
95.03360 46.59627 0.50298 -0.85374 -0.13468 e
96.50756 69.77366 0.16029 -0.72389 -0.67104 e
96.62301 54.66642 0.77096 -0.62374 0.12872 e
97.28093 48.17956 0.54411 -0.14940 0.82561 e
97.33204 48.06842 -0.12526 0.36932 -0.92082 e
97.39475 34.70942 -0.27425 0.79621 -0.53929 e
97.63302 33.83576 0.98350 0.00839 0.18069 e
98.57920 63.61654 0.74347 -0.66653 0.05472 e
98.64778 46.17513 -0.41403 -0.85125 -0.32242 e
98.79231 54.27849 -0.19333 -0.20778 -0.95888 e
99.03324 55.02106 0.60513 0.77071 -0.19955 e
101.17548 24.97874 -0.20083 0.86479 -0.46023 e
101.34571 41.04358 0.65267 -0.13503 0.74551 e
101.66172 60.57302 -0.07675 -0.79688 -0.59925 e
102.43816 64.89171 0.44821 0.02831 0.89348 e
103.73746 64.15734 -0.02666 0.79204 -0.60989 e
103.81074 50.08932 0.51220 -0.27342 -0.81418 e
104.47639 55.79451 0.69292 0.42084 -0.58546 e
104.85877 41.76856 -0.11407 0.89222 0.43696 e
105.50076 14.47461 -0.61112 -0.31713 -0.72523 e
106.26236 27.48447 0.87871 -0.34925 -0.32541 e
106.35924 48.36456 -0.13996 0.14086 -0.98009 e
106.39735 48.74240 -0.41962 -0.70097 0.57668 e
106.64534 59.64223 0.63859 0.26109 -0.72390 e
107.42072 45.29593 -0.25314 0.86497 0.43329 e
107.61835 47.41955 -0.74366 -0.64222 -0.18581 e
108.55653 63.75503 0.53138 -0.11869 -0.83878 e
108.84900 26.22143 -0.82223 -0.50227 -0.26770 e
109.08020 77.03579 -0.11232 -0.31488 -0.94246 e
109.14663 43.43368 -0.07120 -0.73498 -0.67434 e
109.60104 24.11904 0.29948 0.02849 -0.95368 e
109.98606 64.07017 0.87915 -0.22571 -0.41971 e
110.01662 44.17695 0.87548 -0.37957 -0.29909 e
110.52485 46.32850 -0.49400 0.74379 0.45027 e
111.42574 34.92013 0.86731 -0.49386 0.06236 e
111.88700 46.67958 0.04911 0.37272 -0.92664 e
112.01455 39.46672 0.40757 0.90326 0.13417 e
112.21857 55.09680 0.15040 0.89391 0.42227 e
112.36365 52.26165 -0.00762 0.19701 -0.98037 e
112.74376 27.54236 0.13831 0.77146 0.62107 e
112.79493 46.73668 -0.57244 -0.54195 -0.61531 e
113.24943 61.96879 0.64525 0.32481 -0.69148 e
113.36546 50.87288 -0.40970 0.70703 0.57642 e
113.69891 61.86303 0.03496 0.89442 0.44585 e
113.86944 37.65093 -0.39721 -0.74388 -0.53745 e
113.87008 56.78993 0.24282 -0.96994 0.01577 e
114.09779 54.60157 0.56874 0.11511 -0.81442 e
114.86500 10.78451 0.31456 0.63719 -0.70359 e
115.25286 30.49463 0.96612 0.08973 -0.24197 e
115.82168 55.48690 -0.81803 0.27174 -0.50694 e
115.84219 43.52456 0.11121 0.38759 0.91510 e
117.20533 30.49264 -0.41727 0.59274 -0.68887 e
117.37377 62.15128 0.06148 0.61851 -0.78337 e
117.81085 23.17311 -0.57306 -0.23330 -0.78561 e
118.58310 25.39931 -0.54584 -0.81354 0.20053 e
119.57149 9.83153 0.27534 -0.80906 -0.51925 e
120.24548 59.29524 0.47372 0.84272 -0.25576 e
120.29373 61.63732 0.31803 0.33412 -0.88726 e
120.82996 36.19638 0.44566 -0.40646 -0.79761 e
121.47729 44.18264 -0.88255 -0.06025 -0.46634 e
121.87676 39.65987 0.20185 0.55068 -0.80995 e
123.62248 45.56324 -0.77733 -0.40350 -0.48265 e
123.74019 48.18007 -0.29056 0.62406 -0.72535 e
123.87512 77.14970 -0.57353 -0.79601 -0.19349 e
124.86797 74.39501 -0.63860 0.41303 -0.64931 e
125.25561 31.63748 0.56915 0.81269 -0.12488 e
126.66152 32.58561 -0.41808 0.39515 -0.81796 e
126.97643 81.88889 0.83112 0.07262 -0.55133 e
127.74261 78.43881 0.27698 -0.52254 -0.80637 e
127.92860 19.70432 0.97244 0.13565 -0.18963 e
128.20288 47.72874 0.07957 -0.38648 -0.91886 e
128.43583 44.08865 -0.22374 0.94189 -0.25056 e
128.95296 33.20071 -0.90917 0.07745 -0.40916 e
129.54581 83.96829 -0.81017 -0.55035 -0.20186 e
130.14300 48.44837 -0.77832 -0.18121 -0.60115 e
130.18632 61.02737 0.21084 0.18414 -0.96002 e
130.33799 57.92867 0.31449 -0.64337 -0.69797 e
130.58414 58.82901 -0.81709 0.57096 -0.07986 e
130.71847 41.08617 -0.99292 -0.09387 0.07278 e
130.90593 37.29331 -0.37885 -0.81343 -0.44136 e
131.12950 57.47252 -0.94827 0.18132 -0.26060 e
131.48475 59.45083 0.49710 0.58985 -0.63637 e
131.74539 44.68431 0.32682 0.05916 -0.94323 e
131.93454 66.87023 -0.46758 -0.72922 0.49961 e
132.40874 49.69157 0.85402 -0.12183 -0.50577 e
132.95716 33.08844 0.34451 -0.63600 -0.69052 e
133.00316 34.53979 -0.89170 0.35821 -0.27670 e
133.38808 64.88334 0.55493 0.38027 -0.73990 e
134.26576 75.53185 0.99468 0.08986 -0.05039 e
134.28975 61.30607 -0.97015 0.12968 -0.20491 e
135.09379 14.91035 -0.31567 -0.76700 -0.55862 e
135.46431 83.43462 0.48763 -0.62847 0.60600 e
135.62933 35.87799 0.28699 -0.64803 0.70547 e
136.66634 70.99406 -0.38487 0.68834 -0.61487 e
137.28523 43.77676 -0.03038 -0.79510 0.60572 e
139.06410 78.63107 0.07751 -0.22828 -0.97051 e
139.15958 55.82769 -0.42815 0.20148 0.88096 e
141.17337 27.15885 0.17455 -0.04817 -0.98347 e
141.38255 40.40392 -0.77372 0.52443 0.35543 e
141.88440 68.15507 -0.52161 -0.47839 -0.70645 e
142.01715 51.50500 -0.90843 0.09698 -0.40663 e
142.26307 51.06652 0.72077 0.12195 -0.68236 e
142.31616 54.26593 -0.83690 -0.32354 0.44151 e
142.74267 80.90769 -0.04402 0.89789 -0.43801 e
144.00657 20.94375 -0.33494 0.71616 0.61231 e
144.12290 72.88059 -0.41578 0.84921 -0.32554 e
144.30843 66.95694 -0.67826 -0.36685 -0.63669 e
144.50088 77.02915 0.87397 -0.48415 -0.04202 e
144.58768 43.62820 0.38642 -0.59073 0.70832 e
144.59133 38.99440 0.30365 -0.92474 0.22948 e
145.23017 47.93997 -0.96590 -0.19546 -0.16981 e
145.52524 49.95583 0.68395 0.67932 -0.26595 e
146.61576 35.62921 0.18353 0.79663 -0.57593 e
146.79869 33.62960 0.72655 0.51740 0.45213 e
147.21136 65.96538 0.95698 0.26652 -0.11472 e
147.22035 74.38320 0.78275 -0.61835 0.07029 e
147.51693 43.21496 -0.29272 -0.94469 -0.14788 e
147.62809 51.60432 -0.61644 -0.76259 -0.19610 e
147.69217 53.87408 -0.98452 -0.15801 -0.07579 e
148.27112 32.41389 -0.79152 0.47588 -0.38345 e
148.51758 80.11258 0.70157 0.57964 -0.41451 e
148.67234 50.01577 -0.17182 0.93755 -0.30246 e
149.18435 77.95994 0.40124 0.46482 -0.78927 e
149.49585 74.20934 0.54123 -0.74448 -0.39092 e
149.68836 54.74981 -0.71664 0.67510 0.17512 e
150.46889 55.17210 0.56796 0.54680 -0.61517 e
150.61483 21.44986 -0.75286 -0.65646 -0.04765 e
150.66720 49.06540 0.01521 -0.19093 0.98149 e
151.06146 34.61225 0.55110 -0.57409 -0.60557 e
151.19146 47.21344 0.60222 -0.02903 -0.79780 e
153.12288 75.28530 0.65069 0.60964 -0.45271 e
153.60703 37.23848 -0.78090 -0.49823 0.37677 e
153.65631 69.76450 -0.60788 -0.12761 -0.78371 e
153.66544 45.09264 -0.70916 -0.28343 0.64557 e
153.85042 46.75956 -0.27579 0.78236 -0.55844 e
154.02623 52.27407 -0.76409 -0.64509 -0.00502 e
155.64446 33.47792 -0.00248 0.77513 -0.63180 e
156.00491 36.79975 0.10070 -0.23805 0.96602 e
156.67892 66.20980 0.46102 0.86421 -0.20147 e
156.98579 39.81125 0.86932 0.08180 -0.48743 e
157.83841 38.29279 -0.68781 0.41820 0.59331 e
157.99625 47.10357 -0.48336 0.17570 -0.85761 e
158.32754 59.55699 0.39845 -0.84980 -0.34509 e
158.74236 46.08029 -0.19711 -0.14076 -0.97022 e
159.23460 36.65669 -0.07692 0.32417 0.94287 e
159.85676 64.95832 -0.89992 -0.37897 -0.21571 e
160.08235 54.56534 0.95683 0.27010 -0.10734 e
160.12213 74.27221 -0.79032 -0.60873 -0.06959 e
160.39965 39.88222 -0.19611 -0.72441 -0.66089 e
161.47069 77.45159 0.60090 -0.73977 -0.30275 e
161.76478 45.55362 0.68951 0.72284 0.04548 e
162.49998 51.64283 0.30149 -0.59630 -0.74400 e
162.78921 32.57937 -0.82625 0.54249 0.15171 e
162.90980 78.94048 -0.55695 -0.23214 -0.79744 e
163.15091 28.36244 -0.93830 0.26420 -0.22315 e
163.64038 67.04187 -0.97946 -0.04325 0.19693 e
164.02883 32.27718 0.03136 -0.99856 0.04360 e
164.29812 37.64601 -0.68535 0.55992 0.46560 e
164.40552 34.46893 0.92205 0.36594 -0.12612 e
164.51813 69.42028 -0.27021 0.88451 0.38029 e
164.91148 14.19253 0.63356 0.11836 -0.76459 e
165.07838 24.95271 0.95811 -0.17302 0.22824 e
165.23715 84.92230 -0.38179 0.77986 0.49605 e
165.34357 42.03963 -0.84885 -0.38993 0.35693 e
165.41066 54.53700 -0.32559 0.00285 -0.94551 e
165.45946 54.77921 -0.29221 0.73979 -0.60608 e
165.49895 68.30659 -0.69640 0.63996 -0.32478 e
165.51442 68.11829 -0.11219 -0.71492 -0.69015 e
165.81825 26.42735 -0.37915 0.91267 0.15257 e
166.53326 61.74591 -0.42425 -0.56899 -0.70445 e
166.92573 43.04975 -0.42727 -0.14731 -0.89204 e
167.93575 20.75951 0.72601 -0.15055 -0.67100 e
169.29004 48.46204 -0.35780 0.86791 -0.34454 e
169.41215 26.12307 -0.56587 0.44291 -0.69543 e
170.01071 36.78276 -0.31123 0.84042 -0.44365 e
170.16411 48.48160 0.52115 0.78546 0.33386 e
170.61626 51.02402 0.29488 0.85250 0.43161 e
170.87755 46.23347 0.10695 0.92161 -0.37308 e
170.96914 27.55484 -0.17078 -0.93635 -0.30673 e
171.05998 37.83112 -0.12360 0.88385 0.45114 e
171.85859 47.24855 0.89919 -0.26625 -0.34722 e
172.05349 38.21571 0.47633 -0.87617 -0.07374 e
172.22349 71.88501 0.81321 -0.58041 -0.04260 e
172.56040 71.61062 -0.73928 0.08301 -0.66826 e
172.76092 54.07151 0.77524 0.23789 0.58516 e
172.83989 67.07998 -0.71385 0.11691 -0.69048 e
173.90107 37.72501 -0.07876 0.22549 -0.97106 e
175.49699 39.75104 -0.00167 -0.85185 -0.52378 e
176.41774 40.53744 0.22158 -0.97469 -0.02958 e
176.57192 65.73417 -0.68369 -0.71398 0.15097 e
176.72677 31.53308 0.99395 -0.08473 0.06986 e
176.78549 27.12375 -0.58445 -0.80290 -0.11732 e
177.53125 40.55084 -0.42398 -0.26069 -0.86734 e
178.48461 48.14424 0.58890 0.77469 -0.23033 e
178.72087 27.24781 -0.81623 -0.08930 0.57079 e
178.97636 32.94967 0.44249 -0.78261 -0.43786 e
179.13184 33.98930 -0.01526 0.34324 -0.93913 e
179.62822 77.02118 0.11504 -0.98794 -0.10364 e
180.77302 42.30499 0.81640 0.49160 -0.30301 e
180.77929 41.33783 0.71686 -0.08513 0.69200 e
180.84520 53.00137 0.74528 0.04263 -0.66539 e
180.93721 84.92408 0.13706 -0.94214 -0.30593 e
181.20513 49.28985 0.64350 0.69492 -0.32093 e
181.40905 73.61213 0.89666 0.38204 0.22372 e
181.42775 46.30917 0.20640 0.86604 0.45539 e
183.21295 44.22074 0.13179 -0.19346 -0.97222 e
184.12021 16.74905 -0.62948 0.03332 0.77630 e
184.17692 23.65906 -0.12604 -0.32242 -0.93817 e
184.45779 30.45036 0.54538 -0.34737 -0.76282 e
184.63885 47.35563 -0.05846 0.82075 -0.56828 e
184.99231 65.14712 0.59738 0.00328 0.80195 e
185.98396 47.30581 -0.20216 -0.32067 0.92537 e
186.30738 42.82299 -0.71156 0.02210 0.70228 e
186.43626 37.51762 -0.56081 0.07133 -0.82487 e
187.19247 51.71533 0.93933 0.27366 -0.20679 e
188.94843 50.53348 -0.28185 -0.61428 -0.73704 e
189.03902 54.60916 0.02735 0.99180 -0.12484 e
189.42825 35.33376 -0.58138 0.81159 -0.05751 e
190.02363 47.67134 0.25935 0.95156 -0.16512 e
190.59003 18.90793 0.78171 -0.61861 -0.07905 e
190.80230 80.06017 -0.41449 -0.02507 -0.90971 e
190.96841 58.05393 0.19734 0.74376 0.63866 e
191.29016 19.34725 0.27884 0.29470 -0.91400 e
191.32111 49.39196 -0.63335 0.51432 -0.57823 e
191.66419 41.62217 -0.15567 -0.97401 0.16453 e
192.08674 78.34464 0.14692 -0.95934 0.24100 e
192.31601 38.85522 0.16035 -0.80559 -0.57037 e
192.73092 49.39140 0.90806 0.22615 0.35254 e
192.75838 66.91501 0.23384 0.85574 -0.46155 e
193.05664 57.41011 -0.41946 -0.82365 -0.38164 e
194.03927 23.37680 0.27275 0.63263 0.72484 e
194.46118 14.82250 0.50853 -0.60298 -0.61466 e
194.85616 72.00351 -0.55444 0.09064 -0.82727 e
195.14357 59.05113 0.01634 0.78215 -0.62288 e
196.14938 36.91968 0.04129 0.70966 -0.70333 e
196.27618 84.79380 0.89198 0.44772 -0.06255 e
196.61537 49.81828 0.75180 -0.57354 0.32534 e
197.03607 18.68754 -0.82160 0.03562 -0.56896 e
197.42330 66.11861 0.43260 0.62519 -0.64961 e
197.82881 45.81338 0.84685 0.10802 -0.52075 e
198.10789 45.64844 -0.27841 0.60420 0.74661 e
198.14055 78.98552 -0.77790 -0.57181 -0.26059 e
198.70770 58.62586 0.74478 0.65767 -0.11304 e
199.13472 28.18034 0.81028 -0.27606 0.51694 e
199.62077 44.12884 0.59150 0.80624 0.01005 e
200.05461 76.62119 0.16908 0.98377 -0.06011 e
200.36000 78.28404 0.46270 0.30099 0.83385 e
200.85989 48.59581 0.59725 -0.79893 0.07076 e
201.94462 25.40941 -0.19342 -0.98105 -0.01153 e
202.54997 23.32143 -0.05979 0.96434 0.25782 e
202.85633 31.82189 0.54175 -0.82095 0.18039 e
202.91253 40.51105 -0.16223 0.19919 -0.96644 e
203.15009 67.28966 0.70369 -0.14842 -0.69483 e
204.49606 64.36354 0.94787 0.16230 0.27424 e
204.74810 34.02481 0.41312 -0.50502 0.75781 e
205.58040 20.93381 -0.79943 -0.49332 -0.34286 e
206.34590 70.52873 -0.21067 -0.17146 -0.96240 e
207.78550 50.52101 -0.28610 -0.82943 -0.47978 e
207.97321 41.23885 -0.39442 0.08294 -0.91518 e
210.90853 30.67995 -0.75516 -0.27223 -0.59635 e
210.98912 65.37102 0.23443 -0.46633 0.85298 e
211.08180 19.37350 0.60256 -0.78792 -0.12691 e
211.47561 34.72021 -0.30137 -0.28464 -0.91003 e
211.85563 43.36413 -0.31515 -0.72352 -0.61417 e
212.95200 35.48722 -0.39189 -0.13736 -0.90970 e
213.08124 49.38421 -0.44241 -0.89586 -0.04140 e
213.10874 34.23857 0.17210 0.01473 -0.98497 e
214.18126 81.10600 -0.43661 -0.89348 0.10518 e
215.30508 61.77383 0.55788 -0.74017 -0.37539 e
215.35176 10.41783 -0.03372 -0.74154 -0.67006 e
216.03093 43.46577 0.00866 0.05867 -0.99824 e
216.47271 70.18619 0.22984 0.40281 -0.88595 e
216.63198 40.55031 -0.02090 0.98466 -0.17323 e
216.77531 46.06220 0.77384 -0.61733 -0.14172 e
217.19176 58.12954 -0.33152 0.89315 -0.30395 e
218.82040 70.35887 0.43612 -0.62313 -0.64924 e
219.13632 67.55538 0.02515 0.79415 -0.60720 e
220.50254 27.34233 -0.39816 -0.89944 -0.18021 e
220.57551 35.52166 0.63293 0.15961 -0.75758 e
221.95155 59.20969 0.98307 0.06110 -0.17274 e
221.99613 76.17442 -0.35469 -0.63459 -0.68665 e
222.66552 37.33262 0.43622 -0.18552 -0.88051 e
223.09882 35.86433 -0.98602 -0.01670 -0.16576 e
223.11782 26.29040 0.81081 0.35231 0.46740 e
224.24000 44.60736 0.75692 -0.28769 -0.58678 e
224.35603 39.78978 -0.45235 0.51293 -0.72958 e
225.03797 38.69980 -0.62444 0.77940 0.05121 e
225.45604 80.49204 0.90077 0.18642 0.39225 e
225.50331 35.71520 -0.04764 -0.51803 -0.85404 e
225.88086 40.48152 -0.80614 -0.27769 -0.52252 e
226.33853 23.88978 0.58343 0.05423 -0.81035 e
230.10963 44.17058 0.31556 -0.39694 -0.86189 e
230.53392 49.29006 0.07694 -0.84679 -0.52633 e
230.74027 37.19755 -0.66940 0.48790 -0.56024 e
230.87367 18.61876 -0.92399 -0.18842 -0.33277 e
231.01783 44.19976 -0.45009 0.78913 -0.41795 e
231.08826 38.33362 0.19384 -0.07530 -0.97814 e
231.50431 37.19068 0.24943 0.96655 -0.05968 e
231.97527 40.94435 0.46050 0.71802 -0.52190 e
232.66683 39.78720 0.22398 -0.96016 0.16713 e
233.13466 70.73142 0.43324 -0.85043 -0.29844 e
233.96959 60.62541 0.48718 0.61333 0.62168 e
233.97809 39.00620 -0.19719 0.53081 -0.82423 e
234.13720 59.49627 0.34613 0.75373 -0.55864 e
234.55620 82.28374 -0.31169 -0.54108 0.78108 e
234.83948 30.09389 -0.91596 -0.33538 0.22031 e
236.84291 54.34191 -0.62672 0.48430 -0.61048 e
236.90313 45.75496 0.69123 0.40657 -0.59741 e
237.49634 27.52039 0.72539 -0.49458 -0.47875 e
237.60478 45.66536 -0.97347 0.13315 -0.18607 e
238.05364 38.61343 -0.17827 -0.76113 -0.62361 e
238.41309 25.46193 -0.58823 -0.67717 -0.44206 e
238.63967 31.05934 -0.30299 0.23412 0.92379 e
238.94335 38.28936 0.20507 -0.50335 -0.83939 e
239.58629 35.70400 -0.80612 -0.06712 0.58794 e
239.73213 54.22773 -0.04777 0.93488 -0.35175 e
239.76970 67.52723 0.76109 0.59167 0.26582 e
241.06096 23.23983 0.05480 -0.90821 -0.41490 e
241.85900 62.86398 0.27388 0.68420 -0.67591 e
242.10632 48.57351 -0.53567 -0.55955 -0.63242 e
242.59025 17.09327 0.19585 0.81005 0.55268 e
242.71416 21.66394 0.77513 0.63078 0.03592 e
242.91576 31.43921 -0.55001 -0.30641 -0.77692 e
244.36784 79.79362 -0.65863 -0.64765 -0.38310 e
245.23831 44.77791 0.86458 0.49515 -0.08558 e
245.34299 27.90770 0.85855 0.36417 0.36094 e
246.39433 37.83243 0.36361 -0.12629 -0.92295 e
246.64982 76.39659 -0.25596 0.69815 -0.66863 e
247.52983 53.42698 0.85540 -0.46336 0.23148 e
248.28352 44.31258 -0.74923 -0.55652 0.35909 e
248.31927 22.30334 -0.21861 -0.88512 0.41082 e
248.85775 31.19561 0.70275 -0.45552 -0.54648 e
249.46228 36.28348 -0.10606 0.76478 -0.63551 e
249.46366 29.69214 -0.33063 -0.91320 -0.23822 e
249.59719 15.87421 -0.41668 -0.22498 -0.88078 e
250.77362 28.46759 -0.71712 0.07233 -0.69318 e
251.01724 39.05554 -0.17481 0.17001 -0.96981 e
251.20601 58.35690 0.10519 -0.81180 0.57439 e
251.36053 82.09413 -0.90142 -0.26802 0.34002 e
251.76988 27.22262 0.95159 0.29096 0.09907 e
252.21334 29.33522 -0.68566 -0.20381 -0.69881 e
252.95426 51.63165 0.01181 0.46623 -0.88458 e
253.17481 45.94585 -0.31617 -0.90463 0.28579 e
253.43663 59.02052 0.58754 -0.49830 -0.63757 e
253.85516 21.94478 -0.54158 -0.28786 -0.78982 e
254.21263 31.04955 -0.80229 0.59620 0.02951 e
254.34565 30.62749 0.60381 -0.51235 0.61066 e
254.41011 40.32446 -0.48721 -0.21992 0.84514 e
254.51063 19.01455 0.19481 -0.61291 -0.76576 e
255.13734 42.73933 0.17365 0.95274 0.24928 e
255.75081 52.15246 0.61814 0.32407 -0.71616 e
256.08233 59.49128 0.38144 -0.76698 0.51599 e
257.21310 39.54396 -0.36688 -0.89192 0.26436 e
257.25295 60.19690 0.97335 0.08361 -0.21354 e
257.53213 29.56886 0.99621 0.08664 -0.00802 e
257.61468 67.03315 -0.24950 -0.17726 -0.95201 e
257.90713 37.44100 0.55001 -0.36501 -0.75117 e
259.25974 24.87987 -0.46053 0.88751 -0.01568 e
259.37159 71.55537 0.75340 0.31823 -0.57542 e
260.11168 43.93123 -0.20439 -0.50047 -0.84128 e
260.16124 77.18193 0.98492 0.01584 0.17229 e
260.74415 19.15457 0.83993 0.54152 0.03565 e
263.21652 71.87665 -0.15608 -0.87771 -0.45306 e
263.76634 31.15163 -0.80488 0.53209 0.26277 e
264.04566 22.02168 -0.95738 -0.08166 0.27704 e
264.20881 13.22840 -0.09647 0.97988 -0.17474 e
264.52081 46.45760 0.76157 0.47404 -0.44193 e
264.66188 16.20733 0.75886 -0.65084 -0.02323 e
264.74480 19.64971 0.31660 -0.45694 -0.83125 e
265.53048 74.87330 0.94777 -0.01902 -0.31837 e
265.84848 54.57241 -0.69201 0.65034 -0.31334 e
265.97606 36.67287 0.25890 -0.48127 -0.83747 e
266.56882 30.24683 -0.36572 0.89027 0.27142 e
266.85468 26.27260 0.32636 0.41417 -0.84968 e
266.89600 53.44352 0.41344 -0.35086 -0.84022 e
267.57303 31.69015 -0.37503 -0.25995 0.88982 e
268.00890 42.37742 0.66261 0.73751 0.13051 e
269.46698 44.55516 -0.57955 -0.33819 -0.74145 e
269.81804 15.33339 0.91455 0.28975 0.28220 e
270.38022 73.08306 -0.01066 0.72850 -0.68496 e
270.48080 44.60959 0.43643 -0.77035 0.46486 e
270.66183 56.68497 -0.00908 0.98214 0.18794 e
271.45346 52.85814 0.99399 0.06247 -0.08989 e
271.54245 14.23124 -0.54443 -0.79348 -0.27201 e
273.60634 14.00539 0.04088 -0.27029 -0.96191 e
274.10660 41.46334 -0.36698 0.71410 -0.59614 e
274.32722 58.06404 -0.52598 -0.72198 -0.44954 e
274.58988 56.55790 -0.30265 0.61644 -0.72691 e
278.63500 81.05688 -0.83054 -0.53861 0.14178 e
278.81254 58.74706 0.67191 0.29754 -0.67824 e
279.12677 49.22465 -0.58470 -0.69661 -0.41576 e
279.32926 48.47007 -0.03075 0.28536 -0.95793 e
279.84679 43.28558 -0.85053 0.48364 0.20663 e
280.23828 50.24167 0.64789 0.30374 0.69855 e
280.78882 34.57996 -0.63420 -0.67789 0.37184 e
280.81421 36.04117 0.06415 0.20082 -0.97753 e
281.76032 40.92537 0.23123 0.93884 -0.25517 e
281.85884 51.95685 -0.96230 -0.02955 0.27039 e
282.13974 35.17296 0.76114 -0.41258 -0.50045 e
282.62167 19.86781 0.49610 -0.29994 0.81481 e
283.20504 36.79382 -0.42657 0.46089 -0.77821 e
284.79963 43.05664 -0.78754 0.37777 -0.48690 e
285.21001 23.36885 0.73671 -0.65422 -0.17106 e
285.48535 47.18987 0.73150 -0.67154 0.11807 e
286.38001 50.33269 -0.46873 -0.26563 -0.84246 e
286.42526 12.33051 -0.88997 0.34889 0.29366 e
286.54506 69.53024 -0.82567 -0.35659 -0.43716 e
287.50760 69.14549 0.23011 0.95034 -0.20954 e
288.99374 39.35955 0.74162 -0.04032 -0.66961 e
289.09882 35.99879 -0.16389 0.70984 -0.68503 e
289.57054 27.34487 -0.91860 -0.15040 -0.36546 e
290.89506 30.71004 0.35189 0.15469 -0.92317 e
291.26516 42.22572 0.01460 0.83528 -0.54963 e
291.41966 67.46201 -0.47143 0.26669 -0.84061 e
291.81262 73.89197 0.47027 0.65412 0.59243 e
292.27780 44.12433 -0.96973 -0.23062 0.08026 e
292.73200 49.60703 0.42078 -0.53493 -0.73266 e
293.13483 58.35423 -0.60702 -0.06442 -0.79207 e
294.28750 38.64833 0.96608 -0.18778 -0.17730 e
294.99273 21.38319 0.64569 0.18078 0.74189 e
295.13880 40.64290 0.72144 0.00125 -0.69248 e
296.37514 14.83879 0.74126 -0.61551 -0.26773 e
296.64723 62.40116 0.76184 -0.00229 -0.64776 e
296.94925 36.70321 -0.19563 0.18502 -0.96307 e
297.04368 37.26489 0.14181 0.97027 -0.19615 e
297.31235 50.05338 0.17805 0.10889 -0.97798 e
297.96327 60.83515 0.79059 -0.61202 -0.02007 e
299.10838 23.02280 0.15019 0.37037 -0.91666 e
299.28309 42.82493 0.32414 -0.17259 -0.93013 e
299.30308 55.77058 -0.77957 -0.57613 0.24564 e
299.31816 52.94433 -0.41235 -0.74814 -0.51986 e
299.37122 47.74202 0.59414 0.23029 -0.77069 e
300.51365 71.05638 0.85484 -0.30483 -0.41992 e
300.56283 32.67973 0.10396 -0.32212 0.94097 e
301.32323 79.34515 -0.15804 0.05434 -0.98594 e
301.40497 45.70321 -0.21507 0.01073 -0.97654 e
301.58593 80.90999 -0.76771 0.61166 0.19104 e
302.08292 72.91990 0.81909 0.50002 -0.28120 e
302.12012 61.59333 -0.30338 -0.86039 -0.40949 e
302.29832 67.28500 0.96132 -0.25466 -0.10489 e
302.76410 27.91444 -0.55634 -0.13453 -0.81999 e
302.90726 31.81693 -0.52352 -0.34854 0.77746 e
303.05061 84.09690 -0.62398 0.71194 -0.32217 e
303.26424 15.61317 0.38424 -0.80769 -0.44720 e
304.00810 81.09036 0.04879 -0.95024 -0.30769 e
305.68145 58.99307 0.24237 0.96881 0.05155 e
307.01868 41.15978 -0.55726 -0.62290 0.54905 e
307.61161 54.11674 -0.94916 -0.27339 0.15605 e
307.97534 82.27435 0.83881 0.34754 0.41907 e
308.38706 52.09913 -0.79332 -0.59351 -0.13560 e
309.86699 35.59484 0.30638 0.95191 -0.00168 e
310.48627 48.55247 -0.21183 -0.55530 -0.80422 e
311.00780 59.04893 0.82834 -0.14254 -0.54178 e
311.81765 25.95876 -0.01144 -0.85795 0.51361 e
312.61066 56.71584 -0.13700 -0.03922 -0.98979 e
312.65560 76.55356 -0.56298 -0.50468 -0.65448 e
313.64167 53.08310 0.97146 -0.04806 -0.23228 e
313.80774 39.67085 -0.82511 -0.22053 0.52015 e
314.06299 40.60472 -0.06287 0.92940 -0.36368 e
316.71089 55.49840 -0.37376 -0.67654 -0.63450 e
317.90672 55.48875 0.79238 -0.46843 0.39079 e
318.73025 45.36155 -0.45147 -0.08842 0.88789 e
319.26784 23.98604 0.23070 -0.79570 -0.56004 e
319.27397 43.75813 -0.00256 0.51088 -0.85965 e
319.87559 33.53005 -0.77639 -0.46767 0.42250 e
319.91135 24.22291 0.76241 0.35872 0.53856 e
321.79466 78.85658 -0.73947 -0.16283 -0.65320 e
322.44522 46.26581 0.39309 -0.48461 -0.78143 e
322.54899 26.49765 0.11496 0.26728 -0.95674 e
323.54946 45.83775 -0.65396 0.48665 0.57923 e
324.55000 30.95191 0.33842 -0.35827 -0.87012 e
325.33262 25.10092 -0.26326 -0.96237 0.06735 e
325.33980 44.93288 0.22302 0.94239 0.24933 e
325.56428 76.57851 0.23680 0.46401 -0.85359 e
325.77031 72.37341 0.56372 0.82292 0.07088 e
326.39240 43.20235 0.73225 -0.28156 -0.62011 e
326.86989 30.62301 0.86180 0.25046 0.44111 e
327.20562 31.42874 -0.34049 -0.40858 -0.84683 e
327.78276 79.10390 0.50463 -0.14722 -0.85069 e
327.97232 63.40765 -0.96931 0.07479 -0.23417 e
328.25294 50.42775 0.60667 0.78498 -0.12555 e
329.08661 37.88994 -0.00427 -0.99755 0.06976 e
329.12014 52.04974 -0.02152 0.99783 0.06221 e
330.03686 58.87454 -0.01105 -0.68472 0.72872 e
330.19328 46.15371 0.14635 -0.98400 0.10165 e
330.24988 53.72048 0.80028 0.41835 0.42957 e
330.94929 61.24236 0.80951 0.50820 -0.29398 e
331.28773 39.79144 0.44053 0.89654 0.04637 e
331.35976 74.19651 -0.11973 0.03453 -0.99221 e
332.54913 56.99714 0.08811 -0.29985 -0.94991 e
333.00413 74.80827 -0.75145 0.39744 0.52666 e
333.30377 57.81134 0.10318 -0.63599 -0.76477 e
333.94614 32.36678 -0.52462 0.67472 0.51916 e
335.49170 24.95613 -0.84854 0.03533 -0.52795 e
335.51739 61.16620 -0.47159 0.57649 -0.66728 e
335.55383 48.10561 -0.36994 0.13858 -0.91866 e
335.60585 81.79554 -0.97148 -0.20483 -0.11945 e
336.33432 57.71872 -0.05394 0.90901 -0.41328 e
336.69255 49.07632 -0.03998 0.25375 -0.96644 e
336.85970 43.00951 0.65881 0.46487 0.59149 e
337.33485 18.22066 0.12344 -0.31866 -0.93980 e
338.10317 23.79301 0.77089 -0.41431 0.48381 e
341.31772 22.64214 -0.66988 -0.68923 -0.27609 e
342.11920 14.38902 0.50838 0.32845 -0.79604 e
342.18840 68.59468 -0.17277 -0.55156 -0.81605 e
342.36326 32.29205 0.80181 0.54826 0.23773 e
343.45327 73.83849 0.54864 0.74757 -0.37434 e
344.32895 51.41118 0.03858 -0.77595 -0.62961 e
344.37392 49.07484 -0.03972 -0.89741 -0.43941 e
344.43516 23.86241 -0.39842 0.90943 -0.11911 e
344.45331 20.57306 0.27848 0.27154 0.92126 e
344.68177 64.32842 -0.67127 0.72536 -0.15252 e
344.80361 15.42946 0.33572 -0.27999 0.89939 e
345.00303 36.44746 0.92089 -0.33883 0.19277 e
345.73178 81.60911 -0.92839 -0.36997 -0.03472 e
345.75573 21.50888 -0.46590 -0.88448 0.02507 e
346.85953 15.96047 0.62652 0.22039 0.74760 e
347.21673 50.98177 0.65019 0.39225 -0.65069 e
347.58929 68.95642 -0.66029 -0.53980 -0.52214 e
349.21069 39.41936 0.28864 0.62129 -0.72848 e
349.57629 56.37989 0.36856 0.83576 -0.40702 e
349.88412 78.48911 0.39264 0.89650 -0.20525 e
351.18638 72.80213 0.69506 0.37714 -0.61209 e
351.40754 79.89827 -0.21213 -0.49604 -0.84199 e
351.70436 53.43450 0.47712 -0.47505 -0.73938 e
352.58718 74.08544 -0.16309 0.70133 -0.69393 e
352.62426 26.25471 -0.20159 0.80521 -0.55767 e
353.01022 73.15486 -0.71459 0.69103 -0.10880 e
354.33437 76.19580 0.83831 0.41834 -0.34962 e
354.44022 19.81931 0.61031 -0.54532 -0.57458 e
356.14885 25.21523 -0.22882 0.44408 -0.86628 e
356.55291 46.39765 0.03660 -0.91230 0.40789 e
356.88360 41.85894 -0.24723 0.67988 -0.69039 e
357.21809 54.82578 -0.46817 -0.58964 -0.65813 e
357.37159 78.38510 -0.67704 -0.59257 -0.43644 e
357.82817 68.33225 -0.99119 -0.00481 0.13237 e
358.64821 12.14960 -0.03372 0.02242 0.99918 e
358.84134 43.50719 0.38857 -0.78284 -0.48598 e
359.22859 34.65634 -0.81958 -0.17516 0.54553 e
360.90332 36.70633 0.17721 -0.33718 -0.92461 e
362.72813 77.75615 0.85833 -0.33740 0.38656 e
364.26991 77.31513 -0.25447 -0.70729 0.65954 e
364.81498 49.91587 -0.44490 0.87685 -0.18218 e
365.64944 49.61526 0.90511 0.23007 -0.35755 e
366.55849 21.12405 -0.59691 -0.59747 -0.53547 e
367.41963 82.15947 -0.96438 -0.15527 -0.21417 e
368.23262 40.45094 0.86456 -0.16421 -0.47495 e
368.54139 43.32976 -0.14451 0.98086 0.13048 e
369.68311 57.87728 -0.89353 -0.33968 -0.29365 e
370.72022 26.76885 -0.86849 -0.40503 -0.28580 e
370.98243 54.47920 0.70371 -0.13971 -0.69662 e
372.10226 26.82582 0.77576 0.31816 -0.54495 e
373.96302 21.20940 0.17012 0.75676 0.63117 e
375.33674 42.44364 0.18367 0.25802 0.94852 e
376.40147 32.99369 0.11983 -0.94893 -0.29184 e
377.42750 30.34259 0.63983 -0.46104 -0.61486 e
378.40435 31.78058 0.58305 -0.74566 -0.32255 e
380.84875 19.35059 -0.00603 0.09599 0.99536 e
381.29847 31.68462 0.78521 -0.35886 0.50465 e
382.02146 30.82003 0.51473 0.70236 -0.49168 e
384.85690 51.35676 0.01444 -0.22330 -0.97464 e
385.05510 67.30598 0.99569 0.08043 -0.04623 e
387.27584 56.86106 -0.13983 0.25759 -0.95608 e
387.38548 62.54483 0.08308 0.77868 -0.62190 e
388.41606 64.75884 0.29037 -0.65244 -0.70000 e
388.54320 36.41681 -0.10486 -0.99404 -0.02966 e
390.41090 8.64710 -0.73907 0.61687 0.27063 e
393.38128 47.84549 0.19308 0.67717 -0.71004 e
393.52819 48.08553 -0.22086 0.02719 -0.97493 e
394.01450 48.81675 -0.15536 -0.41157 -0.89804 e
399.84043 38.99363 -0.48188 -0.50321 -0.71734 e
400.08239 25.86582 -0.29378 0.76217 -0.57688 e
400.41002 70.58340 -0.73472 0.13184 -0.66544 e
422.25075 40.38564 -0.77872 -0.42312 -0.46321 e
425.04799 75.13774 -0.60338 -0.15716 -0.78181 e
440.41883 28.64205 -0.28459 -0.00234 -0.95865 e
441.22231 34.16211 -0.79814 -0.59562 -0.09059 e
459.70715 39.77686 -0.16795 0.96216 -0.21459 e
461.58667 48.55604 -0.40010 -0.76264 -0.50823 e
467.73656 31.30429 -0.96786 -0.10646 0.22784 e
472.65734 67.27163 -0.52023 0.57715 0.62949 e
476.42033 28.71529 0.22346 0.18238 0.95750 e
511.42026 15.95317 -0.99875 -0.04650 -0.01858 e
532.06597 41.53166 0.70509 -0.06413 0.70621 e
546.79402 19.45936 0.85928 -0.22685 0.45845 e
582.67696 25.09335 -0.86593 0.33942 -0.36738 e
624.20988 41.90242 0.35171 0.89404 0.27748 e
629.41037 15.72254 -0.00016 0.98567 0.16868 e
660.30238 35.58635 -0.66453 0.12903 -0.73604 e
696.13790 31.16842 -0.60253 -0.51344 0.61101 e
704.79485 29.33111 0.41695 0.09759 -0.90368 e
705.79863 14.65640 0.94387 0.01222 -0.33008 e
744.03135 47.20981 0.52426 0.81793 -0.23692 e
782.52537 34.96489 0.84078 0.52760 -0.12136 e
967.21672 27.52643 -0.83670 0.18718 0.51469 e
978.64541 17.51006 0.81826 -0.57453 -0.01905 e
980.86963 50.23234 0.60866 -0.72300 -0.32680 e
996.29136 32.13974 0.83647 0.22683 -0.49886 e
1001.65759 18.34233 0.73361 -0.55956 -0.38562 e
1035.84517 16.67224 -0.84920 -0.10760 -0.51700 e
1090.83720 29.70949 0.39587 0.84560 -0.35813 e
1093.44054 15.50548 -0.35524 -0.51213 0.78200 e
1121.42948 16.39450 0.39560 0.91042 0.12094 e
1149.33107 26.41645 -0.49093 0.11819 -0.86314 e
1197.73238 20.79935 0.07309 0.92901 0.36277 e
1272.11165 33.33505 -0.53687 0.82602 0.17163 e
1360.34369 14.92163 0.70081 -0.51579 -0.49278 e
1373.04286 31.60853 -0.57475 0.68672 0.44506 e
1399.40093 19.45209 -0.49726 -0.71884 0.48580 e
1514.71895 13.69197 0.56277 0.59703 -0.57170 e
1609.49874 18.26665 -0.83134 0.54484 -0.10970 e
1830.81085 21.89289 -0.96122 0.26216 -0.08560 e
1938.23921 13.88863 0.69185 0.72203 0.00317 e
1955.67984 21.27681 -0.01392 0.93071 -0.36549 e
1976.57415 24.75075 0.22405 0.41351 -0.88250 e
1994.70038 47.12290 0.31166 -0.94857 -0.05546 e
2083.70551 44.81429 0.40801 -0.55410 -0.72561 e
2124.25819 31.95841 0.40427 0.90982 -0.09373 e
2157.82318 17.97188 -0.36477 -0.51257 0.77731 e
2205.80419 46.11946 0.40624 0.60965 -0.68065 e
2225.17313 29.88835 0.72281 -0.06494 -0.68799 e
2228.12258 16.40590 -0.63153 -0.66298 0.40202 e
2377.53233 19.88514 -0.74144 0.15578 -0.65269 e
2407.97403 44.45650 0.30448 -0.87778 -0.36986 e
2408.38921 20.44752 0.98809 0.12836 -0.08484 e
2511.53086 29.19106 0.57017 -0.20800 0.79476 e
2794.28683 30.70216 -0.90565 0.36087 0.22264 e
3034.46543 41.63456 0.37024 0.64767 -0.66591 e
3075.14974 15.69709 0.07824 0.26500 0.96107 e
3103.64851 8.14949 -0.16363 0.25201 0.95379 e
3114.23423 29.45301 0.04873 -0.17758 0.98290 e
3598.17572 22.11518 -0.00404 -0.91168 -0.41087 e
3867.53134 22.47477 -0.46852 0.25490 -0.84588 e
3884.90282 16.04723 0.91308 0.38445 0.13594 e
3896.93525 31.91460 0.74200 -0.36126 -0.56474 e
3897.98469 21.88843 0.62995 -0.77332 0.07174 e
3979.41691 25.48602 0.51327 -0.69810 -0.49921 e
4048.83254 22.38672 -0.10919 -0.63123 -0.76787 e
4362.55696 29.22894 -0.70174 -0.70929 -0.06677 e
4517.51850 29.90306 -0.13639 0.34532 0.92852 e
4690.96840 37.09898 -0.72093 -0.68257 0.11982 e
4763.95290 49.50134 -0.98869 -0.00053 -0.14997 e
4868.87130 23.86193 0.16945 0.31947 -0.93232 e
4909.40073 13.69507 0.47424 0.38728 -0.79064 e
5056.29158 17.21084 -0.33072 0.19667 -0.92301 e
5091.24076 18.11128 0.72899 0.67456 -0.11634 e
5340.61348 22.99944 0.64613 -0.50135 0.57547 e
5507.13305 21.35029 -0.37177 0.77337 -0.51350 e
5639.43409 17.88923 -0.27751 0.91566 -0.29078 e
6083.46093 25.88006 0.81703 0.09674 0.56842 e
6291.44359 33.51813 -0.78431 0.09516 -0.61303 e
6460.63936 20.68243 0.60092 -0.79923 -0.01093 e
6725.85362 31.94007 -0.57840 0.74145 0.34015 e
7800.93964 16.63395 0.26707 -0.84672 -0.46015 e
7809.04147 14.73344 -0.75466 0.32847 -0.56797 e
8442.22691 16.60342 0.46129 0.88004 -0.11289 e
10237.17451 21.19306 0.58788 -0.70786 0.39157 e
12335.22487 10.67982 0.58401 0.80553 -0.10027 e
13724.89211 17.65217 -0.54106 -0.50695 -0.67101 e
17592.86330 31.86395 -0.23182 0.70745 -0.66767 e
18812.48359 43.66606 -0.23445 0.96957 -0.07041 e
