15.21785 33.01167 0.98568 0.03864 0.16416 e
15.81403 20.83084 -0.98457 -0.09364 -0.14780 e
17.60016 76.21254 -0.61098 0.35087 -0.70965 e
18.30575 77.54429 0.56265 0.82352 0.07239 e
18.58796 42.32168 -0.23114 0.47500 -0.84909 e
18.79837 79.63017 0.82022 -0.52184 -0.23435 e
19.57858 16.50458 -0.73772 0.49217 0.46210 e
19.81063 23.41161 0.02089 -0.75541 0.65492 e
20.05272 76.40915 0.56417 -0.68195 -0.46547 e
20.42879 46.62961 0.44482 -0.86502 -0.23211 e
20.46035 61.06361 0.46242 0.45507 -0.76097 e
21.25468 83.89893 0.81178 -0.10337 0.57475 e
21.46233 77.02930 -0.17043 0.91831 -0.35730 e
21.63536 56.21532 -0.69996 -0.70412 -0.11948 e
21.71415 82.43828 -0.13047 0.71369 -0.68820 e
22.08339 47.23468 -0.56855 0.45388 -0.68611 e
22.23852 43.22910 0.46237 -0.60334 -0.64976 e
22.28916 71.45375 -0.49151 -0.63501 -0.59597 e
22.46469 58.28724 -0.51460 0.10907 -0.85047 e
23.13890 80.04803 -0.58603 -0.32766 -0.74108 e
23.49549 78.09790 -0.21628 -0.81643 -0.53541 e
23.56919 57.74709 -0.29364 0.03318 -0.95534 e
23.87745 25.37883 0.78685 -0.30678 0.53549 e
24.05253 69.58980 -0.16476 -0.05042 -0.98504 e
24.28079 78.32215 -0.42365 0.78875 -0.44543 e
24.30191 84.16260 0.74645 -0.26374 -0.61094 e
24.40133 75.14730 -0.03497 -0.94878 -0.31401 e
24.64112 54.62582 -0.28293 -0.32605 -0.90202 e
24.65756 78.53915 0.70550 0.43430 -0.56004 e
24.67961 66.67039 -0.25218 0.95747 0.14021 e
24.79500 76.46915 -0.27337 0.87577 -0.39786 e
25.81410 74.17654 -0.15696 0.65563 0.73858 e
25.82046 71.45963 0.31139 -0.50731 -0.80353 e
26.25212 84.84402 -0.57783 -0.64931 -0.49449 e
26.56565 77.23361 -0.22712 -0.87782 -0.42172 e
26.56808 67.01796 0.21151 0.97613 -0.04923 e
26.71222 65.94423 0.39380 0.72217 0.56867 e
26.74776 77.69653 -0.72513 -0.43318 -0.53529 e
27.27174 47.28619 0.05289 0.68457 -0.72703 e
27.50487 75.68928 -0.64520 -0.75587 0.11123 e
27.64692 64.97918 0.47284 -0.68090 0.55929 e
27.76858 41.48208 0.31964 0.09679 -0.94258 e
27.93332 57.47795 -0.30042 -0.90553 0.29959 e
28.01981 34.26447 0.36292 -0.90752 -0.21139 e
28.16806 64.58232 -0.14555 0.18175 -0.97251 e
28.27425 62.17344 -0.68160 -0.08932 -0.72626 e
28.52421 58.35650 0.45117 0.87287 -0.18588 e
28.95807 40.25334 0.73387 0.56659 -0.37472 e
29.02164 73.82551 0.12097 0.24083 -0.96300 e
29.14150 47.87118 -0.24655 -0.35952 -0.89998 e
29.30034 42.09450 0.52974 0.50758 -0.67951 e
29.45398 33.11413 -0.98000 -0.01642 -0.19834 e
29.50994 55.59306 -0.63096 -0.76073 0.15222 e
29.66178 59.96270 -0.94930 -0.27482 -0.15264 e
30.00953 37.33862 0.82666 0.49748 -0.26296 e
30.27183 79.51414 0.55701 -0.72901 0.39785 e
30.31941 47.18215 -0.73556 -0.52565 -0.42736 e
30.33731 82.59704 -0.84868 -0.52829 0.02546 e
30.33770 25.60419 0.71129 -0.67468 -0.19715 e
30.37884 23.93428 -0.23712 0.39405 -0.88797 e
30.40908 57.83842 0.93146 -0.35470 0.08108 e
30.45339 38.19751 0.67190 0.45421 -0.58502 e
30.55926 27.63319 0.78531 0.01032 -0.61902 e
30.77153 57.37679 -0.82784 -0.09139 -0.55347 e
31.33871 49.35465 -0.39226 -0.41821 0.81928 e
31.44753 64.85143 0.38438 0.19990 0.90127 e
31.50592 59.62229 0.87677 -0.42413 0.22668 e
31.75565 49.84202 0.21488 -0.81863 0.53261 e
31.85041 81.74667 -0.74795 -0.44729 0.49041 e
31.91497 54.05742 -0.21399 -0.88248 0.41886 e
32.25649 63.73401 -0.30608 0.86507 -0.39746 e
32.27073 54.13414 0.23350 0.74776 -0.62156 e
32.32759 36.29478 0.59567 -0.26903 -0.75684 e
32.51889 43.03737 0.77494 -0.43313 -0.46029 e
32.59231 80.64837 -0.85475 -0.42253 -0.30145 e
32.61938 81.67157 -0.76400 0.46569 -0.44659 e
33.16248 79.39752 -0.46951 -0.26370 -0.84262 e
33.22071 45.68694 -0.34649 0.59776 0.72293 e
33.29789 79.85304 0.47260 0.56200 -0.67883 e
33.68236 63.44765 0.58353 -0.24338 -0.77476 e
33.98479 43.50289 0.33502 -0.07617 -0.93913 e
34.14845 79.39024 0.65644 -0.61576 -0.43581 e
34.15390 44.28955 -0.67170 0.08673 -0.73573 e
34.17850 80.48847 0.87726 0.31349 -0.36351 e
34.21030 42.49414 -0.65329 0.75376 0.07116 e
35.34196 43.38657 0.14192 0.30138 -0.94288 e
35.62892 71.56847 0.55216 0.71907 -0.42197 e
35.68437 49.85748 0.73146 0.64378 -0.22474 e
35.80177 56.60966 0.25526 0.39872 -0.88083 e
35.84520 72.58657 0.78494 0.15900 -0.59882 e
35.86978 21.82141 0.99772 0.03543 0.05753 e
36.02572 66.07632 0.64912 -0.58309 -0.48851 e
36.31800 46.56954 0.68758 -0.40588 -0.60207 e
36.44784 73.78264 -0.88378 -0.16155 -0.43913 e
36.44889 38.75190 -0.41982 0.49173 -0.76286 e
36.58932 65.81675 -0.88765 0.11927 0.44480 e
36.59286 67.01823 0.18921 -0.02733 -0.98156 e
36.93541 38.03536 0.22800 0.62050 0.75033 e
36.97581 74.60823 -0.39815 -0.89703 -0.19186 e
37.38269 35.43083 -0.12770 0.02055 -0.99160 e
37.56671 81.57627 0.33741 -0.69446 -0.63551 e
37.98176 71.70467 0.60377 -0.78836 0.11807 e
38.07129 54.10030 0.77294 0.52271 -0.35962 e
38.22661 35.29514 0.03140 0.26481 -0.96379 e
38.23918 45.00745 0.02170 -0.91360 -0.40603 e
38.27143 82.70137 -0.29279 -0.95261 0.08248 e
38.75479 73.87004 0.03069 0.33700 -0.94100 e
38.78155 73.94388 -0.01852 0.81401 0.58055 e
39.07650 83.33143 -0.46151 0.87262 0.15983 e
39.10896 36.65971 -0.55194 -0.37498 -0.74481 e
39.26815 76.96901 0.68101 -0.55334 -0.47962 e
39.35899 32.66961 -0.29591 -0.15466 -0.94261 e
39.37628 57.35605 -0.93868 -0.00277 -0.34479 e
39.40829 81.13804 -0.41828 0.89650 -0.14601 e
39.45834 82.12865 0.80947 0.06522 -0.58353 e
39.54020 84.71179 -0.12246 0.89599 0.42685 e
39.58852 36.52171 -0.91378 -0.16573 -0.37086 e
39.90048 47.88478 -0.92161 -0.34124 -0.18490 e
40.04679 41.30280 -0.56888 0.81935 0.07094 e
40.16507 49.25803 0.39529 -0.71588 0.57555 e
40.20854 62.90686 -0.85828 0.14510 -0.49225 e
40.23686 51.58160 0.68533 -0.50543 -0.52428 e
40.24917 66.19962 -0.76914 0.61649 -0.16844 e
40.26620 51.30177 0.31136 0.22547 -0.92316 e
40.41649 47.48488 0.78273 -0.36271 -0.50574 e
40.50468 18.68564 0.43199 0.85979 0.27229 e
40.66447 81.51915 0.78993 0.44324 -0.42374 e
40.70465 82.75840 0.55530 -0.71830 -0.41915 e
40.94655 60.15278 0.78045 0.54370 0.30870 e
41.22972 57.67421 0.05855 -0.88077 0.46991 e
41.35781 58.95098 -0.44540 0.18545 -0.87592 e
41.41235 51.68376 -0.73990 -0.46033 0.49055 e
41.52131 58.21042 -0.48961 0.07674 -0.86856 e
41.55208 54.96476 0.04871 -0.15301 -0.98702 e
41.57810 80.59458 0.25071 -0.14563 0.95705 e
41.66737 42.12658 -0.05426 0.77385 -0.63104 e
41.87011 66.23519 -0.32361 0.82829 0.45739 e
41.88332 57.04732 -0.88764 -0.31138 -0.33930 e
42.10013 53.04767 0.38254 -0.92061 -0.07835 e
42.24779 73.76158 0.20108 0.85882 -0.47117 e
42.30974 64.07881 0.63292 -0.66790 0.39155 e
42.54054 23.82790 0.01402 0.82011 -0.57204 e
42.58914 73.48712 -0.41296 0.69345 -0.59041 e
42.60740 60.57555 0.30265 0.48195 0.82227 e
42.74909 31.43454 -0.08782 -0.88524 -0.45677 e
42.86174 46.76641 0.12111 -0.80982 -0.57404 e
43.06895 63.26211 0.19974 -0.96598 0.16427 e
43.24215 33.88425 0.20107 -0.62283 0.75608 e
43.35731 80.21890 0.75480 -0.65439 0.04521 e
43.38417 64.48065 0.05271 -0.85422 -0.51724 e
43.39653 30.64407 -0.77555 -0.11661 -0.62042 e
43.45827 42.62991 0.58012 0.71818 0.38430 e
43.49695 84.46696 0.92941 0.05395 0.36508 e
43.51317 44.96346 -0.59195 0.67461 0.44102 e
43.70247 77.50747 -0.10960 -0.91834 0.38031 e
43.71698 43.92739 -0.32496 0.80306 -0.49949 e
44.01880 78.53944 0.84228 -0.53331 -0.07837 e
44.12775 82.91497 0.79111 -0.41613 -0.44831 e
44.27120 57.27826 -0.55747 -0.10262 -0.82383 e
44.34415 30.05515 -0.87742 0.44439 0.18071 e
44.39792 42.45130 -0.96025 -0.27717 0.03325 e
44.47602 24.34304 -0.72989 0.42831 0.53274 e
44.83500 73.66583 -0.88960 -0.32367 -0.32226 e
44.85351 29.43559 0.65885 -0.71015 0.24819 e
45.67536 71.56647 0.52378 -0.33227 -0.78438 e
46.20902 40.97830 -0.81766 -0.37438 -0.43734 e
46.38957 49.17101 0.44144 0.84543 -0.30063 e
46.45300 46.49358 0.12824 -0.98366 -0.12640 e
46.45512 50.85385 -0.79815 -0.21845 0.56146 e
47.12821 49.58588 0.86924 -0.41803 -0.26395 e
47.23510 20.56142 0.35703 0.67342 -0.64733 e
47.34252 48.92834 -0.02963 0.99913 0.02921 e
47.41760 83.13947 0.84236 0.25031 -0.47726 e
47.43121 42.53734 -0.56570 -0.10213 -0.81826 e
48.18595 76.75347 0.58523 -0.31664 -0.74649 e
48.18668 41.82668 -0.12278 -0.24514 0.96168 e
48.19495 54.65041 -0.91394 -0.21924 -0.34154 e
48.23284 65.63221 -0.25320 0.50702 -0.82391 e
48.60148 59.14203 -0.26390 -0.45295 -0.85158 e
48.68173 32.34199 -0.72619 -0.64887 0.22718 e
48.77951 36.40156 0.19570 0.25499 -0.94693 e
49.16327 22.52233 -0.93583 0.26772 -0.22926 e
49.20468 50.26293 0.91753 0.16476 -0.36193 e
49.42685 48.61182 -0.17935 -0.54913 -0.81627 e
49.44177 78.13851 0.49326 0.86940 -0.02886 e
49.48889 79.52124 -0.93169 0.35822 -0.06028 e
49.75690 69.74883 0.68981 -0.69441 -0.20482 e
49.89008 45.08417 0.97981 -0.10185 -0.17205 e
50.13543 82.81871 -0.90257 0.40415 -0.14843 e
50.16187 54.50279 0.83627 0.53622 0.11450 e
50.42671 39.87257 0.66381 0.69476 -0.27688 e
50.44428 71.10425 -0.50798 0.22548 -0.83134 e
50.44482 73.31580 -0.41795 0.63503 -0.64965 e
50.68731 24.19812 -0.66679 -0.18598 0.72167 e
51.00213 74.54550 0.70028 0.64584 -0.30414 e
51.31628 10.16923 -0.62212 0.78230 0.03125 e
51.35456 36.51235 -0.71203 -0.46649 -0.52479 e
51.41981 22.16624 -0.70286 0.19296 -0.68466 e
51.63078 84.64898 0.09449 0.63033 -0.77056 e
51.67570 29.75496 0.69857 0.35319 -0.62230 e
51.89237 64.02557 0.04923 0.58649 -0.80846 e
51.95722 61.06154 0.46150 -0.88272 -0.08839 e
51.97251 84.13186 0.08619 0.36938 -0.92527 e
52.10994 31.21123 -0.87370 0.24350 -0.42115 e
52.13432 73.04623 0.28521 -0.68987 -0.66539 e
52.32615 77.59503 0.69612 0.03463 -0.71709 e
53.01715 37.90286 0.75637 0.50546 -0.41523 e
53.04947 40.49745 -0.69040 -0.66269 -0.29015 e
53.17723 15.08987 -0.54668 -0.36353 -0.75431 e
53.49315 67.93763 0.71512 0.32209 0.62037 e
53.61097 62.69422 0.73903 0.64916 -0.18008 e
53.63401 83.64506 -0.96900 0.22318 -0.10601 e
53.65921 39.88274 0.07351 -0.99248 -0.09792 e
53.82959 71.46245 -0.49724 -0.83725 0.22753 e
53.95469 33.65387 -0.52538 0.44021 -0.72814 e
54.06036 79.64903 0.98318 -0.18251 -0.00644 e
54.11009 50.82388 0.71324 -0.42581 0.55674 e
54.20056 53.96176 -0.63218 0.48441 0.60473 e
54.25933 66.22415 -0.29241 0.39441 -0.87117 e
54.37094 52.38382 -0.60185 -0.33026 -0.72712 e
54.71570 38.57856 -0.16664 0.96062 0.22237 e
54.72174 82.24643 -0.37390 -0.90699 0.19382 e
54.88188 70.81018 0.54357 0.36332 0.75665 e
55.13863 84.18061 0.39950 0.14893 -0.90455 e
55.55431 45.82568 0.65967 0.53471 0.52813 e
55.68298 40.60562 0.85282 0.13058 -0.50562 e
55.69152 54.90860 -0.08565 0.14315 -0.98599 e
55.70371 37.10875 -0.74302 -0.46725 0.47916 e
55.81036 84.40081 -0.36298 -0.18489 -0.91327 e
56.47453 60.75582 -0.47640 -0.63558 0.60752 e
56.60165 79.29215 -0.30242 0.33118 -0.89379 e
56.70996 45.56757 -0.33549 0.93596 -0.10694 e
56.72510 81.69794 0.77595 -0.31531 -0.54634 e
56.88628 82.33375 0.36083 -0.88680 -0.28877 e
56.89971 34.38175 -0.62987 -0.66696 0.39803 e
57.00264 33.22235 -0.96143 -0.27227 -0.03910 e
57.04041 56.97061 -0.70889 0.24846 -0.66011 e
57.17911 54.14864 -0.67942 -0.43529 -0.59069 e
57.24147 77.65569 -0.14574 0.65259 -0.74356 e
57.90224 71.56833 -0.99741 0.05979 -0.04009 e
58.45935 57.17208 -0.87666 -0.36811 -0.30978 e
58.59851 59.40794 -0.76723 -0.15362 0.62270 e
59.00144 42.64804 0.51816 0.01751 0.85511 e
59.03967 47.49838 0.65144 -0.58981 -0.47723 e
59.38884 57.85447 0.07074 -0.08637 -0.99375 e
59.57120 70.72119 -0.23529 -0.40470 -0.88366 e
59.92402 36.10624 -0.98159 -0.19093 -0.00554 e
60.20067 48.06091 0.11175 0.75641 -0.64448 e
60.40504 20.68750 -0.59964 0.57894 -0.55251 e
60.60883 76.50544 -0.16972 0.98324 0.06665 e
60.80979 63.77259 -0.58756 -0.59266 -0.55093 e
60.86888 63.27094 -0.84320 -0.05730 -0.53453 e
60.89641 45.87449 0.43290 -0.26094 -0.86285 e
61.15085 80.83651 0.09816 0.97153 -0.21564 e
61.17614 81.94830 0.76128 -0.11432 -0.63827 e
61.28931 61.86746 -0.57832 0.81555 -0.02064 e
61.62930 80.08725 -0.92876 0.33970 0.14833 e
62.29064 69.35583 0.99704 -0.03595 0.06794 e
62.51930 61.62795 -0.31589 0.66877 -0.67302 e
62.58044 61.23201 -0.45468 -0.23423 -0.85930 e
62.98031 83.74198 -0.35333 -0.35685 -0.86476 e
63.44329 45.77627 -0.27255 0.18551 -0.94409 e
63.92481 67.92189 0.98738 -0.10860 0.11527 e
63.99800 41.61757 0.28572 0.10736 -0.95228 e
64.01880 70.64081 0.69981 0.53012 0.47879 e
64.08425 67.33590 -0.86783 0.18640 0.46056 e
64.11922 37.12430 -0.01957 -0.89269 -0.45025 e
64.33195 55.50218 -0.20318 0.97833 -0.03973 e
64.41002 58.94001 0.24562 0.15057 -0.95760 e
64.52311 19.57876 -0.24043 0.03770 -0.96993 e
64.97045 62.76683 0.12379 -0.98559 0.11524 e
65.06842 75.37931 -0.80246 -0.49455 -0.33389 e
65.62928 52.63503 -0.92633 0.19854 0.32013 e
65.88833 73.95716 0.40050 -0.55325 -0.73042 e
66.05678 46.82047 0.26077 0.75741 -0.59861 e
66.10929 50.67842 0.05682 0.65283 -0.75537 e
66.48578 65.97620 -0.53757 0.71316 0.44992 e
66.58199 71.05718 0.87413 0.34599 0.34087 e
67.26718 67.46816 -0.28199 0.27917 -0.91790 e
68.18389 36.60338 -0.07940 0.66466 0.74291 e
68.24487 62.23395 0.82998 0.35242 0.43235 e
68.33298 32.55852 -0.07901 -0.99607 0.03997 e
68.44156 59.30765 -0.11416 -0.61619 -0.77928 e
69.13653 50.19533 -0.75237 0.21975 -0.62101 e
69.14181 61.00771 -0.73613 -0.66007 0.14975 e
69.47637 27.13579 0.69779 -0.61284 -0.37083 e
69.68305 76.34532 -0.99804 0.01695 -0.06027 e
70.40245 78.44532 -0.26161 -0.78081 -0.56735 e
70.43734 74.94674 -0.19794 0.46549 -0.86263 e
70.45110 29.02791 0.71137 -0.68424 0.16054 e
70.85031 78.01183 -0.95517 -0.28869 0.06556 e
70.96303 81.33540 -0.40937 0.86817 0.28052 e
71.46575 34.73072 0.30377 0.87386 -0.37959 e
71.69295 54.15242 -0.26189 0.23336 -0.93646 e
71.85102 33.30886 -0.93955 0.32879 0.09561 e
72.17556 70.44699 -0.02570 0.99473 0.09923 e
72.52598 56.05203 0.58127 -0.63559 -0.50809 e
72.56335 56.35968 0.07323 0.98548 -0.15317 e
72.81003 67.70419 0.97386 0.17452 -0.14541 e
72.84399 46.97180 0.39761 0.54289 -0.73972 e
72.93017 83.42749 0.30574 -0.79700 -0.52087 e
73.06296 76.60384 -0.49471 0.12459 -0.86008 e
73.10242 51.52497 0.28535 -0.95482 -0.08305 e
73.43682 35.65404 0.60867 0.70020 0.37315 e
73.76651 82.85529 -0.85093 -0.48743 -0.19577 e
73.99136 71.30485 0.87873 -0.34983 -0.32473 e
74.21646 57.84361 -0.56127 -0.28400 0.77738 e
74.22264 12.79667 -0.23165 0.96743 0.10204 e
74.69655 66.34176 0.66047 -0.56445 0.49515 e
74.85479 57.34239 -0.42496 -0.87327 0.23835 e
75.17650 42.02636 -0.69067 -0.01477 -0.72302 e
75.33079 68.91676 0.24925 -0.49627 -0.83162 e
75.41641 35.18392 0.56346 0.06455 0.82362 e
75.64853 70.46369 0.10524 0.95133 0.28965 e
76.08923 14.49392 -0.19641 -0.35687 -0.91327 e
76.20503 68.14293 0.72659 0.63231 0.26877 e
76.62676 52.82457 -0.46959 0.73866 -0.48359 e
76.84895 50.97163 0.30333 -0.38412 -0.87203 e
76.94716 69.66213 0.90477 -0.23966 0.35207 e
77.53935 56.46081 0.86796 -0.01003 -0.49654 e
77.99044 29.78687 -0.26763 0.55222 0.78958 e
78.60448 43.92916 0.20598 0.70387 -0.67981 e
78.82265 44.61434 0.16560 0.98438 0.05984 e
78.98483 18.09042 0.41600 -0.35400 -0.83763 e
79.08211 62.86426 -0.42138 0.70858 -0.56600 e
79.13098 74.82539 -0.40832 -0.36230 -0.83786 e
79.52459 74.16567 -0.16539 0.29153 -0.94215 e
80.30863 42.74654 -0.38216 0.64853 -0.65830 e
80.42028 84.11057 -0.89376 -0.43763 -0.09839 e
81.51084 73.26841 0.47814 0.87809 0.01853 e
81.53801 67.23508 0.79280 -0.31445 -0.52211 e
81.88551 33.74552 0.85542 0.51705 0.03036 e
81.92242 57.57923 -0.97458 0.13564 0.17832 e
82.11483 73.96564 0.78278 0.30811 -0.54067 e
82.29689 38.93482 0.41678 0.86442 -0.28121 e
82.48632 29.64086 0.66777 -0.36366 0.64948 e
82.96834 63.81669 -0.91216 0.06155 -0.40518 e
83.06908 49.89302 -0.50827 0.63487 -0.58189 e
83.43292 60.89267 0.53391 -0.84465 0.03876 e
83.62733 68.78295 0.27584 -0.95368 0.12005 e
83.76189 43.85498 0.48095 -0.60081 -0.63853 e
84.22452 58.00769 0.92309 0.37835 0.06896 e
85.08043 65.90744 -0.60908 0.43808 0.66114 e
85.26603 62.14339 -0.42550 0.88291 -0.19854 e
85.79107 77.53811 -0.20474 -0.96695 -0.15196 e
86.51017 47.99182 -0.61983 0.10829 -0.77723 e
86.65544 51.10687 0.47058 0.83488 0.28552 e
86.82773 72.70145 -0.87244 0.39936 -0.28172 e
86.90072 74.43476 -0.30669 0.93961 -0.15190 e
87.15324 31.43720 0.08595 0.97481 -0.20582 e
87.58653 64.68897 0.69029 0.68815 -0.22351 e
87.67276 75.22681 -0.87109 0.02833 -0.49031 e
87.92146 50.30306 0.01018 0.69995 -0.71412 e
88.50091 67.79278 0.02327 -0.00504 -0.99972 e
88.83616 64.61259 0.03617 -0.90636 -0.42096 e
89.03348 82.54049 0.76984 -0.25322 -0.58585 e
89.13490 24.30962 -0.09932 -0.96521 -0.24189 e
89.38451 53.12599 -0.69730 0.65346 -0.29454 e
89.51517 16.45793 0.96592 0.00438 0.25882 e
90.65736 53.42729 -0.69056 0.58089 0.43092 e
91.03356 52.31513 -0.17441 0.92629 -0.33401 e
91.31967 69.43372 -0.22218 0.06372 0.97292 e
91.54636 20.32501 -0.65538 -0.72748 0.20308 e
93.00021 21.52509 0.85549 -0.36166 -0.37059 e
94.30178 35.17020 0.97326 0.17482 0.14902 e
95.18412 34.66563 0.25018 -0.57423 0.77953 e
95.29808 77.13943 -0.11368 -0.83486 -0.53860 e
95.33461 21.18236 -0.14681 0.65342 -0.74262 e
95.56365 65.72133 0.02650 -0.40113 -0.91564 e
95.71949 64.83154 0.44580 -0.64424 -0.62147 e
96.01977 83.03613 -0.14765 0.54703 -0.82399 e
96.08161 23.33872 -0.75259 0.57244 -0.32545 e
96.54866 58.44580 -0.68889 -0.54992 -0.47224 e
96.88998 37.39818 0.14904 0.89440 0.42170 e
96.95147 73.74170 0.69950 0.50913 -0.50148 e
97.21918 21.78221 0.75100 0.26195 -0.60612 e
98.04360 78.29915 -0.35152 -0.46618 -0.81185 e
98.20571 37.98196 0.89849 -0.39015 0.20124 e
99.06150 63.70203 -0.79826 0.10748 -0.59264 e
99.13893 29.99758 0.61187 0.75235 -0.24411 e
99.49877 51.71132 0.73621 0.18536 -0.65088 e
99.92826 41.55840 -0.83370 -0.35327 -0.42443 e
100.05054 81.55906 -0.40780 0.88912 0.20776 e
100.39496 56.53268 -0.81387 -0.33966 0.47143 e
101.45648 66.00286 -0.47232 0.28241 -0.83496 e
101.75845 50.26252 -0.58524 -0.50935 -0.63092 e
101.86535 75.15169 0.61085 -0.47022 0.63699 e
102.70276 77.78550 -0.19348 -0.97579 0.10201 e
102.70553 30.66151 0.50390 -0.84463 -0.18079 e
102.73000 53.15555 -0.64419 -0.74470 0.17447 e
102.73097 28.61682 0.17811 -0.96038 -0.21435 e
102.86981 77.95715 0.63404 -0.19565 -0.74814 e
102.93874 41.87633 -0.00096 0.99803 -0.06274 e
103.62869 24.66403 -0.60613 0.71208 0.35433 e
103.79005 74.02572 -0.32263 -0.10643 -0.94052 e
104.33321 37.24840 -0.69616 -0.71787 0.00508 e
104.53316 46.31599 0.43427 -0.83074 -0.34825 e
104.94661 57.47222 0.13515 0.78940 -0.59882 e
105.17200 51.31529 0.11892 0.98496 -0.12533 e
105.18166 71.62097 -0.61428 -0.62133 -0.48642 e
105.22769 50.64805 -0.33924 0.28758 -0.89567 e
105.76343 28.76942 0.15015 0.98237 0.11139 e
106.21749 62.89489 -0.50933 -0.56497 0.64915 e
106.22956 50.30222 0.32423 0.91532 -0.23889 e
106.46071 38.61688 -0.61073 0.77680 0.15357 e
106.88116 61.69264 -0.49320 0.78924 -0.36587 e
106.99782 24.44310 -0.37543 -0.63237 0.67762 e
107.23845 27.18774 -0.73678 -0.65523 -0.16682 e
107.30192 46.65993 -0.50537 0.13643 0.85205 e
107.74081 62.90855 0.59700 -0.39902 -0.69597 e
109.65444 27.27740 0.75126 0.36128 0.55235 e
109.85219 73.08533 -0.81187 -0.43621 -0.38805 e
109.94666 36.63111 -0.15482 -0.32071 -0.93444 e
110.06922 53.71630 -0.38344 0.16260 -0.90914 e
110.14814 41.50410 -0.69168 -0.32960 0.64261 e
111.41843 22.18291 -0.93613 0.16492 0.31058 e
112.07692 55.78196 -0.36213 0.71507 -0.59795 e
112.67357 30.68544 -0.41143 -0.84865 0.33244 e
113.02904 72.22420 0.18621 -0.98251 0.00257 e
114.20872 76.40834 -0.75802 -0.55718 0.33905 e
114.31083 55.58225 0.29278 0.92041 -0.25907 e
114.31368 72.89814 -0.35265 -0.88923 0.29139 e
114.36965 56.20573 -0.70513 -0.48043 -0.52151 e
114.83218 29.91153 -0.73216 0.26609 0.62701 e
114.85714 42.79508 -0.47077 -0.59722 -0.64939 e
114.95969 77.56537 -0.11889 -0.92752 0.35435 e
115.54292 82.20538 -0.78209 0.57722 -0.23486 e
116.04647 40.79713 0.60106 0.00106 -0.79920 e
116.40793 80.50706 -0.18626 -0.78060 0.59663 e
116.44064 38.55222 0.04182 -0.20687 -0.97747 e
117.13997 60.73813 0.57901 -0.37636 -0.72326 e
117.33574 65.28757 0.27619 0.77895 0.56299 e
117.35592 40.83103 0.68236 -0.65286 0.32888 e
117.81164 55.04270 0.77407 0.37020 -0.51359 e
117.97762 35.19909 0.10839 -0.96753 0.22833 e
118.39703 75.24665 -0.00798 0.56713 -0.82359 e
118.99172 24.89719 0.94624 0.26207 -0.18962 e
119.06036 63.15252 0.89479 0.08482 0.43835 e
119.12602 64.00146 -0.66636 0.01888 -0.74539 e
119.61176 22.69198 -0.20659 0.97745 -0.04377 e
120.04231 82.96664 -0.13962 0.95297 -0.26898 e
120.68241 44.90999 -0.52662 0.31622 -0.78910 e
121.09345 41.48974 0.35054 -0.51610 -0.78151 e
121.92540 58.48532 -0.21038 -0.95395 -0.21382 e
122.03746 45.77410 0.62214 0.74651 -0.23593 e
122.28842 38.70884 0.80247 0.54568 0.24140 e
123.66474 64.11357 0.79675 0.57742 0.17825 e
123.76349 84.50052 -0.51835 -0.43949 0.73360 e
124.03166 59.09976 0.68605 -0.72701 0.02829 e
124.23300 44.01338 0.79987 0.15027 -0.58106 e
124.32916 24.20888 -0.73119 -0.29915 -0.61308 e
124.46620 52.33475 0.82594 0.11408 0.55210 e
124.71278 84.02048 -0.72164 0.67752 -0.14211 e
124.75470 31.39331 0.14796 0.97697 -0.15376 e
125.35162 46.08903 -0.21559 -0.87620 -0.43103 e
125.46704 41.78303 0.15176 0.88762 -0.43485 e
125.50460 63.48978 -0.10904 0.91480 -0.38892 e
125.74532 12.06217 -0.67154 0.66727 -0.32217 e
125.92710 68.96764 0.71828 -0.01068 -0.69567 e
126.32798 24.65553 -0.61960 -0.09251 -0.77945 e
127.39661 42.57794 -0.90185 -0.29052 0.31978 e
127.88345 31.74258 -0.74863 -0.32017 -0.58055 e
128.10596 47.50615 0.49035 0.87005 0.05071 e
128.49226 84.11244 -0.07083 0.29483 0.95292 e
128.58216 44.06571 0.78513 -0.15534 -0.59953 e
128.64315 39.22803 -0.84272 0.10599 -0.52781 e
128.84479 76.70361 0.47796 0.82978 -0.28814 e
128.88372 48.87865 0.53127 -0.84503 -0.06066 e
129.06794 59.33685 -0.35741 0.59027 -0.72377 e
129.13623 76.43358 -0.60199 -0.32640 -0.72875 e
129.15434 41.65320 -0.50953 0.59542 -0.62117 e
129.27356 34.75521 -0.68798 -0.51774 -0.50855 e
129.87623 21.08031 -0.58885 -0.43337 0.68224 e
129.91126 73.10073 0.78996 -0.05038 -0.61109 e
130.33703 55.57695 -0.36468 0.89832 -0.24503 e
130.36412 77.08487 0.87423 -0.47319 0.10873 e
130.44832 20.13404 -0.71182 0.63647 -0.29700 e
130.83448 34.35950 -0.83014 -0.40267 -0.38565 e
130.89430 29.10168 -0.64912 -0.75796 0.06436 e
131.16336 41.11481 0.68737 0.19829 -0.69872 e
131.62294 29.84066 -0.72853 0.46571 0.50235 e
131.98015 51.61536 0.52143 0.70577 -0.47958 e
132.32832 20.93555 -0.95294 0.27125 -0.13539 e
132.34494 35.29151 0.66092 0.71133 0.23917 e
132.48206 52.22627 -0.42436 -0.31028 -0.85067 e
132.94044 78.57884 -0.23766 -0.27511 -0.93158 e
133.81073 43.00579 -0.62435 0.37000 -0.68796 e
133.86817 31.33243 0.31967 0.25805 -0.91171 e
134.10566 13.67664 0.65786 0.61260 0.43812 e
134.26579 80.91056 -0.34283 -0.87784 0.33446 e
134.43760 22.73428 0.82297 0.16330 -0.54410 e
134.53630 71.88853 0.07254 0.98555 0.15309 e
134.65267 53.45096 -0.74007 0.61354 -0.27543 e
134.94636 36.67758 0.36921 0.84408 0.38885 e
134.99581 50.18169 -0.95766 -0.23554 -0.16558 e
135.02673 63.17867 -0.80605 0.22065 -0.54918 e
135.05647 48.08764 -0.71280 0.04831 0.69970 e
135.13046 67.55178 0.78737 -0.13331 -0.60190 e
135.27756 46.61580 -0.68905 0.04848 -0.72309 e
135.50172 57.18949 0.62109 -0.18364 -0.76193 e
135.51212 44.08025 -0.78059 0.62502 -0.00574 e
136.52342 60.46276 0.79750 0.06992 -0.59925 e
136.84032 46.80355 -0.95338 -0.07727 0.29171 e
137.73945 67.07667 0.88114 0.42111 0.21507 e
138.01002 41.99524 -0.00026 0.79113 -0.61165 e
138.10325 49.15614 0.24961 -0.79697 -0.55003 e
138.26127 30.15097 0.60036 -0.73040 0.32571 e
138.59732 61.09385 -0.47436 -0.09994 -0.87464 e
138.62386 79.09439 -0.24635 -0.88910 0.38576 e
138.64129 32.97927 -0.45406 0.24809 0.85573 e
138.76003 76.40901 0.30574 0.94369 -0.12642 e
139.92845 23.69351 -0.66348 0.46459 -0.58647 e
140.94435 55.16071 0.18251 0.39800 -0.89905 e
141.50447 70.59856 0.45965 -0.43284 -0.77548 e
141.68639 62.72719 -0.76584 0.63604 -0.09459 e
142.60441 38.73489 0.45021 -0.24356 -0.85906 e
142.73500 63.85766 -0.71439 -0.69946 0.01988 e
142.90401 38.70394 -0.14811 -0.61733 -0.77264 e
142.99076 34.36109 -0.31577 0.12639 0.94038 e
143.23615 37.56658 0.19035 -0.52798 -0.82765 e
143.53129 36.41363 -0.18172 0.82737 0.53144 e
143.64694 35.42889 0.08303 0.77489 -0.62662 e
143.84948 77.03303 0.83240 0.54538 0.09833 e
145.15608 52.83388 -0.32169 0.11762 -0.93951 e
145.31769 78.99849 -0.38120 0.02233 -0.92422 e
145.92709 35.95232 -0.34680 -0.91532 -0.20474 e
146.10800 39.80915 -0.77735 -0.47954 0.40714 e
146.45008 67.92147 0.58942 0.80603 -0.05383 e
146.59731 32.08940 0.15926 -0.83800 0.52191 e
147.09248 75.31025 0.37549 -0.28384 -0.88229 e
147.13468 50.54216 0.75191 -0.32395 -0.57419 e
147.29332 55.61498 0.95756 -0.04940 -0.28397 e
147.37154 71.21725 -0.85393 -0.34791 -0.38698 e
148.18951 52.20726 0.82606 0.25803 -0.50104 e
148.21238 80.75216 0.11295 -0.91738 -0.38164 e
148.42576 40.54800 -0.67754 0.41690 -0.60591 e
148.46824 25.76332 0.59561 -0.41729 -0.68637 e
148.89983 82.05170 -0.92400 0.29580 -0.24232 e
149.66235 40.27464 -0.10395 0.75243 -0.65041 e
149.91743 49.27510 0.86798 0.40521 0.28707 e
150.52877 37.21254 0.73185 -0.05309 -0.67939 e
151.10020 66.19911 -0.97951 -0.15130 0.13291 e
151.36763 63.49262 0.92317 0.15534 -0.35159 e
151.63821 34.04849 0.50459 0.85570 0.11472 e
151.65456 51.65957 0.55919 0.55366 -0.61706 e
151.67021 69.15057 0.43654 -0.28918 -0.85194 e
152.06289 36.98826 0.53939 -0.80915 -0.23311 e
152.10133 63.68367 0.79147 -0.61053 0.02860 e
152.29658 78.49142 -0.55361 -0.82699 0.09799 e
152.32059 84.56999 0.69690 -0.33800 0.63253 e
152.36670 50.59809 0.59834 0.49892 -0.62695 e
152.76841 47.80358 0.29167 -0.30629 -0.90615 e
153.60331 36.20355 0.24246 -0.93933 0.24265 e
153.98833 61.95206 -0.81212 0.58293 0.02555 e
153.99388 58.26795 -0.58034 -0.07257 -0.81114 e
154.64776 59.85365 -0.59803 -0.53601 -0.59587 e
154.84905 44.45121 -0.59036 -0.76558 -0.25566 e
154.94012 80.36132 -0.29620 -0.95512 0.00382 e
156.99594 27.92001 -0.80703 -0.59022 0.01855 e
158.00502 35.91287 0.97003 -0.23916 -0.04301 e
158.89250 75.45330 -0.04766 0.28791 -0.95647 e
159.21644 62.83839 0.62160 0.69124 -0.36851 e
159.37026 26.67703 -0.81834 -0.43139 0.37978 e
159.82516 54.21553 0.92103 0.33691 -0.19543 e
160.56859 43.36115 0.08738 0.16794 -0.98192 e
161.74368 33.08416 -0.44548 -0.18345 -0.87630 e
162.76818 45.10737 -0.81256 0.03523 0.58181 e
163.95679 13.19061 -0.89889 -0.34836 0.26578 e
163.97211 43.16333 0.10348 0.07149 -0.99206 e
164.32299 66.55928 -0.06394 0.99748 -0.03058 e
164.82761 57.84998 -0.13516 0.80764 0.57398 e
165.05830 72.93613 0.51847 -0.20153 -0.83101 e
166.02346 67.11894 0.46979 -0.84751 -0.24703 e
166.95643 82.35401 0.50567 0.45063 -0.73569 e
167.27898 34.50671 -0.18655 -0.38332 -0.90458 e
167.41646 70.57511 0.20812 0.21227 -0.95479 e
167.49223 53.47161 0.29167 0.94188 -0.16674 e
167.49325 68.49174 -0.28609 -0.81466 0.50446 e
167.83187 74.59187 -0.55461 -0.53023 -0.64129 e
168.84666 42.31777 -0.33110 -0.78782 -0.51934 e
169.19459 60.13557 0.06077 0.97565 -0.21077 e
169.33700 44.39000 0.10949 0.54694 -0.82998 e
169.43296 17.14476 0.05144 -0.73149 -0.67991 e
169.45051 67.92939 -0.35370 -0.18043 -0.91779 e
169.71037 44.39193 0.89322 -0.14082 -0.42701 e
169.88792 28.60354 0.04662 0.72772 -0.68429 e
169.97494 61.21097 0.73246 -0.30227 -0.61003 e
170.64961 19.08909 0.62227 0.78263 -0.01667 e
170.69732 71.30835 0.04779 -0.53552 -0.84317 e
171.00491 32.86853 0.37145 0.07319 -0.92556 e
171.63250 68.66266 0.64542 -0.67993 -0.34802 e
171.64387 44.45731 0.18140 -0.03739 -0.98270 e
172.16403 32.77771 0.96742 -0.21041 -0.14078 e
173.52979 54.61667 0.89477 -0.39986 0.19875 e
173.57722 69.57892 0.58233 -0.00818 -0.81291 e
173.97565 56.79977 -0.88875 0.19773 -0.41354 e
175.54665 48.27188 0.39335 0.06439 -0.91713 e
176.07992 26.23652 0.04985 0.60681 -0.79328 e
176.31730 63.72030 0.66348 0.40145 -0.63137 e
177.22242 59.51116 0.27136 -0.74375 -0.61090 e
177.33007 75.33947 0.42216 0.37240 -0.82650 e
177.84496 23.76062 -0.88430 -0.09466 -0.45722 e
178.09094 76.65634 0.71444 0.68436 -0.14565 e
178.42161 32.79590 -0.71548 -0.61861 -0.32466 e
178.54838 57.86543 0.82220 0.17246 0.54244 e
179.20764 64.41180 0.77288 -0.02971 -0.63385 e
180.11381 75.18884 -0.02791 -0.15648 -0.98729 e
180.23714 37.04353 -0.34620 0.68860 -0.63717 e
181.58634 37.56128 0.54194 -0.68048 -0.49321 e
182.19114 66.21985 0.77570 0.62901 0.05146 e
182.49933 46.58605 -0.96413 -0.21534 -0.15520 e
182.75806 21.78695 -0.76677 -0.05404 -0.63965 e
183.00232 35.30788 0.30503 -0.83056 0.46597 e
183.29587 48.63421 0.19245 -0.00295 -0.98130 e
183.69341 27.97565 -0.46091 -0.07209 -0.88451 e
185.02990 47.31524 -0.80344 0.58387 0.11650 e
185.66437 69.08427 0.40694 -0.30663 -0.86045 e
185.67012 50.49799 0.88872 -0.04174 0.45654 e
186.21804 35.61290 -0.81282 0.55468 0.17792 e
187.50121 58.41795 -0.58008 -0.60303 -0.54760 e
188.09113 27.62223 -0.36877 -0.86991 -0.32751 e
188.11554 73.34085 -0.39453 -0.90012 -0.18472 e
188.17024 43.40785 -0.50218 -0.82264 0.26661 e
188.22550 62.19758 -0.72962 0.38636 0.56425 e
188.25022 27.70545 0.43919 0.66822 -0.60050 e
188.37530 57.63549 0.63093 -0.19134 -0.75187 e
188.92609 58.83564 -0.29129 0.78303 0.54955 e
189.14119 46.19474 0.90823 0.15686 -0.38795 e
189.32829 64.50116 0.74542 0.37692 0.54980 e
189.90541 72.96540 -0.52303 0.22939 -0.82087 e
190.41815 31.81224 0.30398 -0.24119 0.92164 e
190.47808 47.38821 -0.47815 0.80549 -0.35008 e
190.69805 18.13572 -0.21611 -0.37130 -0.90301 e
191.19640 44.29109 0.86966 -0.10094 -0.48323 e
191.66488 25.61357 0.43771 0.38040 0.81468 e
193.18308 68.27553 -0.33351 0.28760 -0.89781 e
193.39094 73.42705 -0.62151 0.75074 -0.22385 e
193.54924 71.15562 -0.37410 0.77885 -0.50342 e
193.70643 61.24725 -0.54500 -0.67450 -0.49801 e
194.22654 43.86878 -0.15293 0.33637 0.92923 e
195.71226 36.90290 -0.17417 -0.42106 -0.89016 e
196.06016 30.69658 -0.26536 -0.21687 -0.93944 e
196.54150 16.73596 0.90750 -0.41005 -0.09106 e
196.94357 25.46751 0.73131 -0.57884 -0.36074 e
197.89971 41.68015 -0.83866 0.09560 -0.53619 e
199.12904 72.34648 -0.31201 0.58134 -0.75146 e
199.16474 33.95339 -0.73126 -0.50741 -0.45585 e
200.04089 36.68501 0.55786 -0.09457 0.82453 e
200.23428 79.62943 0.10572 -0.72216 -0.68360 e
200.59453 74.29074 0.48802 0.49897 -0.71615 e
200.80101 42.31499 -0.62210 -0.10100 -0.77639 e
200.94653 73.81698 -0.19579 -0.98049 -0.01755 e
201.92834 46.52923 0.62716 0.77422 -0.08522 e
202.48329 37.81778 0.47167 -0.37317 -0.79892 e
203.85671 46.35445 0.85174 0.44780 0.27206 e
204.27049 34.46100 -0.20083 -0.90128 -0.38389 e
205.03352 34.10357 0.36102 0.71618 -0.59729 e
205.81488 27.20537 -0.44553 0.50178 0.74143 e
205.96004 32.33507 -0.67612 -0.73459 0.05689 e
206.23894 54.36531 -0.71480 -0.30777 -0.62797 e
207.46208 72.18816 -0.45541 -0.53788 0.70943 e
207.72014 32.61771 -0.08266 0.31751 -0.94465 e
208.70705 33.32055 -0.29556 0.50068 -0.81361 e
209.53643 22.17109 -0.00227 -0.52567 -0.85069 e
210.07476 44.41811 -0.82639 -0.53125 -0.18671 e
210.25794 39.94107 0.81870 -0.42015 -0.39140 e
211.11136 65.70953 0.21945 0.92074 0.32261 e
211.94369 55.06990 -0.13341 0.88710 -0.44188 e
211.94500 21.92101 -0.80828 -0.35214 0.47190 e
211.99533 39.44557 0.36974 -0.37349 0.85076 e
212.72439 43.47394 0.16080 -0.23858 -0.95772 e
213.22965 49.25959 0.14255 -0.52652 -0.83813 e
213.43922 57.49019 0.06798 0.99076 0.11735 e
214.17545 54.19145 0.75942 0.50089 0.41519 e
214.44549 48.39547 0.96102 -0.26789 0.06837 e
214.51449 65.10540 0.27219 -0.52105 -0.80896 e
214.73403 63.86463 0.42902 -0.90289 0.02715 e
215.10888 70.53032 0.33432 -0.72307 -0.60449 e
215.86529 53.66607 0.46010 -0.85080 -0.25387 e
216.27483 31.07409 0.32581 0.42019 -0.84693 e
216.73273 57.22800 -0.62318 -0.45515 -0.63599 e
216.85834 47.02237 -0.86487 -0.48936 -0.11191 e
216.96024 53.56456 -0.62639 -0.76867 -0.12955 e
217.63155 37.73987 0.17671 0.44888 -0.87594 e
218.03366 62.19529 0.58830 -0.65290 0.47709 e
218.58113 64.05381 0.04500 -0.43608 -0.89878 e
219.72044 80.47534 -0.41808 0.45377 0.78696 e
220.51701 78.48347 0.57132 -0.09423 0.81530 e
220.52172 44.65029 -0.22757 0.95363 0.19700 e
221.15789 36.95005 0.32229 -0.64620 -0.69178 e
221.29952 26.00668 -0.04719 -0.16561 -0.98506 e
221.77017 79.25516 -0.39076 0.58456 -0.71106 e
222.18340 25.92658 0.56371 -0.05956 -0.82382 e
222.79583 74.05575 0.36804 0.90651 -0.20685 e
222.84739 51.28342 -0.45241 0.02217 -0.89154 e
223.03087 65.39418 -0.41181 0.83896 0.35574 e
223.29793 73.02666 -0.85788 0.50376 -0.10130 e
223.52221 57.45077 0.62447 -0.04700 -0.77964 e
223.99580 24.45361 0.22506 0.97006 -0.09129 e
224.01644 75.72458 0.05662 -0.39941 -0.91502 e
225.27385 42.14447 -0.19410 -0.85758 -0.47632 e
225.44335 58.37852 -0.27123 0.54640 -0.79239 e
225.64968 69.78415 0.81683 0.39807 -0.41752 e
227.08541 57.78984 -0.39151 -0.86013 -0.32694 e
228.63850 20.21598 0.20691 -0.77241 0.60047 e
230.83536 46.94582 0.68780 -0.58358 -0.43170 e
231.29580 24.46123 0.22804 0.61901 -0.75155 e
233.04148 41.64730 0.17174 0.72013 -0.67225 e
233.11646 24.84323 0.41132 -0.78371 -0.46543 e
233.42848 79.60496 -0.41646 -0.77385 -0.47719 e
233.48523 31.90754 0.55092 -0.78187 -0.29182 e
233.76609 55.63680 -0.06294 0.23348 -0.97032 e
234.80409 24.87566 0.26622 -0.22488 -0.93731 e
235.34269 57.87357 0.48438 0.87267 -0.06191 e
236.77772 82.34234 -0.23083 0.90051 -0.36852 e
236.88146 24.75121 0.10326 0.68329 -0.72281 e
237.59145 81.72173 0.62776 0.27334 -0.72884 e
237.83842 32.17038 0.50917 0.62417 -0.59259 e
238.39669 27.55900 0.33677 0.63216 -0.69782 e
240.17792 58.91278 -0.27639 -0.82162 -0.49855 e
241.07742 58.05322 -0.92004 -0.31786 0.22912 e
241.10460 21.43210 0.41723 0.90880 -0.00023 e
241.79770 66.53733 -0.64101 0.14951 -0.75283 e
241.93019 45.19116 0.41524 0.41513 -0.80947 e
242.48293 26.83569 -0.18209 0.70148 -0.68903 e
242.57320 59.42249 -0.19877 0.88588 -0.41917 e
242.80260 21.10976 -0.46574 0.10386 -0.87881 e
243.70364 59.87206 0.17937 0.82242 -0.53986 e
244.60363 21.93340 0.04541 -0.15543 -0.98680 e
244.92078 39.22346 -0.18089 -0.56052 -0.80814 e
245.46042 36.86599 0.17819 -0.91967 -0.34994 e
246.01892 70.24827 0.65292 0.54122 0.52988 e
246.90835 44.64950 0.92824 -0.20590 0.30980 e
247.06012 58.56604 0.65223 -0.68741 -0.31947 e
247.89366 80.56673 0.45676 0.53312 -0.71215 e
248.03809 69.82951 0.50298 -0.86344 -0.03856 e
248.61756 58.16557 0.75203 -0.62792 0.20044 e
249.01816 24.14358 -0.13936 0.77297 0.61895 e
249.26634 39.08614 -0.82940 0.16478 -0.53380 e
249.83597 71.41796 0.82681 -0.38100 -0.41379 e
249.93279 78.98814 -0.35828 -0.06000 -0.93169 e
250.19109 41.16404 0.49693 0.83981 -0.21858 e
250.64871 20.29592 -0.34079 0.69141 -0.63704 e
250.68015 32.42928 0.09197 0.55783 -0.82484 e
250.81523 23.58449 -0.70911 0.52023 0.47595 e
251.05575 78.72040 -0.05045 0.00503 -0.99871 e
251.06842 24.37986 0.81223 0.54443 -0.20947 e
251.34475 83.69982 -0.17792 0.46678 -0.86629 e
251.70046 71.78371 0.28968 0.74383 -0.60234 e
251.97776 32.36357 -0.36171 -0.87268 -0.32803 e
252.96885 76.02236 -0.68258 -0.72840 0.05931 e
253.56850 56.82472 0.94438 0.23218 -0.23289 e
253.75594 31.64822 0.97722 0.04577 -0.20722 e
255.08149 38.64442 0.95494 0.13100 -0.26634 e
255.28686 62.22073 -0.88154 0.19024 -0.43209 e
255.71086 59.95985 -0.36107 -0.73519 -0.57369 e
256.07910 81.62249 -0.53232 0.81079 -0.24343 e
256.30276 29.52310 -0.38524 0.85882 -0.33768 e
256.51157 34.68778 0.38316 -0.04762 -0.92245 e
256.78669 58.27419 0.87708 -0.39036 -0.27990 e
258.30741 35.10972 0.96731 0.13271 -0.21611 e
258.36273 40.88464 -0.66448 0.68065 -0.30852 e
258.91809 38.98422 0.23921 -0.35059 -0.90546 e
258.98914 30.28890 -0.91775 -0.28166 -0.28000 e
259.75795 62.25510 -0.39307 0.47323 -0.78838 e
261.05540 47.66490 0.77897 0.47448 0.40996 e
261.39917 53.22247 0.18910 -0.27210 -0.94350 e
262.47543 47.27197 0.24466 -0.35239 -0.90331 e
262.96051 18.57445 0.90348 0.42595 0.04787 e
263.17506 80.61260 -0.39314 -0.90621 -0.15564 e
263.70029 72.87442 0.66833 0.08248 -0.73928 e
264.97150 44.95496 -0.24990 0.58434 -0.77207 e
265.27763 69.39136 -0.89141 0.12558 0.43545 e
265.32794 53.75984 0.09386 0.32632 -0.94059 e
267.21239 69.01313 -0.06854 -0.19984 -0.97743 e
267.65188 36.80215 0.10732 0.74386 0.65966 e
268.45174 38.35454 -0.72025 -0.48170 0.49921 e
268.53761 40.60803 -0.81017 -0.19285 -0.55357 e
269.60167 51.61979 -0.18192 -0.11956 -0.97602 e
269.66526 65.22260 0.68471 -0.69667 -0.21404 e
270.19524 36.53307 0.39187 -0.91365 -0.10803 e
270.39463 37.42229 0.03902 -0.98508 0.16759 e
270.93594 74.91499 -0.13761 -0.24471 -0.95978 e
271.44916 49.74491 -0.03206 0.91482 -0.40260 e
271.71682 34.52298 -0.04044 0.19038 -0.98088 e
271.73804 24.81979 -0.69419 0.65159 -0.30584 e
271.83048 35.89474 -0.07081 -0.71330 0.69727 e
272.84884 59.05187 0.92236 -0.21632 -0.32008 e
274.95736 41.19118 0.73874 0.59748 0.31191 e
275.73250 15.82365 -0.13275 0.51232 -0.84847 e
276.94074 45.30749 0.16803 0.62016 0.76627 e
278.67969 75.57019 -0.70433 0.52428 0.47859 e
279.51716 43.04688 -0.34117 -0.71433 -0.61101 e
280.00964 56.45933 -0.71215 -0.10777 -0.69370 e
281.14056 77.66865 -0.35211 0.43883 -0.82671 e
281.72791 32.82324 -0.64385 0.71995 0.25910 e
281.88067 48.59512 0.68746 0.12266 -0.71579 e
282.28510 73.85969 0.35849 -0.89785 -0.25562 e
284.07195 20.53236 0.89274 -0.42673 -0.14464 e
284.56871 46.25607 0.26435 0.62525 -0.73429 e
285.26437 43.22849 0.68298 -0.55334 0.47681 e
285.70282 38.87930 0.38644 -0.90452 -0.18030 e
286.27751 22.86343 -0.16769 -0.80498 -0.56911 e
286.86274 68.18325 0.57942 0.43504 -0.68921 e
286.89621 66.81966 0.25336 0.96661 0.03846 e
287.04191 40.57966 -0.84517 0.33528 0.41626 e
287.16740 38.71238 0.50214 -0.84688 0.17507 e
287.17497 47.18418 -0.16676 -0.97092 -0.17178 e
287.70316 40.94323 -0.45059 0.74970 0.48468 e
288.01984 39.79190 0.22851 0.56667 0.79162 e
288.24374 73.29019 0.75044 0.66063 -0.02006 e
288.34830 72.21948 -0.45869 -0.78857 -0.40958 e
288.41677 30.70978 -0.23560 -0.05972 -0.97001 e
288.59497 46.52072 -0.48582 0.82591 0.28609 e
288.86023 35.39809 0.22034 -0.88786 -0.40393 e
290.06359 50.58028 -0.61476 0.46413 -0.63769 e
290.12335 49.52977 -0.11244 0.49087 -0.86394 e
290.51770 80.13201 0.31824 0.91558 -0.24582 e
291.11718 52.88342 -0.57768 -0.66121 -0.47862 e
292.05514 78.58883 -0.16670 -0.19481 -0.96657 e
292.80659 58.86590 -0.26109 0.31140 -0.91371 e
293.02141 39.39989 0.81823 -0.30194 -0.48921 e
293.18363 82.03867 -0.84730 0.48072 -0.22583 e
293.86186 32.96685 0.02473 -0.33716 0.94112 e
295.29650 40.18327 -0.02813 0.43233 -0.90127 e
295.67221 60.56573 -0.76472 -0.25521 -0.59166 e
295.73918 29.48889 -0.96243 0.26724 0.04810 e
295.88336 39.33573 0.22016 0.15601 -0.96291 e
296.11865 47.65298 -0.55672 -0.29987 -0.77469 e
296.38725 46.21403 0.07493 0.95708 -0.27998 e
296.40700 57.42908 -0.18762 0.67957 -0.70921 e
296.88386 39.17834 0.29205 0.40654 -0.86569 e
297.11267 46.98968 -0.65511 -0.75434 0.04258 e
297.37482 64.16650 0.27260 0.37620 0.88553 e
297.93980 50.34957 0.59800 -0.72493 0.34187 e
298.81827 38.76386 -0.27878 -0.53917 -0.79471 e
300.65239 82.96367 0.55889 0.43726 -0.70459 e
301.05794 42.02375 -0.32400 0.04449 -0.94501 e
301.55148 84.37179 -0.98922 0.09957 -0.10739 e
301.62804 58.48945 0.35490 -0.65178 -0.67025 e
301.96747 17.95946 -0.27517 -0.92497 0.26211 e
302.24076 81.36775 -0.49914 -0.86098 0.09782 e
303.09666 60.53651 -0.94571 0.15509 -0.28561 e
303.72219 48.08781 -0.72855 0.61097 -0.30973 e
304.45833 33.59843 -0.75801 -0.29369 -0.58237 e
304.57360 18.41612 0.32233 -0.32073 0.89064 e
306.17845 68.11721 -0.86849 -0.31558 0.38228 e
306.59019 50.32055 -0.53985 -0.38785 -0.74709 e
306.68380 26.46183 0.99533 0.06385 -0.07241 e
306.75620 45.06730 0.18527 -0.24462 -0.95176 e
307.01167 27.19135 -0.72650 0.64433 -0.23881 e
307.07887 59.18258 0.89355 -0.36417 0.26258 e
307.22076 58.29235 -0.27455 0.09634 -0.95673 e
308.10638 64.19396 0.95042 0.15011 -0.27233 e
308.49471 46.71484 -0.31697 0.90334 -0.28896 e
310.32590 43.55296 0.93179 -0.28388 0.22623 e
311.11867 71.59074 -0.96739 -0.24201 0.07474 e
312.05985 60.92038 0.48029 0.55012 -0.68315 e
312.09444 70.22741 -0.96015 -0.24643 -0.13187 e
312.10046 31.89732 0.73795 -0.22310 -0.63691 e
312.52372 71.66891 -0.57065 0.31196 -0.75963 e
313.20668 58.43096 0.66838 -0.72257 -0.17654 e
313.42037 27.12893 -0.33193 -0.84028 -0.42867 e
313.47394 26.95719 0.22268 0.56494 -0.79451 e
315.27392 55.07655 0.11886 0.62918 0.76812 e
315.55156 55.54542 -0.74649 -0.55178 0.37187 e
315.74095 36.74641 0.01560 -0.46251 -0.88648 e
315.91382 26.09294 0.68156 0.25128 0.68727 e
318.08070 65.87117 -0.83849 -0.53313 -0.11272 e
318.32163 55.99686 0.17497 0.37230 0.91147 e
318.80067 23.48960 -0.91928 -0.08216 0.38494 e
318.97782 48.64933 0.22857 0.88654 -0.40224 e
319.60883 54.79320 -0.43389 0.65190 -0.62190 e
320.36335 60.76033 -0.22537 0.57489 -0.78658 e
320.54671 63.64485 -0.08001 -0.97994 -0.18255 e
321.68056 32.82947 0.55023 -0.82907 -0.09938 e
322.25431 64.21428 0.48986 -0.37585 -0.78662 e
322.87444 28.10808 0.98454 0.10504 -0.14019 e
323.58448 37.67504 -0.04935 0.61830 -0.78439 e
323.95044 75.43922 -0.40606 -0.36580 -0.83744 e
324.11098 49.67994 -0.92092 0.02989 -0.38860 e
324.77355 44.81853 0.52591 0.82874 0.19136 e
324.84881 53.30327 -0.74648 0.35316 -0.56396 e
325.01496 28.90439 0.47112 0.87874 -0.07656 e
325.21105 67.07146 0.90491 -0.36328 -0.22174 e
326.56518 25.79653 0.24596 0.82345 -0.51131 e
326.99601 42.38699 -0.97187 0.05638 0.22866 e
327.35943 64.12527 -0.72175 -0.06319 -0.68927 e
327.40391 45.14611 0.04685 -0.28609 -0.95706 e
328.43160 14.24810 -0.44993 -0.87008 -0.20130 e
328.87269 66.11510 0.09061 0.57037 -0.81637 e
329.74460 79.91877 -0.80154 -0.56707 -0.18964 e
330.19947 57.02714 -0.07442 -0.76846 -0.63556 e
330.89360 40.55358 0.99108 -0.08380 0.10364 e
331.86743 40.53298 0.92294 0.17731 -0.34166 e
332.68994 35.76059 -0.76846 0.54089 0.34192 e
333.56529 38.27035 -0.93362 0.35827 0.00055 e
335.37994 78.80123 -0.28308 0.53018 -0.79923 e
335.78307 20.24030 -0.97468 0.09562 0.20215 e
335.90782 61.49485 -0.25259 0.95004 -0.18338 e
336.93245 17.86412 -0.03991 -0.93051 0.36408 e
340.56986 49.89388 0.58053 -0.17062 0.79616 e
340.90910 43.53214 -0.31040 -0.93058 -0.19410 e
341.33454 42.54965 -0.91240 -0.40806 0.03191 e
341.84093 42.17296 -0.08313 -0.50997 -0.85616 e
342.04986 30.22968 -0.94482 0.11581 -0.30644 e
342.16123 74.64845 -0.79037 0.45098 -0.41464 e
343.10401 23.27328 -0.28283 0.89161 -0.35361 e
343.40860 46.02963 -0.78461 -0.61121 -0.10401 e
343.89062 59.86474 -0.21147 -0.87332 -0.43886 e
343.96953 45.45164 -0.81154 -0.54157 -0.21933 e
344.86689 43.34261 0.71194 0.69926 -0.06458 e
344.90972 19.60020 -0.50635 0.15146 0.84892 e
345.94296 36.07058 0.41597 0.12665 -0.90052 e
346.12340 80.42475 0.86150 0.14332 -0.48711 e
346.15044 53.49455 -0.54926 0.14537 -0.82291 e
346.17233 42.76704 -0.44287 -0.89637 -0.01994 e
346.56073 68.81973 0.05954 -0.23678 -0.96974 e
348.24024 39.12026 0.65485 0.73422 0.17912 e
348.55752 32.96455 -0.06994 0.71144 -0.69926 e
349.04284 54.39873 -0.66274 -0.65666 -0.35996 e
349.07045 57.31600 -0.20578 -0.43976 -0.87422 e
349.33018 75.76800 -0.41306 0.90410 -0.10950 e
350.54896 65.96406 -0.10167 0.98144 0.16257 e
350.86106 39.81449 -0.72686 0.17906 -0.66303 e
351.56065 41.55988 -0.54630 -0.55697 -0.62558 e
352.74813 28.21389 0.76581 0.55905 -0.31779 e
352.90531 26.43599 -0.09305 -0.78688 -0.61005 e
353.56622 67.62018 -0.11387 -0.93027 0.34876 e
354.74306 19.50528 -0.87903 0.33753 0.33671 e
355.05177 44.43572 -0.33341 0.02412 -0.94247 e
355.05554 22.59033 -0.23043 0.38283 0.89462 e
355.32456 35.80806 -0.13917 0.99019 -0.01218 e
356.12777 33.41833 0.02763 0.96416 -0.26388 e
357.66154 20.53932 0.34304 -0.45654 0.82091 e
357.73018 44.30991 0.33582 -0.41097 -0.84755 e
358.03525 63.04377 0.67102 -0.65745 -0.34277 e
358.08203 64.68331 0.80340 -0.49972 -0.32378 e
359.95037 47.37460 -0.42496 0.23933 -0.87300 e
360.21557 83.20283 0.45770 -0.87828 0.13832 e
360.77485 70.54823 -0.37206 0.70675 -0.60173 e
360.91674 71.65964 -0.23573 0.11580 -0.96489 e
361.49960 60.64971 0.27109 0.84610 -0.45893 e
363.02415 56.51573 -0.36112 0.43215 -0.82634 e
363.91227 27.56148 -0.49806 0.69247 -0.52194 e
363.95774 41.09198 0.33537 -0.55714 -0.75968 e
366.13398 55.02965 0.94636 0.31014 0.09062 e
366.20937 15.26049 0.93643 -0.35078 0.00791 e
366.72149 14.91229 -0.74386 0.51292 -0.42847 e
367.03332 25.22558 -0.29332 0.90809 0.29889 e
369.96284 34.56153 0.84354 0.52324 -0.12112 e
370.59433 54.04633 0.54088 0.00544 -0.84108 e
373.31517 62.25081 -0.82467 0.56187 -0.06495 e
373.57866 42.55503 0.05657 -0.00788 -0.99837 e
373.97079 82.40511 -0.20344 0.95779 -0.20311 e
374.54568 31.87724 -0.18919 -0.53267 -0.82491 e
376.76846 51.67958 -0.25501 -0.75920 -0.59882 e
377.15143 59.10186 0.71152 0.03808 -0.70163 e
377.74974 36.68655 0.54745 -0.77309 0.32035 e
377.88882 52.14044 -0.19264 -0.25451 -0.94769 e
380.13665 73.62009 -0.10329 -0.61304 0.78327 e
380.17985 33.41726 -0.82209 -0.13902 0.55212 e
380.47823 27.83099 0.06099 0.47190 0.87954 e
381.69490 40.50666 -0.88529 -0.34778 -0.30871 e
382.38272 23.95531 0.20598 -0.38258 -0.90067 e
386.15359 27.44096 0.33229 0.87308 0.35681 e
386.92035 50.22492 0.23124 -0.34748 -0.90873 e
392.32281 52.01749 0.65019 -0.68347 -0.33185 e
393.31852 57.96311 -0.47111 0.01796 -0.88189 e
393.94988 60.62339 -0.04456 0.14689 -0.98815 e
404.03784 23.41153 0.69246 -0.48005 -0.53857 e
406.98998 26.89541 0.00014 -0.02949 0.99957 e
410.28585 37.21153 0.40785 -0.91181 0.04758 e
410.99908 15.18211 -0.83978 -0.06563 -0.53895 e
426.65996 83.93967 -0.30985 -0.71755 -0.62379 e
458.15525 36.04086 -0.73838 0.03489 0.67348 e
467.90166 23.72157 -0.93837 -0.12470 0.32235 e
468.77007 43.46321 -0.13120 0.67104 -0.72972 e
468.91393 43.15678 0.74561 -0.58585 0.31755 e
511.04338 29.87172 -0.68375 0.22893 0.69288 e
513.44762 25.84535 0.51342 0.20219 -0.83398 e
521.05231 33.36452 -0.26184 -0.90598 -0.33263 e
540.47978 53.19510 0.71312 -0.62367 -0.32016 e
542.61042 26.67025 -0.26781 0.91846 0.29104 e
550.12197 34.44962 0.13472 -0.84279 -0.52112 e
565.29629 21.98124 -0.91195 -0.02740 -0.40938 e
573.76339 23.66336 -0.93326 0.21331 -0.28902 e
582.15397 22.49857 0.91396 -0.21341 -0.34515 e
591.84277 28.90942 -0.41662 -0.56317 -0.71363 e
605.94909 6.65244 -0.49011 0.74738 -0.44857 e
620.73629 19.67005 0.50672 -0.51392 0.69218 e
667.11833 34.11668 -0.77325 -0.49588 0.39521 e
689.20134 23.22503 -0.57832 0.62889 0.51967 e
698.88164 33.28067 0.54255 0.82290 0.16875 e
754.79561 49.81795 0.71303 -0.68263 0.16002 e
773.87050 19.03943 0.68448 0.72526 -0.07401 e
777.53497 15.63879 0.29328 0.50145 -0.81396 e
780.99621 23.49531 -0.76285 -0.55878 -0.32530 e
782.28940 17.60869 -0.63219 0.00204 0.77481 e
848.95057 33.18895 -0.14532 0.37995 0.91352 e
852.39883 39.53406 0.51397 -0.10226 -0.85169 e
855.05535 19.54310 -0.10039 -0.32556 0.94018 e
978.50086 35.18741 -0.27210 0.86334 0.42497 e
984.30552 25.82436 0.33496 0.88223 -0.33088 e
993.39276 17.56792 0.37706 -0.26157 -0.88849 e
1076.46247 36.63890 -0.92795 0.08510 -0.36287 e
1096.93357 17.39398 0.28056 0.10539 -0.95403 e
1120.15687 42.15540 0.83435 -0.50254 0.22652 e
1182.21235 38.20964 0.10337 0.92148 0.37442 e
1195.52917 27.10197 -0.84013 -0.54199 0.02047 e
1274.66274 36.63402 0.94486 -0.18312 -0.27149 e
1411.72267 19.88358 0.54854 -0.20950 -0.80945 e
1542.97397 14.13050 0.80131 0.41928 0.42673 e
1600.65280 11.95922 -0.65967 0.40903 -0.63050 e
1602.03994 20.06478 0.20639 0.60255 0.77093 e
1712.38542 37.65976 0.38670 -0.37399 -0.84297 e
1853.16615 25.94100 0.63555 0.70081 0.32395 e
1896.56145 47.50904 0.67940 0.66690 -0.30603 e
2039.89432 31.81909 -0.76572 0.03526 -0.64221 e
2084.31714 11.59966 0.45143 0.85356 -0.26007 e
2296.21275 11.55109 0.71471 0.69500 0.07859 e
2367.77026 24.15166 0.06945 0.86496 0.49702 e
2424.71533 7.58270 0.73795 -0.16694 -0.65388 e
2468.82004 27.87003 -0.56587 -0.69294 0.44679 e
2527.21737 22.46015 -0.88491 0.46233 -0.05645 e
2612.35564 21.17601 -0.73664 0.67254 -0.07114 e
2687.20062 21.23474 -0.45474 -0.58937 0.66772 e
2701.81774 36.86288 0.94471 0.31970 -0.07293 e
2765.00694 24.92747 -0.63108 -0.75486 0.17868 e
2998.18257 15.61706 -0.23332 -0.66894 -0.70575 e
3098.90275 27.97977 0.13210 -0.15377 -0.97924 e
3265.28696 21.82417 0.11145 0.75286 -0.64867 e
3358.78622 22.16508 -0.86632 -0.35571 0.35067 e
3478.53122 34.98338 -0.07544 0.85196 0.51815 e
3777.32135 38.42711 -0.02810 0.97774 -0.20795 e
3870.77732 74.29780 -0.56009 0.26259 -0.78572 e
3980.83272 20.16313 0.98252 0.15554 0.10230 e
4017.76326 14.01598 -0.92584 -0.36661 0.09174 e
4043.63480 7.34398 -0.89466 0.44540 -0.03468 e
4145.18999 37.45672 0.40801 0.84903 -0.33566 e
4333.07918 24.70519 0.61367 0.50883 -0.60373 e
4399.65795 24.85084 -0.65277 -0.65770 -0.37593 e
4469.91264 32.76340 0.10089 -0.67904 -0.72713 e
4515.60293 34.40771 0.88500 -0.14518 0.44237 e
4711.48073 16.94599 -0.38467 -0.62670 0.67770 e
4823.36860 17.91833 0.36587 0.68681 -0.62804 e
4855.96201 24.89866 -0.21859 0.91083 0.35016 e
5211.00653 19.01701 0.15919 -0.88159 0.44437 e
5290.17917 24.58695 0.11753 0.96482 -0.23518 e
5349.71966 22.83849 -0.82141 -0.42407 -0.38137 e
5612.19715 23.91783 -0.33312 -0.32495 -0.88512 e
6101.44280 11.07093 0.99508 0.08204 -0.05558 e
6139.85180 27.91820 -0.30535 0.12066 -0.94457 e
6399.74372 28.10914 0.26419 -0.73932 -0.61937 e
7038.01242 20.42522 -0.92532 0.25866 0.27728 e
7904.38525 30.89404 -0.36987 -0.16542 0.91424 e
7939.02921 19.06072 0.34389 -0.31561 -0.88438 e
7958.82098 14.81733 0.29225 0.93098 -0.21877 e
7961.11990 21.51342 -0.32305 0.91943 0.22424 e
8530.91660 15.89360 0.57528 -0.81063 -0.10924 e
8793.69060 17.64135 -0.37335 0.21294 0.90292 e
8898.31437 12.80881 -0.70544 0.52963 -0.47100 e
10143.42716 45.57808 -0.27410 0.90721 -0.31913 e
10455.61898 22.60162 0.90207 0.41999 -0.09941 e
10923.10799 51.02129 0.61369 0.14535 -0.77605 e
11099.30540 20.93098 -0.21255 -0.92109 -0.32621 e
13819.07358 12.06595 0.76972 0.58366 -0.25859 e
14009.36418 20.38890 -0.00220 0.67612 0.73679 e
