18.06959 79.05695 -0.63231 0.33455 0.69876 e
19.04827 82.12400 0.68880 -0.45551 -0.56397 e
19.35399 48.78337 0.23251 0.57913 0.78138 e
20.12048 51.35104 0.91890 0.24817 -0.30664 e
20.16400 27.35166 -0.72385 0.66338 0.18966 e
20.75130 67.04566 -0.40400 0.87404 -0.26990 e
21.01761 55.31232 -0.98730 -0.00681 -0.15870 e
21.26765 77.45264 0.96107 0.27181 -0.04967 e
21.36774 70.15288 0.59007 -0.80493 0.06256 e
21.42402 66.11802 -0.51937 -0.80033 0.29953 e
21.45748 73.66946 0.49015 0.45504 -0.74343 e
21.58392 44.75426 -0.63403 0.74085 0.22169 e
21.99242 83.06649 0.05493 0.72460 -0.68698 e
22.01743 78.77831 0.92441 -0.28400 -0.25457 e
22.05710 57.27365 -0.19407 -0.82338 0.53327 e
22.17688 81.53738 0.19933 -0.90115 0.38496 e
22.22792 52.93684 0.73464 0.33963 -0.58734 e
22.95596 56.74185 -0.30965 0.72468 -0.61559 e
23.15758 24.67751 -0.90962 -0.40395 0.09703 e
23.19631 76.56263 0.10331 -0.82699 -0.55265 e
23.31682 83.44696 -0.65686 0.16926 -0.73477 e
23.46202 76.53914 -0.21362 -0.79491 -0.56788 e
23.75755 64.82686 -0.90120 0.42457 0.08702 e
23.87844 64.16074 0.01132 0.67187 -0.74058 e
24.08859 42.03868 -0.43507 -0.35387 -0.82794 e
24.38891 55.39041 0.29596 0.14874 -0.94355 e
24.48806 38.66863 0.61041 0.76891 0.19022 e
24.55646 82.49503 0.12938 0.86245 -0.48933 e
24.65685 84.23669 0.37963 0.19391 -0.90459 e
24.69787 84.72867 0.76993 0.63656 0.04478 e
24.70948 79.22735 -0.68863 0.36658 -0.62563 e
25.23555 72.74001 -0.80779 0.58930 0.01384 e
25.58726 44.67570 -0.90006 -0.32491 -0.29039 e
25.64161 74.14223 0.46031 0.55459 -0.69321 e
25.94120 63.82752 0.56851 0.78664 -0.24081 e
26.00565 66.07513 -0.38270 -0.45636 -0.80329 e
26.17317 81.84145 0.27900 -0.95198 -0.12610 e
26.29433 76.89628 0.17092 0.81413 -0.55496 e
26.50059 70.07560 0.22049 -0.10607 -0.96960 e
26.64119 75.34389 -0.39380 -0.79188 -0.46674 e
26.93850 68.22385 0.43082 -0.63167 0.64451 e
26.95182 78.63499 -0.91045 0.40146 -0.09956 e
27.08898 61.90827 -0.79227 0.46421 -0.39600 e
27.40296 47.83375 -0.98122 0.19278 0.00594 e
27.47557 62.48272 -0.91208 0.40594 -0.05775 e
27.56149 72.95750 0.29007 0.73158 -0.61697 e
27.68126 50.27150 0.31640 0.87177 -0.37404 e
28.18520 81.48631 -0.28743 -0.49710 -0.81870 e
28.29728 67.19615 -0.24989 0.24306 -0.93727 e
28.81606 79.57392 0.23265 -0.46175 -0.85595 e
29.20269 49.21452 0.48085 -0.05774 0.87490 e
29.39586 58.15105 -0.96448 0.11969 0.23547 e
29.59430 65.59767 -0.67595 -0.35649 0.64498 e
29.73098 69.91253 -0.30943 -0.93187 0.18943 e
29.97444 47.25425 -0.43939 -0.72341 0.53255 e
29.97799 50.56763 0.34737 -0.89079 0.29296 e
30.04449 76.28333 -0.94982 0.13450 -0.28239 e
30.22272 66.66850 -0.92033 0.10032 0.37806 e
30.22607 30.58009 0.09574 0.07342 0.99269 e
30.40522 48.74102 -0.11479 -0.92868 0.35266 e
30.80726 73.63370 0.09200 0.91907 -0.38319 e
31.56185 83.90223 0.70935 0.50773 0.48891 e
31.61159 63.08466 -0.56604 -0.65437 -0.50140 e
32.05985 71.44102 -0.85435 0.35472 0.37983 e
32.13225 72.15428 0.28723 0.69298 -0.66127 e
32.32276 63.34978 -0.59082 0.80535 -0.04829 e
32.84724 44.60875 0.53399 0.38277 0.75388 e
32.98063 66.27512 0.53493 -0.02381 -0.84456 e
33.07868 31.36656 0.50268 0.18393 -0.84468 e
33.17431 67.40344 -0.17803 0.93140 -0.31748 e
33.25528 45.31104 -0.19156 -0.41026 -0.89162 e
33.37061 56.30798 0.19223 0.45677 -0.86857 e
33.44442 78.14306 -0.26747 0.50878 -0.81829 e
33.63318 65.04859 0.27617 0.30613 -0.91105 e
33.75097 34.58081 0.77311 -0.20659 -0.59969 e
33.77694 42.27703 0.95989 0.13717 0.24452 e
33.83304 71.33040 0.16952 0.05119 -0.98420 e
34.04875 71.71227 0.57117 -0.46044 -0.67953 e
34.33180 84.61783 -0.77216 0.04660 -0.63371 e
34.34309 48.85175 -0.79226 0.59375 -0.14062 e
34.47443 50.08466 0.97732 -0.10351 -0.18477 e
34.50879 10.47831 -0.61076 -0.71485 0.34054 e
35.04815 70.41706 -0.91026 0.01505 -0.41377 e
35.39311 29.91180 -0.87778 -0.23947 0.41493 e
35.44253 65.52488 0.95718 0.09464 -0.27359 e
35.48195 43.57034 -0.54988 -0.57148 -0.60913 e
36.02932 54.37093 0.56822 -0.28780 -0.77090 e
36.19904 65.63093 -0.50198 -0.74304 -0.44261 e
36.27946 42.22522 0.36123 0.63669 -0.68127 e
36.33572 54.18918 -0.44976 -0.58785 0.67242 e
36.34341 53.65936 0.12641 0.75002 -0.64922 e
36.39252 47.24337 -0.27332 -0.95760 -0.09105 e
36.44531 48.45277 -0.15310 -0.54142 -0.82669 e
36.62764 49.28993 -0.51150 0.76228 -0.39660 e
36.71298 58.70192 0.40609 0.33280 -0.85108 e
36.95757 82.81454 0.34861 0.08012 -0.93384 e
37.07143 69.90781 0.43360 -0.62308 -0.65098 e
37.08773 77.76787 0.08443 0.82257 -0.56235 e
37.22873 43.98279 0.60115 -0.38274 -0.70152 e
37.28892 61.30874 -0.42054 0.90434 0.07294 e
37.43666 40.66502 -0.56771 0.39570 -0.72189 e
38.17464 45.32548 -0.21512 0.32049 -0.92250 e
38.27966 36.27434 -0.89016 0.45308 -0.04836 e
38.47833 77.69715 -0.02870 -0.99959 0.00169 e
38.49942 53.83654 0.67798 0.34966 -0.64660 e
38.76658 70.65963 0.46143 0.63915 -0.61528 e
38.94297 62.11487 0.48336 0.55963 0.67319 e
39.32672 24.21501 -0.74882 -0.21534 0.62681 e
39.40953 84.69630 -0.31922 -0.33918 -0.88490 e
39.47330 44.94789 0.18242 0.97898 0.09122 e
39.61399 54.89028 -0.02106 0.99973 0.00935 e
40.04637 48.59230 0.39074 -0.87909 0.27298 e
40.48919 81.92793 0.23163 -0.96382 -0.13187 e
40.51650 15.05950 0.80808 0.08167 -0.58338 e
40.56348 46.66249 -0.94115 -0.17283 -0.29044 e
40.59066 34.26999 -0.81284 -0.51617 0.26994 e
40.85325 55.16772 0.10943 0.55304 -0.82594 e
41.06481 44.02552 0.75334 -0.44875 -0.48072 e
41.30867 79.24206 0.59015 -0.25333 -0.76651 e
41.39480 46.86789 -0.31363 -0.78164 -0.53913 e
41.74140 81.81276 -0.19548 -0.43026 -0.88129 e
41.76685 56.43205 -0.74501 -0.00972 -0.66698 e
42.05575 28.34635 0.05344 -0.97209 -0.22844 e
42.09041 82.87736 -0.36621 -0.49957 -0.78506 e
42.12502 45.72063 0.72535 0.66863 -0.16370 e
42.12773 84.67270 0.37467 0.82147 -0.42989 e
42.35582 50.95313 -0.25072 0.94910 -0.19067 e
42.35865 76.34400 0.12740 0.02505 -0.99153 e
42.65254 73.18276 -0.53506 0.77825 -0.32869 e
43.00295 52.59937 0.62715 0.77791 -0.03908 e
43.44561 76.27403 0.81458 -0.56358 0.13723 e
43.51638 53.12571 -0.56998 0.67799 -0.46416 e
43.54783 69.86491 -0.07581 -0.77735 -0.62448 e
43.58066 46.06149 -0.09824 0.33397 -0.93745 e
43.61921 72.10191 0.76611 0.21844 0.60445 e
43.79745 84.53654 0.16720 0.78687 0.59404 e
44.22797 38.99623 0.96361 0.08848 -0.25224 e
44.36385 71.83284 0.09920 0.42571 -0.89941 e
44.93068 84.57272 0.92401 0.03431 -0.38082 e
45.03210 44.59198 0.53642 -0.17666 -0.82526 e
45.07298 48.83872 0.37658 -0.36741 -0.85041 e
45.34250 60.37682 0.18999 0.21347 -0.95830 e
45.58441 11.22570 -0.35600 0.87935 0.31623 e
46.18588 44.67510 0.81421 -0.46556 -0.34685 e
46.26586 66.52802 -0.60625 0.18844 -0.77262 e
46.49739 77.40566 0.76259 -0.64596 0.03457 e
46.56274 51.17507 0.79139 -0.19352 -0.57987 e
46.66240 77.72571 0.48419 -0.42143 -0.76678 e
46.68347 48.64319 0.24882 0.73264 -0.63350 e
47.34100 56.56358 0.58676 0.22021 -0.77925 e
47.38789 8.23324 -0.09099 -0.97787 0.18837 e
47.47674 50.87233 -0.32084 0.69034 -0.64846 e
47.86193 83.16041 0.89672 0.32680 -0.29848 e
47.89878 73.81444 0.16935 -0.18661 0.96773 e
48.40517 73.05408 -0.96765 -0.16976 0.18665 e
48.43331 71.08216 -0.35820 0.61096 0.70599 e
48.45999 35.88355 -0.12035 -0.56375 -0.81713 e
48.62754 75.99830 -0.20833 -0.70792 -0.67487 e
48.67720 48.85411 -0.27787 -0.46243 0.84199 e
48.75734 37.78517 0.65442 -0.21077 -0.72616 e
49.36085 82.06522 -0.20195 0.02939 -0.97896 e
49.55171 73.32640 -0.56313 0.02823 0.82589 e
49.58461 68.14302 -0.27411 0.35337 -0.89442 e
49.74735 28.93452 0.34215 0.54244 -0.76726 e
50.03559 54.57893 -0.18648 0.41202 -0.89189 e
50.10499 60.07422 -0.58619 0.37808 -0.71654 e
50.22245 31.55986 0.81710 0.50729 -0.27387 e
50.32060 34.00122 -0.98515 0.00115 -0.17167 e
50.42396 38.12495 0.27290 0.09272 -0.95756 e
50.44811 42.17114 0.35401 0.86476 -0.35620 e
50.81972 25.48890 0.54492 -0.00183 -0.83849 e
51.21748 60.01308 -0.23794 -0.92564 0.29424 e
51.40807 59.94878 -0.41872 -0.27662 -0.86496 e
51.78354 51.02751 0.21927 -0.49667 -0.83979 e
51.78611 48.23719 0.55128 0.82498 -0.12450 e
52.09378 68.84112 -0.98415 0.17207 0.04288 e
52.52161 64.64025 -0.79647 0.57544 0.18575 e
52.55430 30.58289 0.46392 -0.86002 -0.21246 e
52.68158 48.68810 -0.84226 -0.21130 -0.49593 e
52.99532 76.28436 0.40548 0.70059 -0.58717 e
53.06114 51.93245 -0.55296 0.38371 -0.73960 e
53.11255 66.84941 -0.02798 0.79985 -0.59955 e
53.27889 15.25672 0.27771 -0.90742 -0.31538 e
53.41000 42.01843 -0.69121 0.57901 -0.43241 e
53.61575 75.90891 0.04638 -0.57322 -0.81808 e
53.98512 31.08103 0.10065 0.69992 -0.70709 e
54.01508 75.48358 -0.37160 -0.21618 -0.90287 e
54.06316 48.82959 -0.77743 0.52623 -0.34450 e
54.44134 52.19544 -0.81784 0.14007 -0.55814 e
54.57345 79.23206 -0.26187 -0.96489 -0.02026 e
54.68740 44.19293 -0.43514 0.39851 -0.80737 e
54.72932 45.66607 0.11811 -0.87037 -0.47802 e
55.00759 69.54754 0.71248 0.70052 0.04055 e
55.31900 48.68269 0.18459 0.69445 -0.69546 e
55.40743 69.05596 0.17935 0.93706 0.29958 e
55.53412 18.45561 -0.27661 -0.77787 -0.56427 e
55.69872 66.84588 -0.53881 -0.83631 0.10130 e
55.70519 72.77572 0.58378 -0.18241 -0.79115 e
55.88483 72.42107 -0.80739 0.33935 0.48267 e
55.91446 38.94883 -0.65918 0.75198 0.00224 e
55.92447 51.02401 0.54657 -0.66832 -0.50460 e
56.01599 69.47206 0.13857 -0.91745 0.37295 e
56.03159 78.06077 -0.20614 -0.88838 -0.41022 e
56.31245 63.97163 -0.17634 -0.23525 -0.95580 e
56.33308 33.64081 -0.82632 -0.27334 -0.49243 e
56.43799 71.12372 -0.68548 0.58917 -0.42777 e
56.55289 32.86855 -0.61331 -0.35566 -0.70524 e
56.72224 45.91170 -0.71229 -0.31884 -0.62529 e
56.80067 41.52041 0.61089 -0.29752 -0.73369 e
56.89513 43.66417 0.12935 -0.56586 -0.81429 e
56.91215 81.93670 0.93289 -0.04702 -0.35708 e
56.92138 76.40416 0.40845 0.59203 0.69475 e
57.29454 45.71978 0.78586 -0.60997 -0.10180 e
57.37170 63.26240 0.07986 0.95706 0.27867 e
57.38856 61.28743 -0.15750 -0.97701 -0.14366 e
57.41748 63.69961 -0.63908 -0.62312 0.45089 e
57.50981 84.14514 -0.59088 0.06325 -0.80428 e
57.68249 50.62136 0.40060 0.87003 -0.28736 e
58.03582 75.08899 0.17706 -0.85547 -0.48665 e
58.17949 24.03411 0.19804 0.17746 -0.96400 e
58.28769 69.92748 -0.43136 0.62219 -0.65331 e
58.60353 77.02076 0.52153 0.23850 -0.81922 e
58.67617 48.19466 -0.42084 0.88360 -0.20528 e
58.85033 65.90417 0.69109 -0.60997 -0.38772 e
59.08805 67.71032 -0.18588 0.29782 -0.93635 e
59.09224 57.56340 -0.96670 -0.22161 -0.12796 e
59.22604 64.08182 0.41592 -0.55349 0.72157 e
59.25141 33.70740 -0.77049 -0.51321 0.37810 e
59.37749 40.07906 0.84542 0.33966 0.41219 e
59.38429 76.39805 -0.33754 -0.14327 -0.93034 e
59.46573 42.91218 -0.61573 0.62582 -0.47878 e
59.48642 71.34006 -0.01556 -0.88565 -0.46410 e
59.73380 28.37862 0.75437 0.27960 -0.59393 e
59.95129 54.14610 -0.37673 -0.90923 -0.17712 e
59.97001 68.28558 -0.51649 0.77852 -0.35659 e
59.98631 35.34968 0.47132 0.63186 0.61531 e
60.18779 51.69445 -0.41386 -0.82337 -0.38830 e
60.32936 50.14272 0.64432 0.43814 -0.62681 e
60.32955 68.91562 0.76436 -0.52778 -0.37040 e
60.77720 58.77457 0.64103 0.60125 -0.47705 e
60.88094 66.49949 -0.10851 0.98098 0.16095 e
60.98366 61.55527 -0.07733 0.94605 -0.31466 e
61.03617 48.10342 -0.77762 -0.18912 -0.59962 e
61.24591 21.91369 0.25309 -0.59888 -0.75980 e
61.53380 60.04622 0.13986 0.99014 -0.00732 e
61.54097 79.50008 -0.58309 0.56479 -0.58397 e
61.85044 65.74447 0.00605 0.44375 -0.89613 e
61.85892 52.72056 -0.42001 0.83569 0.35385 e
61.88496 54.44918 0.58579 0.76928 0.25508 e
61.91921 26.66571 -0.38970 0.90277 0.18205 e
62.02474 60.14300 -0.22999 -0.72014 -0.65460 e
62.06066 49.78523 -0.26238 0.95915 0.10575 e
62.09304 82.70109 -0.83316 0.12197 0.53942 e
62.69707 74.13303 0.48883 -0.87198 0.02621 e
62.88349 55.94276 -0.54789 0.80538 0.22622 e
63.21121 66.45018 0.58544 0.45273 -0.67253 e
63.77755 73.64627 0.38667 0.84683 0.36520 e
64.27909 84.97875 0.57578 -0.81749 0.01336 e
64.33768 15.41637 0.51831 -0.31447 0.79528 e
64.44053 82.15682 -0.18750 0.97150 0.14501 e
65.16103 73.15837 0.36012 0.43516 -0.82520 e
65.35139 44.68820 0.46865 -0.06251 0.88117 e
65.43530 65.69689 -0.80917 0.51044 -0.29101 e
65.89329 80.51030 -0.07076 0.47403 -0.87766 e
66.05978 49.27376 0.59393 -0.78804 -0.16202 e
66.10383 26.59419 -0.04374 -0.11656 0.99222 e
66.53541 54.42825 0.33781 -0.41787 -0.84337 e
66.81092 42.70481 -0.62214 -0.09702 -0.77687 e
66.96941 64.08587 -0.59143 0.43674 -0.67784 e
66.97004 72.27646 0.66055 0.52722 -0.53452 e
67.09575 59.78202 -0.11701 -0.74505 0.65667 e
67.15952 79.20463 0.81431 0.48441 0.31975 e
67.34079 75.55231 -0.82985 -0.46280 -0.31171 e
67.74762 55.76300 -0.85636 -0.20664 0.47324 e
67.78398 69.99893 0.40025 0.32715 -0.85602 e
68.73262 34.00677 0.95741 -0.11008 0.26693 e
68.79305 80.01416 0.73959 -0.11891 0.66247 e
68.85868 33.31078 0.28271 0.08872 -0.95509 e
68.90725 26.19152 -0.01313 -0.30627 0.95185 e
69.41605 33.54967 0.44948 -0.89088 -0.06551 e
69.60304 51.97533 -0.32027 -0.51425 -0.79560 e
69.62491 72.66383 0.54086 0.15099 -0.82745 e
69.66006 82.08915 0.85199 0.17846 0.49221 e
69.66052 69.59622 -0.60218 0.07509 0.79483 e
69.83604 60.12019 -0.30365 0.62802 -0.71651 e
70.06640 53.03272 0.36561 0.55987 -0.74356 e
70.26458 45.44819 -0.70426 -0.04077 -0.70877 e
70.26651 75.90797 0.70433 0.50895 -0.49487 e
70.36879 28.31436 -0.54502 0.80225 -0.24360 e
70.41764 24.57187 -0.04582 -0.65685 -0.75263 e
70.43590 60.52436 0.79225 -0.21301 -0.57181 e
70.45884 82.93375 0.49256 -0.68226 0.54028 e
70.73737 32.90201 -0.68567 0.64468 0.33800 e
70.75441 36.76785 0.94254 -0.05463 -0.32959 e
71.26231 51.45145 0.61357 -0.68538 0.39215 e
72.16314 75.15834 0.72668 0.04832 -0.68528 e
72.55448 78.37545 0.91169 0.16524 0.37619 e
72.60224 53.02402 -0.82822 0.01075 -0.56030 e
73.03927 27.57457 0.65504 0.47973 -0.58377 e
73.18987 42.22443 -0.69308 -0.18024 -0.69796 e
73.21426 67.77273 0.71695 -0.25379 -0.64929 e
73.42566 37.97571 0.34897 -0.84409 0.40711 e
73.42657 47.81627 -0.82968 -0.31191 -0.46296 e
73.66392 35.99465 0.70923 -0.68355 -0.17246 e
73.68054 54.33949 0.09133 0.80742 -0.58286 e
73.86751 38.39360 -0.60200 -0.79835 0.01546 e
73.89979 27.10489 0.30411 0.56669 0.76576 e
73.97944 47.75274 -0.54836 -0.25817 -0.79539 e
73.99594 59.72052 -0.39568 -0.89457 -0.20779 e
74.06075 81.23711 0.18018 -0.77488 -0.60588 e
74.08892 56.62244 0.08397 0.91422 -0.39642 e
74.40457 52.75665 -0.52178 -0.37992 -0.76381 e
74.82425 24.01539 0.83535 -0.52912 0.14906 e
75.00562 26.52045 -0.53114 -0.73833 -0.41564 e
75.97119 64.92622 -0.94204 -0.00876 -0.33539 e
76.23175 44.42019 -0.64132 -0.74850 -0.16869 e
76.40387 25.72363 -0.71528 0.17402 -0.67682 e
76.54292 59.87296 -0.33990 -0.34614 -0.87445 e
76.80575 80.62881 -0.09999 -0.55365 -0.82672 e
77.34177 15.36576 -0.04585 -0.48495 0.87334 e
77.40989 50.24689 0.38308 0.90931 -0.16248 e
77.70127 32.23097 0.46660 -0.44336 0.76532 e
78.31947 26.22787 -0.60728 -0.69472 -0.38545 e
78.96363 73.57944 -0.78070 0.37749 -0.49800 e
79.33301 70.36068 0.59032 -0.80566 -0.04933 e
79.75065 34.15752 0.72662 -0.18822 -0.66075 e
80.28902 39.82275 0.55180 0.83314 0.03724 e
80.31165 77.10118 0.00616 -0.67163 -0.74086 e
80.31808 83.34036 -0.94332 0.32375 0.07305 e
80.34641 56.33838 0.81735 -0.23942 -0.52404 e
80.78005 34.12184 -0.45145 -0.74237 0.49505 e
80.80884 75.26398 0.62164 -0.75022 -0.22522 e
80.94245 49.00924 0.68423 0.70133 0.19990 e
81.07374 41.53796 -0.85412 0.39370 -0.33981 e
81.90488 24.31343 0.51525 0.04257 0.85598 e
82.03674 49.89997 -0.15921 0.67871 0.71694 e
82.30094 53.78512 0.91880 0.36292 -0.15521 e
82.49473 25.89041 0.34860 -0.45760 -0.81797 e
82.75006 56.64728 0.68189 0.67559 -0.28035 e
83.22576 36.38087 0.63424 -0.74345 -0.21218 e
83.29821 76.03516 0.48329 -0.78354 0.39050 e
83.31589 74.04013 0.34615 0.21783 -0.91254 e
83.58939 45.87203 -0.44690 -0.16044 0.88008 e
83.98252 75.66576 -0.54786 0.47376 -0.68949 e
84.42962 56.54870 -0.41611 -0.90686 -0.06682 e
84.49448 78.04017 -0.67832 0.46321 -0.57036 e
84.49553 67.17853 -0.79306 0.44510 0.41586 e
84.54092 44.54768 -0.81124 0.58083 -0.06730 e
84.56050 42.52383 -0.38387 0.75599 -0.53022 e
84.77888 29.79972 -0.28911 0.27019 -0.91838 e
85.07458 49.90652 -0.03401 -0.88212 -0.46980 e
85.36511 83.56664 0.26300 -0.89301 -0.36520 e
86.23032 26.29790 -0.37895 0.92248 -0.07362 e
86.28248 23.02479 0.24409 0.66811 -0.70289 e
86.53740 44.90147 -0.95562 0.28581 -0.07141 e
86.95642 35.61485 -0.48422 0.41268 -0.77150 e
87.31530 46.91904 -0.56223 0.74570 -0.35753 e
87.41454 40.59468 0.37616 -0.35219 0.85701 e
87.66793 84.74601 0.33146 -0.58385 -0.74112 e
87.73179 69.32745 -0.99809 0.06021 0.01396 e
88.00497 51.88982 0.59648 -0.15915 -0.78669 e
88.87725 82.20075 -0.10128 -0.99486 0.00026 e
88.99100 62.49318 0.46625 -0.55754 -0.68685 e
89.03393 77.56383 0.69583 0.68803 -0.20597 e
89.37960 65.46299 0.51617 0.54360 -0.66187 e
89.42245 68.82918 0.24983 0.14529 -0.95733 e
90.42121 51.28201 -0.68723 -0.22765 -0.68984 e
90.46612 49.85288 0.37998 -0.50223 -0.77678 e
90.90269 54.00861 -0.14657 -0.85877 -0.49095 e
91.51824 80.42268 0.10075 -0.37089 -0.92320 e
91.64977 60.65515 -0.89677 -0.11623 -0.42696 e
91.87227 41.25790 -0.93004 0.24563 -0.27330 e
91.93339 77.77651 -0.15789 -0.95407 -0.25460 e
92.66256 60.62288 0.96979 0.21062 0.12308 e
92.94917 51.57754 0.15581 0.12301 -0.98010 e
93.28606 29.80234 -0.44457 -0.57198 -0.68935 e
93.36208 82.71764 -0.56626 -0.79169 -0.22930 e
94.52373 72.11959 -0.74977 0.16660 -0.64038 e
94.72405 46.27118 0.68128 0.54980 -0.48330 e
95.04325 31.17299 -0.27014 0.19546 0.94277 e
95.09826 82.39586 0.51409 0.58873 0.62379 e
95.92280 78.44106 0.03547 0.03303 -0.99882 e
96.03222 56.23135 0.05411 -0.44907 -0.89186 e
97.20842 36.56251 -0.06003 -0.43267 -0.89955 e
97.36338 48.31079 -0.73076 -0.10380 -0.67469 e
97.44674 41.41348 -0.44437 -0.88923 -0.10862 e
97.54947 21.50985 -0.15542 0.74264 0.65140 e
97.61335 60.26571 -0.35294 -0.64676 -0.67612 e
98.68685 79.28776 0.73783 -0.09023 -0.66893 e
99.33045 33.09401 0.42823 0.27672 -0.86026 e
99.34696 28.00363 0.57281 0.50232 -0.64774 e
99.62355 37.73570 -0.69863 -0.07643 -0.71139 e
100.26865 22.09294 -0.82358 -0.00269 0.56719 e
100.32538 12.28979 -0.90981 0.34507 -0.23059 e
100.84844 70.51903 -0.77644 0.23830 -0.58340 e
101.25242 15.32983 -0.41316 -0.16066 -0.89637 e
101.76787 21.51083 -0.50618 0.19163 0.84087 e
101.86021 54.42915 -0.75590 -0.64426 0.11638 e
102.47732 78.20466 -0.31967 -0.93543 -0.15096 e
102.55772 61.83012 -0.09751 -0.96106 0.25857 e
102.92992 70.77951 -0.15683 -0.32747 -0.93176 e
103.01419 59.13414 -0.59984 -0.63016 0.49304 e
103.11008 74.90055 0.23820 -0.97118 0.00832 e
103.35800 78.85242 0.62384 -0.34256 0.70248 e
103.41118 59.93136 0.34905 0.72829 -0.58972 e
103.97241 55.79577 -0.58574 -0.26667 -0.76537 e
104.10229 58.95434 0.16327 0.98654 -0.00877 e
104.11859 24.87060 0.77670 -0.11662 -0.61898 e
104.22108 60.71459 -0.17482 -0.36281 -0.91532 e
104.23914 82.89238 -0.82973 -0.50273 0.24251 e
104.30931 29.31403 -0.95277 -0.06019 0.29767 e
104.52511 29.94435 -0.26754 -0.31036 0.91219 e
104.76311 15.03015 -0.58415 0.56541 0.58230 e
104.77174 34.12684 -0.11757 -0.19527 -0.97368 e
105.83632 21.24546 -0.88200 0.25398 -0.39694 e
106.17795 39.76423 -0.94804 -0.16399 0.27263 e
106.27220 75.99458 0.40438 -0.45143 -0.79541 e
106.76593 31.42202 0.72921 -0.00019 -0.68429 e
106.78849 18.49345 -0.58495 -0.59881 0.54705 e
106.95715 79.03735 -0.24404 0.96802 0.05822 e
107.12212 45.32309 0.40921 0.41130 0.81448 e
108.98518 49.92310 0.35923 -0.82239 -0.44116 e
109.59101 66.90146 0.22070 0.58899 -0.77742 e
109.84208 64.47464 -0.40755 -0.54225 -0.73476 e
110.17798 72.63948 0.50733 0.77333 0.38024 e
110.43204 28.17772 -0.86484 0.38386 -0.32358 e
111.09429 49.45384 -0.07730 0.95611 -0.28263 e
111.10560 30.19766 -0.00146 -0.48388 -0.87513 e
111.35542 47.36874 -0.06748 0.98419 -0.16373 e
111.85320 32.23866 -0.37224 0.81618 -0.44191 e
111.89648 47.08807 -0.46077 0.87093 0.17080 e
112.53211 38.78462 0.29536 -0.19108 -0.93608 e
112.96867 31.50463 0.08427 -0.15364 -0.98453 e
114.82412 77.09694 0.79347 0.56714 0.22079 e
116.24949 74.42494 0.79462 0.55966 0.23531 e
116.91439 17.93298 0.98890 -0.14171 -0.04461 e
117.39312 37.51448 -0.02289 -0.75025 0.66076 e
117.63567 32.02687 0.48444 -0.21621 -0.84769 e
117.81021 40.16993 0.75256 -0.16358 -0.63788 e
117.87495 33.75684 0.52119 0.46113 -0.71814 e
118.02503 46.25933 0.73390 -0.13027 0.66665 e
118.37093 14.85139 -0.03177 0.99835 0.04778 e
118.48874 43.19978 -0.42553 0.47939 -0.76753 e
118.66923 79.19840 -0.84139 -0.04066 -0.53889 e
119.11375 36.08312 -0.23595 0.95793 -0.16337 e
119.56234 81.77747 -0.75057 0.10646 -0.65215 e
119.85777 43.86408 0.26504 -0.95374 0.14190 e
120.26160 46.88265 0.33790 0.84688 -0.41063 e
120.28770 70.26971 -0.29988 0.87188 -0.38717 e
120.73824 26.47674 0.71436 0.67210 0.19484 e
121.16132 38.22579 -0.63296 -0.72759 -0.26453 e
121.16883 27.91641 0.55709 0.74615 -0.36455 e
122.05235 42.82537 0.16200 -0.77481 -0.61108 e
122.10757 62.60476 0.51178 -0.43462 -0.74107 e
122.59605 26.64836 0.92343 -0.27393 -0.26879 e
123.85571 30.35055 -0.12502 0.78739 0.60364 e
124.69622 37.04428 -0.44891 -0.58020 -0.67959 e
124.70459 40.53868 0.62879 -0.09499 -0.77175 e
124.77740 43.63524 -0.84126 -0.51298 0.17069 e
124.90027 59.79361 0.35931 -0.16646 -0.91825 e
125.00066 39.51646 0.94059 0.19048 0.28107 e
126.20056 34.19268 -0.37542 -0.59538 -0.71033 e
126.30043 41.70825 0.92400 -0.07045 -0.37584 e
126.89585 47.18644 0.02699 -0.76061 0.64865 e
127.24667 70.64574 -0.28591 -0.53030 -0.79815 e
128.00608 31.48759 0.29492 0.20550 -0.93316 e
128.02966 68.93086 -0.38237 0.36282 -0.84980 e
128.28616 80.58904 0.75904 0.37211 -0.53422 e
128.33794 37.21704 0.39859 0.18397 0.89849 e
129.37190 61.33133 0.98814 -0.04554 0.14666 e
129.57765 56.63202 -0.48820 0.68851 -0.53630 e
129.71551 56.62274 -0.29162 -0.35068 -0.88993 e
129.87408 29.10220 -0.95389 0.29736 -0.04099 e
130.03329 30.73593 0.05841 -0.92390 -0.37816 e
130.08570 67.54605 0.21226 0.97147 -0.10580 e
130.78331 77.85243 -0.32325 -0.89735 -0.30044 e
131.61450 32.63752 0.02738 -0.99818 0.05376 e
132.12148 47.47184 0.84375 -0.40665 -0.35030 e
132.13750 55.81973 0.02908 0.99073 -0.13272 e
132.54365 70.50414 0.14321 -0.23432 -0.96155 e
132.59263 62.38634 -0.16847 0.96217 -0.21411 e
134.07322 53.34209 -0.81294 0.20171 -0.54629 e
134.66358 54.60878 -0.86781 -0.18602 -0.46076 e
135.04444 25.34530 -0.88010 0.14926 0.45071 e
135.10653 40.39442 0.87608 -0.00203 -0.48216 e
135.21762 80.27416 -0.34079 -0.92147 0.18641 e
135.63565 50.35307 0.36071 -0.26004 -0.89570 e
137.77712 69.24775 -0.31714 0.42546 -0.84759 e
137.91268 16.38744 -0.11310 0.49377 -0.86221 e
138.35121 69.15788 -0.65632 -0.61757 -0.43341 e
138.54345 58.80243 -0.86196 -0.09962 -0.49709 e
138.76823 58.05887 0.01189 -0.99753 -0.06928 e
139.35127 60.87586 0.47609 0.49653 -0.72581 e
139.38530 59.37133 -0.10286 0.98131 -0.16267 e
139.81288 56.75814 0.46560 0.76917 0.43771 e
140.97199 70.38048 0.40118 0.80072 0.44485 e
141.04875 50.06448 -0.64320 -0.20203 -0.73856 e
141.06640 27.72636 -0.13522 0.15436 -0.97872 e
142.33080 70.40247 -0.06968 -0.04124 -0.99672 e
142.39986 45.01640 -0.10985 0.98727 -0.11499 e
143.79092 16.43826 -0.12195 -0.09764 0.98772 e
144.33484 50.41312 0.80301 -0.15152 -0.57639 e
144.81853 64.38407 0.08882 0.98875 0.12037 e
144.92999 49.08686 -0.10675 -0.99172 0.07140 e
145.02950 34.14484 0.17254 -0.83512 -0.52230 e
145.46935 70.62006 0.19201 0.86523 -0.46314 e
146.24596 37.98571 -0.71919 0.59424 -0.36006 e
146.46252 46.99386 -0.98080 -0.09274 -0.17153 e
146.91103 69.73975 -0.02232 -0.80884 -0.58761 e
146.95345 37.59700 -0.59183 -0.60318 -0.53471 e
147.22114 42.72876 -0.14116 0.92770 -0.34561 e
147.35363 44.71780 0.34347 -0.51746 0.78375 e
147.53763 83.28456 -0.44726 0.89098 -0.07813 e
147.71122 24.15874 -0.50971 0.51286 -0.69077 e
147.87341 79.82563 0.44098 0.78163 -0.44112 e
148.30658 31.02636 -0.34042 0.54256 -0.76795 e
148.52761 56.72000 0.26299 -0.47046 0.84232 e
148.60024 34.24738 0.33997 0.33721 -0.87790 e
148.78448 37.03757 -0.31727 0.79660 -0.51456 e
149.03085 46.51642 -0.23537 -0.02523 -0.97158 e
149.52390 60.36786 -0.07929 -0.74724 0.65981 e
149.73491 54.17019 0.17495 0.95989 -0.21909 e
149.83986 59.99711 -0.56639 0.65905 -0.49483 e
150.42253 29.97000 0.39183 0.43925 -0.80841 e
150.44361 32.93698 -0.17654 0.91838 -0.35412 e
151.62142 76.52541 -0.69630 -0.58551 0.41514 e
151.75233 55.83956 0.35908 -0.91631 0.17733 e
152.21065 33.00062 0.19575 -0.55118 -0.81110 e
152.89230 58.36460 0.84911 0.14904 -0.50675 e
152.98593 26.12080 0.55391 -0.67828 -0.48282 e
153.37294 59.03393 0.28358 0.06278 -0.95689 e
153.50419 19.00794 -0.05044 0.20049 -0.97840 e
154.00497 67.01341 -0.86936 -0.08607 -0.48662 e
154.28814 58.70708 0.36431 -0.75111 0.55056 e
154.48319 74.01586 0.13628 -0.95314 -0.27008 e
154.52109 55.96272 0.78825 0.00413 -0.61534 e
154.62151 83.87916 -0.77324 -0.27084 0.57336 e
154.98267 82.79870 0.56617 0.60602 -0.55874 e
156.35072 62.67322 -0.03424 0.94344 -0.32977 e
157.40955 74.55957 0.02139 -0.13027 -0.99125 e
157.89774 35.06520 -0.00996 -0.99986 0.01356 e
158.96609 68.72321 -0.05997 -0.56464 -0.82315 e
159.28293 34.08183 -0.05742 0.05251 0.99697 e
159.73637 41.76584 0.97610 0.21699 -0.01202 e
159.88839 62.52167 -0.79863 -0.04169 0.60038 e
159.97183 59.28471 0.04894 0.99814 -0.03632 e
161.08007 46.14364 0.53214 0.46259 -0.70911 e
161.69474 18.08934 0.64263 0.13766 0.75371 e
162.03477 31.74450 0.43122 0.85911 -0.27564 e
162.40444 69.91313 0.30703 -0.94724 -0.09204 e
162.88890 47.09703 0.10820 0.47277 0.87452 e
162.89671 80.01021 0.05510 0.41996 0.90587 e
163.13755 18.65082 0.71251 -0.70136 -0.02089 e
163.58006 53.96810 -0.40197 -0.16389 -0.90087 e
163.96897 37.72481 0.06731 -0.71752 -0.69328 e
164.11653 35.05386 -0.47232 0.65070 -0.59456 e
164.41406 73.90397 -0.88097 -0.32043 -0.34815 e
164.47086 44.81670 -0.77315 -0.36597 -0.51799 e
164.50075 24.33326 -0.52234 -0.53615 -0.66310 e
165.54359 42.41991 0.57860 0.58218 -0.57122 e
165.91201 54.37525 0.93867 -0.11160 -0.32626 e
166.39169 24.41199 -0.64828 0.47790 0.59274 e
166.50156 79.80734 -0.83760 0.11985 -0.53297 e
166.85458 61.63341 0.42047 -0.20692 -0.88339 e
168.02416 51.95789 -0.27908 0.91035 -0.30557 e
168.11131 50.53624 0.29368 0.86505 -0.40674 e
168.17004 70.47245 -0.95548 0.03955 -0.29239 e
168.95381 31.82286 0.50155 -0.78580 0.36189 e
170.14029 37.74840 0.43427 0.89635 -0.08921 e
170.19097 62.77807 -0.12776 0.30049 -0.94519 e
170.56308 37.46686 -0.22564 0.48338 -0.84583 e
170.71373 51.99809 -0.40355 -0.41881 -0.81348 e
170.91512 70.69844 0.83196 0.07217 -0.55012 e
172.40315 55.88016 0.73193 0.03053 0.68070 e
173.58110 71.00752 0.91994 0.15442 -0.36038 e
174.04355 62.18470 0.81401 0.46964 0.34179 e
174.13945 50.13964 0.23809 0.31665 -0.91817 e
174.37123 34.68530 -0.53044 -0.81683 0.22678 e
174.85257 36.70162 0.43733 -0.70772 0.55487 e
175.38711 49.33860 -0.59756 0.43631 -0.67272 e
176.34161 50.52237 0.70976 -0.70193 -0.05937 e
177.34593 75.74871 0.15078 -0.25559 0.95495 e
177.37471 83.15728 0.69014 0.43180 -0.58074 e
178.02709 76.96982 0.90071 0.20777 -0.38150 e
178.43801 47.12316 0.83272 -0.55362 -0.00910 e
178.58984 56.28018 -0.42009 -0.67565 -0.60582 e
178.60565 14.62167 -0.97690 0.20580 0.05757 e
178.78204 35.79057 0.58644 0.19722 -0.78561 e
179.31789 42.57426 -0.39485 -0.64301 -0.65622 e
180.08081 23.14656 0.43524 -0.88185 -0.18142 e
180.20470 58.13794 -0.11124 -0.03138 -0.99330 e
180.63679 35.42463 -0.75209 0.59284 0.28793 e
180.84382 44.92504 -0.65043 -0.69105 -0.31528 e
181.26798 70.90274 0.40096 0.91495 -0.04586 e
181.49483 57.24479 0.16941 -0.06766 -0.98322 e
181.56096 20.65620 0.85242 -0.51109 -0.11032 e
181.57110 36.61124 0.76281 -0.50833 -0.39965 e
181.57286 52.11062 -0.58667 -0.79819 0.13678 e
181.76307 81.92841 0.83809 -0.50895 -0.19641 e
181.92678 50.95004 -0.60928 -0.65309 -0.44972 e
182.00418 56.58697 -0.89738 0.16972 -0.40732 e
182.74915 52.47702 0.31101 -0.69052 -0.65303 e
183.03746 34.28221 0.08964 -0.00623 -0.99595 e
183.04646 32.59242 0.21121 0.93166 0.29563 e
183.12523 22.15384 0.68446 0.49624 -0.53410 e
183.41451 71.44770 -0.98790 0.12675 -0.08935 e
183.96096 76.43745 0.92710 0.04396 -0.37223 e
184.29608 56.70127 0.95658 0.20298 0.20918 e
185.87572 23.95800 -0.10828 0.38864 0.91501 e
186.05512 43.15346 -0.11621 0.15064 -0.98173 e
186.37399 51.68038 0.72861 0.63824 -0.24855 e
186.89093 49.69727 -0.51741 0.39054 -0.76142 e
187.45404 51.45372 0.79598 -0.48557 -0.36143 e
187.50363 36.25804 -0.85163 -0.03577 -0.52293 e
187.70228 19.12882 -0.44664 0.77366 -0.44941 e
188.47456 55.37481 0.78801 0.50515 -0.35193 e
189.19303 40.87759 -0.04934 0.53878 -0.84100 e
189.27504 40.59871 -0.26989 0.51205 -0.81545 e
189.34007 58.99094 0.56518 0.02999 -0.82442 e
189.36390 29.41522 -0.41946 -0.31156 -0.85263 e
189.50247 57.29206 0.11997 -0.95122 -0.28423 e
189.81346 83.38190 0.35828 -0.09050 -0.92922 e
190.40654 39.89893 -0.76117 0.62914 -0.15751 e
190.70130 66.03637 -0.91942 -0.00231 0.39327 e
191.10122 39.03308 -0.76961 -0.41471 0.48550 e
191.55157 39.20270 0.22052 -0.97077 -0.09477 e
191.78427 28.99678 0.52595 0.80973 0.26021 e
192.23291 64.11938 -0.33795 -0.87643 0.34303 e
192.74627 71.34721 0.41274 -0.82880 -0.37779 e
193.65279 41.62517 -0.53935 0.67509 0.50333 e
193.84209 31.30878 0.49673 0.57911 0.64644 e
194.13184 72.13640 0.65190 0.49878 0.57117 e
194.29976 56.29027 0.79040 0.47319 -0.38905 e
194.45249 44.03939 0.46516 0.28901 -0.83672 e
194.83288 40.62545 0.73327 -0.34312 -0.58702 e
194.99235 21.76706 -0.88876 -0.45781 0.02265 e
195.64449 33.36997 -0.79022 0.42104 -0.44528 e
195.68288 71.02327 -0.08285 -0.47034 -0.87859 e
195.72669 18.26077 0.03641 0.23011 0.97248 e
195.76812 33.67262 -0.39192 -0.76559 -0.51017 e
196.45740 68.74302 -0.98658 -0.05926 -0.15216 e
197.03645 37.42795 0.50681 -0.66889 -0.54381 e
197.78996 64.82423 -0.80177 0.58915 0.10032 e
197.89010 58.08139 0.51878 0.83995 0.15919 e
198.01938 51.65640 0.05778 -0.93274 -0.35588 e
198.07388 36.03097 0.38585 0.18243 -0.90435 e
199.30003 67.48166 0.59067 -0.38207 -0.71072 e
199.45491 73.67494 0.60852 -0.39956 -0.68560 e
199.71199 40.87652 0.13074 0.22102 -0.96647 e
200.73553 63.59966 -0.48709 -0.79372 0.36435 e
201.58775 52.68918 -0.22307 -0.32038 -0.92065 e
203.30971 80.99227 -0.15356 0.43941 -0.88506 e
204.15573 12.52646 0.32278 0.92802 0.18602 e
204.42797 17.12469 0.34684 -0.87878 -0.32780 e
204.43421 72.50384 0.36821 0.22624 -0.90180 e
204.64072 38.56102 -0.49419 0.07983 -0.86568 e
204.66922 27.33273 -0.49725 -0.24965 -0.83091 e
205.25011 83.59530 0.11166 0.94655 0.30260 e
205.39729 70.92507 -0.30399 0.47559 -0.82547 e
205.54883 34.55500 0.47925 0.10632 -0.87122 e
205.86941 37.30573 0.94591 0.32402 0.01645 e
206.29590 32.72744 0.27824 0.12459 -0.95240 e
206.61158 51.28922 0.58354 0.39572 -0.70915 e
206.70784 37.89171 0.92832 -0.32276 0.18451 e
207.30076 62.59858 0.69749 0.39959 0.59484 e
207.46856 60.21723 -0.52699 0.13529 -0.83904 e
208.12179 81.66973 -0.87210 0.37914 -0.30935 e
208.77692 72.94895 0.39363 -0.73585 0.55098 e
209.10611 68.46644 -0.36349 0.93159 -0.00337 e
212.52980 57.71345 -0.06702 -0.21360 -0.97462 e
212.84433 33.68098 -0.48079 0.73587 -0.47679 e
213.11735 34.61562 0.48558 0.54175 0.68609 e
213.21124 30.77438 -0.16025 -0.36718 0.91624 e
213.52360 79.03246 -0.47255 0.87986 0.05047 e
213.73662 27.95197 0.44929 0.88775 0.10021 e
214.10580 36.96327 0.47579 0.69133 -0.54377 e
214.72113 35.95536 -0.44753 0.80932 0.38043 e
214.94065 58.95565 0.49765 0.86282 -0.08883 e
215.36744 80.12353 0.00252 0.84579 -0.53352 e
217.34348 45.24145 0.88568 -0.43356 0.16610 e
217.90232 57.44106 -0.80209 -0.57578 -0.15849 e
217.90700 46.98225 -0.90106 -0.36072 -0.24075 e
217.98441 51.21107 -0.87107 0.04329 -0.48925 e
218.05333 24.46559 -0.59152 0.01642 -0.80612 e
218.42644 44.92215 0.27440 0.45095 0.84932 e
218.49341 57.84925 -0.76419 0.49997 0.40749 e
218.63308 57.31300 0.18133 -0.30017 -0.93649 e
218.97647 33.34294 0.48713 0.84468 -0.22184 e
218.98709 74.02569 -0.28261 -0.59175 0.75496 e
219.35513 34.41694 -0.06573 -0.98722 0.14516 e
219.51897 68.57251 0.41342 -0.38944 -0.82305 e
219.61899 31.95794 -0.02709 0.32433 -0.94556 e
219.77465 71.78431 -0.19388 -0.71874 -0.66770 e
220.00510 78.25586 -0.91254 0.06689 -0.40347 e
220.07861 53.73519 -0.85110 0.27153 -0.44933 e
220.13620 42.98038 -0.32309 0.92285 -0.20966 e
220.78203 62.71911 0.16468 0.97546 -0.14616 e
220.86991 35.58773 0.31104 0.80296 -0.50845 e
221.38735 21.75815 -0.41983 -0.62513 -0.65800 e
222.77911 65.52965 0.71158 -0.08523 -0.69742 e
223.82712 43.22069 -0.50930 -0.71098 -0.48490 e
223.90848 21.31194 0.63051 -0.42612 -0.64875 e
224.28274 31.26779 0.64011 0.27595 -0.71702 e
225.03289 48.10874 -0.15853 0.73111 -0.66359 e
225.21589 36.78154 -0.77747 0.21162 0.59225 e
225.36434 59.00001 0.82638 0.39400 0.40233 e
225.53078 78.41960 0.45995 0.61873 0.63688 e
225.59605 82.25584 0.09394 -0.45414 -0.88597 e
226.09855 29.51913 -0.52241 0.80234 -0.28870 e
226.14053 84.58210 -0.77932 0.53094 0.33282 e
226.73143 45.81757 -0.12336 0.90600 -0.40491 e
226.86936 54.66786 0.35108 -0.82086 0.45049 e
227.15815 51.37936 -0.93759 -0.24957 0.24216 e
227.26164 77.16395 0.22141 -0.81249 -0.53929 e
227.34417 82.39894 0.83928 -0.07977 0.53782 e
227.70676 51.41413 0.34248 0.93607 -0.08046 e
228.50176 44.69041 0.81142 0.56148 -0.16229 e
228.63147 51.39585 -0.45487 -0.39750 -0.79692 e
228.63277 61.07799 -0.48047 -0.33857 -0.80902 e
228.64835 26.81662 0.95985 0.16867 0.22412 e
228.83739 80.13952 0.81593 -0.02983 -0.57738 e
228.85207 82.06416 0.15645 -0.81858 0.55268 e
230.84016 32.60829 0.60507 -0.45892 -0.65060 e
231.36238 23.97220 -0.64988 0.23438 -0.72299 e
231.60139 20.64612 -0.81091 -0.44164 -0.38390 e
231.66466 47.22013 -0.24875 -0.96842 0.01667 e
231.77802 67.59586 0.47007 -0.72989 -0.49627 e
231.94408 69.92442 0.10511 -0.98630 0.12713 e
232.02907 48.89190 0.54658 -0.76245 -0.34628 e
233.19570 76.08355 -0.73188 -0.19159 0.65394 e
233.44466 17.74329 -0.26454 0.94105 0.21081 e
234.13796 30.66181 -0.15293 0.83133 -0.53432 e
234.68885 38.50100 0.25472 0.76032 0.59753 e
235.08241 33.35046 -0.56833 0.12693 0.81295 e
235.35898 33.75014 0.79177 0.45533 -0.40717 e
236.84050 81.37729 0.72588 -0.10656 0.67951 e
237.07296 74.58550 0.06556 0.47502 -0.87753 e
237.14272 38.80109 0.62101 0.51271 -0.59285 e
237.30781 33.78853 -0.09463 0.52840 0.84370 e
237.79638 51.69378 -0.26053 -0.84988 -0.45807 e
238.51980 44.40728 0.90263 -0.27267 -0.33302 e
239.55859 46.76205 -0.95729 -0.28258 -0.06124 e
240.27720 70.89651 0.69059 0.70211 -0.17357 e
241.49402 49.77143 0.91807 -0.39641 0.00160 e
241.70548 56.87897 0.63554 0.25726 -0.72794 e
242.80442 24.03319 -0.05623 -0.91107 0.40841 e
243.87502 44.26056 -0.96972 0.21741 0.11124 e
245.16822 23.84697 0.20156 0.97653 -0.07584 e
245.72844 43.90333 -0.80359 -0.01532 -0.59499 e
246.11307 37.11376 -0.37175 -0.89913 0.23101 e
246.66508 38.57700 -0.80193 0.58332 -0.12903 e
247.65106 33.38652 -0.38684 -0.01101 0.92208 e
247.88694 30.09489 0.86877 -0.48867 0.08022 e
248.06944 40.31273 0.95870 0.28394 0.01646 e
248.16038 81.64851 0.34101 0.11456 -0.93305 e
248.21163 20.62237 -0.10260 -0.98542 0.13569 e
248.97141 64.93181 -0.68802 0.47722 -0.54671 e
249.04525 68.07714 0.78646 0.49071 -0.37508 e
249.20949 36.88054 -0.64072 -0.70857 -0.29565 e
250.38520 70.03950 -0.44307 0.87752 0.18345 e
251.06427 18.10690 -0.72064 0.65104 -0.23837 e
251.65729 57.02948 0.16248 -0.97006 -0.18053 e
251.71172 46.26426 -0.60478 -0.17675 -0.77653 e
251.92373 69.94277 0.97313 -0.10873 -0.20294 e
252.74383 50.21539 0.50848 0.82701 0.23981 e
252.97278 54.67592 -0.19528 0.23273 -0.95274 e
253.24886 57.93248 0.40151 -0.16993 -0.89995 e
253.26124 75.27125 0.85381 -0.07102 -0.51572 e
253.77593 70.52104 -0.94532 -0.20909 -0.25029 e
254.66164 20.98139 0.42518 -0.11988 0.89714 e
255.41718 80.59455 -0.25218 -0.61917 -0.74367 e
255.66001 53.01938 -0.22836 0.52700 -0.81861 e
255.76828 52.10355 -0.04521 0.21756 -0.97500 e
256.26046 58.80780 0.50738 -0.84797 -0.15334 e
256.63901 48.13385 -0.23774 0.33646 -0.91119 e
258.89851 39.41422 0.05314 -0.92807 -0.36860 e
259.32576 56.01712 -0.55232 -0.70174 0.45000 e
260.40394 66.71197 0.65399 -0.73980 -0.15807 e
260.91881 76.16054 -0.94670 -0.30546 -0.10219 e
261.01506 61.93085 -0.63412 0.53249 -0.56066 e
261.10640 42.84297 0.79343 -0.39327 -0.46456 e
261.78703 30.43742 -0.53506 0.46893 0.70272 e
261.89330 26.36064 0.35079 0.15405 0.92370 e
262.50420 70.78310 -0.06130 -0.20212 -0.97744 e
262.64654 62.75374 0.54858 0.59763 -0.58472 e
262.96099 12.99328 0.33339 -0.91906 0.21019 e
263.23246 54.28940 -0.83461 -0.51378 -0.19866 e
263.39896 26.14994 -0.72329 0.28929 -0.62702 e
263.59498 34.11243 -0.09221 0.63438 -0.76750 e
264.08890 54.50982 -0.85019 -0.49395 -0.18219 e
264.45429 52.70758 -0.07152 0.91296 -0.40174 e
265.08604 53.58135 0.33262 0.49240 -0.80431 e
265.75804 40.60871 -0.96829 -0.15831 -0.19326 e
267.00117 18.09549 -0.38502 -0.68857 -0.61452 e
267.41827 14.47432 0.14506 -0.93745 0.31644 e
269.25570 31.47967 -0.42442 -0.88945 -0.16956 e
269.30228 41.89329 -0.31273 -0.93993 0.13690 e
269.32186 57.57470 -0.71056 -0.64963 0.27036 e
269.75630 65.89075 0.45140 0.82104 0.34947 e
270.48922 61.33446 -0.98947 -0.05595 0.13347 e
270.54313 39.50735 0.76755 -0.37399 -0.52058 e
271.84482 74.38473 -0.36528 -0.64495 -0.67127 e
272.57312 22.19069 0.07677 0.97199 0.22215 e
273.14070 35.06117 -0.47756 0.76932 0.42437 e
274.25345 49.67805 -0.47112 0.19298 -0.86070 e
274.34707 63.40380 0.74296 -0.66180 0.10019 e
274.89670 22.16818 -0.02409 -0.95362 -0.30006 e
276.03107 45.76133 0.09366 0.67809 -0.72898 e
276.92948 59.45867 0.95182 0.28113 0.12247 e
277.36983 47.23660 0.15871 0.86274 -0.48009 e
277.68879 56.20882 0.02319 0.27819 -0.96025 e
277.89831 27.24962 -0.04961 -0.94635 0.31930 e
278.29210 47.04994 0.12565 -0.28161 -0.95126 e
279.26239 33.08265 0.84816 0.46374 -0.25608 e
280.82480 42.80491 -0.60684 0.19667 -0.77011 e
281.00950 22.22881 -0.08070 0.95387 -0.28917 e
281.31192 84.21549 0.24568 -0.25398 -0.93549 e
283.90751 66.91117 0.45052 0.77660 -0.44038 e
284.63458 81.26353 -0.41171 -0.65042 -0.63832 e
285.13001 71.58930 -0.06257 0.37955 -0.92305 e
286.01496 42.42344 0.40310 -0.89514 -0.19034 e
286.50430 28.19629 0.26401 0.64036 -0.72127 e
287.71390 54.43078 0.26835 0.44377 -0.85502 e
288.12027 68.73362 0.24174 0.96765 -0.07217 e
289.70971 82.92834 -0.49311 -0.74335 -0.45197 e
291.75157 36.09476 -0.57449 0.81819 0.02294 e
292.03045 59.55942 0.05233 -0.97067 -0.23467 e
292.18950 43.70612 -0.11244 0.91859 -0.37889 e
292.19278 59.94409 0.27891 -0.47872 -0.83249 e
292.73930 27.15508 0.89958 0.20686 -0.38466 e
292.92368 48.90663 -0.15731 0.10785 -0.98164 e
292.94409 46.11246 0.20322 0.10813 -0.97315 e
293.28437 45.84795 0.93963 -0.25613 -0.22690 e
294.59476 72.48248 0.99738 0.04103 -0.05951 e
294.78284 70.15288 0.14305 -0.93603 0.32152 e
295.96939 57.93346 0.75359 0.65378 -0.06835 e
296.30743 32.15276 -0.80053 -0.25993 0.53999 e
296.31143 53.47812 -0.89893 0.37117 -0.23273 e
296.51474 65.67318 -0.43892 0.74676 -0.49970 e
297.18814 22.34234 0.74805 0.03310 -0.66282 e
298.00902 39.28199 -0.71372 0.61876 -0.32825 e
299.21921 23.73332 -0.87326 0.21796 -0.43579 e
299.31865 27.51465 -0.64168 0.71183 0.28556 e
299.82603 52.76594 0.08228 0.04243 -0.99571 e
300.49338 42.33395 -0.90828 0.12925 0.39790 e
301.18765 38.79832 0.99378 0.10526 0.03622 e
302.35563 44.56351 0.12294 0.99006 0.06834 e
303.59273 48.97845 0.69742 -0.21949 -0.68222 e
303.91371 32.80595 0.55778 -0.15668 -0.81506 e
304.14023 76.19822 0.72322 -0.38067 -0.57624 e
304.78957 62.92003 0.05049 -0.06400 -0.99667 e
306.31297 47.37387 -0.50687 -0.80875 -0.29834 e
307.80337 75.79526 0.56406 0.76795 0.30347 e
310.37713 33.58428 -0.65719 -0.02098 0.75343 e
310.54152 67.05213 0.49660 -0.03279 -0.86736 e
310.61450 52.90012 -0.48827 0.06477 -0.87029 e
311.16215 29.62178 -0.19678 -0.79242 0.57736 e
311.76857 51.45875 0.36855 -0.62937 0.68416 e
312.45306 72.55697 0.79337 0.09667 -0.60102 e
312.71620 63.20142 0.54893 -0.67303 -0.49569 e
312.97843 34.95693 -0.04235 0.49554 -0.86755 e
313.06950 20.87791 0.65625 -0.23637 0.71657 e
313.83221 37.31576 0.62103 -0.69775 -0.35702 e
313.83656 63.68604 0.48339 -0.13773 -0.86450 e
314.11388 19.04646 -0.65707 -0.74439 -0.11894 e
314.15382 25.92598 0.04464 -0.64256 0.76494 e
314.34443 54.64386 0.17949 -0.23431 -0.95545 e
315.46750 70.85361 0.40564 -0.54644 0.73271 e
316.04944 45.15209 0.12215 -0.88698 -0.44537 e
316.38351 24.85337 0.80603 -0.45935 -0.37325 e
316.52314 44.71094 0.06016 -0.82238 0.56575 e
317.44603 60.05811 0.07435 -0.67465 -0.73439 e
317.49721 41.65545 0.04654 0.09508 -0.99438 e
317.62889 43.90630 -0.49848 -0.03463 -0.86621 e
317.81074 47.22427 0.51267 -0.82173 0.24886 e
318.43652 57.16945 0.38874 -0.22546 -0.89334 e
318.69968 18.97111 0.69034 0.72293 0.02846 e
319.15350 31.32707 0.67135 -0.62737 -0.39459 e
319.84455 31.26177 0.36156 -0.17712 -0.91537 e
320.41177 33.61692 0.75402 0.59695 -0.27405 e
320.46100 70.16229 0.52409 -0.83904 -0.14610 e
321.40881 78.20659 -0.38891 -0.72249 -0.57163 e
321.57266 62.69661 -0.98920 0.01808 -0.14546 e
321.66691 69.10706 -0.86153 -0.44736 -0.24008 e
322.90209 62.86410 0.86672 -0.36100 -0.34419 e
323.25649 32.71806 0.55189 0.41060 -0.72583 e
323.61193 22.07805 0.85406 0.13415 0.50258 e
323.85067 38.55781 0.19484 -0.70163 -0.68539 e
323.95156 35.67414 -0.23783 -0.51364 -0.82439 e
324.11042 20.08054 0.03038 -0.83635 -0.54735 e
324.81914 56.15027 -0.40488 -0.47589 -0.78077 e
325.43599 68.39124 0.23814 0.51390 0.82413 e
325.46938 35.82152 -0.85682 0.51321 0.04969 e
325.85162 58.12010 0.56311 -0.81058 -0.16086 e
325.85854 69.64489 0.11909 -0.96314 -0.24118 e
326.24396 50.64260 0.48321 0.77229 0.41240 e
326.37643 44.81908 -0.42844 -0.85954 0.27864 e
326.39566 52.09145 -0.80868 0.58797 -0.01837 e
326.42961 19.06274 -0.77479 0.11164 -0.62229 e
326.58528 36.76465 0.15771 0.35415 -0.92179 e
326.72970 66.66584 0.98686 0.10973 0.11863 e
326.87227 12.15945 -0.25491 0.76314 0.59384 e
327.30561 34.39649 -0.39364 0.28394 -0.87431 e
328.75639 17.58097 -0.84223 0.08330 -0.53265 e
329.08592 21.03200 -0.58879 0.80111 0.10741 e
329.18588 38.80262 0.17597 -0.98400 0.02801 e
329.38016 27.82077 -0.14473 -0.97958 -0.13955 e
330.36980 43.54019 -0.35791 0.20666 -0.91060 e
330.37027 66.94531 -0.64301 0.68487 -0.34278 e
330.48833 39.28200 -0.92896 0.36934 -0.02497 e
332.78671 68.07095 0.09209 0.86345 -0.49596 e
332.81494 62.78507 -0.99336 -0.07733 -0.08521 e
333.22012 39.38926 -0.71896 0.30680 -0.62368 e
333.30918 70.70371 0.17992 0.88750 -0.42423 e
333.39195 31.48739 0.38941 0.91599 -0.09657 e
333.42730 69.51581 -0.09438 -0.92224 -0.37492 e
333.47703 21.22955 0.39979 0.80930 -0.43036 e
333.59450 12.42701 -0.37881 -0.48209 -0.79000 e
333.92328 37.29691 0.48012 0.61169 0.62875 e
334.66906 57.55545 -0.01279 0.94913 -0.31461 e
336.24154 35.56374 0.68712 0.71766 0.11328 e
336.75896 66.65478 0.49115 0.31241 -0.81313 e
336.96368 79.54190 0.11528 0.94287 0.31257 e
338.51418 24.98568 0.19957 -0.95984 0.19717 e
339.47074 31.06444 -0.82706 0.16741 -0.53660 e
340.56746 29.75328 -0.89612 0.04036 -0.44197 e
340.81287 29.45329 -0.14981 -0.96089 -0.23290 e
340.95781 71.60420 0.65714 0.09667 -0.74755 e
341.46699 31.49512 0.46086 0.62249 0.63255 e
341.92501 79.01441 0.74646 0.00979 -0.66536 e
342.11538 34.99686 -0.57009 -0.80807 -0.14840 e
344.30172 64.53537 -0.69763 -0.37374 -0.61126 e
344.39266 81.99348 0.99306 -0.08969 0.07612 e
344.67739 37.31650 -0.18154 0.55404 -0.81246 e
344.88802 53.90091 -0.51174 -0.17065 -0.84202 e
346.30010 78.25301 0.85350 0.38054 -0.35598 e
346.33407 36.88232 0.70662 0.32750 0.62725 e
346.52367 14.86079 0.13743 0.61210 -0.77875 e
346.85136 57.18501 0.85721 0.50271 -0.11169 e
347.59170 44.27790 0.12286 0.95210 -0.28001 e
347.62606 43.66008 -0.32804 -0.71400 -0.61854 e
347.65997 27.93697 -0.90363 -0.20506 0.37603 e
348.66802 60.92837 -0.13741 0.84145 -0.52258 e
349.58860 19.50427 -0.57961 0.61665 -0.53272 e
350.62716 31.90585 0.45959 0.48275 -0.74547 e
350.72995 39.51425 0.43024 0.55155 0.71462 e
350.76255 31.06550 0.17351 -0.80345 -0.56953 e
350.83482 53.95998 -0.03847 -0.13167 -0.99055 e
350.85885 54.77739 -0.38512 -0.25082 -0.88813 e
350.88495 46.86719 0.50811 0.83310 -0.21857 e
350.89787 68.15997 0.72937 0.65276 -0.20474 e
354.76041 31.40474 -0.07933 0.23591 -0.96853 e
355.45800 18.91941 -0.03298 0.26076 -0.96484 e
355.81797 39.44839 0.71998 0.49542 -0.48600 e
356.25858 50.24975 -0.53841 0.01937 -0.84246 e
356.45341 72.30363 0.73730 0.67269 0.06220 e
357.08058 79.96402 -0.73221 -0.43459 0.52440 e
357.43853 67.64232 0.70724 -0.65475 -0.26668 e
359.87549 27.90326 -0.29948 0.84482 -0.44339 e
359.87948 43.73734 -0.00430 0.36190 -0.93221 e
360.97297 73.42073 -0.12451 0.26467 -0.95627 e
361.50631 27.90517 0.22112 -0.24544 -0.94386 e
363.87452 78.64922 -0.28715 -0.51793 0.80579 e
365.13464 30.10583 -0.96572 0.25066 0.06746 e
366.75365 25.54178 -0.86751 0.35976 0.34351 e
367.59793 74.65792 -0.15074 -0.93236 -0.32862 e
369.54625 73.24118 -0.04640 -0.29712 0.95371 e
369.76210 82.27689 0.73995 -0.61519 0.27207 e
370.55896 54.20751 0.45009 -0.68485 -0.57306 e
372.76622 64.16714 0.29502 -0.74092 0.60333 e
373.77178 13.15134 0.20080 -0.77631 0.59751 e
378.49168 55.78604 0.37262 0.73511 0.56637 e
381.37593 77.69913 0.85567 0.46467 0.22782 e
384.32529 41.77830 -0.59702 -0.80216 0.01025 e
390.66623 37.36876 0.17692 -0.84191 -0.50979 e
391.62116 28.62895 0.40321 -0.11480 -0.90788 e
398.59597 24.27009 0.69256 -0.71526 -0.09361 e
399.92424 37.23104 -0.53445 0.79329 -0.29163 e
400.49787 59.14979 -0.49393 -0.86154 -0.11742 e
404.48667 49.70277 0.89729 -0.16372 -0.40997 e
407.14286 63.62810 -0.88826 -0.45874 -0.02340 e
408.94072 51.89304 -0.02030 -0.11770 0.99284 e
430.61373 48.26691 0.17229 -0.82448 0.53902 e
433.88031 70.14455 0.99030 0.13892 0.00207 e
434.58978 14.50066 -0.18590 -0.93715 -0.29527 e
436.42088 42.34362 0.95464 0.11100 -0.27632 e
436.89793 29.85012 0.42547 0.48157 -0.76620 e
439.12420 32.08788 -0.46121 -0.81626 0.34785 e
439.59501 14.61475 0.17717 0.40281 -0.89797 e
439.85485 49.67802 -0.94593 -0.24482 -0.21281 e
442.72557 60.85852 0.03258 0.89617 0.44251 e
467.01113 19.48494 -0.63250 0.44964 0.63069 e
479.98054 19.31227 0.04958 0.98975 0.13393 e
484.52810 38.40400 -0.41801 0.37330 -0.82820 e
521.20753 26.16220 0.52246 0.17573 -0.83436 e
527.11995 25.67482 0.50372 0.82313 -0.26217 e
527.45081 33.96854 -0.41800 0.83599 0.35551 e
536.70188 37.00635 -0.90002 0.24099 -0.36316 e
560.39049 13.38390 0.32237 -0.42602 -0.84533 e
580.97928 38.24278 -0.50597 0.49514 -0.70628 e
585.46000 21.68240 -0.46440 0.81949 0.33581 e
684.88735 25.00807 -0.91394 -0.40037 -0.06643 e
702.04512 13.23047 -0.99583 0.08452 -0.03426 e
716.36020 22.65665 0.99771 -0.03329 -0.05890 e
731.71324 18.61854 0.12698 0.87920 -0.45922 e
738.72314 19.49437 -0.91578 -0.31939 0.24361 e
793.35086 17.65248 -0.06476 -0.87381 0.48194 e
811.11636 31.89456 0.50940 0.40016 -0.76183 e
847.24682 43.93038 0.15890 -0.87092 -0.46503 e
848.86302 35.74796 -0.09203 0.47601 -0.87461 e
873.85763 38.55860 0.11694 0.96722 0.22542 e
893.67622 18.14483 -0.25780 -0.59921 -0.75795 e
894.79233 18.70590 0.02473 -0.48512 -0.87410 e
923.89489 20.08704 0.11762 0.60416 0.78813 e
933.51587 46.24619 -0.71239 0.41716 0.56434 e
942.76618 21.66019 -0.30140 0.32111 0.89780 e
945.71272 37.34889 0.16074 -0.90562 -0.39245 e
948.62666 25.62404 -0.48820 -0.27929 -0.82683 e
950.78069 56.49960 -0.84315 -0.51157 0.16554 e
957.20887 18.89938 -0.65451 0.67815 -0.33425 e
962.44698 17.95984 0.98867 0.04827 -0.14210 e
980.26487 9.92746 0.02609 -0.67490 -0.73745 e
996.34559 27.96306 0.94833 -0.15778 -0.27529 e
1005.97280 24.34803 -0.82087 -0.38788 0.41919 e
1042.79696 18.77484 -0.38137 0.89445 -0.23348 e
1049.13934 17.23473 0.03436 -0.67758 -0.73465 e
1074.65457 22.54223 0.87499 -0.14791 0.46100 e
1077.35641 18.56740 0.98058 -0.17915 0.07984 e
1105.39232 34.40486 0.96912 0.17630 -0.17244 e
1124.06574 14.47256 0.79398 0.16780 0.58433 e
1124.45253 31.14253 -0.67944 -0.68831 0.25416 e
1133.18905 31.39106 0.33962 0.93567 0.09580 e
1134.01275 16.69130 0.59278 0.31412 -0.74158 e
1158.82808 28.15458 -0.80708 0.47700 0.34799 e
1323.50434 17.18182 0.26207 0.79567 0.54610 e
1329.76824 27.58529 -0.25402 -0.56416 0.78562 e
1385.40436 28.58722 0.67737 -0.73536 -0.02028 e
1450.30963 32.83519 -0.08761 0.92864 -0.36048 e
1451.86677 19.49576 0.84033 -0.03227 0.54111 e
1547.22439 40.60359 0.13005 -0.96250 0.23809 e
1548.78440 11.33402 -0.37433 0.84350 -0.38520 e
1566.12837 24.37201 -0.12903 -0.55128 -0.82429 e
1710.65963 37.48069 0.90657 0.13978 -0.39825 e
1761.30094 27.33188 0.68282 0.33087 0.65137 e
1880.98902 21.12940 0.31895 -0.24681 -0.91507 e
1924.48059 26.00645 0.61372 -0.76923 -0.17784 e
1952.28985 32.18442 0.82071 0.22013 -0.52724 e
2020.80040 32.46908 -0.37490 -0.52021 -0.76735 e
2036.68681 29.78125 0.01858 -0.87899 0.47647 e
2107.96760 40.72883 0.91976 -0.08144 0.38395 e
2111.71005 20.16425 0.85300 -0.00037 -0.52190 e
2185.35439 33.37210 -0.17219 -0.63835 -0.75024 e
2208.94986 19.14531 -0.31928 0.22204 0.92128 e
2315.34405 17.42074 -0.15633 0.76786 -0.62125 e
2338.57802 12.77235 0.98078 0.18046 -0.07418 e
2438.36729 15.56835 0.19194 -0.95597 -0.22201 e
2440.42806 13.78979 0.11526 0.46975 -0.87524 e
2460.32365 32.65837 -0.54530 0.07491 -0.83489 e
2514.85364 27.56991 0.59192 -0.05028 -0.80442 e
2646.92640 12.83267 -0.63764 -0.74556 0.19380 e
2695.83334 19.13889 0.44887 -0.63137 -0.63236 e
2788.57674 23.31500 0.85782 -0.48805 0.16106 e
2944.74143 20.36333 0.69286 -0.16782 0.70127 e
3088.56046 22.93053 -0.40976 -0.91116 -0.04345 e
3381.13302 25.76124 -0.74320 0.66152 -0.10026 e
3748.88065 84.25992 0.68836 0.67102 -0.27549 e
3818.70361 23.87729 -0.90910 -0.40921 0.07801 e
3938.93396 18.99480 0.60209 -0.62152 0.50120 e
4325.90324 21.88669 -0.83335 0.24174 -0.49708 e
4334.29119 33.63336 0.22127 0.92344 -0.31354 e
4485.29527 37.98296 0.58870 -0.78459 -0.19457 e
4539.96379 14.95161 0.61069 -0.79174 0.01415 e
4724.63264 21.83853 -0.44693 -0.74288 0.49837 e
4806.53989 32.52057 0.76627 0.46174 0.44680 e
5073.61294 15.92978 -0.07008 -0.36321 -0.92907 e
5079.91892 15.28154 -0.12780 0.63264 0.76382 e
5091.87046 33.90780 -0.05156 0.99409 -0.09553 e
5407.41041 30.42016 0.95389 -0.18446 0.23678 e
5606.81542 9.30182 -0.92420 0.21793 -0.31361 e
5842.53204 13.66322 0.38938 0.04068 -0.92018 e
6021.45452 18.11726 -0.36974 -0.44304 -0.81671 e
6382.22593 30.55683 0.47993 -0.83872 0.25733 e
6723.58283 16.08511 -0.63656 -0.37856 -0.67193 e
6754.44968 21.94488 -0.48241 -0.65744 0.57884 e
7683.89316 19.00444 -0.63590 0.18200 -0.75001 e
8713.49613 12.81747 -0.68099 -0.32196 -0.65772 e
9110.59771 31.15534 -0.45456 -0.63084 -0.62882 e
12559.80480 23.13634 -0.00021 -0.99974 0.02285 e
