16.86635 64.76713 0.65043 -0.72023 -0.24128 e
17.36838 89.72390 -0.22040 0.43587 -0.87261 e
18.20920 83.59244 -0.57460 0.80954 -0.12037 e
18.33490 66.45072 -0.79238 0.29276 -0.53518 e
18.74893 42.00714 0.65589 0.73738 -0.16149 e
18.82880 65.17232 0.29575 0.53879 0.78882 e
18.99179 59.77969 0.49785 -0.78510 -0.36846 e
19.03318 90.51799 0.56354 -0.77650 -0.28190 e
20.10654 62.71822 0.97753 0.01173 0.21046 e
20.13668 82.74721 0.82239 -0.41310 -0.39119 e
20.34790 98.02554 0.51034 0.85970 0.02186 e
20.35487 87.15800 0.41111 -0.41316 -0.81258 e
20.74183 67.05947 -0.71552 -0.28551 -0.63759 e
21.03296 98.24037 0.32078 -0.29826 -0.89897 e
21.07562 99.49298 0.37955 0.73811 -0.55780 e
21.20735 67.11198 0.98338 -0.07304 -0.16624 e
21.20772 38.41588 -0.53873 0.82060 -0.19074 e
21.34988 97.79627 0.26934 0.70892 -0.65183 e
21.43338 74.81517 -0.25524 0.18884 -0.94826 e
21.45246 88.76161 0.54671 0.25407 -0.79784 e
21.93543 61.13890 -0.83316 0.55016 -0.05634 e
21.96816 83.91236 0.65104 0.75482 0.08000 e
22.13609 65.64483 -0.27359 0.95196 0.13753 e
22.31466 94.72347 -0.59279 0.72119 -0.35844 e
22.79034 74.65476 0.61782 0.05261 -0.78456 e
22.79874 85.91184 -0.89845 -0.40090 0.17909 e
22.99058 93.67963 -0.18630 -0.60028 0.77779 e
23.02857 76.96628 -0.30676 -0.66069 -0.68512 e
23.03231 75.19692 -0.28103 -0.52904 -0.80071 e
23.05831 83.27943 0.24654 0.48516 -0.83895 e
23.20614 71.61927 -0.10831 -0.39646 -0.91164 e
23.33411 65.49009 0.88869 0.06259 0.45422 e
23.48106 60.27916 0.68438 -0.02937 -0.72853 e
23.61369 86.91595 -0.66126 -0.73603 0.14492 e
23.72123 71.60041 -0.24173 0.96109 0.13367 e
23.76271 97.38170 0.05677 0.96665 0.24973 e
23.78146 91.89281 -0.62277 0.70467 0.33999 e
23.95682 52.87916 -0.47398 0.63595 -0.60902 e
24.16124 95.50708 -0.41039 0.87266 -0.26464 e
24.79351 65.54462 -0.11755 0.18249 -0.97616 e
24.91634 99.26155 0.57914 0.09484 0.80969 e
24.92408 86.85083 -0.13033 0.59943 -0.78975 e
24.98786 82.03435 -0.88614 -0.45013 -0.11014 e
25.00016 84.33070 -0.54065 0.11570 -0.83326 e
25.15383 60.07519 -0.54451 -0.72022 0.42987 e
25.50674 93.35402 0.83494 0.51889 -0.18340 e
25.70439 70.55538 -0.15315 -0.76923 -0.62035 e
25.80242 52.59532 -0.55642 0.82835 -0.06498 e
25.85362 88.74706 0.39296 -0.57834 -0.71491 e
25.90846 41.92123 -0.39390 0.58911 0.70554 e
25.93472 80.73516 0.19882 0.97885 0.04822 e
25.94069 69.02779 0.84630 0.03686 -0.53143 e
26.16697 51.78181 0.76834 0.52188 0.37053 e
26.29321 66.56399 0.23222 -0.93041 0.28355 e
26.79503 96.92283 0.88980 -0.41751 0.18420 e
26.80126 53.91435 -0.20906 0.23932 -0.94817 e
26.96160 78.73071 0.34378 -0.82641 0.44594 e
27.06131 77.20234 0.82142 -0.01622 0.57010 e
27.23969 96.38609 -0.30117 0.88953 -0.34357 e
27.28043 91.28912 -0.89829 0.20526 0.38852 e
27.46457 94.15767 0.81413 0.47032 -0.34059 e
27.65504 70.63066 0.22650 0.14317 -0.96343 e
27.96377 88.95809 -0.80336 -0.10954 -0.58533 e
28.01349 95.18618 0.15429 0.91721 -0.36731 e
28.26587 65.56740 -0.62315 0.51583 -0.58788 e
28.34140 87.15025 -0.76555 -0.27338 0.58240 e
28.35000 91.57024 -0.35211 -0.92811 0.12094 e
28.43411 89.57694 0.69825 0.58673 -0.41012 e
28.45807 47.41148 -0.94171 -0.23002 0.24551 e
28.51488 80.54075 0.18925 -0.91153 -0.36509 e
28.73387 88.55980 -0.24371 0.94605 -0.21355 e
29.03950 94.24682 -0.95475 -0.28634 0.08043 e
29.09986 98.68208 0.25557 0.38576 -0.88649 e
29.13097 80.18320 -0.03008 0.40857 -0.91223 e
29.87812 82.98343 0.15334 -0.75466 -0.63795 e
29.93483 93.81919 0.60403 -0.77336 -0.19250 e
30.22976 92.72480 -0.13775 0.92669 0.34967 e
30.84441 47.59349 -0.88264 -0.33388 -0.33086 e
30.94393 93.36941 0.00174 -0.02365 -0.99972 e
31.14783 98.25414 0.52385 -0.22948 -0.82032 e
31.23940 94.44341 0.07477 0.96817 -0.23887 e
31.27288 91.14645 0.82963 -0.55422 -0.06745 e
31.37420 64.83690 0.92859 0.33667 -0.15614 e
31.37976 79.53740 -0.77539 0.56861 -0.27467 e
31.52058 42.78825 -0.34012 0.80465 -0.48669 e
31.52507 66.45038 -0.15655 -0.95320 -0.25865 e
31.54196 65.06180 -0.13050 0.96905 0.20954 e
31.59982 80.34855 -0.93133 0.13953 -0.33638 e
31.83517 85.56793 0.04797 -0.74285 -0.66774 e
31.88645 82.82777 0.81190 -0.55412 -0.18375 e
32.15526 44.55628 0.34324 0.74099 -0.57716 e
32.57304 88.24417 -0.06195 0.99802 -0.01065 e
32.78692 83.85109 -0.86349 -0.50437 0.00079 e
32.87440 86.24430 0.83182 0.04037 0.55358 e
32.90157 93.48159 -0.95062 -0.30581 0.05298 e
32.93657 97.29979 0.54901 -0.07055 -0.83283 e
32.98866 95.35173 -0.64434 0.76443 0.02174 e
33.42946 85.70583 0.30031 0.95304 -0.03900 e
33.69151 96.45178 0.41300 0.49941 -0.76159 e
33.80238 95.57189 0.54232 0.19356 0.81757 e
33.95362 92.60609 -0.75395 -0.20834 -0.62302 e
34.13541 87.66509 0.33362 0.80471 0.49106 e
34.31776 50.66784 0.11433 0.76756 -0.63069 e
34.42620 63.69212 -0.10864 0.24264 -0.96401 e
34.74718 62.06555 -0.60040 -0.79046 0.12117 e
35.13439 42.75881 -0.94243 0.21210 0.25853 e
35.25540 71.62754 0.34948 -0.58415 -0.73255 e
35.36470 62.90854 0.05177 0.49835 -0.86543 e
35.47044 59.67889 0.55382 -0.76691 -0.32424 e
35.51636 79.26817 0.11878 0.77510 -0.62057 e
35.65507 80.03753 0.62243 -0.40373 0.67051 e
35.90816 97.26449 0.01099 0.40695 -0.91339 e
36.15514 91.61825 0.17536 -0.40356 -0.89799 e
36.19037 95.64881 0.40082 -0.41963 -0.81440 e
36.21418 60.18462 0.17566 -0.27820 -0.94432 e
36.36703 98.49671 0.54909 0.62211 -0.55810 e
36.40538 63.16164 0.17696 -0.85881 -0.48077 e
36.56312 99.55817 0.74740 0.55138 0.37063 e
36.56950 72.24287 0.39595 -0.73865 -0.54554 e
36.60535 86.10065 -0.20807 0.10493 -0.97247 e
36.66259 75.30727 -0.71692 -0.56077 0.41421 e
36.97377 84.29650 0.08305 0.33177 -0.93970 e
36.98421 78.79233 0.10145 -0.27280 -0.95671 e
37.18366 52.25107 -0.63447 0.47530 -0.60953 e
37.30385 75.45876 -0.50581 -0.80495 0.31019 e
37.58967 85.47245 -0.99455 -0.10036 0.02811 e
37.81614 65.38497 -0.80190 -0.51082 0.30988 e
37.94081 70.65215 0.51452 -0.81773 -0.25804 e
38.23955 61.83614 -0.27438 -0.68407 -0.67584 e
38.39062 47.98314 0.30581 0.03073 0.95160 e
38.50478 85.13141 0.06637 0.78746 -0.61279 e
38.54791 37.80116 -0.46945 -0.81190 -0.34702 e
38.74573 62.51944 -0.94283 0.19965 -0.26686 e
38.79972 76.41631 -0.55388 -0.68053 0.47967 e
38.96086 61.58324 -0.62426 0.03167 -0.78058 e
39.14286 39.74731 -0.61787 -0.57462 -0.53671 e
39.21521 91.23254 0.41563 -0.44774 -0.79169 e
39.38406 68.36025 0.18243 0.55839 -0.80927 e
39.39506 67.26116 0.78343 0.25929 0.56481 e
39.72547 70.47874 -0.54819 0.70828 -0.44479 e
39.87033 59.19748 0.47524 0.33243 -0.81464 e
40.01937 71.84079 -0.60327 0.24845 -0.75785 e
40.04168 65.35996 0.71657 0.43784 0.54297 e
40.06104 52.73825 -0.84009 -0.40055 -0.36581 e
40.07547 85.29755 0.12677 -0.99152 -0.02850 e
40.41950 68.32113 -0.76378 -0.62484 0.16191 e
40.60752 55.87176 -0.50994 0.46959 -0.72073 e
40.62769 37.88910 0.03301 -0.24866 -0.96803 e
40.77343 79.33399 -0.23714 -0.21390 -0.94763 e
40.78351 84.67264 -0.04636 0.77098 -0.63518 e
41.17299 98.76765 -0.86873 0.01808 0.49495 e
41.44052 81.15467 0.24702 0.93669 -0.24817 e
41.63007 89.02842 -0.69074 0.56622 -0.44974 e
41.68978 97.57498 0.32684 -0.43872 -0.83708 e
41.92641 94.90861 0.52529 0.40034 -0.75087 e
42.06630 62.49375 0.48476 0.82973 0.27669 e
42.31029 72.61623 -0.97646 -0.21057 0.04674 e
42.41018 99.15585 -0.27783 0.45363 -0.84678 e
42.70689 92.17095 0.48152 -0.29022 -0.82699 e
42.84259 53.47957 -0.65474 0.69962 0.28609 e
42.86095 75.17442 0.46317 0.77617 0.42782 e
42.87510 73.69981 -0.16728 0.68513 -0.70895 e
42.90452 79.65322 -0.67154 0.69651 0.25280 e
42.97931 75.24412 0.71674 -0.54209 -0.43866 e
43.09412 97.28011 0.25655 -0.96371 0.07383 e
43.21345 86.29041 0.16125 0.90743 -0.38802 e
43.24802 50.97952 -0.99949 -0.00999 0.03031 e
43.39493 56.54422 -0.30600 0.62071 0.72185 e
43.45446 66.24320 -0.73639 -0.37070 -0.56597 e
43.64488 49.20366 0.09495 -0.97726 -0.18961 e
43.66241 58.81881 0.50317 -0.83665 -0.21644 e
43.66668 67.04941 0.93700 0.30844 -0.16400 e
43.77058 91.66315 -0.86800 0.03607 -0.49525 e
43.92752 69.44841 0.67251 -0.58882 0.44835 e
43.97999 75.66286 0.63203 0.77168 -0.07110 e
44.12949 55.83399 -0.63519 -0.11372 -0.76394 e
44.29456 73.59032 0.08934 -0.12585 -0.98802 e
44.49216 76.75549 -0.75768 0.50123 0.41795 e
44.72318 45.51613 -0.18254 -0.55408 -0.81221 e
44.77890 91.70950 0.04441 -0.90957 0.41317 e
44.83481 84.62541 0.71507 0.50583 -0.48250 e
44.86556 89.70770 0.76015 -0.25307 -0.59843 e
44.98661 82.21464 -0.78155 0.50763 -0.36261 e
45.00505 85.03182 0.01617 0.09925 -0.99493 e
45.09352 53.13934 -0.30310 -0.79598 -0.52397 e
45.13367 37.96742 0.16434 -0.98625 -0.01744 e
45.28360 49.67588 0.13591 0.89760 0.41934 e
45.28450 76.33653 0.03296 -0.21734 -0.97554 e
45.53894 64.03507 -0.43391 -0.40264 -0.80598 e
45.97923 78.16656 -0.14892 -0.98181 -0.11776 e
46.19423 70.70328 -0.80193 -0.05467 -0.59491 e
46.28244 57.75507 0.64279 0.17918 -0.74480 e
46.31506 75.12970 0.33491 -0.79245 0.50977 e
46.51120 97.89178 -0.21006 -0.82117 -0.53061 e
46.57544 63.49018 -0.77296 -0.32575 -0.54445 e
46.66677 69.30576 0.71538 0.59342 -0.36891 e
46.76277 58.92582 0.06694 -0.92993 -0.36160 e
46.81955 61.87337 0.29918 -0.32071 -0.89869 e
46.97866 83.86630 0.44036 0.88063 -0.17487 e
47.09408 45.05637 -0.00799 -0.05547 -0.99843 e
47.25467 77.62223 0.56291 -0.00798 -0.82648 e
47.25970 92.80621 0.14627 0.32922 0.93285 e
47.26228 68.80026 0.03068 -0.99596 -0.08434 e
47.94170 63.81680 0.23575 -0.95386 -0.18591 e
48.39463 71.54725 -0.19763 -0.75535 -0.62481 e
48.73185 99.87504 0.13881 -0.84758 -0.51219 e
48.88400 77.42833 -0.20176 0.80095 0.56372 e
48.96250 93.91304 0.72752 -0.64005 -0.24710 e
49.04745 91.77296 0.90840 -0.21100 -0.36095 e
49.21145 26.12433 -0.62925 -0.28895 -0.72149 e
49.21967 59.52211 -0.33030 -0.73773 0.58878 e
49.39733 70.70549 0.15661 -0.22063 0.96270 e
49.57887 90.93481 0.91937 -0.20783 0.33400 e
49.76902 70.68956 -0.57631 0.77955 0.24528 e
49.78273 71.77672 0.80170 0.11769 -0.58603 e
49.82638 68.20287 0.08105 0.37386 0.92394 e
49.91409 54.64496 0.46335 0.59672 -0.65516 e
50.33345 64.79796 -0.44985 0.08862 -0.88870 e
50.53985 84.21034 0.70664 -0.09077 0.70172 e
50.60939 93.20668 0.33695 -0.51282 -0.78961 e
50.63908 65.66298 0.73549 0.16051 -0.65825 e
50.66576 84.46648 0.69577 0.24259 -0.67606 e
51.36373 57.00730 0.00772 -0.88642 -0.46282 e
51.62890 54.93409 -0.33570 0.94196 -0.00444 e
51.73749 84.20251 0.36110 -0.91463 0.18183 e
51.76377 59.37019 0.49734 0.86629 -0.04689 e
51.81614 70.72967 -0.26575 -0.18877 -0.94538 e
51.82374 68.40255 0.64908 0.29753 -0.70013 e
52.13756 69.19226 0.83207 0.39379 0.39063 e
52.22263 92.54481 -0.25980 -0.67830 -0.68733 e
52.22916 53.49689 -0.07626 -0.77423 -0.62829 e
52.24265 74.96102 -0.58695 -0.70076 -0.40550 e
52.42281 75.72416 -0.45085 -0.16953 -0.87635 e
52.43896 75.80200 0.39040 0.78415 -0.48239 e
52.45870 78.14111 -0.15832 -0.96905 0.18939 e
52.53502 46.48234 0.45130 0.24261 -0.85876 e
52.64891 65.20569 0.18888 -0.23957 -0.95233 e
52.70318 72.26607 0.31719 -0.41037 -0.85498 e
52.72546 74.04066 -0.06553 -0.09109 -0.99368 e
52.77473 54.49388 -0.71482 0.67383 -0.18706 e
53.04427 52.59155 -0.31811 0.89913 0.30062 e
53.11071 81.82613 0.34257 0.93263 0.11337 e
53.12433 72.55958 -0.61624 0.57590 -0.53720 e
53.18705 54.07167 -0.15837 -0.78578 0.59789 e
53.20708 53.57557 -0.41532 -0.55514 -0.72065 e
53.25814 92.48314 0.25825 -0.17482 -0.95013 e
53.26770 77.57124 0.82585 0.41675 -0.37986 e
53.27720 65.79025 -0.87855 0.38321 0.28513 e
53.39534 75.82010 -0.62298 0.77379 -0.11469 e
53.45147 94.49038 -0.07815 -0.92189 0.37948 e
53.73804 63.06849 -0.57330 0.22617 -0.78751 e
53.83814 66.12832 0.97774 -0.19709 0.07190 e
53.95199 98.18617 0.38313 0.89291 0.23648 e
54.01548 33.52102 0.59536 0.66434 0.45188 e
54.65344 76.27357 0.31059 -0.83981 -0.44526 e
54.66246 42.38284 -0.61772 -0.78505 -0.04597 e
54.95437 87.50796 0.12362 0.79083 -0.59942 e
55.03122 99.06397 -0.85905 -0.39757 -0.32245 e
55.08683 68.88122 0.76787 0.64059 -0.00382 e
55.16849 61.22239 0.14472 0.91643 -0.37310 e
56.07777 71.92447 -0.82879 -0.29467 0.47569 e
56.13561 67.24890 0.99303 0.11411 -0.02937 e
56.20031 96.98643 0.78043 -0.58970 -0.20781 e
56.37855 47.27295 0.41009 -0.56295 0.71758 e
56.66709 90.39187 -0.06819 -0.99755 -0.01583 e
56.72036 64.05759 -0.63090 0.45432 0.62894 e
56.75009 86.14431 0.17837 -0.32189 0.92982 e
56.82367 95.19838 -0.48609 -0.79281 -0.36765 e
57.00980 93.53942 0.55607 0.71614 0.42183 e
57.07413 60.31627 -0.08653 0.95628 -0.27935 e
57.37931 84.67801 -0.11408 0.46253 -0.87923 e
57.38989 60.84731 -0.53151 -0.62219 0.57478 e
57.51326 52.42861 0.70074 -0.42187 0.57531 e
57.53785 81.44794 0.24002 0.58008 -0.77840 e
57.64170 69.54390 0.81286 -0.00727 0.58241 e
57.88852 44.49152 0.74591 0.66385 -0.05403 e
58.03983 57.55413 -0.91460 0.39232 0.09790 e
58.17045 64.65440 0.76355 0.18866 -0.61757 e
58.55361 80.78141 0.82997 0.23030 -0.50804 e
58.81210 61.91198 -0.19945 0.84784 -0.49132 e
58.82246 43.92225 -0.89082 0.00524 0.45434 e
58.92423 41.29374 0.46237 0.59789 0.65478 e
58.92719 96.05821 0.12313 0.49002 0.86297 e
58.94682 44.42976 -0.57141 -0.69890 0.43015 e
58.95059 57.85530 -0.65543 -0.09528 -0.74922 e
58.99543 82.77793 -0.01691 0.99834 0.05505 e
59.56709 58.08721 0.01553 -0.90838 0.41786 e
59.59549 75.73081 0.71665 0.04410 -0.69604 e
59.93120 96.30940 0.34015 0.86320 -0.37307 e
59.97271 98.21468 -0.60317 -0.06237 -0.79517 e
60.06307 82.44827 -0.62406 -0.78048 0.03732 e
60.40852 57.21459 0.71258 -0.66293 0.22968 e
60.59487 78.29848 -0.80650 0.31473 -0.50050 e
60.71691 65.94764 0.71459 0.22758 -0.66149 e
60.84160 85.02406 -0.50451 0.73267 0.45679 e
60.87417 55.09051 -0.79407 -0.33666 0.50608 e
60.98454 83.58394 0.87585 -0.27540 -0.39629 e
61.01488 79.75036 -0.26522 0.26057 0.92831 e
61.09044 84.15228 -0.38180 -0.47574 -0.79240 e
61.20447 56.88258 0.25400 0.86927 0.42409 e
61.21524 63.75847 0.57293 0.80113 0.17304 e
61.26088 57.92871 -0.50481 0.08219 0.85931 e
61.30876 54.39660 0.54513 0.66879 -0.50553 e
61.37372 80.48668 0.49055 0.35411 -0.79622 e
61.45779 54.99562 0.59483 0.43155 -0.67819 e
61.47669 96.04064 -0.77463 0.53653 0.33478 e
61.47673 93.52781 -0.72066 -0.30837 -0.62094 e
61.58016 58.11855 -0.10358 -0.19677 -0.97496 e
61.58907 97.16656 0.44774 -0.36512 -0.81622 e
62.04223 69.26594 0.19560 0.92694 -0.32018 e
62.25671 73.18777 0.48780 -0.56672 0.66399 e
62.46186 65.08408 0.09364 0.19324 -0.97667 e
62.93741 68.14779 -0.97613 -0.11119 -0.18659 e
62.95744 99.53580 0.66410 -0.71885 -0.20549 e
62.98121 71.33045 0.32007 0.70858 -0.62886 e
63.06346 89.45448 -0.18701 0.74281 -0.64285 e
63.28220 35.17706 0.38062 -0.32772 -0.86471 e
63.45649 64.41654 -0.70224 0.69452 -0.15656 e
63.69377 59.28251 0.56153 0.82188 -0.09592 e
63.72249 72.43633 0.69740 -0.17952 -0.69383 e
63.83563 73.78535 -0.56386 0.70059 0.43730 e
63.89141 64.72722 0.77636 0.63013 0.01429 e
63.90253 39.94366 -0.48431 -0.86823 0.10781 e
63.94163 64.50186 -0.50382 0.78849 0.35278 e
63.96095 56.30065 0.77008 0.55426 -0.31587 e
63.97258 57.43415 0.81922 0.33131 -0.46809 e
64.20412 55.09606 -0.88933 -0.28136 0.36046 e
64.38594 80.21360 0.83358 -0.34272 -0.43324 e
64.46587 71.78478 -0.05828 0.99570 -0.07197 e
64.60045 89.99097 -0.88537 0.18144 -0.42802 e
64.64544 85.88800 0.69012 -0.68521 -0.23286 e
64.95309 98.14568 -0.18296 0.95687 -0.22564 e
64.96254 56.55017 -0.48016 0.87062 0.10709 e
64.99803 98.96033 0.46767 0.74259 -0.47942 e
65.05836 63.86540 0.49159 -0.82295 0.28477 e
65.20795 77.15825 0.81181 0.54411 -0.21191 e
65.43127 38.80706 -0.12730 0.99175 0.01496 e
65.52102 82.45893 -0.95053 -0.31013 -0.01739 e
65.61450 84.89559 0.27129 -0.96239 0.01446 e
65.84846 90.09261 -0.76256 0.60421 -0.23115 e
65.96923 77.96268 -0.30514 -0.32939 -0.89353 e
66.18202 64.58089 0.51230 -0.17862 0.84003 e
66.35052 74.88807 0.79105 -0.30147 -0.53231 e
66.56041 99.36109 -0.89769 -0.19377 -0.39573 e
66.76380 74.54034 0.15461 0.64971 -0.74429 e
66.79020 81.32070 0.10594 -0.98475 -0.13802 e
66.80021 88.92774 0.58930 -0.62355 0.51373 e
66.80579 77.93039 -0.92264 0.25501 -0.28933 e
67.01619 58.09531 0.35495 0.07235 -0.93208 e
67.08535 68.28983 0.67847 0.16755 -0.71526 e
67.41278 70.38727 0.48423 0.60014 -0.63667 e
67.54292 79.35783 0.93017 0.27863 0.23905 e
67.55152 56.64435 0.67904 -0.16391 -0.71557 e
67.93685 96.76993 -0.39888 0.56858 -0.71945 e
68.52035 92.75364 0.29565 -0.28092 -0.91306 e
68.53661 47.18502 0.70125 -0.71145 -0.04574 e
68.76267 90.21146 0.68079 -0.54109 -0.49371 e
68.86266 62.01147 -0.65340 0.71675 -0.24359 e
68.94399 62.31082 -0.46088 0.79958 -0.38504 e
69.17313 80.15868 -0.43604 0.88815 0.14514 e
69.29427 83.11980 0.05238 0.53757 0.84159 e
69.32183 98.58850 0.70742 0.70204 0.08187 e
69.33207 99.69743 -0.57573 -0.34090 -0.74318 e
69.36134 37.37971 -0.22195 -0.97504 -0.00503 e
69.48195 96.17339 0.03640 -0.83079 -0.55539 e
69.51491 93.15582 -0.53226 0.84198 0.08819 e
69.64918 97.26579 0.43225 -0.66606 0.60788 e
70.19774 51.66408 0.81220 0.42266 0.40211 e
70.36338 66.43236 0.85130 -0.28825 -0.43840 e
70.39978 64.81159 0.89567 -0.35592 -0.26663 e
70.51703 82.71090 0.25040 0.07274 -0.96541 e
70.53089 79.23517 -0.77543 -0.21352 -0.59423 e
70.59990 50.08109 0.58400 0.21338 -0.78320 e
70.69596 60.34550 -0.70559 -0.59837 0.37960 e
71.33408 84.11178 -0.60403 0.15745 -0.78126 e
71.38940 94.72964 0.38605 -0.57380 -0.72230 e
71.59498 86.50995 0.04633 -0.82217 0.56735 e
71.81637 86.03503 -0.36525 0.17993 -0.91335 e
72.25033 99.91665 0.70765 -0.55755 0.43402 e
72.58551 63.28338 0.87108 -0.31356 0.37802 e
72.70369 89.29197 0.60082 -0.77143 0.20954 e
73.14716 77.90839 -0.34228 0.82931 -0.44170 e
73.41395 80.25983 0.87691 -0.18745 0.44259 e
73.52545 66.68788 0.24637 0.16802 -0.95450 e
73.82065 60.13614 -0.97627 0.10981 0.18663 e
73.88345 46.88247 -0.32790 -0.61472 -0.71735 e
74.05940 87.21412 -0.73590 0.67548 -0.04674 e
74.18025 79.64367 -0.48788 -0.62582 -0.60854 e
74.20682 49.89610 -0.18954 -0.04785 -0.98071 e
74.28452 73.68542 0.00829 0.37849 -0.92557 e
74.35062 86.06601 0.65204 -0.19334 -0.73312 e
74.66669 62.96683 0.46349 0.44130 -0.76840 e
74.85176 78.32339 0.88021 0.38614 -0.27589 e
74.85619 77.74036 -0.09985 0.66374 0.74127 e
74.98608 75.55915 0.11358 -0.21334 -0.97035 e
75.00049 63.06135 -0.96447 -0.08199 0.25116 e
75.02092 86.86891 0.73048 0.25049 -0.63534 e
75.11588 38.20488 0.09035 0.98782 -0.12672 e
75.70378 61.95725 -0.78932 -0.17492 -0.58853 e
75.78097 78.46821 0.44050 -0.19902 -0.87542 e
76.14387 75.85680 0.44395 -0.06627 -0.89360 e
76.23220 57.52774 0.36777 -0.82950 -0.42033 e
76.39935 94.22197 0.65882 0.71288 0.24035 e
76.70796 48.52778 -0.13890 0.96212 -0.23457 e
76.88366 52.91976 0.24615 0.69188 -0.67875 e
77.03749 74.95137 -0.69746 0.70153 0.14632 e
77.09014 84.36881 0.39995 -0.25039 -0.88167 e
77.09885 31.46154 -0.70242 -0.70073 -0.12482 e
77.18878 88.56970 -0.55875 -0.74332 -0.36780 e
77.30578 63.96029 -0.14712 0.64648 -0.74861 e
78.19145 91.85113 0.66884 -0.73230 -0.12800 e
78.21793 45.41508 -0.60079 0.78221 0.16489 e
78.53511 63.62011 0.16969 -0.85526 -0.48963 e
78.63570 33.62282 -0.22726 -0.95662 0.18231 e
78.80417 67.71939 -0.82456 -0.38865 -0.41117 e
78.90778 85.44557 -0.09219 -0.37844 -0.92102 e
79.46173 70.46756 -0.15574 0.98745 0.02617 e
79.88807 90.00410 -0.31625 0.50973 -0.80010 e
80.53815 51.38793 -0.86843 -0.43293 0.24167 e
80.58113 75.53936 -0.76565 0.42174 0.48572 e
80.71882 36.08809 0.46019 0.77201 -0.43844 e
80.82331 59.48492 0.66871 0.10189 -0.73650 e
80.84376 68.11537 -0.30701 -0.62172 -0.72056 e
81.07290 89.04632 0.75333 -0.47299 -0.45692 e
81.10038 89.71741 -0.16093 0.73297 -0.66095 e
81.13998 54.68315 0.05930 -0.19078 -0.97984 e
81.29429 35.16058 -0.85987 0.39385 0.32482 e
81.33317 46.11896 -0.27029 -0.90825 -0.31940 e
81.48723 63.18237 -0.58179 0.75070 -0.31300 e
81.62765 64.23313 -0.83345 -0.32183 -0.44920 e
81.66714 88.76128 -0.39879 0.87613 0.27084 e
81.75378 99.74050 -0.62328 -0.33994 0.70424 e
82.50259 67.08296 -0.21713 0.43384 -0.87444 e
82.88221 81.60002 -0.95045 -0.27797 0.13919 e
82.90492 60.98722 -0.38297 -0.44271 0.81077 e
83.15082 94.04426 0.01238 0.35680 -0.93410 e
83.33289 50.87034 -0.55675 0.06430 -0.82819 e
83.41287 70.82921 -0.55716 0.82681 -0.07721 e
83.43210 84.29876 -0.83217 0.23665 -0.50149 e
83.85371 57.72176 0.32626 0.49684 -0.80418 e
84.32554 60.68061 -0.56247 0.79363 0.23191 e
84.34927 57.66951 -0.78866 -0.34247 0.51061 e
84.44335 79.42996 0.11108 -0.41880 -0.90126 e
84.99884 94.87334 -0.98413 -0.11471 -0.13535 e
85.05610 31.79925 0.75036 0.30770 0.58505 e
85.05868 72.41429 0.68328 0.38733 -0.61896 e
85.26881 63.97250 0.03198 0.64006 -0.76766 e
85.33318 77.43194 -0.36341 0.41252 -0.83532 e
85.80575 50.43256 0.91404 -0.40553 -0.00820 e
85.81850 84.92363 -0.40817 -0.90961 0.07753 e
86.28210 53.54762 0.26646 -0.92654 0.26555 e
86.40189 58.60908 0.94520 -0.24992 -0.21008 e
86.45578 71.60310 -0.62376 0.37751 -0.68441 e
87.26746 59.57036 -0.02455 -0.51469 -0.85703 e
87.59480 67.45913 -0.59836 -0.37144 -0.70993 e
87.82761 90.50400 0.08129 0.40109 -0.91242 e
87.95908 74.45925 -0.03894 -0.92313 -0.38252 e
88.01174 78.77615 -0.69191 -0.70224 -0.16772 e
88.10169 93.87952 -0.97259 0.21725 0.08292 e
88.98567 69.34428 0.93384 -0.35731 -0.01644 e
89.28514 50.87256 -0.48358 -0.64986 -0.58637 e
89.42586 85.29439 0.65185 -0.55767 -0.51391 e
89.70676 55.32982 0.12775 0.04754 -0.99067 e
89.82630 90.88318 0.15593 0.16173 -0.97444 e
90.02677 85.30180 -0.26041 0.89053 0.37303 e
90.15961 41.24673 0.41214 0.35270 -0.84008 e
90.75006 63.79466 -0.26847 -0.70013 -0.66162 e
90.76456 78.43003 0.77951 -0.23098 -0.58224 e
90.85512 85.30147 -0.37212 0.47754 -0.79592 e
91.26134 52.19374 -0.48080 0.07767 -0.87338 e
91.32021 66.21167 0.64298 0.26302 -0.71931 e
92.09138 36.60340 0.93895 0.00929 -0.34392 e
92.39606 85.83939 -0.03493 0.25295 -0.96685 e
92.73570 48.65875 0.30622 0.94435 0.12012 e
92.87756 29.42279 0.58022 0.80716 -0.10885 e
93.38996 37.82733 -0.17178 -0.93597 0.30734 e
93.71266 46.24673 -0.07729 -0.06275 -0.99503 e
94.09055 53.34070 -0.59799 -0.51372 -0.61522 e
94.56017 42.10925 0.12662 -0.66511 -0.73593 e
94.85581 63.73932 0.99807 -0.05436 0.02987 e
95.12644 85.89291 0.28703 -0.09167 -0.95353 e
95.33130 84.90850 0.89524 -0.29470 -0.33421 e
95.88638 36.55236 0.56857 0.15070 -0.80871 e
96.01239 84.67885 0.34365 -0.23968 -0.90800 e
96.28175 72.95165 -0.25249 -0.42321 -0.87014 e
96.41588 62.84536 -0.24157 -0.73089 -0.63831 e
96.42983 84.42964 0.72291 0.64811 0.23950 e
96.82063 69.81020 0.74058 0.34218 -0.57832 e
96.84766 34.36483 0.17046 -0.97572 -0.13750 e
97.49036 82.89984 -0.25512 -0.47995 0.83938 e
97.76714 46.52774 -0.21286 0.15953 -0.96397 e
98.23535 43.09638 0.16427 -0.11996 0.97909 e
98.47363 93.90813 0.54497 0.77084 0.32987 e
98.64379 70.28482 -0.20583 0.70792 -0.67564 e
98.68646 75.64701 -0.10440 0.94874 -0.29830 e
98.84949 57.90327 0.14638 -0.22052 -0.96434 e
99.14673 83.90929 -0.04021 0.78350 -0.62009 e
99.69492 56.62765 -0.19172 0.96956 -0.15233 e
100.16775 48.68863 -0.57991 0.46934 -0.66590 e
100.61709 84.45815 -0.06344 0.78528 -0.61588 e
100.63008 49.29903 0.89098 0.38281 -0.24414 e
100.98389 62.38475 0.47557 0.31476 -0.82144 e
101.09992 74.94878 0.27452 0.26714 -0.92373 e
101.63598 45.47167 -0.18841 0.89022 -0.41475 e
101.94637 77.38072 0.91107 -0.26251 -0.31787 e
102.60250 69.52997 0.46738 -0.69241 -0.54965 e
103.12055 76.47050 0.83087 0.16781 0.53056 e
103.55838 54.75165 0.03280 -0.15992 -0.98659 e
103.77939 44.17367 0.41736 0.89855 -0.13571 e
103.83056 77.95084 -0.65624 0.43942 -0.61340 e
104.20231 60.34479 -0.68364 -0.17458 -0.70863 e
104.31107 72.32872 0.87606 0.40898 0.25545 e
104.89503 84.72122 -0.74121 -0.08505 0.66586 e
104.95789 39.64288 0.28865 0.95212 0.10070 e
105.04344 50.19166 -0.80852 0.58824 0.01675 e
105.66364 49.73638 -0.44956 0.86274 0.23146 e
105.91791 86.81541 0.71633 -0.52634 -0.45809 e
106.15804 77.56310 0.68768 0.27469 0.67205 e
106.56617 74.73715 0.29541 -0.83649 -0.46153 e
106.99449 96.51658 -0.42634 0.07321 -0.90160 e
107.60760 88.01860 -0.50494 0.57236 0.64609 e
107.90952 94.00611 -0.62623 0.36601 -0.68838 e
108.48230 45.92722 0.54828 0.64856 -0.52797 e
108.65041 74.20652 0.52556 0.85032 -0.02725 e
108.91752 69.34694 0.77104 0.32190 -0.54944 e
109.25236 79.81740 -0.10937 -0.93653 -0.33308 e
110.22697 31.46367 0.13067 0.83332 -0.53712 e
110.27163 69.16345 -0.74938 -0.66120 -0.03539 e
110.36459 67.42254 -0.65280 -0.41871 -0.63130 e
110.44019 95.60717 0.37731 0.48572 -0.78849 e
110.54953 92.94702 0.56627 0.54385 -0.61932 e
110.73378 77.38586 -0.24456 -0.73357 -0.63408 e
110.87662 76.66119 0.43298 0.70696 -0.55923 e
111.29920 74.52383 -0.34030 -0.69866 -0.62934 e
111.34545 57.78714 -0.34757 0.07484 -0.93466 e
111.53580 85.02650 0.50991 0.63919 0.57569 e
111.77085 58.83653 0.18009 0.95391 0.24006 e
111.78038 65.08801 0.31980 0.86064 -0.39626 e
112.61666 37.25972 0.38998 0.60651 -0.69286 e
112.75121 64.32735 0.28142 -0.10965 -0.95330 e
112.76875 84.43974 -0.94153 -0.31154 -0.12832 e
113.07197 68.00319 0.44479 -0.83712 -0.31841 e
113.10843 72.16747 0.35118 0.28042 -0.89333 e
113.40780 91.07188 0.66999 0.24471 0.70088 e
113.70566 90.54982 -0.85243 -0.52229 -0.02406 e
113.91814 66.62900 -0.04614 0.99167 -0.12024 e
114.09854 41.39489 -0.10521 0.15289 -0.98263 e
115.25453 64.69104 0.00645 0.51382 -0.85787 e
116.11456 78.52864 -0.35422 -0.73863 -0.57355 e
116.12975 61.42350 0.23208 -0.82257 -0.51915 e
116.14355 50.30258 0.46366 -0.17123 -0.86931 e
116.60083 38.44992 -0.36500 -0.86222 -0.35121 e
116.68057 73.71978 -0.50259 -0.72913 -0.46452 e
117.24588 77.34739 -0.40655 -0.03090 -0.91310 e
117.30464 68.40706 0.78547 0.56736 -0.24727 e
117.71796 48.19813 0.33208 0.85312 0.40238 e
117.92803 83.41947 -0.63260 -0.66923 0.38980 e
118.31882 87.59225 -0.14119 0.43016 -0.89164 e
118.44009 54.41877 -0.97763 -0.00013 -0.21035 e
118.87892 97.08933 -0.92550 0.08625 -0.36879 e
118.98389 88.42563 -0.83708 0.53300 0.12330 e
119.29866 47.66729 0.69117 0.17703 -0.70068 e
119.47177 63.01409 -0.75386 -0.57764 -0.31309 e
119.82749 84.82485 -0.58252 -0.64155 0.49907 e
119.83611 83.96066 -0.40379 -0.36904 -0.83712 e
119.94115 34.55542 -0.57134 -0.59552 -0.56473 e
119.98197 79.82425 0.01854 0.75959 -0.65014 e
119.99333 90.56646 -0.15690 -0.68605 -0.71044 e
120.11483 69.78887 -0.64107 0.14127 -0.75437 e
120.12145 76.60353 -0.92516 0.32424 -0.19732 e
120.40922 79.90796 0.82712 -0.26372 -0.49632 e
120.59725 78.74960 -0.42756 -0.44004 -0.78966 e
120.95420 78.23027 -0.07695 0.27678 -0.95785 e
121.31671 55.20615 -0.29620 -0.04814 -0.95391 e
121.77618 27.90555 -0.81618 0.55608 0.15694 e
122.38145 61.84115 -0.97734 -0.01602 0.21107 e
122.44109 54.57085 -0.49265 -0.55817 -0.66763 e
122.65362 42.44385 0.24027 0.88359 -0.40193 e
122.80965 40.77313 0.76732 0.58706 -0.25803 e
123.04009 94.43545 0.94075 -0.03994 0.33675 e
123.31890 37.91596 -0.24486 0.93044 0.27264 e
123.42118 78.74442 0.36148 -0.58067 0.72949 e
123.50124 96.71816 -0.10670 -0.70241 0.70373 e
124.12408 82.71735 -0.40280 0.06218 -0.91318 e
124.16846 72.71397 -0.09315 -0.18992 -0.97737 e
124.60847 43.97287 0.75409 0.13308 0.64315 e
124.79098 82.98980 -0.52548 0.36081 -0.77051 e
125.05441 99.95519 -0.80891 -0.55284 -0.20007 e
125.19598 42.44591 -0.09037 0.34988 -0.93243 e
125.53246 45.29201 0.57786 -0.23226 -0.78239 e
125.80138 44.37703 0.10767 0.64166 -0.75940 e
126.07165 72.08721 0.31864 -0.87707 -0.35948 e
126.48703 47.39350 -0.79112 -0.27880 -0.54443 e
126.57989 92.43738 0.69299 0.11535 -0.71166 e
126.87578 96.63560 -0.96625 0.25713 -0.01591 e
127.16270 54.76699 -0.30029 0.64656 0.70127 e
127.32057 39.40448 0.82487 -0.50820 0.24763 e
127.72212 92.69908 -0.80989 -0.54684 0.21225 e
128.05126 50.88279 -0.69221 0.48035 -0.53862 e
128.86771 46.78028 -0.07864 -0.04111 -0.99606 e
128.88530 63.41930 0.51845 0.60967 -0.59959 e
128.90282 89.90722 0.14771 -0.47149 -0.86941 e
128.97005 77.43892 -0.84569 -0.52110 -0.11517 e
129.07511 24.49672 -0.32203 0.33151 0.88679 e
129.29339 69.56104 0.18698 -0.84574 -0.49976 e
130.73276 81.07613 -0.63309 0.56235 -0.53194 e
130.95706 74.65229 0.32632 -0.93883 -0.11005 e
131.21289 40.23029 0.53458 0.25586 0.80546 e
131.64350 85.78402 -0.81184 0.37805 -0.44498 e
131.69144 31.01341 0.55480 -0.00272 -0.83198 e
131.89417 60.89865 -0.65664 0.22591 -0.71957 e
132.05858 66.15445 0.68481 0.70609 -0.18019 e
132.49756 79.95880 0.08101 0.01288 -0.99663 e
133.80675 73.86664 -0.50928 -0.45720 -0.72910 e
135.07295 75.58736 0.57012 -0.30210 -0.76400 e
135.18000 61.97183 -0.17617 0.93323 0.31312 e
135.18705 31.69530 0.03974 -0.03220 0.99869 e
135.68342 79.03186 0.24914 0.87226 -0.42082 e
136.44717 55.16626 0.44090 -0.84709 0.29673 e
136.77702 67.03761 0.01611 -0.76946 0.63849 e
136.90166 56.15449 0.21787 -0.91379 -0.34281 e
137.29804 56.32748 0.48084 -0.28361 -0.82968 e
137.45134 51.41810 -0.76993 0.03206 -0.63733 e
137.79879 68.62404 -0.38914 -0.71134 -0.58529 e
138.37117 93.63579 -0.86669 0.29148 0.40484 e
138.90563 58.58777 -0.01422 -0.24216 -0.97013 e
139.21989 59.12642 -0.06794 -0.01177 -0.99762 e
139.39172 62.90294 0.49845 -0.54725 -0.67236 e
139.77995 64.68173 0.17081 0.11202 -0.97892 e
140.21133 55.68136 0.00095 -0.75766 -0.65265 e
140.35880 78.08700 -0.69174 -0.58049 -0.42957 e
140.86398 56.02468 0.56332 0.81727 0.12138 e
141.32793 69.24313 -0.82123 0.57055 -0.00735 e
141.50296 43.43032 -0.32951 0.78215 -0.52884 e
141.83219 87.58317 0.69461 -0.46802 -0.54632 e
141.96580 49.25112 0.98014 -0.17324 0.09648 e
142.64749 34.33257 -0.64625 0.02108 -0.76283 e
142.74219 79.45072 -0.97581 -0.12170 0.18161 e
143.43596 51.16652 0.26480 -0.58304 -0.76808 e
144.01961 64.27597 0.63840 -0.28693 -0.71423 e
144.37253 97.96021 -0.99041 -0.07208 0.11785 e
145.34429 51.29933 -0.35830 -0.73976 -0.56955 e
145.75264 41.90990 0.68003 0.39656 -0.61669 e
146.54218 85.62210 0.00678 -0.07452 -0.99720 e
147.03980 77.99510 -0.18204 -0.89033 0.41734 e
147.39741 60.24853 0.30147 0.04969 -0.95218 e
147.46358 79.51926 -0.69917 -0.41655 0.58108 e
147.54066 31.46669 0.91596 0.39884 -0.04410 e
147.76067 78.93609 -0.57758 -0.60480 -0.54828 e
148.91700 96.38532 -0.08142 -0.87238 -0.48200 e
149.20965 35.10898 0.60122 0.48221 0.63719 e
149.30401 57.33156 0.10126 0.74111 -0.66371 e
149.47101 81.61625 0.91406 0.09444 -0.39443 e
149.94934 54.62160 -0.40314 -0.10430 -0.90918 e
150.78626 72.75243 -0.24516 -0.77582 -0.58137 e
151.42633 67.05487 0.31823 -0.59005 -0.74200 e
152.33221 46.06143 -0.21670 0.42817 -0.87733 e
152.40106 99.49228 -0.94259 0.26535 -0.20278 e
152.68450 45.59225 -0.06803 0.01246 0.99761 e
153.15621 49.62110 0.45759 -0.75742 -0.46575 e
153.43849 93.52255 -0.62094 0.74120 0.25506 e
153.55286 96.31906 -0.62443 0.03056 -0.78048 e
153.96598 38.12516 -0.80874 0.30136 0.50509 e
154.32574 56.50239 0.98264 -0.05778 -0.17632 e
154.58035 50.16169 0.71543 -0.03759 -0.69768 e
155.17633 79.49210 0.20678 -0.55666 -0.80460 e
155.67463 35.99047 -0.62466 -0.33409 -0.70582 e
155.69337 66.22889 -0.22264 0.28991 -0.93080 e
155.77508 69.81494 -0.93956 -0.26303 -0.21919 e
155.92658 50.35482 -0.68357 0.46556 0.56212 e
155.93832 66.73448 -0.38091 -0.82213 -0.42309 e
156.08521 91.75187 0.89050 0.40042 -0.21605 e
156.24455 39.99848 0.26262 -0.85131 0.45421 e
157.03468 92.10842 -0.43376 0.29225 -0.85232 e
157.44135 68.96274 0.51635 0.85637 0.00211 e
157.46967 61.16259 -0.56196 0.76447 -0.31589 e
158.17603 68.72897 0.20812 0.05688 -0.97645 e
158.20361 96.49283 -0.76644 0.27150 -0.58211 e
158.41275 60.43422 0.14538 -0.97587 -0.16295 e
160.38751 67.31637 -0.80119 0.16416 -0.57546 e
161.04110 83.89628 -0.30897 -0.39075 -0.86710 e
161.59828 73.58472 0.46988 -0.48626 -0.73673 e
161.69270 90.84556 0.00639 -0.53263 -0.84632 e
161.85730 51.93391 -0.83989 0.39329 0.37406 e
161.90242 72.93303 0.31137 -0.94294 -0.11794 e
162.67167 73.55470 0.94101 -0.07609 -0.32971 e
162.96320 67.63999 -0.58939 -0.68368 -0.43035 e
163.18032 79.57769 -0.90728 0.15472 -0.39104 e
163.71112 38.81625 0.65019 -0.34375 0.67756 e
163.80541 57.72886 0.14839 0.57773 -0.80262 e
163.85914 73.55032 -0.82391 0.23980 0.51348 e
163.86677 59.03773 0.37450 -0.39238 -0.84011 e
163.91644 56.72650 -0.91659 0.17514 -0.35943 e
164.55414 73.06704 0.99304 -0.11356 -0.03118 e
164.79868 93.65061 -0.14168 -0.90484 0.40148 e
164.93449 63.82948 0.48006 0.51964 0.70677 e
165.31603 98.39615 -0.67534 0.50143 -0.54081 e
165.41134 58.60672 -0.75777 -0.45228 0.47035 e
165.78798 73.64598 -0.71053 -0.67805 -0.18815 e
165.81902 93.85992 0.02451 0.92867 -0.37011 e
166.01222 56.15806 0.34158 -0.68748 -0.64085 e
166.15357 62.20202 -0.70471 -0.56767 -0.42560 e
166.27878 62.11007 -0.13779 0.09987 -0.98541 e
167.33537 90.56219 0.07969 -0.80400 -0.58926 e
167.59774 56.86830 -0.86758 -0.48952 -0.08767 e
168.21397 77.60972 0.73086 -0.60899 0.30818 e
168.36064 58.53531 0.72569 -0.01291 -0.68790 e
168.58888 79.10238 0.94406 -0.23438 0.23199 e
168.73474 98.18724 0.85495 -0.50947 -0.09750 e
169.34220 51.83983 0.70614 0.44812 -0.54823 e
170.59244 35.54836 -0.82637 0.08138 0.55722 e
170.87924 50.60303 -0.49386 -0.37972 -0.78225 e
170.91051 51.60424 -0.95508 -0.19342 -0.22452 e
171.04637 33.28448 0.22734 -0.18107 -0.95683 e
171.56854 50.64562 0.24434 -0.95931 0.14152 e
171.85166 45.52288 -0.32492 -0.60852 -0.72397 e
172.22937 84.48251 -0.45776 -0.11775 -0.88124 e
172.40015 47.58714 0.57617 0.19335 -0.79413 e
172.52879 98.94630 -0.62937 -0.54806 -0.55094 e
173.08064 77.10675 -0.58464 -0.50327 -0.63634 e
174.61988 61.79643 0.29352 -0.93977 -0.17514 e
174.69539 90.14388 0.55748 -0.30877 -0.77063 e
174.83493 73.07385 -0.41928 -0.90694 0.04069 e
175.31527 48.67341 -0.84990 0.14712 0.50598 e
176.26443 40.14226 0.30992 -0.72473 0.61539 e
176.45653 45.60437 0.23165 0.60848 -0.75901 e
176.76358 76.24640 0.12440 -0.78685 0.60448 e
176.91558 91.18967 0.86833 -0.48272 -0.11397 e
177.28698 83.75233 0.13939 -0.74316 -0.65443 e
177.38951 74.97153 -0.09074 0.07446 -0.99309 e
178.00645 38.57649 0.87899 0.39761 -0.26323 e
178.50899 35.46719 0.67110 -0.44812 -0.59061 e
179.34964 66.69191 -0.47993 0.87661 0.03507 e
179.47685 58.38002 0.80879 0.57031 0.14355 e
179.58411 58.29597 0.20564 0.75595 -0.62149 e
179.76931 78.82181 0.31271 0.90206 -0.29747 e
179.83225 46.81974 -0.47432 0.22054 0.85228 e
179.92060 89.96460 0.65399 0.59192 0.47109 e
180.35569 33.18717 0.49526 0.55854 -0.66539 e
180.68979 82.47600 -0.42292 -0.55394 -0.71714 e
180.83019 27.67070 0.61073 0.16686 0.77406 e
180.86873 70.61138 -0.59479 -0.74418 -0.30401 e
180.95748 75.82632 -0.20418 -0.10638 -0.97314 e
181.15470 40.54708 -0.66074 0.69540 0.28257 e
181.27646 53.61144 0.02907 -0.94632 0.32192 e
181.60509 95.35872 0.01402 0.63156 -0.77520 e
181.60758 89.66275 0.98986 -0.11933 -0.07704 e
181.89882 35.15975 -0.45201 -0.42383 0.78489 e
182.05413 60.29445 -0.06835 0.93642 -0.34415 e
182.13091 64.47494 -0.65935 -0.73551 -0.15584 e
182.15110 88.46855 -0.59561 -0.80315 0.01396 e
182.96236 91.94033 -0.94344 0.13025 -0.30487 e
183.16262 87.89202 0.72223 -0.25022 -0.64481 e
183.39534 71.78915 0.85068 0.52446 -0.03577 e
183.45059 64.42503 -0.29674 0.75136 -0.58941 e
183.73760 88.08445 -0.63864 -0.23998 -0.73112 e
183.80783 47.64408 0.46568 0.36296 -0.80709 e
183.96151 48.52965 -0.11306 -0.66884 -0.73476 e
185.16280 50.69977 -0.52663 -0.25024 -0.81242 e
185.47255 69.83519 -0.65889 -0.75192 -0.02182 e
185.51977 44.24489 0.50911 0.47433 -0.71821 e
185.58835 35.35920 0.71809 -0.66335 0.21051 e
185.82687 50.55778 -0.09558 -0.11157 -0.98915 e
185.97567 57.82918 -0.67922 0.69526 -0.23510 e
186.89436 43.10996 -0.93023 -0.03300 -0.36548 e
187.05914 96.16770 0.39391 0.88934 -0.23219 e
188.41146 73.56176 -0.31491 0.91731 -0.24365 e
188.42445 57.20962 -0.53864 0.57408 0.61668 e
188.58881 69.24747 0.83601 -0.46850 0.28566 e
188.96625 75.26263 -0.12824 -0.88233 -0.45283 e
189.01949 39.50645 0.47439 -0.83693 -0.27294 e
189.25760 98.69062 0.99100 -0.09499 -0.09436 e
189.88841 35.53166 -0.58291 0.70413 -0.40549 e
190.70222 91.82653 -0.61205 0.59602 -0.51976 e
191.33061 47.93385 -0.55295 0.36103 -0.75094 e
191.33308 78.58156 -0.19340 -0.88089 -0.43201 e
191.33950 78.72841 -0.49497 -0.37125 -0.78560 e
192.02798 40.44581 -0.79447 0.08720 -0.60102 e
192.11238 61.33490 0.46603 -0.28465 0.83773 e
192.18002 66.85128 -0.40210 0.84172 0.36030 e
193.14725 40.84809 -0.73529 -0.59634 -0.32206 e
193.33506 51.98027 -0.15465 0.90870 -0.38774 e
193.76512 48.34378 -0.66422 -0.17785 0.72607 e
193.88652 43.28555 0.82210 0.29652 -0.48603 e
193.95779 39.30288 -0.85892 0.03499 0.51092 e
194.01285 44.57075 0.07480 0.79488 -0.60214 e
194.39502 41.23423 0.83003 -0.20947 0.51689 e
194.48326 45.70123 0.36244 0.84817 0.38633 e
194.53316 44.36623 -0.57002 0.53132 -0.62671 e
194.74473 73.22589 -0.31784 -0.93456 -0.15992 e
195.17648 57.32472 0.89761 -0.43854 0.04450 e
195.30429 47.51980 -0.13872 0.55964 0.81704 e
195.97046 81.67061 -0.51061 0.84862 -0.13830 e
196.04149 51.74714 -0.58758 0.76086 0.27539 e
196.56386 60.87618 -0.98988 -0.07461 0.12069 e
196.58115 85.55211 -0.48580 0.87405 0.00596 e
197.00341 53.59351 -0.90358 0.21730 0.36923 e
197.46427 42.96608 0.91761 -0.39251 -0.06266 e
197.70933 81.68283 0.78187 0.29738 -0.54794 e
198.56183 67.52636 0.45966 0.88565 -0.06585 e
198.60526 51.07126 0.24157 0.54241 -0.80463 e
198.97955 83.31480 0.94494 0.32684 -0.01588 e
199.29996 44.49753 0.62483 0.71233 0.31964 e
199.45607 38.80743 0.06128 -0.69819 -0.71328 e
199.76319 76.95859 -0.74937 0.55960 0.35397 e
200.14769 97.66769 0.54521 -0.53919 -0.64188 e
201.23892 55.33845 -0.11893 0.47563 -0.87157 e
201.80845 35.91300 -0.02590 -0.99715 -0.07083 e
201.81785 66.46212 -0.24313 -0.96346 0.11237 e
202.02978 55.57582 -0.59415 -0.09592 -0.79862 e
202.74578 75.09082 0.11106 0.79873 -0.59135 e
203.17655 85.04502 -0.01342 0.83396 0.55165 e
203.33290 59.85846 0.73144 0.38081 -0.56566 e
205.40158 29.10920 0.29949 0.94452 0.13484 e
205.42662 49.20853 0.75049 -0.36980 0.54773 e
205.83354 73.60466 0.35818 -0.80739 -0.46886 e
207.73827 75.53137 -0.85555 0.46533 -0.22692 e
209.66107 57.16900 -0.72712 -0.50305 0.46717 e
210.33774 43.94034 0.25399 -0.45804 -0.85187 e
211.10908 54.63794 0.60708 0.60073 -0.52017 e
211.12974 81.65365 -0.78098 -0.48650 -0.39164 e
212.10481 76.79159 -0.59982 0.17277 -0.78126 e
213.03059 59.17451 -0.06584 -0.95085 -0.30257 e
213.19361 82.12555 0.88149 0.41839 -0.21891 e
213.31179 42.19347 -0.53187 0.75082 -0.39164 e
214.75747 73.84303 -0.34161 -0.78716 -0.51350 e
214.83032 65.70688 0.33774 0.34458 -0.87590 e
215.31509 91.77956 -0.66700 -0.58485 -0.46159 e
215.68765 85.69633 0.87110 0.43762 -0.22288 e
216.10033 75.28046 -0.42039 0.84589 -0.32824 e
216.15840 77.76472 0.72288 -0.67124 -0.16393 e
216.23469 47.77245 0.90539 0.30482 -0.29556 e
216.42764 27.40440 0.37360 -0.25590 -0.89159 e
216.47920 60.37143 -0.73314 -0.66595 0.13790 e
217.18595 82.93722 -0.98722 0.10302 0.12163 e
217.25777 41.03692 0.62948 0.77538 -0.05039 e
217.59292 78.41242 0.88262 -0.09920 -0.45951 e
218.09886 60.41559 0.50632 -0.80287 0.31471 e
219.94452 91.94625 0.27804 0.18117 -0.94333 e
220.05808 91.58286 0.83675 0.11669 -0.53500 e
220.73203 60.29342 0.33925 -0.70077 -0.62755 e
220.74176 56.71016 -0.58154 0.09622 0.80781 e
222.45283 80.11635 -0.90036 0.09379 -0.42492 e
222.69542 85.81490 -0.67800 -0.69473 -0.24014 e
223.18561 79.59764 -0.67740 -0.35708 -0.64314 e
223.54383 52.11400 -0.56493 0.07314 -0.82189 e
223.75385 81.28350 -0.22761 -0.74449 -0.62764 e
224.01989 50.59265 -0.98147 -0.16256 0.10144 e
224.20800 78.40347 -0.46412 -0.02717 -0.88536 e
224.50929 59.87004 0.79629 0.60210 -0.05831 e
224.76766 57.88904 -0.03337 0.09026 0.99536 e
224.83753 66.87009 0.05274 0.79577 -0.60329 e
225.08752 61.14347 0.51042 0.85167 -0.11891 e
225.58836 66.70491 -0.54051 0.53743 -0.64732 e
226.27229 85.24699 -0.64337 -0.76544 0.01334 e
226.81159 66.48920 -0.51580 0.11300 -0.84922 e
229.78712 49.78791 -0.93197 0.36243 -0.00828 e
230.23017 61.27139 0.57285 0.65639 -0.49091 e
230.27708 77.67535 -0.16335 -0.65297 -0.73956 e
230.44103 88.60249 -0.54480 0.15923 -0.82331 e
231.52228 39.93034 -0.47476 0.71509 -0.51308 e
232.39079 59.31630 -0.23573 -0.79139 -0.56404 e
232.64574 39.32867 -0.52573 0.29411 -0.79819 e
233.96935 35.16998 -0.86627 0.01094 -0.49946 e
235.81912 79.40520 0.58131 0.00294 -0.81368 e
236.27977 96.04224 0.14286 0.27762 -0.95001 e
236.65942 49.72730 -0.54599 -0.22573 -0.80681 e
236.90598 76.40210 0.06512 -0.99734 0.03260 e
236.97388 54.04979 0.40759 0.78532 -0.46600 e
238.47860 75.25998 -0.62290 -0.65944 -0.42088 e
238.80730 43.68367 -0.64400 -0.10474 -0.75782 e
239.73211 45.98370 -0.62333 -0.19920 0.75616 e
242.85442 69.47065 -0.28471 -0.30305 -0.90945 e
242.88813 33.56846 0.59079 0.13194 0.79596 e
242.96530 83.33893 -0.74042 -0.44474 0.50397 e
243.93219 42.33172 0.00386 0.98310 0.18305 e
244.11520 70.22142 0.99096 -0.07018 0.11430 e
244.39015 63.16050 0.37480 -0.92647 -0.03442 e
245.59694 41.51074 -0.94387 0.25870 0.20541 e
245.68567 69.57993 -0.26442 0.60862 -0.74810 e
246.02953 40.43709 0.00070 0.42682 -0.90434 e
246.16472 50.78914 0.19659 -0.97118 -0.13478 e
246.45671 65.62543 -0.23341 0.49264 -0.83835 e
246.63961 48.08747 -0.55902 0.11078 -0.82172 e
246.94239 39.43777 0.11228 -0.30593 0.94541 e
247.49330 35.32002 0.94516 -0.22637 -0.23542 e
247.64774 89.02047 -0.95281 -0.01850 -0.30299 e
248.20442 61.98189 -0.20498 -0.36941 -0.90638 e
248.29655 98.62905 0.87513 0.02715 -0.48312 e
248.51953 47.33231 0.20787 0.58244 -0.78585 e
249.66802 64.59687 -0.49287 -0.49139 -0.71807 e
249.94493 35.01562 -0.16013 -0.81074 -0.56308 e
250.06902 57.16816 0.42753 -0.36753 -0.82592 e
251.37424 97.78983 0.08552 -0.86381 -0.49652 e
252.22703 38.83683 -0.50059 -0.13582 -0.85496 e
252.78088 75.73503 -0.79802 -0.53303 -0.28113 e
254.89016 62.37587 0.19615 0.97359 -0.11685 e
255.94637 42.39447 0.64324 0.76449 -0.04234 e
256.02264 91.85821 0.84065 0.53276 -0.09731 e
256.45658 53.08380 -0.25351 -0.96272 -0.09435 e
256.85675 57.03309 0.23024 -0.55369 -0.80026 e
257.03627 62.15416 -0.73090 0.42346 -0.53523 e
257.24999 69.27575 0.14298 -0.47714 -0.86712 e
257.28369 46.42158 -0.80866 -0.51261 -0.28862 e
258.56848 48.45151 -0.68614 0.21101 -0.69620 e
261.34290 68.60190 -0.50227 -0.74195 0.44412 e
262.53954 68.97947 -0.91654 0.31643 0.24458 e
262.95753 83.48195 -0.70728 0.63611 -0.30841 e
263.20224 61.45291 0.25672 -0.73635 -0.62600 e
263.21467 45.34904 -0.44794 0.44715 -0.77421 e
263.27163 45.05580 -0.11997 0.77541 -0.61996 e
263.87522 96.86715 -0.16884 0.97212 -0.16272 e
264.59076 68.28310 0.65784 0.56786 0.49475 e
264.61156 76.96821 0.51444 0.85565 0.05675 e
265.27810 73.55365 -0.67303 0.33204 -0.66089 e
266.41663 81.48194 0.26077 -0.43584 -0.86142 e
266.57517 72.51693 -0.76788 -0.28210 -0.57513 e
266.86735 36.30507 0.90283 -0.38037 0.20053 e
267.69219 70.69676 0.80958 -0.35184 -0.46988 e
268.00594 46.22635 -0.33972 -0.20950 0.91690 e
269.00620 80.08182 0.51685 0.09887 -0.85035 e
269.27300 78.54902 0.03320 0.66622 -0.74502 e
270.49168 67.21875 0.73161 0.45711 -0.50576 e
271.45069 71.83739 0.92963 -0.36735 0.02911 e
272.33133 78.20173 0.30131 -0.19518 -0.93334 e
272.48757 82.63598 -0.37444 -0.29840 -0.87792 e
273.05607 88.71522 0.66256 0.41505 -0.62350 e
273.54155 36.56205 0.91005 -0.34626 -0.22784 e
274.62419 45.92598 -0.26917 -0.94471 -0.18729 e
276.24111 96.08936 -0.09725 -0.87640 -0.47166 e
276.31088 76.93130 -0.51449 0.18262 -0.83782 e
276.34012 76.78654 -0.41161 -0.53054 -0.74101 e
277.37854 82.59314 -0.91756 -0.25005 -0.30913 e
278.52802 49.22105 0.83151 -0.55130 0.06819 e
278.95655 49.83637 0.19378 0.09251 -0.97667 e
279.41191 55.55844 -0.36349 -0.08056 -0.92811 e
279.61598 47.93382 0.43864 0.89080 0.11864 e
279.63047 48.62866 -0.43752 0.30685 0.84524 e
279.84294 60.43749 0.43842 0.69373 0.57142 e
279.97552 51.14743 -0.31014 0.94243 -0.12504 e
280.30916 89.44411 -0.23646 -0.70694 0.66657 e
282.06288 54.44760 0.33522 0.47511 -0.81357 e
283.77508 59.66589 -0.44884 -0.89318 0.02774 e
283.93000 44.25606 0.32589 -0.01113 0.94534 e
285.43023 97.48401 0.04922 0.36916 -0.92806 e
285.84456 83.59822 -0.63609 -0.56916 -0.52100 e
285.89899 50.56459 0.83384 -0.25850 -0.48773 e
286.40842 84.57194 -0.45696 0.69670 -0.55299 e
288.57877 65.25296 0.74127 0.61897 0.25960 e
288.73739 49.75512 -0.73169 -0.60330 -0.31726 e
289.84846 79.54107 0.43868 0.85109 -0.28844 e
289.86787 53.99127 -0.35123 -0.68087 0.64269 e
291.79993 28.76188 0.95455 -0.12935 -0.26852 e
291.81685 62.14281 -0.60628 0.71622 0.34564 e
292.13306 85.34677 -0.38816 -0.50640 -0.76999 e
292.23926 65.27881 0.82458 0.38401 -0.41546 e
292.50356 86.10667 0.60345 -0.31256 -0.73359 e
293.10813 62.66097 0.18683 -0.56111 -0.80638 e
293.40801 87.83527 -0.58190 -0.53112 -0.61588 e
293.50842 47.06858 0.74705 -0.11099 -0.65543 e
294.00028 57.86732 0.51733 0.75873 -0.39584 e
295.12211 69.70663 0.31361 -0.12159 -0.94173 e
295.23544 74.84826 0.88328 -0.46856 0.01647 e
295.99611 46.31915 -0.81765 0.51667 0.25397 e
296.26352 81.55349 0.38326 -0.26342 -0.88528 e
296.52020 48.13574 -0.92667 -0.30797 0.21548 e
296.67038 53.75922 -0.83321 -0.22209 -0.50639 e
297.15458 45.28810 -0.89604 -0.41622 0.15454 e
297.89308 59.29975 0.61990 -0.20647 -0.75703 e
298.48440 59.51665 0.30778 -0.44088 -0.84314 e
299.33793 81.67468 0.34702 0.89020 -0.29518 e
299.63675 66.24988 0.92045 -0.29212 0.25970 e
299.65338 68.61011 -0.02071 -0.22584 -0.97395 e
300.36231 81.86309 -0.55147 0.67237 -0.49376 e
300.54341 74.18205 -0.16202 0.73269 -0.66099 e
301.27653 44.24208 0.32454 -0.20410 0.92359 e
301.69384 70.90307 -0.91952 -0.27417 0.28163 e
303.31571 48.66567 0.72819 0.01798 -0.68514 e
303.66827 45.38032 -0.01164 0.77902 0.62690 e
303.79432 95.58107 -0.65107 -0.75901 -0.00282 e
305.39198 90.17093 -0.14261 0.98976 -0.00568 e
306.11196 74.96529 0.56937 0.18753 0.80041 e
306.31265 49.34565 0.87649 -0.38774 -0.28536 e
306.60316 64.92869 -0.17311 -0.96185 0.21183 e
307.02258 38.74836 -0.79377 0.36312 0.48793 e
307.24709 90.17349 -0.67436 -0.28894 -0.67952 e
307.28378 93.03327 -0.33585 0.06302 -0.93981 e
307.39099 96.87914 0.83553 -0.05547 -0.54664 e
307.47591 60.88062 0.12974 0.54653 -0.82733 e
307.71171 30.14628 -0.64646 0.34775 -0.67909 e
308.01158 48.29800 -0.59384 0.51330 0.61958 e
309.54631 83.34787 -0.76111 0.15249 0.63044 e
309.72505 45.74609 0.40399 -0.18499 -0.89586 e
309.82023 72.70218 0.10937 0.81449 -0.56978 e
310.07922 88.65552 0.48152 -0.47606 -0.73587 e
310.50707 89.11897 -0.00163 0.60194 -0.79854 e
310.86102 52.62210 -0.76711 -0.20806 -0.60684 e
311.18141 57.68828 -0.84434 -0.31102 0.43629 e
311.55796 50.49756 0.19652 -0.51178 -0.83634 e
311.63563 29.77308 0.61192 0.25902 0.74730 e
311.89145 46.11759 -0.48033 0.10029 0.87133 e
312.08299 73.26267 -0.52799 0.55430 -0.64341 e
312.35444 93.04221 0.77146 -0.63296 0.06496 e
312.55865 47.04792 -0.50328 0.47118 -0.72436 e
313.40145 79.14109 0.32726 -0.79676 -0.50801 e
313.41125 59.97705 0.36987 0.26889 -0.88932 e
313.48491 69.03447 -0.92882 0.24564 0.27740 e
313.50823 28.93528 0.63886 -0.68530 -0.34961 e
314.71983 85.90814 -0.92685 -0.06983 -0.36888 e
314.96478 92.30795 0.99006 0.12819 -0.05788 e
315.45247 41.73291 -0.78992 -0.59194 0.16013 e
315.67767 64.08710 0.42311 0.89598 -0.13489 e
315.69778 99.40724 0.03418 -0.64242 -0.76559 e
316.69974 39.05526 0.51819 0.25310 -0.81696 e
316.76927 86.80723 0.83411 0.17699 0.52243 e
316.82938 56.72688 -0.46914 0.55476 -0.68713 e
317.48239 61.35562 -0.79519 0.57661 -0.18761 e
318.20726 72.83291 0.78762 -0.43339 -0.43798 e
318.22636 78.89414 0.90419 -0.30592 0.29807 e
319.47726 80.77336 0.95953 -0.18716 -0.21041 e
319.80326 98.62575 0.91139 -0.39806 -0.10452 e
321.42967 85.40070 -0.91677 0.19512 -0.34851 e
321.67595 67.02312 0.82374 0.47126 -0.31521 e
321.93198 59.75686 0.09310 0.00528 0.99564 e
322.68528 47.42325 0.05406 -0.97127 -0.23176 e
324.20504 54.24571 0.22032 0.55163 -0.80447 e
324.27230 55.15803 0.12865 -0.37134 -0.91954 e
324.87541 67.03520 -0.17551 0.95913 -0.22197 e
325.09417 64.97090 -0.25174 0.30954 -0.91696 e
325.19446 63.19506 -0.24326 0.90879 0.33902 e
325.71754 93.75183 0.89561 0.40417 -0.18580 e
326.26176 47.39064 0.82089 -0.21353 -0.52967 e
327.10426 54.65295 -0.99425 -0.09027 0.05753 e
328.23249 85.69277 0.82386 0.33983 0.45362 e
328.43102 50.18798 -0.28969 -0.17328 0.94130 e
328.85292 64.53509 -0.92269 -0.26695 -0.27817 e
329.68613 72.43459 0.80489 0.10209 -0.58457 e
330.36964 47.62663 0.34945 -0.81973 -0.45379 e
331.12287 79.27512 -0.13866 -0.99033 -0.00307 e
331.22081 55.30277 -0.86318 0.49679 -0.09008 e
332.08091 32.83918 0.63933 -0.14046 -0.75600 e
333.40394 70.01356 -0.81940 -0.18868 -0.54128 e
333.74436 36.26208 -0.32935 -0.84104 0.42916 e
333.84335 44.97390 0.94627 0.32126 -0.03689 e
334.56540 54.25884 0.31047 0.00921 -0.95054 e
334.73641 40.53559 -0.46862 0.20284 -0.85980 e
336.99030 89.10745 -0.65504 -0.74542 -0.12360 e
338.36420 77.40914 0.34865 -0.93078 0.10993 e
338.40636 51.38347 0.84868 -0.36955 0.37840 e
338.44285 66.74380 0.70478 -0.19740 -0.68141 e
338.88866 94.86742 -0.12904 -0.57676 -0.80666 e
339.04018 83.44189 -0.38804 -0.92068 0.04213 e
339.37930 50.21388 -0.70592 -0.49558 -0.50603 e
340.38109 90.78899 -0.16640 -0.84388 -0.51007 e
340.42969 90.34933 0.64760 -0.68125 0.34133 e
341.25921 68.96232 -0.80185 0.23081 -0.55114 e
342.20401 98.71199 -0.44560 0.60738 -0.65767 e
342.34465 95.78742 0.91362 0.40229 -0.05883 e
342.37802 47.36393 0.91192 -0.00641 0.41032 e
343.53704 67.73183 -0.61288 -0.48797 0.62150 e
343.82612 37.52318 -0.38401 0.65386 0.65192 e
343.99311 55.48271 0.65409 0.64088 -0.40179 e
344.74623 67.64150 0.08671 0.04188 -0.99535 e
345.02222 82.05782 -0.29002 -0.24347 -0.92553 e
345.02408 55.34754 0.40838 0.66915 -0.62086 e
346.98399 90.19594 -0.66935 0.46697 0.57785 e
347.54872 94.92608 0.56021 0.79040 -0.24784 e
347.79463 99.08702 0.84620 -0.19596 -0.49553 e
348.39051 64.10674 -0.46024 -0.81171 0.35958 e
348.65653 62.18587 -0.03438 0.03245 -0.99888 e
349.66378 89.16370 0.60979 0.79256 0.00038 e
351.43284 55.23630 -0.38283 -0.92065 -0.07648 e
353.80218 76.79790 -0.00801 -0.26847 -0.96325 e
353.83259 97.24487 -0.60503 -0.79330 0.06791 e
353.98395 67.47389 -0.28676 -0.38608 -0.87676 e
354.06542 82.08661 -0.87898 -0.36499 -0.30687 e
354.89968 32.97366 -0.64294 0.76554 0.02388 e
357.44811 99.75934 0.81630 -0.39360 -0.42277 e
357.82747 43.09571 0.72136 -0.69227 -0.02004 e
358.86965 55.62316 -0.47916 -0.59612 0.64424 e
359.19639 66.68612 0.32773 0.93657 0.12426 e
359.55711 86.41386 0.13130 0.86149 -0.49051 e
359.75910 76.57412 0.48057 0.51750 0.70799 e
362.49013 63.94383 -0.46645 -0.51672 -0.71793 e
363.02096 64.47552 0.11189 -0.15982 -0.98078 e
368.87631 69.04423 -0.59235 -0.76841 -0.24221 e
369.77336 36.81851 0.02681 -0.74403 -0.66761 e
371.58090 56.59746 -0.57948 -0.52522 -0.62317 e
371.95826 89.13160 0.38939 0.50530 -0.77009 e
373.46503 86.15069 0.65564 -0.73231 0.18403 e
374.07607 60.14389 -0.80957 -0.55906 -0.17902 e
374.88202 60.11817 -0.83979 -0.22755 0.49292 e
377.64674 56.04127 0.16547 -0.97718 -0.13320 e
380.32437 46.55044 -0.65181 0.74858 -0.12156 e
386.34603 54.76333 -0.50099 0.28209 -0.81819 e
386.69195 40.71922 0.24156 0.14978 -0.95876 e
387.32756 77.50529 -0.15273 -0.17777 -0.97215 e
389.88032 72.62104 0.70670 -0.62220 -0.33683 e
390.11217 44.54828 -0.94266 -0.15480 -0.29568 e
391.51385 43.48978 -0.23982 0.92052 -0.30842 e
391.60579 90.81443 0.27330 0.94907 0.15678 e
392.60801 60.54431 -0.56821 0.17083 -0.80496 e
399.44671 73.34895 0.43032 -0.87677 -0.21473 e
406.16162 44.33757 -0.03125 0.62522 0.77982 e
406.57655 75.64151 0.18171 0.54896 0.81586 e
410.33747 42.32127 -0.42508 -0.67682 -0.60101 e
413.53154 32.76761 -0.19584 0.55691 -0.80715 e
413.94982 35.49167 -0.23490 0.17244 0.95660 e
421.54044 46.25254 -0.34838 -0.25362 0.90239 e
425.11165 99.35404 0.51809 0.18679 -0.83468 e
426.10041 66.08670 -0.41831 0.86696 -0.27093 e
427.34052 60.51811 -0.24577 -0.22358 -0.94319 e
430.83984 50.53634 -0.66248 -0.09493 -0.74304 e
442.04947 33.84243 0.07465 0.08044 -0.99396 e
446.19034 30.19199 -0.97587 0.01250 0.21799 e
453.59310 68.91700 0.94207 0.09779 -0.32084 e
459.78264 54.11597 0.63535 -0.15492 -0.75652 e
465.93004 40.98084 0.95171 0.04529 0.30362 e
471.23091 55.10958 -0.41726 0.57100 -0.70700 e
473.87177 69.34971 0.46829 0.75248 0.46312 e
479.04281 45.40217 0.42606 -0.77989 0.45853 e
487.36356 31.51939 0.44690 0.54983 0.70567 e
495.47403 48.74405 0.34373 -0.93333 0.10366 e
524.77100 43.08957 0.60185 0.49786 -0.62442 e
526.54787 56.73125 0.35706 0.36072 -0.86162 e
555.00461 41.95052 0.63401 0.42297 -0.64740 e
560.37286 39.31500 -0.88506 0.37875 0.27058 e
582.47962 53.71327 0.71262 0.15480 -0.68426 e
587.51921 31.06911 -0.21526 0.08329 0.97300 e
609.42673 46.33461 -0.99563 -0.08683 0.03435 e
610.39245 30.13080 0.65313 -0.65340 -0.38275 e
618.35871 54.11059 0.70726 0.54699 0.44787 e
642.22609 34.45877 -0.77322 -0.62216 0.12269 e
693.59407 27.78727 0.14131 -0.71940 -0.68007 e
698.90635 57.45477 -0.59696 0.42311 -0.68163 e
716.11618 51.67984 -0.74467 -0.62416 -0.23639 e
726.16872 38.59060 0.08011 -0.48150 -0.87278 e
736.33073 58.32146 0.44656 0.08137 -0.89104 e
752.94628 36.60998 0.72787 0.03218 -0.68495 e
759.31755 38.57764 0.33677 0.02640 -0.94122 e
764.32523 30.74567 -0.88945 0.39036 0.23768 e
771.44400 63.37633 0.27352 0.90473 -0.32657 e
788.84749 53.08032 0.97355 -0.18259 0.13733 e
824.35265 53.18324 -0.19778 -0.13426 -0.97101 e
831.33462 39.90771 0.41212 0.19569 0.88987 e
839.67142 39.68808 0.85747 0.17965 -0.48215 e
904.77189 56.03088 -0.11766 -0.99304 0.00570 e
910.92587 41.18651 -0.35086 0.79371 0.49692 e
965.39646 53.52458 -0.13208 0.62469 -0.76962 e
974.70406 29.40683 -0.42980 -0.35887 0.82854 e
976.01938 40.11584 -0.73623 -0.67553 0.04024 e
1028.49794 46.59073 -0.66346 0.53995 -0.51795 e
1040.39684 37.83715 -0.41040 -0.90968 0.06364 e
1041.26736 38.41126 0.56176 -0.59384 0.57600 e
1063.66160 37.66694 -0.18487 -0.95727 -0.22241 e
1069.27571 49.07172 -0.92238 -0.25649 -0.28885 e
1089.41705 29.13605 0.33585 -0.72140 0.60562 e
1093.93963 37.11988 -0.85105 -0.50152 -0.15552 e
1125.96032 36.78395 -0.68592 -0.70751 -0.17011 e
1154.72133 45.98291 -0.30457 -0.90349 -0.30157 e
1156.47409 47.44194 -0.41923 -0.84642 -0.32834 e
1208.29999 46.10552 -0.24069 -0.42490 -0.87266 e
1208.74994 25.69911 0.27609 0.57315 -0.77154 e
1213.78221 35.63332 0.50505 0.24897 0.82640 e
1237.55688 31.84306 -0.14073 -0.74486 0.65221 e
1265.07379 45.62170 -0.63101 0.54426 0.55282 e
1280.45353 24.95206 -0.49807 0.74579 0.44241 e
1284.21048 47.98185 0.41569 0.31405 -0.85357 e
1321.57726 44.30514 0.57802 -0.80383 0.14054 e
1329.36726 39.96141 -0.81951 -0.48600 -0.30366 e
1357.35426 29.39719 -0.03985 -0.98586 -0.16276 e
1360.04473 38.03920 -0.51810 0.78960 -0.32878 e
1375.98553 37.27613 0.85300 -0.26373 -0.45037 e
1378.79609 42.22519 0.34530 -0.90795 -0.23748 e
1391.95012 48.84813 -0.99027 -0.11529 0.07798 e
1394.82234 44.99333 -0.97973 -0.11803 0.16188 e
1396.76884 45.08760 -0.85303 0.42209 0.30688 e
1499.29552 44.78970 0.07401 -0.96075 -0.26736 e
1575.73808 67.62048 0.68837 -0.71190 -0.13910 e
1638.29378 35.83191 0.38308 0.62779 -0.67759 e
1710.69619 32.38600 -0.29729 -0.81803 -0.49239 e
1730.64678 49.55582 -0.16121 -0.84461 -0.51053 e
1812.21691 38.87932 0.52112 -0.26838 -0.81019 e
1920.35306 45.43708 0.86390 0.50366 -0.00044 e
2039.93480 42.29665 0.44774 -0.89117 -0.07310 e
2044.18210 27.86034 0.45222 0.03692 -0.89114 e
2203.96088 46.08047 0.71097 0.69220 0.12406 e
2207.82910 30.18838 0.38379 0.36303 -0.84907 e
2207.89755 38.87762 0.79000 0.51203 -0.33723 e
2295.19724 60.12206 -0.60922 0.79209 0.03793 e
2333.27423 34.63089 -0.47829 0.38573 0.78896 e
2336.28757 40.84531 -0.10851 0.94050 0.32199 e
2356.36987 31.27073 -0.96975 0.15548 -0.18815 e
2390.25077 28.92932 0.98637 0.14834 -0.07115 e
2501.42127 47.01041 0.03079 -0.99696 -0.07159 e
2541.46141 35.26734 0.88241 0.39213 0.25997 e
2646.19315 37.34063 0.77578 0.49296 0.39389 e
2694.21020 28.77352 0.12954 0.71785 -0.68403 e
2723.63250 45.98193 0.61630 -0.22524 -0.75461 e
2745.30883 42.29408 0.42058 0.56101 -0.71301 e
2958.55283 24.45042 -0.87120 0.48603 -0.06917 e
2968.71734 41.77783 -0.46275 -0.88424 0.06304 e
3121.84183 32.16114 -0.08385 -0.97902 -0.18571 e
6457.57326 32.62036 -0.87840 -0.44670 0.16990 e
9722.96974 45.92937 -0.02571 -0.38103 -0.92421 e
14293.12863 38.44385 -0.09969 0.94869 0.30008 e
16141.10001 44.58079 -0.07128 0.75071 -0.65678 e
