17.31344 36.88644 -0.12716 0.17229 0.97680 e
18.96613 17.31738 0.10576 -0.19741 0.97460 e
20.51402 42.38031 0.26104 -0.06574 0.96309 e
22.53260 62.77388 -0.25225 0.35344 0.90081 e
22.60933 17.94174 -0.28461 -0.59869 0.74871 x
23.11573 72.78438 0.17600 0.10378 0.97890 e
23.76992 10.32388 0.27334 0.19473 0.94200 e
23.96962 39.39708 -0.21456 0.07746 0.97363 e
23.98563 24.30986 0.02817 0.01396 0.99951 e
24.47618 22.80058 -0.15383 0.13316 0.97908 e
24.60187 24.07797 0.02645 -0.03588 0.99901 e
24.86630 12.20549 -0.02197 0.55100 0.83422 x
26.21491 25.02403 -0.21315 -0.14995 0.96544 x
26.38197 28.92602 0.10850 0.10353 0.98869 e
27.60486 16.10522 -0.10827 0.12745 0.98592 x
28.25310 12.32969 0.39860 -0.14293 0.90592 eb
28.28534 10.48453 -0.08165 0.10856 0.99073 x
29.02394 53.87941 0.28803 -0.31952 0.90275 e
29.34240 28.18538 0.33066 -0.25036 0.90994 e
29.50129 51.92320 0.01762 0.26449 0.96423 e
29.68258 26.58732 -0.05395 -0.23827 0.96970 e
30.03909 21.77910 -0.12710 0.00939 0.99185 e
30.04719 11.65989 -0.20785 0.00220 0.97816 e
30.24309 12.80174 -0.37393 -0.08667 0.92340 eb
30.39529 24.52085 0.11226 -0.00687 0.99366 e
31.23932 36.96690 0.08965 0.19125 0.97744 xb
32.18303 31.13897 0.07907 0.02918 0.99644 e
33.65737 25.72985 -0.19396 0.28813 0.93774 eb
33.76568 7.38742 -0.20068 -0.17814 0.96332 x
34.22692 13.32786 -0.12925 -0.50546 0.85312 e
34.62298 14.95292 0.55262 0.10790 0.82642 e
34.97747 53.46946 -0.02238 -0.14526 0.98914 e
35.37133 6.00956 0.50494 -0.10982 0.85614 e
35.59770 7.70482 -0.02259 -0.03437 0.99915 x
36.32416 12.04628 -0.03868 -0.14100 0.98925 xb
38.12526 27.01627 0.14863 -0.74623 0.64888 e
38.49062 15.87519 0.02739 -0.18176 0.98296 e
38.98938 27.12381 0.31228 -0.63620 0.70550 eb
39.63595 10.06586 -0.13838 0.27790 0.95059 e
39.79843 9.48992 -0.17850 -0.24602 0.95269 xb
40.07552 44.34093 0.11322 -0.01729 0.99342 eb
42.43939 28.05845 -0.09167 0.09743 0.99101 e
43.81175 37.84208 0.19419 0.14106 0.97077 e
44.03224 27.91944 -0.17669 0.07069 0.98172 e
44.17628 18.21151 0.10353 -0.36002 0.92718 e
44.64207 25.71298 0.11782 -0.08949 0.98899 e
46.16752 17.25227 0.20038 0.14189 0.96939 eb
46.20711 23.90921 0.10596 -0.41678 0.90281 xb
46.38917 6.50955 0.26859 -0.65036 0.71056 e
46.41268 17.11059 -0.32608 0.31354 0.89183 xb
46.47523 31.01635 0.13378 0.01282 0.99093 e
47.40541 30.27001 -0.05167 -0.22212 0.97365 e
47.98080 45.59642 0.19368 -0.03347 0.98049 e
48.58806 26.47801 -0.36833 -0.43366 0.82236 xb
49.24541 7.15582 -0.26512 0.01379 0.96412 e
49.79426 38.80245 0.05374 -0.03342 0.99800 x
50.28114 39.42257 -0.08041 0.18759 0.97895 e
50.55251 12.79757 -0.12405 0.36676 0.92201 e
51.11925 20.46191 0.30434 -0.40496 0.86219 e
51.82571 22.87600 0.03839 0.12954 0.99083 eb
52.62507 29.64108 0.05160 0.20613 0.97716 e
53.05615 23.49278 -0.28866 -0.02267 0.95716 e
53.39209 23.96888 -0.52646 0.24849 0.81308 e
53.41260 27.48984 0.19772 -0.03998 0.97944 e
53.62183 15.15692 -0.23418 -0.41934 0.87711 eb
53.94698 17.01549 -0.02498 0.31951 0.94725 eb
55.32525 17.44209 0.58589 -0.05970 0.80819 eb
55.69111 4.47678 -0.10131 -0.18188 0.97809 e
55.83970 52.51840 -0.08757 0.03899 0.99539 e
56.95704 33.27520 0.21331 0.51860 0.82798 xb
57.40540 17.54455 0.14755 0.09445 0.98453 x
58.18316 65.26610 -0.21592 -0.05893 0.97463 x
58.65709 7.90568 0.52569 -0.38774 0.75717 eb
60.84762 10.46299 -0.20614 -0.04054 0.97768 eb
62.25714 12.83178 0.34754 -0.29075 0.89145 e
62.75590 49.11113 -0.07981 -0.00097 0.99681 x
62.95920 14.61529 -0.28105 0.56038 0.77910 e
63.37260 19.34898 -0.17415 0.01463 0.98461 e
63.42057 21.56895 0.35860 -0.05622 0.93179 e
64.25535 25.83138 -0.09260 -0.16904 0.98125 e
64.51353 29.23692 -0.09375 -0.06276 0.99362 e
65.17870 21.74316 -0.20724 0.09364 0.97380 e
65.43048 30.80458 -0.06077 -0.17416 0.98284 x
65.73711 24.03196 0.55072 -0.39047 0.73772 x
65.76939 16.10248 -0.36927 -0.19372 0.90891 e
66.12273 65.81299 -0.00934 -0.03170 0.99945 e
66.71723 15.12905 -0.08034 -0.12301 0.98915 x
66.90755 8.95425 0.17305 -0.48203 0.85889 xb
67.10657 36.76436 -0.00343 -0.05375 0.99855 xb
67.16785 71.16960 -0.15716 -0.10667 0.98179 e
68.36844 29.86881 -0.13443 0.03531 0.99029 eb
68.91267 17.11501 -0.21420 -0.20960 0.95404 x
69.41573 66.27105 -0.03156 0.39468 0.91828 e
69.80094 36.39173 -0.27471 0.05348 0.96004 e
69.89401 10.33802 -0.03519 0.05943 0.99761 e
70.48543 52.35570 0.08987 -0.11263 0.98956 e
70.53934 18.57636 -0.18653 -0.02123 0.98222 e
70.74523 22.24703 0.17639 0.20142 0.96349 eb
70.81959 14.19658 -0.06227 -0.31336 0.94759 e
70.95324 8.63337 0.11597 0.00432 0.99324 e
71.05645 34.17524 -0.02218 0.21521 0.97631 e
71.27193 18.08259 -0.38985 0.33441 0.85802 eb
71.36222 6.95443 -0.48931 -0.17869 0.85361 eb
71.74385 9.18722 -0.01021 -0.16490 0.98626 e
72.07751 22.67958 0.04850 0.03935 0.99805 e
72.93313 12.02849 0.04903 0.07126 0.99625 e
72.98953 18.64564 -0.02733 0.09852 0.99476 e
73.44755 45.72793 -0.02117 0.05200 0.99842 e
74.14275 19.10067 0.02459 0.25997 0.96530 e
75.97721 17.96958 0.02695 0.10911 0.99366 x
76.09119 14.06335 -0.17184 -0.20781 0.96296 e
77.21338 26.94920 -0.24007 0.22279 0.94484 e
77.52003 24.59671 -0.07003 -0.14812 0.98649 e
77.83626 20.66314 0.13205 -0.40556 0.90448 e
78.95581 6.35092 -0.39961 0.03660 0.91595 e
79.33336 22.80091 -0.40996 0.26887 0.87157 eb
79.66833 25.84855 -0.14152 0.07620 0.98700 e
79.73547 16.96785 -0.25827 0.10839 0.95997 e
79.85351 21.13699 -0.37554 -0.58169 0.72153 e
80.36804 6.44304 -0.03387 0.15258 0.98771 e
80.38688 20.63217 -0.11500 0.19041 0.97495 x
80.83422 11.47430 0.36544 -0.13444 0.92107 xb
81.57672 11.07587 0.13767 0.15983 0.97750 xb
81.81138 11.66678 -0.20803 -0.33322 0.91961 e
82.18018 15.38785 -0.40247 0.07603 0.91227 x
82.99069 25.67738 -0.12352 -0.12508 0.98443 e
83.44433 13.52093 0.33851 -0.03415 0.94034 e
84.17661 73.49957 0.21598 0.00652 0.97638 e
84.76837 25.47175 -0.20075 -0.22827 0.95268 e
85.00047 30.41302 0.12082 -0.04556 0.99163 e
85.90717 30.03785 -0.06963 -0.11729 0.99065 e
86.09527 14.96382 -0.05107 -0.48512 0.87296 eb
86.20399 35.65271 -0.15640 -0.06869 0.98530 xb
87.03743 28.90648 0.00899 -0.13881 0.99028 e
87.27391 22.31621 0.27043 0.21403 0.93865 x
87.78400 26.43837 -0.12334 0.38957 0.91270 eb
87.94289 13.43601 0.29363 0.17998 0.93882 eb
88.06764 45.69265 -0.02045 -0.09681 0.99509 e
88.39907 10.81752 -0.41888 0.11956 0.90014 eb
88.58593 10.93554 -0.13215 -0.17144 0.97629 eb
88.92685 12.28006 -0.28290 0.24417 0.92755 eb
89.44000 51.62023 0.01364 -0.36806 0.92970 e
89.62384 5.42693 0.02818 -0.06532 0.99747 e
90.13974 32.66190 0.08913 0.08849 0.99208 e
90.22031 13.70760 -0.73449 0.12596 0.66683 e
90.36645 19.74790 0.13703 0.05526 0.98902 e
91.31478 31.79835 -0.38600 0.06334 0.92032 e
91.94373 16.64853 -0.34542 0.64505 0.68161 x
92.13150 46.60610 -0.02183 -0.05378 0.99831 e
92.18193 13.31419 0.47088 -0.05998 0.88016 xb
92.23360 20.59112 -0.01231 -0.10712 0.99417 e
92.76524 36.03667 -0.02072 -0.25922 0.96560 e
92.93983 14.04878 -0.12893 -0.04345 0.99070 e
92.98081 36.00383 0.22051 0.01794 0.97522 e
93.36835 11.00740 -0.27562 -0.17037 0.94605 e
95.03675 19.94581 0.29792 -0.17576 0.93827 e
95.13066 86.05515 -0.14483 0.26672 0.95283 e
95.95746 17.38216 0.56660 0.22756 0.79194 e
96.15562 16.91146 -0.11442 -0.73821 0.66479 eb
96.29619 22.89827 0.02065 0.01009 0.99974 xb
96.34248 12.17173 0.37071 0.01868 0.92856 e
96.35046 12.04433 0.55285 -0.07178 0.83019 eb
96.91364 27.23284 0.22656 -0.07310 0.97125 e
97.64701 11.78268 0.02129 0.05501 0.99826 e
97.99985 20.80551 0.27769 -0.09772 0.95569 eb
98.13718 11.16769 0.28525 0.12637 0.95009 eb
98.16946 13.85821 -0.25089 -0.06013 0.96615 e
98.35447 22.87423 -0.05330 -0.41393 0.90875 e
98.42504 28.29686 -0.16425 0.53402 0.82937 e
98.75137 39.39808 -0.16540 0.17976 0.96971 e
99.04123 46.82953 0.35377 -0.07545 0.93228 e
99.85958 35.74017 -0.09455 0.13732 0.98600 e
99.92012 11.55191 -0.75758 0.34578 0.55364 xb
100.53844 34.37479 -0.05433 -0.11120 0.99231 e
101.49995 62.24654 -0.01622 -0.20895 0.97779 e
101.50036 21.17438 0.04837 -0.10872 0.99290 eb
101.63711 22.22499 -0.07218 0.13115 0.98873 e
101.88689 31.23377 0.02496 0.07375 0.99696 e
102.40146 16.26656 -0.14340 -0.06598 0.98746 xb
102.47214 12.73926 0.21289 0.00207 0.97707 eb
102.51087 17.06368 -0.02025 -0.07155 0.99723 eb
103.39695 19.34261 -0.17933 -0.23766 0.95465 e
103.59698 34.43776 -0.03291 0.09540 0.99489 e
104.10040 50.56012 0.15537 -0.06257 0.98587 e
104.33226 26.88228 0.39065 0.55038 0.73789 e
104.41824 6.59614 -0.77132 0.03843 0.63529 eb
104.50365 24.38641 -0.25047 0.06519 0.96593 eb
104.87620 54.10118 0.04068 -0.26246 0.96408 eb
105.14508 22.96421 -0.06298 -0.09639 0.99335 e
105.53072 16.38269 -0.04913 0.15901 0.98605 e
105.57214 19.72109 0.19838 -0.00411 0.98012 eb
106.04857 41.73956 0.73746 -0.08306 0.67027 e
107.59589 40.41855 0.15604 0.22606 0.96153 xb
107.63874 14.17333 0.31380 0.16600 0.93487 xb
108.48137 69.26243 -0.17440 0.17447 0.96909 x
108.66360 24.93149 -0.38494 -0.30332 0.87168 e
108.74283 15.25954 -0.08666 -0.78036 0.61930 eb
108.88620 7.12822 -0.51440 -0.24510 0.82178 eb
109.33461 22.73051 0.04672 0.15529 0.98676 e
109.55153 11.27464 -0.04205 -0.19663 0.97958 x
109.89612 18.88703 -0.25889 0.25986 0.93030 eb
110.15577 15.10502 -0.31790 0.62166 0.71587 e
110.23005 11.20025 -0.38773 0.00648 0.92175 eb
111.03848 12.22687 0.04328 -0.20282 0.97826 e
111.44324 20.59805 0.34038 0.10297 0.93463 eb
112.53569 9.78345 0.29134 -0.06302 0.95454 x
112.54373 29.01633 -0.08868 -0.06038 0.99423 x
114.16264 18.13332 0.02555 0.09219 0.99541 e
115.28988 17.07411 -0.26008 -0.23387 0.93684 eb
116.16939 14.39723 -0.55299 -0.04918 0.83173 eb
117.57648 13.26279 -0.04816 0.19117 0.98037 e
117.83064 24.61769 0.38700 -0.40883 0.82649 eb
118.00062 20.22650 0.06919 -0.04340 0.99666 e
118.08382 19.06566 -0.00468 -0.23071 0.97301 eb
118.19160 55.36180 0.16405 0.14492 0.97575 e
118.60836 12.70919 0.51174 0.39882 0.76096 eb
118.77835 16.04280 -0.00006 0.00541 0.99999 x
118.78269 1.59658 -0.69430 -0.12750 0.70830 eb
118.81360 20.69473 -0.05451 0.15919 0.98574 e
119.18832 16.45175 0.11760 0.06068 0.99121 e
119.78993 10.33098 -0.11877 -0.86863 0.48101 eb
120.97328 11.30124 0.77573 0.06261 0.62795 eb
121.38250 9.34721 0.59998 -0.11916 0.79109 xb
121.84655 21.67494 0.06159 -0.01014 0.99805 e
122.43098 26.43261 0.16744 -0.10842 0.97990 eb
122.74432 8.37775 0.06751 -0.22994 0.97086 xb
122.80197 78.62736 -0.21758 -0.08189 0.97260 e
124.03338 18.03449 -0.18877 -0.42450 0.88553 eb
124.57500 36.98793 0.32484 -0.23687 0.91563 xb
124.79421 29.56106 -0.07350 -0.03883 0.99654 e
126.11406 3.44647 -0.29925 -0.27294 0.91431 eb
126.16848 20.02390 -0.18789 0.03632 0.98152 e
126.17397 30.80616 0.08300 -0.17249 0.98151 eb
126.76687 43.22168 -0.03099 0.04402 0.99855 e
126.79131 15.27748 -0.06262 0.09237 0.99375 e
127.90379 23.21817 0.24712 -0.08429 0.96531 e
128.34453 39.32147 -0.23601 0.41426 0.87903 e
128.57614 16.39626 -0.13482 -0.02181 0.99063 e
129.01875 50.71025 -0.64068 -0.17994 0.74642 eb
129.64355 12.83983 0.81579 0.18925 0.54651 e
129.84925 22.70202 -0.00117 -0.26542 0.96413 e
130.07951 17.03868 -0.09986 -0.29477 0.95034 e
130.13333 9.10571 0.39297 -0.26800 0.87963 eb
130.14793 18.48426 0.51321 0.28430 0.80981 e
131.29976 18.31682 0.28648 -0.24319 0.92671 e
131.34277 16.87065 -0.11601 -0.05686 0.99162 e
131.57745 3.79458 0.08566 0.01027 0.99627 eb
132.23493 15.29075 0.13346 0.08851 0.98709 eb
132.29392 18.06541 0.14748 -0.21884 0.96455 xb
132.68170 13.52972 -0.22674 -0.00817 0.97392 e
132.78503 10.39624 0.01675 -0.11424 0.99331 e
132.84712 25.56712 -0.43043 0.36536 0.82538 eb
133.31725 35.44832 -0.21197 0.39783 0.89264 eb
133.48953 23.66201 0.27850 0.27628 0.91984 eb
134.45741 25.23445 -0.10995 0.07400 0.99118 e
134.86209 6.73310 0.15272 -0.20325 0.96714 e
136.48326 60.64902 -0.02579 -0.11738 0.99275 e
137.11933 13.99819 -0.12193 -0.06357 0.99050 e
137.66192 33.11865 -0.07118 0.10389 0.99204 x
138.28671 23.96101 0.06405 -0.02430 0.99765 e
138.63132 10.19419 -0.16615 0.29945 0.93953 xb
139.65648 32.09000 0.23714 -0.02334 0.97120 e
140.03609 36.74606 0.00948 -0.08059 0.99670 e
142.03293 28.28921 0.05867 -0.03638 0.99761 e
142.71181 12.30143 0.44338 0.16155 0.88165 x
143.12469 35.78648 0.02189 -0.19729 0.98010 e
143.66604 10.74585 0.20878 0.53171 0.82079 x
143.79713 31.34212 0.43473 -0.01249 0.90047 e
145.36424 29.16311 -0.46218 0.04929 0.88542 e
145.52046 23.52011 -0.21761 -0.09935 0.97097 e
145.94314 13.27281 0.11221 0.01385 0.99359 e
147.88208 20.56287 0.13830 0.02714 0.99002 x
148.34356 24.47224 0.00414 -0.24176 0.97033 xb
149.16280 14.30962 0.68605 0.22387 0.69225 e
150.29705 17.62357 0.30281 0.03336 0.95247 xb
150.43109 7.42987 -0.12455 0.36243 0.92365 eb
150.60648 27.90015 -0.19158 -0.13537 0.97210 e
151.92324 18.35699 -0.12726 0.45542 0.88113 e
152.94119 14.97024 0.20642 -0.02223 0.97821 xb
153.96501 8.40650 0.28156 -0.27012 0.92074 e
154.44825 13.59887 0.20169 0.47683 0.85554 eb
154.52162 58.48274 -0.09141 -0.11142 0.98956 eb
154.66806 48.33805 -0.22994 -0.37235 0.89915 e
154.78372 26.28904 -0.02261 0.16177 0.98657 xb
154.87085 26.58825 0.18274 -0.05200 0.98179 e
155.24250 20.23881 -0.67075 -0.12304 0.73141 x
156.52541 18.69449 -0.15983 0.84260 0.51427 eb
156.67719 23.96664 0.11638 -0.03730 0.99250 e
156.77092 21.36372 -0.16535 -0.34925 0.92233 e
156.79922 11.28934 0.14164 0.06996 0.98744 eb
156.99051 15.30739 0.08794 -0.06137 0.99423 eb
157.96839 15.44699 -0.01959 0.10158 0.99463 e
158.61370 36.88681 -0.41797 0.67429 0.60880 eb
159.24204 11.60087 0.37143 0.27472 0.88689 eb
159.29048 22.52765 0.23618 0.29903 0.92455 x
159.33723 31.39421 0.49936 0.10426 0.86010 xb
159.59213 15.01548 -0.31762 0.44960 0.83485 e
159.89654 24.60313 0.25424 0.20814 0.94448 eb
160.63647 59.34225 0.26611 0.05474 0.96239 e
161.05228 23.26202 -0.00987 0.00551 0.99994 e
161.07127 14.36558 -0.36751 0.51408 0.77502 e
161.48086 43.98360 -0.36241 0.03009 0.93153 e
161.73910 25.64734 -0.09253 -0.28814 0.95311 e
161.90428 19.74052 -0.35641 -0.00174 0.93433 xb
162.81756 21.72640 -0.15263 0.42649 0.89152 eb
163.42454 16.71051 -0.23385 -0.09475 0.96765 e
163.86480 14.03601 -0.20215 0.03554 0.97871 e
164.51290 13.41766 0.08566 0.23119 0.96913 x
165.14878 32.27486 -0.08864 0.12099 0.98869 e
165.29805 31.01737 0.00846 0.12629 0.99196 e
167.40201 39.42752 -0.04539 0.23397 0.97118 e
167.44069 22.86221 0.08405 0.12235 0.98892 eb
167.81665 46.42081 0.13545 0.21583 0.96699 e
168.25929 19.01517 -0.34398 0.02285 0.93870 x
168.40316 17.93056 0.17039 0.03389 0.98479 e
170.11793 14.13830 -0.25914 -0.46017 0.84917 eb
172.05160 20.64688 0.44103 -0.08962 0.89301 e
172.28844 23.77300 0.38550 -0.14486 0.91126 e
172.68848 14.63326 -0.60441 -0.29077 0.74172 eb
174.53148 22.54890 -0.06662 0.02416 0.99749 e
175.00657 26.57729 -0.11828 -0.05817 0.99127 e
175.00839 14.27154 -0.04893 -0.16199 0.98558 e
176.17553 31.21838 -0.07630 -0.17962 0.98077 e
178.42160 18.31066 -0.17107 -0.03972 0.98446 e
179.70769 5.98103 0.04417 0.33799 0.94011 eb
179.91158 18.02444 0.40233 -0.37710 0.83422 e
180.11474 28.41574 -0.04904 0.05051 0.99752 eb
180.70386 38.22067 -0.15339 -0.02197 0.98792 e
180.85985 90.30002 0.24489 0.46034 0.85329 e
181.86191 40.34506 0.14204 -0.09861 0.98494 e
182.12389 16.33910 0.42887 -0.04411 0.90229 e
182.12482 23.67547 0.22059 -0.20767 0.95300 eb
182.26501 59.46938 -0.03842 0.01267 0.99918 e
182.87254 19.57048 0.19760 -0.09602 0.97557 e
183.17018 34.06044 0.01845 -0.24420 0.96955 eb
183.73404 32.88762 -0.31256 -0.12709 0.94136 e
184.24968 13.24870 -0.32090 -0.64253 0.69583 eb
184.34764 15.65606 0.01007 0.19293 0.98116 e
184.47116 34.42355 -0.02172 0.07544 0.99691 e
185.34383 9.98223 0.31480 0.39276 0.86408 x
188.42466 47.65556 0.07430 -0.01756 0.99708 e
188.84614 42.46428 0.04246 -0.30782 0.95050 eb
189.24654 14.26850 0.01902 -0.15272 0.98809 e
190.65817 9.46620 -0.06825 -0.14510 0.98706 e
190.92525 27.03063 -0.63962 -0.11150 0.76056 eb
191.61586 35.98993 0.24372 0.29347 0.92438 e
193.20485 69.97914 0.18464 0.06996 0.98031 eb
193.45732 19.73852 -0.10826 -0.04521 0.99309 eb
196.13177 17.76407 0.09183 -0.23722 0.96711 e
198.08281 42.60896 0.01776 0.02498 0.99953 e
198.77966 11.87331 0.07693 -0.24470 0.96654 x
199.25549 11.75030 -0.52792 0.13299 0.83882 e
200.32452 20.56779 0.06686 -0.04976 0.99652 e
201.08385 19.52183 -0.13694 0.32064 0.93725 eb
201.69163 26.85465 0.44248 0.55768 0.70228 x
201.71029 15.02148 0.25992 0.03319 0.96506 e
201.80653 14.96482 0.07046 -0.03534 0.99689 e
202.46179 22.20961 0.03084 -0.03659 0.99885 e
203.45285 11.57469 0.02345 0.30317 0.95265 eb
203.95951 16.60316 0.05656 -0.05346 0.99697 eb
204.24899 20.00432 -0.21806 0.07535 0.97302 eb
204.31241 25.03158 -0.04728 -0.08892 0.99492 e
204.34297 25.65519 -0.34132 0.00550 0.93993 xb
204.43927 11.12923 -0.13093 -0.43061 0.89299 eb
204.72412 25.45526 -0.22051 0.36525 0.90442 eb
205.28035 56.72766 -0.02884 -0.14917 0.98839 e
205.61624 18.82551 0.64691 0.55757 0.52022 eb
206.69848 17.83391 0.17668 0.00908 0.98423 xb
207.19661 6.06283 0.29079 -0.01482 0.95667 e
207.74315 15.30231 0.03748 -0.17702 0.98349 e
207.87979 23.31460 0.12241 0.13860 0.98275 e
208.48871 22.67981 0.06977 -0.08021 0.99433 x
209.44807 27.53019 0.15148 0.10954 0.98237 eb
210.16785 30.53439 0.11509 -0.05327 0.99193 e
210.35056 6.34852 0.06131 -0.32150 0.94492 eb
210.60215 7.29027 0.50371 0.02667 0.86346 eb
210.67546 16.26149 -0.05526 -0.30305 0.95137 eb
210.94577 27.68886 0.00882 -0.03027 0.99950 e
212.11322 12.64219 0.03390 0.14028 0.98953 xb
212.35810 59.77027 -0.09361 -0.18667 0.97795 eb
213.73448 38.60896 0.01839 0.14649 0.98904 e
214.13593 16.46116 -0.25185 0.10224 0.96235 e
216.10349 25.55747 -0.05772 0.15182 0.98672 e
216.48103 36.85633 -0.28418 0.06013 0.95688 e
217.43091 18.18691 -0.34091 0.54494 0.76604 xb
217.47108 7.78262 -0.03168 0.30809 0.95083 xb
218.78361 21.98503 -0.06165 -0.14885 0.98694 x
218.86444 21.13547 -0.34369 -0.22343 0.91212 eb
219.28243 21.93493 0.04165 0.26764 0.96262 e
220.01900 11.48898 -0.52617 -0.11945 0.84195 xb
221.00830 41.42780 -0.17160 -0.33422 0.92674 eb
221.01576 16.20953 0.06061 0.11912 0.99103 e
221.37433 14.07826 -0.00024 -0.07484 0.99720 e
222.26606 17.68142 0.21042 -0.23583 0.94874 eb
223.63871 21.05004 -0.08111 -0.27730 0.95735 eb
224.25945 21.78412 -0.02106 -0.05095 0.99848 e
226.35564 8.50682 0.25903 0.53050 0.80714 e
227.44018 28.63951 0.15479 0.52273 0.83833 xb
227.59023 11.13038 -0.25678 0.13388 0.95715 e
227.67025 32.25956 0.48873 0.20703 0.84751 e
227.96987 26.44882 -0.18752 0.09856 0.97730 eb
228.08467 17.50513 -0.48331 -0.05110 0.87396 e
228.11421 24.37645 -0.27290 -0.13328 0.95277 eb
228.22007 12.56895 0.20862 0.03029 0.97753 eb
228.58809 29.85403 -0.16537 -0.10411 0.98072 e
228.67411 19.15629 0.13772 -0.02192 0.99023 xb
228.88670 7.28653 0.33534 -0.04844 0.94085 e
229.89739 28.96276 -0.09331 -0.00272 0.99563 e
230.63217 10.75433 0.31121 -0.43739 0.84371 e
230.66953 32.21918 0.25258 -0.01492 0.96746 eb
232.34669 48.81112 0.10741 0.06465 0.99211 e
233.27990 28.70806 0.13317 -0.09019 0.98698 x
233.72383 33.04482 0.06324 0.06391 0.99595 e
237.84034 12.21636 0.51359 0.23903 0.82407 eb
238.15714 42.26009 -0.03919 0.12593 0.99126 e
238.56225 20.63206 -0.53057 0.30664 0.79023 xb
239.55936 11.45946 0.02947 -0.17140 0.98476 eb
239.58534 21.16807 -0.12884 0.10296 0.98631 e
241.18700 22.78617 0.31630 0.12784 0.94001 e
241.79890 11.46286 0.43585 0.11816 0.89223 eb
242.15061 8.41634 0.57846 0.05376 0.81393 eb
242.18984 35.95988 0.46132 -0.18176 0.86842 eb
244.20757 28.55845 -0.21957 0.01000 0.97554 eb
244.58368 11.61313 0.09686 0.86047 0.50020 eb
244.72121 9.35597 -0.48457 -0.07275 0.87172 eb
244.93461 26.70648 -0.39902 -0.04714 0.91573 e
245.17002 31.64271 0.20014 -0.29464 0.93442 eb
245.22637 11.16550 -0.38101 -0.37769 0.84391 eb
245.41651 17.05074 0.22077 0.26762 0.93789 e
245.71741 23.71866 -0.00377 -0.19993 0.97980 xb
246.43198 5.55019 0.18881 0.10260 0.97664 x
247.45142 7.81573 0.63172 -0.05050 0.77355 e
248.64864 12.42992 0.17541 0.09598 0.97981 e
249.42774 29.27129 0.05333 -0.00680 0.99855 e
250.16295 16.84016 0.29094 0.38773 0.87466 eb
252.24580 22.45224 -0.04533 -0.01147 0.99891 e
252.28122 9.21580 -0.03443 0.40494 0.91369 eb
253.04509 20.75256 0.31493 0.02420 0.94881 eb
253.71310 20.59951 0.10049 0.14075 0.98493 xb
253.81249 36.04288 0.06110 -0.06653 0.99591 e
253.83823 25.35267 0.60162 0.12956 0.78821 eb
254.86835 18.81555 0.43686 0.00255 0.89952 eb
255.30075 43.74649 0.02757 -0.12708 0.99151 e
255.51064 21.60435 0.43518 -0.16038 0.88594 eb
255.99759 10.95477 0.14374 0.20876 0.96735 e
256.80322 94.95171 -0.09007 -0.18663 0.97829 e
257.02900 11.38452 0.23444 0.40212 0.88506 e
257.70511 30.81109 -0.02939 0.09134 0.99539 eb
258.01915 47.00465 0.14329 -0.14178 0.97947 e
258.28942 39.92560 -0.05163 -0.48634 0.87224 xb
258.53918 6.36305 0.54373 -0.36524 0.75562 e
258.61718 10.44310 0.27387 0.24361 0.93040 e
261.72838 60.52068 -0.11175 -0.18206 0.97692 eb
261.77520 28.86740 -0.18451 -0.25453 0.94930 eb
262.04634 9.04775 0.24147 -0.19661 0.95028 e
262.47713 27.38573 -0.01040 -0.15903 0.98722 e
263.11115 50.65036 -0.07381 0.16976 0.98272 eb
263.35033 25.09118 -0.11610 -0.30962 0.94375 e
265.12091 23.86048 0.09677 0.25056 0.96325 eb
265.35946 33.72708 -0.02899 0.15507 0.98748 e
266.43361 13.93848 -0.22337 0.01740 0.97458 xb
266.94683 21.90741 -0.46912 -0.25048 0.84687 eb
267.59720 17.92024 0.07380 0.12418 0.98951 xb
270.32310 23.30403 0.20578 0.01244 0.97852 eb
270.62371 36.21488 0.18778 -0.23777 0.95300 e
271.44460 40.30781 0.05866 -0.17827 0.98223 e
271.91266 52.45366 0.00759 -0.01652 0.99983 e
272.39071 26.55568 -0.01486 0.08111 0.99659 e
273.07470 11.57590 -0.09490 0.05954 0.99370 x
273.30225 31.47413 0.26851 0.61995 0.73727 eb
274.35350 3.87437 0.16832 -0.73627 0.65542 e
275.31107 8.62340 -0.11186 -0.26884 0.95667 e
276.19971 35.32794 0.35755 0.14529 0.92252 eb
277.11953 22.30550 -0.03593 0.02181 0.99912 x
277.14098 11.06472 0.17099 -0.08796 0.98134 eb
277.96527 21.31145 -0.00573 -0.18164 0.98335 e
279.02737 18.10488 -0.06573 0.27792 0.95835 eb
279.24432 18.80738 -0.02507 -0.18723 0.98200 eb
281.34278 15.62478 0.16963 0.15220 0.97368 e
282.59758 19.18346 0.50680 -0.21743 0.83419 eb
283.72429 10.45388 0.10334 -0.49002 0.86556 e
284.62704 11.06471 0.23298 -0.04251 0.97155 xb
284.76391 22.08870 -0.22171 -0.10902 0.96900 eb
285.21576 40.76055 0.06954 0.10224 0.99233 eb
285.65659 27.15463 -0.00243 -0.14956 0.98875 eb
285.69170 11.91495 -0.18738 -0.28754 0.93926 eb
286.38997 26.54028 0.07581 0.12224 0.98960 x
286.87116 11.39179 0.66028 0.38971 0.64199 e
288.06611 12.83008 0.06551 -0.35512 0.93252 eb
290.18924 19.33512 -0.01403 0.01226 0.99983 eb
290.34364 15.74350 0.07997 0.01312 0.99671 x
290.55270 45.97308 -0.12250 -0.88185 0.45534 eb
290.95007 14.96490 -0.36513 -0.14794 0.91913 eb
292.77378 9.49008 0.15924 -0.20829 0.96502 e
292.85891 17.45222 -0.24377 0.13298 0.96067 e
292.90760 22.91922 -0.42379 0.21886 0.87892 eb
293.10300 37.56412 0.00277 0.35390 0.93528 e
293.15354 31.13493 -0.17549 0.30216 0.93696 eb
293.49843 8.10924 -0.07713 -0.67311 0.73551 eb
293.87805 12.72048 -0.33646 0.52839 0.77949 eb
294.21840 9.47282 0.15392 0.37611 0.91370 e
295.04386 37.91779 -0.65151 -0.20696 0.72986 e
295.36300 7.64006 -0.23202 -0.58540 0.77683 e
297.14245 17.06609 -0.37943 -0.08068 0.92169 e
297.81333 19.22973 0.28764 0.82170 0.49201 eb
298.39312 12.05057 0.14064 -0.26044 0.95519 e
298.90620 6.06961 0.76665 0.37410 0.52182 eb
299.10602 5.44131 -0.15340 -0.16456 0.97437 e
301.04250 8.19126 -0.53042 0.02666 0.84731 e
304.34777 21.49766 0.35980 0.07990 0.92960 eb
305.21723 22.13207 0.33518 -0.13571 0.93233 x
307.46116 36.06739 -0.12424 0.00500 0.99224 x
309.02407 22.04547 0.23706 -0.46986 0.85031 eb
309.25129 20.76164 -0.21589 0.32746 0.91987 e
309.48441 32.50976 0.01664 0.10791 0.99402 eb
309.51605 4.25545 0.02488 -0.33501 0.94189 e
309.83412 11.02113 -0.47682 -0.37035 0.79717 e
311.21482 22.23507 -0.01041 0.51022 0.85998 eb
311.73799 36.92006 -0.14332 0.11845 0.98256 eb
312.02065 5.78934 -0.03378 -0.74635 0.66470 eb
312.54350 20.05790 0.16538 0.07751 0.98318 e
313.41824 33.46650 -0.53637 0.18245 0.82402 e
314.36263 33.38710 0.40011 0.25988 0.87885 e
315.34586 20.06958 -0.10431 -0.08915 0.99054 e
315.38538 3.03116 -0.07595 0.06001 0.99530 e
315.88320 35.86780 0.19445 0.11558 0.97408 e
316.88822 40.48792 0.05532 0.32665 0.94352 e
316.96493 16.32122 -0.12172 -0.34613 0.93026 eb
317.39497 38.99796 -0.00832 0.03938 0.99919 e
317.97480 11.78314 -0.02896 -0.15816 0.98699 e
318.38811 24.01447 0.72892 -0.03771 0.68356 eb
318.97141 17.53113 0.08531 0.27166 0.95861 eb
321.01741 30.12376 0.12706 0.06191 0.98996 e
321.24313 12.69734 -0.77845 -0.08977 0.62126 e
322.09963 43.76960 -0.03496 0.43005 0.90213 e
322.48427 12.40120 0.28710 0.04986 0.95660 eb
323.89340 25.76013 0.09509 0.01160 0.99540 e
324.65934 57.31763 -0.03374 0.04540 0.99840 e
324.95447 7.50556 -0.29786 0.01008 0.95456 e
325.08742 22.61179 -0.17291 0.19216 0.96601 x
325.71705 11.97549 -0.31043 0.04801 0.94938 e
327.46453 38.91545 0.13125 0.13467 0.98216 eb
327.60104 13.46135 -0.18022 -0.03162 0.98312 e
327.79102 8.55413 -0.30286 0.08103 0.94958 e
328.53896 29.80919 0.38517 -0.12236 0.91470 eb
328.88654 16.24555 -0.02782 0.16934 0.98517 eb
329.46333 6.91623 -0.30479 -0.77144 0.55855 xb
331.29069 11.73675 -0.00048 0.07124 0.99746 eb
331.74522 15.42588 0.15764 -0.06103 0.98561 eb
331.75415 59.79903 0.10377 0.17847 0.97846 x
332.67500 16.12000 0.29337 0.21536 0.93143 eb
333.89735 20.55473 0.13891 -0.17921 0.97396 e
333.96863 9.86989 0.49001 -0.05617 0.86991 eb
334.37390 34.37913 0.11908 0.20211 0.97210 eb
336.16740 11.10144 -0.06953 0.28546 0.95587 eb
336.25936 16.62580 0.26682 -0.07307 0.96097 e
336.46986 15.08936 -0.30224 -0.53426 0.78944 eb
336.77372 13.22749 0.22984 0.23168 0.94525 e
338.83034 29.99866 -0.45508 -0.04941 0.88908 eb
338.94559 13.77151 -0.06463 -0.39650 0.91575 e
339.13133 17.45221 0.35517 -0.26364 0.89686 e
339.86082 21.78515 0.06272 0.21091 0.97549 eb
340.28359 63.09314 0.05460 -0.01515 0.99839 e
341.33875 21.94921 0.83223 0.15214 0.53315 e
341.46258 37.48808 0.07368 0.01548 0.99716 eb
341.65545 17.85650 -0.33949 0.28101 0.89765 x
341.96702 19.90027 0.11166 0.07351 0.99102 e
342.16152 5.55336 0.16689 0.28125 0.94501 e
343.35897 40.07432 0.25028 -0.22413 0.94187 x
344.62893 35.72382 -0.04184 0.03369 0.99856 eb
345.47228 15.26816 -0.12079 0.04359 0.99172 e
345.65008 8.60786 0.06897 0.22010 0.97304 e
348.42498 23.29556 -0.10766 -0.17624 0.97844 eb
348.87336 15.22655 -0.43375 0.10453 0.89495 e
349.02218 24.78575 -0.14860 0.76134 0.63110 eb
350.25669 37.50988 -0.04133 0.16510 0.98541 e
351.86983 15.97008 0.26113 -0.56353 0.78374 eb
351.88739 9.14150 0.38413 0.02497 0.92294 e
352.03453 44.57678 0.12319 -0.11643 0.98553 x
353.60648 11.81502 -0.18837 -0.16115 0.96879 e
355.35842 6.95042 0.13639 0.38553 0.91256 e
356.29767 21.98324 0.20894 0.40367 0.89073 xb
357.05766 29.91241 -0.02602 0.19065 0.98131 e
358.91639 15.81841 0.11664 -0.10808 0.98728 e
360.94763 19.29161 0.59793 0.33835 0.72664 eb
361.02827 9.53296 0.19593 0.05451 0.97910 eb
361.41356 20.25166 -0.00706 0.41954 0.90771 e
362.09607 15.09345 -0.16016 -0.00752 0.98706 e
364.68387 19.11199 -0.10283 0.03801 0.99397 e
368.45782 25.22865 0.01528 -0.16704 0.98583 eb
368.75973 11.20817 -0.13628 -0.33784 0.93128 e
369.30945 10.50928 0.54717 0.25093 0.79852 e
370.45721 38.95488 0.10445 -0.18761 0.97668 eb
371.03181 23.80902 -0.30789 0.07071 0.94879 e
371.57958 32.58880 -0.12894 -0.22978 0.96466 x
372.40115 16.19922 -0.03055 -0.09775 0.99474 x
373.56689 8.04039 -0.43629 -0.19913 0.87749 e
373.94412 10.08298 0.27808 0.17415 0.94464 xb
376.31322 34.56836 0.10856 -0.14746 0.98309 eb
376.57469 9.69451 0.29682 -0.15938 0.94154 x
376.72078 14.67751 -0.40795 0.07674 0.90978 e
379.65566 31.55984 0.36286 -0.08404 0.92804 eb
382.75564 30.83317 0.12718 -0.23833 0.96282 eb
388.55195 4.17630 -0.39157 -0.57821 0.71578 x
389.33630 14.45677 -0.15425 -0.00513 0.98802 e
390.26771 21.31424 -0.25371 -0.04454 0.96626 eb
390.73412 18.73969 -0.07967 -0.16227 0.98353 eb
392.04525 19.41647 0.04187 0.16675 0.98511 e
392.70331 30.22132 -0.12614 -0.16410 0.97835 e
394.82835 10.49867 -0.42860 0.02136 0.90324 e
395.84894 3.65947 0.35569 0.13093 0.92539 e
396.02441 8.59580 0.25293 0.03183 0.96696 eb
397.36612 21.29294 0.30193 0.03068 0.95284 eb
398.27797 14.47863 -0.29765 0.27531 0.91412 e
398.63736 6.87641 0.41416 -0.12554 0.90151 e
399.22549 6.96412 0.08103 -0.32611 0.94185 eb
399.86808 7.65921 0.41332 0.44175 0.79625 eb
400.41059 18.16437 0.39982 0.62465 0.67079 e
401.76318 9.70276 0.36403 0.26706 0.89228 eb
402.12866 19.43449 0.25422 -0.32774 0.90992 x
403.19325 12.76478 0.07525 0.06596 0.99498 eb
403.36148 25.57936 0.03380 0.11450 0.99285 e
406.05863 13.37344 -0.03584 0.39051 0.91990 e
408.57059 8.38906 -0.38276 0.04589 0.92271 e
408.72266 19.23889 0.05723 -0.06818 0.99603 e
413.96881 16.41803 0.04400 -0.17093 0.98430 e
414.30152 49.43874 0.05848 -0.31700 0.94662 xb
416.41816 15.11430 0.13419 -0.08873 0.98697 e
416.54848 21.64945 0.31475 -0.13030 0.94019 e
416.63328 33.26604 0.23237 -0.16638 0.95829 e
419.58668 6.22398 0.09317 0.21640 0.97185 e
420.06892 14.23134 -0.16969 -0.23682 0.95662 eb
421.69455 20.51186 0.09874 -0.07969 0.99192 xb
422.31516 11.78244 0.10829 -0.02215 0.99387 e
425.07402 19.84813 -0.30188 0.41604 0.85777 eb
426.59185 17.67708 0.20605 0.29317 0.93359 eb
428.90584 8.15009 -0.64147 -0.22206 0.73430 e
429.42909 12.54060 0.20850 -0.04529 0.97697 e
431.69213 18.56200 0.27330 -0.18919 0.94314 e
437.35919 19.15695 -0.38056 0.05065 0.92337 e
441.58178 11.57676 -0.06634 -0.00592 0.99778 xb
441.82927 25.60453 -0.33454 0.09195 0.93788 e
442.89630 20.45401 -0.01539 0.10535 0.99432 eb
444.09710 17.36344 -0.08257 0.14538 0.98592 eb
444.99908 14.39831 -0.18576 -0.61857 0.76346 e
446.01877 12.36559 0.02800 0.18354 0.98261 e
451.84280 10.47361 0.11358 -0.08951 0.98949 x
453.04995 9.85280 0.52485 -0.11837 0.84292 e
456.79762 43.85642 0.00712 0.03595 0.99933 e
459.78347 9.06479 -0.21086 0.15313 0.96545 e
461.19889 4.75304 0.04734 -0.10373 0.99348 eb
462.98509 24.30393 -0.09529 0.00011 0.99545 x
464.26514 9.04650 0.41543 -0.02809 0.90919 eb
468.17956 6.67720 -0.04913 0.15474 0.98673 e
468.81717 14.53954 0.46265 -0.47820 0.74651 e
470.35746 18.94468 -0.05748 -0.01766 0.99819 e
471.21112 30.89370 0.06169 -0.04609 0.99703 e
471.45282 25.82281 0.06216 0.23802 0.96927 e
472.92574 6.35806 0.11371 0.81335 0.57055 eb
476.65280 18.02390 0.28503 0.28572 0.91494 eb
481.75881 24.07592 -0.48774 0.27088 0.82990 e
486.62212 5.70288 -0.21292 0.67614 0.70534 e
494.38104 24.61373 -0.05534 -0.15792 0.98590 e
494.73111 21.66316 -0.05359 -0.12236 0.99104 x
496.39981 22.52645 0.53520 0.46774 0.70341 eb
497.53409 21.25872 0.30675 0.40847 0.85969 e
500.29459 37.31914 0.12227 0.01982 0.99230 e
504.40742 9.35821 -0.02852 -0.30360 0.95237 eb
504.59364 9.31243 -0.00778 0.29730 0.95475 e
505.01856 20.52622 -0.19614 -0.01329 0.98049 e
505.33657 16.73258 -0.21171 0.12287 0.96958 x
505.48050 13.57695 -0.07546 0.27061 0.95973 eb
507.70245 15.65774 -0.17675 -0.20043 0.96363 e
510.63905 9.57206 -0.09737 -0.46343 0.88076 x
510.71921 18.10025 0.01347 0.25717 0.96627 e
512.18944 8.44774 -0.73861 0.09214 0.66781 xb
514.14267 24.87932 0.02464 0.19315 0.98086 eb
514.61064 18.13072 0.30603 -0.05243 0.95058 xb
515.21190 22.25400 0.11982 0.31176 0.94258 e
515.69811 15.44630 0.26564 0.70697 0.65547 eb
517.58270 19.34675 -0.11712 -0.26080 0.95826 x
518.82503 20.05334 -0.12412 0.23735 0.96346 e
519.03479 10.56709 0.10999 0.28581 0.95195 e
523.80041 26.52129 0.09593 0.00110 0.99539 e
527.34231 30.49626 0.11936 0.05747 0.99119 eb
529.24097 26.73870 -0.10870 -0.15909 0.98126 e
529.61712 24.23432 0.11254 -0.05687 0.99202 e
531.33676 17.24750 0.85228 0.01578 0.52285 e
534.77926 11.50857 -0.28620 0.15586 0.94541 e
536.62444 4.73275 0.20210 0.60999 0.76621 e
536.68844 16.37549 -0.04561 0.17325 0.98382 x
542.13792 3.43870 0.12867 -0.13214 0.98285 e
545.35096 22.11274 0.15908 0.00523 0.98725 e
549.74889 21.11743 0.46059 -0.00882 0.88757 e
549.90080 12.11261 -0.11226 -0.19179 0.97500 e
551.55171 3.90687 0.20616 0.11929 0.97122 e
553.20990 7.43597 -0.23414 -0.12778 0.96377 eb
554.01790 18.89424 -0.19785 0.09486 0.97563 eb
554.34507 23.44558 -0.40648 -0.32770 0.85287 eb
554.69504 12.58295 -0.28485 -0.73121 0.61983 e
556.33539 32.03465 0.17463 -0.23112 0.95713 e
558.67456 24.27025 0.09420 0.03590 0.99491 e
562.17425 7.16396 0.05562 -0.03292 0.99791 x
563.64923 8.74618 0.58687 0.26506 0.76507 eb
567.62127 15.73586 -0.24418 -0.14865 0.95827 xb
568.04021 8.84930 0.60133 -0.44771 0.66179 e
568.39462 13.68579 0.63244 -0.10748 0.76712 eb
568.61571 23.97362 -0.04279 -0.11162 0.99283 e
571.49900 14.91325 0.00520 0.27651 0.96100 e
573.18188 14.23754 0.42804 0.02444 0.90343 e
573.30995 14.22943 -0.31820 -0.13424 0.93847 e
573.97117 20.17894 0.02644 -0.10898 0.99369 e
577.53683 26.15527 -0.12154 -0.12970 0.98408 eb
579.29727 10.02036 -0.26008 -0.55789 0.78811 xb
579.84349 28.15951 0.03099 -0.11558 0.99281 e
581.71988 19.08632 0.06056 -0.06557 0.99601 e
581.87261 8.53900 0.05012 -0.09902 0.99382 e
587.30293 8.30019 -0.11856 -0.06112 0.99106 xb
588.72008 19.36611 -0.10034 -0.15701 0.98249 e
591.27651 18.26167 -0.43038 0.13446 0.89258 e
594.92172 11.10963 -0.43677 0.59628 0.67357 e
595.58168 15.69557 0.00733 -0.14645 0.98919 e
596.52970 18.91166 0.00634 -0.14442 0.98950 e
597.05286 4.17108 -0.18847 0.20892 0.95960 e
598.01787 14.09856 0.47584 0.17691 0.86155 eb
601.13700 18.32721 -0.06718 -0.08700 0.99394 e
601.36694 5.50240 -0.29168 0.54488 0.78615 x
602.03089 11.23594 -0.06145 0.03077 0.99764 xb
608.24980 4.31362 0.34403 -0.26469 0.90088 e
608.52238 22.37235 -0.35376 -0.29287 0.88830 eb
611.52477 9.58221 0.23669 -0.01780 0.97142 eb
612.03428 28.06995 -0.19203 -0.21873 0.95670 x
616.77200 12.04495 0.17885 0.35958 0.91582 x
620.84810 16.22667 0.54612 -0.11856 0.82927 eb
621.17171 13.07827 0.16033 0.26035 0.95211 eb
627.90771 9.06979 -0.32749 0.27516 0.90390 e
628.17477 7.57587 0.01759 -0.14194 0.98972 xb
632.74171 8.86258 0.14445 0.32487 0.93466 eb
632.92770 23.05843 -0.24776 0.09163 0.96448 e
635.39078 34.83642 -0.23236 -0.31032 0.92180 e
636.58283 9.05711 0.33278 0.03165 0.94247 e
638.18655 10.25081 0.66942 0.06387 0.74013 e
638.72685 11.50023 0.19149 -0.18992 0.96294 eb
639.08535 13.64321 0.28793 -0.10249 0.95215 xb
642.69987 22.52480 -0.23775 0.20582 0.94927 e
644.41157 6.31485 0.52319 0.09763 0.84661 xb
664.24708 16.49858 -0.58616 -0.26425 0.76589 eb
674.31619 8.88543 -0.26721 0.33872 0.90214 e
675.58892 9.23305 0.06287 0.01757 0.99787 e
676.96967 19.76112 0.72335 -0.42986 0.54036 e
682.14760 7.30143 -0.62932 -0.24059 0.73897 eb
689.94719 18.30236 -0.02426 0.41463 0.90967 eb
690.02185 13.81199 -0.00641 0.15424 0.98801 e
693.48228 8.75450 -0.18452 -0.04098 0.98197 e
695.45642 19.73514 0.05313 -0.05441 0.99710 e
696.88080 13.24212 -0.17161 0.44754 0.87764 xb
697.56618 29.35121 0.13852 -0.06205 0.98841 e
699.88454 6.41212 -0.13160 -0.11705 0.98437 e
702.39417 14.06468 -0.15928 0.16331 0.97363 e
709.76154 3.30082 0.00805 0.61315 0.78992 e
710.90305 4.00319 0.09327 0.20560 0.97418 x
711.21553 13.13634 -0.36323 0.09979 0.92634 e
718.75166 16.14304 -0.34525 -0.05217 0.93706 e
720.00294 15.68034 0.01254 0.58874 0.80822 e
720.75773 9.21314 -0.49569 0.21742 0.84084 x
724.07470 8.16702 0.16893 -0.07026 0.98312 e
726.29495 10.79424 0.43825 -0.25409 0.86219 e
726.83550 7.07482 0.34927 0.36515 0.86295 eb
733.40542 15.26742 0.34337 0.62663 0.69960 e
736.03196 16.87889 -0.48824 0.19788 0.84998 eb
740.73719 19.53505 -0.09562 -0.00457 0.99541 e
752.10270 5.65846 -0.41148 0.26380 0.87240 e
756.42593 21.41578 0.21539 -0.06148 0.97459 x
757.43636 31.31413 -0.00049 -0.18524 0.98269 e
763.11887 7.13785 0.28386 -0.37050 0.88439 e
773.41725 27.23807 0.15781 -0.06953 0.98502 e
776.75914 28.28293 0.25690 -0.24279 0.93544 e
777.57012 16.68915 0.08317 -0.07067 0.99403 xb
779.35162 16.78784 0.09972 0.22313 0.96967 e
781.64285 16.10715 0.15577 0.04478 0.98678 e
782.30461 4.98618 -0.48042 -0.25526 0.83907 eb
786.44319 6.71119 0.54024 -0.34724 0.76653 eb
786.62057 27.89770 -0.40705 0.14014 0.90259 e
788.98514 14.97323 0.07849 -0.07288 0.99425 e
791.34892 27.10976 0.20087 0.26562 0.94292 e
792.72213 10.99176 0.60634 0.02160 0.79491 x
797.95446 23.26949 0.09791 0.08071 0.99192 e
798.03212 24.28283 0.01934 0.11469 0.99321 e
801.40796 33.68827 0.05243 -0.20833 0.97665 xb
808.90430 19.28942 -0.04394 0.02533 0.99871 e
813.57126 10.95807 -0.82114 0.00735 0.57068 e
817.73828 27.85121 -0.30924 -0.13094 0.94193 e
818.03520 34.45645 0.15445 -0.06748 0.98569 xb
818.23179 27.02035 -0.01943 0.02943 0.99938 e
820.76031 12.31906 0.07788 0.18898 0.97889 e
835.16671 14.70747 0.58397 -0.18291 0.79090 eb
841.87605 36.54572 0.37343 0.04863 0.92638 e
844.64446 13.64949 -0.54186 -0.28679 0.79002 e
847.26349 18.04760 0.01258 0.16561 0.98611 eb
847.31685 16.02386 0.59995 -0.16732 0.78234 xb
852.69297 16.94779 0.29457 -0.11679 0.94847 e
859.60690 8.87071 -0.06194 -0.05017 0.99682 e
860.28302 6.31083 0.27141 -0.10393 0.95684 e
865.67768 13.58896 0.07637 0.10341 0.99170 xb
867.28411 27.83133 0.32556 -0.14545 0.93427 eb
867.65310 32.70479 -0.00466 0.14379 0.98960 eb
870.98558 9.24701 -0.01678 -0.08091 0.99658 e
873.60223 33.53300 0.15279 -0.26576 0.95185 e
877.32610 21.24222 -0.01233 -0.31492 0.94904 xb
884.77384 19.25137 0.23656 -0.05841 0.96986 eb
887.59460 16.47564 0.25479 0.06538 0.96478 e
889.84191 10.36450 -0.11527 0.55364 0.82474 e
892.16179 18.27132 -0.21075 0.09473 0.97294 e
899.12353 16.29082 -0.10940 0.09056 0.98986 e
902.61532 17.20837 -0.24008 0.33600 0.91075 e
914.27671 13.83072 0.55891 0.11355 0.82142 e
915.50625 12.13524 -0.12111 0.07732 0.98962 e
915.91373 4.25283 0.02063 0.05054 0.99851 e
920.22609 30.23732 0.19634 -0.40581 0.89262 xb
920.70906 29.09726 0.67676 -0.34562 0.65003 eb
923.19475 23.90715 -0.40443 -0.40978 0.81763 eb
928.20591 25.16914 -0.10685 0.10490 0.98873 e
928.32193 39.79947 0.14307 -0.09710 0.98494 eb
929.22335 11.88046 -0.06956 -0.21485 0.97417 e
931.05841 8.30517 -0.16291 -0.01198 0.98657 e
933.20457 27.61820 0.13542 -0.00868 0.99075 eb
937.40348 21.21865 -0.05285 -0.03071 0.99813 eb
938.81507 11.34831 0.35129 -0.15060 0.92408 e
941.09906 20.83621 -0.00334 -0.09758 0.99522 e
943.49603 13.94369 0.03488 0.32435 0.94530 eb
947.31937 24.41752 -0.02797 -0.04500 0.99860 e
951.13618 12.21674 0.15289 -0.33012 0.93148 e
951.92631 22.44375 -0.14859 0.18531 0.97138 e
959.23876 34.92903 -0.04546 -0.03357 0.99840 e
959.83027 7.72674 0.70050 -0.28075 0.65610 eb
960.23861 14.68396 -0.10266 -0.30510 0.94677 e
960.83780 22.14837 -0.31242 0.10857 0.94372 e
961.67788 31.52338 0.48972 0.35466 0.79649 e
970.21962 10.80327 0.14050 -0.58098 0.80170 e
972.91808 15.22110 -0.24521 0.11774 0.96229 e
981.95758 19.12871 0.11218 0.06847 0.99133 e
982.72129 21.33924 0.06269 0.25846 0.96399 e
983.18312 17.17255 0.16914 0.17518 0.96990 e
990.70318 36.81028 -0.01446 -0.12203 0.99242 x
992.67695 25.05743 0.43473 -0.11314 0.89342 e
995.13451 16.67663 -0.06016 -0.84776 0.52696 xb
995.70455 18.91970 0.11514 -0.04151 0.99248 xb
1001.12842 15.50070 0.12861 0.12517 0.98376 e
1002.35858 14.28733 0.03052 0.43574 0.89955 e
1002.52920 16.90502 0.28239 0.13442 0.94984 e
1007.54930 21.36019 -0.29218 0.22665 0.92912 e
1009.77574 22.22025 0.07874 0.25295 0.96427 eb
1013.59011 59.83037 -0.04508 0.05729 0.99734 eb
1013.70038 13.87391 0.49642 -0.00778 0.86805 eb
1014.35658 16.25588 0.21692 0.26608 0.93923 e
1015.20051 25.97309 -0.19643 -0.34380 0.91827 eb
1016.11524 9.52002 -0.10022 0.00233 0.99496 e
1016.31839 12.62636 0.26934 -0.49064 0.82869 eb
1016.54964 17.19216 -0.46469 0.13859 0.87456 eb
1016.71083 31.93538 0.23726 -0.10170 0.96611 xb
1017.60797 15.64893 -0.35076 -0.37827 0.85667 eb
1019.14782 21.20073 -0.00115 0.18205 0.98329 e
1022.70832 14.83202 -0.00845 0.16598 0.98609 e
1023.97720 37.25171 0.01510 -0.07506 0.99706 e
1032.65150 21.90043 -0.05998 0.08505 0.99457 e
1034.98610 14.12249 0.47001 -0.42595 0.77308 e
1037.78123 13.09555 0.69962 0.20408 0.68475 e
1041.44997 7.57153 0.05194 -0.21096 0.97611 eb
1048.51368 14.72864 0.07498 -0.05387 0.99573 e
1049.85143 29.51893 0.16729 -0.12683 0.97772 x
1057.68816 4.37604 0.42906 -0.31070 0.84816 e
1062.79409 35.48426 0.31799 0.25576 0.91294 x
1070.12468 13.46457 -0.47003 0.10116 0.87683 e
1071.64980 10.64535 0.41435 -0.13792 0.89961 e
1076.67743 17.07879 -0.15228 -0.29547 0.94314 e
1085.98833 5.73043 0.07591 0.02844 0.99671 xb
1095.59212 15.70891 0.11998 -0.17908 0.97649 eb
1096.47506 19.18548 -0.13335 0.03742 0.99036 e
1100.78113 14.75570 -0.03412 -0.02160 0.99918 e
1110.88118 17.74629 -0.06613 0.15141 0.98626 e
1112.90044 21.05715 0.22197 -0.02046 0.97484 e
1116.09343 8.03009 0.51507 0.32458 0.79332 x
1116.34588 13.32596 0.18762 -0.16628 0.96807 e
1121.97977 22.78068 -0.28257 0.21619 0.93457 x
1124.07364 18.76621 -0.11250 0.01879 0.99347 e
1124.58565 14.02672 0.47946 -0.46771 0.74254 eb
1129.62481 16.76973 -0.08337 0.21577 0.97288 e
1130.79636 7.54426 0.20107 0.37270 0.90590 x
1133.27803 25.00499 -0.04383 0.02969 0.99860 e
1133.43510 21.71190 0.19782 -0.03126 0.97974 e
1139.59151 20.94196 0.19651 0.04533 0.97945 e
1140.34124 11.31296 0.12604 0.25416 0.95891 e
1140.99892 22.11053 0.02973 0.58545 0.81017 eb
1141.85568 15.11191 0.16785 -0.73928 0.65214 e
1143.88187 7.70683 -0.19140 0.19383 0.96218 e
1145.22393 22.53182 -0.26256 0.12120 0.95727 e
1145.90880 20.53419 -0.25081 0.01797 0.96787 e
1151.66602 21.41538 0.06793 0.33190 0.94086 e
1153.97875 14.93934 0.26048 -0.47366 0.84131 e
1167.81548 5.29482 0.71979 -0.17509 0.67175 e
1174.05582 16.50549 -0.25444 -0.08976 0.96291 eb
1176.78480 11.45220 0.32853 0.15199 0.93218 eb
1189.22289 9.28586 -0.07448 -0.14068 0.98725 e
1194.68446 34.19683 -0.20775 0.39018 0.89699 e
1202.15641 14.61214 0.02495 -0.09574 0.99509 e
1209.76323 14.27348 -0.28640 -0.26375 0.92109 x
1210.13913 14.89947 0.27703 0.61860 0.73525 eb
1214.39087 21.86982 0.02930 0.00521 0.99956 e
1215.01635 6.59298 0.05552 -0.43379 0.89930 x
1216.48832 24.33420 0.33865 -0.21319 0.91644 e
1236.41029 14.12211 -0.13652 0.03385 0.99006 e
1236.74464 6.93962 0.00212 0.38996 0.92083 e
1249.57330 12.23644 -0.24910 0.26450 0.93166 e
1250.89384 21.20925 0.10184 -0.17490 0.97931 e
1256.74501 16.60071 -0.88170 0.01678 0.47151 x
1257.27885 22.80213 -0.03246 -0.27045 0.96219 x
1262.03087 18.63295 -0.50587 -0.36629 0.78097 e
1268.95288 14.57107 -0.60496 0.01129 0.79617 xb
1270.71016 5.92630 -0.15949 0.16356 0.97356 e
1271.03846 17.73850 -0.28805 0.02729 0.95723 e
1271.60120 14.64304 -0.25474 -0.12723 0.95860 e
1280.84965 13.40546 -0.39821 -0.33646 0.85336 x
1282.43696 7.96940 -0.22087 -0.79075 0.57091 eb
1286.20216 13.08763 0.62879 -0.10692 0.77019 eb
1289.07413 10.87874 0.12996 -0.20796 0.96946 e
1291.89978 4.79026 -0.33700 0.00268 0.94150 e
1298.27255 16.27508 -0.39646 -0.02307 0.91776 eb
1300.83049 9.93199 0.01729 0.70222 0.71175 e
1301.21745 10.68688 0.18044 0.12268 0.97591 e
1304.23495 11.92577 -0.11741 -0.71058 0.69375 e
1311.19858 17.91439 -0.13080 -0.11726 0.98445 eb
1319.99656 24.15257 -0.12225 0.11370 0.98596 e
1333.01214 21.29525 -0.08153 0.13993 0.98680 e
1341.29661 22.41861 -0.11258 0.07225 0.99101 e
1341.81394 30.72864 0.52092 0.09592 0.84820 e
1346.41540 15.87801 -0.11471 -0.19145 0.97478 e
1349.73515 3.99237 0.25355 0.38514 0.88734 e
1350.78291 19.70459 -0.37704 0.00906 0.92615 e
1354.65249 7.97307 -0.05624 -0.03032 0.99796 e
1359.40058 30.19491 0.07586 0.07402 0.99437 e
1361.03455 10.34829 -0.32030 -0.03108 0.94681 eb
1361.82031 4.77555 -0.03232 0.16374 0.98597 e
1366.77497 17.14973 0.06786 -0.03699 0.99701 e
1368.80169 15.79750 0.30923 0.42228 0.85209 eb
1386.22015 13.63273 0.22952 -0.36197 0.90349 eb
1397.25741 12.05053 0.06413 -0.51392 0.85544 eb
1420.91379 10.84928 -0.05274 -0.36244 0.93051 xb
1438.32535 17.98805 -0.17005 0.07946 0.98223 e
1438.59685 41.93252 -0.33381 -0.39116 0.85765 e
1447.26116 9.48245 -0.36450 0.76395 0.53246 x
1448.35976 21.46389 -0.50645 -0.05363 0.86060 x
1448.97018 7.49964 -0.61794 -0.21063 0.75749 eb
1449.23965 9.66617 -0.54261 -0.60000 0.58785 e
1454.19707 10.25019 0.32512 0.00448 0.94566 x
1454.70021 25.04913 0.07315 -0.01573 0.99720 e
1456.36021 11.66095 -0.00226 0.32296 0.94641 x
1461.24179 10.00375 -0.17898 0.17166 0.96876 eb
1465.35354 3.99907 0.15094 0.31584 0.93673 e
1468.09622 30.90666 -0.23674 0.26752 0.93402 e
1469.61574 9.17855 -0.04442 0.47359 0.87962 xb
1472.67184 21.95843 0.02272 -0.03511 0.99913 e
1475.75561 11.29964 -0.29150 -0.14580 0.94540 eb
1481.45027 11.17050 -0.10542 -0.01095 0.99437 e
1485.26554 16.81621 0.63815 -0.13133 0.75863 e
1501.86115 16.31325 0.21496 0.01619 0.97649 e
1501.99049 31.87462 -0.09629 0.06852 0.99299 e
1504.16997 20.34325 -0.11327 -0.13936 0.98374 e
1506.32284 10.01698 0.39816 0.05705 0.91554 e
1507.29577 8.92038 0.17107 -0.45803 0.87232 eb
1517.25269 9.29068 -0.37059 0.57984 0.72557 x
1522.53217 9.50628 0.28933 -0.10976 0.95091 e
1528.45298 18.81318 0.10811 0.27019 0.95672 e
1528.67056 18.68082 0.15465 -0.02418 0.98767 x
1529.21929 8.86887 0.07376 -0.04586 0.99622 e
1534.73479 5.55915 -0.13916 0.39281 0.90903 x
1543.46670 12.00968 0.07180 -0.01187 0.99735 e
1544.36762 20.68168 0.53974 0.09591 0.83635 eb
1546.52648 16.68740 -0.42142 -0.48193 0.76821 xb
1548.28846 20.01521 0.00772 0.07034 0.99749 e
1558.85753 17.00763 0.16735 -0.05669 0.98427 e
1562.24049 23.75304 -0.23334 0.23378 0.94387 e
1570.60999 11.98048 -0.00122 -0.55455 0.83215 eb
1571.60340 9.16227 0.12958 -0.76452 0.63145 xb
1580.38130 13.61887 0.05214 0.22859 0.97213 e
1580.39187 35.50552 0.16676 -0.08101 0.98266 e
1583.07262 9.56877 -0.37056 -0.46752 0.80256 xb
1583.27762 14.72655 0.46084 -0.20417 0.86368 e
1585.10786 8.85683 0.26000 0.31898 0.91140 eb
1585.38716 17.99332 0.03205 0.03604 0.99884 xb
1587.03857 6.55380 0.22647 0.12021 0.96657 eb
1589.60421 5.18442 -0.21382 -0.18019 0.96011 x
1592.39442 11.12931 0.27097 -0.20723 0.94001 e
1596.81765 23.86928 0.07169 -0.06944 0.99501 eb
1604.19399 25.52932 0.14465 -0.45008 0.88119 eb
1605.85555 22.05373 0.11613 -0.24623 0.96223 eb
1611.15292 8.59455 0.04065 -0.53864 0.84155 eb
1612.13450 2.26682 -0.13697 -0.71811 0.68232 eb
1620.22414 14.98048 0.29990 -0.26429 0.91663 e
1622.87971 17.77653 0.53987 -0.15621 0.82713 eb
1623.34380 3.56486 -0.63919 -0.11739 0.76004 e
1625.16718 18.00607 -0.20505 0.11625 0.97182 eb
1627.73290 9.55298 0.01677 0.05580 0.99830 e
1629.78272 7.04321 -0.44820 0.05457 0.89227 e
1630.91510 6.73533 0.37132 -0.41163 0.83228 e
1630.99108 15.99613 -0.45611 -0.69070 0.56116 eb
1648.63052 11.33944 0.04405 -0.49292 0.86896 eb
1659.12626 9.88401 -0.17296 0.20219 0.96395 e
1662.48183 21.75320 0.19547 0.07009 0.97820 e
1663.72872 12.34881 0.33480 -0.05953 0.94041 e
1664.93037 22.29858 -0.18454 0.14492 0.97208 e
1667.07478 15.76748 -0.12079 0.30876 0.94344 eb
1671.97332 12.34182 0.15212 0.61247 0.77572 eb
1675.45819 16.76124 0.29851 -0.04018 0.95356 eb
1676.72740 3.82475 0.79309 -0.03906 0.60785 eb
1686.41951 11.66052 0.00157 0.47363 0.88072 eb
1692.00801 16.61785 0.05352 -0.20025 0.97828 x
1700.32314 18.60936 -0.31387 0.64118 0.70027 e
1700.63690 12.85164 0.11856 0.39044 0.91296 eb
1707.95475 15.23970 -0.12971 0.07682 0.98857 e
1717.87384 9.67453 -0.27850 0.07347 0.95762 eb
1719.15398 17.22609 0.11667 -0.03917 0.99240 x
1724.10987 12.03670 0.25112 -0.18554 0.95001 e
1735.52120 9.48791 -0.14885 -0.12750 0.98061 e
1745.53938 7.66463 -0.27169 -0.03117 0.96188 e
1748.00787 4.92023 0.20961 0.26531 0.94110 e
1749.46153 27.50755 -0.01125 0.49253 0.87022 e
1758.23218 15.50151 0.41447 -0.20264 0.88722 eb
1759.41937 10.23111 -0.28545 0.83107 0.47732 e
1768.10344 28.00478 -0.02921 0.03539 0.99895 e
1768.58033 8.58574 0.09989 0.09141 0.99079 e
1771.60215 16.73140 -0.16693 -0.11783 0.97890 e
1776.87987 11.79208 -0.03793 0.01360 0.99919 e
1777.38950 19.94168 0.39339 -0.05960 0.91744 e
1777.97527 33.05114 0.05281 0.11857 0.99154 e
1788.50026 44.89409 0.02641 0.14509 0.98907 e
1792.90433 14.76043 -0.25916 0.10227 0.96041 x
1800.61098 5.53253 -0.17573 0.54861 0.81740 e
1802.20402 3.93234 -0.13941 -0.16889 0.97573 x
1802.29978 5.70838 -0.05575 0.17996 0.98209 e
1806.25003 5.45694 0.03563 0.05811 0.99767 e
1807.76101 19.95208 -0.20020 0.13190 0.97084 xb
1809.32591 7.36034 -0.23513 0.05348 0.97049 e
1812.38761 18.67766 0.35471 -0.34620 0.86852 e
1813.11890 18.27568 -0.06177 0.09928 0.99314 eb
1815.84783 11.42207 0.05713 -0.09204 0.99412 x
1820.17077 13.82765 -0.17020 0.64280 0.74689 e
1821.12649 15.21137 -0.19496 0.14722 0.96970 e
1823.35427 7.03461 -0.06630 -0.19587 0.97839 e
1826.35912 12.36030 -0.11661 -0.03444 0.99258 e
1826.64898 17.54052 0.14796 0.23803 0.95992 eb
1827.96729 10.95630 0.66099 0.15779 0.73362 eb
1839.33631 10.17305 0.06902 -0.25488 0.96451 eb
1845.39844 13.13598 0.35770 0.09895 0.92858 e
1849.45793 37.01679 -0.15355 0.08301 0.98465 eb
1856.55836 10.03535 0.32963 0.28210 0.90098 xb
1857.59950 16.22137 0.61532 -0.40956 0.67353 eb
1865.75177 30.95744 -0.09261 -0.21558 0.97208 e
1866.23447 8.87357 0.25447 -0.38559 0.88688 xb
1873.83826 24.86871 0.00000 -0.14332 0.98968 e
1890.95793 3.87264 -0.36725 -0.69814 0.61460 e
1894.68235 16.71851 -0.34619 0.13001 0.92911 xb
1897.38513 18.60378 0.02940 0.47549 0.87923 e
1904.02106 14.02104 -0.07289 0.06156 0.99544 e
1904.66625 21.61757 0.05809 0.10515 0.99276 e
1904.96642 19.09125 0.05492 -0.21892 0.97420 e
1906.05422 20.84540 -0.01622 -0.23719 0.97133 e
1907.68242 9.08233 -0.12925 -0.08798 0.98770 e
1916.00737 16.34041 0.23492 0.01944 0.97182 e
1916.23207 18.42952 0.45348 0.01740 0.89110 eb
1920.41261 24.69078 0.24278 -0.32653 0.91347 eb
1922.40580 11.27470 -0.16903 0.31221 0.93486 eb
1924.05105 22.61740 0.56763 -0.30877 0.76319 x
1925.54452 21.27562 -0.19542 0.04061 0.97988 e
1930.87867 12.84959 -0.31303 0.15676 0.93672 e
1932.94088 9.49192 0.32399 0.03693 0.94534 e
1936.98055 14.66401 -0.25218 -0.55351 0.79375 e
1941.38194 5.26894 0.06046 -0.19163 0.97960 e
1947.55336 8.28394 -0.04519 -0.00042 0.99898 e
1953.67724 15.23128 0.24063 0.00730 0.97059 eb
1954.80993 11.36246 0.24506 -0.45844 0.85427 e
1954.96696 11.58359 0.65110 -0.11564 0.75013 e
1956.04413 35.78479 0.36572 -0.10451 0.92484 e
1957.10602 18.33335 -0.15027 -0.28985 0.94520 e
1960.75789 22.23595 0.49102 -0.41733 0.76468 e
1965.08105 18.48090 -0.51817 -0.07186 0.85226 xb
1978.52898 9.69766 0.22688 0.10236 0.96853 e
1985.02704 9.36015 -0.04843 -0.20988 0.97653 e
1986.24921 29.68488 -0.09659 0.21246 0.97238 eb
1987.14698 13.89526 0.51450 -0.20525 0.83256 eb
1989.88359 22.44149 -0.27845 0.02117 0.96022 eb
1995.53007 23.91706 -0.10238 -0.05758 0.99308 e
1995.65248 17.21227 0.19348 -0.28111 0.93997 x
1997.50236 22.38604 0.25829 0.40887 0.87528 eb
1999.24003 14.87595 -0.13989 0.75219 0.64392 x
2000.72823 11.43154 0.26404 0.16693 0.94996 e
2010.79393 6.19228 -0.16718 -0.50616 0.84608 e
2013.50112 19.29310 -0.19098 0.14795 0.97038 eb
2017.17540 10.69197 0.60895 -0.00185 0.79321 e
2017.89857 14.86584 -0.04985 0.01594 0.99863 e
2022.01293 12.90281 -0.24382 -0.07403 0.96699 e
2027.23227 10.76372 0.10828 -0.14787 0.98306 e
2027.26612 12.91087 -0.77609 0.35604 0.52050 e
2028.35184 12.19146 -0.32944 0.40640 0.85224 e
2029.18333 18.34549 -0.10007 0.27166 0.95718 eb
2046.19159 20.51148 0.68907 0.51541 0.50945 eb
2059.50950 8.89495 0.12816 0.75303 0.64538 e
2066.54640 10.47433 0.23960 -0.11888 0.96357 e
2070.36160 14.18389 0.11147 -0.11340 0.98728 e
2076.44519 12.97830 0.06113 0.19415 0.97907 e
2087.24843 15.22284 0.10555 0.11663 0.98755 e
2100.85401 8.96945 -0.41536 0.09257 0.90493 e
2105.28326 14.57665 0.22033 -0.09210 0.97107 x
2110.48127 19.76847 0.04885 0.17414 0.98351 e
2113.10724 13.14258 -0.13177 -0.73297 0.66737 eb
2113.52973 26.93601 0.19867 0.39235 0.89811 e
2113.95359 13.39884 0.16283 0.28956 0.94321 e
2117.23938 15.41699 0.09049 -0.08231 0.99249 e
2119.28455 3.20917 0.09744 0.26106 0.96039 e
2121.49676 27.88907 -0.23778 0.00631 0.97130 e
2124.55783 13.53600 -0.32753 -0.41512 0.84876 eb
2124.87198 9.36098 -0.08115 0.45152 0.88856 xb
2125.29971 15.72026 -0.01979 0.00455 0.99979 e
2132.51529 14.59174 0.11399 -0.03023 0.99302 e
2136.59125 31.60697 -0.15210 -0.58894 0.79373 x
2147.51776 19.01601 -0.45579 -0.24956 0.85439 e
2170.05098 11.35183 0.05998 -0.06437 0.99612 e
2192.10373 15.30939 -0.31469 -0.00053 0.94920 e
2198.20725 8.31553 -0.48634 -0.17784 0.85548 e
2206.42020 11.13549 -0.05689 0.12240 0.99085 e
2212.06243 9.33887 -0.12234 -0.49418 0.86071 e
2214.74678 31.98526 0.07529 0.10579 0.99153 e
2223.61066 2.95173 -0.12558 -0.08698 0.98826 e
2228.85144 13.31917 -0.16912 -0.33091 0.92839 e
2231.45580 15.11639 0.40682 -0.10976 0.90689 x
2236.95326 24.65317 0.08915 -0.06730 0.99374 x
2239.92876 16.73353 0.13922 -0.02793 0.98987 xb
2244.58885 23.33102 0.04643 -0.11207 0.99262 e
2254.72555 15.80635 0.21063 -0.21913 0.95269 e
2256.08793 7.16748 0.13036 -0.19718 0.97166 e
2265.61589 6.40862 -0.43435 0.16844 0.88486 eb
2273.57244 19.16188 0.10795 -0.03736 0.99345 e
2278.68018 11.06799 0.32182 -0.07820 0.94357 xb
2286.79744 13.98538 0.57597 0.44533 0.68552 e
2291.64074 6.67923 -0.24028 -0.02399 0.97041 eb
2294.46093 10.13579 0.24083 0.41941 0.87527 xb
2295.21226 25.63003 0.01821 -0.09851 0.99497 e
2297.21351 18.02991 0.14960 -0.21976 0.96402 e
2297.90763 19.32287 -0.30036 0.36860 0.87973 e
2312.53709 19.15615 0.14456 0.14599 0.97867 e
2314.96009 14.11961 -0.65229 -0.08030 0.75370 eb
2321.06058 7.47964 0.30457 -0.07747 0.94933 e
2330.39526 17.58654 -0.02002 -0.19628 0.98034 e
2331.59116 16.00812 0.09981 0.27194 0.95713 e
2354.47500 23.54293 -0.19940 -0.02367 0.97963 e
2359.18427 24.12695 -0.06889 -0.10949 0.99160 e
2364.56581 7.81056 0.42606 0.43049 0.79571 eb
2370.00134 16.22295 0.19521 0.53682 0.82080 eb
2372.51523 14.35089 0.18805 0.28314 0.94046 e
2375.63778 18.31472 0.14826 -0.07075 0.98641 e
2385.94790 18.11342 -0.04789 0.05442 0.99737 eb
2387.45616 12.79816 -0.52027 0.42450 0.74103 x
2404.58342 8.10511 0.28483 0.29564 0.91185 e
2405.75140 8.18022 -0.26524 0.46255 0.84599 xb
2411.94974 16.52542 -0.15096 0.18619 0.97085 e
2418.32008 9.09928 -0.51983 -0.09652 0.84880 e
2431.97227 10.11269 0.10386 -0.33960 0.93482 e
2443.66546 15.77902 -0.19440 -0.08226 0.97747 x
2443.86905 5.33118 -0.56723 -0.03017 0.82300 e
2446.24393 20.37181 -0.39551 0.16875 0.90283 eb
2447.20492 30.85884 -0.10082 0.14404 0.98442 e
2453.83673 13.15024 -0.08836 -0.09668 0.99139 e
2457.49232 13.64690 0.11256 0.24196 0.96374 x
2459.40400 6.44863 0.04496 0.20298 0.97815 e
2472.43017 13.02420 -0.45918 0.43146 0.77653 eb
2483.44732 12.22189 0.11424 0.07037 0.99096 e
2506.82551 18.21319 -0.18866 0.01837 0.98187 e
2512.94857 15.79212 0.19904 -0.24589 0.94864 e
2516.42253 14.45345 -0.06234 -0.21292 0.97508 eb
2525.90816 18.86806 0.02794 -0.26892 0.96276 e
2532.95668 10.12586 0.24925 -0.23155 0.94035 eb
2532.97258 29.44878 -0.14801 -0.06053 0.98713 e
2548.30538 6.84359 -0.03030 0.09292 0.99521 xb
2563.83529 8.45253 0.03702 0.18585 0.98188 e
2577.25166 12.50602 0.22998 0.28068 0.93184 e
2577.26514 16.57833 -0.11079 -0.52867 0.84157 e
2581.55972 31.91877 -0.27476 0.02668 0.96114 e
2591.63576 26.44125 0.05891 0.52960 0.84620 e
2604.04962 18.88798 0.29425 0.45513 0.84040 e
2607.47283 13.72158 0.17643 -0.16538 0.97032 e
2615.13975 11.82394 -0.54059 -0.01699 0.84112 eb
2629.60361 4.95576 0.16958 0.27399 0.94667 e
2639.88716 7.25720 -0.07692 -0.66472 0.74312 eb
2673.36762 21.34148 -0.07581 -0.09434 0.99265 e
2676.08157 8.91546 0.46855 -0.41720 0.77872 eb
2683.35776 7.39456 -0.00637 -0.08878 0.99603 x
2683.42274 7.19878 -0.15366 -0.06993 0.98565 e
2691.61088 3.70335 0.34993 0.54516 0.76180 e
2692.06282 11.59814 -0.06216 -0.22075 0.97335 eb
2704.07009 17.55843 -0.16909 0.14541 0.97481 e
2706.12772 13.46035 0.33145 0.33166 0.88326 e
2725.02288 19.34917 0.08114 0.03698 0.99602 xb
2729.29161 5.66217 0.37515 -0.17480 0.91033 x
2731.94897 6.16104 -0.46696 -0.30285 0.83080 e
2733.83479 16.16509 0.16476 0.14339 0.97585 e
2733.89775 6.83300 0.17474 0.22244 0.95916 eb
2735.70474 19.27257 0.21735 0.07280 0.97338 eb
2740.21345 7.99457 0.32832 0.30151 0.89515 e
2754.24004 26.03191 0.13221 0.12115 0.98379 e
2755.75320 16.00338 0.07500 0.46144 0.88400 eb
2762.00111 31.82851 0.05342 -0.01396 0.99847 e
2769.12145 19.10958 0.16137 -0.15236 0.97506 eb
2795.97943 9.57313 0.01726 -0.16934 0.98541 e
2798.06247 12.76195 0.47392 -0.28170 0.83430 e
2798.69944 12.44351 0.05580 -0.10287 0.99313 e
2803.69088 13.11585 0.08411 -0.23845 0.96751 e
2809.54604 7.72921 0.02638 0.81434 0.57978 eb
2811.72382 19.48498 0.20382 0.02491 0.97869 xb
2826.57505 9.69085 0.09366 0.14557 0.98490 x
2839.81980 23.35691 -0.02910 0.14636 0.98880 e
2848.92333 11.84614 -0.27210 -0.07356 0.95945 e
2849.86722 13.81973 0.26463 -0.54313 0.79686 e
2860.69337 21.24012 -0.14399 -0.62665 0.76589 x
2863.11796 8.08573 -0.28973 -0.47107 0.83316 e
2867.72360 13.52963 0.08122 0.16635 0.98272 e
2874.48642 13.39527 0.18889 -0.62220 0.75973 eb
2907.37100 19.51880 0.19629 0.52523 0.82801 e
2930.11248 13.35308 0.09502 0.09601 0.99083 e
2930.31530 24.85545 -0.14114 0.02170 0.98975 e
2937.16625 25.10396 -0.01737 -0.10995 0.99379 e
2954.40789 19.70652 0.12232 0.17832 0.97634 e
2958.04487 11.19926 -0.58026 -0.31266 0.75202 e
2962.76091 34.28357 -0.08595 -0.00591 0.99628 e
2965.06775 19.49137 -0.16039 -0.09478 0.98249 eb
2967.46943 19.79808 -0.07247 -0.00617 0.99735 e
2970.69134 18.89819 -0.09703 0.02490 0.99497 e
2974.68392 11.91948 0.21512 0.28947 0.93270 xb
2983.22583 29.05606 -0.17440 -0.00875 0.98464 e
2988.61842 14.32512 0.03923 -0.12997 0.99074 e
2990.28180 5.10461 0.09170 -0.19014 0.97747 e
2993.74650 11.25670 0.25995 0.26467 0.92864 e
2999.24895 6.86617 0.22536 -0.01020 0.97422 e
3007.28239 8.42546 -0.26586 0.10249 0.95855 e
3016.57794 15.36902 0.27034 -0.01435 0.96266 eb
3018.86626 10.64529 0.23082 0.14440 0.96222 xb
3026.63225 11.53498 0.28259 0.25344 0.92515 e
3029.24078 12.33351 -0.14179 0.11319 0.98340 e
3036.05122 6.99988 0.21156 -0.09035 0.97318 e
3037.63657 7.66274 -0.45991 0.48021 0.74691 e
3060.47460 14.76131 -0.25355 -0.27272 0.92808 eb
3064.53412 20.85587 -0.06604 0.21277 0.97487 xb
3073.35323 7.00755 -0.08886 0.01513 0.99593 x
3074.64741 4.15928 0.41921 -0.39784 0.81608 e
3093.70967 7.41304 -0.69843 0.24345 0.67300 eb
3101.57515 19.00042 -0.07021 -0.04645 0.99645 xb
3102.66339 16.05459 -0.01692 0.06226 0.99792 x
3105.22153 20.09223 0.04344 0.13621 0.98973 x
3130.33178 7.88012 0.49480 0.24091 0.83494 eb
3161.23578 3.36983 0.25378 0.30287 0.91862 e
3161.57788 16.63852 -0.22730 -0.33232 0.91537 x
3165.33490 6.57595 -0.35657 0.54879 0.75610 e
3166.83536 14.13283 -0.16397 -0.15568 0.97410 eb
3178.87067 18.07148 -0.22527 -0.58290 0.78069 eb
3180.48660 17.13645 -0.08324 -0.09003 0.99245 e
3183.02458 18.31576 -0.06973 -0.12925 0.98916 e
3183.71543 8.27926 -0.26987 0.03886 0.96211 eb
3187.16632 9.18595 -0.03398 0.47860 0.87737 e
3190.95260 8.67267 0.31586 -0.14812 0.93717 e
3195.62903 19.27860 0.17636 0.23520 0.95581 eb
3205.13510 18.34732 -0.39286 0.54028 0.74415 eb
3207.79259 14.09346 0.13061 0.17655 0.97559 e
3213.83640 11.13524 -0.23550 0.25436 0.93800 xb
3222.52001 12.89791 0.51754 -0.54543 0.65929 eb
3232.72733 9.27325 0.24010 -0.06556 0.96853 xb
3232.90280 19.03835 -0.08185 -0.13975 0.98680 x
3245.01659 10.08886 -0.60455 -0.21567 0.76682 e
3275.33509 12.12817 -0.10924 0.17335 0.97878 e
3279.83645 9.82417 -0.56819 -0.35943 0.74025 x
3282.61980 21.91106 0.11920 0.05100 0.99156 x
3290.44031 7.35932 0.38045 0.00393 0.92479 e
3293.41332 33.70093 -0.23537 0.05990 0.97006 xb
3314.19306 23.95079 0.21890 0.25240 0.94254 eb
3325.09430 3.94377 0.68210 -0.26692 0.68080 eb
3327.52562 12.18298 -0.24757 0.75717 0.60449 e
3332.08985 10.36907 -0.17155 0.72703 0.66483 e
3333.21503 21.52285 -0.10162 0.18467 0.97753 e
3338.82566 17.41117 0.11387 -0.35674 0.92724 x
3342.77401 9.17557 0.41415 -0.32069 0.85184 e
3357.13336 5.86178 -0.07981 -0.24926 0.96514 x
3369.30172 20.92025 0.11802 -0.15923 0.98016 x
3381.30593 8.42625 0.06215 -0.58964 0.80527 e
3385.41024 12.35035 -0.45182 -0.02787 0.89167 eb
3404.88959 6.74877 0.59274 0.10922 0.79796 eb
3404.96903 18.32787 -0.18166 -0.19415 0.96401 x
3412.21345 20.27754 0.10532 -0.04792 0.99328 e
3425.01140 1.05861 0.23221 -0.37185 0.89878 eb
3435.17668 14.06040 0.03251 0.14440 0.98899 e
3438.35463 6.79036 -0.18194 -0.09893 0.97832 e
3445.17896 24.08811 0.51664 0.20226 0.83197 eb
3456.27982 12.79557 0.56484 -0.43132 0.70350 e
3456.54018 7.75284 0.09755 0.40251 0.91020 xb
3484.61653 19.03379 0.31141 0.26812 0.91167 xb
3514.16447 32.24127 0.15473 0.03138 0.98746 x
3514.37348 19.12273 -0.01844 0.18129 0.98326 x
3516.81641 13.53299 -0.11359 0.09495 0.98898 eb
3521.68687 19.80381 0.34536 -0.27058 0.89862 x
3570.52792 13.86391 0.46924 -0.39991 0.78733 e
3571.91634 7.98242 -0.15231 0.05145 0.98699 e
3591.74390 15.01633 -0.21208 -0.16765 0.96277 x
3619.85694 12.64884 0.07728 -0.24995 0.96517 eb
3627.92322 8.79030 0.41362 0.45581 0.78814 e
3633.01897 13.49687 -0.05235 0.05179 0.99728 xb
3633.10789 14.70969 0.20602 -0.14752 0.96736 xb
3644.22622 15.59047 -0.10617 0.14800 0.98327 e
3660.99277 10.88473 -0.17632 -0.06637 0.98209 e
3663.26166 9.23572 0.11442 -0.17329 0.97820 x
3663.67874 8.66754 0.33587 -0.24016 0.91078 eb
3672.77780 4.48479 -0.50118 -0.24948 0.82860 e
3689.01433 18.79598 0.06752 -0.00478 0.99771 e
3698.04760 10.64334 -0.08490 -0.38657 0.91834 eb
3706.96934 11.65932 -0.03243 -0.21007 0.97715 e
3710.75545 15.95089 -0.01428 -0.34796 0.93740 e
3712.02620 9.93192 0.09340 0.22614 0.96961 e
3713.09854 8.86131 -0.03451 0.22341 0.97411 e
3713.86219 7.43008 0.57320 -0.06752 0.81663 e
3720.25134 16.67042 -0.22081 0.48198 0.84790 eb
3724.05029 17.33229 -0.32816 0.11765 0.93727 eb
3725.41441 7.10625 -0.14540 0.10549 0.98373 e
3729.63106 17.39634 -0.20475 -0.05348 0.97735 e
3744.46714 5.11778 -0.33089 -0.30475 0.89311 e
3748.52797 9.63974 -0.15536 -0.18902 0.96961 xb
3750.75349 4.98338 0.09765 -0.72582 0.68091 x
3764.96124 17.82974 0.34652 0.80538 0.48092 eb
3774.82777 31.26382 -0.10251 -0.04445 0.99374 e
3778.75482 18.52916 -0.07669 0.04890 0.99586 x
3801.53743 13.74972 -0.06979 -0.25552 0.96428 x
3842.32004 6.77395 -0.36724 -0.28906 0.88407 e
3843.26143 8.58284 0.20515 -0.03278 0.97818 eb
3854.49713 18.72179 0.06355 -0.76218 0.64424 eb
3855.91720 10.33758 0.72757 -0.26765 0.63167 e
3857.79842 9.42154 0.26822 -0.01267 0.96327 e
3866.48018 17.44060 0.07935 -0.24190 0.96705 eb
3878.56387 21.15887 0.58390 -0.23067 0.77836 e
3883.16865 19.96751 0.12323 -0.06777 0.99006 xb
3891.58028 24.94638 0.04447 0.34549 0.93737 eb
3916.62316 18.76618 0.13028 0.22437 0.96576 e
3927.78118 10.90532 0.14379 -0.23775 0.96063 x
3939.42976 10.18213 -0.18997 -0.48893 0.85139 e
3943.78714 5.85663 -0.12113 0.54867 0.82722 xb
3949.55191 5.96623 -0.21394 -0.55617 0.80306 e
3955.65415 19.62556 0.36471 -0.45396 0.81297 x
3959.49495 6.85170 -0.19478 -0.20229 0.95976 x
3973.64450 5.85166 0.02485 0.06241 0.99774 e
3990.21936 16.26118 -0.19366 -0.13526 0.97170 e
3995.12538 12.85854 0.27052 0.26171 0.92646 x
4009.27871 19.72488 0.02498 0.17587 0.98410 e
4010.24481 6.62985 -0.13000 0.57469 0.80798 e
4011.69711 11.78154 -0.47293 0.11056 0.87413 e
4016.93954 14.34267 0.12701 0.31257 0.94136 e
4036.37195 7.09863 0.13953 -0.29194 0.94620 e
4052.76357 8.32013 -0.27551 -0.11430 0.95448 x
4055.34816 9.28939 0.17770 -0.07298 0.98137 e
4074.39114 5.49559 0.19723 0.36285 0.91074 e
4080.86455 18.96610 0.09055 0.06860 0.99353 x
4083.08778 20.19638 0.60081 -0.07842 0.79553 xb
4084.60832 9.62305 -0.09457 -0.08309 0.99204 x
4092.92936 11.84433 -0.13307 -0.59615 0.79177 eb
4096.45181 3.95100 0.29541 0.35372 0.88748 e
4097.62022 8.09746 0.35866 0.19401 0.91308 eb
4109.44596 10.48565 0.36334 -0.39947 0.84167 e
4119.60047 10.78630 0.07732 0.00516 0.99699 e
4123.43161 12.80265 -0.24091 0.54707 0.80167 xb
4127.18159 8.03343 0.12351 -0.06165 0.99043 x
4134.24654 13.22932 0.11138 -0.35589 0.92787 eb
4138.87166 20.76372 -0.02046 0.12075 0.99247 xb
4155.96015 8.89962 -0.19916 -0.33449 0.92112 e
4167.32160 11.43282 0.11838 -0.02345 0.99269 x
4171.73663 11.94945 -0.74280 -0.17931 0.64505 e
4212.60332 35.64453 0.12698 -0.11417 0.98531 x
4220.08456 12.01706 -0.20276 0.15083 0.96754 e
4229.71835 18.66947 -0.34162 0.29487 0.89238 eb
4236.98297 18.14624 0.05894 0.18028 0.98185 e
4246.30140 14.02451 0.10927 0.49169 0.86389 eb
4246.87494 12.44396 -0.10127 -0.08870 0.99090 e
4247.25102 9.35888 -0.80968 0.12246 0.57396 e
4255.35958 17.51836 -0.22190 -0.24344 0.94419 x
4259.10024 15.60220 -0.22050 0.20480 0.95364 x
4270.00509 11.82419 -0.11672 -0.42467 0.89779 x
4279.62088 22.64481 -0.07428 0.15929 0.98443 x
4285.45022 17.24516 -0.33809 -0.24878 0.90764 eb
4305.86834 20.14261 -0.87974 -0.06606 0.47085 eb
4311.10943 11.63742 0.08875 -0.09423 0.99159 e
4312.47710 16.57378 -0.10118 0.09779 0.99005 e
4321.91667 7.79549 -0.14987 0.31659 0.93665 e
4335.10648 15.59278 -0.04969 0.17668 0.98301 x
4338.43299 12.62784 -0.21741 0.26565 0.93924 eb
4340.71671 11.81516 0.00560 0.03399 0.99941 e
4348.74631 6.57268 -0.53703 0.64373 0.54517 eb
4350.00382 9.26826 -0.26951 -0.51988 0.81061 e
4350.30159 5.86579 0.13696 0.02389 0.99029 e
4371.13245 17.83306 -0.15330 -0.19326 0.96910 e
4383.98342 16.13215 0.10099 0.18740 0.97708 x
4385.38130 26.75507 0.21831 -0.18169 0.95882 e
4394.51291 12.53994 -0.08463 0.09133 0.99222 e
4402.04876 12.89916 -0.00142 -0.24984 0.96828 x
4404.97947 7.83999 0.51338 -0.05713 0.85626 xb
4412.80454 12.86614 -0.02356 -0.49963 0.86592 xb
4442.35428 27.62790 -0.21557 -0.20778 0.95413 e
4451.47796 15.53615 -0.18171 -0.39437 0.90081 xb
4452.97927 7.01024 -0.32110 0.42080 0.84842 eb
4466.20292 14.24230 -0.16375 -0.33633 0.92740 x
4485.21449 4.45185 -0.42629 0.71749 0.55090 x
4507.80527 9.62775 -0.05013 0.65738 0.75189 xb
4528.34830 13.26979 -0.27754 0.02723 0.96033 eb
4534.45536 7.45342 -0.36359 -0.32169 0.87426 eb
4534.79119 13.86249 0.22486 0.12559 0.96626 x
4539.27706 5.47326 -0.24661 -0.21255 0.94552 e
4543.52743 9.37797 -0.06295 -0.29337 0.95392 eb
4546.84507 19.18549 0.10744 0.35760 0.92767 e
4556.03248 10.27570 -0.27006 -0.43060 0.86119 e
4560.99309 3.63793 -0.45724 -0.67656 0.57723 x
4580.96959 8.41424 0.03207 -0.31272 0.94930 e
4587.25198 6.34494 0.09395 0.26818 0.95878 e
4587.74142 20.19206 0.14384 -0.43966 0.88657 e
4602.07131 7.59916 0.05811 -0.05096 0.99701 e
4603.11238 27.53281 0.15045 0.83129 0.53509 e
4608.25044 23.58724 -0.07453 0.47401 0.87736 x
4628.61489 19.72294 0.06084 -0.13767 0.98861 x
4632.68594 9.28852 0.30126 0.32814 0.89530 eb
4639.49652 11.89522 -0.25607 -0.38999 0.88450 eb
4646.71852 6.10366 -0.06273 -0.34100 0.93797 eb
4649.47154 14.44018 -0.14734 0.20135 0.96838 xb
4651.74112 3.45640 0.04887 0.20296 0.97797 e
4654.89093 4.76651 0.52011 0.38008 0.76487 eb
4658.39581 25.05134 -0.13830 -0.16521 0.97651 eb
4690.71996 15.45796 -0.27925 0.19810 0.93956 e
4693.62483 10.36130 -0.13530 -0.14545 0.98007 e
4717.03994 9.90840 0.19855 0.13074 0.97133 e
4728.81269 13.67124 0.27200 -0.39915 0.87561 e
4732.28007 14.74670 -0.21659 -0.01412 0.97616 e
4740.84512 5.90007 -0.24275 0.37438 0.89493 e
4744.40213 10.60388 -0.18179 -0.11838 0.97619 eb
4752.07106 18.85501 -0.04229 0.23726 0.97052 xb
4783.14190 15.37101 0.56047 0.02027 0.82793 eb
4785.04934 18.99566 0.00706 -0.13574 0.99072 e
4787.24603 4.50073 -0.61138 -0.28726 0.73736 x
4792.27895 13.67256 -0.05999 0.04216 0.99731 x
4798.85798 10.26867 0.34956 0.02709 0.93652 e
4811.49660 32.91048 -0.24328 -0.36938 0.89687 xb
4831.60950 15.42807 -0.33465 0.36625 0.86826 e
4832.37068 26.19163 0.03057 -0.22864 0.97303 xb
4835.03564 17.56097 0.10646 -0.04116 0.99346 eb
4839.54449 9.16659 0.74947 0.43315 0.50068 eb
4867.61287 5.76803 -0.18588 0.03426 0.98197 e
4877.63208 15.47158 0.58693 0.03584 0.80885 eb
4887.56477 8.02357 -0.04769 0.06914 0.99647 e
4890.90769 14.36615 0.16306 0.08718 0.98276 eb
4900.54267 27.23738 0.32887 0.40362 0.85378 xb
4903.34161 9.31481 -0.12012 -0.04127 0.99190 x
4910.71142 3.48478 -0.60090 0.39501 0.69490 x
4913.78553 6.93848 -0.31824 0.20857 0.92478 x
4914.74825 11.32246 0.03646 -0.27270 0.96141 e
4935.97230 13.02412 -0.21828 0.41435 0.88355 e
4961.94823 17.16420 0.08605 0.10898 0.99031 xb
4963.41788 10.86949 0.14057 0.12957 0.98156 e
4971.14211 20.32032 0.02423 -0.11065 0.99356 x
4977.59890 12.25365 0.53496 0.25259 0.80624 x
4978.98282 19.50922 -0.12201 0.10892 0.98653 xb
4980.17700 6.91009 0.06668 -0.03600 0.99712 xb
5047.37893 10.94725 -0.07422 -0.39071 0.91752 e
5061.16411 33.86242 -0.01418 -0.00319 0.99989 xb
5061.87012 14.96761 0.07062 0.14382 0.98708 xb
5063.26365 11.20618 -0.31924 -0.11538 0.94062 xb
5072.11751 14.33774 -0.15577 0.02691 0.98743 x
5076.58450 11.09166 -0.11954 0.01347 0.99274 e
5093.00564 7.07675 -0.55197 -0.48357 0.67933 xb
5130.32272 14.38702 -0.23399 0.01359 0.97215 xb
5136.93701 6.19577 0.20927 -0.16650 0.96358 eb
5165.39239 10.24699 0.09365 0.24560 0.96484 e
5173.51061 22.18950 0.05805 -0.26012 0.96383 xb
5184.19416 11.87181 0.04440 -0.28697 0.95691 x
5184.21972 37.33698 0.11102 -0.07877 0.99069 e
5186.68107 2.29276 0.26033 0.09025 0.96129 x
5210.25631 17.86583 0.40965 0.47172 0.78081 xb
5217.70573 10.74213 0.32558 -0.09945 0.94027 e
5232.70857 14.15237 -0.36893 0.09383 0.92471 xb
5245.69854 15.93233 -0.04667 0.23214 0.97156 xb
5255.61559 16.76257 -0.70706 -0.02712 0.70664 eb
5259.23745 6.68023 0.11519 0.38284 0.91660 e
5269.95778 12.23001 0.17696 -0.35049 0.91970 x
5270.26923 18.31427 0.20721 0.16447 0.96437 eb
5278.80287 4.11156 -0.14017 -0.17652 0.97427 e
5286.77401 16.53472 0.15655 0.10693 0.98187 xb
5288.94126 15.97945 0.10845 -0.00784 0.99407 e
5301.49180 10.50761 0.16710 -0.03317 0.98538 e
5308.45239 8.80475 -0.01954 -0.01212 0.99974 e
5312.35497 14.52508 -0.47723 0.20562 0.85438 eb
5324.48998 10.47633 -0.25447 0.02663 0.96671 x
5329.13786 4.34685 0.52969 0.44564 0.72169 x
5334.46316 17.15256 -0.31985 0.05197 0.94604 x
5342.88734 17.54634 -0.08815 -0.05122 0.99479 e
5359.43778 25.91719 0.06304 -0.17818 0.98198 xb
5385.06109 10.61810 0.09892 -0.05907 0.99334 eb
5392.55421 5.20593 0.52492 0.57545 0.62715 x
5394.67139 9.34155 -0.14244 -0.19926 0.96954 eb
5398.07143 17.29225 0.21138 0.24596 0.94595 eb
5401.73340 10.63029 -0.27073 -0.04873 0.96142 xb
5404.15685 8.86806 -0.78616 0.31903 0.52932 xb
5431.95550 13.90803 0.08502 -0.10718 0.99060 x
5456.97033 12.98311 0.23052 -0.49429 0.83818 e
5478.23241 5.80770 -0.85164 0.15874 0.49952 xb
5482.77902 7.92046 -0.69061 -0.05600 0.72106 eb
5487.00084 10.99192 0.66132 -0.18632 0.72660 xb
5489.46980 8.78706 0.39002 -0.08159 0.91719 e
5491.11219 3.95677 -0.05152 0.37303 0.92639 e
5531.82793 8.84617 0.32970 0.22781 0.91619 e
5536.39463 6.23168 0.26907 -0.03153 0.96260 e
5562.34647 22.36941 0.12500 0.06438 0.99007 e
5598.47685 12.17846 0.74782 0.39302 0.53507 eb
5607.96174 22.34331 -0.11850 0.18483 0.97560 x
5617.25394 14.33272 0.08146 -0.54604 0.83379 eb
5646.82942 12.46571 0.08261 -0.21001 0.97420 x
5656.47731 21.51838 -0.05799 -0.48868 0.87053 x
5680.24707 18.30853 0.27303 0.18455 0.94414 eb
5688.75571 10.46139 -0.66312 -0.21013 0.71842 e
5698.74998 9.94415 0.23307 -0.02135 0.97223 x
5746.43286 22.58979 -0.20047 0.02647 0.97934 xb
5750.11236 5.69527 0.01664 -0.62644 0.77929 eb
5755.00028 12.10460 -0.01754 0.17787 0.98390 e
5762.29120 4.24130 0.65405 -0.55264 0.51653 eb
5788.57605 9.60393 -0.28828 0.10868 0.95136 xb
5792.11641 16.75405 0.02522 -0.03071 0.99921 eb
5796.65642 21.38031 0.03338 -0.69462 0.71860 e
5800.51156 12.75837 -0.01432 0.19109 0.98147 x
5825.98644 9.15401 0.59733 -0.13959 0.78975 e
5831.26294 18.96481 0.12432 -0.27276 0.95402 x
5846.53780 7.68181 0.63664 -0.44387 0.63061 x
5847.99913 8.19915 0.20229 0.70556 0.67916 xb
5852.02712 6.76560 0.07532 0.55449 0.82878 e
5872.18849 10.76070 -0.15276 0.07437 0.98546 x
5881.24686 11.60151 0.26076 0.11661 0.95834 xb
5888.45380 27.40118 0.15749 -0.06030 0.98568 e
5909.79010 15.28473 0.20208 0.11546 0.97254 eb
5914.91476 8.71895 -0.03923 0.29996 0.95314 eb
5923.12046 16.22781 0.07838 -0.41450 0.90667 e
5950.24969 10.51043 0.02147 0.20815 0.97786 e
5951.21930 22.06904 -0.20782 0.01457 0.97806 eb
5951.58237 4.12636 -0.20090 -0.13036 0.97090 xb
5957.04703 9.47744 0.03170 -0.20869 0.97747 e
5978.82030 7.26523 -0.20975 -0.36369 0.90760 x
5980.09067 15.02727 0.26200 -0.37445 0.88946 e
5987.21777 12.62045 0.12334 0.25886 0.95801 e
5991.85583 2.26041 -0.19777 0.27862 0.93982 e
6001.02396 2.86758 0.20442 -0.45226 0.86814 x
6026.80340 8.05745 0.40774 0.21860 0.88655 e
6048.73079 15.18633 0.23155 0.49509 0.83742 e
6087.70538 12.48939 -0.15915 -0.08633 0.98347 xb
6089.12811 15.43070 0.64099 -0.11291 0.75920 x
6089.65770 11.25688 0.39299 -0.05574 0.91785 eb
6128.02229 22.14445 0.35194 0.53503 0.76803 e
6132.27044 11.02049 -0.50939 0.53329 0.67537 eb
6180.97366 22.26488 -0.23289 0.24910 0.94006 xb
6194.30329 13.24061 -0.18476 -0.16072 0.96955 eb
6203.88861 26.09272 0.13534 0.46803 0.87329 eb
6212.41474 10.62283 -0.15679 -0.06030 0.98579 e
6261.33785 12.36135 0.19510 0.03482 0.98017 x
6264.12869 6.90871 0.03511 0.13015 0.99087 e
6292.36873 11.63014 -0.04858 -0.24040 0.96946 eb
6346.93061 14.71878 -0.37736 0.69478 0.61228 xb
6358.30241 15.19618 -0.32469 -0.00736 0.94579 e
6367.58307 11.22319 -0.06314 -0.13418 0.98894 x
6381.32671 8.91113 -0.14586 -0.01247 0.98923 e
6394.32300 9.46274 0.03814 0.17586 0.98368 e
6410.40014 6.21200 0.11460 0.00668 0.99339 e
6424.15574 10.58554 -0.18487 0.33473 0.92400 x
6428.18071 8.18693 0.35033 0.68657 0.63709 eb
6428.22419 29.06648 0.33767 -0.15594 0.92826 e
6441.28168 6.91572 -0.51215 -0.23139 0.82714 x
6444.57172 15.04295 0.01314 0.02797 0.99952 e
6454.78290 5.07997 -0.39420 -0.13202 0.90949 x
6462.05614 10.59376 0.21105 -0.18021 0.96072 x
6477.87126 4.23026 0.10763 0.85019 0.51535 x
6493.57806 14.34673 -0.24116 0.07161 0.96784 e
6509.79344 28.59691 -0.10172 -0.13226 0.98598 eb
6527.52151 20.87046 -0.32333 -0.65770 0.68036 xb
6534.72882 26.13934 0.04677 0.02180 0.99867 e
6543.84275 6.65922 0.06056 -0.74787 0.66108 xb
6546.25489 12.56721 0.23900 -0.09072 0.96677 x
6551.32776 14.22973 0.45672 -0.44141 0.77238 xb
6557.00432 2.68303 0.13148 -0.09028 0.98720 e
6570.96576 1.99108 -0.69798 -0.18301 0.69233 xb
6575.97045 10.12405 -0.35663 0.20022 0.91254 eb
6578.47466 7.65828 0.46059 0.50416 0.73053 e
6585.10194 35.34702 0.11552 0.00585 0.99329 e
6587.82203 8.84852 -0.31371 -0.06811 0.94707 eb
6589.68333 1.66981 -0.14728 -0.49850 0.85429 x
6594.50739 4.65274 0.09547 0.09242 0.99113 e
6602.16412 11.20687 0.15360 -0.24899 0.95625 eb
6606.11560 12.21166 -0.48166 -0.06920 0.87362 xb
6608.19001 22.60165 0.02603 0.17919 0.98347 xb
6669.93684 9.54477 0.51684 0.04179 0.85506 eb
6676.58889 27.13023 -0.15742 -0.04343 0.98658 eb
6681.83270 12.58523 0.28365 -0.34919 0.89309 eb
6682.77882 19.64327 -0.11209 0.15021 0.98228 e
6700.73517 4.54666 0.09037 -0.15480 0.98380 e
6705.50253 14.91467 -0.13403 -0.40570 0.90413 eb
6729.84848 7.77004 0.43420 0.34602 0.83171 x
6735.71113 25.57275 0.17248 -0.08621 0.98123 e
6743.12708 15.45450 0.01222 0.07806 0.99687 e
6743.96842 2.65272 0.68413 -0.22971 0.69224 e
6746.85994 13.71548 0.17204 0.18436 0.96769 x
6750.77473 23.11911 -0.07373 -0.02486 0.99697 e
6840.72038 8.58499 -0.23666 -0.63667 0.73393 eb
6848.75554 9.24384 -0.12762 0.06063 0.98997 e
6867.62742 11.35867 0.18335 -0.25435 0.94957 xb
6868.88406 17.32372 0.18293 -0.13936 0.97320 e
6872.37125 27.71444 -0.02277 0.18130 0.98316 x
6879.54188 9.44667 0.06202 -0.16893 0.98367 eb
6895.24679 17.68229 0.01959 -0.54650 0.83723 e
6903.15355 20.00515 -0.36363 -0.03426 0.93091 xb
6904.29610 14.02539 0.07108 0.00591 0.99745 x
6913.62343 10.52604 0.16901 0.01595 0.98549 e
6914.24422 3.69109 0.43167 -0.39254 0.81214 x
6921.83819 9.32278 -0.35764 0.11643 0.92657 e
6933.74682 8.18720 0.02370 0.22450 0.97419 x
6949.60937 22.05389 0.33284 -0.10432 0.93720 x
6971.10174 15.21760 0.33913 -0.10258 0.93513 e
6978.44806 7.75328 -0.05457 0.48187 0.87454 e
6989.79278 6.25968 0.05204 -0.24673 0.96769 e
6998.41806 17.07612 -0.08915 0.01205 0.99595 e
6999.72621 7.24491 0.23614 0.28781 0.92812 x
7017.52770 6.16064 -0.40945 -0.12186 0.90416 xb
7028.12808 9.07426 -0.24848 -0.38950 0.88687 x
7028.96077 14.89816 0.21540 0.13036 0.96779 e
7033.94543 14.14776 0.00178 0.32587 0.94541 x
7052.83859 8.32788 -0.65342 0.58420 0.48141 eb
7078.47679 8.01352 0.02740 0.40878 0.91222 x
7082.15797 11.11090 0.11311 0.08549 0.98990 e
7099.01321 7.11421 -0.19074 -0.16671 0.96738 e
7116.41748 12.47545 0.47332 0.10417 0.87471 xb
7126.83071 23.94922 -0.40217 -0.24669 0.88171 xb
7136.90742 4.47442 -0.33579 0.05224 0.94049 e
7138.66873 10.34464 -0.03965 -0.00659 0.99919 e
7142.16763 13.98057 0.17031 0.35361 0.91976 x
7204.85218 14.56622 0.13170 -0.33084 0.93445 x
7208.90983 5.97466 0.25729 -0.10950 0.96011 e
7215.12238 15.06250 0.10954 0.08974 0.98992 e
7223.57310 9.12526 -0.08558 -0.05684 0.99471 e
7259.26944 9.81590 0.23617 -0.27076 0.93323 e
7277.50550 13.17416 -0.10158 -0.06509 0.99270 x
7288.07262 9.84354 0.11390 0.24198 0.96357 e
7296.35372 9.09737 0.03466 0.44985 0.89243 x
7312.64640 7.22177 -0.10216 -0.18072 0.97821 e
7325.10144 4.24286 -0.39825 -0.35274 0.84674 e
7326.01758 16.58087 0.18510 0.06217 0.98075 e
7355.71796 18.55153 0.31859 -0.47663 0.81934 eb
7357.91710 17.11789 -0.23115 -0.25759 0.93820 e
7358.03845 14.83595 -0.32557 -0.16638 0.93077 x
7361.23260 4.47529 0.17562 -0.20995 0.96181 x
7365.42988 12.71635 -0.27326 -0.08273 0.95838 xb
7366.43797 7.02049 -0.49760 0.55614 0.66567 e
7375.81504 22.13084 0.36169 0.43871 0.82263 e
7391.75119 25.64595 0.42263 0.09686 0.90111 e
7453.46657 11.03681 0.14140 0.08768 0.98606 x
7457.39213 5.12603 0.37547 -0.50482 0.77729 e
7516.36396 17.94559 0.24390 -0.21879 0.94480 x
7538.66790 8.35233 -0.06703 -0.81163 0.58032 xb
7544.12092 8.26882 0.31528 0.65375 0.68790 e
7569.59813 5.52242 0.26668 0.38888 0.88185 x
7614.08926 36.29617 -0.15009 -0.05050 0.98738 xb
7673.55449 40.33450 -0.20414 -0.08071 0.97561 eb
7687.16067 12.08421 0.04574 -0.14687 0.98810 e
7695.01785 7.24567 -0.15962 0.17372 0.97177 e
7732.71697 6.13940 0.19952 -0.62771 0.75244 x
7769.54404 17.19849 -0.54245 0.44156 0.71468 x
7772.17708 19.50152 0.29172 0.20154 0.93503 x
7781.35679 6.13856 -0.50047 -0.30090 0.81178 e
7836.34736 5.93214 -0.00873 -0.27818 0.96049 xb
7836.82630 7.72781 0.06822 0.16244 0.98436 x
7859.37290 22.71139 -0.07408 0.18568 0.97981 e
7899.22115 4.97580 0.17905 0.08642 0.98004 e
7899.88039 11.84400 -0.15063 0.09068 0.98442 eb
7934.94975 20.94518 -0.11871 0.14646 0.98207 e
7951.19275 22.16928 0.23804 0.16782 0.95665 xb
7954.35873 4.79303 0.15166 0.18603 0.97077 eb
7967.41295 35.26054 0.02908 0.15303 0.98779 xb
7977.92259 20.73044 0.10231 -0.00751 0.99472 eb
7989.69844 11.37684 0.21867 -0.13064 0.96701 xb
7996.04295 3.04275 -0.23023 -0.21672 0.94870 e
8008.74442 4.36064 0.25673 0.15153 0.95453 eb
8014.34980 7.74557 0.51803 0.47215 0.71324 e
8018.55273 7.23256 -0.20791 -0.02546 0.97782 e
8049.38286 11.89405 -0.23722 -0.34243 0.90910 xb
8066.96385 14.08351 -0.24124 0.49537 0.83451 x
8117.32910 7.36712 0.26159 0.05685 0.96350 e
8162.04001 3.45814 -0.47011 0.03894 0.88175 e
8175.54505 5.53340 0.76264 0.32474 0.55940 e
8196.63342 14.00920 -0.17063 0.54595 0.82026 xb
8209.00998 18.83399 0.09721 0.08258 0.99183 e
8224.89195 20.73651 -0.20085 -0.02529 0.97930 e
8251.74090 14.49015 0.22138 0.46562 0.85685 eb
8258.27258 6.45921 -0.30287 0.60421 0.73702 eb
8263.97298 8.39448 -0.23930 -0.23739 0.94148 e
8297.50211 14.99184 0.00382 -0.14784 0.98900 eb
8312.96175 21.40117 0.12883 -0.03209 0.99115 e
8328.83424 5.89134 -0.06575 0.19407 0.97878 e
8359.48251 15.49835 0.03447 0.36683 0.92965 e
8380.38590 22.53369 0.16117 0.23652 0.95817 xb
8426.99566 8.24817 0.21159 -0.10945 0.97121 e
8438.72727 10.71369 0.37435 0.02006 0.92707 e
8443.51897 34.75490 -0.13989 0.03912 0.98939 x
8485.84689 13.23755 -0.04482 0.09652 0.99432 e
8494.86167 28.21383 0.11044 -0.09099 0.98971 xb
8516.72900 7.18017 -0.16936 -0.10099 0.98037 x
8554.12308 21.49347 0.03634 -0.39914 0.91617 xb
8578.51307 22.15810 -0.38519 0.64903 0.65604 x
8588.99150 10.68063 -0.01401 -0.34425 0.93877 e
8626.92078 11.54798 -0.04740 0.04615 0.99781 eb
8629.99847 4.22574 -0.71301 0.13316 0.68840 eb
8631.13442 7.41799 0.14112 -0.46934 0.87167 e
8651.63169 17.50963 0.38910 -0.18122 0.90320 e
8656.23400 9.16653 -0.59539 0.00106 0.80344 xb
8656.59740 12.51890 -0.39734 0.23067 0.88821 eb
8670.16222 6.60034 0.39003 0.00541 0.92078 e
8683.10940 7.96312 -0.27132 -0.33522 0.90223 e
8699.67223 4.94352 -0.16853 -0.10347 0.98025 x
8708.14347 13.07060 0.01431 -0.20526 0.97860 eb
8741.39532 16.24213 -0.28453 0.14418 0.94776 eb
8747.37422 5.82816 -0.31122 0.34542 0.88534 e
8749.27705 9.60751 0.26086 -0.33979 0.90360 eb
8769.11267 15.76144 0.20880 0.51189 0.83329 e
8777.62480 16.99706 -0.05764 -0.32458 0.94410 xb
8806.10309 15.97484 -0.24349 -0.09359 0.96538 xb
8840.34253 18.55584 0.03044 -0.08756 0.99569 e
8843.91709 13.22222 0.15997 -0.15647 0.97464 x
8859.35767 27.95316 -0.46306 0.01223 0.88624 eb
8877.51548 14.47179 -0.42521 0.11579 0.89766 eb
8888.29293 12.13042 0.45086 0.00219 0.89259 x
8919.10063 11.59703 0.14790 -0.06323 0.98698 e
8924.84499 16.62451 -0.22088 -0.14878 0.96389 xb
8992.46824 8.76380 -0.10794 -0.12252 0.98658 e
9032.56344 8.57018 0.45083 -0.66922 0.59068 x
9070.35051 4.79287 -0.38675 0.29874 0.87246 e
9086.01337 7.37565 0.24468 0.27178 0.93073 e
9119.32560 16.64879 0.03345 0.14188 0.98932 x
9131.08756 10.04491 0.24597 -0.13803 0.95940 x
9139.44000 10.25652 -0.05430 -0.82448 0.56328 e
9148.19291 9.94799 -0.17971 0.23989 0.95402 xb
9168.21572 16.54323 0.27172 0.24406 0.93092 x
9179.97188 7.76823 0.46535 -0.20483 0.86110 e
9199.51420 8.58270 0.11645 -0.01875 0.99302 e
9205.07238 21.90665 0.20507 -0.06544 0.97656 e
9238.70482 15.37576 0.30082 0.05216 0.95225 e
9306.51258 14.07183 -0.18705 -0.35017 0.91782 xb
9321.53517 6.09415 0.00891 -0.20287 0.97916 eb
9374.95912 15.81568 0.18255 0.11657 0.97626 xb
9378.30810 7.72391 0.02325 0.02822 0.99933 e
9433.20954 18.49885 0.22193 -0.17119 0.95992 eb
9443.85488 10.48842 -0.14453 0.39560 0.90698 eb
9472.68757 2.47775 0.07926 0.03849 0.99611 x
9480.97368 17.52260 0.20801 0.24210 0.94769 x
9483.67836 7.91943 -0.05784 0.06405 0.99627 xb
9505.97278 11.33393 -0.13097 -0.17841 0.97520 x
9555.30712 8.11353 -0.58639 0.17858 0.79010 eb
9563.97443 5.76960 0.13632 0.02085 0.99045 x
9571.73969 7.45647 0.04891 -0.11049 0.99267 eb
9610.55438 4.69535 -0.22784 -0.18630 0.95571 e
9614.60526 5.61719 -0.10874 0.06420 0.99200 e
9663.79427 8.47117 -0.15065 -0.14317 0.97816 e
9676.55503 16.22000 -0.07432 -0.40848 0.90974 e
9700.65549 14.40171 0.12575 -0.20937 0.96972 xb
9737.99133 19.78674 -0.16175 0.38145 0.91013 e
9767.08328 7.83209 -0.05705 0.40843 0.91100 e
9785.61384 11.57774 0.62096 -0.14924 0.76951 x
9790.20722 3.74319 0.05803 0.02381 0.99803 e
9793.11309 7.54615 0.64273 0.22783 0.73143 xb
9794.97021 5.79522 0.38559 0.45757 0.80122 eb
9795.84429 17.94896 -0.19540 -0.30371 0.93251 e
9813.96396 5.36335 -0.55969 -0.26609 0.78482 e
9820.22379 10.67135 -0.17186 0.05928 0.98334 xb
9829.17592 22.65529 0.50945 0.22391 0.83086 x
9866.09355 7.98726 -0.34829 0.10031 0.93200 xb
9867.55644 17.34564 0.15673 0.07322 0.98492 x
9870.26904 9.65438 0.40907 0.55373 0.72529 eb
9882.36930 24.83640 0.06051 -0.16090 0.98512 x
9891.53720 18.05766 0.10437 -0.02552 0.99421 e
9972.78784 8.31803 0.64329 -0.04499 0.76430 eb
9988.02748 6.59766 0.20803 -0.10075 0.97292 x
9997.58538 7.28690 -0.19954 -0.38753 0.90000 e
10006.11951 11.13340 0.13647 -0.45175 0.88165 e
10028.45001 11.60897 0.21872 -0.16569 0.96162 x
10047.03218 7.09339 -0.17687 -0.24051 0.95440 e
10056.20547 16.10440 -0.44402 -0.23426 0.86485 xb
10066.62142 17.59189 0.40663 0.24221 0.88090 e
10138.37630 13.16802 0.01379 -0.18646 0.98237 eb
10146.17036 13.25109 0.58068 0.56121 0.58979 e
10184.43464 7.85515 -0.55483 -0.15120 0.81811 e
10185.84760 9.30088 -0.35487 0.62194 0.69804 x
10198.13550 10.27203 -0.23743 -0.24913 0.93891 eb
10216.63917 4.81819 -0.56513 -0.15500 0.81031 e
10218.20631 4.49073 -0.75574 -0.29554 0.58440 e
10224.16523 7.40513 -0.84810 -0.21937 0.48228 xb
10228.03812 16.28968 -0.06600 0.10700 0.99207 e
10233.76929 6.39733 -0.18313 -0.38755 0.90347 e
10236.55833 8.87461 0.00229 0.53087 0.84745 e
10306.76588 14.09053 -0.49468 -0.19324 0.84732 eb
10330.53949 8.58505 0.33612 -0.09548 0.93697 e
10337.94822 23.25480 -0.17813 -0.16485 0.97010 xb
10380.28993 7.35075 0.04585 0.06004 0.99714 x
10401.89010 12.73534 0.06627 -0.00304 0.99780 eb
10409.20729 5.65376 0.04205 0.36588 0.92971 e
10427.51662 11.74301 -0.11827 -0.33116 0.93613 x
10441.29787 16.08407 -0.12445 0.03938 0.99144 e
10449.99677 9.82190 -0.16712 0.49555 0.85235 eb
10456.97026 11.68837 0.13066 0.46181 0.87730 xb
10559.03275 4.70909 -0.14354 -0.35084 0.92537 xb
10579.19638 1.06840 -0.05411 0.25540 0.96532 x
10582.31657 2.84507 -0.62124 0.23220 0.74843 eb
10602.65332 28.09347 0.14499 0.22517 0.96347 xb
10625.47768 7.75392 0.05019 0.03825 0.99801 e
10644.83976 11.92778 -0.17342 -0.22218 0.95946 e
10675.33595 8.85939 0.26350 0.42223 0.86735 e
10679.26543 12.09620 0.11065 0.14702 0.98293 x
10711.58337 6.29885 -0.13759 0.11135 0.98421 xb
10723.23826 5.65413 0.62112 -0.46288 0.63242 eb
10730.85145 19.26026 -0.46685 -0.41295 0.78200 xb
10748.60424 11.44903 -0.06433 0.22805 0.97152 e
10751.92241 8.02449 0.15556 0.38863 0.90817 xb
10780.04872 13.30527 -0.19321 0.03919 0.98037 x
10787.26999 6.24930 -0.19520 0.44677 0.87310 e
10789.14340 18.38694 -0.06413 -0.02695 0.99758 xb
10831.94079 10.45094 0.19943 0.07871 0.97675 x
10871.74123 4.05552 -0.32825 0.23462 0.91499 e
10899.30329 14.52774 -0.34820 0.05110 0.93603 e
10913.55630 15.54847 0.05514 0.15680 0.98609 e
10915.25987 4.98186 0.55837 -0.45267 0.69520 eb
10945.22535 22.56203 -0.39116 0.52206 0.75792 x
10976.36500 11.80236 0.03443 -0.00121 0.99941 x
10986.30108 4.21962 -0.35245 -0.03497 0.93518 x
10988.37828 6.04086 0.01933 0.27829 0.96030 e
11013.35195 3.39250 0.00433 0.14011 0.99013 e
11022.60943 5.43443 0.37506 0.62297 0.68647 e
11036.17574 26.55738 0.03225 -0.22163 0.97460 xb
11041.86507 5.64009 -0.53313 0.08669 0.84158 x
11068.38357 1.88980 0.17971 -0.02776 0.98333 e
11105.30432 22.32734 0.05550 0.26430 0.96284 xb
11131.02654 14.91048 0.31139 0.13132 0.94116 xb
11149.70491 8.56124 0.25108 -0.17531 0.95196 x
11181.96930 23.53447 0.23302 -0.79800 0.55579 x
11213.81499 10.08534 -0.08792 0.49696 0.86331 e
11245.57711 11.65364 -0.44775 0.06490 0.89180 x
11256.45399 6.60752 0.01043 0.03300 0.99940 e
11280.36860 10.43201 -0.54586 0.26670 0.79430 eb
11293.31116 11.49806 -0.08090 0.46814 0.87994 eb
11352.84351 6.55707 0.60701 -0.58491 0.53797 e
11360.18972 10.29961 0.38499 0.33341 0.86059 x
11376.28234 9.38814 0.11537 0.08111 0.99001 x
11429.10772 16.54194 -0.16053 0.08019 0.98377 eb
11437.37936 3.40743 0.41311 0.04585 0.90953 e
11450.63330 14.88148 -0.14546 -0.42621 0.89285 xb
11519.63087 11.40907 -0.07359 0.64453 0.76103 eb
11519.89706 9.98477 -0.17032 0.44047 0.88146 eb
11535.54133 5.54264 0.01096 -0.01925 0.99975 x
11539.63442 8.19510 -0.27177 0.19007 0.94340 e
11572.56223 8.99498 0.17614 0.14103 0.97421 e
11608.60602 12.33604 0.16407 -0.19412 0.96716 e
11618.44857 15.19826 -0.21810 0.31821 0.92259 xb
11680.32305 12.25187 -0.15594 0.36937 0.91610 xb
11719.90715 4.64947 -0.04419 -0.09303 0.99468 x
11771.63788 9.00721 0.14485 -0.03504 0.98883 x
11783.97000 35.19830 0.15671 0.02149 0.98741 e
11792.67053 26.32715 -0.29409 -0.33434 0.89539 eb
11799.81108 25.67650 -0.27163 0.01985 0.96220 xb
11812.11201 13.46918 -0.12562 -0.19956 0.97180 e
11819.93940 10.79943 0.26636 -0.39354 0.87987 eb
11840.46150 7.79466 -0.13764 0.15290 0.97861 e
11897.61495 7.86713 -0.11211 -0.03494 0.99308 e
11931.92839 13.66027 0.00168 0.07924 0.99685 x
11937.97952 2.12757 0.14378 0.38508 0.91161 e
11971.75708 22.38934 0.52065 -0.26446 0.81178 e
11972.79997 14.51287 -0.84185 -0.21442 0.49530 x
12022.89276 14.68734 -0.18106 0.39760 0.89952 e
12024.18463 6.87382 -0.11038 -0.06815 0.99155 xb
12067.11250 15.33112 -0.33523 -0.01230 0.94206 e
12089.37725 13.05404 0.42177 0.29284 0.85811 e
12091.30967 8.99107 0.31006 0.00618 0.95070 eb
12095.45659 9.02165 -0.18129 -0.18640 0.96560 e
12140.60909 8.92940 -0.35834 -0.23668 0.90309 x
12189.06244 4.42595 0.05454 -0.49085 0.86954 e
12204.30996 10.30479 0.18881 -0.23619 0.95319 e
12256.85033 8.63433 0.07950 -0.06587 0.99466 e
12267.36083 5.88300 0.32152 -0.00624 0.94688 e
12290.34621 6.33640 -0.12483 0.17801 0.97608 e
12297.68678 19.61763 -0.06241 0.05035 0.99678 x
12349.51391 13.29937 0.05572 -0.07885 0.99533 x
12362.55727 5.57030 0.65589 -0.01851 0.75463 e
12369.36657 7.34980 -0.14446 -0.29099 0.94576 x
12402.40303 2.68072 0.26377 -0.64082 0.72096 e
12460.50474 10.09284 0.21437 -0.39516 0.89325 e
12464.27589 7.93383 0.30480 -0.58668 0.75027 e
12468.74564 16.90016 0.18536 0.03218 0.98214 e
12474.71428 11.78692 -0.08405 0.29112 0.95299 xb
12549.19480 4.94407 0.36529 -0.35256 0.86155 eb
12580.04276 16.12026 -0.25362 -0.82789 0.50028 eb
12638.11301 8.36014 0.32890 -0.36583 0.87063 e
12650.94285 14.95618 0.58572 0.23093 0.77692 eb
12685.26638 5.87413 0.04321 -0.31072 0.94952 x
12710.40919 7.14120 -0.38227 -0.25007 0.88957 e
12757.21031 20.74137 0.08220 -0.11587 0.98986 e
12784.32875 13.26652 -0.37449 0.12375 0.91893 x
12785.02403 5.86074 -0.70045 -0.13856 0.70012 eb
12787.02178 4.10258 -0.07789 0.30832 0.94809 e
12790.83811 9.47749 -0.01252 -0.29432 0.95562 x
12837.63279 9.16996 -0.36308 0.22386 0.90447 e
12917.27692 11.28817 0.10506 -0.12860 0.98612 e
12929.88630 10.50083 -0.01807 0.38616 0.92225 e
12943.09938 9.15622 -0.11201 -0.09909 0.98875 xb
12950.91254 11.96350 -0.47602 -0.13658 0.86876 xb
12956.11470 11.95356 -0.26865 -0.03346 0.96266 e
12966.07027 13.35465 -0.26800 0.33176 0.90449 eb
13018.14393 16.21656 -0.22991 -0.11233 0.96671 e
13024.08526 13.08093 0.23191 0.62874 0.74223 eb
13069.95271 12.97542 -0.08318 -0.12317 0.98889 x
13101.87051 13.26771 -0.04043 -0.04995 0.99793 e
13176.57071 3.14438 0.12879 0.73691 0.66361 e
13218.80154 12.52613 -0.04585 -0.24640 0.96808 x
13229.03426 6.10468 -0.11051 0.00614 0.99386 e
13250.06076 6.54186 -0.31743 -0.01287 0.94819 e
13265.67410 13.84344 0.22145 0.17343 0.95963 eb
13274.15029 26.61712 0.10148 -0.35215 0.93043 eb
13311.29113 21.76136 -0.10017 0.06587 0.99279 e
13384.21019 4.76289 -0.19356 0.04329 0.98013 xb
13502.28249 6.70024 0.31042 -0.06691 0.94824 e
13535.37908 14.97057 -0.52063 0.53244 0.66743 xb
13553.39545 2.98447 -0.38882 0.52921 0.75416 e
13559.92855 8.33194 -0.42791 0.68513 0.58948 e
13567.74522 8.94710 0.11945 0.20493 0.97146 e
13600.69189 5.91745 0.33769 -0.01802 0.94109 e
13610.95886 7.01262 0.74840 -0.23297 0.62099 e
13635.22281 7.79847 0.30512 -0.07806 0.94911 eb
13781.54303 18.24660 0.17912 0.26532 0.94737 e
13812.19080 15.96834 0.28203 0.28197 0.91704 eb
13858.13025 5.66472 0.03543 0.23886 0.97041 xb
13870.40793 28.90596 0.09221 -0.03308 0.99519 e
13917.83980 4.47111 0.15765 0.55383 0.81757 eb
13974.48840 9.03324 0.37611 -0.04969 0.92524 e
13977.79059 10.65942 0.27831 0.10788 0.95441 x
13987.78540 11.26947 0.15670 -0.00455 0.98764 e
14016.71387 8.97144 -0.23226 0.00857 0.97262 x
14066.23214 8.85304 -0.53234 -0.19907 0.82279 eb
14125.59690 13.03705 -0.08935 0.30546 0.94800 xb
14306.33891 21.85543 0.25545 -0.21060 0.94361 xb
14314.18152 20.19051 0.15260 -0.17129 0.97333 x
14345.66621 6.68344 -0.01267 -0.20579 0.97851 e
14372.23658 4.82343 -0.38914 -0.37656 0.84070 eb
14458.46056 6.30984 0.59197 0.11577 0.79760 e
14476.37347 7.86256 0.16166 -0.02769 0.98646 e
14499.65639 11.13266 0.07041 0.10606 0.99186 e
14516.86117 7.44320 0.09407 -0.12705 0.98743 x
14528.68589 11.94362 0.13521 -0.02251 0.99056 eb
14536.23787 7.51563 -0.04639 -0.29046 0.95576 xb
14615.48830 7.98244 0.13760 0.01374 0.99039 e
14622.34696 4.84679 -0.30814 0.07064 0.94872 x
14640.48259 11.19178 0.71762 0.15740 0.67842 x
14674.51276 9.49285 0.06741 -0.02487 0.99742 e
14779.13060 8.30443 -0.07997 0.20521 0.97545 e
14814.39328 6.48979 0.22141 -0.18823 0.95684 e
14842.59318 8.58206 0.48959 0.10552 0.86554 x
14863.50309 11.70115 -0.50628 -0.44595 0.73811 x
14889.04882 16.38457 0.39916 -0.17849 0.89934 eb
14901.40435 5.08845 0.30322 0.43502 0.84783 eb
14945.74838 9.98654 -0.56884 0.02282 0.82213 e
14993.31587 5.69592 0.07664 -0.00907 0.99702 e
15018.47491 11.20178 -0.02252 0.40905 0.91223 e
15026.28963 16.36589 0.07787 0.05138 0.99564 e
15046.45763 4.54676 0.84822 -0.03708 0.52834 e
15051.91478 8.38648 0.21115 -0.11795 0.97031 x
15060.25477 9.97622 -0.02209 -0.38954 0.92075 e
15133.83785 4.64960 -0.06994 -0.31962 0.94496 xb
15193.61247 13.62039 0.10805 -0.09900 0.98920 x
15213.89615 21.55784 0.17877 0.06905 0.98147 eb
15245.78758 8.45595 -0.27361 0.19934 0.94096 xb
15301.62302 14.06843 -0.13371 -0.17493 0.97546 e
15333.67770 14.49367 0.06908 0.24964 0.96587 xb
15426.44783 10.37743 -0.25819 0.11044 0.95976 e
15455.02897 10.77175 -0.33795 -0.37546 0.86303 x
15493.94825 9.36615 0.03548 0.50313 0.86348 e
15530.21938 7.41590 0.65780 0.46175 0.59506 eb
15547.90875 20.87978 -0.27876 0.03543 0.95971 x
15606.14722 10.21443 -0.05182 0.17314 0.98353 xb
15612.29131 17.67532 -0.08028 -0.07827 0.99369 e
15691.24188 27.22953 0.02057 -0.51584 0.85644 e
15708.68291 7.14486 0.27335 0.50571 0.81826 e
15713.09978 11.93296 -0.31937 0.30507 0.89718 e
15772.77089 4.85878 -0.50407 0.29210 0.81277 x
15814.44022 9.98440 0.19980 -0.32331 0.92496 eb
15816.76669 8.40756 0.03562 -0.86139 0.50670 e
15825.30616 10.31342 0.20569 -0.16580 0.96447 x
15887.25831 10.33343 -0.16031 0.00956 0.98702 e
15925.77638 14.81803 0.05502 0.03335 0.99793 eb
15956.23210 8.64723 -0.61229 0.43529 0.66002 eb
16021.05247 10.32858 0.16169 0.31331 0.93579 e
16035.75806 8.55713 -0.30920 0.14405 0.94003 e
16075.66124 10.51952 0.13737 -0.06940 0.98809 e
16089.63531 7.88911 0.08071 0.19747 0.97698 e
16127.40300 8.08622 0.01405 0.37918 0.92522 e
16170.08638 12.69911 -0.07225 -0.04454 0.99639 xb
16306.17968 7.96996 0.33134 0.33998 0.88013 xb
16354.26328 5.30702 0.09055 0.34594 0.93388 xb
16366.82504 4.61170 -0.26361 0.29114 0.91964 xb
16387.24122 7.70095 0.15784 0.80403 0.57325 eb
16437.09661 4.75249 -0.41861 0.14320 0.89680 x
16449.54906 8.04178 -0.08908 0.34522 0.93429 eb
16536.73097 14.05881 0.34031 -0.38625 0.85732 xb
16543.33834 5.55558 -0.24208 -0.73055 0.63851 x
16691.74792 8.90823 0.51006 0.18653 0.83967 eb
16741.68992 15.60729 0.50263 -0.43775 0.74548 eb
16755.89705 14.62146 0.11855 0.14497 0.98231 e
16797.14410 5.52267 -0.29145 0.35928 0.88655 e
16835.19795 7.41175 -0.25780 -0.58354 0.77007 e
16840.19137 4.65059 0.15780 0.01764 0.98731 e
16847.45938 7.86660 0.38073 -0.46151 0.80128 xb
16862.78313 12.39098 0.67439 0.23195 0.70100 e
16876.21643 4.77878 0.07943 0.00357 0.99683 xb
16924.32755 9.02035 -0.13524 0.00866 0.99078 e
16944.46354 8.77547 0.07312 0.13717 0.98785 e
16965.42098 6.35928 0.26746 0.15429 0.95114 eb
16993.24719 15.71400 0.88204 -0.01765 0.47085 eb
17020.36943 12.08448 -0.04259 -0.28992 0.95610 x
17027.50555 5.44296 0.50037 0.05479 0.86408 eb
17056.89218 12.73261 -0.08843 0.34871 0.93305 e
17062.41770 9.89657 0.40126 0.45804 0.79321 e
17121.31079 5.38314 0.56090 -0.16302 0.81167 e
17248.36634 9.20554 0.11601 0.19938 0.97303 e
17268.11780 12.58170 -0.23127 0.01786 0.97272 e
17274.43783 4.01149 -0.00357 0.06302 0.99801 xb
17285.46739 6.52190 0.00063 -0.35382 0.93531 e
17343.66582 13.51288 0.22539 -0.04831 0.97307 eb
17431.01090 14.14457 0.56188 0.20637 0.80106 eb
17467.19489 5.64487 -0.36439 0.72602 0.58320 x
17481.47653 3.32233 0.52851 0.22569 0.81837 x
17534.38318 5.51641 0.70030 -0.11705 0.70418 eb
17538.63050 5.76148 -0.65316 -0.15823 0.74051 eb
17546.72925 8.81073 -0.21311 0.24164 0.94667 eb
17557.43093 10.00399 -0.24653 0.02601 0.96878 e
17580.11914 30.55672 0.05402 0.25670 0.96498 eb
17600.05047 12.29638 -0.38508 0.12652 0.91417 e
17605.53636 4.03210 -0.57100 -0.21294 0.79286 e
17655.52313 4.64702 -0.05286 0.00679 0.99858 xb
17666.20079 5.37684 0.26945 0.06633 0.96073 xb
17815.17982 10.89598 -0.50428 0.04809 0.86220 xb
17844.68922 10.26168 -0.33037 -0.38756 0.86061 x
17867.08671 7.31637 -0.29215 0.01470 0.95626 e
17906.35317 20.23790 -0.25450 -0.21473 0.94293 eb
17920.16286 18.67170 0.15472 -0.36094 0.91966 xb
17928.39916 6.47602 0.36184 0.23013 0.90339 e
18042.28948 17.09027 -0.14063 0.29549 0.94494 xb
18067.89672 9.05205 -0.41851 -0.16142 0.89375 e
18069.98856 4.54636 -0.17452 -0.14571 0.97381 e
18093.30937 9.98608 0.06229 0.07759 0.99504 e
18156.37617 4.90639 0.04921 0.62804 0.77662 e
18186.81173 9.10695 0.28506 -0.12500 0.95032 e
18216.07887 22.08933 0.07930 -0.26914 0.95983 xb
18238.61403 6.20180 0.20902 0.37425 0.90346 e
18254.46903 16.58318 -0.20885 -0.15565 0.96548 xb
18268.10153 9.72898 0.08521 0.70459 0.70448 eb
18269.00627 18.37193 -0.20058 -0.11669 0.97270 x
18352.56246 4.56290 -0.47271 0.21611 0.85431 e
18443.12278 14.43182 0.35306 -0.78528 0.50860 eb
18459.57066 11.04762 0.14732 -0.23226 0.96143 e
18485.30102 10.10299 0.21266 0.84407 0.49226 eb
18495.65014 16.58989 0.32669 0.15637 0.93211 xb
18502.81760 7.74222 0.06792 -0.59463 0.80113 eb
18528.36425 6.19501 -0.09293 0.01399 0.99557 xb
18546.90064 4.11545 0.36836 0.20160 0.90756 e
18560.25881 13.80730 -0.31964 0.12386 0.93941 eb
18578.58947 3.63450 -0.20653 0.10313 0.97299 e
18645.98578 15.55985 0.06811 0.13479 0.98853 e
18714.62049 4.99653 -0.11550 -0.12367 0.98558 e
18770.74459 3.38155 -0.03631 -0.43139 0.90143 e
18779.22385 5.39501 -0.36914 -0.43811 0.81963 e
18795.53066 14.04519 0.61122 -0.46368 0.64142 eb
18819.71040 12.84446 0.07120 0.26043 0.96286 e
18851.88144 3.29830 -0.53990 -0.06172 0.83946 eb
18956.88882 9.87049 0.21855 -0.23988 0.94588 e
19049.44313 12.10002 -0.25882 -0.37135 0.89169 xb
19141.82655 7.41483 -0.61302 0.31952 0.72257 eb
19195.36922 8.69590 0.20638 0.33633 0.91885 xb
19211.87870 23.93442 -0.13269 0.53089 0.83699 x
19218.73627 5.91954 -0.08341 0.50079 0.86154 xb
19284.88240 10.19258 -0.16610 0.34316 0.92447 x
19302.24335 7.71363 0.02795 0.12104 0.99225 e
19332.43120 14.03585 0.54042 -0.16033 0.82598 e
19348.88894 13.11112 -0.57740 0.45946 0.67491 xb
19379.11624 5.55415 -0.17331 0.19315 0.96574 e
19431.91962 17.69000 0.06087 0.03017 0.99769 x
19450.49527 2.79223 0.38134 0.34150 0.85904 xb
19471.64204 15.12039 -0.23825 -0.45508 0.85799 xb
19500.11351 8.18951 -0.20796 0.09250 0.97375 e
19514.54802 7.75860 -0.42928 -0.48708 0.76058 e
19541.27814 6.51923 -0.24161 0.14765 0.95907 e
19580.78699 3.92848 0.09535 -0.59594 0.79735 xb
19747.40865 5.98215 0.56488 -0.30250 0.76772 e
19846.56960 7.84196 0.42989 0.10916 0.89626 x
19873.73523 10.56823 -0.11020 0.30261 0.94672 e
19884.30617 6.95591 -0.50758 -0.46150 0.72759 eb
19888.11295 23.83398 -0.16940 0.11283 0.97907 e
19932.27554 9.62212 -0.28479 0.57439 0.76745 e
19983.95993 15.45999 0.05457 -0.01061 0.99845 x
