17.07850 67.72021 0.87989 0.37531 -0.29144 eb
24.62477 34.43141 0.65632 -0.03835 -0.75350 eb
25.57630 83.67867 0.17459 -0.87536 0.45085 eb
26.57590 43.59774 0.99908 0.04240 0.00606 eb
27.06991 91.89920 0.31973 -0.92560 -0.20258 eb
27.49393 83.06446 0.94643 -0.23026 -0.22640 eb
28.99069 39.88464 0.37855 0.40479 -0.83237 eb
29.17521 54.93316 -0.79582 -0.54192 0.27019 eb
29.21543 82.83315 0.26226 0.96104 0.08732 eb
29.30368 99.26906 -0.62068 -0.58746 0.51927 eb
29.69511 90.94558 0.67273 0.57141 0.47003 eb
30.04514 37.72125 -0.72642 -0.13818 -0.67321 eb
30.36808 87.11990 0.65067 -0.08616 -0.75446 eb
30.77764 43.31046 -0.40225 0.48025 -0.77946 eb
30.84837 64.56131 -0.65131 -0.55039 -0.52236 eb
31.39599 82.61324 -0.17458 0.09361 -0.98018 eb
33.46801 94.15973 0.74428 -0.66561 0.05480 eb
33.47684 50.64967 0.01926 0.41108 -0.91140 eb
34.48465 44.62159 0.25531 0.53568 -0.80490 eb
35.24394 71.57939 -0.16409 -0.97328 -0.16062 eb
35.64430 78.37076 -0.78072 -0.44385 -0.43985 eb
35.75989 23.59692 -0.93575 0.10119 -0.33783 eb
35.89160 48.42280 0.02352 0.98995 -0.13947 eb
38.60230 45.47005 0.66972 0.74073 -0.05281 eb
38.61983 72.12114 0.88890 0.40415 0.21568 eb
38.81921 44.39337 0.22855 0.20358 -0.95201 eb
39.64573 65.73478 0.78825 0.38226 0.48222 eb
39.80385 96.43834 0.03293 -0.57177 -0.81975 eb
40.49337 71.12773 -0.33332 0.24399 -0.91069 eb
40.94968 41.68559 -0.06492 -0.24707 -0.96682 eb
41.63661 73.29909 -0.52495 -0.75798 -0.38716 eb
42.77348 76.88838 -0.36629 0.71878 -0.59092 eb
43.30428 87.85926 -0.24660 -0.96859 -0.03199 eb
43.33164 88.35671 -0.21463 0.97124 -0.10311 eb
44.77306 60.03546 0.74605 0.21158 -0.63137 eb
45.41778 63.37538 0.74863 -0.64354 -0.15941 eb
51.43380 59.17834 0.67872 0.57131 -0.46146 eb
54.07172 33.77975 -0.31038 0.70836 0.63394 eb
54.30227 90.31835 -0.18580 0.80993 -0.55632 eb
54.42600 74.03206 0.15635 0.84214 0.51610 eb
54.59976 83.44923 0.75702 0.65335 -0.00804 eb
54.69411 95.56524 -0.47560 0.79051 -0.38588 eb
55.35046 45.12628 0.07333 0.77232 -0.63099 eb
55.49191 74.47661 0.20598 -0.84477 0.49390 eb
55.68813 74.29569 0.29834 0.76499 -0.57077 eb
56.37456 92.33485 -0.88657 -0.32082 -0.33328 eb
59.66800 54.25392 -0.57117 0.67078 0.47309 eb
60.56519 81.99864 0.13537 0.90408 -0.40535 eb
60.79317 91.30583 0.71818 -0.21860 -0.66063 eb
61.04030 59.25146 0.38380 0.34308 -0.85732 eb
61.65450 56.83798 0.49810 -0.12666 -0.85782 eb
62.24946 45.31301 0.91824 -0.01309 -0.39581 eb
62.42407 42.45394 -0.59081 -0.80679 0.00582 eb
62.64419 66.74565 0.88795 0.42741 -0.16988 eb
62.75410 42.00121 0.04562 -0.91417 0.40275 eb
63.28942 51.47021 0.80590 -0.42762 0.40947 eb
63.40563 82.99686 0.81904 0.12737 -0.55942 eb
63.49029 85.45902 -0.43771 -0.82142 -0.36562 eb
63.96859 60.91019 -0.61833 -0.16683 -0.76801 eb
64.15304 74.08964 -0.49286 -0.69910 -0.51803 eb
64.33494 54.08538 -0.99596 0.01382 -0.08878 eb
64.46733 32.70704 0.19118 -0.35541 -0.91495 eb
65.78584 65.00367 -0.95390 -0.29463 0.05713 eb
66.05777 29.34960 0.22970 0.88234 -0.41076 eb
66.07882 36.45008 -0.04142 0.57733 -0.81546 eb
66.16569 84.31966 -0.44059 0.31105 -0.84210 eb
66.42675 40.47087 0.48069 -0.63679 -0.60285 eb
67.45880 62.10355 0.66275 0.53904 -0.51981 eb
67.90484 77.09245 -0.30314 -0.53820 -0.78641 eb
69.28123 81.21840 -0.73402 -0.56336 -0.37926 eb
69.48904 56.75187 -0.64027 -0.74204 -0.19855 eb
69.52383 21.81176 -0.55838 0.08678 -0.82504 eb
70.10040 81.91021 0.20510 0.94522 -0.25395 eb
70.97225 42.03930 -0.21910 0.97550 -0.02005 eb
71.49421 82.27600 0.16732 0.19696 -0.96603 eb
71.63387 58.30712 -0.26520 -0.24174 -0.93340 eb
72.36711 95.15746 -0.15223 0.74388 -0.65075 eb
72.75485 72.77221 0.42819 0.05582 -0.90196 eb
73.13925 83.13307 0.08187 -0.94482 0.31720 eb
73.23667 46.89664 -0.49567 -0.15827 0.85397 eb
74.76891 50.83217 0.35118 -0.34844 -0.86906 eb
74.78949 91.88248 0.59468 0.42274 -0.68385 eb
75.45639 37.69249 -0.41758 0.44365 -0.79297 eb
78.43585 33.09289 0.22990 -0.96209 0.14670 eb
79.75814 29.75822 0.12643 0.63968 -0.75817 eb
80.50427 19.46311 0.60899 0.67364 -0.41873 eb
80.51766 39.81214 0.62987 0.77665 -0.00836 eb
80.57368 78.50370 -0.42647 0.13834 -0.89386 eb
81.01765 73.75188 0.66708 0.30434 -0.67999 eb
82.09498 61.37343 0.83180 -0.19512 -0.51964 eb
82.48326 82.40988 0.21748 -0.47235 -0.85416 eb
83.11741 57.83027 -0.71878 -0.49553 -0.48765 eb
83.14262 66.22394 -0.28806 0.12582 -0.94931 eb
83.54050 95.12324 0.64970 0.75695 -0.07016 eb
84.41966 74.35569 -0.49991 -0.83874 0.21589 eb
84.77195 60.75091 0.56471 0.64761 0.51157 eb
85.14304 79.53061 -0.81804 -0.48919 -0.30251 eb
85.68156 56.60358 -0.54896 0.83496 0.03853 eb
85.77471 68.60741 0.83141 -0.52364 0.18589 eb
85.89795 38.57231 -0.38483 0.14925 -0.91084 eb
86.38798 45.80063 -0.34533 0.30976 -0.88588 eb
88.28435 33.65486 -0.31222 -0.88127 -0.35479 eb
88.28806 46.47614 -0.41027 -0.48766 -0.77062 eb
89.03476 53.01807 0.83574 0.47231 -0.28013 eb
90.67301 71.26060 -0.81975 0.54616 0.17238 eb
91.37714 30.43879 -0.26452 -0.36304 -0.89344 eb
91.80143 39.32453 0.26568 0.85561 -0.44424 eb
92.84746 74.57513 0.32424 0.00166 -0.94597 eb
93.34409 73.50240 0.24937 0.56990 0.78296 eb
93.49801 47.59971 -0.61054 -0.78947 0.06302 eb
94.31597 22.77891 0.18523 -0.65390 0.73356 eb
94.58968 63.97608 -0.18259 -0.84957 -0.49486 eb
95.50547 53.36640 -0.90030 -0.42994 0.06794 eb
95.87648 68.49403 -0.78358 -0.03391 0.62036 eb
96.52752 71.50005 0.16673 0.80515 0.56916 eb
96.93950 39.22535 -0.79012 0.10426 -0.60402 eb
97.46505 46.04654 0.17497 0.45820 -0.87146 eb
97.58012 37.62422 -0.28147 -0.67688 -0.68015 eb
99.69157 94.39197 -0.09037 0.90835 0.40833 eb
101.58749 32.27384 0.21536 -0.97494 0.05580 eb
102.28270 76.64580 0.38524 0.81204 -0.43838 eb
102.30309 42.17268 0.39339 0.88488 -0.24946 eb
103.50540 38.30830 -0.81399 0.00104 -0.58088 eb
103.64711 81.59202 -0.31280 0.55568 -0.77030 eb
104.18310 48.25050 0.60190 0.43282 -0.67111 eb
105.29653 47.28904 0.09051 0.86028 -0.50172 eb
106.50269 47.02144 0.72632 0.50185 0.46968 eb
106.99292 51.58393 0.90196 -0.43181 -0.00284 eb
107.58898 75.75462 -0.45885 0.87347 0.16283 eb
107.91891 91.69083 -0.69342 -0.68132 -0.23447 eb
108.65136 53.72172 -0.07083 0.23378 -0.96971 eb
108.73482 42.12445 -0.15131 0.98746 0.04495 eb
109.09648 99.70289 0.84711 0.44884 -0.28452 eb
109.89235 68.65562 0.25331 -0.40199 -0.87991 eb
111.53643 29.36925 -0.10662 0.42190 0.90035 eb
114.65094 75.69291 0.21728 -0.82226 -0.52600 eb
115.22285 81.43761 0.58306 -0.63328 -0.50892 eb
115.25497 54.49883 0.50092 -0.85613 -0.12700 eb
115.65552 59.66533 0.85430 0.48991 -0.17368 eb
115.88626 64.24161 0.14320 -0.95240 0.26913 eb
115.88778 49.87826 -0.18085 0.90222 -0.39153 eb
118.14831 24.54224 0.38928 0.00584 -0.92110 eb
118.15958 47.99738 -0.83688 0.30356 -0.45550 eb
118.97888 33.03707 -0.47883 -0.87518 0.06912 eb
119.29740 61.45448 0.35266 -0.68621 -0.63620 eb
119.89754 75.96256 0.51247 0.73772 -0.43948 eb
121.21443 42.68087 -0.63321 -0.77379 -0.01712 eb
122.03579 64.06125 -0.95708 0.24741 -0.15098 eb
122.36530 37.75285 -0.69096 0.68688 -0.22533 eb
122.40181 95.08799 0.91570 0.14976 -0.37292 eb
122.45799 65.49672 -0.81403 -0.52529 -0.24784 eb
122.54956 29.75123 0.65294 -0.75348 0.07699 eb
124.37485 33.92118 -0.17782 0.41478 0.89238 eb
125.02153 96.66804 0.41849 -0.84614 -0.33003 eb
125.11454 48.85937 0.28744 0.91348 0.28798 eb
125.56569 38.72126 -0.38890 0.57169 -0.72245 eb
125.78385 63.46603 0.68261 0.55041 0.48072 eb
126.86757 92.21231 -0.38243 0.55920 0.73556 eb
127.16564 75.43343 -0.38469 0.04131 -0.92212 eb
127.43537 33.52330 0.91605 0.09969 -0.38848 eb
127.63682 59.65179 -0.51058 -0.23556 0.82693 eb
127.88499 34.32799 0.49329 -0.78423 -0.37636 eb
128.32052 31.52036 -0.91487 0.07341 -0.39701 eb
129.42926 51.58625 -0.32353 -0.92932 -0.17804 eb
129.93458 45.49119 -0.33305 0.90801 0.25417 eb
132.14014 36.94958 0.07096 -0.85023 -0.52161 eb
132.66441 48.72887 0.79683 -0.50033 0.33872 eb
133.52816 69.60382 -0.60113 0.55372 0.57622 eb
133.96605 72.55004 -0.61550 -0.18680 -0.76568 eb
134.50929 78.44749 -0.32409 0.93801 0.12289 eb
136.77193 96.16657 0.51693 -0.71200 -0.47523 eb
137.18833 46.26236 0.87509 -0.15108 0.45978 eb
137.67443 82.40720 -0.49982 0.78032 -0.37587 eb
138.01188 43.30942 0.19295 0.90137 -0.38770 eb
138.51682 52.84250 -0.96015 0.27904 0.01545 eb
138.78944 63.07286 0.41383 -0.12126 -0.90224 eb
138.85631 88.81864 -0.04097 -0.29003 -0.95614 eb
140.13889 28.38391 -0.19554 -0.95813 0.20917 eb
142.35521 45.56881 -0.97837 0.16194 -0.12869 eb
142.55685 78.74642 0.73912 -0.47554 0.47705 eb
143.37509 45.82877 -0.96249 0.17747 -0.20523 eb
143.93852 26.13533 0.84392 0.38191 -0.37676 eb
144.28557 48.36328 0.59361 0.14455 -0.79166 eb
144.39082 89.15389 0.09645 0.97090 -0.21919 eb
145.12875 81.26757 0.15023 -0.17720 -0.97264 eb
145.83256 58.10005 0.10283 0.61362 -0.78288 eb
145.88462 28.19510 0.49613 0.85167 -0.16886 eb
146.35080 47.16773 -0.15357 0.97125 0.18189 eb
147.03058 61.16717 -0.31824 0.00024 -0.94801 eb
147.63141 28.99442 0.22909 0.86008 0.45582 eb
147.95306 25.83467 -0.14826 -0.68499 -0.71330 eb
148.34652 92.45826 -0.66766 0.47058 -0.57688 eb
148.97743 54.02539 -0.23171 0.78000 -0.58131 eb
149.03775 25.89779 0.30539 -0.66146 -0.68499 eb
149.95878 62.08182 0.59618 0.34065 -0.72700 eb
151.32009 39.42876 -0.01641 0.69955 -0.71439 eb
153.38345 77.40687 0.77261 -0.36321 -0.52072 eb
153.44387 55.70984 -0.35091 0.00112 -0.93641 eb
154.40552 18.55871 0.60706 -0.67881 -0.41316 eb
154.44550 59.10917 0.07418 -0.90180 -0.42575 eb
155.33458 48.50080 -0.52415 -0.32887 -0.78557 eb
155.49357 51.68878 -0.50360 -0.77665 0.37841 eb
155.49844 47.72311 -0.53094 -0.49281 -0.68938 eb
155.90652 46.72946 0.69079 0.39839 0.60341 eb
156.12022 68.69409 0.97628 0.15583 0.15029 eb
156.41546 32.73900 0.39523 -0.27968 -0.87497 eb
157.04812 41.95066 0.44807 0.43296 0.78217 eb
157.84362 45.75545 -0.57062 0.74306 -0.34966 eb
158.17001 35.91773 0.79801 -0.24935 0.54865 eb
159.05269 58.83443 -0.78812 0.29452 0.54049 eb
159.69485 54.55242 0.98642 0.14539 -0.07645 eb
160.45650 49.97279 -0.71574 0.40978 -0.56551 eb
160.95386 71.24349 -0.27404 0.37293 -0.88647 eb
161.40357 39.15319 0.22797 0.89924 -0.37337 eb
161.90486 60.36585 0.49235 0.06700 -0.86781 eb
162.10582 32.11537 0.94498 0.28703 0.15693 eb
162.10903 50.01129 -0.77725 -0.55947 -0.28786 eb
162.49278 58.76400 -0.02566 0.91583 -0.40075 eb
163.57951 38.06064 -0.73973 -0.15148 0.65564 eb
165.10510 30.97154 -0.17929 -0.88231 -0.43518 eb
165.26394 51.04147 -0.82722 -0.11804 0.54933 eb
165.39637 40.35687 -0.82781 0.55739 -0.06358 eb
168.00887 76.11656 0.53752 0.63960 0.54953 eb
168.29940 31.50538 0.57077 0.50908 0.64426 eb
169.48273 89.55430 -0.86920 -0.34968 -0.34958 eb
170.11733 62.21282 0.51404 0.05530 -0.85598 eb
170.44736 19.47830 -0.42217 -0.17985 -0.88850 eb
171.03320 56.21916 -0.68198 0.35233 0.64091 eb
171.27881 42.15201 -0.76608 0.64020 -0.05715 eb
172.61678 75.80769 -0.94492 0.00163 -0.32731 eb
173.70109 32.35013 0.94488 0.31667 -0.08325 eb
174.38310 43.01134 0.55504 0.75305 -0.35332 eb
174.97921 63.26657 0.44695 -0.35434 -0.82139 eb
175.14314 55.85062 0.81871 -0.56530 0.10069 eb
175.21444 33.47927 -0.07878 -0.62956 -0.77294 eb
175.24088 62.08222 0.21508 0.96505 -0.14976 eb
175.83164 30.28142 0.36775 -0.91834 -0.14633 eb
176.10953 40.36949 -0.25196 0.29685 -0.92108 eb
176.95808 53.57893 0.88218 -0.36134 -0.30198 eb
177.78123 53.30389 0.07241 -0.99076 -0.11466 eb
178.55639 59.76031 0.48901 0.81187 -0.31897 eb
178.93322 81.12392 -0.21082 -0.51302 -0.83209 eb
178.95609 24.68083 -0.85906 0.17883 0.47963 eb
179.70560 61.12974 -0.50243 -0.81453 0.29000 eb
179.90840 34.06529 -0.21921 0.43565 -0.87302 eb
180.09067 51.38021 -0.37483 -0.61062 0.69760 eb
180.29716 69.31530 -0.64367 0.36739 -0.67135 eb
180.31025 71.75472 0.82232 -0.04114 -0.56754 eb
181.31585 33.32034 0.21900 -0.83163 -0.51032 eb
181.43037 77.52942 -0.35239 -0.75493 -0.55309 eb
182.12485 46.46279 0.84669 0.02354 -0.53157 eb
182.31408 55.07262 -0.13953 -0.77698 -0.61386 eb
184.41135 68.24785 0.92913 -0.23636 -0.28436 eb
184.55645 73.68977 -0.60912 0.62398 -0.48952 eb
184.77764 32.30856 0.61448 0.00340 -0.78892 eb
185.42889 51.34462 0.20071 0.53263 -0.82221 eb
186.40911 28.32034 0.28628 0.61557 -0.73425 eb
187.13475 21.93188 -0.94828 0.25841 -0.18435 eb
187.41121 77.03343 0.41528 -0.90501 0.09222 eb
188.42208 38.92542 0.09979 0.59826 0.79507 eb
189.59070 20.21213 0.38486 -0.82823 -0.40733 eb
190.54689 44.28412 0.48553 -0.67746 0.55255 eb
192.52602 38.85091 -0.75557 -0.54118 -0.36912 eb
196.24028 47.66810 0.65117 -0.67252 0.35170 eb
197.27300 63.62245 -0.83917 -0.54259 0.03719 eb
198.18657 52.49116 -0.57845 -0.68387 -0.44466 eb
199.28232 49.37223 0.73685 -0.34274 -0.58274 eb
199.39390 40.17193 0.87258 0.33995 -0.35077 eb
199.42294 71.48777 -0.25953 -0.26669 -0.92818 eb
199.74079 38.24084 -0.42293 0.23244 -0.87584 eb
200.08401 43.31594 0.63507 0.61399 -0.46872 eb
200.12661 45.02593 0.50170 -0.22099 -0.83634 eb
200.64263 36.07377 0.29515 0.69470 -0.65596 eb
200.84937 57.39829 -0.74113 0.63442 0.21962 eb
202.55302 38.81902 -0.75001 0.35568 0.55765 eb
202.85041 30.30187 0.44046 0.69836 0.56416 eb
203.44784 46.11294 -0.07722 0.99470 -0.06788 eb
203.72930 37.75930 0.24157 0.39577 -0.88601 eb
204.26413 55.04754 0.67058 0.27046 0.69078 eb
204.36210 61.04525 -0.82970 -0.17284 0.53078 eb
206.84812 44.38504 0.74811 -0.15610 -0.64495 eb
207.26827 81.22294 -0.35305 -0.15117 -0.92331 eb
207.49547 79.34965 -0.98708 -0.07258 -0.14288 eb
207.55151 78.38175 -0.78316 -0.55742 -0.27558 eb
208.22037 88.71126 -0.86912 -0.49458 -0.00445 eb
208.37709 57.57580 -0.13377 0.69870 0.70280 eb
209.08681 49.35828 0.07029 -0.91997 -0.38564 eb
210.83238 22.99090 0.12140 0.17345 -0.97733 eb
211.21249 47.91703 -0.83633 -0.46900 -0.28389 eb
211.58104 27.43138 -0.97154 -0.00178 -0.23685 eb
212.95152 19.64092 0.34798 0.15156 0.92517 eb
213.22959 44.71178 -0.88087 -0.15918 -0.44579 eb
213.23269 31.09533 0.26147 -0.93565 -0.23707 eb
213.71674 54.10419 -0.91962 0.20652 0.33413 eb
214.05881 54.57649 -0.15974 -0.98369 -0.08269 eb
214.25394 81.11175 0.93777 -0.18523 0.29374 eb
215.21053 30.14786 -0.86853 0.45395 0.19895 eb
215.23379 54.40129 0.80384 0.59314 0.04508 eb
216.52174 37.72591 -0.37341 -0.56293 -0.73734 eb
217.63209 53.11585 0.91942 0.13542 -0.36923 eb
217.76613 49.14455 0.12158 0.16981 -0.97795 eb
218.07325 37.78738 -0.23597 0.47357 -0.84856 eb
218.94120 56.60273 -0.56567 -0.43743 -0.69905 eb
220.88170 24.84215 0.39571 -0.50547 0.76676 eb
221.14840 36.73071 0.99353 0.10293 0.04809 eb
221.82157 34.03008 0.62113 0.02927 -0.78316 eb
223.75002 44.01241 -0.64171 -0.67065 0.37208 eb
224.15255 88.21173 0.24474 -0.80388 -0.54211 eb
224.42291 28.63959 -0.22094 0.61519 -0.75679 eb
225.36940 36.49845 0.01468 0.70452 -0.70954 eb
226.60699 30.11202 0.25499 -0.01216 -0.96687 eb
226.74218 37.77635 -0.63682 -0.68830 0.34744 eb
227.81332 32.51031 0.93552 -0.29449 0.19513 eb
228.27852 68.08704 0.64189 0.52964 -0.55449 eb
228.32161 58.05686 0.13414 -0.12439 -0.98313 eb
229.57830 44.46308 -0.85403 0.43180 -0.29015 eb
230.05062 35.59358 0.19087 -0.12874 -0.97314 eb
230.30626 39.15402 0.68604 0.07903 -0.72326 eb
230.71649 48.99426 -0.39508 -0.24861 -0.88436 eb
230.75630 54.35993 0.08013 -0.09190 -0.99254 eb
230.88092 33.48276 -0.30669 0.51669 -0.79936 eb
231.05703 92.54047 0.97188 0.23453 0.02113 eb
232.22615 57.14656 0.27818 -0.09747 -0.95557 eb
232.71575 38.77046 -0.46836 -0.78711 0.40136 eb
232.76204 58.48948 0.72598 0.50680 -0.46488 eb
233.03351 44.19113 0.00413 -0.68116 -0.73212 eb
233.17769 22.43621 0.11618 0.98258 -0.14503 eb
234.84873 92.58766 -0.30835 0.48292 -0.81958 eb
235.54837 50.69890 -0.24555 -0.91373 -0.32374 eb
235.73455 83.17403 -0.16540 -0.17116 -0.97126 eb
236.31765 37.85382 -0.42267 -0.89878 -0.11643 eb
236.86041 40.09567 0.21173 -0.96389 0.16154 eb
237.97235 58.87945 0.88484 -0.04945 -0.46326 eb
238.30343 37.36737 -0.93373 -0.15655 0.32195 eb
238.36922 36.23002 -0.68415 -0.40631 0.60568 eb
238.94183 49.68479 -0.56556 0.37202 -0.73603 eb
239.67773 32.24164 0.82873 -0.18909 -0.52674 eb
240.19632 70.27237 -0.56431 -0.82167 0.08008 eb
240.80168 34.95181 -0.13563 0.91170 -0.38782 eb
240.91924 47.26325 -0.15730 0.41348 -0.89682 eb
241.10002 44.80516 0.91493 0.16739 -0.36727 eb
241.32960 71.51665 0.69334 0.44418 -0.56743 eb
241.73574 73.68953 0.44347 0.06891 -0.89363 eb
242.11307 76.74621 -0.13026 0.85217 -0.50680 eb
243.32546 34.07968 -0.42612 -0.42908 0.79643 eb
243.44230 64.59631 0.13377 -0.41203 -0.90130 eb
243.63822 45.66037 0.85721 -0.50612 0.09504 eb
243.83920 36.09005 0.32653 -0.55815 -0.76279 eb
244.45951 42.76068 0.84863 0.28134 -0.44796 eb
246.33173 39.92566 -0.58752 0.80459 -0.08638 eb
246.38937 64.01498 0.43847 -0.26992 -0.85726 eb
246.72393 37.07905 0.92581 -0.37596 -0.03918 eb
247.11820 59.56093 -0.34781 0.56944 -0.74483 eb
247.14539 24.69153 -0.37807 0.64451 -0.66458 eb
247.20026 33.76719 -0.96299 0.12342 -0.23962 eb
247.44326 95.62025 0.96591 -0.22748 0.12360 eb
247.51679 60.16076 -0.50581 0.71105 -0.48843 eb
248.63332 72.21130 -0.79693 0.42889 -0.42539 eb
248.96777 77.78060 0.65907 -0.19283 -0.72694 eb
249.06418 29.14996 0.68102 -0.63016 0.37299 eb
249.45471 35.16650 0.61425 -0.75288 0.23635 eb
249.60776 65.95425 -0.72212 -0.69168 0.01127 eb
249.87745 34.99462 0.84586 -0.44602 -0.29255 eb
250.24778 38.29271 0.89739 -0.25679 -0.35881 eb
250.28777 72.98842 -0.67850 0.73427 -0.02218 eb
250.33372 50.48389 0.09497 -0.31630 -0.94389 eb
251.32746 73.08284 0.63822 0.24193 0.73085 eb
251.94965 57.34129 -0.57545 0.44001 -0.68938 eb
252.65197 53.32026 -0.32019 -0.94528 0.06269 eb
253.65319 40.43536 0.57417 0.14387 -0.80599 eb
253.67074 52.39473 0.45455 0.21948 -0.86326 eb
254.73968 42.09996 0.33722 0.84614 -0.41272 eb
255.80890 53.20117 -0.57656 -0.22879 0.78437 eb
255.96800 49.20929 -0.18612 0.42361 -0.88652 eb
256.62074 29.33140 -0.43933 -0.24404 -0.86454 eb
259.58892 44.75886 -0.48298 0.09966 0.86994 eb
259.64530 69.76177 -0.47990 -0.77893 -0.40369 eb
259.91866 78.26112 -0.51605 0.45372 -0.72652 eb
260.09869 38.48745 -0.53331 -0.78302 0.32008 eb
260.44887 30.27602 0.64331 0.49594 -0.58327 eb
260.59870 78.99994 0.77994 -0.24237 0.57702 eb
260.80295 49.42471 -0.40006 0.90365 -0.15284 eb
260.80857 45.16394 -0.59858 0.78494 -0.15990 eb
261.15820 54.57827 0.95668 0.27715 -0.08915 eb
261.47274 79.16050 0.44373 -0.74929 0.49160 eb
262.18943 62.20476 -0.01115 -0.35672 -0.93414 eb
262.72913 51.93641 0.61959 -0.34314 -0.70595 eb
263.64450 30.27546 -0.75210 0.41957 -0.50824 eb
263.83242 71.68750 -0.06905 -0.48075 -0.87414 eb
264.00088 99.53079 -0.46525 0.75580 0.46078 eb
264.46284 66.17009 0.94313 0.25714 -0.21068 eb
264.47318 63.78022 -0.13823 -0.46762 -0.87306 eb
265.11858 67.71767 0.80839 0.55751 -0.18893 eb
265.75262 99.84379 -0.14068 0.46570 -0.87369 eb
266.26169 33.43316 -0.85018 -0.41064 -0.32951 eb
266.31297 43.30355 0.06835 0.79488 -0.60291 eb
266.59651 78.51535 -0.00124 0.75279 -0.65825 eb
267.60840 55.06310 -0.67898 0.34692 -0.64702 eb
269.19818 54.97275 0.64436 0.75913 0.09233 eb
269.27115 49.94864 -0.71684 -0.36229 -0.59572 eb
270.24368 41.90784 0.46741 -0.76844 0.43707 eb
270.70113 54.56751 -0.89006 0.39531 -0.22698 eb
270.91610 38.97731 -0.80767 -0.58600 -0.06535 eb
270.94062 60.06233 -0.57384 -0.30620 -0.75957 eb
272.05556 57.12632 0.39358 -0.11297 -0.91232 eb
272.21350 60.07421 0.83550 0.43274 0.33863 eb
272.53906 64.07386 -0.40283 0.91491 0.02588 eb
272.60606 32.89334 -0.46957 -0.17150 -0.86608 eb
273.74591 71.35323 0.53738 -0.05269 -0.84170 eb
274.07266 88.34164 0.23474 -0.45742 -0.85771 eb
274.10398 52.38138 -0.39016 -0.42249 0.81809 eb
276.93025 58.26840 0.38949 -0.75420 0.52866 eb
277.54840 47.91504 -0.76158 -0.48541 -0.42939 eb
278.26986 43.02111 0.39221 -0.90323 -0.17419 eb
280.16992 37.09502 0.98843 -0.11936 -0.09360 eb
280.70724 61.59963 -0.29534 -0.70277 -0.64722 eb
283.25379 65.47730 0.08338 -0.36762 0.92623 eb
283.50302 56.14062 0.47776 0.26784 -0.83666 eb
283.99643 39.96228 0.99171 -0.02651 0.12575 eb
284.15302 40.41641 -0.88900 0.03785 -0.45635 eb
284.35702 48.74343 -0.41366 -0.44782 0.79268 eb
284.39998 36.74950 0.64912 0.70177 -0.29353 eb
285.91939 70.23531 0.30699 0.92153 -0.23779 eb
286.17889 30.37387 0.71067 0.64379 -0.28370 eb
287.02093 37.97939 0.19321 0.30533 -0.93244 eb
287.26947 67.68478 -0.11300 -0.09144 -0.98938 eb
287.36976 39.29385 0.50275 -0.74468 -0.43897 eb
287.57897 75.72298 -0.08448 0.93656 0.34018 eb
287.97753 36.33154 -0.23396 -0.18971 -0.95356 eb
288.16319 49.12116 -0.47480 0.61582 -0.62876 eb
288.17195 38.37731 -0.48751 -0.65506 0.57726 eb
288.23304 71.79469 0.73464 -0.40097 0.54729 eb
289.90858 88.56628 0.65224 0.30139 -0.69552 eb
289.98923 37.10936 0.28140 0.18199 0.94217 eb
290.90806 65.99840 0.99298 0.09733 0.06728 eb
291.52722 39.80303 -0.43931 -0.82899 -0.34609 eb
292.73172 72.13948 0.41695 -0.45631 -0.78609 eb
292.90815 37.73603 0.25890 -0.42403 -0.86785 eb
293.20065 45.71305 0.62503 -0.22730 0.74678 eb
293.29030 32.38371 0.04250 -0.19335 -0.98021 eb
293.84332 23.60372 0.41917 -0.68348 0.59762 eb
294.17672 52.99852 0.32451 0.52525 -0.78664 eb
294.30772 32.48758 -0.47894 0.63695 0.60408 eb
294.49551 21.99361 -0.74295 -0.50614 -0.43800 eb
295.59172 51.87528 0.74938 -0.51920 -0.41092 eb
296.16471 39.46457 0.99147 -0.12811 -0.02385 eb
296.73292 88.31312 0.93125 0.30213 -0.20369 eb
296.85677 39.99576 -0.80076 -0.54863 0.24038 eb
296.92884 54.30784 0.19402 0.91983 0.34098 eb
297.21537 64.08534 0.70690 -0.65527 -0.26628 eb
297.24948 84.18246 0.11588 -0.58529 -0.80250 eb
297.31240 46.60329 0.44563 -0.89367 -0.05257 eb
297.78223 93.35213 -0.54399 -0.68353 -0.48668 eb
297.82549 55.70356 -0.91707 -0.28853 -0.27521 eb
298.08000 56.91405 -0.84429 -0.31076 -0.43659 eb
298.94174 84.79917 -0.35472 0.02146 -0.93473 eb
299.68487 43.09845 0.59268 -0.79786 0.11025 eb
300.08921 43.41529 0.54440 0.40174 0.73636 eb
300.27057 55.34524 0.31982 -0.83899 -0.44024 eb
300.27533 43.09159 -0.39150 -0.51025 -0.76575 eb
300.46268 75.76123 0.52705 -0.83104 -0.17775 eb
300.68133 58.83813 -0.12853 0.82758 -0.54644 eb
301.99184 79.84611 -0.25472 -0.48946 -0.83399 eb
302.05030 31.04194 -0.78707 -0.61014 -0.09076 eb
302.07305 44.39693 -0.23973 0.00195 -0.97084 eb
302.41018 72.09093 0.72435 0.66021 -0.19862 eb
303.38181 50.73357 -0.69675 0.10062 -0.71022 eb
303.78225 72.86473 -0.87390 -0.07119 -0.48086 eb
304.79808 44.90138 0.60040 -0.79329 -0.10107 eb
306.28549 89.44246 0.34504 0.48904 -0.80112 eb
306.80178 78.49709 0.95504 0.05762 -0.29083 eb
306.96362 54.27093 -0.90968 0.10569 0.40163 eb
307.11868 40.61928 0.48858 0.80280 0.34176 eb
308.32548 86.45910 0.36343 -0.93162 0.00143 eb
310.54634 37.49513 0.07010 -0.70605 -0.70468 eb
310.63018 72.72360 0.84826 0.52939 -0.01412 eb
310.81743 91.99750 0.86996 -0.00911 -0.49303 eb
312.83948 55.57087 -0.45058 -0.45339 -0.76904 eb
313.34143 44.34506 0.95374 -0.01429 -0.30031 eb
313.69943 43.90317 -0.83768 0.51608 -0.17875 eb
313.90862 60.18241 0.39038 -0.66450 -0.63721 eb
313.97423 50.08084 0.61399 0.44887 -0.64925 eb
314.06973 40.11384 -0.77846 -0.05549 -0.62523 eb
314.52986 58.53377 -0.54920 0.30933 -0.77634 eb
315.23827 45.87303 -0.02139 -0.73575 -0.67692 eb
316.31788 53.58850 0.46763 -0.00506 -0.88391 eb
317.60841 48.83568 -0.77753 -0.58321 -0.23520 eb
318.23881 96.16742 0.75082 0.65021 -0.11621 eb
318.74295 43.93771 0.96846 -0.13230 -0.21112 eb
319.06367 65.60600 -0.15921 -0.23845 -0.95801 eb
319.39420 97.49018 0.92764 -0.16844 0.33335 eb
319.57508 59.15627 -0.20431 0.63805 0.74239 eb
320.23301 49.57686 0.60495 -0.29390 0.74003 eb
321.17914 44.38008 -0.51356 0.27827 -0.81168 eb
321.77711 26.14325 -0.62008 -0.39788 -0.67616 eb
322.10043 90.59121 -0.44908 -0.69531 0.56113 eb
322.69129 40.90166 0.29068 -0.95672 -0.01411 eb
323.29943 45.85927 0.82928 -0.38330 0.40666 eb
323.72037 57.63506 -0.05638 -0.58950 -0.80580 eb
323.92628 45.42701 0.35363 0.73044 0.58429 eb
324.19607 35.85737 -0.86842 0.44037 -0.22784 eb
324.57601 68.49356 -0.25277 0.24448 -0.93613 eb
325.50649 46.69690 0.88177 0.28310 0.37727 eb
326.96065 85.84850 0.68476 0.58034 0.44081 eb
327.27799 59.97565 -0.50555 -0.39372 -0.76773 eb
327.74265 38.75584 -0.18845 0.22984 0.95481 eb
328.69727 30.02586 -0.21426 -0.34178 -0.91503 eb
329.79517 38.75110 0.67277 0.05502 -0.73781 eb
329.83899 86.43986 0.14392 -0.87325 -0.46552 eb
329.94549 43.52842 -0.67344 0.55366 0.48984 eb
330.09701 51.29164 -0.75546 0.64141 0.13370 eb
330.58274 49.17415 0.81877 -0.54899 -0.16801 eb
331.00602 53.64976 0.24276 0.69935 -0.67229 eb
331.37779 30.87612 0.06172 0.71304 -0.69840 eb
331.51472 49.87662 0.93084 0.24020 -0.27539 eb
331.69869 39.42632 0.64692 0.69343 -0.31725 eb
332.01709 75.37825 -0.63298 0.75212 -0.18343 eb
332.21860 28.27592 -0.48674 -0.82373 0.29078 eb
332.60236 53.17528 -0.81595 0.49050 0.30600 eb
334.61416 38.81210 -0.62020 -0.64349 -0.44863 eb
334.93952 92.87975 0.32318 -0.57402 -0.75237 eb
334.96099 44.16240 0.88283 -0.11037 -0.45654 eb
336.39541 66.08207 -0.71103 0.48594 -0.50823 eb
336.51412 75.40804 0.51773 -0.80501 -0.28968 eb
336.66194 44.65878 -0.13788 -0.11696 0.98352 eb
337.35735 48.06688 0.89770 -0.11418 -0.42555 eb
339.76198 29.38210 0.12789 0.99148 0.02482 eb
339.82398 29.82648 -0.93659 -0.01519 -0.35010 eb
339.89533 47.76297 -0.53638 -0.13289 -0.83345 eb
340.34965 45.14366 0.66944 -0.73613 0.09981 eb
340.85517 42.01330 0.68518 -0.70439 -0.18538 eb
341.19883 56.14558 -0.90821 0.36060 -0.21243 eb
341.31609 64.16902 -0.77886 -0.17072 -0.60352 eb
341.66092 52.83724 0.26502 0.91468 -0.30517 eb
342.00350 94.87436 -0.04595 -0.76480 -0.64262 eb
342.32754 45.92024 -0.84824 0.03941 0.52815 eb
342.41171 28.37847 -0.70128 -0.51946 0.48824 eb
342.52703 81.24795 -0.08140 -0.22775 -0.97031 eb
343.44769 69.42006 -0.18353 0.96314 -0.19665 eb
344.49111 72.52100 -0.96284 -0.13596 -0.23337 eb
346.38749 95.70315 -0.22615 0.28032 -0.93289 eb
346.78783 43.90636 -0.00407 -0.84078 -0.54137 eb
347.57988 70.33466 0.17749 0.66896 -0.72180 eb
347.87463 94.17876 0.27646 -0.90101 -0.33429 eb
347.91143 43.55905 0.69755 0.44413 -0.56229 eb
347.98650 36.00534 -0.52343 -0.81867 0.23622 eb
348.17798 50.15900 0.23052 0.74234 -0.62911 eb
348.67851 59.88959 -0.33272 -0.93884 -0.08870 eb
348.92394 64.52287 0.35636 0.54079 -0.76194 eb
349.27266 99.48555 -0.29218 0.73302 -0.61426 eb
349.39558 47.57482 0.56338 0.82506 -0.04332 eb
349.48098 55.96389 -0.92752 0.19839 0.31679 eb
350.25754 28.18705 -0.97214 0.19865 -0.12445 eb
350.65778 70.85793 0.57403 -0.45437 0.68120 eb
352.19124 82.37188 0.91671 0.37304 -0.14316 eb
352.47604 63.69299 -0.98923 0.04718 -0.13858 eb
353.11615 39.23702 -0.35966 -0.12582 0.92456 eb
354.52213 46.91595 -0.99933 -0.01886 0.03138 eb
354.64215 28.11809 0.33897 0.81658 -0.46722 eb
354.90781 62.59761 -0.16526 -0.45222 -0.87646 eb
355.94902 67.54520 -0.25564 -0.96164 -0.09952 eb
356.59151 55.55644 0.96723 0.23819 0.08787 eb
358.72383 67.00780 0.85467 0.39574 0.33604 eb
359.89748 47.93558 -0.34651 -0.50973 -0.78746 eb
360.20040 58.57848 -0.55556 0.55344 -0.62053 eb
361.48665 46.86182 -0.46632 0.76674 -0.44121 eb
361.51121 59.94716 0.76649 -0.35823 0.53306 eb
361.54324 33.45640 0.93635 0.17731 0.30301 eb
361.68760 75.87277 -0.25016 -0.60131 -0.75884 eb
361.69230 42.29743 0.32128 0.62422 0.71213 eb
363.33944 65.85683 0.48692 0.27202 -0.83000 eb
365.30136 82.00088 -0.22107 0.89882 0.37848 eb
365.82678 48.92372 -0.62213 0.09441 -0.77720 eb
366.70118 59.62361 0.46682 0.77989 -0.41694 eb
370.53334 29.36490 -0.15581 -0.84838 -0.50593 eb
371.13696 58.22811 -0.24176 -0.50579 -0.82809 eb
372.44877 33.77275 -0.35957 0.93074 0.06663 eb
372.52604 61.98803 -0.69186 0.06861 0.71876 eb
373.06086 50.54755 0.17306 -0.98224 -0.07242 eb
374.65475 18.92846 0.03753 0.92976 0.36626 eb
374.75316 42.90913 -0.10504 -0.59676 -0.79552 eb
375.03273 49.76784 0.75604 -0.07320 -0.65042 eb
379.58782 31.15818 -0.51466 -0.31553 0.79722 eb
379.61518 46.14194 0.88014 -0.44140 0.17469 eb
380.17756 95.63655 -0.87173 -0.25045 -0.42114 eb
383.58951 97.04488 -0.89558 0.40552 -0.18301 eb
383.94587 36.66199 -0.12118 0.29268 -0.94850 eb
384.94938 57.41487 -0.32482 0.91625 -0.23448 eb
391.77467 36.60764 -0.30555 0.50865 -0.80493 eb
391.81381 41.83008 -0.71505 -0.63495 -0.29247 eb
394.02741 46.18168 0.42677 0.21103 0.87939 eb
399.50024 48.42006 -0.11208 -0.98084 0.15932 eb
405.99265 30.11708 -0.90876 0.38517 0.16064 eb
412.57902 33.66874 -0.36642 -0.50725 0.78002 eb
412.89779 24.58363 0.15286 -0.98584 -0.06899 eb
413.66159 63.28553 0.50221 -0.64490 0.57611 eb
414.65836 39.85983 -0.53911 -0.83646 0.09851 eb
415.33337 51.14889 0.22150 -0.97216 -0.07647 eb
416.44355 62.09661 -0.69143 0.28433 0.66414 eb
421.94503 45.29250 -0.30021 -0.68896 -0.65970 eb
422.97643 76.86593 -0.60906 -0.74202 -0.28008 eb
427.35701 53.97631 -0.14240 -0.86679 -0.47790 eb
441.51718 43.15337 -0.65213 0.38948 -0.65041 eb
458.71129 34.73444 0.53747 -0.00744 -0.84325 eb
460.44301 56.59256 -0.74551 0.61558 0.25548 eb
483.78453 31.19070 -0.99179 0.12737 0.01154 eb
484.72488 34.02804 -0.70528 0.70874 -0.01669 eb
495.13536 48.58222 0.03633 0.31581 0.94813 eb
516.37108 32.94841 -0.94789 0.31288 0.06002 eb
527.64003 33.71129 0.74028 -0.48902 -0.46135 eb
535.17537 31.80041 -0.24540 0.94881 0.19884 eb
607.69101 44.33578 0.87130 -0.43363 0.22980 eb
608.12021 35.54273 0.40347 -0.35551 -0.84311 eb
610.45403 25.28536 -0.43655 0.30547 0.84624 eb
610.60990 30.94293 0.72099 -0.29395 0.62751 eb
644.14741 34.51897 -0.59097 -0.72629 0.35109 eb
725.15938 28.44015 0.51000 -0.71405 -0.47963 eb
730.44340 29.73368 -0.92196 -0.30465 0.23913 eb
734.66407 32.05312 0.29456 0.61115 0.73466 eb
746.41719 16.93113 -0.70447 0.67214 -0.22791 eb
792.81997 34.93255 -0.77959 -0.14758 0.60866 eb
848.27128 49.03075 -0.88326 0.17941 0.43319 eb
854.99035 26.68167 -0.15536 -0.89298 -0.42244 eb
919.87488 28.92688 0.03765 0.78806 0.61445 eb
929.92699 27.48716 0.59234 -0.80131 -0.08381 eb
964.53887 52.80813 -0.33268 0.15429 0.93033 eb
967.92343 49.34616 -0.31459 0.93592 0.15840 eb
968.81506 34.73096 0.59177 0.80604 -0.01016 eb
991.37263 24.33344 -0.70341 -0.49391 0.51114 eb
1091.77093 34.03841 -0.56314 0.79729 -0.21726 eb
1113.07151 28.11762 -0.77846 0.54042 0.31929 eb
1125.16543 38.45105 -0.04374 0.04197 -0.99816 eb
1195.42558 37.18031 0.33715 -0.74905 -0.57031 eb
1279.36777 44.90128 -0.32013 -0.67606 0.66367 eb
1301.09837 37.16459 -0.42001 -0.39321 -0.81791 eb
1341.96302 33.62768 -0.21872 -0.96552 -0.14116 eb
1352.30195 47.21143 -0.33195 -0.83864 -0.43185 eb
1535.46904 38.51196 -0.49525 -0.70905 -0.50198 eb
1565.65276 53.34529 0.19020 -0.98174 -0.00200 eb
1673.72051 28.30086 -0.14651 -0.01308 0.98912 eb
1679.01937 48.10231 0.15531 0.97326 0.16923 eb
1819.64296 33.71868 0.16670 0.59686 -0.78484 eb
1934.91061 42.98326 0.05134 -0.00215 -0.99868 eb
2011.73691 38.00083 0.51788 -0.07537 -0.85213 eb
2083.49163 32.80796 0.27971 -0.91567 -0.28864 eb
2220.30348 38.16724 0.31033 -0.87200 -0.37856 eb
2585.40399 25.36075 0.29528 -0.95060 -0.09571 eb
2752.49086 35.62502 0.66945 -0.70814 -0.22445 eb
2830.05290 48.06065 0.17403 -0.92084 -0.34896 eb
2855.55155 35.69680 0.46887 -0.80988 0.35251 eb
3012.15470 29.58600 -0.00301 0.85282 -0.52220 eb
3225.87499 32.95916 0.38150 0.76078 -0.52504 eb
3588.67956 32.58414 -0.33486 0.84899 0.40876 eb
3591.29697 28.30867 -0.09677 -0.95031 -0.29589 eb
4864.88466 24.12284 0.89518 0.14868 0.42017 eb
5043.17777 22.80183 -0.94678 -0.08072 -0.31159 eb
5524.99025 39.70590 -0.27960 0.68950 -0.66814 eb
7162.31494 44.81135 0.96555 0.25610 -0.04599 eb
7850.43632 25.85596 -0.83470 0.52998 -0.14965 eb
7914.69109 42.55211 -0.79398 -0.46861 -0.38729 eb
10134.89844 33.01018 -0.52706 0.84303 -0.10726 eb
10416.83479 25.39848 -0.72629 -0.67991 -0.10110 eb
10957.38248 40.21261 0.48972 0.79976 -0.34722 eb
11182.39339 26.99285 -0.85341 -0.34816 0.38792 eb
13961.43491 20.58702 0.56029 -0.09112 0.82327 eb
17789.14199 26.39017 -0.08589 0.97170 -0.22007 eb
