14.73278 57.01194 -0.11152 0.98717 0.11429 eb
19.53491 75.24113 0.48298 0.86657 -0.12570 eb
19.60694 76.84078 -0.64983 -0.74875 0.13072 eb
20.70812 48.23606 -0.33069 0.66813 -0.66652 eb
20.84408 23.49931 0.79068 0.03393 -0.61129 eb
21.25169 73.03525 0.38605 -0.68895 -0.61344 eb
21.32132 25.58096 -0.28401 -0.84939 -0.44482 eb
21.32728 19.87855 0.56676 -0.59383 0.57109 eb
21.94449 22.61511 0.16381 0.24361 -0.95594 eb
22.10884 71.22813 0.06373 0.72446 -0.68637 eb
22.14380 82.37904 -0.36518 -0.66731 -0.64911 eb
22.49576 84.60096 -0.45476 0.22042 -0.86291 eb
22.62801 18.31030 -0.63880 -0.30555 0.70610 eb
22.85131 65.36810 0.60741 -0.01171 -0.79430 eb
22.88137 55.81904 0.24631 0.94927 0.19551 eb
23.26137 73.29463 -0.28950 0.89037 -0.35134 eb
23.77236 28.35604 0.01144 -0.96769 0.25186 eb
24.22023 77.28103 0.28265 0.47194 -0.83509 eb
24.27163 74.01732 0.37213 0.91820 0.13573 eb
24.39906 34.22771 -0.23424 0.49564 -0.83635 eb
24.95233 31.29593 0.57003 -0.77728 -0.26627 eb
25.19402 78.49709 -0.68465 0.60080 0.41267 eb
25.31904 77.97846 0.96965 -0.10764 0.21954 eb
25.33798 87.94943 -0.34448 0.62404 -0.70136 eb
25.73477 25.00451 0.61812 -0.67143 -0.40879 eb
26.21234 64.36789 -0.57912 -0.59932 -0.55266 eb
26.63146 18.87225 -0.77118 0.30872 -0.55674 eb
27.18513 62.47004 -0.10325 0.51579 -0.85047 eb
28.56718 19.74900 0.02320 -0.52217 0.85253 eb
28.76850 83.39271 -0.27193 0.47101 -0.83917 eb
28.77587 35.95135 -0.11351 0.99280 0.03814 eb
29.18923 61.29431 0.02205 -0.49070 -0.87105 eb
29.24510 43.82499 -0.31169 0.48113 0.81937 eb
29.84540 76.84933 0.32292 -0.91547 0.24006 eb
29.93815 37.04574 0.57736 -0.37355 -0.72602 eb
30.20722 85.26769 -0.25536 -0.67444 0.69276 eb
30.73402 35.37871 -0.13007 -0.84007 -0.52666 eb
30.73986 63.72166 -0.22094 0.86576 0.44904 eb
31.41722 18.15880 0.57674 0.55625 0.59830 eb
31.47139 48.74074 0.39158 -0.26726 -0.88048 eb
31.55949 67.00186 -0.62976 -0.49595 0.59785 eb
32.68343 37.27242 0.05026 0.93950 0.33885 eb
33.12398 63.10638 0.69626 -0.69249 -0.18889 eb
33.50650 19.55949 0.21426 -0.82828 -0.51772 eb
33.60243 64.95985 0.44686 -0.07490 -0.89146 eb
33.97900 57.70258 -0.15378 0.78054 -0.60590 eb
33.98718 52.69504 0.86453 0.30885 0.39649 eb
34.61677 63.54862 -0.87078 -0.27243 -0.40929 eb
34.64260 26.97209 -0.70218 0.68816 0.18271 eb
34.67998 36.99641 -0.47982 0.16195 -0.86229 eb
35.01920 59.20412 0.53313 0.78544 0.31442 eb
35.45856 58.56368 -0.95991 -0.14336 -0.24086 eb
35.66912 29.30520 -0.57542 0.81132 0.10322 eb
35.78808 44.11445 0.30106 -0.80228 0.51546 eb
35.97023 50.58657 0.16396 0.98644 -0.00710 eb
36.25475 77.68255 -0.59555 0.77356 0.21663 eb
36.29556 70.32321 -0.48687 -0.60373 -0.63124 eb
37.42334 28.25304 0.58226 0.36523 -0.72635 eb
37.57137 31.59471 -0.20820 -0.57629 -0.79028 eb
37.79549 85.79667 0.55058 -0.58914 -0.59142 eb
38.03130 24.42170 -0.07859 0.62681 -0.77520 eb
38.27109 63.83612 -0.31911 -0.79077 0.52235 eb
38.34495 24.34714 0.85345 0.32508 -0.40736 eb
38.68329 61.17479 -0.65908 -0.10368 -0.74489 eb
38.69839 64.05964 0.74690 -0.46242 -0.47781 eb
39.10847 38.46951 0.33284 0.42413 0.84222 eb
39.15800 66.11727 -0.74418 0.25603 -0.61697 eb
39.42997 71.52534 0.63571 0.37846 -0.67279 eb
39.48002 58.69589 0.51777 0.55232 -0.65334 eb
39.48716 22.64056 0.51695 0.38472 0.76469 eb
39.70178 54.86654 -0.59141 -0.56840 -0.57198 eb
39.87375 53.10591 0.45982 0.15091 -0.87510 eb
39.89597 80.07322 -0.90671 -0.13032 0.40111 eb
40.41580 37.39371 -0.08697 -0.18574 -0.97874 eb
40.49616 86.03705 0.08321 -0.41237 0.90721 eb
40.67063 20.15137 -0.89992 -0.10713 -0.42268 eb
40.68363 76.92011 -0.72187 0.12637 -0.68039 eb
40.74183 43.88463 0.11978 -0.79885 0.58948 eb
40.85614 20.76426 0.69230 -0.47220 -0.54567 eb
40.90172 60.99876 0.61175 -0.49955 -0.61336 eb
40.94524 79.00329 0.59072 0.54137 -0.59831 eb
41.49538 39.92755 0.09629 0.63493 -0.76655 eb
41.51318 36.79715 0.05221 -0.32292 -0.94498 eb
41.56624 11.69607 -0.48084 0.82889 -0.28588 eb
41.61246 51.44035 -0.79519 -0.31894 -0.51570 eb
41.77013 71.27011 0.30666 -0.15474 -0.93916 eb
41.78396 55.37505 0.71478 0.32558 -0.61894 eb
41.91869 25.98016 -0.28548 -0.50935 -0.81183 eb
41.97024 33.44710 0.69242 -0.01774 -0.72128 eb
41.99478 7.81513 0.90783 0.41886 0.01995 eb
42.07711 78.51708 -0.80527 0.48503 0.34101 eb
42.10928 49.59779 0.82669 0.56214 0.02428 eb
42.12829 66.22466 0.23599 -0.70329 -0.67059 eb
42.47757 48.29152 -0.07755 0.33707 -0.93828 eb
42.67077 39.36733 0.94736 0.22399 -0.22878 eb
42.75000 88.41904 0.40736 -0.82944 -0.38221 eb
42.75109 56.85522 0.85570 0.12430 0.50232 eb
43.46419 51.85409 -0.88723 -0.28352 0.36391 eb
43.64105 65.83295 -0.99006 0.00311 -0.14064 eb
43.89129 41.23667 0.78777 0.59573 -0.15660 eb
44.37467 51.81238 0.44420 -0.68510 0.57735 eb
45.06993 67.20051 0.65762 -0.66517 -0.35368 eb
45.57076 52.06743 0.94974 -0.03478 -0.31110 eb
46.04665 25.39824 0.19980 0.78610 -0.58491 eb
46.25497 51.94562 -0.83715 -0.44518 -0.31780 eb
46.69646 42.90489 -0.71508 0.69684 -0.05539 eb
46.73933 62.81209 -0.86135 -0.42109 0.28418 eb
47.25313 23.58417 0.96123 -0.18054 0.20843 eb
47.33072 34.39314 -0.09858 -0.59090 -0.80070 eb
47.38526 67.28097 0.80200 0.02822 -0.59666 eb
47.73773 59.92038 -0.48779 -0.85913 -0.15480 eb
47.85405 60.57794 0.33791 0.91726 -0.21083 eb
47.87359 63.35915 0.64644 -0.36322 0.67095 eb
47.92050 86.61047 -0.89831 -0.20657 -0.38778 eb
48.52355 27.43575 0.79302 0.55888 -0.24243 eb
48.61850 85.14883 0.47200 -0.84656 -0.24606 eb
48.68020 56.94826 -0.06617 -0.93846 0.33900 eb
48.69231 48.59589 0.36553 -0.47065 -0.80304 eb
48.76736 51.22571 -0.54994 -0.82897 0.10188 eb
49.10315 83.93418 0.36763 0.87382 -0.31824 eb
49.13168 78.61493 0.74798 0.52675 -0.40381 eb
49.54698 86.63249 0.81671 -0.47590 0.32635 eb
49.64621 49.82786 -0.86372 -0.14566 0.48246 eb
49.72731 27.69591 -0.05586 0.12244 0.99090 eb
49.87398 69.91862 -0.94632 -0.08941 -0.31061 eb
50.08539 71.86853 0.18055 0.95655 -0.22896 eb
50.70162 41.45504 -0.98885 0.03498 -0.14478 eb
50.76249 60.07756 -0.51283 0.23285 -0.82631 eb
50.82297 78.91279 0.11977 0.75349 0.64645 eb
50.91313 43.37165 0.95154 -0.18157 -0.24821 eb
51.01892 19.66515 0.81308 0.57690 0.07803 eb
51.18578 76.93017 0.17511 -0.97592 -0.13010 eb
51.33197 44.92170 0.01428 -0.48589 -0.87390 eb
51.45913 72.39265 -0.96304 -0.18144 0.19910 eb
51.46606 45.18106 -0.84966 0.38973 -0.35522 eb
51.77091 19.32523 0.04122 0.60634 0.79414 eb
51.78635 35.59631 -0.03447 0.64616 0.76242 eb
52.16418 42.37319 0.49034 0.79624 0.35435 eb
53.11115 63.52768 0.28750 0.28420 -0.91464 eb
53.50087 71.07045 0.87125 0.47864 0.10873 eb
53.69121 32.71043 -0.72480 -0.02239 -0.68860 eb
53.70733 63.66019 -0.74069 -0.18465 -0.64597 eb
53.71768 39.55300 -0.63448 -0.24056 -0.73455 eb
53.95493 55.48674 -0.03484 0.64925 -0.75978 eb
53.98116 80.73001 -0.36447 -0.72299 -0.58689 eb
54.22030 75.44510 -0.05172 -0.92156 0.38477 eb
54.27535 81.10459 -0.62358 0.57420 -0.53052 eb
54.28469 52.70106 0.89189 0.11348 0.43779 eb
54.31315 46.81636 -0.59541 0.59315 0.54190 eb
54.34406 59.53033 0.67116 0.52310 -0.52527 eb
54.35696 64.11601 -0.59907 -0.77251 0.21057 eb
54.44930 49.78223 -0.85221 -0.50119 0.15017 eb
54.88375 58.17009 0.74529 0.46543 -0.47740 eb
55.29588 58.48718 0.66958 -0.71844 -0.18843 eb
55.41852 39.88041 -0.44434 0.87650 -0.18523 eb
55.42146 56.12876 -0.38841 -0.67161 -0.63093 eb
55.55066 33.93479 0.94643 -0.28954 0.14296 eb
55.64792 59.08522 -0.27065 -0.16743 -0.94801 eb
55.82954 44.86758 -0.57214 -0.07922 -0.81632 eb
55.92029 38.66595 0.67953 -0.67639 0.28414 eb
56.02812 38.95748 -0.96788 0.23602 -0.08666 eb
56.22254 76.16077 0.69968 -0.47731 -0.53163 eb
56.34512 81.60784 0.94226 -0.31351 0.11772 eb
56.39431 83.11332 -0.70316 -0.34707 0.62057 eb
56.53346 63.92478 0.48672 0.03317 -0.87293 eb
56.55865 59.81175 0.25224 -0.81298 0.52483 eb
56.90440 64.32251 0.45510 -0.00042 -0.89044 eb
57.14599 77.21198 -0.95880 -0.26459 -0.10341 eb
57.14625 63.80502 0.14865 0.05976 0.98708 eb
57.25161 36.92705 -0.66510 -0.19343 0.72126 eb
58.24168 50.00251 -0.13466 -0.61743 0.77501 eb
58.26631 67.44633 -0.78426 -0.20242 0.58648 eb
58.29348 49.79194 0.62483 -0.78034 -0.02576 eb
58.56052 45.76518 -0.90577 -0.06173 0.41924 eb
58.68545 84.90239 0.39081 0.66307 -0.63844 eb
58.73514 40.63750 0.53490 0.61895 -0.57513 eb
58.93702 79.36580 -0.29936 -0.63632 -0.71098 eb
59.90422 48.61029 0.72744 0.39367 -0.56201 eb
60.48157 61.61507 0.70570 -0.11170 -0.69965 eb
61.00941 21.33343 0.02038 -0.99270 -0.11889 eb
61.01962 59.60921 -0.27029 0.78607 -0.55591 eb
61.38252 57.84746 -0.96642 -0.24652 0.07253 eb
62.08373 18.85089 -0.54834 -0.16294 -0.82023 eb
62.24061 47.27917 -0.40353 0.54418 -0.73554 eb
62.46464 80.61815 -0.28142 -0.93012 -0.23598 eb
62.64883 86.92898 -0.42326 0.02667 -0.90561 eb
62.78415 39.33183 0.13774 0.79072 -0.59648 eb
62.84216 81.94653 0.18503 -0.91805 0.35063 eb
62.93588 44.94507 -0.30695 -0.91952 0.24548 eb
63.03170 32.25692 -0.55640 -0.82576 0.09244 eb
63.03244 54.48410 -0.41516 0.23553 -0.87873 eb
63.43051 73.72108 0.52687 -0.10723 -0.84315 eb
64.08908 48.01045 0.15592 -0.39148 -0.90688 eb
64.44256 72.17673 -0.62807 -0.48166 -0.61117 eb
64.46325 30.42036 -0.57649 -0.78118 0.23961 eb
64.49333 25.53536 -0.80328 0.41951 -0.42279 eb
64.54278 80.56924 -0.17563 0.97856 -0.10763 eb
64.61821 80.04145 0.00924 0.77297 -0.63438 eb
64.70469 46.22197 0.80981 -0.50148 -0.30452 eb
64.71027 78.06118 -0.01871 0.30515 -0.95212 eb
64.81550 80.70987 -0.65044 0.73055 -0.20791 eb
64.81947 47.11903 -0.11576 -0.14234 -0.98302 eb
65.06170 68.74876 0.76234 0.33308 -0.55488 eb
65.44592 35.67127 0.19235 -0.37721 -0.90593 eb
65.58936 79.83629 0.83540 -0.53593 0.12201 eb
65.60732 49.33119 -0.83400 0.10426 -0.54183 eb
65.70103 41.92804 -0.07937 -0.19221 -0.97814 eb
66.14516 42.81094 0.23349 -0.61179 -0.75577 eb
66.18894 82.80318 -0.10716 0.78175 -0.61432 eb
66.50575 45.22455 -0.26451 0.35312 -0.89741 eb
66.66869 54.78624 -0.08957 0.19967 -0.97576 eb
66.69152 50.59154 0.93466 -0.29798 -0.19394 eb
66.73857 60.63993 -0.84452 -0.02845 -0.53477 eb
66.73979 82.94470 0.35090 0.48173 -0.80300 eb
66.80049 39.69595 -0.75006 -0.38052 -0.54094 eb
66.80611 60.09576 0.94987 -0.08365 -0.30125 eb
67.46772 42.65788 0.00166 -0.97415 0.22589 eb
67.57711 50.95083 0.73215 -0.27297 -0.62406 eb
67.92700 72.08629 -0.21913 0.95424 -0.20349 eb
68.02324 38.95415 -0.62490 0.36123 0.69211 eb
68.94132 73.67288 0.60804 -0.21700 -0.76367 eb
69.07882 71.85898 0.98609 0.14068 -0.08850 eb
69.20814 88.01212 0.87959 0.41862 -0.22602 eb
69.37843 44.85851 0.99490 -0.06252 0.07909 eb
69.75794 39.10242 -0.75495 -0.64515 0.11764 eb
69.87431 48.08034 -0.92638 0.32867 -0.18382 eb
70.57835 76.23976 -0.17087 0.67699 -0.71588 eb
70.73424 19.25763 0.22010 -0.96879 -0.11404 eb
70.98229 30.50295 0.70880 0.69296 -0.13191 eb
71.31430 27.90313 0.00114 0.00030 1.00000 eb
71.64669 58.45575 -0.26313 0.42324 -0.86696 eb
71.65794 60.66449 -0.29636 0.17610 -0.93870 eb
72.03715 75.92382 -0.92758 0.02411 -0.37285 eb
72.67011 80.18686 -0.34211 -0.51753 -0.78429 eb
72.90250 35.92351 0.59703 -0.68395 -0.41925 eb
72.97996 46.83022 -0.46153 0.87828 -0.12499 eb
72.98440 77.24000 -0.59157 -0.51157 0.62317 eb
73.06830 69.40259 -0.14143 0.07999 -0.98671 eb
73.09396 36.31898 -0.50913 0.22146 -0.83171 eb
74.17445 84.36346 0.18792 0.78471 -0.59069 eb
74.22846 64.91982 -0.73058 0.68238 0.02459 eb
74.23505 61.92679 0.16750 -0.70697 -0.68712 eb
74.31283 26.17526 0.23962 -0.70193 -0.67073 eb
74.34513 43.32912 -0.00456 -0.32046 0.94725 eb
75.36302 32.52665 -0.73732 0.58216 0.34269 eb
75.62105 40.91668 -0.09578 0.99482 -0.03411 eb
76.13055 36.36044 0.97798 0.12701 -0.16562 eb
76.68800 24.19502 -0.87107 0.10337 0.48015 eb
77.59299 29.25918 -0.93329 0.18545 -0.30754 eb
77.60187 29.41284 0.28785 0.83603 -0.46712 eb
78.23735 26.01334 -0.45878 -0.54365 -0.70283 eb
78.48245 38.94809 0.82108 0.56440 -0.08533 eb
78.74059 62.49495 -0.75049 -0.46794 -0.46669 eb
78.81975 84.23534 -0.47429 0.08362 -0.87639 eb
79.14817 48.82423 -0.24259 0.30598 -0.92061 eb
79.34991 33.62215 0.56751 -0.36180 -0.73962 eb
79.36168 58.33172 -0.55595 0.70868 0.43440 eb
79.94522 76.61474 0.74770 -0.40986 -0.52246 eb
80.23001 19.58415 0.60837 0.69598 0.38144 eb
80.66211 27.28269 0.59143 0.39966 0.70035 eb
80.79503 47.06818 -0.64954 0.54663 -0.52849 eb
82.01471 67.77654 -0.00399 -0.35383 -0.93530 eb
82.41696 41.86772 -0.60397 -0.79589 -0.04218 eb
83.19453 17.65440 0.51894 0.83696 0.17381 eb
83.20735 44.76185 0.49743 -0.86518 -0.06349 eb
83.30294 25.73297 0.37822 -0.32513 -0.86674 eb
83.73693 72.16251 0.15381 -0.80578 -0.57189 eb
83.93493 82.02037 0.24225 0.94547 -0.21770 eb
84.02338 85.85272 -0.40860 -0.44945 -0.79438 eb
84.19096 58.00368 0.75392 0.64582 -0.12046 eb
84.72721 30.04127 0.41196 -0.45351 -0.79033 eb
84.95379 23.40208 0.40659 0.91106 -0.06824 eb
84.96950 47.12134 0.31815 0.94679 0.04868 eb
85.27995 32.27534 -0.63537 0.63210 -0.44357 eb
85.86380 29.83851 -0.35276 -0.80311 0.48018 eb
85.96640 31.22161 -0.00436 -0.15929 -0.98722 eb
86.18541 25.55012 -0.62573 0.52960 -0.57270 eb
86.27344 26.92506 -0.58696 -0.80275 0.10521 eb
87.31948 36.57606 -0.35861 -0.87268 0.33139 eb
87.50558 17.30884 -0.18369 -0.71835 -0.67099 eb
88.26694 48.89061 0.57540 -0.31892 -0.75313 eb
88.56137 42.89389 0.70998 0.57828 0.40190 eb
89.19974 26.64285 -0.67141 0.60197 -0.43225 eb
91.19487 60.45883 0.87242 -0.48831 -0.02105 eb
91.51089 49.59267 -0.38324 -0.49483 0.77992 eb
91.55437 18.88948 -0.36638 0.92588 -0.09230 eb
92.40160 67.02844 -0.10297 -0.96412 -0.24467 eb
92.54599 47.99369 -0.53585 0.70902 -0.45842 eb
93.07431 42.79628 -0.19051 0.14233 -0.97131 eb
93.26831 36.13553 -0.17604 0.94469 -0.27670 eb
93.42608 84.83058 -0.80793 -0.17111 -0.56389 eb
94.44947 30.12393 -0.92197 -0.10965 -0.37143 eb
94.93022 76.79503 -0.26543 0.70202 -0.66085 eb
95.40116 27.66282 0.07002 -0.66827 -0.74061 eb
95.70398 27.11657 0.89566 -0.14558 0.42023 eb
95.90089 53.15411 -0.40173 -0.73353 -0.54822 eb
96.67317 32.17231 -0.00090 0.96840 0.24941 eb
96.84311 63.53164 -0.46489 -0.79504 -0.38960 eb
97.63901 42.60562 0.83048 -0.42929 -0.35498 eb
97.87694 15.18168 0.00969 -0.59558 -0.80324 eb
98.03924 21.15029 0.02523 0.77323 -0.63363 eb
98.69677 37.56337 0.40779 -0.79648 0.44647 eb
98.78282 35.76473 -0.06132 0.91881 0.38990 eb
99.15531 32.89619 -0.51870 0.14728 -0.84217 eb
99.42335 47.08575 0.34649 0.89829 -0.27021 eb
99.44052 19.36155 -0.39019 -0.90528 -0.16798 eb
99.88456 62.67489 0.48788 -0.79096 0.36926 eb
99.89785 16.73731 0.07746 -0.91922 0.38604 eb
99.93587 25.33749 -0.99647 -0.04000 -0.07383 eb
100.02455 25.69479 0.62656 -0.74603 -0.22553 eb
101.05930 70.80701 -0.38099 -0.51559 -0.76747 eb
102.01152 14.52046 0.13298 0.99109 -0.00746 eb
102.19672 28.27094 -0.70905 -0.14957 0.68911 eb
103.05489 64.90529 0.40318 0.90583 -0.13004 eb
103.14565 38.53227 -0.91596 0.24936 0.31438 eb
103.67772 44.99203 0.08757 0.15367 -0.98423 eb
104.65187 40.97171 -0.00661 0.47493 0.88000 eb
104.84019 50.40639 0.29959 -0.91862 -0.25767 eb
104.94436 29.14455 0.56873 0.38349 -0.72765 eb
105.76891 38.84107 -0.82598 0.46212 0.32282 eb
105.97639 27.26240 0.89049 0.44374 0.10064 eb
106.06150 18.30367 0.47797 -0.30814 0.82255 eb
106.76637 75.93834 -0.49524 0.13839 -0.85766 eb
106.83717 41.67040 0.80296 0.30061 -0.51467 eb
107.30750 48.37324 0.33400 0.31265 -0.88921 eb
108.31813 39.88743 -0.30393 0.48470 -0.82018 eb
108.95083 65.26267 -0.14262 0.72129 -0.67778 eb
109.07476 25.84167 0.12169 -0.91058 -0.39502 eb
109.68741 15.70119 -0.69358 -0.43788 0.57202 eb
109.75044 62.00452 0.04676 -0.98135 -0.18646 eb
109.88123 21.39424 -0.26813 -0.94305 -0.19687 eb
109.99736 43.26178 -0.01639 0.84677 -0.53170 eb
110.17251 52.95897 0.83900 0.15793 0.52071 eb
110.56858 67.80372 0.08377 0.53351 -0.84163 eb
112.30440 45.62669 -0.64428 -0.12719 0.75414 eb
112.30734 32.55580 -0.42565 -0.77783 -0.46239 eb
112.32710 49.36703 0.23139 0.06254 -0.97085 eb
113.43025 26.04574 -0.93574 0.34005 0.09359 eb
113.84686 87.75466 -0.54364 0.82874 0.13281 eb
114.11472 70.64647 -0.28679 0.37048 -0.88346 eb
115.03736 70.41892 -0.45758 0.88803 -0.04505 eb
115.33001 74.79512 -0.67685 0.34380 -0.65091 eb
115.46955 44.90777 -0.66446 -0.69667 -0.27044 eb
115.55388 38.62824 -0.93463 -0.27425 0.22639 eb
115.57042 19.27975 0.87156 -0.48755 -0.05177 eb
115.93813 38.19022 0.64903 -0.67683 0.34736 eb
116.84247 46.04297 -0.46515 0.85679 -0.22257 eb
116.86928 18.28144 0.60293 -0.61557 -0.50750 eb
117.47238 87.32688 0.70380 0.66392 0.25275 eb
117.52843 54.14888 0.78539 -0.13788 0.60345 eb
117.73270 68.04461 -0.44263 0.87323 -0.20381 eb
117.91263 67.08461 0.46172 -0.62674 -0.62770 eb
117.97250 14.60901 0.36849 0.89878 0.23751 eb
118.96920 74.91436 0.04892 0.24197 -0.96905 eb
119.10685 27.69100 0.85301 -0.11296 0.50952 eb
119.14001 41.76073 -0.16520 0.98621 -0.00997 eb
119.91045 72.13598 -0.49005 0.20524 -0.84719 eb
120.73162 62.86634 -0.08432 0.40395 -0.91089 eb
121.15846 49.57990 0.50750 -0.82772 -0.23944 eb
121.52700 34.60719 -0.16931 -0.38138 -0.90878 eb
121.66671 29.69284 -0.92994 0.32374 -0.17435 eb
122.07216 27.66230 -0.30062 -0.11306 -0.94702 eb
122.11835 40.63823 0.21990 0.88661 -0.40690 eb
122.65054 23.46451 -0.26468 0.85377 0.44835 eb
122.93139 32.46375 -0.82826 -0.29655 -0.47545 eb
123.04606 86.19934 -0.01604 -0.37413 0.92724 eb
123.44795 17.84662 0.19907 0.97012 -0.13872 eb
124.54697 72.87696 0.33095 0.94363 0.00537 eb
125.34207 78.25599 -0.57604 -0.23648 -0.78247 eb
125.99239 49.55633 -0.08663 0.67456 -0.73312 eb
126.09233 61.56735 0.77946 -0.44260 0.44334 eb
126.23517 63.45764 -0.00113 -0.22978 -0.97324 eb
127.05109 21.54890 -0.46013 0.46431 -0.75677 eb
127.26054 43.62047 -0.87208 -0.37296 -0.31681 eb
127.33460 41.49406 0.41056 -0.86862 -0.27737 eb
127.75872 13.32789 -0.52530 0.74913 -0.40356 eb
127.86659 35.01640 0.15744 0.13244 -0.97861 eb
127.96140 28.43790 -0.22689 -0.75687 -0.61292 eb
128.02889 48.82963 -0.60570 -0.25896 -0.75238 eb
129.28401 25.07072 0.06043 0.21398 -0.97497 eb
129.51011 34.78101 0.70759 0.05627 0.70438 eb
131.13479 61.68325 0.31255 -0.06105 -0.94794 eb
131.28325 60.85693 0.75434 0.52005 -0.40066 eb
131.37935 83.08518 -0.71228 -0.68960 -0.13081 eb
132.44328 25.39422 0.03998 0.85950 0.50956 eb
133.25658 40.92476 -0.93378 0.05836 -0.35307 eb
133.56494 75.68854 -0.90706 0.40899 -0.09986 eb
133.57544 40.77130 -0.67448 -0.68616 -0.27249 eb
134.72669 24.92468 -0.25329 0.02270 0.96712 eb
135.66978 31.66907 0.40869 0.39529 -0.82263 eb
137.48464 38.64614 -0.27415 -0.52384 -0.80649 eb
138.39491 82.63589 -0.90108 0.34776 -0.25908 eb
139.16799 58.08879 0.69537 0.28886 -0.65805 eb
139.86276 52.70486 0.67391 0.32927 -0.66138 eb
139.97447 75.64953 0.29516 0.10335 -0.94984 eb
140.84365 32.68218 0.36806 0.61570 -0.69674 eb
141.04065 19.40526 -0.28221 -0.84397 0.45615 eb
142.34409 43.57895 -0.32511 0.27196 -0.90573 eb
142.70747 16.04205 0.69295 0.58384 -0.42303 eb
142.81333 31.90953 0.87086 0.26695 -0.41273 eb
142.84103 51.19336 -0.60707 -0.79201 0.06472 eb
143.23787 45.04664 0.51109 -0.46241 -0.72454 eb
144.39931 33.91042 -0.56544 -0.59249 -0.57379 eb
144.85642 78.67253 0.79252 -0.17188 0.58512 eb
145.42734 81.70499 -0.13431 0.98833 0.07183 eb
146.02451 73.04952 0.33853 0.80408 -0.48872 eb
146.11881 33.89806 0.92688 0.29288 0.23478 eb
146.48948 62.15562 -0.05867 -0.98613 0.15528 eb
146.63600 43.08289 -0.91557 -0.29157 -0.27698 eb
146.65274 21.05510 -0.76059 -0.61402 -0.21091 eb
146.67783 57.85044 -0.74979 -0.50975 -0.42186 eb
147.27771 44.57145 0.22779 0.57087 0.78881 eb
147.40090 21.95506 -0.47119 -0.45360 -0.75645 eb
147.87524 66.40436 0.95937 0.04173 0.27905 eb
148.64883 75.56102 -0.85805 -0.44752 -0.25192 eb
149.76359 18.05839 0.91244 -0.15256 -0.37970 eb
149.83891 49.28884 -0.27103 0.76020 -0.59045 eb
150.52016 26.12916 0.07809 0.56799 -0.81932 eb
150.81832 52.27642 0.63031 0.65426 0.41792 eb
151.20264 39.52309 0.16817 -0.89550 -0.41206 eb
151.30375 34.71253 0.49916 0.48268 -0.71962 eb
151.53334 77.39743 -0.74585 -0.04804 -0.66438 eb
152.84265 46.60582 0.51385 -0.65598 -0.55286 eb
153.18775 56.32582 0.61271 0.16069 -0.77380 eb
153.38778 29.43932 0.12629 -0.80733 -0.57643 eb
153.73914 69.41241 -0.85900 0.46600 -0.21204 eb
153.94185 68.19387 0.44500 -0.89397 0.05295 eb
154.43054 36.42197 -0.65631 -0.11632 -0.74547 eb
154.50183 23.18747 0.09673 -0.67078 -0.73532 eb
155.46448 32.11020 -0.38758 -0.54204 -0.74563 eb
156.11497 51.93869 0.40995 -0.25032 -0.87709 eb
156.81404 70.10296 -0.90044 0.23657 -0.36502 eb
157.23872 76.90600 0.01092 -0.77600 -0.63063 eb
158.52653 82.03782 -0.58844 0.48939 -0.64362 eb
158.82488 30.42642 -0.83399 -0.17477 -0.52337 eb
159.06875 71.51412 0.51888 0.36613 -0.77248 eb
159.76632 48.40740 -0.38664 0.84535 -0.36863 eb
160.40454 79.75772 0.23447 0.94968 0.20770 eb
160.47792 73.45597 -0.49840 0.64803 -0.57590 eb
160.68109 37.02602 -0.20715 0.00268 0.97831 eb
160.95086 59.73474 0.96367 0.10018 -0.24760 eb
161.07561 38.67377 0.54099 -0.36908 -0.75572 eb
161.16551 26.59362 -0.05732 0.92411 -0.37780 eb
161.45289 46.12826 0.24102 -0.34872 0.90571 eb
161.68662 43.91260 -0.07833 0.31502 -0.94585 eb
162.00065 56.44630 0.41247 0.83761 0.35816 eb
162.77370 48.90009 0.99551 -0.00092 -0.09470 eb
162.84760 39.26486 -0.78900 -0.60018 0.13134 eb
163.42829 37.62531 -0.32055 0.86830 -0.37855 eb
163.48161 30.02562 -0.70653 -0.70377 0.07424 eb
163.70556 69.99101 -0.97537 -0.16231 -0.14938 eb
164.10154 26.66194 -0.72752 0.51952 -0.44813 eb
164.85411 64.67042 0.00089 0.97074 -0.24014 eb
165.59444 19.02288 0.65265 -0.47396 -0.59111 eb
165.64704 11.81483 -0.06106 -0.98076 0.18543 eb
166.11201 44.74568 -0.96587 -0.25685 0.03357 eb
166.47796 81.61846 0.11977 -0.54621 -0.82904 eb
166.54397 46.52025 -0.60733 0.52230 0.59863 eb
166.94822 16.84469 -0.17480 0.32574 -0.92916 eb
167.99448 32.07040 -0.69869 0.69820 -0.15604 eb
168.75699 16.33856 0.91888 -0.19572 0.34256 eb
170.75024 74.89650 0.25850 0.86033 0.43932 eb
171.19270 33.54232 0.82974 -0.54437 -0.12330 eb
171.19783 70.53103 -0.02354 0.31906 -0.94744 eb
171.57154 27.14097 -0.30065 0.29893 0.90568 eb
172.04449 19.27149 0.58082 0.10325 -0.80745 eb
172.75963 36.99444 -0.06913 0.55417 -0.82953 eb
172.87923 10.27613 0.88310 -0.43989 -0.16317 eb
174.47280 54.06721 -0.74309 0.17423 -0.64612 eb
176.10474 21.05648 -0.82435 -0.26938 -0.49788 eb
176.33913 56.35306 -0.70757 -0.46537 -0.53177 eb
176.39074 50.51210 0.71037 -0.47061 -0.52335 eb
176.60588 72.89374 0.83684 -0.54547 0.04660 eb
177.92824 61.66641 0.96472 0.13267 0.22743 eb
178.30365 42.99541 0.93868 0.21845 0.26675 eb
178.50231 39.21834 -0.33054 0.71635 -0.61448 eb
178.56749 36.77856 -0.45930 -0.73401 0.50027 eb
178.66413 36.23290 0.91927 0.22507 -0.32293 eb
178.73996 55.95035 -0.15731 0.59151 -0.79081 eb
180.02267 54.60015 0.67235 -0.63744 -0.37633 eb
180.64010 39.94627 -0.19871 -0.12718 -0.97177 eb
180.70592 51.73018 0.47656 -0.52133 -0.70789 eb
180.95800 74.88953 -0.35680 0.69462 0.62466 eb
181.14619 34.59049 -0.89069 0.19499 0.41066 eb
181.16956 83.13677 0.32725 0.94365 -0.04923 eb
181.73727 15.16589 0.74987 0.65850 -0.06375 eb
182.21782 28.29545 0.63178 0.62861 0.45355 eb
182.98534 21.65478 0.60207 0.75707 -0.25366 eb
183.61408 64.73835 -0.12425 0.10080 -0.98712 eb
183.64234 22.45257 -0.14203 0.47292 0.86958 eb
184.12031 66.29107 0.26696 0.60075 -0.75355 eb
184.13774 36.71967 0.57042 -0.67422 0.46909 eb
184.27728 19.14345 -0.71535 -0.67989 -0.16129 eb
185.82409 43.99543 -0.30005 -0.03231 -0.95338 eb
186.63646 54.28448 -0.46531 0.12428 -0.87638 eb
186.79185 23.00017 -0.06793 0.17263 0.98264 eb
187.03757 71.84895 0.48401 0.86431 -0.13673 eb
187.59090 51.04149 0.97301 -0.12264 0.19548 eb
188.17459 70.26056 0.46710 -0.29048 -0.83513 eb
188.45761 30.85202 0.50501 -0.58484 -0.63477 eb
188.50568 70.19963 0.52631 -0.25586 -0.81089 eb
188.91749 24.99841 -0.92658 0.35501 -0.12421 eb
190.63138 31.53944 -0.20014 -0.90899 -0.36563 eb
191.04583 69.45537 -0.95455 -0.05588 -0.29275 eb
192.18970 37.79900 0.72899 -0.68293 -0.04667 eb
192.41082 50.50509 0.03520 0.85114 0.52375 eb
193.01067 32.30220 -0.56512 -0.67958 0.46778 eb
193.29463 42.76180 0.84629 0.11882 -0.51930 eb
194.70483 13.44897 0.05035 0.50256 -0.86307 eb
194.73083 20.48484 -0.82693 0.06448 -0.55860 eb
195.10085 38.90236 0.66644 0.46930 -0.57932 eb
195.75385 72.59114 0.40009 -0.87180 0.28265 eb
195.75539 51.58182 -0.03543 0.32688 -0.94440 eb
196.33136 17.65596 0.64050 -0.37729 -0.66889 eb
196.48259 16.40948 -0.46072 -0.30681 -0.83283 eb
197.04458 88.54938 -0.38006 0.91312 0.14750 eb
197.60757 11.85014 0.28011 0.41559 -0.86534 eb
197.86383 63.77846 -0.19243 0.62170 -0.75925 eb
198.34122 13.76382 0.65887 0.73677 0.15185 eb
198.77635 43.15684 -0.21411 0.95778 0.19185 eb
198.97565 37.59311 0.94776 0.30313 0.09935 eb
199.80111 32.15647 0.17913 0.30411 -0.93564 eb
200.63663 34.18520 -0.16109 -0.88184 0.44319 eb
201.02659 25.47094 -0.10226 0.97242 0.20962 eb
201.98999 85.98374 0.20213 -0.53237 -0.82202 eb
202.53073 33.88303 0.56938 -0.81155 -0.13109 eb
202.64477 29.43868 -0.98731 0.02710 -0.15645 eb
203.97031 55.59388 -0.28863 -0.86523 0.40996 eb
204.50658 68.39681 0.21197 0.96538 0.15205 eb
205.58079 19.72342 -0.26618 0.51252 0.81637 eb
205.94486 26.68935 -0.92578 0.36816 0.08595 eb
206.06291 20.38951 -0.31329 0.03229 -0.94911 eb
206.32728 33.94673 -0.09576 0.25586 -0.96196 eb
206.95615 37.85298 -0.81823 0.23998 -0.52240 eb
207.97426 57.97503 0.96039 -0.02992 0.27703 eb
208.83929 41.79758 0.05532 0.42673 -0.90269 eb
209.14050 72.90777 0.61364 -0.77236 0.16403 eb
209.63635 61.42020 -0.24807 -0.89288 -0.37581 eb
210.72352 51.16285 0.22067 -0.59551 -0.77245 eb
211.05344 64.89331 0.38889 -0.11578 -0.91398 eb
211.09344 27.88759 0.48651 0.33438 -0.80716 eb
211.73720 28.96570 0.13409 -0.92531 -0.35472 eb
213.17824 30.95990 -0.83998 0.20409 0.50277 eb
213.29897 59.11571 0.34979 -0.19549 -0.91620 eb
213.67494 72.51118 0.98209 -0.14735 0.11746 eb
213.87063 81.44949 0.01189 0.88683 -0.46195 eb
215.15084 25.24920 0.05149 0.82345 -0.56505 eb
215.45095 15.63500 0.21610 -0.44194 -0.87062 eb
216.12772 46.08410 0.45073 0.71314 0.53692 eb
216.51012 24.44165 -0.63376 -0.74368 0.21280 eb
216.66393 68.37903 -0.81918 0.49675 -0.28669 eb
216.71594 37.16866 -0.24719 0.38010 -0.89130 eb
217.35854 23.33992 -0.55780 -0.33536 -0.75920 eb
218.14537 53.98845 0.60883 -0.70614 -0.36151 eb
220.10477 56.18162 0.63090 0.09290 -0.77028 eb
220.77718 50.37089 -0.79633 0.56702 -0.21058 eb
220.81631 80.30787 -0.44741 -0.20887 -0.86959 eb
222.16993 34.55689 0.05886 -0.11891 -0.99116 eb
222.63125 53.37852 0.82185 -0.28553 -0.49298 eb
223.92261 47.09389 0.59327 -0.26659 -0.75958 eb
224.46549 13.32510 -0.13449 -0.86686 -0.48007 eb
224.55342 70.14864 0.48531 -0.70867 0.51211 eb
224.73639 31.62850 -0.83648 -0.19343 0.51272 eb
225.53074 39.65125 -0.25639 -0.94905 -0.18323 eb
226.27822 36.16569 0.09244 0.22989 -0.96882 eb
226.84299 44.67370 0.78028 0.40497 -0.47662 eb
227.47046 23.55546 -0.93040 -0.21850 -0.29429 eb
227.56639 52.96886 0.29342 0.71184 -0.63811 eb
228.04179 34.46004 -0.14094 -0.31782 -0.93762 eb
228.10345 34.02333 0.70192 -0.16336 -0.69327 eb
228.52398 65.13896 -0.47844 0.50658 -0.71727 eb
229.20490 30.97376 0.26999 -0.84412 -0.46321 eb
230.76169 24.13991 0.69363 0.27330 -0.66648 eb
232.55361 31.31855 -0.81560 -0.56875 0.10634 eb
233.62441 48.53693 0.08421 0.89426 -0.43956 eb
235.25933 48.62151 -0.49506 0.27754 -0.82334 eb
238.94209 21.75118 -0.45048 -0.78459 -0.42600 eb
239.98295 70.81985 -0.60071 -0.78006 0.17510 eb
240.49373 58.73167 -0.06175 0.67050 -0.73934 eb
240.92220 50.99131 -0.20212 -0.40706 -0.89076 eb
241.40750 56.87234 0.04996 0.58546 -0.80916 eb
241.95565 76.25294 -0.71031 0.70303 -0.03485 eb
242.40862 28.16837 -0.49516 -0.36367 0.78903 eb
242.51153 44.38266 -0.50835 -0.86115 -0.00240 eb
242.63281 71.39572 0.42619 0.20161 -0.88188 eb
242.82273 36.31039 0.21457 -0.77270 -0.59740 eb
243.23074 35.39806 0.88486 0.06705 -0.46101 eb
243.27965 72.87173 -0.14871 -0.82769 0.54112 eb
243.99868 62.93129 -0.26882 -0.18187 -0.94586 eb
246.81232 66.96059 0.38907 0.91624 -0.09558 eb
247.19579 43.15989 0.76741 0.63336 -0.09968 eb
247.53629 10.22320 0.24681 -0.73855 -0.62740 eb
247.58284 54.75516 -0.80977 -0.06734 -0.58288 eb
248.07267 61.95857 0.09636 0.13000 -0.98682 eb
248.36991 21.80187 0.52363 -0.72540 0.44676 eb
248.68024 60.35512 0.44860 -0.86105 0.23947 eb
250.90567 43.12332 0.87069 0.27995 0.40439 eb
251.90194 32.39947 0.05318 -0.51105 -0.85790 eb
252.56368 35.32930 -0.37827 0.40495 -0.83242 eb
252.78117 40.88035 0.00462 -0.02941 -0.99956 eb
254.20188 22.87628 0.25767 0.24619 -0.93434 eb
254.66433 47.59933 0.94724 -0.26918 0.17403 eb
256.58804 80.06492 0.05692 0.66165 -0.74765 eb
257.29868 26.17023 0.67211 -0.62797 -0.39233 eb
257.71765 86.91117 0.58978 -0.42278 -0.68805 eb
258.25722 82.14079 0.87216 0.14887 0.46603 eb
259.07843 32.25196 0.10509 -0.14730 -0.98349 eb
259.48948 45.39341 0.69638 -0.29114 -0.65596 eb
260.05601 28.88799 0.60482 0.23435 -0.76110 eb
261.55259 34.65460 -0.38636 0.45928 0.79987 eb
262.05027 34.17370 -0.73068 0.38930 -0.56085 eb
263.60482 47.98358 0.81712 0.37492 0.43788 eb
264.54454 64.77000 0.49072 -0.34940 -0.79819 eb
264.94618 66.70347 -0.97018 0.03040 0.24047 eb
266.77113 23.15928 -0.57483 0.48252 -0.66086 eb
267.54687 15.21500 0.99412 -0.10587 0.02264 eb
267.71071 75.44901 -0.80841 -0.58862 -0.00067 eb
267.96331 40.64957 -0.94065 0.01965 0.33881 eb
268.74389 87.93616 -0.56477 0.57754 -0.58948 eb
271.19456 69.05069 -0.42482 0.18948 -0.88523 eb
271.62044 37.16641 0.39725 -0.19817 -0.89606 eb
271.73750 35.23470 0.19608 -0.94982 0.24371 eb
272.30016 28.72014 -0.36581 -0.89418 -0.25813 eb
272.65599 44.81825 -0.36439 0.30718 -0.87912 eb
276.25953 33.85404 -0.15894 -0.39417 -0.90519 eb
276.39290 27.04015 -0.54535 0.83800 0.01870 eb
277.83688 59.95119 -0.23763 -0.59582 -0.76716 eb
278.39886 31.35484 0.75159 0.51761 -0.40889 eb
278.95973 32.34858 -0.54699 -0.52095 -0.65529 eb
278.98745 50.27788 -0.80471 -0.58370 -0.10836 eb
279.19496 43.82329 -0.28052 -0.74631 -0.60359 eb
279.52596 63.11702 0.17035 0.62634 -0.76071 eb
280.74973 23.67735 -0.13533 -0.89247 -0.43033 eb
281.11139 40.41556 -0.91358 -0.37654 0.15357 eb
281.76953 40.43198 -0.36783 -0.32908 -0.86971 eb
281.80223 23.87956 -0.96414 0.00951 -0.26523 eb
281.86488 50.09441 0.90787 -0.35751 0.21900 eb
282.63995 85.63052 -0.19410 0.76259 -0.61708 eb
283.31390 85.76725 -0.48102 -0.74964 -0.45459 eb
283.55306 42.40903 0.88516 0.06686 0.46046 eb
283.92593 85.76461 0.73131 0.67380 -0.10576 eb
284.13896 13.42800 0.09916 0.91338 0.39486 eb
285.64377 87.85184 0.18818 -0.56514 -0.80324 eb
285.97662 13.84563 0.50637 0.02997 -0.86180 eb
286.37872 77.08430 -0.41005 -0.03539 -0.91138 eb
286.81346 50.03972 -0.63340 -0.00859 -0.77377 eb
287.00847 74.51859 -0.48644 0.82138 -0.29785 eb
287.01398 74.62223 0.06613 -0.14722 -0.98689 eb
287.48405 31.20212 -0.99933 -0.01838 0.03174 eb
287.63442 18.47697 0.24056 0.81351 -0.52946 eb
289.12166 14.31110 0.82842 0.01092 -0.56000 eb
290.35955 21.77652 -0.57734 -0.60882 -0.54407 eb
292.33363 47.51696 -0.73507 0.09811 -0.67085 eb
292.39953 32.77049 -0.68112 -0.69130 0.24120 eb
295.12054 11.10998 -0.93617 0.23656 0.26005 eb
295.91326 68.17291 0.54806 -0.45430 -0.70231 eb
296.01233 48.97831 -0.00241 0.98036 -0.19718 eb
296.87678 27.05255 -0.39535 0.66834 -0.63010 eb
299.02834 55.51812 -0.29384 0.43121 -0.85306 eb
304.08403 19.31427 -0.79987 0.00243 -0.60017 eb
304.70463 44.56294 -0.38574 -0.42997 -0.81629 eb
305.36777 56.71677 -0.41231 -0.75109 -0.51561 eb
305.40437 52.79702 0.26849 0.22547 -0.93652 eb
308.25021 47.85149 -0.25358 0.68933 0.67862 eb
308.32879 69.14866 0.85248 -0.52272 -0.00668 eb
309.11906 38.00179 -0.90181 -0.42656 -0.06923 eb
309.81972 59.66299 0.60227 0.79805 0.01963 eb
309.82079 43.17966 0.19421 -0.84791 -0.49328 eb
312.61656 41.37002 -0.83711 0.38326 -0.39034 eb
312.64908 32.24654 0.55820 -0.47903 -0.67745 eb
313.75375 86.76639 0.48718 -0.75766 0.43429 eb
315.87415 29.30631 -0.07697 0.37989 -0.92182 eb
317.11126 64.70145 -0.44392 0.73509 -0.51242 eb
317.25291 40.71089 0.77984 0.47952 -0.40238 eb
317.74422 81.58456 0.12734 0.33917 -0.93207 eb
317.99391 46.87990 -0.43916 0.00098 -0.89841 eb
318.26593 81.47790 0.01850 0.81270 -0.58239 eb
318.41594 72.38294 0.08471 -0.35251 -0.93197 eb
319.62171 40.68965 0.10964 0.24360 -0.96366 eb
320.10099 35.11215 -0.70230 0.45094 -0.55084 eb
322.19571 41.62425 0.36379 0.27617 0.88960 eb
322.29012 65.51263 0.91502 0.13162 -0.38133 eb
323.75029 36.18061 -0.92036 -0.15113 0.36069 eb
323.76808 42.87377 0.98818 -0.10087 0.11543 eb
323.90630 41.65713 -0.28336 -0.02869 0.95858 eb
325.61079 16.97344 0.23879 0.94949 0.20361 eb
326.01068 64.35193 -0.57558 -0.76827 0.28012 eb
326.07185 16.52898 0.88974 0.14453 0.43297 eb
326.49774 30.66209 -0.33203 0.56664 -0.75411 eb
327.48296 33.09597 0.63063 -0.52729 0.56945 eb
328.05809 74.02342 -0.52698 -0.12878 -0.84006 eb
328.17599 58.44907 0.85460 -0.32146 -0.40783 eb
328.26325 58.73603 -0.30364 0.64362 -0.70254 eb
332.55387 54.00773 -0.81510 -0.21047 -0.53974 eb
332.90934 60.96351 -0.11824 0.53771 0.83480 eb
333.84294 65.99395 0.81953 0.28754 -0.49567 eb
334.82301 45.79768 0.94036 0.24021 -0.24087 eb
334.83424 51.70388 0.06511 0.65914 -0.74920 eb
335.04003 32.08718 0.78800 -0.37026 0.49190 eb
335.29143 41.36736 0.51983 -0.75826 -0.39347 eb
335.65751 32.39727 -0.36253 0.91794 -0.16110 eb
336.07985 61.66117 0.42349 0.86445 -0.27090 eb
336.32524 82.72814 -0.24574 -0.58730 0.77116 eb
336.44282 57.54013 0.24503 0.32911 -0.91195 eb
336.46783 10.80022 -0.25776 0.95896 0.11816 eb
337.24469 35.33775 0.72334 0.65235 -0.22632 eb
337.32710 79.49200 0.92132 0.23851 -0.30704 eb
341.54983 59.47068 0.66650 -0.32987 -0.66855 eb
342.28491 33.24782 0.37472 -0.91791 0.13047 eb
342.28749 74.10476 -0.33022 0.42081 -0.84491 eb
344.05732 43.04507 -0.89331 -0.19407 -0.40537 eb
344.50782 74.09788 -0.33318 0.44093 -0.83341 eb
345.13934 39.03840 -0.87789 0.00911 0.47878 eb
346.30309 22.02417 0.47239 0.29627 -0.83010 eb
348.42545 45.44318 -0.18975 0.66468 0.72263 eb
349.28038 41.16164 -0.14369 -0.04751 -0.98848 eb
350.13506 38.76342 0.30798 0.36511 -0.87855 eb
351.07857 45.74675 0.16235 0.89173 -0.42245 eb
352.23812 34.16531 -0.18658 -0.62955 -0.75422 eb
352.81414 40.91666 -0.61019 0.05174 -0.79057 eb
353.43932 34.40059 0.42382 -0.53961 -0.72746 eb
353.78484 28.07124 -0.41116 0.90973 0.05780 eb
354.23684 15.46233 -0.05018 0.95373 -0.29644 eb
354.74526 36.32656 0.66878 -0.54361 0.50717 eb
355.23356 76.53632 -0.57713 0.01064 -0.81658 eb
357.64115 67.21981 -0.11623 0.24669 -0.96210 eb
358.99672 38.03032 -0.62032 0.52709 -0.58084 eb
359.61263 17.39750 0.14390 0.91776 0.37015 eb
360.37961 15.70296 0.35749 -0.74287 0.56598 eb
360.96374 9.65421 -0.81273 -0.21222 0.54261 eb
361.62614 24.17695 0.03079 0.56981 -0.82120 eb
363.30295 56.40842 0.99940 0.03293 0.01038 eb
363.31971 41.65643 0.83024 0.01447 -0.55722 eb
364.93624 67.61598 -0.10718 -0.89822 -0.42627 eb
366.44317 50.60053 0.48808 0.56488 -0.66535 eb
367.80577 37.58074 0.05586 0.04473 -0.99744 eb
367.83826 25.16287 0.91004 0.13446 -0.39210 eb
369.72805 34.17826 0.15972 -0.79014 0.59175 eb
372.93912 39.66595 0.83076 0.46482 0.30622 eb
373.19893 49.34809 -0.64594 -0.72529 0.23813 eb
375.37096 39.66499 -0.89306 0.32929 -0.30661 eb
375.53493 32.47630 0.39178 -0.30185 0.86913 eb
380.69390 35.52544 0.46375 0.11006 -0.87910 eb
383.19776 30.29384 -0.78603 0.61782 -0.02111 eb
387.16893 23.67611 0.52492 -0.48405 -0.70011 eb
389.29929 87.56012 -0.38648 -0.57399 -0.72192 eb
394.25600 39.67092 -0.89867 -0.42150 -0.12134 eb
403.08402 16.01768 0.44874 -0.41690 -0.79046 eb
406.60550 43.48134 0.08113 -0.17496 -0.98123 eb
413.67804 28.29352 -0.17085 0.71956 -0.67308 eb
420.12286 21.96033 -0.51273 0.13111 -0.84848 eb
420.30756 64.23504 -0.79028 -0.61200 -0.03024 eb
420.70616 26.66070 -0.98328 -0.14410 0.11131 eb
428.08327 17.52467 -0.54134 0.73026 0.41675 eb
429.80130 22.75343 0.93435 -0.31637 0.16402 eb
430.08389 35.68317 -0.60263 -0.79364 -0.08351 eb
434.02043 21.49403 0.55674 0.06559 -0.82809 eb
441.38053 46.91070 -0.26272 0.95708 -0.12236 eb
444.77956 40.52761 0.09104 -0.22014 -0.97121 eb
456.29234 61.41904 -0.88326 -0.14028 0.44741 eb
473.29320 27.57690 -0.40878 -0.91212 -0.03043 eb
475.03478 55.75926 -0.08771 0.83888 -0.53720 eb
480.66403 21.48047 -0.10426 0.64676 -0.75554 eb
506.27702 37.03455 0.12349 -0.59420 -0.79478 eb
509.37855 40.68759 -0.37337 -0.80545 0.46027 eb
516.14614 15.90510 -0.61168 -0.31450 0.72590 eb
570.61063 16.44712 0.17096 -0.18000 0.96870 eb
581.27503 8.01399 -0.55526 -0.24518 0.79472 eb
585.36234 23.99335 0.49780 0.86726 0.00684 eb
585.64687 21.81943 -0.97264 0.22856 -0.04167 eb
605.96023 19.90527 -0.90365 0.06378 -0.42350 eb
610.76513 23.01216 0.54291 -0.83445 -0.09452 eb
611.30078 25.91567 0.35548 0.67068 0.65102 eb
612.21226 12.75330 0.32656 -0.14897 -0.93336 eb
619.32117 10.20673 0.67580 -0.68639 -0.26864 eb
642.04112 12.31876 0.20541 0.39409 -0.89582 eb
650.32899 23.44864 0.14156 0.55176 -0.82190 eb
657.99707 30.30739 -0.25638 -0.96633 -0.02184 eb
666.00168 18.53930 0.73613 -0.03738 0.67581 eb
703.30452 17.48985 -0.55021 -0.62705 -0.55144 eb
715.04955 21.64812 0.30738 0.64537 0.69930 eb
734.10667 22.78015 0.22699 -0.97157 -0.06735 eb
749.65854 30.13876 -0.92458 -0.36614 -0.10531 eb
770.51975 28.85267 -0.48523 0.57023 -0.66287 eb
781.98083 32.38500 0.26521 -0.86982 -0.41602 eb
837.07342 14.49373 0.39722 0.87396 0.28000 eb
839.17213 15.26201 0.22702 -0.85677 0.46304 eb
856.70459 8.24814 -0.09002 -0.09365 0.99153 eb
866.62671 9.45677 0.96927 0.24064 0.05115 eb
871.40862 26.57751 0.93058 -0.06657 -0.35999 eb
884.02137 15.69127 0.23329 -0.55460 0.79874 eb
889.14776 20.43419 0.24422 0.85144 0.46411 eb
913.50147 17.00792 -0.12702 -0.98652 -0.10318 eb
934.70267 17.62703 -0.59299 0.64191 -0.48612 eb
1002.41208 12.32403 -0.01075 -0.99427 -0.10638 eb
1003.86974 19.59858 -0.78001 -0.52849 -0.33509 eb
1033.23605 25.78850 -0.54509 0.83809 -0.02213 eb
1050.96152 23.93116 0.26058 0.96425 -0.04824 eb
1058.14687 39.68592 0.62665 -0.68230 0.37654 eb
1064.48691 37.02701 -0.54128 0.80720 -0.23546 eb
1091.37113 20.55668 -0.97641 -0.20299 0.07360 eb
1123.45939 22.01539 -0.11487 0.89959 0.42135 eb
1136.56606 20.84262 -0.38310 0.50445 -0.77379 eb
1155.43895 15.12238 -0.28314 0.80915 0.51489 eb
1174.78717 30.23539 0.64516 0.53191 -0.54850 eb
1176.81833 16.79400 -0.12068 -0.98690 0.10704 eb
1179.29644 10.73012 0.28675 -0.73694 0.61212 eb
1210.09450 20.70461 -0.32843 -0.25262 0.91012 eb
1239.25455 12.13217 0.45314 -0.47744 -0.75280 eb
1239.32921 31.83752 -0.40041 -0.48038 0.78033 eb
1271.10544 21.82184 -0.54100 0.34213 -0.76829 eb
1322.38429 22.45304 -0.97658 0.01036 0.21489 eb
1351.97700 10.85444 0.59263 0.35597 -0.72255 eb
1419.00582 15.07137 -0.10248 -0.99367 0.04604 eb
1633.58327 18.23982 0.62450 -0.53437 0.56961 eb
1672.29568 35.97838 0.09395 -0.85260 -0.51404 eb
1694.55211 21.99226 -0.58662 0.58613 -0.55887 eb
1745.29113 49.06372 0.80963 0.43160 -0.39777 eb
1892.47466 17.41452 -0.10261 0.87514 -0.47287 eb
1929.33052 28.83404 -0.35386 -0.23330 0.90573 eb
1939.49396 15.06538 -0.88632 -0.45386 0.09192 eb
1966.82714 48.12141 -0.27480 0.78430 -0.55620 eb
2041.61971 15.45298 0.94693 0.31957 0.03474 eb
2131.49816 22.27190 -0.63120 0.68419 -0.36534 eb
2348.00852 13.07844 -0.69051 0.11223 -0.71456 eb
2553.95123 30.55441 0.07197 0.31712 0.94565 eb
2616.07186 17.59982 -0.48827 -0.76343 0.42281 eb
2616.86813 22.81898 -0.17947 -0.93807 0.29634 eb
2644.84491 12.25722 -0.51232 0.14650 0.84621 eb
2783.98256 28.66729 -0.15382 -0.88822 0.43290 eb
2854.07959 11.41234 0.84786 -0.52620 0.06511 eb
2972.42619 19.33892 0.15014 -0.51268 0.84535 eb
2976.73263 4.77892 0.38372 -0.53522 0.75253 eb
3107.37646 30.80621 0.99049 0.03832 0.13213 eb
3216.60648 17.06902 0.22759 0.73344 0.64052 eb
3257.34899 21.77297 0.22020 -0.73092 -0.64596 eb
3374.16580 31.99800 -0.48248 -0.13515 -0.86542 eb
3711.01991 20.05420 0.09454 -0.89032 -0.44541 eb
3820.05943 12.82341 -0.17813 -0.27557 0.94463 eb
3999.75091 14.48724 0.94167 -0.24561 0.23006 eb
4189.44164 9.30814 0.94566 -0.19513 -0.26009 eb
4434.37280 11.30827 0.94264 -0.02087 -0.33315 eb
4788.52123 14.21726 -0.10580 0.69643 -0.70979 eb
6584.00226 14.21274 -0.65001 -0.71388 -0.26049 eb
6690.21198 20.02921 -0.35050 -0.91457 -0.20176 eb
6694.04979 30.72489 0.05003 0.41556 -0.90819 eb
7204.24613 27.21327 -0.82659 0.52428 -0.20466 eb
7480.16421 5.79505 0.14709 -0.02582 -0.98879 eb
8393.21389 15.19096 0.12340 0.97083 0.20556 eb
8736.87258 19.47764 -0.96768 0.00856 0.25203 eb
9772.97065 18.04193 0.55461 -0.70878 -0.43594 eb
10179.82831 23.29017 0.91919 -0.35605 0.16826 eb
11497.11384 23.23172 0.87871 -0.22823 0.41926 eb
11772.12450 27.70398 0.83894 0.06912 -0.53981 eb
16954.77637 12.88355 -0.47826 -0.64644 -0.59446 eb
17840.23480 8.26099 -0.94037 0.29373 -0.17156 eb
