17.27554 60.89814 -0.96248 -0.24868 0.10857 e
17.71090 39.99760 0.77485 0.62686 -0.08149 e
18.14967 74.59178 0.23670 -0.93749 0.25513 e
18.18225 72.63467 0.83619 0.05926 0.54524 e
18.43631 80.24761 -0.66979 -0.21754 -0.70997 e
18.52881 31.79072 -0.01840 0.99557 0.09216 e
18.95000 56.37679 0.61848 -0.56952 -0.54142 e
19.68789 79.03708 -0.25919 -0.20862 -0.94302 e
19.75874 78.86481 0.82279 -0.38883 -0.41452 e
19.83378 47.69088 0.87672 -0.11401 0.46729 e
19.83787 47.41040 -0.36949 0.87999 -0.29850 e
20.11615 83.33749 0.76589 -0.21143 -0.60722 e
20.97222 70.50800 -0.11984 -0.77848 -0.61612 e
20.99552 78.78559 -0.21184 -0.86784 0.44942 e
21.09757 80.36768 -0.97307 -0.15945 -0.16648 e
21.34996 72.99914 0.00934 0.48059 -0.87689 e
21.68377 74.99856 -0.31550 -0.34578 -0.88368 e
22.03640 73.67268 -0.90514 -0.42253 0.04678 e
22.11294 53.56936 -0.33644 -0.02312 -0.94142 e
22.23596 77.74824 -0.82571 0.00841 -0.56404 e
22.69220 63.66829 0.58506 0.53310 -0.61116 e
22.85037 42.92781 -0.83257 0.28357 -0.47584 e
23.10406 78.70342 0.75611 0.13244 -0.64090 e
23.12665 51.77379 0.99484 0.00349 -0.10135 e
23.17806 84.51204 0.61223 -0.04028 -0.78965 e
23.21285 64.89094 -0.51379 -0.71987 -0.46671 e
23.24052 83.57505 0.74572 -0.66408 -0.05386 e
23.37525 64.50368 -0.98167 -0.00005 -0.19058 e
23.41905 55.92662 -0.84712 0.21130 -0.48758 e
23.42062 60.61157 0.59852 0.47598 -0.64437 e
23.67327 57.55868 -0.91659 0.15528 -0.36845 e
23.90010 52.41397 0.48059 -0.83415 0.27062 e
23.96618 54.91959 -0.56895 0.77803 -0.26639 e
24.23026 70.77428 -0.77384 0.44064 0.45498 e
24.50327 66.73965 0.97065 -0.20185 -0.13073 e
24.71038 55.56794 -0.07322 -0.55265 -0.83019 e
25.43594 60.47620 -0.72531 0.26276 0.63631 e
25.70596 23.62502 -0.54276 -0.57803 0.60933 e
25.80823 40.04036 0.32853 -0.84213 -0.42765 e
26.16872 40.98415 -0.64053 0.31193 -0.70172 e
26.18936 64.45725 -0.28373 0.59785 -0.74971 e
26.22231 74.82697 0.47844 0.47519 -0.73844 e
26.57015 74.86923 0.07279 0.97397 0.21466 e
26.70877 83.48520 0.74859 -0.48513 -0.45196 e
26.76384 63.74644 -0.14502 -0.36532 -0.91952 e
26.92257 48.94200 0.48294 0.79975 -0.35659 e
26.99458 64.98072 -0.46109 0.72266 -0.51494 e
27.66010 69.49488 0.18281 -0.97215 0.14666 e
27.83832 64.26139 -0.02775 0.30178 -0.95297 e
27.91049 40.44976 -0.28224 0.12976 -0.95053 e
28.03667 19.46791 0.77891 0.27032 0.56589 e
28.12032 80.87681 0.69478 0.27468 -0.66470 e
28.24176 78.60503 0.78766 -0.27117 -0.55322 e
28.48978 36.20468 0.70991 -0.33789 -0.61794 e
28.55175 78.88290 0.66906 -0.59183 -0.44955 e
28.62271 67.44001 0.06147 0.88783 -0.45605 e
29.07908 84.40107 0.71794 0.38964 0.57683 e
29.51474 73.56253 -0.11241 0.03624 -0.99300 e
29.51770 78.95476 0.50178 0.11520 -0.85729 e
29.60381 77.33988 -0.43385 -0.61862 -0.65504 e
29.66268 76.02009 0.75636 -0.23003 -0.61238 e
29.91518 60.56386 0.91635 -0.18984 -0.35251 e
30.00869 82.63902 -0.82275 0.54704 0.15435 e
30.54824 37.68761 -0.04604 -0.97796 0.20364 e
30.66449 46.94990 -0.10453 0.47095 -0.87595 e
30.69195 76.00074 -0.77097 0.26204 -0.58047 e
30.75187 34.26482 -0.08034 -0.29505 -0.95210 e
30.84606 59.20414 0.85751 -0.26550 -0.44067 e
30.97095 66.99558 -0.04283 0.89646 0.44105 e
31.17626 41.02654 -0.14654 0.76446 -0.62779 e
31.23407 69.27215 -0.41514 0.12951 -0.90049 e
31.27241 75.20614 -0.02498 -0.95125 -0.30742 e
31.27492 31.87509 0.42394 0.35982 -0.83115 e
31.28993 47.18743 0.15752 0.06195 -0.98557 e
31.38372 71.70356 0.32403 -0.27707 -0.90456 e
31.40284 55.93309 -0.70797 -0.22188 0.67048 e
31.43978 64.23190 0.12184 0.77775 -0.61666 e
31.53964 35.07007 -0.12619 -0.74362 0.65659 e
31.76960 47.46673 0.98983 0.10417 -0.09692 e
31.79302 49.69950 0.32286 -0.58452 -0.74437 e
31.96854 66.04193 0.77422 -0.30943 -0.55212 e
32.07326 79.60956 0.66513 0.73964 0.10270 e
32.11344 38.80388 -0.13291 -0.83545 -0.53325 e
32.20964 53.14057 -0.95693 0.27954 -0.07841 e
32.43127 49.01422 -0.99507 -0.09131 -0.03880 e
32.43927 63.54017 -0.58030 -0.13374 0.80335 e
32.47105 24.86345 0.88101 0.46739 -0.07326 e
32.51235 55.37945 0.61860 -0.76378 0.18434 e
32.67797 77.64062 0.41349 0.26369 -0.87149 e
32.86252 49.36241 0.15246 -0.65179 -0.74292 e
32.94123 82.28930 0.96736 0.11441 0.22611 e
32.94668 64.24012 0.98048 -0.19503 0.02486 e
32.95495 33.99913 -0.69680 0.57431 -0.42969 e
33.12441 75.97861 0.45377 0.86252 0.22393 e
33.20305 23.15445 0.04548 -0.34273 -0.93833 e
33.22062 56.42755 0.47483 0.30875 -0.82414 e
33.68684 82.50026 0.38389 0.69811 -0.60438 e
33.97438 65.04759 -0.93409 0.10748 -0.34049 e
34.10148 22.75728 0.50317 0.57146 0.64827 e
34.14095 60.12095 0.56461 -0.56543 -0.60125 e
34.38381 82.54727 -0.64819 -0.51360 -0.56219 e
34.78166 32.00670 -0.33417 -0.23855 -0.91182 e
34.79703 45.54650 0.69307 -0.33340 -0.63914 e
34.80701 62.99643 -0.68911 -0.14162 -0.71069 e
34.93740 42.24959 0.70839 -0.63976 0.29814 e
35.55904 43.60260 0.04555 -0.72404 -0.68825 e
35.58308 82.11433 0.00779 0.59148 -0.80628 e
35.76781 78.71157 -0.11054 0.65834 0.74456 e
35.85404 36.15658 0.05796 0.64459 -0.76233 e
35.94928 65.91384 0.83787 0.43215 0.33349 e
36.04942 51.73106 0.36055 0.19616 -0.91188 e
36.14990 49.42722 -0.62443 -0.56243 -0.54200 e
36.27504 83.48762 -0.17357 0.79124 -0.58635 e
36.39922 63.24715 -0.41377 0.61042 -0.67541 e
36.47108 50.52364 0.26624 0.57768 -0.77162 e
36.77782 31.91238 0.53669 0.78403 -0.31187 e
36.78824 39.34409 -0.15467 -0.01321 -0.98788 e
36.93556 67.80056 0.64994 -0.34288 -0.67824 e
36.93730 75.71808 0.80927 0.50440 -0.30112 e
36.93738 75.86690 -0.52354 0.79632 -0.30294 e
37.12476 39.14854 -0.46079 -0.54861 -0.69764 e
37.12941 42.90642 0.55135 -0.53285 -0.64193 e
37.28502 55.60543 0.29692 -0.85132 -0.43254 e
37.28802 82.55932 0.76513 -0.42724 -0.48170 e
37.31853 58.96086 -0.35046 0.80066 -0.48591 e
37.59175 25.18502 0.99859 0.00971 0.05216 e
37.62582 29.12177 -0.59354 0.20617 -0.77795 e
37.96391 18.13774 0.48412 0.27778 -0.82974 e
38.02589 69.57096 0.42024 -0.03968 -0.90655 e
38.08450 48.11879 -0.77910 0.24861 0.57550 e
38.13154 68.54291 0.53930 -0.24426 -0.80591 e
38.50070 53.62886 0.69398 -0.50167 -0.51645 e
38.51844 69.13981 -0.68845 0.64008 -0.34108 e
38.52772 65.83318 0.08496 -0.82298 -0.56168 e
38.79201 60.96626 -0.79274 -0.52286 -0.31334 e
39.30982 57.22471 0.11667 0.34555 -0.93112 e
39.41436 70.53610 -0.41065 0.30226 -0.86024 e
39.45941 84.33495 0.49771 0.05854 -0.86537 e
39.48931 39.36893 0.99066 0.00715 0.13616 e
39.49307 40.98571 0.08359 -0.55817 -0.82550 e
39.64439 37.39817 0.32069 -0.83427 -0.44849 e
39.75851 72.78816 -0.69927 -0.51979 -0.49076 e
39.85900 78.73209 -0.10095 0.99099 -0.08808 e
40.05357 76.70641 -0.30559 0.70831 -0.63633 e
40.05409 52.27481 -0.79713 0.59887 -0.07714 e
40.25508 49.54153 -0.22455 -0.51784 0.82548 e
40.27330 35.01538 0.62077 0.75402 0.21473 e
40.40040 33.22535 -0.36372 0.16879 -0.91609 e
40.93155 38.81667 -0.05302 -0.98057 -0.18888 e
41.10108 64.22651 -0.58785 -0.14794 -0.79533 e
41.27321 83.37347 0.47984 0.14576 -0.86516 e
41.43036 84.10429 0.21062 0.96459 0.15878 e
41.51399 74.34298 0.71968 0.00940 -0.69425 e
41.52523 20.75367 -0.96691 -0.05038 0.25008 e
41.72847 58.02248 0.81687 -0.08229 -0.57092 e
41.74070 52.61105 0.73372 0.31701 -0.60097 e
41.95118 60.55435 -0.44054 0.36121 0.82186 e
42.48855 29.13456 -0.75761 -0.51421 -0.40202 e
42.72569 68.28199 0.56151 0.01099 -0.82740 e
43.08074 38.48638 -0.07545 0.62038 -0.78066 e
43.09529 25.87560 -0.52631 -0.20043 0.82633 e
43.21822 34.48425 0.83927 -0.50606 0.19880 e
43.33398 29.74844 -0.86658 -0.12155 0.48401 e
43.44678 33.90237 -0.02380 0.29310 -0.95579 e
43.50537 73.57088 0.14861 0.96035 -0.23590 e
43.58341 66.24208 0.54246 -0.82544 -0.15619 e
43.61081 19.88924 -0.41033 0.89047 -0.19670 e
44.03659 31.49751 -0.51852 0.84854 0.10544 e
44.04694 49.44038 -0.12087 -0.27422 -0.95404 e
44.07733 26.27407 0.67806 -0.45437 -0.57774 e
44.28569 55.76415 -0.84980 -0.05460 0.52427 e
44.56099 76.66220 -0.93694 0.08197 0.33975 e
45.08295 38.82650 -0.58313 0.77496 0.24370 e
45.18634 25.61548 0.20749 0.97822 0.00536 e
45.26085 44.58859 0.19825 0.67845 -0.70739 e
45.26337 52.48782 -0.07270 -0.90984 0.40855 e
45.39224 62.83212 -0.95358 0.01453 -0.30080 e
45.51543 53.56041 -0.81950 0.28745 -0.49578 e
45.56788 71.04331 -0.38696 0.39722 -0.83215 e
46.01186 78.16651 0.36267 -0.90896 -0.20558 e
46.35514 59.97912 0.71685 0.16714 -0.67690 e
46.53661 69.57738 -0.75075 0.19389 -0.63149 e
46.69201 83.94148 0.29867 0.77647 -0.55488 e
47.18468 44.46891 -0.62370 -0.45356 -0.63661 e
47.54291 71.86350 0.40461 -0.82002 0.40479 e
47.68047 42.86182 -0.24232 0.66986 -0.70183 e
47.69429 82.30297 -0.13952 -0.43486 -0.88962 e
47.78122 33.64539 0.91698 0.39209 -0.07355 e
47.95418 52.76880 -0.81584 0.37486 0.44032 e
48.01498 64.04861 -0.93219 0.25596 0.25592 e
48.23796 76.86348 0.22685 0.47732 -0.84894 e
48.57773 57.47012 0.27165 0.52136 -0.80894 e
48.64990 74.25020 0.95497 0.00682 -0.29663 e
48.83386 75.32317 0.37530 -0.92578 0.04572 e
48.88154 36.77035 0.67779 -0.55110 -0.48671 e
49.04512 30.97211 -0.38594 -0.11522 0.91530 e
49.89065 42.98931 -0.89228 -0.40999 0.18910 e
49.90258 54.44607 -0.08665 -0.13107 -0.98758 e
50.06560 75.11082 -0.90794 -0.37500 0.18712 e
50.10756 58.83882 -0.89761 -0.16891 -0.40715 e
50.94566 81.85044 -0.94689 0.22742 -0.22733 e
50.95912 83.19575 0.39202 -0.45296 -0.80072 e
50.97134 65.48447 0.38858 0.01976 -0.92121 e
50.97249 78.37318 -0.99802 -0.05811 -0.02400 e
51.05549 83.71627 0.81173 -0.03919 -0.58272 e
51.11393 62.04514 0.21975 -0.97535 0.02018 e
51.18727 81.69863 0.77429 0.41138 -0.48087 e
51.20993 20.52716 0.65750 -0.62676 -0.41817 e
51.45628 70.81724 -0.79134 -0.21585 -0.57201 e
51.63689 49.76140 -0.40396 -0.89666 0.18115 e
52.61500 73.74516 0.50894 0.78929 0.34350 e
52.67968 53.79496 -0.55653 0.58141 -0.59350 e
52.77566 15.13425 0.51122 -0.35254 -0.78381 e
53.07115 70.53795 0.66324 -0.74166 0.10021 e
53.14227 76.12081 -0.21271 0.68990 -0.69194 e
53.77388 17.66919 0.04466 0.55573 0.83016 e
54.09561 51.85761 -0.58760 0.70584 -0.39563 e
54.55225 52.52271 -0.76071 -0.62938 -0.15876 e
54.75854 79.86455 0.96154 -0.24280 -0.12837 e
55.67940 73.29281 0.21102 -0.31041 -0.92689 e
55.97479 51.87392 0.49348 -0.63487 -0.59449 e
56.02972 76.81878 0.64763 -0.72406 -0.23731 e
56.40649 60.31484 0.31316 0.02126 -0.94946 e
56.41437 39.41140 0.30804 0.94491 0.11067 e
56.75656 68.14911 -0.37532 0.89124 0.25459 e
56.77156 26.89820 0.82502 -0.54229 0.15892 e
56.89147 53.75577 0.66838 0.74290 -0.03700 e
56.91836 24.89546 -0.48966 -0.32975 -0.80715 e
57.28940 65.01505 0.82904 0.53517 -0.16212 e
57.29468 68.11300 -0.72794 -0.40074 -0.55634 e
57.61297 25.78793 0.46056 -0.88512 -0.06668 e
57.63475 53.02541 -0.80952 0.42264 0.40750 e
57.90513 75.22653 0.62927 0.27610 -0.72649 e
58.23864 81.71740 -0.66785 0.52957 0.52299 e
58.29622 60.62646 0.53428 0.58431 -0.61085 e
58.63474 43.40144 -0.50236 0.79485 -0.34038 e
58.71748 39.66565 0.27220 -0.26060 -0.92628 e
58.90147 41.18280 -0.97149 0.05045 -0.23164 e
58.90515 21.08118 -0.96956 -0.23024 -0.08326 e
58.94384 58.09166 -0.21749 0.89207 0.39612 e
59.04789 82.32801 -0.36774 0.15156 0.91750 e
59.10440 23.26914 0.63237 0.74394 -0.21602 e
59.15687 38.41351 -0.72547 -0.07412 -0.68425 e
59.16960 82.46178 -0.78512 0.21180 -0.58200 e
59.68170 63.76628 0.29093 0.88728 0.35790 e
59.69186 55.29564 0.31230 0.16161 -0.93614 e
59.81762 37.53084 0.48223 0.65421 -0.58264 e
59.84095 21.35694 -0.87194 0.13031 0.47195 e
60.07448 51.64190 0.34080 0.93857 0.05424 e
60.25529 59.95240 -0.56267 -0.37719 -0.73562 e
60.40557 67.04017 0.65901 -0.09751 -0.74579 e
60.41093 23.39489 -0.00891 0.71427 -0.69981 e
60.74616 71.74406 -0.16496 -0.68317 -0.71138 e
60.97527 72.27855 -0.75012 -0.31349 -0.58227 e
61.27395 74.12607 -0.75035 -0.47649 -0.45819 e
61.28306 59.71026 0.48444 -0.02779 -0.87439 e
61.37180 81.89967 0.22769 0.90675 0.35492 e
61.72436 56.45461 0.27323 0.87111 0.40805 e
62.35768 73.05016 -0.39534 -0.82759 0.39849 e
62.63172 57.91925 0.79503 -0.60640 -0.01410 e
62.84366 47.33385 0.41272 0.11604 -0.90344 e
63.28833 71.78430 0.37996 0.77118 -0.51080 e
63.41791 66.17114 0.09746 0.38527 -0.91764 e
63.45889 84.87458 0.25717 0.94617 -0.19653 e
63.53622 27.27656 -0.45019 -0.45337 0.76928 e
63.79275 37.66409 0.93796 -0.29868 -0.17610 e
64.05122 60.81144 -0.14762 -0.86411 0.48117 e
64.07070 80.83888 -0.79075 -0.61212 -0.00509 e
64.28667 68.97205 -0.35969 0.89408 -0.26693 e
64.65608 42.79662 0.63453 -0.62962 -0.44829 e
64.69480 62.65631 -0.99509 0.02071 0.09676 e
64.72147 59.66667 -0.19179 0.93355 0.30283 e
64.80887 68.31846 -0.33089 -0.82958 -0.44979 e
64.99136 36.47310 -0.21039 -0.82487 -0.52472 e
65.97368 45.71674 0.83529 -0.44439 0.32373 e
66.16359 57.70484 0.75929 -0.43944 0.47998 e
66.54906 59.00255 0.13414 -0.95121 -0.27784 e
66.61547 81.35628 -0.52384 0.79519 0.30540 e
67.01353 51.31921 0.88127 -0.43008 -0.19594 e
67.54720 21.44827 0.40511 -0.89353 0.19363 e
67.69726 75.37918 0.13991 0.65217 -0.74505 e
67.86380 22.63011 -0.16921 0.84410 -0.50878 e
67.95242 71.05863 -0.96675 -0.21798 -0.13374 e
68.05686 54.46581 -0.75740 -0.25806 -0.59980 e
68.10433 45.59608 -0.05533 0.95738 -0.28347 e
68.22833 46.52061 0.15379 0.84397 -0.51387 e
68.29568 74.26335 -0.31821 0.55579 -0.76801 e
68.44885 39.27635 0.04067 -0.93905 -0.34137 e
68.48604 40.74401 -0.53252 -0.46592 -0.70664 e
68.70885 51.81610 -0.15384 -0.95785 -0.24259 e
68.88807 45.06852 -0.31116 0.94422 0.10786 e
68.91526 54.02459 0.04520 -0.76655 -0.64059 e
69.96379 45.40470 -0.86568 0.18703 -0.46435 e
70.13289 65.85412 -0.72167 -0.69186 0.02280 e
71.33614 58.31824 -0.32083 0.23452 0.91764 e
71.35329 74.20113 -0.90306 -0.25816 -0.34328 e
71.58149 20.56937 0.94579 0.32106 -0.04897 e
71.89636 35.01720 0.99215 -0.01758 -0.12379 e
72.00239 67.59295 -0.69375 0.00623 -0.72019 e
72.03485 27.19998 0.46572 0.45008 -0.76193 e
72.33108 78.10682 -0.71163 0.34685 -0.61097 e
72.34662 71.45829 -0.68975 0.43451 -0.57917 e
72.41413 45.85571 0.11426 0.79926 -0.59002 e
72.51146 60.27782 -0.52215 0.32755 -0.78744 e
72.91049 40.04185 -0.02775 -0.33322 0.94244 e
73.20337 60.85563 -0.15285 -0.81237 -0.56276 e
73.27100 67.29146 -0.40767 -0.44402 -0.79791 e
73.36151 61.44346 -0.45635 -0.85666 -0.24060 e
73.70692 59.92039 -0.84016 -0.13293 -0.52579 e
73.90829 54.36746 -0.16467 0.95968 0.22783 e
73.92414 38.16636 0.74561 0.53994 0.39055 e
74.08740 33.45895 -0.31274 -0.31533 0.89597 e
74.33137 62.50324 0.81458 0.23546 -0.53012 e
74.38265 57.52833 0.59540 0.60600 -0.52750 e
74.51515 51.68791 -0.33762 0.63680 -0.69318 e
74.60725 30.02786 0.12792 0.86069 -0.49280 e
74.70466 78.06521 0.72895 0.68321 0.04306 e
74.96017 71.67881 -0.44897 -0.34419 -0.82460 e
75.02414 25.78206 -0.60092 0.34780 -0.71967 e
75.13106 64.26122 -0.88214 0.26126 -0.39188 e
75.26175 35.03154 -0.29306 -0.92950 0.22395 e
75.73047 55.76518 -0.79978 0.28628 0.52763 e
76.02173 42.72532 -0.22109 -0.82757 0.51599 e
76.28361 47.72848 0.22381 0.39842 -0.88948 e
76.31181 45.74738 -0.95793 0.28683 0.01010 e
76.32197 31.36400 -0.73185 -0.10037 0.67403 e
76.52725 81.69657 0.48647 -0.16203 -0.85854 e
76.56770 29.94125 -0.62744 0.49200 -0.60353 e
76.57823 78.88678 0.89714 0.35307 -0.26548 e
76.69830 59.95464 -0.91654 -0.14786 -0.37161 e
76.87345 58.37179 -0.72330 0.55529 -0.41047 e
77.20908 77.99611 0.32225 0.18376 -0.92865 e
77.22442 74.00600 -0.56006 0.52232 -0.64305 e
77.29401 76.12759 -0.70788 0.70627 -0.00941 e
77.51089 38.35175 -0.44452 -0.57773 -0.68457 e
77.64364 28.61358 -0.09275 -0.86276 -0.49703 e
78.04154 72.85135 -0.81525 0.27043 -0.51209 e
78.80304 63.17635 -0.43092 -0.25088 0.86681 e
78.80649 52.70206 0.55358 -0.65100 -0.51937 e
79.61597 70.64153 0.86638 -0.17114 -0.46914 e
80.05488 69.99315 -0.17108 -0.58964 -0.78934 e
80.17376 50.72495 0.31714 -0.62749 -0.71111 e
80.27250 27.84750 0.05178 -0.59895 -0.79911 e
80.90871 67.75177 0.75261 0.59053 -0.29130 e
80.96874 27.87093 0.19193 -0.28064 -0.94043 e
81.01807 26.50680 0.65043 -0.13873 -0.74679 e
81.04084 81.34398 0.59444 0.15205 0.78963 e
81.13070 30.43559 -0.32913 0.92233 0.20245 e
82.28036 71.07599 0.59465 -0.74603 0.29972 e
82.94359 68.06153 0.58727 0.67665 -0.44414 e
83.36089 38.63124 0.35802 -0.93364 -0.01182 e
83.47737 51.40208 -0.54321 0.83951 -0.01194 e
83.58099 71.35921 -0.80535 0.00017 -0.59280 e
84.49818 40.38295 -0.80316 -0.42102 0.42152 e
84.67072 22.55140 0.62943 0.03431 -0.77630 e
85.26799 44.46040 0.17489 -0.51065 -0.84181 e
85.42356 78.22083 0.67180 -0.26680 -0.69102 e
85.68555 44.08084 -0.50724 0.13386 -0.85134 e
85.90700 75.34595 -0.85516 0.23687 -0.46108 e
85.96128 43.53241 0.99083 -0.12343 0.05504 e
86.02428 67.38415 0.82908 0.16255 -0.53498 e
86.11768 37.73093 -0.01527 -0.02475 -0.99958 e
86.26727 63.05516 0.58142 0.19713 -0.78936 e
86.83655 53.26524 -0.69245 -0.00275 -0.72146 e
86.86669 75.78195 0.62909 0.50775 -0.58859 e
86.88152 66.52319 -0.46932 0.62873 -0.62002 e
87.42938 77.70866 -0.21352 -0.25415 -0.94330 e
87.59817 22.80240 0.72546 0.67325 -0.14296 e
87.76499 78.46126 0.58381 0.80868 -0.07204 e
87.98775 44.13738 -0.20819 -0.27031 -0.93999 e
89.39427 30.91134 0.27259 -0.56157 -0.78124 e
89.52995 70.56986 0.80555 -0.59253 0.00121 e
89.68236 66.85629 -0.77217 -0.59030 0.23515 e
89.88065 81.35873 -0.29191 -0.55344 -0.78006 e
89.93734 68.09750 0.83566 -0.54725 -0.04674 e
90.00902 48.32142 -0.11252 -0.66921 -0.73451 e
90.56154 55.47772 -0.64054 0.64769 -0.41257 e
90.67508 66.94100 0.00250 0.75607 -0.65449 e
91.40775 65.40518 0.08434 -0.93208 -0.35230 e
91.48452 65.68855 -0.71953 0.56039 -0.41016 e
92.15374 54.07281 -0.77472 -0.42773 -0.46567 e
92.47308 59.53525 -0.64693 0.75875 -0.07595 e
92.88869 35.25599 -0.03476 0.63998 -0.76760 e
93.33852 55.10792 0.49052 -0.02250 -0.87114 e
93.54469 49.52637 -0.33131 0.46080 -0.82335 e
94.39734 30.01132 -0.91817 0.38086 0.10910 e
94.59817 48.94657 -0.21458 -0.83916 -0.49977 e
95.04446 42.62106 -0.55921 0.73622 -0.38114 e
95.38329 29.29260 -0.01704 0.68779 -0.72571 e
95.75303 82.92174 0.95400 -0.08349 -0.28794 e
96.21676 39.56629 -0.84518 -0.49063 -0.21203 e
96.37636 48.63695 0.27040 -0.79436 -0.54394 e
96.46052 20.38350 -0.92569 -0.08894 0.36767 e
96.64216 50.95000 -0.11077 -0.99285 0.04448 e
96.73577 49.97102 0.20516 0.83577 0.50931 e
96.78983 65.07598 0.16296 -0.98663 -0.00366 e
96.98397 64.88656 -0.43443 -0.56746 -0.69948 e
97.08692 64.03620 -0.64460 -0.04980 -0.76289 e
97.23373 15.78031 0.09398 0.41899 0.90311 e
97.73807 60.74267 0.34479 -0.70678 -0.61772 e
97.78913 62.73647 0.56833 -0.29496 -0.76812 e
97.88769 53.75785 -0.37563 0.13931 -0.91624 e
98.36440 52.15170 0.64868 -0.64928 -0.39705 e
98.54607 37.00470 0.44112 0.62241 -0.64655 e
98.57102 65.52700 0.29133 0.95596 -0.03566 e
100.32533 79.78035 0.58658 -0.79706 0.14362 e
100.36725 35.06186 -0.35102 0.83267 -0.42830 e
101.47035 28.45313 0.41804 -0.75460 -0.50579 e
101.50367 28.38403 0.92909 0.19200 0.31611 e
101.50727 49.71782 0.95705 -0.26109 -0.12604 e
101.90642 32.99855 0.62542 0.76105 -0.17220 e
102.66188 25.23222 0.42599 -0.21577 -0.87862 e
102.91377 64.72555 0.61261 0.04329 -0.78920 e
103.31260 83.53381 -0.20326 0.47307 -0.85726 e
103.67415 70.24911 0.67850 -0.15765 -0.71748 e
104.86393 42.00109 -0.55202 -0.45886 0.69623 e
105.01589 30.03172 0.64393 -0.12364 0.75503 e
105.20654 75.52973 0.47414 0.77903 -0.41025 e
105.48558 22.03365 0.19614 -0.91248 -0.35905 e
106.18658 40.16374 0.33567 0.24052 -0.91076 e
106.48867 59.52032 -0.34041 -0.71409 -0.61172 e
107.72891 80.13719 -0.03937 0.67974 -0.73239 e
107.97270 52.45510 -0.52324 -0.49644 -0.69266 e
108.68823 36.99923 0.17489 -0.97369 0.14610 e
108.88689 62.52214 -0.87638 0.40405 0.26211 e
108.97610 33.97812 0.03314 0.47453 0.87962 e
109.00710 18.82653 -0.23836 -0.76548 0.59768 e
109.09643 65.46242 -0.06295 0.79274 0.60631 e
109.29582 49.04544 -0.91071 -0.10294 -0.40002 e
109.47449 28.84508 -0.99709 -0.06892 0.03253 e
109.83197 27.78374 -0.74137 -0.61630 0.26561 e
109.86899 74.65944 -0.82090 -0.39163 0.41563 e
110.22405 79.04990 0.22383 0.11179 -0.96820 e
110.85435 59.88505 0.40335 0.81572 -0.41461 e
111.49299 37.56049 -0.75006 -0.65187 -0.11170 e
112.32212 42.82966 -0.69574 -0.44528 -0.56362 e
112.40637 28.83293 0.28494 -0.92913 0.23565 e
113.68388 48.29608 0.69268 -0.42362 -0.58373 e
114.51537 52.26654 0.72524 0.58999 -0.35487 e
115.06038 33.94712 0.68816 0.53230 -0.49305 e
116.25305 62.33718 -0.22184 -0.84836 -0.48069 e
116.35596 81.46898 0.97191 0.16388 0.16890 e
116.65003 59.88625 -0.73436 0.22443 -0.64059 e
117.70638 54.23208 0.73794 -0.66082 -0.13693 e
117.99774 46.96392 0.69439 0.01192 -0.71950 e
118.21377 58.78138 -0.05300 -0.96316 -0.26365 e
118.34173 22.96985 -0.60671 0.72353 0.32925 e
118.62024 31.63801 0.65166 -0.28988 -0.70093 e
118.70026 70.04128 0.84153 -0.31644 -0.43784 e
118.74769 66.29668 0.25164 -0.95631 0.14881 e
120.22212 44.27626 -0.60265 0.11715 -0.78936 e
121.29411 49.03388 -0.35772 0.92795 0.10458 e
121.40339 69.87197 0.17527 0.71462 -0.67720 e
121.46350 48.01164 0.84238 -0.25663 -0.47386 e
121.79154 41.89203 -0.25120 -0.02705 -0.96756 e
122.29321 22.45895 -0.04356 -0.56508 0.82389 e
124.08470 31.41595 0.91113 -0.33244 -0.24359 e
124.97168 53.53530 0.72630 0.07639 -0.68312 e
125.08022 50.50204 0.98782 -0.13520 -0.07708 e
125.27733 46.84679 -0.01104 -0.23921 -0.97091 e
126.37214 27.99440 -0.62553 -0.77922 0.03896 e
126.51512 41.16271 0.99092 -0.04834 -0.12544 e
127.16656 73.79639 -0.66554 -0.64228 -0.38017 e
127.32299 45.71797 -0.34063 0.13543 -0.93039 e
127.46087 43.68148 0.33986 -0.07117 -0.93778 e
127.51177 77.23711 0.51622 0.39043 -0.76229 e
127.67311 45.82915 0.48275 0.66890 0.56527 e
128.12318 61.99688 0.77991 0.58703 -0.21711 e
128.87701 51.27359 0.48870 0.72491 -0.48546 e
129.26128 22.92567 0.66702 -0.71768 0.20006 e
129.99050 75.75776 -0.19316 -0.94770 -0.25408 e
131.22388 28.39159 -0.26261 -0.64783 0.71508 e
131.72480 34.86244 0.64932 0.61885 -0.44204 e
131.90965 34.94293 -0.01783 -0.29297 -0.95595 e
132.69569 48.06049 -0.94846 -0.20590 -0.24090 e
133.16445 38.28845 0.64418 -0.26643 -0.71697 e
133.29743 76.44914 0.67600 0.35774 0.64424 e
133.80264 31.87677 0.96912 0.22912 -0.09112 e
133.90973 40.06447 0.33198 -0.91235 -0.23958 e
134.48022 24.85810 0.65412 0.07861 -0.75229 e
134.62848 49.46815 -0.22098 0.91405 0.34012 e
134.81975 32.88951 -0.59662 -0.56850 -0.56644 e
135.93924 48.10910 0.89090 0.33111 -0.31089 e
136.41372 70.69647 0.51344 -0.35819 0.77980 e
136.60642 30.75311 0.20739 0.74539 -0.63354 e
136.80835 83.51165 -0.03741 0.04387 -0.99834 e
136.90934 78.19277 0.94518 -0.28365 0.16180 e
136.92215 39.29426 0.61275 -0.21719 -0.75984 e
137.72686 76.21395 -0.31300 0.42951 -0.84708 e
137.73604 41.85140 0.49928 0.63472 -0.58979 e
137.74213 49.86369 0.16493 0.67362 -0.72044 e
137.85041 82.15486 -0.39471 0.58716 -0.70672 e
138.32046 59.11873 -0.25008 0.78819 -0.56234 e
138.35174 68.52569 -0.21544 0.95480 -0.20482 e
138.50474 25.83469 0.99017 -0.12216 0.06811 e
138.59794 24.51984 0.68396 0.67265 -0.28240 e
138.71130 50.97074 -0.62156 0.56562 -0.54198 e
138.73999 55.26475 0.40165 0.16593 -0.90063 e
138.96612 51.24413 0.51327 0.39004 -0.76448 e
139.22209 83.08981 0.62755 0.64762 -0.43217 e
140.60383 29.66898 -0.45507 0.69773 0.55325 e
140.76912 28.96966 -0.99816 -0.06017 -0.00768 e
140.93323 15.11857 0.83771 0.50421 0.20981 e
141.72407 63.90290 -0.73311 0.25852 -0.62907 e
141.79453 25.83628 0.49273 -0.09051 -0.86546 e
141.97689 47.04279 -0.12925 -0.68740 -0.71468 e
141.98626 61.21616 0.85581 0.47656 -0.20120 e
143.25940 59.95607 0.85135 0.52429 -0.01798 e
143.32763 76.64107 -0.97702 0.14497 0.15624 e
143.71118 48.61120 0.29729 -0.92641 -0.23107 e
144.18582 32.85528 -0.22375 -0.20684 -0.95244 e
145.05188 69.91103 -0.95303 0.10210 -0.28513 e
145.64782 69.85139 0.55764 -0.00066 0.83008 e
145.78641 36.31935 -0.84197 0.53951 0.00338 e
145.92744 56.29788 -0.18122 0.58266 -0.79225 e
147.27542 68.58985 -0.67769 0.73534 -0.00155 e
147.64997 51.39803 0.90551 -0.40530 0.12565 e
147.79478 63.92995 -0.34528 0.90581 -0.24553 e
149.02099 63.61316 0.48776 -0.16964 -0.85633 e
150.03703 34.93082 -0.87175 0.36660 -0.32504 e
150.08983 73.12233 0.70308 0.69934 -0.12890 e
150.16764 36.35339 -0.28810 -0.10574 -0.95174 e
150.64707 81.64487 0.87328 0.44332 0.20211 e
151.39560 47.19814 0.19725 -0.97991 0.02953 e
151.68895 29.48634 -0.74142 -0.00857 -0.67098 e
151.78322 20.40522 -0.22685 0.84596 0.48259 e
152.59625 67.55682 0.24326 0.74509 0.62102 e
152.67528 37.55299 -0.59094 -0.76198 0.26492 e
152.97604 35.27712 -0.91682 0.11282 -0.38302 e
153.18508 29.91166 -0.78303 -0.62107 -0.03381 e
153.47937 69.58409 -0.28410 0.54965 -0.78561 e
153.69891 46.65220 0.23381 -0.80120 -0.55082 e
153.83271 81.24934 -0.92716 -0.33679 -0.16416 e
154.34228 56.29303 0.43972 0.88270 0.16578 e
154.55459 83.16431 0.09507 0.57070 -0.81564 e
154.94510 43.25202 -0.67193 -0.54241 -0.50428 e
155.29758 45.36124 0.20945 -0.93150 0.29739 e
155.38099 68.89748 0.91815 -0.20063 -0.34168 e
156.21225 21.96711 0.20618 -0.01609 0.97838 e
157.10079 82.25691 0.22246 0.96618 -0.13040 e
157.97259 47.76084 -0.36078 -0.46426 -0.80889 e
158.15263 67.13203 0.13477 0.55360 -0.82181 e
158.18256 34.58217 0.38275 -0.04383 -0.92281 e
158.21734 19.40097 -0.20314 -0.14066 -0.96899 e
158.34771 44.30362 -0.81973 -0.28180 -0.49863 e
158.60658 32.52482 0.40216 -0.89482 -0.19381 e
159.15888 39.17120 -0.39315 0.80353 0.44695 e
159.17799 58.61897 0.64212 -0.00511 -0.76659 e
159.52523 32.61013 0.56330 -0.06087 -0.82401 e
159.57089 54.89391 0.02291 -0.70464 0.70920 e
160.14311 21.99092 -0.62149 0.74716 0.23558 e
160.40798 55.61352 -0.42920 0.28159 -0.85819 e
160.91649 52.27111 0.46193 -0.55216 -0.69408 e
161.34411 44.36692 -0.50549 0.06476 -0.86040 e
161.72776 77.80566 -0.21821 -0.96494 -0.14585 e
161.77441 35.76712 -0.80977 -0.51231 -0.28602 e
162.18145 25.36571 0.89035 -0.41185 -0.19403 e
163.74155 73.04421 -0.28287 0.63476 -0.71907 e
164.10378 59.91136 -0.43214 0.83127 -0.34964 e
164.20148 70.64299 0.25142 0.77546 0.57918 e
165.38116 52.68527 -0.62173 -0.17308 -0.76387 e
165.78782 31.32754 0.31063 0.82385 0.47411 e
166.41257 81.92208 0.65140 -0.75631 0.06061 e
166.90225 30.21762 0.47366 0.73541 0.48457 e
167.38692 49.73438 -0.68950 -0.16640 -0.70491 e
167.68071 20.76846 -0.29759 0.51443 -0.80424 e
168.04490 75.96919 0.54626 -0.10474 0.83104 e
168.47574 32.63982 0.69135 -0.46359 -0.55418 e
169.00213 69.05008 -0.47949 0.86483 -0.14885 e
169.14673 49.39786 0.05367 -0.96093 -0.27154 e
169.36469 48.25921 0.58016 0.41016 -0.70369 e
169.59374 50.02287 -0.74157 0.63655 0.21184 e
170.57886 34.94979 0.80796 -0.04105 -0.58781 e
170.58233 61.14067 0.15293 -0.65082 -0.74367 e
171.50964 44.46347 0.38881 -0.83187 0.39601 e
173.08601 25.83115 0.91583 -0.34772 -0.20086 e
173.09057 77.61327 0.86822 0.49175 0.06618 e
173.53239 79.34766 0.18794 0.91005 -0.36943 e
173.60559 19.16333 0.81431 0.02216 0.58001 e
173.80852 40.36296 0.16620 -0.41504 -0.89449 e
174.05046 52.66911 0.74271 -0.59165 -0.31358 e
174.86856 30.79741 -0.56771 0.81801 0.09257 e
175.50050 29.99097 -0.06628 -0.99544 0.06866 e
175.93085 32.51358 0.57001 0.24689 0.78367 e
176.05271 50.58036 0.00695 -0.98814 0.15343 e
176.24852 81.62511 0.99437 -0.10371 0.02165 e
176.53119 29.29076 0.95824 -0.25683 -0.12575 e
176.56031 68.48236 -0.39902 -0.72506 -0.56131 e
176.82097 41.40512 0.41161 0.04697 -0.91015 e
177.34561 23.83333 -0.95847 -0.15314 -0.24059 e
178.11604 41.11908 0.40335 -0.43709 0.80390 e
178.33270 71.95610 0.76893 -0.29211 -0.56870 e
178.33467 69.30651 -0.68537 0.72013 0.10808 e
178.81897 37.36485 -0.93962 -0.16981 -0.29711 e
179.21155 22.54304 -0.07187 -0.01223 -0.99734 e
179.49568 70.79717 0.27337 0.65088 -0.70826 e
180.25422 73.93006 0.01339 -0.91813 -0.39606 e
181.28818 28.87681 -0.02097 -0.03884 -0.99903 e
181.74245 71.25321 0.92054 -0.22375 -0.32021 e
182.66804 44.13229 0.48273 0.70048 0.52564 e
183.08798 59.28438 -0.80123 0.03024 -0.59759 e
183.26577 23.63954 -0.28118 0.57466 0.76857 e
183.51281 56.99699 0.84983 0.45530 0.26551 e
183.76663 34.89090 -0.58722 0.49132 -0.64326 e
184.75758 19.81436 0.86427 -0.44472 0.23508 e
184.91166 24.45460 -0.08430 0.20266 -0.97561 e
184.96935 30.01908 0.36578 0.27428 -0.88937 e
185.99262 62.31270 -0.93308 0.03633 0.35782 e
186.03681 49.35949 0.31048 -0.90203 0.29990 e
186.41043 39.20854 -0.46950 -0.87711 0.10120 e
187.04813 17.00286 -0.25875 0.85627 -0.44705 e
187.54903 67.65924 0.89324 -0.35050 0.28154 e
187.57080 55.60157 -0.08147 -0.96751 -0.23934 e
188.76044 77.49202 0.06108 -0.57221 -0.81783 e
188.81384 66.95405 -0.92044 -0.31384 0.23303 e
188.90296 41.03870 -0.54893 0.00347 -0.83586 e
188.95844 74.44728 0.95412 0.25708 0.15352 e
189.22936 73.66954 -0.34670 -0.87520 -0.33737 e
189.55477 53.33636 -0.94715 0.16241 -0.27664 e
189.89294 20.55466 -0.82778 -0.43205 0.35793 e
190.12908 36.17505 -0.07470 -0.69890 -0.71131 e
190.18633 19.41341 -0.86823 0.07522 -0.49043 e
191.16622 50.52477 0.51190 -0.43813 -0.73892 e
191.52236 76.33921 0.30926 0.65030 -0.69388 e
192.07488 59.81535 0.21378 -0.97431 0.07078 e
192.95985 71.52658 0.29336 -0.29958 -0.90785 e
193.97904 37.25547 0.50584 -0.41806 -0.75456 e
194.26204 48.96518 -0.16842 0.22842 -0.95888 e
194.46597 38.65116 -0.08268 0.96699 -0.24103 e
194.70934 35.29547 -0.34315 -0.12348 -0.93113 e
195.28692 45.39521 -0.91766 0.36987 -0.14527 e
195.40005 64.79976 -0.02482 -0.93104 -0.36407 e
195.56240 53.46182 0.06358 -0.22222 -0.97292 e
196.14930 84.47206 0.65847 0.12224 -0.74262 e
196.49568 47.08765 -0.24291 0.94100 0.23562 e
196.84152 45.24617 -0.08714 -0.81290 0.57585 e
196.99176 40.75399 -0.65351 0.62820 0.42225 e
197.08046 55.69324 -0.74852 -0.50905 -0.42496 e
197.41170 64.40504 -0.29485 0.30774 -0.90463 e
198.22062 12.67255 0.36803 -0.69458 -0.61815 e
198.66513 8.59467 -0.69514 0.54692 -0.46655 e
198.66565 42.46770 0.87006 0.03439 -0.49174 e
200.45225 70.89304 -0.36644 0.03561 -0.92976 e
200.63587 56.88432 -0.92674 0.02912 -0.37458 e
200.67525 27.00295 -0.59144 -0.65529 -0.46989 e
201.33667 25.36654 0.14155 -0.98125 0.13085 e
201.58362 56.16966 0.46465 -0.49214 -0.73614 e
201.82420 58.89494 0.88144 -0.47093 -0.03596 e
202.05386 30.46137 0.14539 -0.07706 -0.98637 e
204.22153 52.77684 0.02219 0.91826 -0.39535 e
204.30001 43.44176 0.30285 0.48464 -0.82061 e
204.33408 53.12746 0.50820 0.17999 -0.84222 e
205.07341 46.96797 0.39626 0.00104 -0.91814 e
205.08982 28.23940 -0.79928 0.49811 -0.33623 e
205.43710 28.12598 -0.65250 0.74195 -0.15415 e
206.12225 56.09302 0.08082 0.54790 -0.83263 e
206.65753 32.13117 0.30609 -0.95060 -0.05167 e
207.01406 71.91648 0.47020 -0.84842 -0.24308 e
207.66830 48.55173 -0.35976 0.89061 -0.27819 e
207.80662 10.73346 0.55362 -0.33113 -0.76411 e
207.82947 32.26313 -0.25349 0.09703 -0.96246 e
208.31781 66.91697 -0.81564 0.19966 -0.54302 e
208.68890 79.30781 0.59471 -0.40710 0.69324 e
209.14009 34.51914 -0.66987 0.73980 -0.06298 e
209.46844 41.16708 0.50895 0.42313 -0.74962 e
210.18388 44.38990 -0.92193 0.01984 0.38684 e
210.89180 81.30865 0.41666 -0.05546 -0.90737 e
212.45926 72.44172 -0.48384 -0.69949 -0.52595 e
212.86211 44.02234 0.41241 0.13044 -0.90161 e
213.68257 42.09611 -0.44855 -0.19843 -0.87145 e
213.79737 46.89450 0.70264 0.69845 -0.13593 e
213.84303 37.80067 -0.32211 -0.79708 -0.51079 e
215.45448 47.13123 -0.46100 0.62605 -0.62893 e
215.59871 57.62712 0.66484 -0.60476 -0.43847 e
215.80278 34.66072 0.76118 0.09378 0.64173 e
216.05116 57.32952 0.05196 0.98245 -0.17913 e
217.11317 68.14918 -0.42334 0.84406 0.32916 e
217.23246 51.71289 0.25099 0.13025 -0.95919 e
217.40873 43.07103 0.72678 0.68190 -0.08254 e
219.74120 48.58093 -0.41756 0.01245 -0.90856 e
220.20068 36.54747 -0.96262 -0.03251 -0.26890 e
220.72124 28.84020 0.94628 -0.30539 -0.10630 e
221.11369 37.51040 0.75740 -0.42683 -0.49413 e
222.96868 64.37013 -0.08626 -0.34727 -0.93379 e
223.11499 37.19106 0.13040 -0.86953 -0.47635 e
223.90527 71.02647 0.09327 -0.60790 -0.78852 e
224.23792 63.96325 -0.91371 0.09047 0.39616 e
225.07089 27.98162 0.18814 -0.74392 -0.64124 e
225.80898 34.28382 0.38257 0.44196 -0.81137 e
226.08116 46.12457 -0.16934 0.97452 -0.14712 e
227.06178 31.77225 0.07054 0.93653 0.34343 e
227.37968 84.22780 -0.14548 0.60251 -0.78474 e
227.70147 33.20539 -0.92156 -0.38639 0.03768 e
228.05217 77.02066 -0.08270 -0.99643 -0.01701 e
228.52435 60.16589 0.62287 0.54029 -0.56580 e
228.69766 57.51908 -0.94397 -0.32967 0.01525 e
228.95663 49.41850 -0.43056 0.88483 0.17804 e
230.49502 37.38747 -0.71645 0.25750 -0.64837 e
232.35180 79.23791 0.97481 -0.19832 0.10204 e
233.20569 43.17168 -0.79709 -0.43788 -0.41583 e
233.80738 22.72923 -0.97981 0.11860 -0.16092 e
233.99098 28.16451 0.38410 0.12732 -0.91447 e
234.30418 36.58484 -0.76379 0.15964 -0.62541 e
235.41482 54.20087 0.85869 0.49736 -0.12360 e
235.85565 67.93452 0.36057 -0.06419 -0.93052 e
236.06002 18.85576 0.53676 -0.71285 -0.45137 e
236.28409 64.55983 -0.18521 -0.26706 -0.94571 e
237.04504 37.81636 0.60803 -0.64914 0.45707 e
237.25440 34.52761 0.09929 0.84443 -0.52639 e
237.31455 75.14928 0.05055 -0.82969 -0.55593 e
238.69983 58.69298 -0.61657 0.09603 -0.78142 e
238.70209 23.49607 -0.46246 0.52545 -0.71417 e
238.81580 75.97421 -0.88610 0.38798 -0.25356 e
239.31848 45.08256 -0.48776 0.87149 -0.05098 e
239.86238 13.89395 0.13053 0.10320 -0.98606 e
241.45952 30.21123 -0.70172 0.39509 -0.59288 e
242.02642 31.58836 -0.30726 -0.62469 0.71788 e
242.62386 62.73261 -0.23859 0.50923 -0.82690 e
243.14799 60.53819 -0.41300 0.75118 -0.51494 e
244.77759 50.10158 -0.37088 -0.17145 -0.91272 e
244.94375 56.69654 -0.30540 0.91895 0.24954 e
245.05331 83.38718 0.53913 0.42242 -0.72863 e
247.03696 46.16840 -0.37633 -0.13174 -0.91707 e
248.18471 70.59070 -0.09117 -0.92425 -0.37075 e
249.24851 45.61842 -0.94263 -0.32944 0.05399 e
249.38251 23.54166 -0.62196 0.74482 0.24168 e
250.09028 11.80672 0.24465 -0.96739 -0.06557 e
250.41947 32.97525 -0.99907 -0.03627 -0.02334 e
251.06963 58.75274 0.62651 0.69889 -0.34502 e
251.81820 43.61773 0.31147 0.45391 -0.83484 e
253.00686 63.73926 0.94335 -0.31855 -0.09286 e
253.06570 19.80581 0.82875 0.32840 -0.45313 e
253.09703 30.32277 0.49981 -0.69905 -0.51139 e
253.12478 46.09473 -0.31814 0.75201 -0.57729 e
253.72078 31.04400 0.56389 0.46660 -0.68141 e
253.80771 45.48161 -0.13331 0.48891 -0.86209 e
253.87613 82.19614 0.07508 0.07629 -0.99426 e
254.47319 51.00775 -0.79781 0.60166 -0.03880 e
254.47768 41.46946 0.09577 0.01006 -0.99535 e
255.15623 75.81010 -0.24467 -0.38907 -0.88813 e
256.05250 32.96881 -0.21038 0.68882 -0.69374 e
256.70594 23.04986 -0.28543 0.18863 0.93965 e
256.74533 47.06782 -0.86467 -0.12302 0.48705 e
256.85191 72.32848 0.56794 0.01739 -0.82289 e
257.42934 18.32343 -0.89160 -0.05415 -0.44957 e
257.55360 48.85144 -0.67410 -0.61285 -0.41232 e
258.01583 30.02144 -0.74696 -0.53991 -0.38800 e
258.28790 14.19044 0.69633 -0.63218 0.33981 e
258.43889 77.74596 -0.69317 0.34747 -0.63149 e
258.47198 74.97064 -0.46063 0.86151 -0.21359 e
258.93218 58.87405 0.51196 -0.62352 -0.59087 e
259.70510 45.05334 0.07038 -0.87352 0.48168 e
260.01571 52.68463 -0.62844 -0.73804 -0.24568 e
260.59751 45.81954 0.08655 -0.97492 0.20502 e
260.64418 28.59540 -0.47600 -0.55312 -0.68372 e
260.69636 34.80974 -0.01800 0.99931 0.03255 e
260.80097 44.73610 0.65022 -0.61273 -0.44919 e
261.86599 32.12387 0.37066 -0.92204 0.11162 e
262.32611 46.38791 -0.30061 -0.94097 -0.15560 e
263.63196 39.63731 0.39083 0.35809 -0.84795 e
265.44340 18.31210 -0.38374 -0.38098 0.84119 e
265.68605 22.16012 -0.08349 0.14208 -0.98633 e
265.92014 39.84732 0.45022 0.08015 -0.88931 e
266.24556 15.01289 0.90195 -0.34618 -0.25815 e
266.47326 47.27133 0.35983 -0.82267 -0.44015 e
266.88743 54.84352 -0.15473 0.74521 0.64864 e
267.55951 42.33873 0.94383 0.33009 -0.01520 e
268.58491 41.93167 0.81955 -0.42724 -0.38185 e
268.80232 55.31295 -0.21478 -0.34706 0.91292 e
268.94377 20.13794 0.11926 0.58669 -0.80098 e
268.95696 70.60140 0.09525 -0.97405 -0.20530 e
269.12711 43.84413 -0.36234 0.75229 -0.55025 e
269.30004 39.51445 0.95865 -0.27578 -0.07023 e
269.76910 43.46125 -0.38512 -0.76203 0.52057 e
270.17157 27.48952 -0.34029 0.93905 0.04884 e
270.91672 26.06326 0.22244 0.90540 0.36162 e
271.68370 73.09940 0.48533 -0.83563 -0.25725 e
272.66937 31.28597 -0.87961 0.06091 -0.47177 e
273.20830 36.79196 -0.98199 -0.16627 -0.08976 e
274.12028 79.04290 0.81789 -0.23614 -0.52469 e
274.55997 63.90476 -0.38669 0.89419 0.22560 e
275.48751 68.06264 -0.90180 -0.10835 -0.41835 e
276.23990 73.45133 0.52076 -0.82039 -0.23615 e
277.67519 53.54413 0.34222 -0.06696 -0.93723 e
279.09255 62.36867 -0.84387 -0.17665 -0.50663 e
279.54857 63.10064 -0.19884 0.53075 -0.82387 e
281.31417 34.34367 0.96307 -0.14562 0.22646 e
281.46433 58.02373 0.62396 0.77750 -0.07846 e
281.84697 52.42003 -0.07722 0.19517 -0.97772 e
282.10365 48.52450 -0.05343 0.24847 -0.96717 e
282.28924 77.20171 0.58483 -0.79796 -0.14572 e
282.38912 79.33418 -0.88602 0.46332 -0.01718 e
282.98773 80.07847 -0.45634 0.57369 -0.68017 e
283.22501 75.70929 -0.22533 0.91541 -0.33354 e
283.23646 84.17030 -0.74893 0.05775 -0.66013 e
283.49257 69.99831 -0.00277 -0.95215 -0.30560 e
283.85126 43.90373 -0.44101 0.89514 0.06509 e
283.96268 48.69560 -0.14892 0.75101 -0.64328 e
283.99728 54.83146 0.13278 -0.05151 -0.98981 e
284.12179 58.85048 0.71065 -0.69300 0.12141 e
284.30173 27.25576 0.63191 0.60414 -0.48549 e
284.71947 43.75074 -0.80748 0.35329 -0.47240 e
284.77053 14.42620 -0.97032 0.17974 -0.16181 e
285.39103 52.90478 -0.22604 0.95073 -0.21219 e
285.41886 22.74940 -0.90789 0.40291 0.11573 e
285.66159 20.16811 0.04268 0.89527 -0.44348 e
285.67355 49.90542 0.59719 0.25158 -0.76162 e
285.67893 75.04145 0.59420 0.13181 -0.79344 e
286.33655 82.76908 0.12509 0.64820 -0.75112 e
286.56841 76.57904 0.20011 -0.96834 -0.14925 e
286.70003 31.58000 0.22117 0.31883 0.92165 e
286.96167 24.91818 0.84754 0.50002 -0.17791 e
287.21960 48.41334 0.57519 0.36785 -0.73064 e
287.37114 33.84093 0.28563 0.45914 -0.84119 e
287.46205 37.92574 -0.28321 -0.94745 -0.14875 e
287.82841 31.10362 -0.82597 0.56365 0.00862 e
287.82862 61.17254 -0.97720 0.19716 0.07883 e
288.41981 59.29573 -0.66730 0.52782 -0.52548 e
289.05434 49.17299 0.12791 -0.52900 -0.83893 e
289.77226 74.00177 -0.56808 -0.11830 -0.81442 e
289.82966 60.47168 -0.36211 0.48377 -0.79677 e
290.26683 64.25029 0.69784 0.65216 0.29617 e
290.42992 71.93914 0.31065 -0.90370 -0.29467 e
291.26802 76.36974 -0.13000 -0.06674 -0.98926 e
292.48744 23.07573 -0.41614 0.83514 0.35967 e
292.55362 83.33968 0.05609 0.87854 -0.47436 e
294.13267 36.58708 0.14623 -0.82333 0.54840 e
295.15603 56.21259 0.69076 0.71709 -0.09291 e
295.37588 45.12024 0.59420 -0.78192 0.18849 e
296.63061 49.65757 0.63140 -0.75233 -0.18797 e
297.37680 41.58629 -0.45122 -0.47110 -0.75793 e
297.41906 74.64671 -0.22733 -0.53722 0.81223 e
297.57437 41.59943 -0.16578 0.04672 -0.98506 e
297.86288 26.29455 0.97295 -0.06042 0.22296 e
297.87601 73.29681 0.20640 0.89426 -0.39712 e
298.05214 63.06957 -0.97615 -0.08113 -0.20138 e
298.28270 46.52197 0.92099 0.00777 -0.38951 e
298.64113 58.15738 -0.78328 -0.61704 -0.07574 e
299.06590 32.02244 -0.03770 0.79324 -0.60774 e
300.10840 73.49777 0.45223 0.19270 -0.87083 e
300.99789 72.20244 -0.88519 -0.27823 0.37287 e
301.26224 35.56008 -0.43574 -0.27209 -0.85796 e
302.36636 34.18128 0.12968 -0.94081 -0.31315 e
302.45224 38.43704 0.56406 -0.66022 0.49593 e
303.28295 19.04686 -0.62210 -0.61216 -0.48811 e
303.41568 33.66862 0.68039 0.24168 -0.69186 e
304.00070 25.52629 0.10348 0.99435 -0.02351 e
304.36771 11.72697 0.17038 -0.94829 0.26780 e
305.85846 36.05369 0.21306 -0.79724 -0.56482 e
307.16593 47.56880 -0.06023 0.95204 0.29998 e
307.28410 83.48161 0.99270 0.09477 0.07456 e
307.60144 31.46866 0.09954 0.95004 -0.29582 e
308.79236 55.72817 -0.87129 -0.28189 -0.40174 e
310.06112 64.61210 -0.48777 -0.87031 0.06819 e
310.22689 72.87640 0.13604 0.95412 0.26674 e
311.67617 73.68452 0.85234 -0.02911 -0.52218 e
312.01816 70.01499 0.84973 -0.38047 0.36498 e
312.30612 35.83332 -0.20394 -0.19303 -0.95977 e
312.55099 81.21041 0.58700 0.01255 -0.80949 e
315.43635 41.79190 -0.07042 0.31549 -0.94631 e
316.28616 75.90326 0.83212 -0.51936 0.19454 e
316.56732 19.61229 -0.02558 -0.99502 0.09630 e
316.62986 41.42411 0.01353 0.95719 0.28915 e
317.32435 36.48041 0.70931 0.31624 0.62998 e
317.40603 46.28229 -0.03225 0.77677 0.62896 e
317.99018 42.70711 -0.69911 0.32040 -0.63921 e
318.40697 24.72995 -0.42571 -0.66326 0.61551 e
319.31884 67.57663 0.29169 -0.20571 -0.93413 e
319.43475 45.55696 0.91124 -0.36829 -0.18443 e
319.69100 33.96202 0.84445 -0.34967 -0.40575 e
319.89430 47.19508 0.05689 -0.68972 -0.72184 e
320.06103 68.18224 -0.34101 -0.85534 -0.39001 e
320.46439 62.47203 0.22489 -0.97405 -0.02564 e
320.57887 25.14818 0.29766 0.51290 -0.80519 e
320.92015 37.34159 0.72410 -0.08262 -0.68473 e
321.64821 39.24752 -0.97157 -0.13551 0.19416 e
324.08423 34.43359 0.59593 0.80192 -0.04225 e
325.12075 22.39977 0.57493 -0.28264 -0.76783 e
325.25753 33.69850 0.39160 -0.59244 -0.70403 e
326.25353 83.02943 -0.75573 -0.01354 -0.65474 e
326.63441 30.66524 0.16653 -0.43571 -0.88455 e
326.93358 79.57703 0.57177 0.50778 -0.64439 e
327.17892 30.99378 0.57583 0.64045 0.50818 e
328.87942 53.60752 -0.60057 -0.46337 -0.65162 e
329.27658 38.56003 -0.27539 0.55052 0.78809 e
329.36962 44.51780 -0.20980 0.97384 -0.08732 e
330.52185 51.38982 -0.84264 -0.24703 -0.47848 e
332.18450 48.38344 -0.79752 0.20512 0.56736 e
332.52973 63.74894 0.22231 0.29579 -0.92903 e
332.75717 61.66930 -0.30968 0.00855 -0.95080 e
332.95700 21.16045 0.95657 0.23245 -0.17590 e
333.11164 48.90888 -0.12195 0.83086 0.54296 e
333.17531 68.43997 0.41183 0.91018 -0.04439 e
333.23941 40.53125 -0.43392 0.69105 0.57807 e
333.48722 30.24681 0.59060 -0.75853 0.27537 e
333.58402 48.37358 -0.41950 -0.25062 -0.87247 e
334.76360 50.51974 0.55597 0.36796 -0.74532 e
334.87414 58.29675 -0.24204 -0.95899 -0.14746 e
335.95711 62.18738 -0.92288 -0.37340 -0.09414 e
336.16782 31.51362 -0.56464 -0.65470 -0.50254 e
337.16565 51.14994 -0.76676 -0.63328 0.10505 e
337.97636 49.19469 0.88690 -0.20905 0.41195 e
338.01951 42.74420 0.01912 0.97720 -0.21147 e
338.17006 26.91782 0.92464 -0.37007 0.08994 e
338.67249 32.95778 0.93327 0.34423 -0.10252 e
339.75266 73.56517 0.08927 -0.55001 -0.83038 e
341.05323 35.52490 -0.70182 -0.09641 -0.70580 e
341.24763 41.29329 0.16227 -0.95720 -0.23967 e
341.34917 39.55627 0.45992 0.87028 -0.17628 e
341.84165 80.54610 0.76195 0.50261 0.40844 e
344.76847 70.56572 -0.82567 -0.05446 -0.56151 e
345.03572 52.89784 0.91209 0.00481 -0.40996 e
345.15262 73.17870 -0.80506 -0.31426 -0.50311 e
345.42674 61.13491 0.36411 0.09717 -0.92627 e
346.18511 34.36290 0.86258 -0.30943 -0.40026 e
346.49727 79.81780 -0.80782 -0.46344 -0.36422 e
346.63080 68.50708 -0.75935 -0.48717 -0.43135 e
346.94203 30.24830 -0.77657 0.56178 -0.28520 e
347.15579 74.79459 -0.86869 0.46216 -0.17828 e
347.36256 39.60099 -0.17929 -0.88722 -0.42509 e
347.67758 54.43940 -0.67090 0.38237 -0.63537 e
348.02704 78.96799 -0.75354 -0.17999 -0.63228 e
348.10410 41.60489 -0.58780 -0.42668 -0.68734 e
348.74839 35.88195 -0.11912 0.34002 -0.93284 e
349.01446 24.89909 -0.58491 0.10272 -0.80457 e
349.32244 84.36425 0.95795 0.26943 0.09864 e
349.39473 35.69135 -0.33183 0.78597 0.52167 e
349.58175 56.01556 -0.58019 0.57884 -0.57300 e
349.74306 34.89111 -0.52231 0.52504 -0.67196 e
349.89856 58.51900 -0.72144 -0.61572 -0.31689 e
349.91027 29.24507 -0.43311 0.07037 -0.89859 e
350.62664 31.46686 0.99809 -0.04804 0.03878 e
351.75122 61.20099 0.88907 -0.42780 0.16292 e
351.99280 26.51985 -0.23029 0.97268 0.02936 e
352.43607 66.33224 0.95386 -0.18340 -0.23772 e
352.59871 64.91400 -0.32091 -0.56625 -0.75920 e
353.11211 42.48056 0.35080 0.93591 0.03171 e
353.33969 37.91449 -0.25242 -0.74230 0.62070 e
354.55687 21.96514 -0.00255 -0.90960 -0.41549 e
354.62048 60.69736 -0.69814 0.69283 -0.18051 e
355.05488 53.97248 0.96076 0.07012 -0.26836 e
356.83901 83.60400 -0.76769 -0.28450 0.57421 e
359.60309 36.09009 0.69635 -0.45021 -0.55893 e
360.03032 77.48029 0.71762 0.68817 -0.10700 e
360.62707 51.00582 0.63535 -0.67641 0.37256 e
361.59354 31.88002 -0.82706 0.29412 0.47902 e
362.56621 76.43182 -0.16520 0.96447 -0.20616 e
363.00065 35.34549 -0.85131 -0.24544 -0.46371 e
363.84284 18.54552 0.77065 -0.49565 0.40053 e
364.51822 63.95369 0.47875 0.37009 -0.79613 e
367.34393 13.70485 0.65573 -0.29205 0.69622 e
367.79239 33.29666 0.61873 -0.21278 -0.75624 e
368.83341 72.07287 -0.53468 0.60386 -0.59116 e
369.61683 39.75084 0.87285 -0.43590 0.21936 e
370.94487 73.94113 -0.48528 0.81547 -0.31544 e
373.61991 48.15821 0.92301 0.19265 -0.33306 e
375.66287 33.46777 -0.90703 0.34667 -0.23898 e
375.70922 32.97841 0.81687 0.53951 -0.20408 e
376.17004 19.48191 0.53806 -0.68705 0.48832 e
376.32158 40.90438 0.01256 -0.41361 -0.91037 e
377.40088 52.04724 -0.18128 -0.04260 -0.98251 e
379.84809 18.74966 -0.02566 -0.95647 0.29069 e
380.22334 68.68020 -0.27483 -0.82491 -0.49396 e
383.70567 53.83710 0.58657 -0.73598 0.33804 e
384.64323 28.80748 -0.26304 0.32920 -0.90689 e
384.76249 36.24810 0.65577 0.52963 0.53802 e
385.07740 28.74574 0.72010 0.07200 -0.69013 e
389.65748 27.60040 -0.61656 0.49549 -0.61184 e
390.36074 36.19443 -0.68047 0.62794 0.37769 e
395.34649 66.14405 0.04193 -0.97236 0.22968 e
397.54353 22.99388 -0.30263 -0.88372 0.35701 e
405.85148 45.69181 -0.50398 0.83514 0.22033 e
408.11140 23.02781 -0.27357 -0.95227 0.13540 e
414.30807 15.67877 0.25690 0.19206 -0.94716 e
416.22972 32.20533 0.58731 0.09731 -0.80349 e
417.85961 48.22140 -0.89423 -0.00980 -0.44751 e
418.34673 37.07259 0.96938 0.23192 0.08067 e
421.31028 28.22654 -0.31820 -0.01655 0.94788 e
423.50898 38.13226 -0.20714 0.69252 -0.69102 e
427.00196 43.79357 0.12544 -0.26839 -0.95511 e
427.34946 27.87707 -0.42024 -0.07628 -0.90420 e
428.74779 30.57034 0.77057 0.55266 0.31746 e
432.89012 40.17465 -0.44997 0.63758 -0.62532 e
433.03773 46.84580 -0.51071 -0.69047 -0.51228 e
440.87664 41.92568 -0.71025 -0.70194 0.05314 e
448.07179 46.92143 -0.73151 0.38228 0.56458 e
454.53502 49.45411 0.62990 -0.68093 -0.37359 e
468.40251 39.73627 0.10199 -0.62410 0.77466 e
470.43741 24.70392 -0.93945 -0.34101 0.03396 e
494.35131 22.31498 0.05206 0.06293 -0.99666 e
496.79510 32.99118 -0.00854 -0.88605 -0.46351 e
499.16916 22.69003 -0.70319 0.25001 0.66559 e
509.66833 47.84321 0.70932 0.57566 -0.40678 e
514.60361 39.76521 0.14921 0.63096 -0.76133 e
557.76320 18.79015 -0.29797 -0.95351 -0.04512 e
565.79580 24.11651 -0.01809 0.39571 -0.91820 e
582.03497 14.87789 -0.29915 0.01932 -0.95401 e
659.11824 27.70586 -0.06536 0.08143 -0.99453 e
682.58524 35.39207 0.24344 0.35713 -0.90177 e
689.33013 24.13802 -0.80219 0.53115 -0.27273 e
713.06724 12.78999 -0.55577 0.17280 -0.81318 e
725.52909 33.85560 0.72179 0.62798 -0.29097 e
735.02808 32.93992 0.02596 -0.98843 0.14945 e
787.64399 28.69190 0.03759 -0.55166 -0.83322 e
835.91491 37.30607 0.65967 0.71356 0.23593 e
852.07574 28.55739 -0.18288 -0.85221 -0.49019 e
883.96514 43.29524 0.41212 -0.58138 -0.70154 e
890.07550 29.40369 -0.81739 -0.57089 0.07712 e
895.33518 20.78845 -0.40425 -0.91349 -0.04601 e
915.11158 28.28337 -0.90461 -0.42598 0.01514 e
1043.65331 38.63500 0.48872 -0.85039 0.19490 e
1061.22733 9.13341 -0.77960 0.55544 -0.28932 e
1076.85176 20.89997 0.68555 -0.71108 0.15617 e
1111.31121 18.64013 0.86872 0.24926 0.42801 e
1255.34622 25.25851 0.21754 -0.49494 -0.84125 e
1291.17835 47.09515 0.68199 -0.23729 -0.69180 e
1295.24984 16.66586 0.32400 0.60681 -0.72581 e
1296.45757 22.61678 0.03349 0.66991 -0.74169 e
1343.43052 16.32716 -0.35277 -0.75619 -0.55112 e
1428.25223 21.56495 0.16109 -0.05940 0.98515 e
1469.65348 24.69806 0.44759 -0.73139 0.51453 e
1544.23167 32.18534 0.57940 0.80454 0.13045 e
1552.83565 20.90797 -0.74785 -0.56049 -0.35578 e
1598.77299 43.34411 0.27142 -0.74596 -0.60817 e
1646.70221 21.00342 -0.09438 -0.95657 -0.27581 e
1693.52204 19.81257 -0.13646 0.94489 -0.29758 e
1706.48676 14.29034 0.06700 -0.67934 0.73076 e
1731.44823 75.79593 -0.92584 -0.37789 -0.00440 e
1778.13892 33.63133 -0.09861 0.17349 0.97989 e
1778.20074 72.11714 0.45078 -0.06807 -0.89003 e
1804.36547 19.64570 0.93532 -0.00699 0.35373 e
1988.49063 13.78633 -0.96419 0.13134 0.23039 e
2003.01549 36.25730 0.99972 0.02351 -0.00065 e
2031.76306 22.84855 -0.85927 -0.46598 -0.21099 e
2372.44548 36.14563 0.19216 -0.41953 -0.88717 e
2417.01889 48.87030 0.92723 -0.12791 -0.35196 e
2610.82479 22.42751 -0.58481 -0.61853 0.52481 e
2622.29420 27.43918 -0.66943 -0.54425 -0.50563 e
2637.18190 24.44555 0.81740 -0.16793 -0.55104 e
2662.47032 35.98097 0.36414 0.15809 -0.91783 e
2677.37415 41.82909 -0.80307 0.24808 0.54180 e
2696.79815 29.52836 -0.93317 -0.23807 0.26930 e
2753.60543 18.66765 0.85084 0.35219 -0.38991 e
2785.09228 70.28876 -0.99351 0.10727 0.03774 e
2824.02758 30.06117 -0.85685 0.45267 -0.24676 e
2824.93368 55.07164 -0.31395 0.47359 -0.82289 e
2825.03463 28.23675 0.28475 0.86480 -0.41357 e
2945.72843 17.36237 -0.08506 -0.62497 0.77600 e
3121.94606 40.75333 0.68171 -0.35799 -0.63806 e
3227.91351 28.35949 0.42756 -0.47711 0.76783 e
3540.88286 19.06411 -0.89245 -0.43296 -0.12684 e
3725.16845 20.26293 0.42653 0.26207 0.86568 e
3774.70178 22.62146 0.77370 -0.33746 -0.53620 e
3911.01074 25.88992 0.26099 -0.50050 -0.82546 e
4105.76138 13.40868 -0.54933 0.15743 0.82064 e
4364.48262 20.66187 0.19106 -0.98145 0.01598 e
4517.22497 23.17987 -0.45730 -0.79354 -0.40147 e
5365.40480 20.65620 -0.16562 -0.01327 -0.98610 e
5554.94916 17.95543 -0.75586 -0.21182 -0.61952 e
5965.21906 13.99482 -0.61538 -0.74305 -0.26303 e
6442.71370 14.66151 -0.13821 0.63358 0.76123 e
6832.08863 27.52538 -0.48810 -0.41423 -0.76823 e
7381.02460 25.54821 0.94168 -0.19255 -0.27599 e
7505.99843 22.40198 -0.94948 0.18509 -0.25345 e
7688.78852 14.90115 -0.26929 -0.65454 0.70645 e
8366.62380 14.35435 -0.47226 0.83814 0.27294 e
9734.68154 31.07588 -0.03513 0.68312 -0.72946 e
11395.84699 17.32438 0.79012 -0.57087 0.22321 e
11702.87527 13.88972 0.66568 0.74482 -0.04591 e
14091.26534 6.68382 -0.95429 -0.02478 -0.29787 e
14475.40569 65.40694 -0.87832 0.21723 -0.42587 e
15632.81951 7.21520 -0.37580 0.91573 -0.14216 e
16228.76831 14.15504 0.99492 0.07611 0.06583 e
18387.40053 35.71713 0.85990 -0.08023 -0.50412 e
