15.73125 25.46008 0.50499 -0.80158 -0.32008 e
17.17680 10.95646 -0.18230 0.86604 0.46555 e
17.97587 81.19423 -0.43366 -0.64965 -0.62442 e
18.73114 80.15582 0.74467 -0.54767 -0.38148 e
18.99631 50.10859 -0.15935 -0.30390 -0.93928 e
19.65407 69.83585 -0.89075 -0.10052 0.44324 e
19.68242 70.37820 0.63754 0.55092 0.53854 e
19.77760 72.18736 0.05911 0.82686 -0.55930 e
20.18533 78.08916 0.33324 -0.78122 -0.52786 e
20.23136 73.00836 0.19261 0.93615 -0.29415 e
20.27036 58.76524 -0.57353 0.79286 -0.20599 e
20.29035 71.10826 -0.01280 -0.36022 -0.93278 e
20.36036 50.61241 -0.59720 -0.10464 -0.79524 e
20.55312 80.13483 -0.19200 0.28739 -0.93837 e
20.56199 75.00001 -0.94444 -0.31491 -0.09411 e
20.87780 66.21152 -0.56070 0.61752 -0.55162 e
21.09276 44.82261 -0.61887 -0.72224 -0.30883 e
21.13246 82.01799 -0.88032 -0.33667 0.33419 e
22.03604 78.54928 0.30781 -0.81691 -0.48775 e
22.12528 82.31881 -0.98439 0.13837 -0.10874 e
22.18130 72.60289 -0.25638 -0.83472 -0.48736 e
22.19303 46.93208 0.75693 0.24562 -0.60558 e
22.19795 78.47409 -0.25144 -0.92379 0.28877 e
22.50173 79.24774 0.54152 0.81063 0.22279 e
22.71107 81.04483 -0.79739 0.54991 0.24851 e
22.72058 77.80964 0.09168 -0.91909 -0.38323 e
22.75529 63.26590 -0.37805 0.57277 -0.72733 e
22.80385 79.66812 0.86090 -0.35358 -0.36583 e
22.98416 80.50211 -0.57694 -0.33310 0.74578 e
23.36768 79.86413 0.69272 0.26085 -0.67238 e
23.39143 72.36480 -0.61466 -0.74146 -0.26912 e
23.53190 50.52358 0.46449 0.63184 -0.62051 e
23.76394 78.19220 -0.24697 -0.74720 -0.61700 e
23.76768 62.96473 0.05508 0.66100 -0.74836 e
23.87767 53.29474 -0.04115 -0.89941 -0.43516 e
24.03230 65.03282 0.82493 -0.51642 -0.22978 e
24.04663 38.06859 0.89412 -0.41945 -0.15688 e
24.26261 77.86081 0.99618 0.06874 0.05388 e
24.32633 72.67421 0.24907 -0.74367 -0.62041 e
24.48478 72.10196 -0.55844 -0.47266 -0.68171 e
24.51200 21.70178 0.32857 0.09328 -0.93986 e
24.81890 78.20491 0.92910 -0.13689 0.34357 e
24.83741 58.75273 -0.23942 0.80157 -0.54787 e
24.89242 51.12085 0.59520 -0.19177 -0.78036 e
24.92307 67.36909 -0.69893 0.68288 -0.21253 e
25.00977 78.61199 -0.15986 -0.60814 -0.77757 e
25.09399 38.92553 -0.09920 -0.91141 -0.39937 e
25.10491 39.78804 0.77539 -0.45226 -0.44073 e
25.11535 53.00753 -0.95429 0.09097 -0.28469 e
25.15543 22.69191 -0.51061 -0.57570 -0.63862 e
25.22598 71.72469 0.08317 0.88323 0.46150 e
25.28543 60.62162 0.19270 0.94628 -0.25965 e
25.31420 64.38757 0.04716 -0.14540 -0.98825 e
25.56797 71.26121 -0.60728 -0.31826 0.72795 e
25.63482 76.11553 0.35572 0.78706 -0.50399 e
25.65990 83.23664 0.43420 -0.89803 0.07079 e
25.77799 52.00230 -0.76423 -0.03222 -0.64414 e
25.82330 58.36867 -0.34595 -0.85244 -0.39200 e
25.92554 81.13037 -0.97040 0.24083 0.01814 e
26.15665 59.59394 -0.60946 0.18492 -0.77095 e
26.63133 77.68399 0.93122 0.32848 0.15791 e
26.65084 70.55959 -0.91129 0.41070 0.02967 e
26.65639 58.01557 -0.23314 0.89228 -0.38662 e
26.70438 73.28362 -0.61482 -0.07718 -0.78488 e
26.73859 77.55402 0.48325 -0.78315 -0.39134 e
27.07167 62.24439 0.83504 -0.51832 -0.18452 e
27.12342 63.09956 -0.95564 -0.22160 0.19401 e
27.47688 65.41074 0.53399 0.14875 -0.83230 e
27.62932 10.83435 0.74174 -0.64195 0.19421 e
27.68853 57.67063 -0.62364 0.75612 -0.19837 e
27.69733 45.88348 0.38773 -0.88866 -0.24486 e
27.88656 38.68796 0.58179 0.40975 -0.70259 e
27.88817 73.83598 -0.39859 0.90200 -0.16587 e
28.01860 59.85753 -0.94246 0.23517 -0.23761 e
28.14767 26.07277 -0.72894 0.47612 -0.49189 e
28.17049 47.99678 -0.40963 -0.68006 -0.60804 e
28.22722 83.18688 0.84211 0.15531 -0.51646 e
28.27521 40.44635 -0.57611 0.65679 -0.48654 e
28.40741 77.54768 -0.30083 -0.71078 -0.63584 e
28.78687 59.72556 0.59356 0.40843 -0.69345 e
28.81340 29.41295 -0.36812 0.86107 -0.35079 e
29.00077 53.24504 0.91753 0.35478 0.17964 e
29.00263 13.64504 0.12093 -0.14983 -0.98129 e
29.00385 82.54368 -0.60009 -0.23708 -0.76399 e
29.21189 49.25029 0.07773 -0.47674 -0.87560 e
29.52505 57.88127 -0.88564 0.03368 0.46315 e
29.53388 32.99811 0.33296 -0.41628 -0.84608 e
29.58463 76.80475 -0.11848 -0.20845 -0.97083 e
29.69690 54.37585 0.90354 0.24573 -0.35103 e
29.82373 58.55513 0.53750 -0.64519 -0.54298 e
30.24773 29.32083 0.92740 -0.22495 -0.29887 e
30.44884 26.54824 -0.51032 -0.76528 -0.39233 e
30.60074 81.13459 -0.79710 0.51700 0.31199 e
30.61295 68.45245 -0.70990 -0.05012 -0.70252 e
30.69375 67.26389 -0.31367 -0.79508 -0.51909 e
31.08715 72.20241 -0.67048 -0.65563 -0.34728 e
31.14933 81.55950 -0.13550 0.78169 -0.60877 e
31.37816 43.54775 -0.75328 0.46546 -0.46466 e
31.52202 80.64433 -0.49786 0.10801 -0.86051 e
31.64334 35.08271 -0.45211 0.21272 0.86622 e
31.64578 25.23685 -0.87073 0.40905 -0.27297 e
31.84891 60.62630 -0.35392 -0.05211 -0.93382 e
31.95829 77.34216 -0.69271 -0.57023 -0.44157 e
31.95991 31.08904 0.81064 -0.58554 0.00021 e
31.99188 18.86938 -0.78077 -0.26524 0.56573 e
32.24380 67.38269 0.20579 0.97829 0.02433 e
32.26223 44.53460 -0.80645 -0.55006 -0.21695 e
32.38911 47.73479 -0.05269 0.98846 0.14202 e
32.43811 76.76193 0.06673 0.99738 -0.02788 e
32.53721 83.22040 0.33574 0.05186 -0.94053 e
32.81157 60.19561 -0.92749 0.28932 -0.23676 e
32.90559 81.95698 0.56903 0.71037 -0.41422 e
33.13517 44.47256 -0.95234 0.24626 0.18000 e
33.19367 80.11773 -0.00508 0.26670 -0.96377 e
33.26152 70.33936 -0.80782 -0.42999 -0.40316 e
33.61334 22.37596 0.62668 0.55344 0.54860 e
33.67523 53.60848 -0.59120 0.79103 0.15733 e
33.75466 49.28572 0.99473 -0.08461 0.05786 e
33.82312 63.81061 0.57590 0.14070 -0.80532 e
33.84294 55.13307 -0.92613 -0.21463 -0.31020 e
34.04315 43.82593 0.52336 -0.15918 -0.83711 e
34.05513 60.30070 -0.09062 0.97560 0.20000 e
34.29452 69.70655 0.58909 -0.76443 0.26197 e
34.31005 54.63320 0.17148 -0.19468 -0.96576 e
34.40438 60.13206 0.72097 0.56097 -0.40683 e
34.49975 59.95338 0.21825 0.58443 0.78154 e
34.56930 84.99447 -0.74972 -0.44267 -0.49190 e
35.19521 50.86279 -0.44248 0.48467 0.75452 e
35.46617 77.02010 -0.23945 -0.81221 -0.53196 e
35.87916 66.55072 -0.41763 0.83279 -0.36339 e
35.96547 46.95867 0.89386 -0.39705 0.20823 e
36.06814 42.41117 0.29835 -0.13101 -0.94542 e
36.07205 80.09507 -0.32494 0.17301 -0.92978 e
36.12966 28.26804 0.08830 0.48647 -0.86922 e
36.26422 83.48855 0.23766 0.68187 -0.69179 e
36.36676 77.02727 0.72710 0.18728 -0.66049 e
36.58732 56.30128 -0.19227 -0.65353 -0.73207 e
36.68698 19.60573 0.13288 0.30250 -0.94384 e
36.81388 39.57474 0.61902 -0.34478 -0.70565 e
36.84544 83.52896 0.74887 0.64471 0.15344 e
37.00874 45.00725 -0.84189 -0.11640 -0.52695 e
37.05037 76.37715 -0.18042 -0.19209 -0.96465 e
37.09027 38.58392 -0.71855 -0.06253 -0.69266 e
37.54944 27.51800 0.24373 -0.42287 -0.87280 e
38.06308 82.41832 -0.63714 0.72551 -0.26017 e
38.15419 62.71553 0.39302 -0.61418 0.68434 e
38.25932 78.63923 -0.42607 -0.77555 -0.46582 e
38.30639 81.55847 -0.70419 -0.07669 0.70585 e
38.50554 74.77885 -0.38975 -0.72189 -0.57182 e
38.55913 84.77093 -0.84475 0.35491 -0.40054 e
38.71967 76.95573 0.11545 0.91492 -0.38677 e
38.90879 61.60625 0.67395 0.71621 -0.18121 e
38.91536 81.11020 -0.52960 0.44736 0.72069 e
39.07255 50.01062 -0.06778 -0.90813 -0.41316 e
39.24338 56.88536 0.99160 0.09799 0.08447 e
39.26846 57.22702 -0.49250 -0.65080 -0.57784 e
39.55506 82.45797 -0.76974 -0.20810 -0.60348 e
39.90456 55.48258 -0.05479 0.17984 -0.98217 e
40.00292 67.38666 0.70992 0.07660 -0.70010 e
40.37250 78.69380 -0.83099 -0.11643 0.54397 e
40.60962 61.52478 0.21141 -0.59548 -0.77505 e
41.33247 65.57869 0.59177 0.79499 -0.13340 e
41.46550 47.15959 -0.13766 -0.67159 -0.72802 e
41.47122 48.41356 -0.37122 -0.69620 -0.61442 e
41.65569 40.95220 -0.31456 -0.94485 -0.09114 e
41.79292 82.66072 0.00782 -0.49681 -0.86783 e
41.97838 45.64662 0.60585 0.78062 -0.15358 e
42.03468 73.65631 -0.47133 -0.88188 0.01190 e
42.04785 60.92847 -0.47387 0.69806 -0.53681 e
42.06366 42.90920 0.34620 -0.87586 0.33619 e
42.09233 56.11396 -0.92961 0.34890 -0.11872 e
42.22778 62.25618 -0.47645 -0.86715 -0.14509 e
42.28483 57.91848 -0.28810 -0.23343 -0.92872 e
42.44495 44.98593 0.70421 -0.13668 0.69671 e
42.46423 69.71687 -0.27051 -0.91458 -0.30062 e
42.64786 43.55349 -0.98112 0.13980 0.13362 e
42.74546 77.60368 0.33667 0.48274 -0.80846 e
43.05430 56.85023 -0.88866 0.27662 0.36574 e
43.29479 56.72194 -0.92818 -0.24111 0.28345 e
43.37261 76.09939 -0.93551 -0.13655 -0.32586 e
43.56485 77.98263 0.82207 -0.51054 -0.25209 e
43.58451 51.37804 -0.91385 -0.03747 0.40432 e
43.86513 19.76433 0.55231 0.08471 -0.82933 e
43.91805 56.90100 0.13298 0.66982 -0.73052 e
44.29916 65.24209 0.46198 -0.83199 -0.30719 e
44.35506 75.97755 -0.50180 0.33364 -0.79805 e
44.43432 77.40076 0.35543 0.01001 -0.93465 e
44.43444 63.19255 -0.02879 0.94221 0.33378 e
44.56950 52.26860 -0.28740 -0.29184 -0.91227 e
44.73739 63.81740 0.04643 -0.94701 0.31784 e
44.88640 79.79768 -0.19658 -0.95630 -0.21646 e
45.06761 19.87340 -0.63078 0.51076 0.58416 e
45.23267 77.55154 0.21302 0.71428 0.66665 e
45.50989 58.96690 0.42895 -0.82758 -0.36210 e
45.60688 84.28771 -0.38529 0.33344 -0.86045 e
45.79638 73.20504 0.76040 -0.33292 0.55764 e
45.87550 53.44267 -0.68533 0.66195 0.30355 e
45.99170 59.39177 -0.13547 -0.97176 -0.19324 e
46.59391 81.84745 0.83959 0.48807 0.23850 e
46.60373 83.00323 0.69253 -0.55164 -0.46487 e
46.79636 54.28481 -0.50978 -0.13776 -0.84921 e
46.84091 69.01897 0.60919 0.79245 -0.03039 e
47.02508 32.61612 -0.27153 0.48115 0.83353 e
47.13291 41.02654 0.89620 -0.09901 -0.43246 e
47.28368 51.55944 0.49686 0.80699 -0.31921 e
47.40456 71.71063 0.73015 0.53056 -0.43056 e
47.43812 82.29788 -0.41293 -0.26372 -0.87175 e
47.82513 45.50531 -0.05863 0.91235 -0.40519 e
47.84657 82.51787 0.84010 -0.54138 -0.03371 e
47.85948 49.71313 0.62406 0.75001 -0.21915 e
47.92248 75.37142 0.86429 -0.41862 0.27887 e
48.21097 49.29000 -0.21250 0.47462 -0.85415 e
48.22103 29.66138 -0.20729 -0.48868 0.84748 e
48.23505 27.46967 -0.47420 -0.87983 0.03223 e
48.33520 64.42589 -0.07344 0.72414 -0.68573 e
48.50730 71.93230 0.92729 0.32666 -0.18283 e
48.77328 55.20193 0.21311 -0.18036 -0.96024 e
48.82165 17.56044 -0.41672 0.16603 0.89374 e
48.97049 14.34684 0.60375 0.40977 -0.68379 e
49.43099 61.45166 -0.41930 -0.90759 0.02168 e
49.54148 61.27155 0.86216 0.48976 -0.12968 e
49.82004 45.05490 -0.92300 0.15588 0.35181 e
50.04066 58.55797 0.14669 -0.36217 -0.92050 e
50.14459 66.99344 0.30741 0.64310 -0.70137 e
50.19559 69.41014 0.43267 -0.60025 -0.67268 e
50.20176 66.36465 0.28300 -0.00280 0.95912 e
50.24436 62.72572 0.70195 -0.03447 -0.71139 e
50.29567 62.69770 -0.29775 0.84877 -0.43695 e
50.31647 50.57460 0.34104 0.11674 0.93277 e
50.32605 62.70063 0.18401 0.18959 -0.96447 e
50.42944 75.13341 -0.11057 -0.14162 -0.98373 e
50.55552 84.79194 -0.53253 -0.81808 0.21716 e
50.62115 63.95565 -0.54118 0.76136 0.35701 e
50.67450 72.75476 -0.35274 0.61201 -0.70783 e
50.82511 61.97794 0.79306 -0.36180 0.49005 e
50.89217 70.61502 0.56080 -0.00351 -0.82794 e
51.09654 56.43899 0.51177 0.59897 -0.61590 e
51.27837 71.79132 0.42020 0.23063 -0.87764 e
51.40618 30.45153 -0.33384 -0.91598 0.22256 e
51.79498 42.17551 0.83332 -0.54716 0.07877 e
51.81788 39.30288 -0.65727 -0.74831 -0.08965 e
51.82832 36.52314 0.37044 0.07818 -0.92556 e
52.00295 24.87183 0.68663 0.21437 -0.69468 e
52.08292 70.12206 -0.21325 0.66660 -0.71426 e
52.20309 36.35933 0.24033 0.38187 0.89242 e
52.49296 73.05455 -0.05041 0.95395 -0.29571 e
52.53998 46.10952 -0.46130 0.54716 -0.69844 e
52.81013 27.79515 0.62425 -0.78060 -0.03128 e
52.83641 36.86446 -0.94763 -0.26894 -0.17227 e
52.88438 44.51888 0.08195 0.48410 -0.87116 e
53.17507 60.83958 0.89260 0.45006 -0.02686 e
53.28730 84.46504 0.14874 0.98550 0.08166 e
53.28879 83.90500 0.86022 -0.16530 0.48239 e
53.29688 31.01836 0.62689 -0.55699 0.54476 e
53.34736 62.38140 -0.72081 0.55280 -0.41815 e
53.42065 74.37842 -0.99712 -0.03363 -0.06798 e
53.44670 77.10855 -0.61003 -0.10288 -0.78567 e
53.76178 67.65462 0.72242 -0.66472 0.19039 e
53.89989 71.82504 0.66660 -0.47772 -0.57221 e
53.90398 23.62453 0.29210 0.74147 0.60407 e
54.11000 44.22245 -0.29397 0.07414 -0.95294 e
54.42490 52.60623 0.16963 -0.44258 -0.88054 e
54.65570 64.27028 0.40719 0.09433 0.90846 e
54.67870 80.86914 0.03546 0.98020 -0.19481 e
54.72155 10.18534 -0.56201 -0.51815 0.64472 e
54.90545 55.27977 0.50091 -0.46195 -0.73191 e
55.09845 50.39810 -0.47082 0.68692 -0.55359 e
55.44569 58.96779 -0.35930 -0.39114 -0.84730 e
55.56017 63.49995 -0.52320 0.38449 -0.76054 e
55.66761 44.78281 -0.75237 0.63326 -0.18143 e
55.96043 58.44021 -0.62150 0.52882 -0.57801 e
56.03174 62.22152 -0.48456 0.58886 -0.64688 e
56.09776 59.71283 -0.54885 -0.68208 -0.48325 e
56.11121 68.92362 -0.83056 0.23956 -0.50276 e
56.13636 24.33278 0.74296 0.37522 -0.55427 e
56.43172 55.23400 -0.53705 0.68120 -0.49753 e
56.66073 45.81929 -0.37317 0.85439 0.36160 e
56.79169 84.14009 -0.37845 0.77780 -0.50180 e
56.88138 54.67952 0.28286 -0.28088 -0.91711 e
57.06347 70.70875 -0.04064 0.87235 -0.48718 e
57.20648 27.88762 -0.80263 -0.58124 -0.13396 e
57.36512 43.20874 -0.78194 -0.07004 -0.61941 e
57.74523 52.31819 -0.20110 -0.43234 -0.87900 e
57.76225 52.26648 0.20064 -0.97939 0.02317 e
58.11103 77.00615 0.95200 -0.12213 -0.28069 e
58.16623 41.44122 0.19403 0.85656 -0.47818 e
58.53649 69.62610 -0.73590 -0.62305 -0.26508 e
58.63360 30.86004 0.79846 -0.53900 -0.26823 e
58.67852 72.82612 0.45653 0.88721 0.06660 e
58.80699 53.78552 -0.41676 0.78678 -0.45529 e
59.12773 83.24061 -0.49116 0.63613 0.59507 e
59.27388 57.71616 0.28640 -0.59102 -0.75410 e
59.81931 62.51625 0.66062 -0.75049 0.01854 e
59.84056 43.73447 -0.01157 -0.99975 0.01937 e
60.49522 75.20966 -0.92426 0.32540 -0.19963 e
60.74566 60.64825 -0.00837 0.98850 0.15100 e
60.93330 58.42950 -0.59210 0.08078 -0.80181 e
61.19204 50.69167 -0.47779 -0.75249 -0.45330 e
61.87888 16.76646 0.07342 -0.90421 -0.42074 e
62.50247 59.37093 0.54472 -0.32668 -0.77238 e
62.87884 48.39617 0.45799 -0.66240 -0.59285 e
62.89790 70.77343 0.86014 -0.02278 -0.50956 e
63.23973 30.81197 -0.82087 -0.07023 0.56678 e
63.30394 70.90542 0.73421 0.08745 -0.67327 e
63.55840 48.98780 -0.41876 0.79802 -0.43336 e
63.66037 63.46054 0.62749 0.32120 -0.70929 e
63.83384 84.80113 -0.96837 0.04628 -0.24519 e
63.86304 41.12583 0.39260 -0.90065 -0.18625 e
64.19411 62.93836 0.28742 0.89839 0.33209 e
64.37555 32.22827 -0.15459 -0.57276 -0.80502 e
64.49940 84.92111 0.43835 -0.81534 -0.37824 e
64.70302 46.46413 -0.25971 0.28112 -0.92386 e
64.78339 54.85578 0.11571 0.74367 -0.65846 e
65.23679 70.23890 -0.85250 -0.39342 -0.34418 e
65.24600 47.26419 0.39960 -0.10758 -0.91036 e
65.29960 74.91178 -0.43902 0.53033 -0.72527 e
65.31493 71.49698 0.56375 0.59360 -0.57430 e
66.14998 64.55095 0.21198 -0.79218 -0.57228 e
66.18225 79.78245 0.60414 -0.37717 -0.70196 e
66.25920 64.42045 0.57212 -0.32346 -0.75369 e
66.35748 83.52030 0.29565 -0.95519 0.01442 e
66.48642 53.82288 -0.71374 0.51063 -0.47941 e
66.52236 51.41820 0.89469 -0.20012 -0.39936 e
66.68117 49.36546 0.13595 0.81381 0.56500 e
66.69663 62.18550 -0.16138 0.94899 -0.27089 e
66.79639 31.24610 0.67420 0.73853 0.00554 e
67.12004 32.79649 -0.07024 -0.85422 -0.51515 e
67.28834 60.58525 -0.09342 -0.97424 -0.20526 e
67.52232 78.22342 0.63530 0.77062 0.05031 e
67.78594 34.88383 -0.38912 0.46277 -0.79651 e
67.81882 84.87259 -0.66132 0.13535 -0.73779 e
68.06537 51.58263 -0.71365 0.67976 -0.16917 e
68.25760 61.83864 -0.41729 -0.65350 -0.63151 e
68.33627 80.49966 -0.60960 0.77407 -0.17087 e
68.60139 42.89647 -0.76407 0.25303 -0.59344 e
68.64817 44.27724 -0.76180 -0.20898 -0.61318 e
69.35734 49.56580 0.61355 0.66038 0.43296 e
69.56845 54.48549 -0.74699 0.64062 0.17779 e
69.83278 26.46300 -0.14304 -0.79266 0.59264 e
69.95290 33.65129 -0.96749 0.12519 0.21973 e
70.42223 56.25236 -0.40421 0.73692 -0.54181 e
71.37722 60.55975 0.29272 -0.02757 -0.95580 e
71.61104 70.54812 -0.43779 -0.57761 -0.68899 e
71.62924 54.19938 0.50534 -0.81105 -0.29468 e
71.75915 75.57581 0.40132 -0.91594 0.00050 e
72.95233 83.03602 -0.45021 0.57068 -0.68676 e
72.96323 50.04862 -0.72059 -0.67995 0.13573 e
75.43117 39.45264 -0.99595 0.00242 0.08988 e
75.93251 75.47120 -0.25862 -0.51050 -0.82007 e
76.33031 58.26013 0.91172 -0.19263 -0.36284 e
76.50683 63.35136 -0.88316 -0.34268 -0.32030 e
77.22674 66.61314 -0.14237 0.84394 -0.51720 e
77.23455 76.15334 -0.83084 -0.18513 -0.52481 e
77.29983 79.03776 0.56322 -0.26223 0.78359 e
77.53720 52.42440 -0.00396 0.89672 0.44258 e
77.78137 55.25625 0.74676 -0.04799 -0.66337 e
78.20602 51.51878 -0.55810 0.78525 -0.26814 e
78.21671 65.94225 -0.62948 -0.73320 -0.25723 e
78.98418 56.44401 0.19751 0.97800 -0.06719 e
78.99046 79.23863 0.49200 0.27328 -0.82659 e
79.01700 72.88045 -0.47547 -0.59497 -0.64803 e
79.10512 45.94428 0.38047 0.70528 0.59819 e
79.13122 69.59873 -0.29335 -0.50255 -0.81326 e
79.18151 31.71571 0.60801 -0.75394 0.24879 e
79.62620 31.39820 0.23319 0.88244 -0.40856 e
80.23553 59.50950 0.59359 0.08606 -0.80015 e
80.47684 79.83611 0.30099 0.38086 -0.87427 e
80.80598 49.97649 -0.71363 0.64295 0.27812 e
80.86408 75.22285 -0.25912 0.43494 -0.86237 e
81.33665 36.15468 0.81954 -0.04734 -0.57106 e
81.42881 64.96061 0.02224 -0.43387 -0.90070 e
81.79759 67.50365 0.96313 -0.22616 0.14571 e
81.88482 18.88166 0.98105 0.18601 0.05417 e
82.02648 39.98777 0.79434 0.10011 0.59916 e
82.30077 39.97407 -0.29196 -0.61357 -0.73368 e
82.66130 72.30525 -0.29721 0.91572 -0.27041 e
82.71045 33.66700 -0.01342 -0.99871 -0.04894 e
82.73887 47.52882 -0.05492 0.99519 -0.08108 e
83.65772 64.42597 -0.63654 -0.73263 -0.24099 e
83.66801 47.88370 0.95805 -0.28181 -0.05214 e
84.09122 15.89720 0.04596 -0.46745 0.88282 e
84.25471 37.45516 0.26673 -0.95110 0.15580 e
84.34172 29.56147 -0.33861 0.54860 -0.76445 e
85.13580 42.46542 0.70161 -0.65688 -0.27613 e
85.29987 67.65195 -0.09800 -0.91478 -0.39187 e
85.36001 67.40213 0.16007 -0.49683 -0.85296 e
85.39293 77.68329 -0.75980 -0.61546 0.20956 e
85.43784 56.52249 0.85713 0.48533 0.17257 e
86.41114 52.78090 0.19463 -0.00797 -0.98084 e
86.71015 72.09951 -0.82467 0.56554 0.00856 e
87.22042 50.88113 -0.40613 0.79463 -0.45125 e
87.25653 72.13965 -0.39810 -0.67090 -0.62563 e
87.29795 52.77248 0.16879 -0.96026 0.22230 e
87.43193 37.04698 0.47867 -0.02329 0.87769 e
89.24447 53.32125 -0.69160 0.65109 0.31268 e
89.30981 44.93401 0.43846 0.82010 -0.36768 e
90.54213 52.86113 0.54338 0.74045 -0.39556 e
90.67515 28.75579 -0.91880 -0.31582 0.23679 e
90.78820 42.65732 -0.32577 -0.30145 -0.89611 e
91.18496 40.34439 0.87550 -0.46752 -0.12218 e
91.28473 28.48933 -0.07700 0.15651 -0.98467 e
92.27488 58.83239 -0.79794 0.58628 -0.13988 e
92.49035 59.32580 0.35275 0.03060 -0.93522 e
92.77932 35.96213 -0.90483 0.07163 -0.41971 e
93.49358 70.48544 -0.97750 -0.14633 0.15194 e
93.57728 53.75422 0.23288 0.05353 -0.97103 e
93.64615 29.29612 0.87497 0.43113 -0.22034 e
94.08050 21.35852 -0.82121 -0.54923 0.15482 e
94.12020 84.55648 -0.17177 0.94435 0.28052 e
94.15844 78.98757 0.56698 0.81995 0.07887 e
94.37428 50.28940 0.15486 -0.06342 -0.98590 e
94.82290 79.05156 0.68983 -0.29156 0.66267 e
94.89135 38.98936 0.21173 0.36238 0.90766 e
95.51956 35.42186 -0.18900 -0.08731 -0.97809 e
95.75340 44.86423 -0.89353 0.04712 -0.44652 e
96.00361 74.70299 0.82001 0.47346 -0.32160 e
96.81552 58.16248 -0.40908 0.80259 -0.43417 e
97.95842 32.37373 0.12187 -0.97799 -0.16939 e
97.97797 62.03144 0.97727 -0.20723 -0.04475 e
98.09322 72.88088 0.62170 0.77949 0.07671 e
98.15092 47.65402 -0.49595 0.45179 -0.74157 e
98.30983 62.21246 -0.96908 0.18586 -0.16231 e
98.76518 37.54364 0.96270 -0.15353 0.22280 e
98.85258 47.62167 -0.92747 -0.29522 -0.22946 e
99.40423 76.63612 -0.92757 -0.09933 -0.36020 e
99.67911 33.52721 0.59328 0.52207 0.61274 e
100.01944 57.36148 0.07153 -0.04781 -0.99629 e
100.27478 59.63892 -0.52250 -0.69285 0.49694 e
100.62594 68.74122 0.28042 0.65258 -0.70392 e
100.70602 37.98320 -0.40126 0.14966 -0.90366 e
101.81479 29.58530 -0.15561 -0.98173 -0.10949 e
102.03196 53.52911 0.75305 -0.44157 -0.48778 e
102.09123 43.00976 0.97555 0.04806 -0.21446 e
102.26523 25.67146 -0.45265 -0.59852 -0.66097 e
102.65676 45.22591 -0.86297 -0.17713 -0.47320 e
102.68837 33.11163 0.59716 -0.03682 0.80127 e
103.02047 24.55223 0.92969 -0.00881 0.36825 e
104.45645 35.75775 0.36385 0.90498 -0.22050 e
105.25245 50.82816 0.09506 -0.99529 -0.01887 e
105.91390 54.35737 -0.97286 -0.13212 -0.18995 e
105.95811 67.90675 -0.40106 0.51109 0.76022 e
107.35593 66.37026 -0.49081 -0.32385 -0.80884 e
107.51420 47.31628 -0.92525 0.19893 -0.32300 e
107.64918 50.48921 -0.55387 0.29881 -0.77714 e
108.34070 28.72813 0.29539 0.94991 -0.10206 e
108.94497 23.69999 0.32958 0.90182 0.27946 e
109.48511 76.27063 0.04815 0.19646 -0.97933 e
110.19393 61.13194 -0.50119 -0.60413 -0.61955 e
110.20561 49.86476 -0.66039 0.34301 -0.66801 e
111.56857 43.47816 -0.03784 -0.97534 0.21746 e
111.91944 76.00810 -0.09736 -0.10477 -0.98972 e
112.07831 65.49147 0.31873 0.67775 -0.66262 e
112.28406 52.51229 0.88511 0.45980 0.07191 e
113.23480 52.67287 -0.14269 -0.86883 0.47410 e
113.98254 21.23974 0.87636 0.14796 -0.45837 e
114.33000 28.37221 -0.05469 -0.93609 0.34749 e
114.67191 64.27157 0.24163 -0.30519 -0.92112 e
115.24399 31.68275 0.45632 0.42289 -0.78290 e
115.51168 47.92060 0.75175 0.65781 0.04654 e
115.78475 66.91805 -0.23478 -0.43377 -0.86990 e
116.07000 76.17565 0.14285 0.47466 -0.86850 e
116.08161 36.85881 0.42002 0.26418 -0.86821 e
116.15156 53.47272 0.13700 -0.94278 -0.30397 e
116.24428 51.95270 -0.54163 0.67702 -0.49828 e
116.56418 34.69423 -0.01529 -0.99491 0.09963 e
117.12219 33.28505 0.29027 0.63554 0.71543 e
117.25055 82.98262 -0.77333 -0.02002 -0.63369 e
118.53739 24.79513 0.97266 -0.22507 -0.05721 e
118.79044 20.14108 0.70911 -0.29410 -0.64083 e
118.87144 14.98128 -0.57027 -0.11620 -0.81320 e
118.98786 27.76571 -0.52475 0.17113 0.83388 e
119.57146 28.79252 0.31333 -0.13659 0.93977 e
119.68697 57.09297 0.94386 -0.23755 0.22958 e
119.79364 50.67076 0.46360 0.70055 -0.54250 e
120.48379 55.75416 -0.69971 -0.24349 -0.67165 e
120.72072 46.00102 0.00501 0.56072 -0.82799 e
120.91621 47.71018 -0.20549 0.52257 -0.82747 e
121.27912 57.10585 0.71546 0.37167 -0.59159 e
121.44200 55.17814 -0.88185 0.02039 -0.47110 e
121.67382 54.59107 0.25438 0.95637 -0.14372 e
122.15380 64.04139 0.05263 -0.98691 -0.15246 e
122.41103 49.62239 0.27942 -0.68732 -0.67046 e
122.68314 57.44716 -0.54167 0.57057 -0.61729 e
122.81042 56.07152 0.17133 0.40037 -0.90019 e
123.19694 60.83155 0.68887 0.68350 0.24142 e
124.08831 17.47585 0.08391 0.76764 -0.63536 e
124.20126 27.83947 0.23207 0.59808 -0.76710 e
124.42032 66.37655 -0.35924 0.82709 -0.43228 e
125.49924 70.71528 -0.98390 0.12819 0.12454 e
125.66305 31.48737 -0.93800 -0.30423 -0.16613 e
125.85389 36.38695 0.21605 -0.41636 -0.88316 e
126.39323 34.61755 -0.01158 -0.53300 -0.84603 e
126.75415 43.55111 0.08516 0.16881 -0.98196 e
126.96929 38.88252 -0.56212 -0.37552 -0.73689 e
127.08852 18.44822 -0.94943 -0.25298 -0.18597 e
128.12060 56.79905 -0.23344 -0.43292 -0.87068 e
128.95587 46.90544 -0.11321 0.59932 -0.79246 e
129.10785 27.13062 0.02914 0.76448 -0.64399 e
129.24909 82.82891 -0.49176 -0.37889 -0.78398 e
129.49349 28.10322 -0.23412 0.70489 -0.66957 e
131.29049 41.31530 -0.98665 0.03996 0.15788 e
131.68251 39.79833 0.27263 -0.88840 -0.36935 e
132.11624 69.86244 0.75083 0.43808 0.49431 e
132.13103 27.83957 -0.28073 -0.69166 -0.66543 e
132.32232 64.51692 -0.88343 -0.15780 0.44119 e
132.53654 32.85114 0.93627 -0.31286 -0.15975 e
133.65600 52.45346 -0.25601 -0.84681 -0.46624 e
134.27844 47.74638 -0.98406 -0.17676 -0.01972 e
134.32808 62.99772 0.59435 -0.19327 -0.78064 e
134.87435 52.11050 -0.88276 -0.29601 -0.36483 e
135.00897 37.56383 -0.21271 0.80934 0.54747 e
135.01240 46.91744 0.87905 0.41962 0.22624 e
135.18028 29.38439 -0.13091 -0.57742 -0.80588 e
135.34844 56.97781 -0.05244 -0.34663 -0.93653 e
136.40533 83.77084 0.84474 -0.45413 -0.28315 e
136.48277 80.47680 -0.60703 0.07411 -0.79121 e
136.64507 58.60150 0.82461 0.56532 -0.02064 e
137.82513 60.57243 0.89848 0.19556 -0.39305 e
137.90937 36.05793 -0.69589 0.61374 0.37291 e
138.10584 33.90204 -0.82404 0.17926 0.53743 e
138.31877 33.54984 -0.39098 0.91453 0.10376 e
138.47538 40.16723 -0.61118 0.46490 -0.64056 e
139.38964 58.07788 0.08361 -0.00301 -0.99649 e
139.54119 34.77476 -0.50908 -0.33331 -0.79356 e
139.80913 22.27681 0.39643 -0.49818 -0.77114 e
140.10432 31.33815 -0.61354 0.10709 -0.78237 e
140.25124 81.95461 -0.39970 -0.62451 -0.67099 e
140.41188 30.60173 0.40500 0.44742 -0.79737 e
141.07064 74.06760 -0.42091 0.62283 -0.65948 e
141.72836 38.04396 -0.75549 0.65298 -0.05338 e
141.85572 41.98155 -0.99171 0.10679 0.07147 e
142.78043 27.78133 -0.14690 0.83889 -0.52411 e
142.97939 60.64095 0.09465 -0.27694 -0.95621 e
145.09813 29.45892 -0.10921 0.55879 -0.82209 e
145.11449 41.10326 -0.76717 0.34141 -0.54304 e
145.33582 67.09836 -0.96218 -0.06944 -0.26342 e
145.53568 62.89270 0.91260 -0.10212 -0.39589 e
146.00004 48.72950 0.00677 -0.96452 -0.26393 e
146.41890 30.93810 -0.09755 0.98679 0.12935 e
146.68587 75.15582 -0.22416 0.59801 -0.76951 e
148.79640 77.01810 -0.51747 0.83643 -0.18059 e
148.83428 76.23773 -0.24400 -0.72632 -0.64259 e
149.67887 52.91291 -0.70815 -0.62686 -0.32492 e
149.89376 65.60846 0.17773 0.68731 -0.70428 e
149.97294 38.23247 0.43586 -0.66774 -0.60345 e
150.17724 52.76732 -0.50968 -0.15694 -0.84593 e
151.71644 34.86100 -0.60229 0.77759 -0.18054 e
151.99596 33.52645 -0.86653 -0.21115 -0.45226 e
152.04798 44.97823 -0.85756 0.28547 -0.42790 e
152.57751 61.96139 -0.76602 0.62424 0.15345 e
152.79767 68.39650 0.00073 0.99654 -0.08313 e
152.83347 44.58485 -0.56470 0.00660 -0.82527 e
152.86968 72.67088 -0.24383 -0.88199 -0.40330 e
153.08550 34.73623 0.09616 0.46720 -0.87891 e
153.81862 52.41833 0.34502 0.91345 -0.21579 e
155.31744 63.16649 -0.08519 0.60183 -0.79407 e
155.35949 30.15365 -0.53320 0.61537 -0.58053 e
155.85706 25.50601 0.35843 -0.89263 0.27338 e
156.01417 29.53978 -0.64978 -0.17002 -0.74086 e
156.43416 28.97148 -0.71048 0.47406 -0.52008 e
156.69963 24.29977 0.65002 0.51496 -0.55884 e
156.70494 24.45315 -0.75294 0.65309 -0.08095 e
156.70714 48.25590 -0.39396 0.43327 -0.81060 e
158.70916 83.27614 0.50799 -0.41784 0.75323 e
159.30623 84.56908 0.50373 0.65751 -0.56030 e
159.33297 53.79789 0.09198 0.81728 0.56885 e
159.85629 42.99754 0.36067 -0.89754 0.25367 e
159.92186 53.65759 -0.71458 0.58314 0.38641 e
160.99763 37.69693 0.48689 -0.43835 -0.75551 e
161.12739 57.42728 0.70018 0.71396 -0.00364 e
161.43562 27.22476 0.40130 0.41514 -0.81647 e
161.47706 83.23063 0.42713 -0.45639 0.78056 e
162.40068 58.78162 -0.60848 -0.79190 -0.05142 e
162.77068 33.57399 0.10237 0.68403 -0.72224 e
164.01473 73.95259 -0.35033 0.93659 0.00854 e
164.91965 74.81680 0.09315 -0.03568 -0.99501 e
165.13269 54.03258 0.43708 -0.88696 0.14922 e
165.49099 9.11882 0.46401 -0.43679 -0.77065 e
165.97130 75.57647 0.81926 -0.47063 0.32761 e
166.29579 29.20822 -0.46459 -0.46954 -0.75080 e
166.34901 30.75326 -0.28285 -0.75866 -0.58688 e
166.92390 53.30392 -0.56068 -0.74135 -0.36882 e
167.20197 77.80545 0.47050 -0.13058 -0.87268 e
168.49570 49.05874 -0.51287 -0.59682 -0.61707 e
168.74001 83.11537 0.73757 0.61022 0.28918 e
168.91103 33.06315 0.32893 -0.90506 -0.26956 e
169.04528 71.02941 0.58648 0.03559 -0.80918 e
170.27526 22.24432 0.81077 0.00311 -0.58535 e
170.40658 52.97678 -0.36931 0.76114 -0.53318 e
170.56210 54.69309 0.90103 -0.07286 -0.42758 e
171.10350 22.42613 0.88294 -0.46625 0.05501 e
172.41907 34.00730 0.51023 0.46329 -0.72459 e
173.32872 31.39868 -0.84703 0.45725 -0.27104 e
173.64144 25.42104 -0.81791 0.54667 0.17938 e
173.70374 46.49539 0.38843 -0.83411 -0.39164 e
174.08740 29.35998 0.02781 -0.99957 -0.00974 e
174.26701 42.78207 -0.77499 0.49066 0.39831 e
174.63599 29.16402 0.09073 0.96121 0.26048 e
174.96819 23.82779 0.06763 0.70905 0.70191 e
175.03823 30.37342 -0.61511 0.04555 0.78712 e
175.58678 47.21580 0.12044 -0.85469 0.50497 e
175.95787 21.77375 -0.52665 0.82480 -0.20578 e
176.31409 66.18925 -0.20524 -0.60554 -0.76890 e
176.85776 74.58995 0.75467 -0.57995 -0.30679 e
177.25327 31.09740 -0.38214 0.59650 0.70580 e
177.25488 80.44900 0.19234 -0.23973 -0.95160 e
177.37780 41.37378 -0.21293 -0.86666 -0.45119 e
178.09709 73.24336 -0.06596 0.87026 -0.48816 e
178.91329 81.48528 0.47478 0.86599 0.15696 e
179.15521 81.60319 -0.39037 -0.17106 -0.90463 e
179.57958 37.06579 0.95193 -0.20840 -0.22451 e
180.10198 40.21535 0.08379 -0.86999 -0.48590 e
181.27292 42.57370 0.37294 -0.34856 -0.85990 e
181.48780 72.18640 -0.77308 0.22235 -0.59405 e
181.69411 63.83360 0.33905 0.37683 -0.86200 e
182.68452 50.26718 -0.65948 -0.67613 -0.32855 e
183.03733 76.02919 -0.11807 -0.10194 -0.98776 e
184.19337 78.57714 -0.67554 0.52489 -0.51782 e
185.06393 39.92118 0.17451 -0.85803 0.48304 e
185.22253 55.19750 0.57173 -0.13821 -0.80872 e
185.77596 17.01273 0.15527 0.83654 -0.52545 e
185.86526 41.62657 -0.86329 -0.36554 -0.34801 e
185.87818 26.14213 0.76835 0.27988 -0.57559 e
186.40528 65.39735 -0.00896 0.63495 -0.77251 e
186.73813 34.24972 -0.68573 -0.70466 -0.18229 e
186.99738 34.78758 0.90871 0.39746 -0.12753 e
187.05364 44.29651 0.85408 -0.50579 0.12135 e
187.07541 50.54288 -0.53092 -0.48035 -0.69813 e
187.77211 59.97887 -0.74549 0.65225 0.13717 e
188.19389 43.21741 -0.11583 -0.14697 -0.98234 e
188.47722 68.97620 0.80427 0.36407 0.46968 e
188.58738 10.20723 0.37498 0.89828 0.22910 e
189.25375 77.06855 -0.14305 0.94986 -0.27803 e
189.33872 39.00872 -0.43116 0.17606 -0.88493 e
189.54977 51.02297 -0.35396 0.14121 -0.92454 e
189.61032 32.76462 0.02672 -0.84380 -0.53599 e
190.01517 77.93429 -0.88914 -0.37595 -0.26095 e
190.64751 38.52468 0.51486 0.39041 -0.76321 e
190.93313 52.45412 0.81619 0.19725 -0.54307 e
191.23157 38.00860 0.23063 0.81885 -0.52563 e
191.44511 33.67803 0.19115 -0.33040 0.92428 e
191.60324 20.74862 -0.20095 0.94760 -0.24833 e
192.40461 40.05609 -0.40676 -0.81828 -0.40614 e
193.00945 82.61137 -0.80150 0.55007 0.23457 e
193.13457 62.58475 -0.88883 -0.44787 -0.09691 e
193.63109 49.35814 -0.43785 0.56740 -0.69738 e
193.89869 76.38682 -0.69434 0.71952 0.01343 e
194.14827 32.59652 -0.62033 0.35335 0.70024 e
194.58444 77.65319 0.06694 -0.94240 0.32773 e
195.10624 33.88267 -0.32659 -0.39506 0.85865 e
195.35677 49.43469 0.50487 -0.84934 0.15403 e
196.34107 83.09853 0.80295 -0.51211 -0.30499 e
196.47529 32.57360 -0.43365 0.16738 -0.88540 e
196.69266 45.44458 0.82137 0.11131 -0.55943 e
196.87524 28.10385 -0.76387 0.14170 0.62962 e
197.11935 51.87514 -0.80707 -0.36012 -0.46793 e
197.39853 36.37903 0.61865 -0.75784 -0.20725 e
198.29509 40.29723 -0.63758 0.38526 0.66713 e
198.97088 41.73754 0.83596 0.54793 0.03056 e
199.36888 60.65545 0.88401 -0.46604 -0.03645 e
199.37152 11.68597 -0.48732 0.26222 -0.83292 e
199.69590 45.51726 -0.31637 -0.03311 -0.94806 e
200.37209 69.43482 -0.65572 -0.39636 -0.64260 e
200.78218 55.72881 -0.87152 0.48198 -0.09030 e
201.75982 48.54586 -0.75206 -0.49317 0.43726 e
201.86843 19.22764 0.22135 -0.17179 -0.95994 e
202.37365 19.88276 -0.95085 0.28386 -0.12370 e
203.46052 24.73315 0.67098 0.70417 -0.23223 e
204.49755 76.30338 -0.07772 0.95812 -0.27561 e
206.54829 37.41759 0.24553 0.16283 -0.95562 e
207.48844 52.21820 0.19252 -0.40598 -0.89337 e
207.55738 61.95193 -0.61035 -0.63237 -0.47705 e
208.19683 84.45533 -0.26376 -0.02113 -0.96436 e
208.22849 17.03389 -0.52572 0.76781 -0.36618 e
208.28627 18.95511 -0.81514 0.02025 0.57892 e
208.32306 73.19744 0.95920 -0.25386 -0.12449 e
208.67740 71.27639 -0.22572 -0.65222 -0.72364 e
208.83342 30.65007 -0.90443 -0.36656 -0.21827 e
211.29696 41.73484 -0.79869 -0.26066 -0.54236 e
211.32264 19.03303 0.33647 -0.60665 -0.72025 e
212.56704 84.93457 -0.16520 -0.96833 -0.18722 e
213.42166 49.00066 0.25031 -0.93953 -0.23373 e
213.46269 48.95783 -0.39380 0.57868 -0.71418 e
214.05118 34.48709 0.13692 -0.79955 -0.58479 e
214.32731 32.28289 0.94490 -0.26720 0.18914 e
214.75584 53.83355 -0.12114 0.29605 -0.94746 e
214.91751 40.89904 0.00887 0.66371 -0.74794 e
215.59335 17.95577 -0.02375 -0.97815 -0.20656 e
215.73600 83.14341 -0.85690 0.14251 0.49539 e
216.22659 65.42057 -0.02482 0.82782 -0.56045 e
216.79805 81.07209 -0.80434 -0.41145 -0.42865 e
219.92047 64.79473 0.17635 -0.98161 -0.07313 e
220.25297 80.55469 0.69733 -0.71599 0.03301 e
220.81833 56.41148 -0.65357 -0.34193 -0.67523 e
221.21022 56.43305 -0.26367 -0.64643 0.71596 e
221.54767 69.46811 -0.07270 0.01997 -0.99715 e
221.99890 79.37665 0.65614 -0.50123 0.56414 e
222.11635 34.36062 0.30677 0.94662 0.09906 e
222.24968 69.13469 0.69142 -0.72160 0.03511 e
222.36254 35.22387 0.03033 0.28605 -0.95774 e
222.37382 83.51608 0.13493 -0.75483 -0.64190 e
222.83410 61.51893 0.34219 -0.85756 -0.38406 e
223.82978 62.13460 0.34760 -0.93737 0.02262 e
224.48990 67.83060 0.45594 0.57726 -0.67741 e
224.64445 67.22686 -0.43736 -0.37554 -0.81712 e
224.65146 53.02107 -0.64939 0.71618 -0.25567 e
224.94762 33.42333 0.10370 0.97421 0.20041 e
226.82028 69.51713 0.12037 0.92427 0.36227 e
226.93300 21.49130 -0.07683 0.91547 -0.39499 e
228.06073 61.91994 -0.16088 0.27947 -0.94658 e
228.20177 53.28605 -0.77477 -0.62480 -0.09674 e
228.28726 32.63850 -0.39057 0.75707 -0.52373 e
228.34618 73.13713 0.06802 -0.74353 -0.66523 e
228.54654 57.05968 0.30887 -0.93936 -0.14900 e
228.80003 40.79181 0.80681 0.19557 -0.55750 e
229.51678 55.89375 0.94276 0.16061 0.29225 e
229.91503 66.52222 -0.98485 -0.00232 0.17342 e
230.01745 46.12107 0.40376 0.90170 -0.15467 e
230.09036 62.19242 0.14890 -0.87071 -0.46872 e
230.16734 56.12963 0.75066 -0.63364 -0.18711 e
230.20524 29.56188 -0.80260 0.33568 -0.49310 e
230.70651 49.66486 0.85328 -0.28194 -0.43867 e
231.00320 39.06016 -0.12622 -0.99168 -0.02536 e
231.11220 83.21891 0.81686 0.09334 -0.56924 e
231.11360 67.09012 0.73422 0.10571 -0.67063 e
231.91280 54.81775 -0.10853 0.50748 -0.85480 e
232.62038 18.44890 0.41894 -0.87379 0.24694 e
234.21699 76.09343 0.90094 0.29840 -0.31506 e
234.60873 29.41899 -0.85999 0.20355 -0.46796 e
236.30231 22.79391 -0.59485 -0.46418 -0.65628 e
236.45567 56.41126 0.60216 0.31679 -0.73284 e
237.26390 84.61737 -0.50989 0.51917 -0.68592 e
237.28074 52.55518 -0.68842 -0.33347 0.64411 e
237.30454 81.26808 0.17737 0.89465 -0.41005 e
239.66742 16.08269 0.23158 -0.96433 -0.12817 e
239.81883 28.67927 -0.06370 -0.97734 -0.20186 e
239.93425 36.18881 0.45174 -0.35698 -0.81762 e
240.03487 56.11252 0.89354 -0.20537 -0.39925 e
240.56693 49.58178 -0.73846 0.67357 -0.03132 e
240.76114 70.13712 -0.29993 -0.16439 -0.93969 e
241.09818 34.59553 -0.74339 0.57090 0.34850 e
241.89644 33.08342 -0.12992 -0.99144 0.01278 e
241.96968 35.99472 0.14982 -0.93843 0.31128 e
242.41794 48.67446 0.73201 0.63235 -0.25356 e
242.63195 77.11689 -0.72369 0.64528 0.24470 e
242.92969 28.05807 0.60261 -0.21294 -0.76910 e
244.65387 50.60354 -0.97617 0.13464 0.17017 e
244.76925 59.31503 0.36145 -0.52085 -0.77335 e
245.08457 14.30653 -0.97815 0.20031 -0.05569 e
245.54242 42.71070 0.12482 0.91161 0.39165 e
245.82467 44.85662 -0.35208 -0.92556 -0.13920 e
246.09757 34.48239 -0.65034 0.59279 -0.47502 e
247.07846 44.55383 -0.46859 0.88092 -0.06641 e
247.26423 45.55858 -0.72021 -0.01360 -0.69362 e
247.61877 44.80315 0.23590 0.48397 0.84269 e
247.78297 51.47224 0.80413 0.46173 0.37440 e
248.37169 36.72154 -0.06073 0.11097 -0.99197 e
248.78027 31.58446 0.19545 -0.78629 -0.58613 e
248.91502 25.03693 0.77267 -0.52926 -0.35053 e
249.66048 39.14844 0.92840 -0.37069 -0.02573 e
249.98604 49.32510 0.03710 -0.75630 -0.65318 e
252.35168 71.11978 0.27530 -0.90745 0.31741 e
252.42371 51.26240 0.68873 0.65458 0.31173 e
252.86737 44.92802 -0.27741 0.90355 0.32655 e
253.15697 52.57462 0.87317 0.03537 -0.48613 e
253.32475 72.06092 -0.29678 -0.58564 -0.75429 e
253.44743 44.88046 0.84428 -0.52144 -0.12367 e
254.69025 34.79811 -0.09771 -0.63044 0.77006 e
255.20391 31.34819 0.21428 -0.20601 -0.95480 e
255.48643 67.30857 -0.24876 0.39973 -0.88223 e
257.29874 57.77588 -0.72648 -0.01523 -0.68702 e
258.20921 49.18356 -0.22749 -0.36178 -0.90408 e
258.50224 25.79395 -0.57136 -0.06822 -0.81786 e
259.27817 57.32236 0.01212 -0.98905 0.14708 e
259.28566 72.94265 0.74204 -0.62957 -0.23026 e
259.83260 74.63984 0.16188 -0.67171 -0.72291 e
259.91837 24.09750 0.18667 -0.11689 -0.97545 e
260.46490 22.18928 -0.30546 -0.63635 0.70834 e
260.56076 43.19860 -0.74944 0.22160 -0.62388 e
260.87985 50.01064 0.88708 0.26150 -0.38041 e
261.39859 52.84720 0.23941 -0.61814 -0.74872 e
261.72417 53.91294 0.91607 -0.36064 0.17535 e
261.84003 66.71427 0.25670 -0.08570 -0.96268 e
262.57236 68.38351 -0.39845 -0.59205 -0.70051 e
264.84839 68.75311 0.03900 0.19960 -0.97910 e
265.26953 84.45004 0.89689 -0.05429 -0.43891 e
265.50432 45.37057 -0.56303 0.34757 -0.74980 e
266.01387 59.49694 -0.56333 -0.69684 0.44393 e
266.05180 44.37853 0.63088 0.76281 0.14183 e
266.39722 44.87323 -0.12985 0.64917 -0.74948 e
266.53941 38.58461 -0.02803 0.89332 -0.44854 e
267.43455 43.09454 0.02166 0.21704 -0.97592 e
267.70482 77.36440 0.61385 -0.06535 -0.78672 e
267.86256 59.10014 0.35480 -0.91907 0.17155 e
268.27258 29.94285 0.64182 0.69647 0.32093 e
268.89746 35.15301 -0.79733 0.31594 -0.51424 e
268.95854 39.25031 -0.35482 -0.93282 0.06288 e
269.95799 79.25752 -0.52868 0.32462 -0.78429 e
269.98746 49.55829 -0.79788 0.59319 -0.10727 e
270.31641 60.71858 -0.52961 -0.58497 -0.61427 e
271.16902 48.77204 -0.00725 -0.97581 0.21852 e
271.73682 46.26862 -0.52258 0.45132 -0.72334 e
272.87699 56.23629 -0.28854 0.30041 -0.90912 e
273.59684 81.24783 -0.11869 -0.94359 -0.30913 e
274.63389 46.29077 0.12012 -0.66274 0.73915 e
275.76317 60.30935 0.74383 -0.66617 -0.05420 e
275.83299 69.67181 0.90320 -0.40180 0.15095 e
276.09145 39.20842 0.68628 -0.70420 0.18198 e
277.27153 17.83684 -0.37846 0.54399 0.74890 e
277.44364 69.03688 0.34026 0.67969 -0.64980 e
278.54124 24.16284 0.01010 0.96598 -0.25841 e
279.45189 40.01052 -0.31064 -0.89873 -0.30949 e
279.64800 60.54775 0.10392 0.99413 0.02994 e
280.58719 52.63813 -0.52856 0.42365 0.73563 e
282.03426 73.28512 -0.45437 -0.04967 -0.88942 e
282.16133 45.22744 -0.74028 -0.66184 0.11817 e
282.69056 72.74161 0.22939 0.07635 -0.97033 e
283.70781 40.27692 -0.41314 -0.73115 -0.54289 e
283.78943 36.75846 0.61253 -0.34499 0.71119 e
284.17506 58.03275 0.22735 0.77654 -0.58762 e
285.32391 29.34661 0.97839 -0.16578 -0.12360 e
286.75722 44.10563 -0.93682 -0.34298 0.06880 e
288.48988 70.48082 -0.10332 -0.17765 -0.97865 e
288.76378 55.64486 0.32956 -0.58613 0.74016 e
288.80790 24.57078 0.00824 -0.64712 -0.76234 e
289.44640 58.29405 0.63873 -0.59148 -0.49211 e
289.87761 27.19203 0.07958 0.44366 -0.89266 e
289.91338 78.10491 0.41245 0.04692 -0.90977 e
290.20245 46.98682 -0.02161 0.92028 0.39066 e
290.83558 56.94598 -0.48523 -0.05095 -0.87290 e
292.38591 71.05951 0.72235 0.34227 0.60089 e
294.08720 74.78364 -0.07625 -0.89807 -0.43319 e
294.32330 48.91775 -0.76269 0.60929 -0.21697 e
295.19973 38.53294 -0.71380 0.64715 -0.26774 e
295.60208 41.51601 -0.42431 0.77943 -0.46092 e
295.63786 71.44578 0.57236 -0.78605 -0.23350 e
296.49117 50.37627 -0.01514 0.96644 0.25645 e
297.09100 41.18976 -0.85173 0.52014 -0.06331 e
298.30680 60.37223 0.38364 0.25190 -0.88846 e
298.86052 50.90049 -0.11452 0.74366 0.65868 e
299.21103 79.97471 0.91749 -0.02341 -0.39707 e
299.22840 26.39630 0.61589 0.28956 -0.73269 e
299.53636 28.46542 0.29847 -0.45935 -0.83661 e
299.53892 44.11192 -0.19285 -0.82838 -0.52592 e
300.27746 82.19664 0.64354 -0.62537 0.44132 e
300.28761 65.20013 0.35969 -0.45201 -0.81628 e
300.69758 38.24021 0.20818 -0.18445 -0.96054 e
301.20884 19.60190 -0.77701 -0.62368 0.08531 e
302.33154 66.27326 0.40211 -0.77397 0.48917 e
302.55893 78.32650 -0.60734 -0.76882 0.20014 e
302.76087 43.49540 0.83174 -0.53696 -0.14099 e
303.30776 53.70402 -0.16591 0.93104 -0.32501 e
303.40197 23.45177 -0.42159 -0.02715 -0.90638 e
303.87355 40.13580 0.18531 0.22479 -0.95662 e
304.87207 44.52135 0.33779 -0.45919 -0.82161 e
304.87502 55.84708 0.71235 0.46657 -0.52428 e
305.06634 55.47863 -0.01956 0.36578 -0.93050 e
306.01558 79.11858 0.78295 0.45377 -0.42554 e
307.61572 50.30928 0.71864 -0.60772 0.33798 e
307.64872 19.10072 -0.72498 0.22124 0.65227 e
308.22111 61.74286 -0.37302 0.71722 -0.58861 e
308.49450 65.57364 -0.00379 0.67523 -0.73759 e
309.16529 74.86101 -0.50532 -0.01360 -0.86283 e
309.45653 44.51334 0.50945 0.83864 -0.19275 e
309.57109 57.82127 0.17266 0.38514 -0.90656 e
313.20553 44.26351 -0.30524 0.61641 -0.72586 e
313.37779 84.49819 0.01142 -0.82855 -0.55980 e
313.61701 22.82876 0.57880 0.65684 -0.48327 e
314.23998 82.33157 -0.24799 0.48775 -0.83702 e
315.22826 20.98029 0.95965 0.04383 0.27776 e
315.31885 84.95712 -0.48769 -0.13770 0.86209 e
315.87315 63.80592 0.02828 0.99154 0.12666 e
316.10700 57.61299 0.71075 -0.47047 -0.52296 e
316.13522 52.81757 -0.87560 -0.47367 0.09465 e
316.27654 41.29743 -0.79867 -0.36186 -0.48082 e
316.31291 38.69638 -0.26376 0.86805 -0.42061 e
316.76630 80.34486 0.10498 0.59445 -0.79725 e
316.80990 38.65332 0.86400 0.16092 0.47709 e
317.44337 72.17396 0.76645 0.20666 -0.60815 e
317.90778 35.26005 -0.05307 0.99573 -0.07552 e
317.93147 79.87812 0.41384 0.86644 -0.27933 e
319.34100 35.08751 -0.94493 -0.00119 -0.32728 e
320.17033 45.96331 -0.86160 -0.33804 0.37864 e
320.34274 56.71459 -0.85413 0.29473 -0.42847 e
320.62452 35.37728 0.49597 0.76590 -0.40914 e
320.67689 53.26191 -0.73598 0.16522 0.65653 e
320.72340 80.69003 -0.62608 0.77976 -0.00055 e
320.84638 19.81988 0.88839 0.39530 0.23346 e
320.89497 28.48569 -0.14905 -0.52922 -0.83529 e
321.54118 11.01802 0.80173 0.57506 0.16290 e
321.90515 30.41816 -0.85511 -0.10586 -0.50752 e
322.85693 28.83326 0.57807 0.36455 0.73003 e
323.20626 62.57885 0.79215 0.58067 -0.18794 e
323.59129 36.95254 -0.01176 -0.47509 -0.87986 e
323.83631 74.17111 0.71594 -0.65725 -0.23550 e
323.85811 71.75383 -0.06514 -0.99043 -0.12168 e
324.65102 75.31978 0.48296 0.76013 -0.43468 e
326.04609 61.11818 -0.90827 0.40884 0.08887 e
326.70263 18.10752 -0.51131 0.64833 -0.56412 e
327.14522 37.86890 -0.71242 -0.44595 -0.54184 e
328.28300 77.92949 -0.09541 -0.99543 0.00438 e
328.45995 34.94900 -0.93104 0.03703 -0.36305 e
328.64078 81.68624 0.94167 0.32543 0.08572 e
328.88229 56.46180 0.13063 0.96684 -0.21944 e
330.10667 78.29573 0.71187 0.68064 -0.17312 e
330.27613 73.54049 -0.32062 0.34064 -0.88384 e
330.60007 52.16834 0.81796 -0.48913 -0.30283 e
331.34971 49.91196 -0.25343 -0.92751 -0.27478 e
331.48187 79.59028 -0.01384 0.98525 0.17053 e
332.41457 45.80155 0.49303 0.86096 -0.12517 e
332.60713 59.19453 -0.10959 0.22307 -0.96862 e
332.73664 37.36617 0.15572 -0.98056 -0.11940 e
332.94582 84.92290 0.48606 0.05286 -0.87233 e
333.84743 77.35404 0.35657 -0.59072 -0.72381 e
335.07080 51.91714 -0.04638 0.39304 -0.91835 e
335.49297 43.58900 0.21355 0.34006 0.91584 e
335.51630 29.90741 -0.37908 0.63051 -0.67732 e
335.53772 37.02286 -0.64011 -0.74652 -0.18154 e
337.40108 47.59538 0.39652 0.91277 -0.09807 e
338.49551 57.46617 0.56489 -0.78392 -0.25764 e
338.55954 55.87218 -0.97381 0.17055 -0.15036 e
339.48216 22.53584 -0.36892 -0.35384 -0.85947 e
339.99956 76.41309 -0.78742 0.15088 -0.59767 e
340.32772 45.78997 0.01268 -0.50840 0.86103 e
340.56812 49.20821 -0.18198 -0.38190 0.90611 e
341.92813 31.76586 0.71142 0.61026 0.34852 e
342.12085 70.18217 -0.07109 0.94993 -0.30427 e
342.93032 82.49101 -0.25471 -0.94488 0.20574 e
343.45806 25.53731 -0.22193 -0.62849 0.74549 e
344.25257 22.75916 -0.29657 -0.61061 -0.73430 e
344.82251 43.16246 0.31146 0.71946 0.62078 e
346.57739 30.92101 -0.29342 -0.81932 -0.49256 e
347.55227 63.30053 -0.44208 0.71388 -0.54308 e
347.77461 68.94172 0.62579 0.77831 -0.05125 e
348.71599 55.06929 0.09489 -0.78926 -0.60668 e
348.98867 57.38510 -0.58685 -0.59955 -0.54420 e
349.11652 32.33651 0.52102 -0.83285 -0.18682 e
349.14868 22.51206 0.77577 -0.62082 0.11292 e
349.50442 83.64341 0.78837 -0.47463 0.39141 e
350.11804 44.23106 -0.57764 0.80951 -0.10502 e
350.22662 60.10316 -0.83949 0.43149 -0.33027 e
350.69479 61.63996 0.12219 0.98970 0.07459 e
352.55569 12.18029 0.00399 0.68975 0.72403 e
352.68994 30.45297 -0.56000 0.01821 -0.82829 e
353.07533 26.34544 0.61118 0.44548 -0.65423 e
353.22558 11.97128 -0.81132 0.18083 0.55593 e
354.13565 68.45181 -0.55209 0.45432 -0.69914 e
355.01506 45.26967 -0.31898 -0.94182 0.10597 e
355.37812 40.23297 0.59039 -0.44910 0.67063 e
355.64513 25.83227 -0.88131 -0.17239 -0.43996 e
356.09372 84.36852 0.39807 0.74458 -0.53586 e
356.76502 38.46080 0.10533 -0.77044 -0.62876 e
357.34063 30.34383 -0.73932 0.38630 0.55153 e
357.74079 44.79251 -0.06042 -0.99665 0.05519 e
359.01452 32.16538 0.44779 -0.19886 0.87175 e
359.97710 68.62493 0.32462 0.92686 -0.18857 e
363.80659 56.18033 0.27128 -0.71723 -0.64186 e
364.16783 54.68006 -0.91260 0.31437 -0.26138 e
364.34013 69.17512 -0.19120 -0.63735 -0.74648 e
365.52248 25.89155 -0.14131 -0.89455 0.42404 e
365.90855 66.01723 0.18919 -0.19393 -0.96260 e
366.00292 22.18919 -0.43536 -0.12781 -0.89114 e
366.03023 38.78973 0.21525 0.93325 -0.28762 e
367.78792 75.98997 -0.61593 0.44766 -0.64826 e
369.67874 83.37203 0.78961 0.08211 -0.60809 e
370.03573 46.25515 -0.01750 0.48229 -0.87584 e
372.58669 62.28262 0.99563 -0.09326 -0.00529 e
373.97007 29.40298 0.14416 0.78293 -0.60518 e
374.57307 72.27116 -0.20981 -0.86094 -0.46342 e
377.38231 84.98678 -0.92801 -0.17540 -0.32867 e
378.07307 65.99129 0.45718 0.57956 -0.67461 e
379.08612 16.23525 -0.20355 -0.93980 0.27448 e
379.39462 51.14567 0.65159 0.57639 -0.49316 e
379.44207 47.07361 0.84959 -0.43046 -0.30480 e
381.19055 54.03410 0.52538 -0.30280 -0.79516 e
382.63866 41.69911 -0.27232 0.84443 -0.46129 e
382.68491 59.88922 0.50271 0.83866 -0.20963 e
387.55146 18.98912 -0.18037 -0.95425 0.23847 e
388.65032 25.15219 -0.38701 -0.70972 -0.58867 e
389.56916 21.20927 -0.55107 0.40546 -0.72933 e
397.12998 81.54828 -0.03142 0.69551 0.71783 e
400.09405 39.77123 -0.55270 0.44725 -0.70320 e
402.05211 43.53481 -0.76876 0.27320 -0.57825 e
402.60368 41.84633 0.34399 -0.90195 0.26107 e
411.64992 28.45971 -0.58306 0.50603 -0.63559 e
411.83152 59.59225 -0.65036 -0.75539 -0.08016 e
414.47518 47.82141 -0.66076 0.61536 -0.42980 e
415.99801 14.56481 -0.55300 -0.67621 0.48675 e
422.09244 79.13027 0.40056 -0.44316 -0.80198 e
426.80495 22.15726 0.59507 0.55237 -0.58377 e
427.58009 51.09827 0.97528 -0.21771 -0.03770 e
429.65912 32.82240 0.44918 -0.75131 0.48350 e
432.03764 67.84888 -0.93867 -0.17965 0.29433 e
435.74439 81.80810 0.45580 -0.04251 -0.88907 e
438.19945 33.71956 0.47945 -0.61391 0.62709 e
446.27781 35.72099 -0.43507 0.76141 -0.48060 e
452.33781 74.80290 0.23364 0.35256 0.90615 e
455.72686 13.72457 0.98667 0.16203 -0.01540 e
457.30591 26.52530 -0.05725 0.22912 -0.97171 e
472.70118 47.50791 0.43476 0.71508 -0.54740 e
505.86896 35.68463 0.43193 0.89590 -0.10392 e
507.49195 32.81809 -0.63537 0.31638 -0.70442 e
517.01622 45.45104 0.81569 0.57039 -0.09642 e
519.08723 19.69395 0.06508 -0.07668 0.99493 e
521.31725 21.99933 0.49124 -0.85845 0.14749 e
545.62635 26.80945 0.25547 -0.54821 -0.79637 e
564.19372 38.25270 -0.97232 -0.21831 -0.08332 e
610.84276 17.91807 0.25944 0.96560 0.01779 e
638.99734 23.85721 0.12915 -0.98661 0.09959 e
644.31864 33.70430 0.11311 -0.86775 -0.48395 e
677.51669 15.95369 0.70479 0.56495 0.42906 e
684.17729 10.60751 -0.29996 -0.03784 0.95320 e
699.27130 23.06194 -0.00384 -0.42427 0.90553 e
704.32234 25.26841 0.02549 -0.60264 -0.79761 e
726.56209 23.53904 0.44280 -0.35654 -0.82268 e
729.05009 41.95111 0.86601 -0.05328 -0.49717 e
748.70274 19.43541 0.16066 -0.91238 -0.37651 e
768.99149 18.51709 0.36952 0.66161 -0.65248 e
772.47677 24.27094 -0.31666 -0.35027 0.88150 e
779.58219 28.05077 0.22134 -0.35963 0.90646 e
788.38799 14.42033 -0.18985 -0.63851 -0.74582 e
792.57215 17.80989 0.36748 -0.39326 -0.84280 e
857.99140 33.81469 0.76731 -0.48172 -0.42329 e
865.53889 15.38033 -0.93000 0.05246 -0.36380 e
903.08471 26.76896 0.46989 0.88186 0.03897 e
939.65843 30.01143 0.33775 -0.80529 0.48727 e
953.61427 16.22182 -0.49536 0.48727 -0.71915 e
954.99692 53.83633 0.00312 -0.63161 0.77528 e
1027.17730 28.81022 -0.95439 0.29840 -0.00996 e
1055.88270 37.46955 0.01026 -0.95138 -0.30786 e
1056.19133 76.49909 -0.88985 -0.42595 -0.16349 e
1126.34874 12.99554 -0.15063 -0.69660 -0.70147 e
1171.64760 15.06908 -0.72724 0.57699 0.37176 e
1183.28291 27.79543 -0.06557 -0.45240 -0.88940 e
1282.22500 50.22227 -0.04412 0.85995 -0.50847 e
1360.40180 38.07257 0.64354 0.75452 -0.12870 e
1399.87039 24.55301 0.25158 -0.04642 -0.96672 e
1405.13924 26.15161 -0.35577 0.85274 0.38243 e
1410.25275 29.09645 -0.48130 0.06420 -0.87420 e
1481.81383 32.09404 0.59493 -0.79020 -0.14710 e
1518.32753 21.52940 -0.82172 -0.46618 -0.32782 e
1575.02454 24.95814 -0.19846 -0.97773 0.06826 e
1622.12202 26.50445 -0.44228 -0.46336 0.76791 e
1701.61814 13.61803 0.33035 0.13519 0.93413 e
1786.42502 24.45434 0.46600 -0.85364 -0.23267 e
1863.18325 40.71307 -0.24136 0.48285 -0.84178 e
1865.06746 35.02727 -0.65129 0.72641 -0.21944 e
1885.14286 28.05485 0.17936 0.27659 -0.94410 e
1985.24401 25.78279 -0.80393 0.57946 0.13389 e
2253.26804 38.52792 0.49430 -0.78218 -0.37929 e
2309.40962 27.71074 0.22599 -0.23713 -0.94483 e
2319.76209 17.83730 -0.47364 -0.87651 -0.08600 e
2330.00402 14.71231 -0.47404 0.38448 0.79212 e
2364.25373 14.63009 0.08640 0.46599 0.88056 e
2401.97706 23.20635 0.12074 -0.21506 -0.96911 e
2497.20164 28.40082 0.91207 0.30959 -0.26886 e
2520.30093 20.80403 -0.72115 0.67314 -0.16379 e
2525.86098 28.48155 0.01346 0.88657 -0.46241 e
2626.56351 36.18288 -0.26773 0.86490 0.42458 e
2728.21749 15.22178 -0.81228 -0.17299 -0.55703 e
2777.40394 27.18677 0.99448 0.09830 -0.03680 e
2896.70022 51.31152 -0.71718 0.30373 -0.62721 e
2945.54658 5.79797 0.60753 0.36769 0.70407 e
3066.02439 30.29301 0.71664 0.57998 -0.38737 e
3176.46448 35.79917 0.59303 0.71611 -0.36811 e
3341.70022 27.34701 -0.57775 0.49273 -0.65071 e
3373.64733 21.86249 0.34833 0.09082 -0.93296 e
3413.10909 12.99298 0.82872 0.52132 -0.20358 e
3448.76086 10.61831 0.03973 -0.30045 -0.95297 e
3469.86054 25.41371 -0.36245 -0.20475 -0.90924 e
3555.99118 25.75745 -0.84935 -0.49639 -0.17944 e
3572.45674 27.68499 0.25430 -0.96045 -0.11343 e
3730.18469 45.87308 0.88846 -0.30174 -0.34582 e
3774.03951 29.67392 -0.39714 -0.76654 0.50467 e
3988.73644 13.56394 0.04464 -0.94840 -0.31393 e
4311.01796 35.93238 -0.75683 0.47867 -0.44506 e
4595.10901 46.13099 -0.12985 -0.72053 -0.68116 e
5015.77064 17.35110 -0.23644 -0.94349 0.23221 e
5155.32668 40.29290 0.43498 -0.61328 -0.65930 e
6190.18224 20.11012 -0.65055 0.17928 -0.73800 e
6775.87267 21.91262 0.49357 -0.86615 0.07850 e
7118.27643 15.66154 -0.56263 0.79922 -0.21141 e
7935.31424 17.00480 0.11553 -0.98638 0.11709 e
8161.12024 20.20549 -0.90596 -0.30863 -0.28980 e
8247.23725 13.61474 0.16055 0.92917 -0.33297 e
9646.89719 12.05259 -0.78230 -0.19603 -0.59126 e
10636.36729 19.75022 0.38142 -0.09142 -0.91987 e
10875.42416 30.43875 0.84995 0.46668 0.24453 e
11898.26598 20.94797 -0.50058 0.63346 -0.59004 e
12266.98669 11.97291 0.42266 0.90380 0.06712 e
13715.30781 9.52097 0.24806 0.85036 0.46405 e
