16.09549 49.44379 0.83968 0.50374 0.20294 eb
17.90754 86.10924 0.16904 -0.73490 -0.65677 eb
18.81398 80.98968 -0.97722 0.17359 -0.12208 eb
18.86952 77.77923 0.97076 0.09881 0.21876 eb
19.00735 51.26997 0.95010 -0.31194 0.00272 eb
19.02170 29.12585 0.21603 0.45094 -0.86601 eb
19.52919 61.39830 0.03091 0.80476 -0.59280 eb
19.67833 82.50690 -0.01437 0.12390 -0.99219 eb
19.87134 49.64180 0.44915 0.65064 0.61232 eb
20.23396 79.82779 0.02383 -0.82589 -0.56332 eb
20.56354 68.79019 -0.42353 0.82612 -0.37169 eb
20.75104 66.37045 0.87061 -0.35537 -0.34022 eb
21.21196 83.32380 -0.48861 0.85090 0.19296 eb
21.56476 86.09861 -0.67437 -0.73591 -0.06043 eb
22.06078 49.33119 0.14402 0.18769 -0.97161 eb
22.31581 67.97933 0.59135 -0.79942 0.10600 eb
22.41020 71.01410 -0.95768 0.20519 -0.20184 eb
22.44506 58.32980 0.57951 0.64481 -0.49839 eb
22.89926 32.79132 -0.79060 0.44235 -0.42342 eb
23.05500 52.66100 0.40681 0.47389 -0.78098 eb
23.08439 76.25212 0.49500 0.69129 -0.52639 eb
23.20054 60.14430 -0.11961 -0.03239 -0.99229 eb
23.45285 83.66927 -0.63599 -0.33922 -0.69315 eb
24.07049 48.04366 -0.29905 0.92592 -0.23073 eb
25.34849 19.40140 0.44720 0.83207 0.32812 eb
25.40249 41.54495 0.48276 -0.58941 0.64772 eb
25.62613 25.33024 -0.25673 0.58097 -0.77238 eb
25.65478 86.30403 -0.92019 0.00585 -0.39143 eb
25.67263 55.51205 0.78882 0.17668 -0.58868 eb
25.69448 81.33851 -0.80299 0.59205 -0.06836 eb
26.40887 57.07970 0.83736 -0.53504 0.11208 eb
26.47346 46.61685 -0.75537 -0.52930 -0.38634 eb
26.72730 53.93488 -0.69500 -0.20623 -0.68880 eb
26.79091 62.79187 0.96499 0.18835 -0.18251 eb
26.99406 71.91346 0.04220 -0.03086 -0.99863 eb
27.13678 52.82681 0.31998 -0.04052 0.94656 eb
27.21332 31.13878 -0.71808 0.51732 -0.46556 eb
27.23363 20.49171 0.21301 0.38393 -0.89846 eb
27.38669 48.57025 0.66770 -0.71061 -0.22182 eb
27.51901 82.04693 0.26842 -0.29303 -0.91765 eb
27.58435 61.05279 0.86503 0.45443 -0.21263 eb
28.77473 52.02076 0.38585 0.89950 -0.20497 eb
28.78551 68.01842 -0.56546 0.08113 -0.82078 eb
28.86932 55.24999 0.11507 0.17160 -0.97842 eb
29.00832 54.13385 0.29926 0.69952 -0.64893 eb
29.18981 38.45919 -0.40733 -0.75551 -0.51312 eb
29.19256 73.41183 -0.63300 0.74131 -0.22310 eb
29.25513 34.65948 -0.72334 0.09066 -0.68452 eb
29.28112 56.00629 0.81330 0.21526 -0.54056 eb
30.28553 60.22706 -0.01647 -0.29565 -0.95515 eb
30.43611 20.58634 -0.69615 -0.21116 -0.68614 eb
30.57654 76.53855 0.97222 0.00415 0.23403 eb
30.62725 55.36615 -0.02933 -0.38195 -0.92372 eb
30.89724 56.45303 0.89773 0.10810 -0.42707 eb
30.98798 70.27465 -0.76894 -0.44463 -0.45938 eb
32.03160 72.40010 -0.87627 -0.36948 -0.30925 eb
32.24707 63.77283 0.85346 -0.06017 -0.51767 eb
32.25018 31.22646 0.85716 0.12139 0.50055 eb
32.40033 85.03623 -0.43434 0.10587 -0.89451 eb
32.90710 11.11094 -0.58464 -0.63988 -0.49875 eb
33.12012 34.21915 -0.41575 -0.41336 -0.81011 eb
33.17282 60.83699 -0.67549 0.72709 -0.12273 eb
33.24123 34.65023 0.47019 -0.55530 -0.68598 eb
33.36265 84.52234 -0.60795 0.69107 0.39093 eb
33.37732 33.39958 -0.84986 -0.49907 0.16928 eb
33.46491 20.77174 -0.09312 0.81282 -0.57502 eb
33.62707 64.09178 -0.34546 -0.68921 -0.63691 eb
33.91923 86.25397 0.57367 -0.76507 -0.29254 eb
33.95261 88.15053 0.50355 -0.83215 -0.23228 eb
33.97347 73.80211 -0.13429 0.97705 -0.16532 eb
34.47259 63.32421 0.38577 0.68867 0.61394 eb
34.62678 82.28961 0.84854 -0.27977 -0.44912 eb
34.98812 18.80286 -0.37447 -0.05683 -0.92550 eb
35.33557 78.21760 0.74212 0.41237 -0.52840 eb
35.38471 47.65262 0.05078 -0.99057 -0.12723 eb
35.55439 67.05395 0.89384 0.32892 -0.30472 eb
36.04854 45.58168 0.65790 -0.70448 -0.26623 eb
36.06682 62.36588 0.13239 -0.02425 -0.99090 eb
36.77859 43.24553 -0.39770 0.64156 -0.65592 eb
36.88088 40.57692 0.40824 -0.30910 -0.85895 eb
37.22616 58.29320 0.75891 0.64998 -0.03968 eb
37.30340 32.40324 0.25933 0.70000 -0.66539 eb
37.30361 78.46206 0.14550 0.91597 0.37394 eb
37.47538 38.34955 -0.13693 0.82297 -0.55134 eb
37.56057 43.31084 -0.20193 0.92789 0.31344 eb
38.07960 16.20179 -0.09084 -0.03637 -0.99520 eb
38.23260 30.48092 0.41665 0.24202 -0.87626 eb
38.46838 28.24207 -0.27796 0.34436 -0.89675 eb
38.55641 70.95686 -0.70601 -0.45132 -0.54576 eb
38.60487 35.66395 -0.93613 -0.31914 -0.14767 eb
38.71539 68.54083 -0.30257 0.34256 0.88944 eb
38.89245 86.99398 0.85093 -0.50751 0.13550 eb
38.98907 49.29891 0.85426 0.31474 0.41374 eb
39.03778 17.02930 -0.53773 0.62089 0.57039 eb
39.04058 78.91549 0.53832 -0.41910 -0.73114 eb
39.11689 76.39838 0.88088 -0.46235 0.10140 eb
39.74293 57.00277 0.70143 0.52442 -0.48267 eb
39.82949 54.69255 0.72089 0.50962 -0.46969 eb
40.03651 23.52605 0.74966 -0.51264 -0.41859 eb
40.57679 75.28557 0.36381 -0.61538 0.69925 eb
40.69947 62.25180 0.70880 0.42196 -0.56529 eb
40.95552 66.51020 0.84987 0.33833 -0.40405 eb
41.07057 59.23493 -0.82279 0.56794 -0.02135 eb
41.07869 49.82428 0.64870 0.71278 -0.26669 eb
41.26463 32.22866 -0.00748 0.13007 -0.99148 eb
41.58116 21.46288 -0.88765 0.26003 -0.38008 eb
41.63850 52.33443 -0.53182 0.67928 0.50571 eb
42.27904 43.31839 -0.30738 0.35579 -0.88257 eb
42.32797 24.75782 -0.79789 -0.58051 0.16242 eb
42.33999 49.54410 0.52030 0.60713 -0.60057 eb
42.55108 81.18221 -0.51020 -0.52069 0.68453 eb
42.68661 32.50783 -0.77426 -0.52320 0.35607 eb
42.88826 57.21660 0.50551 -0.79807 -0.32794 eb
43.14409 75.42519 0.45218 0.59803 -0.66173 eb
43.28477 41.71684 0.02371 -0.37105 0.92831 eb
43.35006 10.57498 -0.80970 -0.56032 -0.17443 eb
43.40679 28.90752 0.59798 0.63242 0.49240 eb
43.46275 60.22854 0.29192 0.85205 -0.43450 eb
43.46851 39.27884 0.88359 -0.14841 -0.44413 eb
43.49765 65.69455 0.47066 0.39152 -0.79069 eb
43.64759 59.51878 0.02096 -0.57160 -0.82027 eb
43.93784 42.34081 0.50210 0.69565 -0.51377 eb
43.94299 33.05557 -0.64169 0.18871 -0.74338 eb
43.95779 54.38118 -0.77065 -0.57110 0.28274 eb
44.02679 17.40358 0.14835 0.80553 0.57369 eb
44.28999 65.44083 -0.30533 -0.94870 0.08207 eb
44.79716 17.69801 0.82112 -0.50326 0.26924 eb
44.98852 39.80346 -0.06118 -0.31908 -0.94575 eb
45.35487 78.77584 0.74351 0.34593 -0.57229 eb
45.76095 51.40252 -0.77760 0.16574 -0.60652 eb
45.91485 31.26904 -0.75188 0.07733 -0.65475 eb
46.01737 37.72742 0.55157 0.71719 -0.42592 eb
46.24322 69.62014 0.21773 0.75702 -0.61605 eb
46.27077 26.27906 -0.47311 0.87667 0.08729 eb
47.67800 82.24294 0.36374 -0.51788 -0.77427 eb
47.92860 82.84821 0.41976 -0.62734 -0.65593 eb
48.07593 21.93820 -0.09929 0.12156 -0.98761 eb
48.16982 27.88685 -0.77081 0.42773 -0.47212 eb
48.24615 53.57835 0.79940 -0.18361 -0.57206 eb
48.48451 80.36348 -0.29115 0.85447 -0.43024 eb
48.60345 62.96778 -0.69616 0.71011 0.10542 eb
48.95266 40.69576 0.11632 -0.37216 0.92085 eb
49.16236 77.89807 -0.53575 -0.34773 -0.76945 eb
49.25308 58.58964 -0.06447 0.99602 0.06155 eb
49.32128 17.86879 -0.38352 0.85092 0.35895 eb
49.92597 60.01615 -0.63015 0.44931 -0.63327 eb
50.04830 53.04877 0.08236 0.04469 -0.99560 eb
50.34433 47.59688 -0.88545 -0.46416 0.02297 eb
51.67662 59.99123 -0.30603 0.75260 -0.58305 eb
51.91582 57.71358 0.92639 0.34469 -0.15163 eb
51.97985 80.00742 -0.72846 -0.61452 -0.30285 eb
52.64066 68.30776 -0.67843 -0.21275 -0.70319 eb
52.68059 30.54234 -0.18422 -0.90674 0.37933 eb
52.85357 26.83783 0.49364 0.81805 0.29515 eb
52.97645 68.52748 0.45946 0.20317 -0.86465 eb
53.34715 62.61171 0.95931 0.01473 -0.28198 eb
53.37436 78.20495 -0.56650 -0.62501 0.53707 eb
53.49010 27.45822 0.28656 -0.54802 -0.78585 eb
54.49207 75.83730 -0.82081 0.07600 -0.56612 eb
54.51819 65.49409 -0.94497 -0.05657 0.32224 eb
54.62029 69.07324 -0.60657 -0.09695 -0.78910 eb
54.63083 48.12453 -0.87181 0.33479 -0.35758 eb
55.49607 73.95145 -0.37492 0.15177 -0.91455 eb
55.74728 28.08091 0.45778 0.84519 -0.27585 eb
55.79707 66.25435 -0.25533 0.50661 -0.82350 eb
55.92430 35.03848 0.28963 -0.84209 -0.45497 eb
56.14229 86.65660 0.22185 0.00541 -0.97507 eb
56.20743 67.70085 0.33601 -0.76958 -0.54300 eb
56.31398 35.02934 0.43094 -0.58701 -0.68535 eb
56.32732 23.81654 -0.34700 0.23133 -0.90889 eb
56.62011 65.43119 0.49715 0.19017 -0.84657 eb
56.85841 51.03896 -0.82566 -0.42847 -0.36700 eb
57.29325 52.54652 0.21680 0.82560 0.52095 eb
57.35403 43.67029 -0.10116 -0.02609 -0.99453 eb
57.37143 24.99335 -0.59040 -0.80651 -0.03123 eb
57.39755 45.09002 0.16656 -0.14840 0.97480 eb
57.60767 29.53579 -0.19784 -0.83094 -0.52000 eb
58.35090 45.09660 0.04614 0.74424 -0.66632 eb
58.73638 41.20333 0.79956 -0.40084 0.44724 eb
59.44957 52.30127 -0.55149 -0.58722 0.59248 eb
59.79564 40.26602 0.29398 -0.94830 0.11959 eb
60.08202 84.79805 -0.06432 -0.26330 -0.96257 eb
60.52138 81.46656 0.19232 0.30195 -0.93372 eb
61.13763 85.46413 -0.21417 0.80770 -0.54932 eb
61.16375 66.34580 0.17769 0.58397 -0.79209 eb
61.17789 37.97629 -0.13884 -0.05808 -0.98861 eb
61.73818 60.81949 -0.37572 0.76981 -0.51597 eb
61.96670 25.20546 -0.17322 -0.98368 -0.04873 eb
62.12344 42.40753 0.39635 -0.44309 0.80410 eb
62.29045 75.96682 0.35123 -0.47234 -0.80842 eb
62.47949 43.22697 0.20656 0.76452 -0.61061 eb
62.57770 19.15291 -0.35450 0.93504 0.00577 eb
62.62641 64.70311 0.05207 -0.76682 -0.63974 eb
62.67345 78.31610 -0.09556 0.14004 -0.98552 eb
62.68256 41.52344 -0.49170 -0.82744 -0.27125 eb
62.81678 64.42428 -0.96505 -0.08178 0.24896 eb
62.87347 65.67527 -0.39652 0.91184 -0.10638 eb
62.91632 52.76220 -0.10914 0.77437 -0.62325 eb
63.00442 60.57981 0.39129 -0.74386 0.54182 eb
63.06222 26.31460 0.97339 0.12773 0.19028 eb
63.73245 40.62193 -0.49194 0.83237 0.25523 eb
63.74230 74.15577 -0.94325 -0.12160 -0.30902 eb
63.78837 37.26611 0.73731 0.29598 -0.60726 eb
63.92949 33.67545 -0.33020 -0.92802 0.17244 eb
64.24718 57.99017 0.74966 0.44613 -0.48886 eb
64.43725 71.01587 0.89485 -0.23983 -0.37647 eb
65.43625 53.26764 -0.21488 -0.76992 -0.60088 eb
65.58466 59.36776 -0.74517 -0.61216 -0.26456 eb
65.61930 87.28251 -0.12670 -0.84431 -0.52065 eb
65.69045 43.88018 -0.96974 -0.24293 -0.02444 eb
65.90077 48.96544 0.65609 0.69007 0.30551 eb
66.03714 29.53137 0.76275 -0.41785 -0.49357 eb
66.13621 48.83883 0.78283 -0.54214 -0.30540 eb
66.55393 57.20354 0.84136 0.53201 0.09530 eb
66.79288 62.84922 0.82292 0.44243 -0.35645 eb
66.86376 47.55615 0.51977 -0.47079 -0.71288 eb
66.96794 71.36816 0.85910 0.30758 -0.40907 eb
67.10135 73.76227 -0.34369 0.54180 -0.76702 eb
68.22285 52.19717 -0.96969 0.00522 -0.24430 eb
68.62830 38.07195 0.13766 -0.85031 -0.50796 eb
68.71489 72.90945 -0.10787 0.99362 0.03294 eb
68.72631 58.94492 -0.64047 0.39524 -0.65847 eb
68.78328 62.72879 -0.57473 -0.79357 0.19983 eb
68.97370 47.77830 -0.54073 -0.56388 -0.62422 eb
69.25661 44.62978 0.35625 0.67194 -0.64930 eb
69.26888 25.98324 -0.57644 0.74272 -0.34071 eb
69.27777 45.04183 0.95561 -0.04159 -0.29167 eb
69.32456 72.06582 0.66894 -0.20082 -0.71567 eb
70.08079 87.96641 0.48749 0.46657 -0.73801 eb
70.64029 45.41472 -0.45547 0.00872 0.89021 eb
70.87225 49.49850 -0.74321 -0.49491 0.45022 eb
70.94204 65.60304 -0.99344 -0.09799 -0.05887 eb
71.06345 58.31681 0.86523 -0.48797 0.11522 eb
71.49803 31.14565 -0.14153 -0.43816 -0.88768 eb
71.74899 37.33577 -0.10742 0.80399 -0.58486 eb
72.32966 54.14476 -0.72373 -0.30865 0.61721 eb
72.57608 42.01303 -0.48035 0.71529 0.50756 eb
72.68520 33.33412 -0.24776 0.96602 -0.07359 eb
72.87000 86.80732 -0.08993 -0.99139 0.09516 eb
73.12070 39.73778 0.16965 -0.17406 -0.97001 eb
73.50355 28.83214 -0.03878 0.89889 -0.43646 eb
73.74072 70.53759 0.46572 -0.58906 -0.66038 eb
74.30271 76.51395 -0.50242 0.77533 -0.38268 eb
74.35588 37.91911 -0.63924 0.74891 -0.17465 eb
74.91127 68.29447 -0.32433 -0.82082 -0.47017 eb
74.93660 54.76362 -0.13779 -0.90889 -0.39362 eb
75.08490 64.04778 -0.60233 0.77054 -0.20847 eb
75.64718 76.17981 0.01393 -0.82077 0.57108 eb
77.49656 24.88976 -0.31693 -0.76417 -0.56179 eb
77.56580 82.25865 -0.02352 -0.38398 -0.92304 eb
77.88759 26.70356 0.78173 0.36828 0.50326 eb
77.94197 46.71102 -0.17662 -0.01575 -0.98415 eb
77.98786 24.63552 -0.83447 0.28969 -0.46875 eb
77.99444 18.19400 -0.10800 -0.59713 -0.79484 eb
78.30871 35.17645 0.80197 0.50869 -0.31318 eb
78.61387 86.27067 0.52840 0.81427 -0.24033 eb
78.62588 52.63317 0.75310 -0.65735 -0.02692 eb
78.87432 36.99354 -0.40041 0.44322 0.80201 eb
79.41275 17.01480 0.29691 -0.59157 -0.74960 eb
79.76820 32.97842 0.03885 0.99920 0.00993 eb
79.78804 39.95362 0.43901 -0.89108 -0.11511 eb
79.99929 11.58834 0.44276 -0.14839 -0.88428 eb
80.05951 62.18560 -0.06561 -0.44419 -0.89353 eb
80.40966 33.81783 0.21664 -0.20262 0.95499 eb
80.87427 74.81506 0.75836 0.04334 -0.65039 eb
81.43522 65.16617 0.37816 -0.40896 -0.83051 eb
81.46909 56.02130 0.78613 -0.54691 0.28792 eb
81.62010 62.71946 -0.80683 0.01843 -0.59050 eb
81.75685 22.99617 -0.91283 -0.25657 -0.31766 eb
81.89569 45.53633 0.86363 0.20659 -0.45985 eb
82.30712 34.70146 -0.40130 0.33025 -0.85434 eb
82.46232 56.49241 -0.33763 0.62342 0.70523 eb
82.50009 72.40890 -0.00586 0.93311 -0.35955 eb
82.67336 34.55075 -0.19462 0.96962 0.14819 eb
83.21054 26.88113 -0.51243 0.28381 -0.81048 eb
83.52140 82.71913 0.87478 0.40178 -0.27080 eb
84.11944 70.41582 -0.50616 0.45750 -0.73109 eb
84.95185 67.93415 0.15652 -0.60822 -0.77818 eb
85.39909 61.03165 0.71966 -0.43203 -0.54355 eb
86.13955 16.12494 -0.40543 0.18833 -0.89452 eb
86.86467 21.62953 0.61674 -0.64343 -0.45347 eb
87.15686 49.08053 0.67553 0.72856 -0.11344 eb
87.30537 54.33835 -0.58121 0.68858 0.43366 eb
88.46059 35.69492 0.73200 -0.51184 -0.44966 eb
89.06580 37.71139 0.18337 0.61132 -0.76984 eb
89.08849 50.88703 -0.16176 0.49842 -0.85171 eb
89.18383 58.94415 0.17323 -0.18085 -0.96813 eb
89.53989 78.02648 0.22221 -0.93067 -0.29065 eb
89.73703 36.55552 0.87287 0.44110 -0.20862 eb
90.18863 40.28122 -0.21660 0.60946 -0.76265 eb
90.63576 49.23847 -0.04432 -0.84256 -0.53678 eb
90.65295 29.73684 -0.26405 -0.56838 -0.77925 eb
90.73836 37.31226 0.99876 -0.02695 -0.04175 eb
91.13315 18.96833 0.45484 0.72141 -0.52220 eb
91.33931 29.82654 0.33091 -0.76228 -0.55626 eb
91.91955 63.14849 0.63615 0.03665 -0.77070 eb
92.40892 58.43063 -0.87226 0.08989 -0.48070 eb
92.88722 38.31442 -0.48589 -0.79932 -0.35355 eb
92.97331 71.40351 0.14568 0.04574 -0.98827 eb
93.17916 65.51078 0.91730 0.10333 -0.38455 eb
93.25441 25.41842 0.68461 -0.20076 -0.70072 eb
93.68699 17.51537 -0.54102 0.73544 0.40796 eb
93.77293 29.87221 0.68799 0.61899 -0.37884 eb
93.84906 64.23545 -0.29214 0.93882 -0.18239 eb
94.66839 33.06868 -0.16536 0.59985 -0.78284 eb
94.72698 15.23827 -0.14043 0.81597 -0.56078 eb
94.77953 40.08830 -0.38530 -0.38256 -0.83976 eb
95.20726 50.88354 -0.76790 -0.37119 -0.52206 eb
95.36405 64.65455 -0.70190 0.69307 -0.16426 eb
95.36907 49.09354 0.53387 0.07056 -0.84262 eb
96.47347 50.13417 -0.96754 0.12663 -0.21870 eb
96.53498 39.57294 0.81747 -0.55422 -0.15679 eb
96.93273 58.04728 -0.27566 -0.32412 -0.90496 eb
97.05772 23.57145 0.14359 0.36691 -0.91911 eb
97.05839 81.06902 0.70035 -0.65957 0.27291 eb
97.40140 64.19790 -0.92554 -0.11053 -0.36215 eb
97.73209 32.13016 0.53438 -0.81307 -0.23097 eb
97.79804 87.02138 0.07885 -0.28515 -0.95523 eb
98.10562 38.72531 -0.51715 0.64596 -0.56151 eb
98.75798 78.57226 0.16729 0.98536 0.03282 eb
99.30693 55.52826 -0.04948 -0.57364 0.81761 eb
99.71904 76.74137 0.69787 -0.51671 -0.49598 eb
99.78478 69.25055 0.94628 0.31759 0.06081 eb
99.91126 59.69581 -0.41987 -0.42582 -0.80149 eb
100.08868 53.99742 -0.28914 0.77865 -0.55687 eb
100.70632 23.08757 -0.01562 0.99917 -0.03766 eb
101.82530 45.01848 -0.19610 -0.29847 0.93406 eb
101.84269 36.88238 -0.60426 0.76975 0.20580 eb
102.03314 78.92688 0.28358 -0.92453 0.25461 eb
102.36898 38.79641 0.44580 0.75950 -0.47374 eb
103.58335 72.95305 -0.49699 -0.20324 -0.84362 eb
103.70989 23.87847 0.81923 0.24604 0.51800 eb
103.71441 40.00884 -0.61867 -0.63448 -0.46333 eb
104.31257 51.50406 0.57476 0.77934 -0.24955 eb
104.61016 28.40602 -0.76535 -0.49213 0.41479 eb
104.65397 57.09899 0.15289 0.18677 -0.97043 eb
105.69916 54.68074 0.23611 -0.97140 -0.02514 eb
106.33036 65.09572 -0.76130 0.53711 0.36323 eb
106.83514 21.60867 0.89119 -0.43626 -0.12431 eb
107.09435 80.88179 -0.83086 0.35017 -0.43251 eb
108.17108 57.54989 0.37301 0.87642 -0.30456 eb
108.19645 40.85153 0.39938 0.11948 0.90897 eb
108.24852 62.97168 0.45716 -0.88549 -0.08319 eb
108.41133 64.23052 -0.41929 0.62773 0.65586 eb
108.44710 46.33047 0.82960 0.27968 -0.48326 eb
109.10206 27.99655 -0.04343 -0.79866 -0.60021 eb
109.34448 39.98688 0.01536 0.05092 0.99858 eb
110.06207 14.62881 -0.24513 0.77856 0.57772 eb
111.32156 35.63618 -0.02482 0.89559 0.44419 eb
112.61189 39.99107 0.68032 0.55480 -0.47892 eb
112.85232 49.94131 0.13747 0.78398 0.60537 eb
113.16479 51.90738 -0.99567 0.06814 0.06325 eb
113.25176 28.73240 -0.89686 -0.01691 -0.44198 eb
113.62406 49.08495 0.40571 -0.28857 -0.86725 eb
113.86226 69.37663 -0.82113 -0.07681 -0.56556 eb
113.92473 84.88346 -0.88533 0.40340 -0.23122 eb
114.74030 28.64859 0.12730 -0.45919 -0.87917 eb
114.90590 28.55203 0.80733 0.56123 0.18234 eb
115.03654 50.20023 -0.47386 0.84597 -0.24454 eb
115.87638 38.85983 0.36993 -0.92896 -0.01391 eb
116.16049 78.09306 -0.28647 0.85732 0.42772 eb
117.80186 85.91862 0.81978 -0.37115 -0.43612 eb
118.58870 63.75228 0.64620 -0.68042 -0.34563 eb
119.10120 66.86310 0.41854 0.63004 0.65412 eb
119.87597 84.50541 0.06056 0.47289 -0.87904 eb
121.18766 61.04680 -0.07771 -0.64447 -0.76067 eb
121.59602 35.87350 -0.37144 -0.60816 -0.70155 eb
121.86599 66.27675 -0.87415 -0.47148 -0.11645 eb
122.45923 59.99287 -0.52514 -0.75346 -0.39563 eb
124.12134 24.78526 -0.70364 0.69198 -0.16139 eb
124.36543 20.15510 -0.64191 -0.12512 -0.75650 eb
124.40107 26.39373 -0.29679 -0.92058 -0.25388 eb
124.89715 33.61171 0.47265 0.40724 -0.78151 eb
126.11478 35.01284 -0.48358 0.39832 -0.77942 eb
126.30817 59.75762 -0.65072 -0.15701 -0.74290 eb
126.48342 42.65677 -0.75062 0.27062 -0.60278 eb
126.56735 39.43411 0.12008 0.12550 -0.98480 eb
126.84993 23.92445 0.28666 -0.83259 -0.47394 eb
127.14003 34.21813 0.55569 -0.82425 -0.10872 eb
127.52636 17.88418 0.50087 0.05524 -0.86376 eb
127.60609 45.44979 0.36019 -0.06508 -0.93061 eb
127.64005 45.76283 -0.99613 0.03178 -0.08193 eb
127.67494 66.82435 -0.76458 0.27728 -0.58184 eb
127.68288 47.36509 -0.93465 0.12339 0.33347 eb
127.70858 53.77330 0.20793 0.26541 -0.94145 eb
127.91116 49.12457 0.59419 -0.66169 -0.45727 eb
128.02782 34.37314 0.82790 0.46767 -0.30961 eb
128.14653 37.95848 -0.61619 0.09391 0.78198 eb
128.43096 34.02369 0.01538 0.00660 -0.99986 eb
128.75271 53.77078 0.12679 -0.87153 -0.47367 eb
130.06921 41.83836 0.31353 -0.39052 -0.86556 eb
130.32656 79.57856 -0.93945 -0.00895 0.34257 eb
130.87947 58.59619 -0.86642 -0.48612 -0.11403 eb
131.34064 36.33284 0.68220 0.36987 -0.63071 eb
131.98489 77.16841 -0.59691 -0.64944 -0.47108 eb
132.08357 81.94603 0.43320 -0.08022 -0.89772 eb
132.80604 32.64895 0.72373 0.07237 -0.68628 eb
133.23826 29.37230 0.56164 -0.77862 0.27985 eb
133.63720 46.95717 0.78198 -0.37664 0.49664 eb
133.74118 27.39275 -0.38860 0.90823 -0.15527 eb
133.80390 60.48326 0.29152 0.34481 -0.89226 eb
134.59503 49.35301 -0.28786 -0.79737 -0.53041 eb
135.08845 13.32845 0.38697 -0.35059 -0.85285 eb
135.11310 85.87287 0.03524 -0.48858 -0.87181 eb
135.16595 28.33474 -0.09727 -0.80155 -0.58996 eb
135.88400 82.50541 -0.95731 0.03048 0.28747 eb
136.42354 35.30277 -0.23333 0.07004 -0.96987 eb
136.87905 30.82808 -0.22782 0.70937 -0.66700 eb
138.10283 73.12502 -0.03710 -0.30528 -0.95154 eb
138.89806 29.63867 0.56587 0.13633 0.81315 eb
139.19163 29.27280 0.07911 -0.90706 0.41351 eb
139.23877 37.13135 0.62057 -0.69741 -0.35850 eb
139.35120 45.33595 0.42090 0.82368 0.37999 eb
139.90936 49.88540 -0.09649 -0.98202 -0.16225 eb
140.05588 28.50239 -0.05415 -0.77133 -0.63413 eb
140.11279 49.60191 -0.87631 0.18534 0.44467 eb
140.27055 58.18581 -0.55592 0.76339 -0.32892 eb
140.45403 44.94054 -0.05591 -0.95688 -0.28507 eb
140.63892 50.51192 0.34187 -0.92158 -0.18386 eb
141.35751 72.86284 0.32214 0.42475 -0.84606 eb
141.53938 42.05596 0.24841 -0.68994 -0.67991 eb
142.25759 30.00259 -0.05741 0.40917 -0.91065 eb
143.29556 31.37336 -0.07140 -0.22459 0.97183 eb
144.94794 56.71776 0.34951 -0.46797 -0.81169 eb
145.18324 52.64762 -0.96997 -0.02928 0.24144 eb
145.28447 27.21123 0.23138 -0.62791 0.74310 eb
145.34781 42.30045 0.80379 0.54804 -0.23147 eb
146.79944 23.19536 -0.76062 -0.63788 -0.12072 eb
146.85388 50.95964 -0.77998 0.59168 0.20381 eb
146.92135 23.47225 -0.65692 -0.58402 -0.47684 eb
147.57887 19.15516 -0.22232 0.62676 -0.74683 eb
147.77824 78.72796 0.68159 0.48405 -0.54876 eb
147.87947 36.50001 -0.43540 0.34151 0.83295 eb
148.27877 31.26980 -0.83957 -0.49375 -0.22655 eb
148.69446 58.68500 -0.63514 0.48247 -0.60318 eb
149.19075 46.80415 0.91796 0.28184 -0.27915 eb
149.45523 36.48390 0.68183 -0.44361 -0.58165 eb
149.91048 51.04484 0.35763 0.07728 -0.93066 eb
149.93785 79.90578 -0.87694 0.01332 -0.48041 eb
149.95570 24.30598 -0.49217 -0.86944 -0.04308 eb
150.08488 57.46315 -0.10450 0.79995 0.59090 eb
150.11767 45.78007 0.87689 -0.17443 -0.44793 eb
151.36034 19.47804 0.57384 -0.79683 0.18915 eb
151.73167 38.18079 0.26961 0.04346 -0.96199 eb
151.90764 74.02261 -0.19679 0.51241 -0.83589 eb
152.31596 58.10532 0.58766 -0.51769 -0.62182 eb
152.48530 54.37482 -0.76178 0.57269 0.30285 eb
152.50224 60.99516 0.88193 0.22052 -0.41661 eb
152.51860 28.18977 -0.04703 0.30785 -0.95027 eb
153.40610 30.26407 -0.25278 0.01635 -0.96739 eb
153.48375 60.24453 -0.46973 -0.73629 0.48706 eb
153.50334 48.01765 -0.87627 -0.35651 -0.32411 eb
155.09442 39.54437 -0.78634 -0.60181 -0.13961 eb
155.11515 64.67504 -0.62527 0.40928 -0.66448 eb
155.25725 74.02363 -0.30777 0.90958 -0.27920 eb
155.26133 70.23909 0.59764 0.77663 0.19920 eb
155.34997 15.92520 -0.27128 -0.32694 -0.90527 eb
155.76204 32.27996 0.10997 -0.99387 -0.01114 eb
155.79662 18.18197 0.17123 0.26011 -0.95028 eb
156.96136 49.02525 -0.24207 0.29694 -0.92370 eb
158.34423 72.90215 -0.49090 -0.65335 -0.57633 eb
158.40758 33.31811 0.00199 0.79060 -0.61233 eb
158.40865 26.70647 -0.87544 -0.25984 -0.40755 eb
158.63125 17.64031 0.80587 -0.50740 -0.30516 eb
158.95390 80.36035 -0.45024 -0.83030 0.32847 eb
159.10927 51.06585 0.70867 0.65184 -0.26998 eb
159.28649 82.83209 -0.05755 -0.30012 -0.95216 eb
160.04038 47.07654 -0.80285 -0.53224 0.26860 eb
160.75934 43.10445 -0.73227 -0.55701 -0.39181 eb
160.78817 9.22326 -0.38358 -0.90148 0.20048 eb
160.92270 37.79067 -0.09215 0.66432 -0.74174 eb
160.94868 53.38318 0.05436 -0.73215 -0.67897 eb
161.15041 17.97474 0.06445 0.99703 -0.04205 eb
161.24464 68.74152 -0.86994 0.40844 0.27637 eb
161.54976 21.84354 -0.56330 -0.44387 -0.69691 eb
162.50585 36.05258 -0.22981 0.12370 -0.96534 eb
163.02401 25.18247 0.46276 -0.86233 0.20551 eb
163.25268 48.70858 0.59173 -0.05799 -0.80405 eb
163.38437 53.51285 -0.71157 -0.49561 -0.49804 eb
163.88718 35.55869 -0.89907 -0.08994 -0.42847 eb
164.23745 11.83189 -0.86585 0.11613 0.48664 eb
164.54098 43.40216 -0.69230 -0.12565 -0.71059 eb
165.02332 50.37735 -0.93609 0.29295 -0.19470 eb
165.07073 34.24973 0.63103 0.76587 0.12347 eb
165.31311 59.22978 0.06795 0.96947 -0.23560 eb
166.34238 47.95633 0.17526 0.66075 -0.72986 eb
166.62199 13.00541 0.00116 -0.97955 -0.20122 eb
170.45269 37.21518 -0.26763 0.42972 -0.86239 eb
170.91110 77.68568 -0.97466 0.21098 -0.07432 eb
171.35618 67.55442 0.69627 -0.62912 0.34557 eb
172.66032 70.58684 0.42263 0.09845 -0.90094 eb
174.12975 51.40369 -0.84647 -0.52746 0.07268 eb
175.05799 13.60494 0.20025 -0.63853 0.74308 eb
175.20241 88.56420 -0.55839 -0.82680 -0.06785 eb
175.35828 29.84229 -0.65367 0.43063 0.62231 eb
175.64347 77.54970 0.17357 -0.79289 -0.58412 eb
176.50086 29.89382 0.19516 -0.77826 -0.59684 eb
178.06941 38.46563 -0.32528 -0.35052 -0.87825 eb
178.25895 14.59155 0.42582 -0.23806 0.87293 eb
178.29430 33.18359 0.11650 0.94467 0.30662 eb
178.67660 46.90717 0.78897 0.38931 -0.47536 eb
178.87504 79.45106 0.76093 0.58332 -0.28411 eb
179.06580 32.27704 0.53606 -0.76684 0.35297 eb
179.81700 83.59797 0.37981 -0.41283 -0.82784 eb
179.90950 30.40685 0.95424 -0.20206 -0.22046 eb
180.03761 30.59595 0.99408 0.10512 0.02736 eb
180.72117 24.36402 -0.10386 0.09384 0.99016 eb
181.20189 31.03817 0.98880 -0.14117 0.04839 eb
181.20427 70.99446 -0.04166 -0.99212 -0.11816 eb
182.35595 77.32531 -0.63340 -0.16529 -0.75596 eb
182.51598 24.46700 -0.95185 0.12298 0.28080 eb
182.72170 31.10246 -0.70398 0.63934 -0.30930 eb
183.04196 16.77919 -0.72840 0.36606 0.57916 eb
183.46041 31.78365 0.85648 -0.40079 -0.32528 eb
183.70044 49.43818 0.36228 -0.92811 0.08584 eb
183.87553 87.69320 0.28376 0.48741 -0.82578 eb
183.91040 63.22631 0.32409 -0.93071 -0.16956 eb
184.14089 20.76542 0.70387 0.69002 -0.16865 eb
184.57794 35.10249 0.80859 0.06049 0.58525 eb
185.94719 42.22497 -0.46031 0.75854 -0.46123 eb
185.99924 24.24063 -0.99258 0.04068 -0.11456 eb
186.21113 22.89612 -0.38801 -0.74732 -0.53941 eb
186.21360 82.96116 0.42398 0.30373 -0.85323 eb
186.29202 44.62920 -0.04270 -0.83946 -0.54175 eb
186.64834 74.24536 -0.48797 -0.65068 -0.58181 eb
187.00796 59.88080 -0.66084 0.53413 0.52725 eb
187.85439 63.96468 0.43743 0.03700 0.89849 eb
188.23418 27.45288 -0.19948 0.90504 0.37564 eb
188.47765 28.68311 -0.90486 -0.38900 -0.17293 eb
188.69724 22.34114 0.02266 0.94319 0.33147 eb
191.55663 51.88801 0.59399 -0.41629 -0.68839 eb
192.39468 24.76644 -0.97816 -0.15288 0.14081 eb
192.67845 85.62916 0.16390 -0.05557 -0.98491 eb
193.10953 57.75270 0.13388 0.57648 -0.80607 eb
194.79808 40.61104 -0.15406 -0.01405 -0.98796 eb
195.34930 35.10146 -0.27823 -0.18095 -0.94332 eb
197.07482 43.45805 -0.40495 0.88273 0.23834 eb
197.08951 39.82726 -0.32685 -0.58273 0.74404 eb
197.10006 13.96464 -0.74080 0.55548 -0.37770 eb
198.18061 15.62113 0.32079 0.82037 -0.47338 eb
200.81970 58.26598 0.41872 0.81561 -0.39931 eb
201.39561 53.79197 0.44391 0.07254 -0.89313 eb
202.18306 29.84681 -0.66014 -0.42787 -0.61736 eb
203.16197 30.32932 -0.34789 0.93604 -0.05288 eb
203.26570 57.32314 0.61137 -0.03234 -0.79068 eb
205.10062 40.80023 0.15335 0.20930 -0.96575 eb
205.98277 25.41090 -0.58046 -0.54588 0.60422 eb
206.18134 51.45919 0.87274 0.25050 0.41902 eb
206.92612 35.03359 0.99255 -0.02387 -0.11944 eb
208.00388 41.54685 -0.27488 0.90803 -0.31612 eb
209.63747 26.66179 -0.53538 0.71868 -0.44370 eb
211.16447 77.19014 -0.88107 0.42547 -0.20661 eb
212.01989 12.25700 0.12125 -0.97116 -0.20528 eb
213.81626 40.47382 0.20726 0.23014 -0.95083 eb
214.32608 33.00727 -0.79300 -0.32889 -0.51281 eb
214.93390 18.46253 -0.23126 -0.87955 0.41582 eb
215.34073 51.56675 -0.44272 -0.89644 -0.01988 eb
215.43694 37.21447 -0.29886 -0.12343 -0.94628 eb
216.01909 61.29451 0.94264 0.23245 0.23958 eb
216.52205 19.75673 0.31703 0.94246 -0.10613 eb
217.45340 88.04552 0.87615 0.47104 0.10236 eb
217.54906 63.01678 0.47918 -0.62937 0.61178 eb
217.90755 30.30700 -0.44618 0.43172 -0.78392 eb
218.50225 51.23248 -0.41435 -0.67379 -0.61182 eb
218.95812 24.80757 -0.28173 -0.29475 -0.91310 eb
219.39110 77.63852 0.30467 0.88144 0.36088 eb
219.44669 26.11402 0.26723 0.82733 -0.49407 eb
220.11384 39.31252 -0.06633 -0.80922 -0.58375 eb
222.70119 77.71404 -0.61463 0.17822 -0.76842 eb
222.79338 20.11807 -0.17030 -0.94927 0.26436 eb
223.66736 43.29508 0.33907 0.76723 -0.54442 eb
223.73010 35.88666 0.05651 -0.79006 -0.61042 eb
223.80789 18.84525 -0.19509 0.21281 -0.95742 eb
223.89254 16.00168 0.56793 -0.80503 0.17143 eb
224.70349 73.02078 -0.72567 0.55796 0.40260 eb
224.98423 13.03300 -0.98261 0.18500 0.01588 eb
225.94596 31.84421 0.89173 0.11057 0.43886 eb
225.99615 57.38172 -0.10224 0.83105 0.54672 eb
228.21503 39.08946 -0.73200 -0.17638 -0.65808 eb
228.72966 53.30686 0.30839 0.94134 0.13700 eb
229.23183 40.35194 -0.44294 -0.69078 -0.57151 eb
230.12806 21.69411 0.14674 0.69247 -0.70637 eb
231.59113 36.68305 0.87468 -0.15524 -0.45917 eb
231.95213 37.31497 -0.33702 0.76856 -0.54381 eb
232.30926 22.36502 -0.98214 -0.04340 0.18309 eb
232.32219 76.51978 -0.31219 -0.84525 -0.43368 eb
233.62508 40.79589 0.80367 -0.34112 0.48760 eb
235.38406 53.13046 0.78150 -0.41218 -0.46837 eb
235.61475 73.97002 0.16958 -0.97465 0.14591 eb
236.33189 37.94146 0.76017 -0.27335 0.58942 eb
237.82442 31.35114 -0.64128 -0.76274 -0.08362 eb
239.10597 18.44933 -0.59224 -0.80418 -0.05051 eb
239.50878 48.07766 -0.26807 0.10166 -0.95802 eb
240.28777 75.44786 -0.07317 0.52820 -0.84596 eb
240.39968 35.66870 -0.90053 0.36861 0.23058 eb
241.82344 28.87474 -0.94874 -0.17998 -0.25981 eb
242.17067 49.62053 -0.78565 -0.18995 0.58879 eb
242.23835 68.55152 0.40159 0.80287 -0.44060 eb
242.25672 57.53006 -0.99507 -0.05454 -0.08286 eb
243.94761 25.51480 -0.06482 -0.59903 0.79810 eb
244.06439 30.47948 0.41882 -0.89341 -0.16248 eb
244.60522 49.45797 0.61030 0.73783 -0.28833 eb
244.68373 55.89665 -0.15084 0.21064 -0.96586 eb
244.82932 29.77078 -0.41948 0.01209 0.90769 eb
245.38334 76.00771 0.15449 -0.01208 -0.98792 eb
246.63161 48.14743 0.91084 0.39750 -0.11123 eb
247.46713 34.13450 0.44746 -0.68802 0.57133 eb
247.80740 27.50329 -0.44594 0.85128 0.27652 eb
247.95478 18.07601 0.78748 -0.48426 -0.38128 eb
248.88863 40.76528 -0.00149 0.71672 -0.69736 eb
249.84636 27.25044 0.12990 -0.94062 -0.31362 eb
250.43306 58.43769 -0.81920 -0.26358 -0.50935 eb
250.57054 17.55954 0.51176 0.82862 0.22692 eb
250.99759 70.81547 -0.60711 0.26362 -0.74961 eb
251.79495 29.93875 0.48703 -0.06435 0.87101 eb
252.58800 67.75765 -0.92982 0.31976 0.18217 eb
253.05076 17.20647 -0.19889 0.98002 0.00117 eb
255.74550 30.32650 0.37032 -0.77538 -0.51152 eb
256.63776 26.74859 0.37821 -0.89496 -0.23666 eb
259.21377 62.75692 0.05189 -0.48493 0.87301 eb
259.29306 43.14476 -0.67529 0.53337 -0.50941 eb
260.42468 11.38252 -0.26498 -0.48762 0.83187 eb
261.07420 61.19455 -0.41437 -0.49049 -0.76663 eb
261.30004 55.43537 -0.72952 -0.44127 -0.52257 eb
261.42122 34.74872 0.11147 0.72520 0.67945 eb
261.42939 34.53646 0.12070 0.70031 -0.70356 eb
261.70102 15.37559 -0.81470 0.48610 -0.31618 eb
262.19256 83.63418 -0.46153 -0.85324 -0.24286 eb
262.71322 55.78623 0.54889 0.57140 0.61010 eb
263.06682 43.56702 -0.98616 -0.15344 0.06281 eb
263.38638 25.19491 -0.85234 0.47979 0.20812 eb
264.44424 47.51440 0.70447 -0.13235 -0.69728 eb
264.73216 47.48992 -0.67042 0.67012 -0.31856 eb
264.91424 26.50902 -0.99931 -0.00487 0.03677 eb
265.28563 51.48361 -0.59612 0.63256 -0.49448 eb
265.52887 77.23959 0.62237 -0.21934 -0.75136 eb
266.86095 44.79311 -0.11388 0.94009 -0.32134 eb
267.69119 29.48090 0.64001 -0.76348 0.08645 eb
267.81997 24.38818 0.50511 -0.39012 0.76985 eb
268.13839 58.39278 0.20508 0.40681 -0.89020 eb
268.63704 59.00061 -0.34318 -0.87832 -0.33283 eb
268.76679 21.65571 -0.82673 -0.10663 0.55241 eb
269.34342 85.97491 -0.74026 -0.43919 0.50905 eb
270.98373 75.08759 -0.79862 0.20417 -0.56615 eb
271.68148 32.23847 0.64417 0.76261 0.05887 eb
273.06851 55.45227 0.03230 -0.30919 -0.95045 eb
275.16975 13.64616 0.06843 -0.79593 -0.60151 eb
275.66853 16.22435 0.21453 -0.94098 0.26178 eb
276.35574 87.88480 0.65171 -0.59067 0.47579 eb
277.69775 19.41552 -0.90324 -0.24965 -0.34904 eb
278.76798 77.34951 0.37534 0.92279 -0.08706 eb
280.02369 29.54270 0.12567 -0.31741 -0.93992 eb
280.18680 81.74116 -0.17448 0.94027 -0.29232 eb
280.21330 27.61201 0.53539 0.84460 0.00238 eb
280.30407 39.53176 0.03237 -0.90725 -0.41934 eb
280.30625 82.24441 0.50891 -0.08739 -0.85637 eb
281.99210 31.23485 0.30548 0.93461 -0.18217 eb
282.11882 46.23182 0.23055 0.77243 -0.59177 eb
282.61279 30.76724 0.99440 -0.10003 0.03402 eb
282.98509 24.98362 -0.57063 0.74207 -0.35172 eb
283.30709 23.65530 -0.50937 -0.49732 0.70229 eb
284.10693 49.80394 -0.44702 -0.69722 -0.56041 eb
284.38854 51.29715 -0.39141 0.67055 -0.63021 eb
286.15291 41.15740 0.92138 0.08513 -0.37923 eb
287.10409 58.60535 0.71988 -0.55079 -0.42239 eb
287.14978 73.82360 -0.13870 0.94209 -0.30533 eb
288.94613 31.62809 -0.44828 -0.14182 -0.88257 eb
290.12200 37.91600 -0.65680 -0.67917 -0.32763 eb
291.18941 16.09779 0.14984 0.98079 -0.12487 eb
292.94311 38.95571 0.24924 0.16309 -0.95461 eb
295.15444 77.76045 0.13364 -0.92340 -0.35983 eb
296.55094 43.27050 -0.72443 0.14905 -0.67304 eb
296.57907 44.10335 0.17583 0.91999 0.35030 eb
298.31287 37.88964 0.37005 -0.86542 -0.33781 eb
298.69789 31.61597 -0.86971 -0.48268 0.10304 eb
298.71287 72.42103 -0.06500 -0.21718 -0.97396 eb
299.25039 44.16306 0.49290 0.40160 -0.77186 eb
299.38370 52.11701 -0.86506 0.47046 0.17420 eb
299.47913 42.96776 0.57855 0.41155 0.70421 eb
300.04081 42.64042 0.49725 0.45838 -0.73664 eb
300.74309 41.21410 0.50219 0.65821 -0.56086 eb
300.81258 42.39827 -0.94686 0.31604 0.05977 eb
301.66802 49.29086 0.78840 -0.39947 -0.46782 eb
301.69098 20.18231 -0.90338 0.01792 -0.42846 eb
303.16673 33.23535 0.15589 -0.92998 -0.33291 eb
303.91797 52.01762 0.34634 0.21047 -0.91419 eb
304.04345 55.99487 -0.10615 0.82481 -0.55536 eb
304.35363 46.51590 0.57237 -0.01862 -0.81978 eb
305.49736 78.53664 -0.77457 0.61093 0.16370 eb
305.99198 39.88982 -0.17063 0.87274 -0.45739 eb
306.08199 48.05180 0.15433 0.74032 -0.65430 eb
306.77247 47.83911 0.90944 0.35129 -0.22253 eb
307.02310 68.40116 -0.95904 -0.25722 0.11869 eb
309.01912 45.85039 -0.94914 0.17351 0.26275 eb
309.70675 40.91887 0.17024 0.38034 -0.90904 eb
310.01339 68.88817 0.08093 0.95107 -0.29818 eb
310.37390 79.42182 -0.19757 -0.28731 -0.93724 eb
311.46939 14.16906 -0.52954 0.30524 -0.79146 eb
312.28355 74.12625 0.72085 -0.66692 -0.18867 eb
313.13940 44.26108 0.31880 0.59687 -0.73629 eb
314.09600 15.47268 -0.21918 -0.20221 -0.95450 eb
315.82369 43.20464 -0.23612 -0.13665 -0.96207 eb
315.98262 38.80769 0.18481 -0.25661 0.94868 eb
316.09763 52.36815 0.47047 0.14574 -0.87030 eb
317.49960 59.65755 0.59298 -0.50927 0.62371 eb
318.44149 31.39401 0.11753 -0.80947 0.57528 eb
318.46640 23.37282 0.24613 -0.93925 -0.23925 eb
319.73610 50.55715 -0.92340 -0.33616 0.18531 eb
320.22085 35.20357 0.09759 -0.31137 -0.94527 eb
320.36136 68.05479 0.69593 0.15002 -0.70227 eb
321.65312 39.86484 -0.05565 -0.43364 -0.89937 eb
321.98078 26.38117 -0.30372 0.63633 -0.70911 eb
322.97631 68.71150 -0.07403 -0.92430 -0.37442 eb
323.92543 53.21825 -0.35011 0.67766 -0.64669 eb
324.57760 49.41046 0.52012 0.82637 -0.21587 eb
324.66934 28.46671 0.53431 -0.76280 -0.36419 eb
324.88492 37.17568 0.18407 0.87799 -0.44187 eb
325.11689 31.06693 -0.85275 0.20610 0.47994 eb
325.47630 46.30442 0.64537 -0.44141 -0.62342 eb
325.63328 48.96611 0.09581 0.67425 -0.73227 eb
327.12562 86.58291 -0.74530 -0.04002 0.66553 eb
327.30062 27.05528 0.50750 -0.59109 -0.62694 eb
327.41061 39.07142 0.65141 -0.54845 -0.52428 eb
329.26354 33.03879 -0.64045 0.34587 -0.68571 eb
329.76583 52.48408 0.44797 0.11797 -0.88623 eb
330.30747 23.38183 0.80088 -0.06548 -0.59523 eb
330.40726 64.62330 0.42811 -0.75099 -0.50273 eb
330.99185 61.39251 -0.14047 -0.73235 -0.66628 eb
332.10227 35.00708 0.49847 0.30607 -0.81108 eb
333.28176 32.18225 0.45336 -0.22162 -0.86333 eb
334.55339 74.92424 -0.47478 -0.34274 -0.81063 eb
335.49763 18.51072 -0.53968 -0.09479 -0.83652 eb
336.17523 58.51820 0.63027 0.73329 0.25504 eb
336.49891 80.28280 -0.58459 0.54333 -0.60254 eb
336.88125 28.26071 0.70567 -0.39411 -0.58882 eb
337.27685 32.16816 -0.15278 0.81566 -0.55800 eb
337.46575 44.10145 -0.88958 -0.30629 -0.33887 eb
337.77311 39.85506 -0.74808 0.62503 -0.22298 eb
342.89648 32.01509 -0.77300 -0.27531 -0.57155 eb
344.56220 27.61276 0.55082 0.74948 -0.36727 eb
345.37150 22.98597 0.07247 0.91026 0.40764 eb
346.28205 68.04892 0.81930 -0.49366 -0.29162 eb
346.58589 38.42866 -0.66231 -0.19408 0.72366 eb
347.43592 40.34912 -0.98109 0.08086 -0.17585 eb
347.91469 58.92478 -0.63105 -0.76760 0.11208 eb
348.21763 45.62821 -0.56869 -0.41106 -0.71248 eb
348.29605 34.99060 -0.68336 -0.70595 0.18614 eb
349.23935 42.86181 -0.65872 -0.47464 -0.58378 eb
350.21350 28.81854 -0.15979 0.40917 0.89836 eb
351.74490 58.44412 0.15652 0.61641 -0.77171 eb
352.02532 30.68631 -0.62043 -0.14609 -0.77053 eb
352.18054 27.74119 0.16732 -0.84747 0.50379 eb
354.34056 57.27879 -0.99398 0.07913 0.07571 eb
354.88564 82.29202 -0.20391 -0.97896 -0.00735 eb
355.05602 31.22702 -0.25457 0.14561 0.95603 eb
358.04108 31.85100 0.41649 0.13751 0.89868 eb
358.50199 47.68396 -0.62106 0.51513 -0.59069 eb
360.24744 56.46049 0.28096 -0.31515 -0.90650 eb
360.35214 19.35577 0.98331 0.04731 -0.17570 eb
361.74039 58.76560 0.70382 0.61008 0.36391 eb
363.79578 48.68286 0.04268 0.17128 -0.98430 eb
363.82816 40.01073 -0.89439 0.15877 -0.41816 eb
373.49331 31.53754 -0.91916 -0.13502 -0.37001 eb
374.03200 10.12080 0.18274 0.34154 -0.92193 eb
376.21113 58.58161 -0.61451 0.21970 -0.75770 eb
376.39599 9.73328 0.56720 -0.56579 -0.59846 eb
382.15323 30.03081 0.29215 0.29712 -0.90905 eb
383.19544 33.47600 0.55084 0.45253 0.70128 eb
383.92729 13.09849 -0.43547 -0.76168 -0.47980 eb
385.19022 19.43036 0.93296 0.12293 -0.33833 eb
396.25981 34.38295 -0.84797 -0.41870 -0.32501 eb
399.49799 29.76252 -0.74594 0.64109 -0.18048 eb
403.10867 20.50145 -0.60269 -0.43406 -0.66959 eb
413.58728 34.31612 0.28630 0.39534 -0.87278 eb
416.32452 35.32428 -0.49463 0.78080 -0.38169 eb
418.55997 26.69532 -0.32721 0.77291 0.54364 eb
435.62878 17.75413 -0.09280 0.96470 0.24648 eb
438.77123 16.81943 -0.49239 -0.04023 0.86944 eb
441.07471 18.82706 -0.17348 0.71509 -0.67717 eb
458.63932 41.13931 -0.00112 0.51645 -0.85632 eb
460.95821 26.52049 0.66602 0.28441 -0.68959 eb
465.27752 19.43415 0.70676 0.68137 -0.19031 eb
480.82680 32.02688 -0.93360 -0.22454 0.27923 eb
503.41586 36.87033 -0.27117 -0.17135 -0.94716 eb
503.67321 23.33272 0.00890 0.98950 0.14429 eb
512.77755 16.84157 0.78910 0.21011 -0.57721 eb
518.99984 17.65727 0.27447 0.60697 -0.74582 eb
522.14167 26.85373 0.45087 -0.20690 -0.86828 eb
523.45069 24.31648 0.70126 -0.55372 0.44903 eb
524.21116 35.23652 0.66279 0.74495 -0.07585 eb
526.99105 17.31229 -0.24915 -0.86637 0.43281 eb
536.36912 30.15346 0.27984 -0.82526 -0.49055 eb
540.09439 41.77747 0.42098 -0.69026 -0.58848 eb
546.62935 14.82929 -0.99493 0.10007 0.01042 eb
549.81463 34.00429 -0.22278 -0.70881 -0.66930 eb
584.04791 33.71346 -0.75857 -0.29722 0.57985 eb
585.08738 19.69460 -0.81394 -0.14899 -0.56152 eb
591.86596 28.31652 -0.70553 0.51422 -0.48765 eb
594.71521 24.63380 0.89999 0.43552 -0.01864 eb
601.01286 33.70231 0.95576 0.17466 -0.23666 eb
603.83066 11.11799 -0.07509 0.79760 0.59849 eb
609.47763 11.33864 -0.21108 0.93949 -0.26982 eb
621.45237 20.41483 -0.66180 -0.12367 -0.73941 eb
621.83294 9.00787 -0.40259 -0.82719 -0.39201 eb
627.96854 17.19807 -0.41486 -0.79517 -0.44227 eb
653.97252 27.99736 0.08375 0.74584 -0.66084 eb
668.49628 16.33572 -0.65386 -0.16309 -0.73883 eb
678.79112 41.33681 0.40967 -0.69542 -0.59040 eb
691.48142 20.60428 -0.94889 0.30972 0.06072 eb
692.72787 24.72761 -0.51311 0.71644 0.47268 eb
695.77422 18.49870 0.46608 0.87985 0.09290 eb
706.49674 16.87027 -0.44339 0.78524 0.43221 eb
715.90766 15.82896 0.85001 0.51953 0.08703 eb
718.17013 32.39445 -0.06917 0.99105 0.11420 eb
719.33983 15.90399 -0.28062 -0.00903 -0.95978 eb
737.64657 10.00236 0.94070 -0.21722 -0.26056 eb
759.33451 10.20422 -0.61246 0.53732 0.57981 eb
770.64191 9.23924 0.10321 0.98014 -0.16930 eb
791.09841 30.17624 -0.37395 0.83399 0.40575 eb
810.30432 12.20582 0.17733 0.36979 0.91204 eb
839.10381 15.38139 -0.11025 -0.80348 -0.58503 eb
846.83676 49.74440 -0.84563 0.46179 -0.26769 eb
852.69115 21.89384 0.17617 -0.76987 -0.61340 eb
909.59742 36.24771 -0.70129 -0.11719 0.70318 eb
930.91468 22.15118 0.55271 0.81621 -0.16827 eb
988.61759 30.55794 0.66438 -0.53573 -0.52114 eb
1009.77500 35.03300 0.87609 0.41423 0.24673 eb
1052.07629 40.14601 0.49492 0.76878 -0.40500 eb
1062.18998 13.22393 -0.70399 0.42442 0.56945 eb
1067.34759 43.20993 -0.82128 0.53340 -0.20245 eb
1085.58680 21.50802 0.05719 -0.67333 0.73713 eb
1092.09870 27.87377 0.83601 -0.45884 -0.30093 eb
1102.74141 17.28263 0.65095 -0.72346 0.22991 eb
1116.74573 20.84077 -0.76104 -0.07768 -0.64404 eb
1122.26967 21.78157 -0.58823 0.77603 -0.22751 eb
1140.46558 9.06890 -0.66904 -0.74287 0.02306 eb
1170.10092 31.83896 0.61776 -0.18739 -0.76371 eb
1234.40752 24.65915 -0.44372 0.17212 -0.87948 eb
1244.73700 17.87521 0.61127 0.79120 0.01855 eb
1309.45922 21.76375 0.09713 -0.81200 -0.57551 eb
1328.18121 21.08040 0.46245 -0.87501 -0.14316 eb
1397.73714 21.76240 -0.67935 0.67017 -0.29892 eb
1430.49284 23.26735 0.63659 -0.60467 -0.47867 eb
1435.04825 34.91923 0.08030 0.10887 -0.99081 eb
1446.33312 18.68581 0.04976 0.13223 -0.98997 eb
1509.11465 28.06584 -0.22356 0.27486 -0.93513 eb
1529.84605 28.10570 -0.53556 0.74037 -0.40623 eb
1579.39525 15.21876 -0.68149 0.65718 0.32200 eb
1646.10416 31.47800 0.50860 0.32103 -0.79891 eb
1682.41327 24.13905 0.63918 -0.52892 0.55829 eb
1685.26680 5.06917 0.44239 -0.81044 -0.38403 eb
1725.46918 21.92027 0.28521 0.95690 -0.05480 eb
1805.57466 23.02870 0.01968 0.99447 0.10313 eb
1896.04549 18.27045 -0.63417 -0.13532 0.76126 eb
1956.89996 17.19396 -0.40443 -0.91162 -0.07334 eb
2030.41690 29.86264 0.40296 -0.31412 -0.85962 eb
2119.81590 22.38148 0.42663 -0.41702 -0.80255 eb
2463.76254 14.41292 0.39721 0.91063 0.11388 eb
2630.49494 22.93566 0.94367 -0.06653 -0.32413 eb
2782.92851 14.58711 -0.63904 -0.58432 0.50020 eb
2896.73247 36.41046 -0.12204 -0.84929 0.51362 eb
2957.85615 33.08581 0.18033 -0.62943 -0.75584 eb
3066.49550 22.17235 0.44404 -0.00413 0.89600 eb
3491.57736 30.87006 -0.08623 0.89818 -0.43109 eb
3564.15774 12.02695 -0.32366 -0.94550 -0.03580 eb
3725.29812 19.86262 -0.37256 0.83261 -0.40983 eb
3842.18436 14.32706 0.08184 0.93228 -0.35235 eb
3940.36073 7.36662 0.46764 0.82501 0.31729 eb
4147.93434 71.64301 -0.70501 -0.49721 0.50571 eb
4175.50502 21.53287 0.68429 -0.70299 -0.19377 eb
4831.41672 18.58414 -0.82658 -0.29129 -0.48158 eb
5508.52206 26.85850 -0.86837 0.03350 -0.49479 eb
5761.85825 27.58823 0.90844 0.32898 -0.25791 eb
5800.01785 34.02537 0.20378 0.44362 -0.87274 eb
6253.23820 25.36708 -0.54928 0.45585 -0.70035 eb
6704.40413 21.24691 0.57903 0.63756 -0.50818 eb
7121.67157 11.35488 0.26977 -0.82235 0.50097 eb
7487.28184 32.69203 0.52697 -0.79701 0.29508 eb
7657.78298 16.21893 0.06065 0.99776 -0.02836 eb
8025.06423 27.84185 -0.17759 0.17267 -0.96884 eb
8612.43238 16.27140 -0.68546 -0.63024 -0.36461 eb
9583.54072 31.20946 -0.95600 0.12257 -0.26652 eb
11180.90846 8.14380 -0.14730 0.97674 -0.15584 eb
11795.19301 18.01171 -0.41962 -0.63530 -0.64831 eb
11883.20791 11.08321 0.14580 0.98909 -0.02122 eb
12720.71196 13.54768 0.01690 -0.43103 0.90218 eb
13058.04003 17.08795 0.88818 -0.21128 0.40804 eb
13154.10711 22.39864 -0.18236 0.95583 -0.23052 eb
13951.79817 19.02536 -0.20535 0.94531 0.25342 eb
14483.43113 39.94740 -0.90096 0.29338 -0.31967 eb
15306.30754 10.69372 0.54484 -0.54874 -0.63406 eb
16886.70429 8.96408 -0.36258 0.91870 -0.15661 eb
16959.39776 18.67042 -0.55150 0.77007 -0.32068 eb
17453.06837 13.88383 0.23089 0.53151 -0.81498 eb
17834.27278 7.22536 0.55265 0.82609 -0.11025 eb
