14.21780 45.46025 -0.08924 -0.50752 -0.85700 e
17.24852 64.93337 -0.35106 -0.68447 -0.63895 e
18.55931 59.99704 0.49789 -0.86103 0.10362 e
18.89891 64.16845 0.49925 0.75156 -0.43117 e
19.11763 63.21457 0.20247 0.12677 -0.97105 e
19.16715 81.41768 -0.90273 -0.32569 -0.28109 e
19.24340 75.90731 0.35910 -0.33665 -0.87047 e
19.31158 65.94651 0.37233 0.90800 0.19212 e
19.44760 65.99396 -0.36886 -0.79765 -0.47718 e
19.48781 26.57543 -0.79252 0.00455 -0.60983 e
19.89206 36.29715 0.82762 -0.53490 -0.17006 e
20.02076 82.62796 -0.12430 -0.92110 -0.36895 e
20.14061 80.11821 0.19680 -0.96866 -0.15154 e
20.51821 55.26557 0.66737 -0.00989 -0.74466 e
20.62204 69.54550 0.41154 -0.89079 0.19268 e
20.64344 20.87689 -0.84683 -0.52783 -0.06533 e
20.91778 70.84928 0.65090 -0.19051 -0.73487 e
21.52587 69.67700 0.83410 -0.45833 -0.30692 e
21.92559 75.45114 -0.98354 -0.01575 -0.18000 e
22.00670 64.46554 0.15204 -0.79968 0.58086 e
22.13873 74.51568 0.61028 -0.34429 0.71346 e
22.21226 31.64081 -0.43443 -0.38742 0.81313 e
22.61922 21.97079 0.13943 -0.33881 0.93047 e
23.11401 73.13465 0.95477 0.14615 -0.25893 e
23.25311 78.67932 -0.95303 -0.05510 -0.29781 e
23.25967 69.81937 -0.01995 0.71903 -0.69470 e
23.46744 54.35027 0.89613 -0.23839 0.37434 e
23.70598 26.02563 -0.08981 -0.64653 -0.75758 e
23.82670 76.05885 -0.56263 -0.63160 -0.53341 e
23.99264 40.41352 0.69462 -0.02059 -0.71908 e
24.03410 81.55381 -0.49497 0.05409 -0.86723 e
24.14843 75.19071 0.65857 0.06592 0.74962 e
24.19304 60.04351 0.00204 0.61460 -0.78883 e
24.19309 14.99934 -0.77423 0.55673 -0.30103 e
24.23454 72.42897 0.08984 -0.87071 -0.48352 e
24.47791 63.79955 0.63247 0.76580 -0.11632 e
24.91248 80.35398 0.37018 -0.23970 -0.89750 e
25.02271 84.99162 0.74313 0.02134 0.66880 e
25.22357 52.09171 -0.54380 -0.78755 0.28990 e
25.47829 37.60449 -0.45021 -0.85330 -0.26304 e
25.52915 84.68324 0.46627 -0.80662 -0.36325 e
25.54988 75.00702 0.88311 0.46360 -0.07207 e
25.75157 63.58451 0.99377 -0.10331 -0.04184 e
25.86428 50.49793 -0.36062 0.91730 0.16889 e
26.10274 71.21535 -0.02425 0.96433 -0.26360 e
26.17225 19.54887 0.81573 -0.57622 0.05058 e
26.18176 45.83345 0.61144 -0.44382 -0.65511 e
26.24107 40.34709 0.38016 0.92452 -0.02733 e
26.39432 82.36323 -0.40168 0.71140 -0.57669 e
26.53550 58.61044 -0.72355 -0.51220 0.46274 e
26.65999 75.98930 0.14914 0.27032 -0.95115 e
27.11391 78.51350 -0.55738 0.69584 -0.45291 e
27.71864 76.76785 0.74102 -0.19186 -0.64349 e
27.83599 54.75992 -0.80392 -0.29385 0.51708 e
27.97068 63.33634 -0.93516 0.04062 -0.35188 e
28.22436 64.59693 0.81706 -0.09589 0.56852 e
28.23348 57.78362 0.23848 -0.44203 -0.86472 e
28.43862 65.85065 -0.37769 -0.70240 0.60331 e
28.44284 83.41253 0.61636 -0.29874 -0.72859 e
28.49435 71.78106 -0.96865 0.06896 -0.23865 e
28.59565 55.95022 0.28719 0.26867 0.91942 e
28.69819 41.42041 -0.65337 -0.14556 -0.74292 e
29.23064 67.73353 0.90692 -0.26214 0.32982 e
29.38962 77.34302 0.12975 -0.97995 -0.15122 e
29.45031 74.86642 -0.48865 -0.68004 -0.54660 e
29.49655 78.28926 -0.60891 0.69335 -0.38535 e
29.79076 36.14168 -0.45182 -0.71093 -0.53892 e
29.84952 52.42252 0.80602 -0.09603 -0.58404 e
29.87047 64.36785 -0.73434 0.65917 -0.16199 e
30.09082 52.87658 -0.43367 -0.89879 -0.06408 e
30.36800 31.12401 -0.42688 -0.89740 -0.11154 e
30.43126 56.58581 -0.10268 -0.83129 -0.54627 e
30.48290 70.29760 0.99020 0.06726 0.12238 e
30.71865 83.93607 0.52107 -0.51519 -0.68049 e
30.74662 72.37824 -0.91975 0.37659 0.11061 e
30.82010 64.83954 -0.87655 -0.47292 -0.08947 e
30.84899 45.06879 -0.80798 -0.55960 -0.18441 e
31.12111 51.19666 -0.83368 -0.29508 -0.46681 e
31.17553 52.39663 0.98659 0.12474 -0.10526 e
31.29169 55.43226 -0.14339 -0.01379 -0.98957 e
31.43983 72.56784 0.44125 -0.85324 0.27801 e
31.56638 68.46365 0.37643 -0.91270 -0.15900 e
31.58576 37.74200 -0.63251 -0.16784 -0.75615 e
31.82999 24.14767 0.20157 0.13570 -0.97003 e
32.74677 68.66723 0.02829 0.94531 -0.32493 e
32.86970 57.41049 0.38707 0.85415 -0.34727 e
33.46549 70.83410 -0.63543 -0.53634 -0.55549 e
33.48713 47.57287 -0.61045 0.75986 0.22355 e
33.60524 78.67687 0.54559 -0.53854 -0.64212 e
33.69471 60.01312 0.41997 -0.25360 -0.87139 e
33.70995 26.73647 -0.47222 0.43648 0.76583 e
33.82251 48.10832 0.47341 -0.67143 -0.57014 e
34.29369 79.21152 -0.09220 -0.95999 -0.26442 e
35.05086 51.19814 -0.38674 0.29565 -0.87351 e
35.10705 72.88514 -0.05898 -0.79149 -0.60833 e
35.43459 57.42754 0.96167 0.27389 0.01328 e
35.44139 83.87119 0.25279 0.19443 -0.94778 e
35.51631 70.19604 0.24146 0.18219 -0.95316 e
35.54836 50.61704 -0.44032 -0.85101 0.28620 e
35.65106 47.63243 0.61139 -0.03512 -0.79055 e
36.14425 69.74926 -0.38112 0.33297 -0.86248 e
36.18449 62.41686 0.93580 -0.25761 -0.24067 e
36.41551 66.09303 -0.69015 -0.68289 -0.23950 e
36.54783 60.55471 -0.12519 -0.91358 0.38691 e
36.61467 38.79685 -0.39634 -0.44437 -0.80340 e
36.62074 50.12096 -0.90841 0.03556 -0.41658 e
36.63597 67.53063 0.31000 -0.54318 -0.78029 e
36.69298 80.54001 0.18804 0.21015 -0.95942 e
36.72557 84.11904 0.14998 0.59825 0.78715 e
36.76630 36.95221 -0.00412 -0.62839 0.77789 e
36.85951 63.92987 -0.62832 -0.76757 0.12668 e
37.07636 35.97549 -0.01006 0.59383 0.80453 e
37.21150 23.87740 -0.63151 0.70138 0.33053 e
37.38344 54.34521 0.49478 -0.81684 0.29660 e
37.66215 77.65263 0.25758 -0.72034 -0.64402 e
37.70339 81.83924 0.80490 -0.59312 -0.01857 e
37.82233 68.68259 0.61701 0.73170 -0.28968 e
37.82613 38.55209 0.68479 0.28142 -0.67221 e
37.97933 66.20116 -0.39605 0.05424 -0.91663 e
38.41019 45.74902 0.58176 -0.03224 -0.81272 e
38.57048 59.14284 -0.83704 -0.33306 0.43410 e
38.66648 84.00281 0.23920 -0.62867 -0.73997 e
38.67964 83.65545 0.16935 -0.72907 -0.66316 e
38.82082 75.37773 0.36649 -0.44600 0.81656 e
38.94971 54.10540 -0.08454 0.11157 -0.99015 e
39.25731 56.33701 -0.62600 -0.40063 -0.66904 e
39.34706 84.05112 -0.71756 -0.67286 0.17992 e
39.36666 71.32664 -0.44826 -0.88393 -0.13318 e
39.38351 61.01777 0.06043 -0.99464 0.08393 e
39.39326 38.72429 0.19641 -0.32521 -0.92502 e
39.48718 60.31808 0.11888 0.38906 -0.91351 e
39.63766 26.86553 0.32238 -0.28312 0.90328 e
39.66170 27.09712 0.41373 -0.27488 -0.86791 e
39.68746 57.16797 -0.27046 -0.24158 -0.93193 e
39.70721 66.16388 0.43189 -0.75910 0.48707 e
39.71156 76.78472 -0.11306 0.91180 -0.39476 e
39.93518 78.56362 -0.97097 0.12246 0.20546 e
40.10959 77.85493 0.51041 0.64446 -0.56934 e
40.68611 44.97119 0.98427 0.13805 -0.11023 e
40.89108 71.11362 0.93601 -0.05452 -0.34774 e
41.15398 67.10881 0.40069 -0.49670 -0.76989 e
41.45445 13.82399 0.35257 0.12085 -0.92795 e
41.68832 32.74510 -0.12611 0.07560 -0.98913 e
41.73960 82.49971 -0.93012 -0.36676 0.01908 e
41.91943 30.02689 0.41148 0.82836 -0.38014 e
42.05854 48.72024 0.50540 -0.83409 -0.22108 e
42.22601 64.23473 -0.95930 0.25562 -0.11999 e
42.55452 60.14479 -0.94209 0.16799 -0.29026 e
42.58943 53.63577 -0.52936 0.83472 0.15175 e
42.62700 82.47659 0.64623 -0.30623 -0.69901 e
42.68406 58.69220 -0.56450 -0.67737 0.47172 e
42.72332 37.55209 -0.18827 0.98201 -0.01472 e
43.03376 64.46366 0.74920 0.46197 -0.47464 e
43.04952 54.42406 0.17754 -0.92812 -0.32723 e
43.19101 71.36948 -0.17870 0.97389 0.14001 e
43.31089 45.57634 -0.27737 0.43579 -0.85625 e
43.58317 42.32174 -0.62445 0.77864 -0.06151 e
43.68296 82.70256 -0.49469 -0.76660 -0.40940 e
43.92948 61.80879 0.63815 -0.11529 -0.76123 e
44.17311 46.17131 -0.57374 0.78737 0.22556 e
44.20360 77.86290 -0.02889 -0.17866 -0.98349 e
44.28533 71.09771 0.04879 -0.93165 -0.36007 e
44.58577 65.36420 -0.87474 0.14322 0.46295 e
44.62002 61.95006 -0.57694 -0.53326 -0.61869 e
45.03422 31.04741 -0.34305 -0.48606 -0.80378 e
45.09975 71.94308 0.49038 -0.71068 -0.50445 e
45.36535 32.66048 -0.67740 -0.33758 -0.65358 e
45.58995 80.79332 0.27717 0.67139 0.68733 e
46.07932 58.10503 0.36099 -0.91721 -0.16854 e
46.15108 77.75061 -0.74987 -0.17011 -0.63934 e
46.20362 63.50903 -0.25501 -0.91661 0.30788 e
46.30717 23.83417 0.03449 0.98723 0.15550 e
46.36914 73.27034 -0.69702 0.70286 -0.14196 e
46.42200 67.14389 -0.20704 0.15285 -0.96632 e
46.46873 62.43621 0.23542 0.67152 0.70259 e
46.52489 77.50401 0.67604 0.32927 -0.65921 e
46.80984 64.17578 -0.30271 0.47022 -0.82901 e
46.89410 71.46437 -0.46822 -0.57111 -0.67424 e
47.01121 64.43838 -0.04711 -0.93642 -0.34770 e
47.19870 66.58481 0.33374 -0.18394 -0.92455 e
47.21942 76.13393 0.94502 0.26237 -0.19521 e
47.33482 23.94096 -0.24634 -0.81371 -0.52649 e
47.37961 35.27050 -0.24056 0.39698 -0.88574 e
48.33901 60.52585 -0.63480 -0.76804 0.08455 e
48.37597 53.57719 0.73168 -0.55483 -0.39599 e
48.41714 70.12728 -0.29770 -0.94437 -0.13976 e
48.50265 64.68352 -0.72763 0.68319 -0.06165 e
48.52044 40.68532 0.57032 -0.35140 -0.74246 e
48.62360 76.13016 -0.01500 -0.09105 -0.99573 e
48.83888 45.66983 0.41677 -0.89252 -0.17238 e
48.93929 67.32622 -0.63012 -0.75331 -0.18834 e
49.17442 45.37561 -0.78582 -0.16910 -0.59489 e
49.22562 64.21182 -0.52224 -0.13023 -0.84279 e
49.34739 64.93302 -0.83064 -0.39316 -0.39428 e
49.50185 65.87513 -0.51620 -0.83950 -0.16964 e
49.65780 47.15161 0.27388 -0.72212 0.63524 e
49.72773 77.74178 -0.16374 0.95998 0.22720 e
49.85290 57.53558 -0.11994 -0.91000 -0.39688 e
49.93589 72.14887 -0.92674 -0.32785 -0.18350 e
50.06632 18.31401 0.43120 -0.43937 0.78805 e
50.78402 66.01836 0.13310 -0.31993 -0.93804 e
50.91971 36.25522 -0.80730 -0.53050 -0.25854 e
51.17419 51.71692 -0.16666 0.57666 -0.79980 e
51.75155 82.75538 -0.51394 -0.14041 -0.84626 e
51.81817 37.19591 -0.73745 -0.67515 0.01844 e
51.84369 50.09665 -0.08766 -0.65527 0.75029 e
52.02556 72.01276 -0.93266 -0.13502 -0.33453 e
52.25723 43.99509 -0.23477 -0.55543 -0.79774 e
52.66197 52.80588 0.37211 -0.92629 0.05933 e
52.84451 47.90365 0.81180 -0.47546 -0.33899 e
53.07394 43.82721 0.50480 0.13820 -0.85210 e
53.08232 28.90824 0.21350 -0.32354 -0.92181 e
53.25975 35.43784 0.14555 -0.96037 0.23771 e
53.30932 27.62782 0.43512 -0.87023 -0.23103 e
53.57559 73.31267 -0.38942 0.02920 -0.92060 e
53.70479 40.75726 0.78496 0.55617 -0.27297 e
54.03204 59.50478 0.39361 0.73666 -0.54991 e
54.09925 66.52032 -0.70968 -0.12374 0.69357 e
54.17599 35.15234 -0.69649 -0.59076 0.40731 e
54.29448 66.54966 -0.65084 -0.72752 -0.21705 e
54.38247 15.55550 0.60324 0.31526 -0.73260 e
54.61934 67.55967 0.81895 -0.48559 0.30582 e
54.73061 42.18477 0.31981 0.92708 -0.19556 e
54.79400 47.96292 -0.82888 -0.26142 -0.49458 e
55.16819 78.02889 0.28836 -0.22917 -0.92969 e
55.28031 71.43537 -0.36839 -0.21074 -0.90547 e
55.28041 37.95537 -0.20696 0.48178 -0.85150 e
55.51010 29.33046 -0.57705 -0.04452 -0.81549 e
55.54886 49.64157 0.68900 0.40917 0.59821 e
56.17698 62.59778 0.64205 0.41202 -0.64654 e
56.19078 29.73220 -0.42134 0.62725 -0.65501 e
56.30488 48.25089 -0.01087 -0.82924 -0.55879 e
56.45954 75.12269 -0.06924 0.37831 -0.92309 e
56.78230 70.03994 0.79935 -0.04858 -0.59890 e
57.31805 20.09659 0.48710 0.53288 0.69194 e
57.88000 44.24830 0.51344 -0.37408 -0.77230 e
58.07484 57.74857 0.34176 -0.46206 -0.81836 e
58.11634 18.69686 -0.62614 -0.40797 -0.66446 e
58.13512 79.13847 -0.93384 0.30176 -0.19207 e
58.52760 36.03153 -0.71587 -0.54243 -0.43965 e
58.94424 34.70639 -0.73993 0.29744 -0.60335 e
59.15644 26.66795 -0.46586 -0.88365 -0.04625 e
59.17426 72.02640 0.03177 0.76039 -0.64869 e
59.30864 71.59123 -0.32222 0.24046 -0.91562 e
59.31509 35.87651 -0.22956 0.31670 -0.92033 e
59.34676 49.06776 -0.50634 -0.16651 -0.84611 e
59.45367 22.89856 0.59367 0.75353 -0.28239 e
59.46219 55.37807 -0.99985 0.01389 0.01053 e
60.14883 17.63907 -0.25201 -0.96151 0.10950 e
61.04072 35.20658 0.72499 -0.68576 -0.06423 e
61.17436 74.75950 -0.80945 -0.47096 0.35071 e
61.22132 82.82583 -0.17959 0.96610 -0.18550 e
61.57051 54.40921 -0.59562 0.80325 -0.00538 e
61.85544 46.29807 -0.32743 0.73124 -0.59840 e
62.74273 80.84366 0.41001 -0.90009 0.14742 e
62.89739 50.47780 0.13158 -0.97171 0.19612 e
63.01408 70.67484 -0.66210 -0.56936 -0.48729 e
63.39087 80.33828 -0.69672 0.70174 -0.14877 e
63.45087 43.43615 -0.36275 -0.66282 0.65504 e
64.04315 57.78283 -0.16793 0.16619 -0.97169 e
64.49829 53.95066 0.37493 -0.28468 -0.88226 e
64.52954 36.68549 -0.33911 -0.07208 -0.93798 e
65.17401 31.25164 0.61481 0.78403 -0.08549 e
65.19995 63.10245 0.34444 0.88992 -0.29899 e
65.50119 38.86662 -0.18466 0.01146 -0.98273 e
65.81382 30.85684 0.21385 -0.86747 -0.44918 e
66.13360 83.37258 -0.61504 0.49740 -0.61181 e
66.41958 72.64811 0.34263 0.90536 -0.25084 e
66.50259 43.31826 0.72677 0.08655 0.68140 e
66.59255 47.19400 0.39145 -0.38194 -0.83719 e
66.67180 47.21683 -0.60428 0.61167 -0.51059 e
66.95805 56.19908 -0.52742 0.84465 0.09165 e
67.02700 22.10047 0.64694 0.73851 0.18991 e
67.50331 19.46185 0.30030 0.94226 -0.14821 e
67.88052 66.23788 -0.85297 0.51780 0.06574 e
68.09589 50.10702 0.37770 -0.92572 0.01992 e
68.68365 77.88704 -0.76064 -0.63157 -0.15016 e
68.94682 38.65919 -0.40365 -0.82520 0.39511 e
69.20651 74.01698 0.06772 -0.96076 0.26899 e
69.24317 57.97067 -0.76828 0.63296 -0.09543 e
69.49996 17.25607 -0.72550 0.45705 -0.51455 e
69.57389 44.89403 0.75714 0.54586 0.35886 e
69.81229 58.04456 0.51443 0.83118 0.21096 e
69.87256 45.22894 -0.78798 -0.29483 -0.54052 e
70.16301 74.27978 0.96312 0.20667 -0.17229 e
70.21305 23.93732 -0.49862 0.19567 0.84445 e
70.22365 35.54619 0.88551 -0.30527 -0.35025 e
70.30749 18.80771 0.94246 -0.27322 0.19264 e
70.69826 74.28755 -0.26875 -0.96139 -0.05913 e
71.47474 54.10292 -0.76956 -0.48942 0.41018 e
71.67874 81.78002 -0.02933 0.56479 -0.82472 e
72.37043 42.28151 0.77484 0.45825 -0.43545 e
73.29664 81.09901 -0.25853 0.95676 -0.13332 e
73.41210 69.13951 0.32769 -0.72779 -0.60245 e
73.80167 41.87200 0.66132 0.43867 0.60847 e
74.02419 34.35893 -0.71288 -0.05731 0.69894 e
74.19326 73.73688 0.80727 0.19145 -0.55826 e
74.29676 56.25066 0.94728 -0.13547 -0.29037 e
74.63814 83.58678 0.37284 0.86895 -0.32545 e
74.75672 35.93895 0.06253 -0.83337 0.54916 e
74.82830 70.59380 0.88380 0.18706 0.42884 e
75.13698 76.90852 -0.64842 0.58549 -0.48657 e
75.39863 75.62705 -0.27033 -0.84319 0.46471 e
75.99185 35.45207 -0.23807 0.80546 -0.54274 e
76.11697 78.87250 0.94270 0.04639 -0.33039 e
76.28474 83.99508 0.06800 -0.70492 -0.70602 e
76.33745 73.03982 -0.78558 -0.24771 -0.56701 e
76.44901 51.27264 -0.75064 -0.49215 -0.44082 e
76.56739 48.05436 0.78493 0.00364 -0.61957 e
76.60625 59.97838 -0.02903 -0.08042 -0.99634 e
76.61200 38.32178 -0.88166 0.35087 0.31553 e
77.52983 34.08850 -0.71178 -0.70099 0.04462 e
77.57604 68.49123 -0.16673 0.47973 -0.86143 e
77.63013 40.89861 0.05629 -0.62212 -0.78089 e
77.80800 42.52818 0.21262 -0.61037 -0.76305 e
77.90441 52.84425 -0.39638 -0.84285 -0.36399 e
78.08553 77.75694 0.01365 -0.14101 -0.98991 e
78.29541 45.11450 0.44536 -0.89455 -0.03787 e
78.49167 47.12014 0.52495 -0.85017 0.04044 e
79.08144 32.65005 -0.78154 0.46162 0.41964 e
79.70895 30.34244 -0.05518 -0.18777 -0.98066 e
79.73003 42.35223 -0.91207 -0.34203 -0.22614 e
79.82553 25.60134 -0.84620 -0.29993 -0.44045 e
80.91760 53.07847 -0.95189 -0.30643 0.00189 e
81.07051 46.01352 0.61064 -0.76433 0.20715 e
81.14892 31.69053 -0.03701 -0.93906 -0.34176 e
82.12978 41.02735 -0.20741 -0.10784 0.97229 e
82.22200 24.10726 -0.92060 0.31903 0.22519 e
82.45237 58.70037 0.28531 -0.02879 -0.95800 e
82.68057 51.99129 0.76684 -0.61015 -0.19920 e
82.77945 63.71958 0.12267 -0.89182 -0.43545 e
82.99603 24.95553 0.88076 -0.04442 -0.47147 e
83.04751 58.60631 -0.43247 -0.06303 -0.89944 e
83.50437 51.87420 0.08556 -0.94548 0.31424 e
83.69188 33.22150 0.45948 -0.88709 0.04411 e
84.42417 56.88560 0.06329 0.67146 -0.73833 e
85.52187 56.09381 0.71828 0.16264 -0.67648 e
85.59478 40.58795 0.35745 0.89039 0.28183 e
85.81489 80.35343 -0.08457 0.98284 -0.16395 e
86.06505 68.65883 0.98763 0.02460 -0.15488 e
86.35672 38.98878 0.10751 0.93438 -0.33967 e
86.74921 22.60720 -0.12774 -0.63959 -0.75803 e
86.86423 58.72119 0.46181 -0.20252 -0.86355 e
86.89919 70.95071 -0.98862 0.05765 -0.13895 e
87.04804 24.53913 0.21689 -0.14135 -0.96591 e
87.82635 49.26493 0.35839 -0.91333 0.19335 e
88.40973 66.02041 0.16742 -0.63739 -0.75213 e
88.51461 67.67849 -0.01814 -0.26292 -0.96465 e
88.79623 50.20046 -0.40880 -0.90041 0.14879 e
89.02709 55.87365 -0.79920 -0.58124 -0.15311 e
89.62023 34.59675 0.60305 0.61735 -0.50519 e
90.00537 55.77952 0.34992 -0.64752 -0.67696 e
90.06774 60.48289 -0.76925 -0.01809 -0.63870 e
90.53180 68.87280 0.70071 -0.67726 -0.22433 e
90.62031 50.14250 -0.69122 -0.55775 -0.45949 e
90.66702 73.82593 -0.26791 0.22424 -0.93699 e
91.09768 19.63351 0.58300 -0.07160 -0.80931 e
91.95228 44.82402 0.34177 -0.91366 -0.22005 e
92.31798 17.62285 -0.69179 -0.15224 0.70587 e
92.43068 83.62122 -0.09234 -0.08070 -0.99245 e
93.34709 44.10201 -0.45369 -0.73745 0.50034 e
93.40096 61.86976 0.69179 -0.65511 -0.30373 e
93.52770 76.33988 -0.47924 0.84411 -0.24045 e
93.92702 34.41635 0.99832 0.04305 -0.03886 e
96.31936 54.52172 -0.82247 -0.54628 0.15850 e
97.91283 43.08415 0.07367 -0.99241 -0.09845 e
98.33530 56.20138 -0.36762 -0.07012 -0.92733 e
98.47076 53.82971 -0.58022 -0.00203 -0.81445 e
99.10871 72.27870 -0.83177 0.43749 -0.34169 e
99.20490 44.90744 -0.56723 0.73754 -0.36646 e
99.26706 31.96196 -0.61590 -0.15676 -0.77207 e
99.40563 68.50558 0.98618 0.11453 -0.11969 e
99.41653 54.28865 -0.47332 0.82876 0.29853 e
99.56299 44.26518 0.97103 -0.23395 -0.04866 e
100.87341 78.29834 0.74414 0.49200 0.45188 e
101.66428 57.13535 -0.36118 -0.93040 -0.06247 e
101.88687 28.39561 -0.47549 0.87969 -0.00684 e
103.06397 59.61364 -0.73921 -0.28765 -0.60895 e
103.97066 74.88107 -0.03921 0.71489 0.69814 e
105.83944 62.41176 0.80068 -0.48453 0.35234 e
105.91189 20.89265 -0.73925 0.11011 -0.66437 e
106.09806 45.43099 -0.84213 -0.05276 0.53669 e
106.47655 21.06449 0.72057 -0.39367 -0.57079 e
106.76863 61.81246 -0.21971 -0.93167 -0.28933 e
106.78224 33.08155 0.03610 -0.82090 -0.56993 e
107.93971 29.95912 -0.32052 0.27251 -0.90720 e
108.93547 76.95523 -0.18584 -0.23866 -0.95316 e
109.13218 32.43349 -0.35360 -0.25025 -0.90130 e
109.46140 31.17663 0.16046 0.76310 -0.62604 e
110.15287 56.91049 0.23973 0.91220 0.33229 e
110.23150 56.67896 -0.71159 0.08722 -0.69716 e
110.56923 28.94864 -0.13919 0.89246 0.42912 e
110.73481 33.10043 0.80052 -0.34411 -0.49067 e
111.41183 22.22838 -0.99596 0.08839 0.01558 e
111.43561 32.52509 -0.30818 0.88871 -0.33945 e
111.94553 49.01105 -0.29530 0.88947 0.34878 e
112.73340 78.73194 -0.07434 0.50798 -0.85815 e
112.96365 61.26836 0.40756 -0.50880 -0.75830 e
113.03984 74.97717 -0.18067 0.52627 -0.83090 e
113.59337 64.51813 0.74783 -0.26468 -0.60885 e
114.70189 18.84641 0.02580 -0.96727 -0.25243 e
115.65641 53.61162 -0.39510 -0.80924 0.43476 e
115.69516 47.14984 0.59244 0.09917 -0.79949 e
115.84827 75.27132 -0.38261 0.75750 -0.52896 e
117.81820 52.26343 0.26009 0.76357 0.59103 e
118.77556 56.64274 -0.94153 -0.25439 0.22094 e
119.09311 58.85366 -0.23769 -0.93946 0.24680 e
119.22226 73.89371 0.00958 0.93463 -0.35549 e
119.59985 31.84555 0.23975 0.03630 0.97016 e
119.91073 57.82911 -0.94214 0.04077 -0.33272 e
119.97425 83.54179 -0.46529 -0.63479 -0.61689 e
120.32989 16.23807 -0.24973 0.92732 0.27876 e
120.59981 15.11809 0.71923 0.47358 -0.50836 e
120.62580 46.92507 0.84416 0.14307 -0.51665 e
122.29123 66.37476 -0.50028 -0.23645 -0.83295 e
122.34469 60.92188 -0.92434 0.23883 -0.29759 e
123.16157 33.51754 0.86967 0.34195 -0.35602 e
124.42057 18.84148 -0.79570 -0.60447 -0.03840 e
125.81866 57.35260 -0.08751 -0.57780 -0.81147 e
125.84602 53.82652 -0.00184 0.76941 -0.63875 e
125.93656 79.79980 -0.39410 0.72747 -0.56167 e
126.27628 72.44894 0.97930 0.16969 0.11031 e
126.54621 65.47436 -0.73121 0.67594 0.09178 e
126.76525 35.65466 -0.20995 0.62399 0.75270 e
129.26010 62.32297 -0.91557 0.35434 -0.19020 e
129.27725 53.02550 0.07457 0.84716 -0.52608 e
130.13565 50.43998 0.39918 -0.19340 -0.89624 e
130.37765 81.51195 0.41644 -0.27826 -0.86553 e
130.55315 22.50145 -0.91731 -0.12432 -0.37827 e
130.58612 33.21542 0.27402 -0.56045 -0.78154 e
130.66241 41.80869 -0.91203 -0.06244 -0.40534 e
130.88684 51.73834 0.98481 -0.06110 -0.16254 e
131.20935 52.71148 -0.28823 -0.52140 -0.80316 e
131.37387 47.76951 -0.65686 0.31752 -0.68390 e
132.87839 64.59237 0.13336 0.71909 -0.68201 e
132.92641 39.73438 0.46875 0.85002 -0.24029 e
133.00890 45.93357 -0.02558 0.45897 -0.88808 e
133.01429 25.51952 -0.91519 -0.34509 -0.20819 e
133.52282 83.92961 0.45384 0.50652 -0.73312 e
133.73615 80.53551 0.24231 0.92862 0.28100 e
134.03362 41.11061 -0.31506 -0.60283 -0.73303 e
134.38749 52.07010 0.77053 0.60320 -0.20601 e
134.90357 17.70480 0.37046 -0.78632 -0.49443 e
135.32031 38.92128 -0.86467 0.00945 0.50226 e
135.95034 51.52840 -0.34773 0.59262 -0.72656 e
136.77236 47.58442 -0.26819 0.34630 -0.89897 e
136.90866 39.84329 -0.10762 0.57630 -0.81012 e
137.03822 19.67500 0.86958 0.31374 -0.38132 e
137.13709 74.49621 -0.35793 0.31764 -0.87806 e
137.23618 46.77267 0.85235 -0.33216 -0.40394 e
137.26384 32.73954 -0.15743 0.00877 -0.98749 e
137.73659 28.64530 0.59401 -0.15994 -0.78839 e
137.80402 82.54014 -0.73760 0.55046 0.39108 e
137.97099 56.12510 0.92819 0.37003 -0.03914 e
138.18787 57.42507 0.05832 -0.76794 0.63787 e
138.35313 47.32614 -0.88233 0.41722 -0.21776 e
138.67938 50.69528 0.19607 0.81899 -0.53926 e
138.82818 36.14500 0.04596 0.92410 0.37939 e
138.96472 63.19133 0.77771 0.16871 -0.60556 e
139.30631 50.85579 0.78919 0.19830 -0.58125 e
139.74387 10.17430 0.28715 0.42590 -0.85799 e
140.24390 21.21400 0.27285 -0.88989 -0.36558 e
140.40002 67.53595 0.85877 0.47337 0.19605 e
140.97904 52.92600 0.59315 0.47288 -0.65159 e
141.65954 63.14253 -0.08568 0.47159 -0.87765 e
141.69033 57.27400 -0.70557 -0.41985 -0.57088 e
142.40654 63.38427 0.30408 0.94384 0.12926 e
142.40670 21.07877 -0.68549 0.01351 -0.72796 e
142.60762 57.53070 -0.45321 0.44558 -0.77205 e
142.89369 73.11344 0.26364 -0.96215 -0.06901 e
143.27279 51.97281 -0.34141 -0.93939 -0.03147 e
143.87868 59.70628 0.00970 -0.90851 0.41775 e
143.89454 67.61756 -0.10615 -0.62177 -0.77597 e
144.07590 33.92939 -0.51285 -0.82401 0.24083 e
144.28643 51.34151 -0.54321 -0.80736 -0.23041 e
144.68939 56.91850 0.91292 -0.38701 0.12962 e
144.74914 56.17164 -0.91827 0.35665 0.17200 e
145.84857 44.31120 -0.06377 -0.62357 -0.77916 e
146.13559 70.02458 -0.45871 -0.02382 -0.88827 e
146.43754 59.30206 0.30843 -0.70646 0.63701 e
146.70421 36.45548 0.03253 0.68938 0.72367 e
146.96735 22.95110 0.23353 0.42033 -0.87680 e
147.25109 70.57739 0.38280 0.15506 -0.91073 e
148.34390 80.44698 -0.85308 0.41874 -0.31131 e
148.51641 25.52875 0.36374 0.72869 -0.58026 e
148.63216 67.38764 -0.34330 -0.88589 -0.31200 e
148.77151 30.99460 0.51491 0.45184 -0.72850 e
148.78205 70.04932 -0.12748 -0.26760 -0.95506 e
148.88057 40.90614 -0.16276 -0.20814 -0.96446 e
149.59479 27.16868 0.85724 -0.41399 -0.30618 e
150.38062 83.16631 0.98588 -0.15142 0.07146 e
150.64697 56.65108 0.00079 -0.96943 0.24537 e
151.54190 56.30331 -0.70834 0.57352 -0.41148 e
151.69335 36.21011 -0.69671 0.61277 -0.37298 e
151.85772 31.57879 0.57968 -0.09514 0.80927 e
152.47764 19.60380 0.09951 -0.97759 0.18550 e
152.59384 41.23223 0.06486 -0.82563 -0.56047 e
153.28149 52.32580 -0.24467 0.81055 -0.53212 e
153.35292 72.60075 -0.88473 -0.22860 -0.40620 e
153.73583 41.08980 0.41545 -0.66779 0.61762 e
153.91135 63.09014 -0.50492 -0.03328 -0.86253 e
154.04961 44.45223 0.01772 -0.97130 -0.23721 e
154.30021 44.36883 -0.49411 -0.68746 -0.53222 e
154.30086 25.40382 -0.18251 0.49187 -0.85133 e
154.35714 63.09619 0.34060 -0.86300 0.37312 e
154.73346 60.09808 0.52859 0.75380 -0.39035 e
155.26060 51.72094 0.61808 -0.60218 0.50532 e
155.57545 72.02850 0.36080 0.13386 -0.92299 e
156.41706 38.77900 -0.19851 0.98009 0.00379 e
157.06147 40.79356 -0.78208 -0.32491 -0.53178 e
157.26481 28.53357 0.32893 -0.05635 -0.94267 e
159.05579 73.09073 0.80945 -0.39287 -0.43640 e
159.22041 47.79192 -0.02887 0.30385 -0.95228 e
159.50671 34.43668 -0.71914 -0.61940 0.31494 e
159.65882 30.21153 -0.85949 -0.43148 0.27405 e
159.80705 81.19475 -0.83701 0.14394 -0.52792 e
160.23716 44.14557 0.79656 -0.26709 -0.54237 e
161.00859 59.75758 0.82985 0.31796 -0.45852 e
161.01899 41.42266 -0.95345 -0.02748 0.30029 e
161.02843 67.90363 -0.75817 -0.15298 -0.63385 e
163.24982 35.13964 0.00889 -0.99958 0.02764 e
164.05038 64.34663 0.09967 0.82508 0.55616 e
164.29223 63.40408 0.52734 0.84180 -0.11531 e
164.46166 64.16212 0.77796 0.31332 -0.54462 e
164.59758 38.32280 -0.63604 0.74053 -0.21696 e
165.51924 45.58134 0.75550 0.51831 -0.40071 e
166.32514 35.99868 0.43023 0.67659 0.59760 e
168.36086 30.82902 0.03635 0.98700 0.15656 e
168.36470 59.04888 0.75011 0.65893 -0.05612 e
168.51956 30.12276 -0.18527 0.91113 -0.36814 e
168.62819 13.89940 -0.76800 0.55475 0.32006 e
169.00410 35.63905 -0.59435 0.73347 -0.32980 e
170.82036 47.03838 -0.32714 0.56181 -0.75984 e
170.85711 60.28665 -0.17581 0.79304 0.58325 e
170.95051 58.12206 -0.01705 -0.78303 -0.62175 e
172.78231 46.70535 0.33537 -0.19213 -0.92229 e
172.96272 79.07435 -0.37705 -0.88663 -0.26779 e
173.10235 65.69774 0.30049 -0.79519 -0.52668 e
173.48090 25.34583 0.60190 0.21814 -0.76820 e
175.28429 42.92453 -0.74645 0.51856 -0.41703 e
175.86212 53.85958 0.15113 0.75676 -0.63599 e
176.26475 36.83449 -0.04962 -0.98193 0.18260 e
176.70572 59.86479 0.58736 0.72890 -0.35173 e
177.33506 58.48422 -0.30436 0.62073 -0.72254 e
178.46616 14.75369 -0.26155 -0.77293 -0.57808 e
178.88515 47.73844 0.26862 0.84890 -0.45521 e
178.93955 46.83628 0.96779 0.08395 0.23734 e
179.15487 74.17056 0.30641 0.94620 0.10405 e
179.39101 44.30581 0.97119 0.12543 0.20263 e
179.45100 84.89081 0.84087 -0.19412 -0.50523 e
181.76200 17.68149 0.80237 0.49278 -0.33670 e
181.84515 32.24897 0.92223 0.07238 -0.37981 e
182.48777 62.96856 -0.19396 0.47914 -0.85604 e
182.90030 27.87885 0.41533 -0.88289 -0.21910 e
183.32617 77.94389 -0.47235 0.00596 -0.88139 e
183.92599 31.51257 0.05338 -0.16659 -0.98458 e
185.11812 55.16503 0.61571 -0.44484 -0.65040 e
185.53206 75.69874 0.61548 0.05445 -0.78627 e
185.78829 71.81839 0.64140 0.57065 0.51280 e
186.00580 73.86908 -0.74970 -0.36471 -0.55221 e
186.65816 59.40869 -0.30901 -0.49874 -0.80980 e
186.73032 71.21081 0.64465 -0.66191 -0.38248 e
187.54676 82.47262 -0.73679 0.30232 -0.60477 e
187.72053 71.22675 -0.83650 -0.25864 -0.48310 e
187.98497 37.01214 0.59155 0.57461 -0.56560 e
188.10025 46.69205 0.08560 0.72114 -0.68748 e
188.39431 53.87112 0.70118 -0.68677 -0.19156 e
188.94324 34.24767 0.61091 0.76588 0.20054 e
189.24291 25.96497 0.11908 -0.93671 0.32922 e
189.27622 22.17263 0.17241 0.06339 0.98298 e
189.48375 19.53873 0.12271 0.00718 -0.99242 e
189.65483 49.28887 -0.04888 0.45455 -0.88938 e
190.18489 23.04871 0.42529 0.56783 0.70476 e
190.25500 44.03325 -0.62010 -0.19939 -0.75876 e
190.83010 70.03813 0.58723 -0.76766 0.25662 e
191.25819 70.41552 0.30142 0.01093 -0.95343 e
191.52498 81.76561 0.38982 -0.55006 -0.73856 e
191.53815 15.67640 0.23480 -0.97192 -0.01550 e
192.42105 58.82295 -0.59934 0.43053 -0.67486 e
192.74598 65.33191 0.31738 -0.25461 -0.91348 e
192.90882 80.52410 0.99766 -0.02372 -0.06417 e
193.05766 50.94790 0.33214 0.92690 0.17475 e
193.25980 75.18487 0.62155 0.77452 0.11745 e
194.72144 26.51550 0.11381 0.02340 -0.99323 e
194.82579 71.95406 0.17623 0.94098 0.28898 e
195.36311 19.41415 -0.94060 -0.23881 -0.24132 e
195.97777 26.92003 0.90009 0.05192 0.43259 e
196.02573 39.97901 -0.23656 0.15056 -0.95988 e
196.45908 47.24138 -0.93620 0.29901 -0.18474 e
196.66555 49.31318 -0.75322 0.51338 -0.41123 e
197.13905 38.41041 -0.36680 -0.03643 -0.92958 e
197.15060 49.19596 0.79350 0.34117 -0.50394 e
197.17596 33.17091 -0.09716 0.99128 0.08906 e
197.37955 41.41523 0.92658 0.33727 0.16644 e
198.13933 32.01804 -0.96257 0.15630 -0.22141 e
198.19013 79.50239 0.44867 -0.81265 -0.37188 e
198.28147 30.70446 -0.80366 0.00506 -0.59506 e
198.76518 55.73092 -0.31768 -0.84578 0.42865 e
199.43348 66.16584 0.14456 -0.98729 -0.06601 e
199.80122 55.68160 -0.51804 -0.42589 0.74179 e
199.81988 59.00203 0.96451 -0.16402 0.20693 e
199.82601 64.72509 0.31611 -0.09231 -0.94422 e
200.14565 54.54793 -0.76727 -0.06471 -0.63805 e
200.19198 77.29018 0.30928 0.39921 -0.86312 e
201.71336 77.74787 -0.93320 0.15290 -0.32522 e
202.00596 48.69398 -0.35897 0.93299 0.02611 e
202.02069 33.58829 -0.34497 0.77462 -0.53006 e
202.54435 59.61330 -0.64514 -0.55085 -0.52949 e
202.62498 71.40574 -0.80542 0.44491 -0.39160 e
203.61899 72.78994 -0.87179 -0.34528 0.34752 e
204.11850 25.84253 -0.03704 -0.67573 0.73621 e
204.51938 12.59450 0.69693 -0.68388 -0.21585 e
204.91277 58.28422 0.81118 -0.06509 -0.58116 e
205.07948 44.24381 0.88679 -0.24231 -0.39356 e
205.96669 50.55137 -0.06135 -0.42034 -0.90529 e
206.17012 61.12571 0.86378 0.22466 -0.45100 e
206.33831 46.89866 -0.13901 0.59408 -0.79230 e
206.98728 39.57873 0.99047 -0.13655 -0.01801 e
206.99503 33.56421 0.37637 -0.44046 -0.81507 e
207.27706 18.41651 -0.91221 0.36435 -0.18741 e
208.11527 47.46746 -0.35942 0.81909 0.44712 e
208.45744 82.59045 0.23395 0.61084 -0.75640 e
208.52229 81.33031 -0.44461 -0.88007 0.16670 e
209.88570 53.21815 0.96440 -0.12785 0.23150 e
210.31837 66.70595 -0.12180 -0.97819 -0.16826 e
210.94750 18.14154 -0.82823 0.53340 -0.17181 e
211.78406 82.07481 0.57651 -0.08461 0.81270 e
212.37468 35.80555 -0.28357 -0.80879 -0.51522 e
213.47680 27.59580 -0.00277 -0.27253 -0.96214 e
215.19560 49.99302 0.63893 0.36213 -0.67870 e
216.00711 64.15056 0.90656 0.19266 0.37553 e
216.06077 58.17436 -0.55188 -0.48836 -0.67596 e
218.43861 37.25107 0.76179 0.27363 -0.58720 e
218.50993 71.73450 -0.66997 0.66482 -0.33040 e
219.86021 44.82462 0.73665 0.37882 -0.56021 e
220.16213 53.26400 -0.82547 0.40626 -0.39187 e
220.92502 17.06661 -0.53435 0.05023 -0.84377 e
221.30054 34.29370 -0.15512 -0.81488 -0.55849 e
221.83824 53.60500 0.51727 0.10880 -0.84888 e
221.90408 35.71507 0.77148 -0.30692 -0.55733 e
221.96545 25.86106 0.41740 0.12100 0.90063 e
222.72460 25.33310 -0.64129 0.71751 0.27190 e
223.02457 77.84562 -0.15537 0.37974 -0.91195 e
223.72929 22.25770 0.12656 0.66020 -0.74035 e
224.53761 78.98122 -0.37231 -0.02907 -0.92765 e
225.41782 37.53687 0.78369 0.29245 0.54800 e
225.51442 80.02367 0.95368 0.30075 0.00695 e
225.95679 43.09884 -0.49171 0.58531 -0.64470 e
226.18838 41.44414 0.06353 0.35767 -0.93168 e
226.60220 28.67828 -0.89713 -0.24149 -0.36992 e
226.97815 45.10615 0.66760 -0.40628 0.62390 e
228.54418 27.40825 0.69122 -0.54453 0.47508 e
229.52063 28.13488 -0.14540 0.05606 -0.98778 e
229.58596 38.43688 0.10242 0.72581 -0.68023 e
230.34039 64.16034 0.55278 0.26144 -0.79126 e
231.06076 30.45288 -0.93710 0.34843 -0.02111 e
231.60200 69.56826 -0.35931 -0.69779 0.61966 e
232.30918 61.60792 0.53266 0.78241 -0.32267 e
232.75399 23.80004 -0.63538 0.16288 -0.75483 e
233.40135 22.72589 -0.78107 -0.54868 0.29812 e
234.02342 71.99801 0.66120 0.68926 0.29619 e
234.41663 12.62420 0.08147 -0.62339 -0.77765 e
235.70523 60.74444 0.67390 -0.57695 -0.46151 e
235.90571 51.16129 0.12183 0.54845 -0.82726 e
235.97509 73.17604 0.50036 0.11289 -0.85843 e
236.34702 31.80810 0.59792 0.69316 0.40252 e
236.60240 25.19434 0.96023 -0.15706 -0.23086 e
237.01452 13.64915 0.00589 0.81420 -0.58056 e
237.46517 46.57423 -0.25714 0.01493 -0.96626 e
238.11576 26.54889 0.16228 0.59064 0.79045 e
238.20022 65.48055 -0.44879 0.49532 -0.74380 e
238.21847 48.22712 -0.52974 0.72013 -0.44808 e
238.29040 38.89791 0.32697 0.20592 -0.92233 e
238.79282 58.02256 -0.25115 -0.22807 -0.94070 e
238.80480 49.61635 0.38800 -0.75918 -0.52259 e
239.37782 49.50028 0.97286 -0.14352 -0.18150 e
239.62719 78.04138 -0.11491 -0.86200 -0.49371 e
239.93850 27.94255 -0.38966 -0.90870 0.14977 e
239.99481 23.40569 -0.06067 -0.10522 -0.99260 e
240.25506 32.36449 -0.75615 -0.54422 0.36341 e
240.50533 28.29230 -0.17526 0.58624 -0.79095 e
241.86003 53.70384 -0.61366 0.45590 -0.64465 e
242.48524 37.15128 0.39682 0.35509 0.84643 e
242.60629 51.03051 -0.34568 -0.93331 -0.09720 e
243.64805 73.71862 0.92061 0.32078 -0.22266 e
245.57008 51.18680 -0.69355 0.64259 0.32567 e
246.05138 44.10638 -0.64975 -0.70958 0.27263 e
246.56560 48.53121 0.97143 0.23683 0.01560 e
246.74860 38.95489 -0.41914 -0.90781 -0.01393 e
247.50955 29.25161 0.91130 0.30743 0.27389 e
247.74366 49.14367 0.40127 -0.61540 -0.67843 e
248.67114 41.68834 0.22465 0.32929 -0.91712 e
248.78000 47.93394 -0.75221 -0.43194 0.49761 e
249.02662 42.70118 0.81812 -0.29432 -0.49402 e
249.21008 38.52676 -0.62421 0.05545 0.77928 e
249.67145 39.00846 -0.68696 0.02400 -0.72630 e
249.83834 27.80639 0.56614 0.71448 -0.41109 e
250.41685 76.11188 -0.82363 -0.22106 0.52227 e
250.65841 38.86155 0.13916 -0.24338 -0.95990 e
250.74515 53.44427 -0.63113 0.67828 0.37630 e
250.82704 23.80886 0.24711 -0.96719 0.05893 e
250.98366 56.79883 0.43311 -0.43412 -0.78991 e
252.92302 16.85308 -0.88074 -0.40016 -0.25330 e
253.62462 19.27783 0.54180 -0.25661 -0.80038 e
255.28078 37.81005 -0.19989 0.54810 -0.81218 e
255.49145 50.04264 -0.77111 -0.58283 0.25633 e
255.53031 82.73239 0.98765 -0.15451 -0.02579 e
255.75319 76.13242 0.37965 0.87737 0.29341 e
255.79283 20.89202 0.44627 -0.83578 0.31985 e
255.96588 36.74959 -0.46704 0.14678 -0.87197 e
255.97165 26.34003 -0.79449 -0.54761 -0.26251 e
256.60358 29.17748 0.83924 0.53411 0.10195 e
256.76033 46.04664 0.76114 0.62596 0.16984 e
257.19759 22.24981 0.15216 -0.46667 -0.87125 e
257.22568 45.09145 0.51464 -0.21637 0.82965 e
258.45275 52.80182 -0.78155 0.58674 0.21194 e
258.75950 26.40214 -0.36319 -0.49276 -0.79074 e
259.45835 35.08805 0.70179 0.37078 -0.60828 e
259.47155 53.59195 0.14712 0.03511 -0.98850 e
260.48123 24.16659 0.33466 0.43899 0.83384 e
260.58732 41.93058 0.12627 0.57141 -0.81089 e
260.82165 56.12088 -0.19927 -0.54657 -0.81336 e
261.87858 75.47261 -0.07674 0.98395 -0.16112 e
262.35587 17.47880 0.99593 0.02193 0.08741 e
262.95143 28.92222 -0.14502 0.98451 -0.09854 e
264.71316 69.92001 0.40617 0.67060 -0.62074 e
265.29778 25.70668 -0.00715 -0.99947 -0.03168 e
265.71940 14.87512 -0.55925 0.62647 -0.54294 e
265.80773 40.52213 0.23189 0.62266 -0.74734 e
266.54770 29.57119 -0.53845 0.57990 -0.61138 e
266.60961 28.97253 0.34984 0.39732 -0.84838 e
267.26722 35.31086 -0.31472 -0.67832 -0.66395 e
267.90553 29.45891 -0.35760 -0.92795 -0.10501 e
268.07808 63.34017 -0.78047 -0.17055 -0.60148 e
268.29043 39.01078 0.38235 0.83127 -0.40348 e
268.57557 38.89708 0.14306 -0.93085 -0.33623 e
268.68049 48.77750 0.65378 -0.74315 -0.14248 e
268.96081 77.09763 0.61680 0.25076 -0.74611 e
269.00882 68.69501 -0.98582 -0.15671 0.06006 e
269.54021 54.92364 0.78851 0.05171 -0.61284 e
270.18849 75.80243 0.34087 -0.19841 -0.91893 e
270.37754 49.48453 0.77596 -0.62415 -0.09123 e
271.73406 50.00862 0.00637 -0.91527 -0.40278 e
272.39158 75.18184 -0.28054 -0.58220 -0.76311 e
274.34458 80.60383 0.94502 -0.00286 0.32699 e
275.45456 35.86128 -0.60714 0.75817 -0.23784 e
275.71567 60.82927 0.65435 -0.04735 -0.75470 e
277.92936 22.70794 0.24718 0.18988 0.95018 e
278.81543 62.37674 0.07046 0.93824 0.33872 e
280.05064 29.42465 0.77626 0.42387 -0.46665 e
281.05531 43.56851 0.22015 0.34175 0.91364 e
281.16842 48.95126 0.35111 -0.66003 -0.66414 e
281.22435 38.62875 0.77493 0.60669 0.17722 e
282.11617 21.78905 0.81394 -0.28966 -0.50358 e
282.35776 63.52550 0.04011 0.98956 0.13839 e
283.51882 18.33884 0.44651 -0.65940 -0.60483 e
284.91789 69.51202 0.57290 0.04779 -0.81823 e
285.06389 56.31995 0.11075 0.90975 0.40011 e
285.18040 66.10498 -0.10573 0.34509 -0.93259 e
285.97664 82.75654 0.73423 -0.32331 -0.59697 e
286.16266 47.79591 0.97396 0.21361 -0.07591 e
286.18031 23.86050 -0.33077 -0.07678 -0.94058 e
288.01933 44.38193 -0.83792 0.47615 -0.26677 e
288.19871 42.44118 0.33272 0.90512 0.26468 e
289.54062 60.15518 0.69290 0.44213 -0.56957 e
289.71121 49.75994 -0.28969 0.75335 -0.59038 e
289.85662 57.37307 0.90988 0.06073 0.41040 e
290.00219 38.10960 0.25762 -0.09408 -0.96166 e
290.05251 45.49695 0.74049 -0.04407 0.67062 e
290.29986 43.75863 0.86787 -0.25100 -0.42872 e
291.83236 13.68432 0.67764 -0.25795 -0.68867 e
292.13301 65.41965 -0.66605 -0.26860 -0.69587 e
292.41908 38.98339 0.45638 -0.70707 -0.54016 e
294.15496 23.30448 0.58756 -0.60515 -0.53718 e
294.61080 57.05740 -0.96905 -0.13294 -0.20801 e
294.76659 43.29615 0.08197 0.34841 -0.93375 e
295.02555 47.63524 -0.49195 -0.73625 0.46467 e
295.36412 62.55797 -0.62132 -0.76799 0.15539 e
295.37855 29.55461 0.55913 0.57540 0.59690 e
295.59736 30.72447 -0.40362 -0.43864 0.80293 e
295.61318 64.63822 0.80977 0.39738 -0.43168 e
295.68303 76.88283 -0.43736 0.87922 -0.18893 e
296.20333 34.79432 0.37204 0.04428 -0.92716 e
296.74463 65.54510 -0.42228 -0.12347 -0.89802 e
297.61133 57.38090 -0.75875 0.54704 -0.35360 e
297.85926 82.82460 -0.43499 -0.69130 -0.57696 e
298.37078 75.07955 -0.30738 0.18685 -0.93306 e
298.51558 60.63436 -0.95680 -0.07852 -0.27994 e
298.63319 44.32057 0.45851 -0.88798 0.03544 e
298.81941 49.06068 0.39775 -0.61763 -0.67847 e
298.90858 73.76435 0.54630 0.79313 0.26927 e
301.17839 45.65356 -0.51877 -0.85491 0.00323 e
302.59552 48.28164 -0.85793 0.27363 0.43484 e
304.28646 40.37862 -0.29043 0.56463 -0.77255 e
304.58475 48.30548 -0.37513 -0.21034 -0.90279 e
304.64939 53.56386 0.68518 0.06308 0.72564 e
305.82216 27.87616 -0.74322 -0.48608 -0.45972 e
306.02134 30.23235 -0.16912 -0.97371 -0.15264 e
306.20364 43.03834 -0.74994 -0.40236 0.52506 e
306.79646 26.46424 -0.37154 0.92776 0.03498 e
308.00702 49.19159 0.31435 -0.94628 0.07573 e
308.48124 39.25761 -0.58001 -0.19633 0.79059 e
308.48237 26.97256 -0.47882 0.87727 -0.03358 e
309.03766 67.62766 -0.32509 -0.69855 -0.63745 e
309.28075 35.04955 0.54031 0.54499 -0.64114 e
309.57035 46.13389 0.72611 -0.08583 0.68220 e
309.87700 61.42070 0.28463 -0.62188 -0.72955 e
310.27942 34.62919 -0.69537 0.52166 -0.49430 e
312.18684 61.44798 0.31646 0.70774 -0.63164 e
312.55396 50.29611 -0.81461 -0.19304 0.54694 e
312.59692 23.79874 -0.34311 0.86232 0.37241 e
312.64200 67.78507 -0.21865 -0.64158 -0.73523 e
312.88592 66.56139 -0.89570 0.15342 0.41736 e
313.30840 41.25893 -0.92770 0.35983 -0.09950 e
313.73686 33.38542 -0.67886 -0.02396 -0.73388 e
314.51869 71.52284 0.34038 0.65197 -0.67755 e
315.43703 55.77622 0.35425 0.85979 0.36779 e
315.45915 29.88700 0.24332 0.85355 0.46071 e
315.90141 38.69331 0.55894 -0.52105 0.64505 e
315.90260 16.82213 -0.38789 -0.44739 -0.80584 e
315.97248 37.27323 -0.06068 0.32546 -0.94361 e
316.47994 42.49939 0.03720 -0.84644 -0.53118 e
317.04346 81.12344 -0.98664 -0.10902 -0.12103 e
317.26220 20.65713 0.70575 0.70269 -0.09027 e
317.73580 44.70657 0.12384 -0.98957 -0.07354 e
317.83636 42.26277 0.77369 0.60226 -0.19667 e
317.87417 79.78207 0.97293 -0.18227 -0.14209 e
317.97122 40.83105 0.85377 0.20863 -0.47702 e
318.46740 22.42136 0.15383 -0.76100 -0.63025 e
319.23285 41.88955 -0.63234 0.10870 -0.76703 e
319.23637 55.72866 0.86957 -0.24145 -0.43075 e
319.40059 45.15564 -0.50577 -0.19961 -0.83926 e
319.56166 31.42938 -0.83069 0.43269 -0.35033 e
320.07570 72.30557 0.75927 -0.18119 -0.62505 e
320.56524 44.43147 -0.87851 -0.31604 -0.35825 e
320.60581 46.45312 -0.64645 -0.38462 -0.65891 e
320.85569 68.58771 -0.29907 0.80029 -0.51971 e
322.02438 14.69786 0.52440 -0.11815 -0.84323 e
322.05933 43.23179 -0.16109 0.94415 -0.28746 e
322.88761 25.36922 0.36247 0.38245 -0.84991 e
323.77366 49.95644 0.28394 0.37765 0.88134 e
324.11327 29.06482 -0.93412 0.23396 0.26962 e
324.56716 25.32221 -0.47559 0.22822 -0.84955 e
324.89580 15.09662 0.45193 0.85283 0.26162 e
325.56764 46.30625 -0.91340 -0.36611 -0.17794 e
326.16932 46.69713 0.85115 0.06874 -0.52040 e
326.39060 55.33443 -0.43206 0.63363 -0.64175 e
326.41865 57.42050 -0.56979 0.77287 0.27930 e
327.73491 27.15348 -0.80939 -0.30668 -0.50083 e
328.12178 34.16400 0.61537 0.73008 -0.29714 e
328.29590 44.59969 -0.28105 -0.32113 -0.90437 e
329.28152 38.38265 -0.15724 -0.81991 0.55048 e
329.29901 65.75375 -0.78149 -0.00088 -0.62392 e
329.85887 69.50244 -0.99471 -0.10273 -0.00064 e
330.27275 53.48042 -0.73642 0.44158 -0.51253 e
331.50849 71.11071 -0.07694 -0.97180 -0.22291 e
331.86766 51.99281 0.74807 0.57752 0.32691 e
332.27941 59.52499 -0.58495 -0.01831 -0.81087 e
332.44398 54.85428 -0.21312 0.52667 -0.82292 e
332.45868 52.77231 0.97441 0.20206 0.09850 e
332.48970 17.95072 -0.88202 -0.46790 0.05574 e
332.48974 24.82775 -0.56857 0.46848 -0.67620 e
332.65208 35.27073 -0.34108 -0.63077 -0.69698 e
333.89431 53.92529 -0.79053 -0.59804 -0.13193 e
335.80236 14.35154 0.21309 0.58902 -0.77952 e
336.30172 53.00425 0.97843 -0.18616 -0.08954 e
336.47159 26.29652 0.15499 0.91376 -0.37553 e
336.85504 46.95410 -0.11906 -0.96280 -0.24258 e
338.46444 64.58776 0.22569 -0.21715 -0.94969 e
339.08949 27.85725 -0.64241 -0.74143 -0.19388 e
340.11563 35.56792 -0.75612 -0.31024 0.57622 e
340.14996 70.32892 -0.14967 -0.74291 -0.65245 e
341.76159 36.68688 -0.31792 -0.14933 -0.93628 e
342.05763 62.20495 0.35233 -0.89788 -0.26397 e
343.39570 71.17164 -0.98981 0.05436 -0.13160 e
344.08851 45.05761 0.65986 -0.64246 0.38966 e
345.68690 37.17301 0.16196 0.73194 0.66184 e
345.93698 44.47494 -0.47818 0.87802 -0.02057 e
346.81783 61.39648 -0.92900 -0.21808 0.29899 e
347.28193 27.77912 -0.25860 0.72316 -0.64044 e
347.39719 74.85270 0.57991 0.15227 -0.80032 e
347.54219 43.51028 -0.88737 -0.05453 -0.45783 e
348.00673 35.71584 0.70278 0.58423 -0.40591 e
348.18863 35.58561 -0.31084 -0.94599 0.09212 e
348.28172 57.10318 0.74707 0.64194 0.17265 e
348.76118 29.52336 -0.49753 0.82993 -0.25234 e
349.40586 73.25717 -0.77009 0.21501 -0.60061 e
349.68342 40.71572 0.98438 -0.10339 -0.14253 e
349.86746 81.00692 0.35195 0.23869 -0.90507 e
349.97538 48.00454 0.75551 0.49558 -0.42849 e
350.22459 70.77690 0.37263 0.92571 0.06485 e
350.66776 62.90275 -0.71756 0.01950 -0.69622 e
350.72676 59.85654 0.57197 0.57382 -0.58616 e
350.90569 62.25468 -0.20258 0.77111 -0.60362 e
351.02313 33.75402 -0.77184 -0.38342 -0.50720 e
351.48858 40.14136 0.11906 -0.94771 -0.29608 e
351.59543 84.47534 0.37519 0.88078 -0.28889 e
351.60512 49.36717 0.60263 0.78449 0.14632 e
351.89612 24.89891 0.41392 -0.40117 -0.81715 e
352.19491 37.23660 0.15902 0.96396 0.21330 e
353.17837 42.45024 0.64420 -0.57403 -0.50546 e
353.26180 84.37099 -0.63865 0.76254 -0.10324 e
353.63713 39.09173 -0.39793 -0.56364 0.72385 e
354.05414 50.63507 -0.93385 0.28538 -0.21562 e
354.27041 54.15381 -0.59057 -0.80084 -0.09940 e
354.69776 77.48096 -0.91504 -0.07061 -0.39714 e
354.71214 55.76978 -0.32453 0.88815 -0.32537 e
355.27239 76.01199 0.52861 -0.22797 -0.81768 e
355.30607 29.88948 0.52483 -0.54995 0.64970 e
355.76205 45.59569 0.80617 0.41942 -0.41734 e
356.12827 48.12406 0.20065 0.15313 -0.96762 e
356.98874 79.77331 0.03168 0.72140 -0.69179 e
357.22373 79.07778 0.25773 0.42358 -0.86842 e
357.73758 43.38584 -0.77510 0.52623 -0.34973 e
358.68471 66.59880 0.48240 -0.06600 -0.87346 e
358.68779 45.50627 -0.95565 -0.08667 -0.28148 e
362.37101 70.81766 -0.15811 -0.73481 -0.65958 e
362.57395 49.58495 0.97364 0.15163 0.17041 e
362.92004 51.51727 0.97071 0.21451 0.10819 e
362.93440 49.03384 0.96159 0.20080 0.18713 e
364.34533 59.25558 -0.52897 0.67545 -0.51377 e
365.63660 68.74723 0.94928 -0.29087 -0.11945 e
366.25688 50.18129 0.41802 -0.74772 -0.51591 e
366.78270 31.79434 0.58793 0.74975 0.30367 e
367.19186 22.12492 0.78454 0.36748 0.49945 e
369.78053 30.62641 0.13615 0.77386 -0.61855 e
369.78344 22.54636 0.87108 -0.37677 -0.31506 e
370.43317 59.74878 0.56938 -0.60489 -0.55670 e
372.67459 71.67866 -0.53145 0.80721 0.25684 e
372.86250 52.27318 -0.06044 0.68520 -0.72584 e
375.26367 50.08229 0.81826 0.48056 -0.31545 e
376.14943 30.17852 -0.14214 0.03281 -0.98930 e
377.00132 49.38530 0.40712 0.71292 -0.57096 e
377.26620 79.81909 0.13549 0.33285 -0.93320 e
379.11999 16.21530 0.74094 -0.57371 -0.34909 e
379.35887 14.52944 0.62812 0.44143 -0.64079 e
379.85340 47.51944 -0.26041 0.07469 -0.96261 e
383.24352 35.13020 0.26287 0.60015 -0.75546 e
385.58598 32.80722 0.01203 -0.35698 -0.93404 e
389.07769 19.48502 0.12639 0.13170 0.98320 e
395.28854 54.60517 -0.18159 0.94681 -0.26565 e
398.65060 65.67065 -0.17913 0.72434 -0.66576 e
402.43961 72.42708 -0.44543 -0.24828 -0.86020 e
403.52024 31.60795 0.66933 -0.70941 -0.22074 e
407.48966 61.31838 0.35444 0.34937 -0.86736 e
407.86499 23.36517 -0.06718 0.38874 -0.91890 e
408.00035 68.99485 0.37988 -0.23908 -0.89361 e
413.52283 18.24168 0.26193 0.06549 -0.96286 e
417.08956 37.32727 -0.30875 -0.32908 -0.89240 e
418.92061 31.96531 0.39473 -0.41052 -0.82199 e
424.35410 24.74529 -0.74583 0.32838 -0.57957 e
426.70721 64.47190 -0.11850 -0.95200 -0.28224 e
435.67599 25.21431 -0.48726 -0.50856 -0.70989 e
468.14513 63.51893 0.44822 -0.24351 -0.86012 e
495.58601 28.62379 -0.37318 0.54766 0.74887 e
522.59955 18.55237 -0.97607 -0.07364 -0.20459 e
574.14965 36.35194 0.68399 0.72590 0.07234 e
601.65281 23.87175 0.60183 -0.16470 -0.78145 e
631.99094 46.75218 -0.25186 -0.22691 -0.94079 e
657.90347 15.54124 0.92116 0.38510 0.05631 e
689.27424 45.80254 0.68394 0.70063 0.20332 e
767.99838 20.34947 0.49187 0.69486 -0.52463 e
768.24606 27.44550 -0.47013 0.79385 -0.38572 e
770.80387 45.31420 0.83862 -0.27568 -0.46981 e
826.38699 29.78766 -0.43086 0.90206 -0.02529 e
829.98816 23.86641 0.11677 -0.15710 -0.98065 e
833.41262 32.35397 0.81966 -0.51321 0.25451 e
833.79958 21.09969 -0.50867 -0.53851 0.67176 e
837.11363 32.45501 0.34496 -0.93300 0.10251 e
865.40450 20.63255 0.20460 -0.54100 -0.81576 e
884.71139 21.50872 -0.31955 -0.08672 -0.94359 e
913.34853 22.04162 -0.64679 -0.40012 -0.64928 e
941.73621 28.04421 -0.44656 0.80549 -0.38958 e
993.18125 20.06253 -0.93606 -0.03857 -0.34972 e
1037.99892 19.92970 0.03326 -0.94148 -0.33541 e
1110.42298 19.99984 0.61612 0.77243 -0.15411 e
1131.01151 26.25766 -0.15926 0.94657 -0.28042 e
1202.42310 32.22192 0.28200 0.48115 0.83005 e
1264.63153 16.20837 0.13713 -0.99054 0.00483 e
1267.84021 20.60322 0.65423 -0.02255 0.75596 e
1283.27321 20.76119 0.94164 -0.12510 -0.31250 e
1287.91766 20.11861 -0.41581 -0.04115 0.90852 e
1302.06781 25.58780 0.81874 -0.46038 0.34309 e
1370.39234 32.91829 -0.90796 0.32109 0.26927 e
1401.38121 22.37168 0.23403 0.95816 0.16479 e
1422.78299 24.47037 0.17747 0.98402 0.01478 e
1465.41852 29.44103 -0.18188 -0.98120 0.06454 e
1558.19752 24.65064 0.98089 -0.18775 -0.05112 e
1571.73744 22.30025 0.92009 -0.38567 -0.06849 e
1634.38131 38.67422 0.06288 -0.08922 -0.99403 e
1634.78406 19.80938 -0.83521 0.13929 0.53200 e
1654.37125 38.89371 0.52386 0.27233 0.80710 e
1674.08540 23.83995 -0.31879 0.23270 0.91882 e
1696.12536 22.94739 0.63199 0.17367 0.75527 e
1750.34946 20.85200 0.43176 -0.89816 0.08305 e
1760.41674 37.74007 -0.81971 0.48437 -0.30573 e
1799.62766 27.44359 -0.89738 -0.15925 -0.41153 e
1810.96299 31.04586 -0.05223 -0.60376 -0.79545 e
1864.79818 13.54954 0.68240 -0.72998 -0.03821 e
1888.39965 24.73757 0.38693 0.76204 0.51920 e
1897.36039 29.68100 -0.47673 -0.22377 0.85009 e
1900.06315 11.93190 -0.28554 0.95832 0.00983 e
1910.73311 13.74940 0.39752 0.49169 0.77474 e
1926.01038 18.95665 0.37775 0.73910 0.55771 e
1945.63061 13.61810 -0.92974 0.09630 -0.35539 e
2234.55533 5.92849 -0.70597 -0.52155 -0.47915 e
2343.40695 16.24053 -0.12792 -0.00877 -0.99175 e
2386.80784 35.47667 -0.69875 0.51052 -0.50112 e
2421.07076 29.18446 0.75033 0.65021 -0.11935 e
2493.05172 10.94925 0.93808 0.18785 -0.29105 e
2521.45326 13.57940 0.62247 -0.20438 -0.75548 e
2558.23675 11.41126 -0.76497 -0.62129 0.16976 e
2950.65853 29.06998 0.20813 0.88767 0.41077 e
2990.95871 27.85111 -0.66179 0.26779 0.70022 e
2995.68969 16.54912 0.98913 0.09021 -0.11614 e
3168.76744 17.37349 -0.18681 0.36296 -0.91289 e
3182.42759 12.73776 -0.22503 -0.63421 -0.73969 e
3219.08000 23.25778 -0.27026 0.91255 0.30695 e
3308.78133 51.39807 -0.34289 -0.86789 0.35945 e
3321.36792 15.39238 -0.62099 0.58827 -0.51798 e
3888.03366 12.62150 0.42752 -0.19262 0.88325 e
4054.51766 14.88286 -0.70777 0.36422 -0.60532 e
4108.97426 80.70335 0.83662 -0.51564 -0.18490 e
4225.71610 17.17837 0.57275 0.25946 -0.77758 e
4233.12004 68.46113 0.30331 -0.93836 0.16576 e
4709.07754 15.86390 0.09307 0.84279 -0.53013 e
4755.30621 35.86701 -0.77817 -0.54832 0.30626 e
5007.56818 26.44758 -0.85772 0.43547 -0.27329 e
5473.24393 27.23655 -0.35347 -0.26418 -0.89737 e
5589.48763 29.10429 -0.31041 0.42695 -0.84933 e
5821.81474 19.73839 0.02560 0.49019 0.87124 e
5839.43909 80.22631 -0.79712 -0.60314 -0.02865 e
6031.52384 26.46047 0.43559 0.49660 -0.75076 e
6276.84559 19.64470 -0.59519 -0.77928 -0.19614 e
6881.26477 13.88401 0.54765 0.82022 -0.16526 e
7155.81379 34.53185 -0.51945 0.70004 0.49002 e
7271.36056 20.54939 -0.08223 0.37544 -0.92319 e
7618.51655 46.14842 -0.12108 0.91121 0.39375 e
7812.91967 16.20440 -0.41874 -0.85216 -0.31383 e
7953.28579 19.94090 0.03466 0.99649 -0.07620 e
7993.56787 28.32398 -0.94071 -0.03643 0.33726 e
8944.22131 19.56897 0.32305 -0.90344 0.28186 e
9140.51215 10.04582 -0.10228 0.69877 0.70800 e
9184.47071 29.29927 -0.82664 0.56258 -0.01319 e
9291.20047 37.67742 0.02628 0.99179 -0.12515 e
9803.57657 21.82756 0.88438 -0.46673 0.00620 e
10615.60933 16.31251 0.45209 -0.79404 0.40634 e
10807.98034 27.16640 -0.80397 -0.04490 -0.59297 e
11481.59753 77.17110 0.23443 -0.18299 -0.95476 e
12532.46530 15.55957 -0.49708 -0.23329 -0.83575 e
14193.73885 46.40181 -0.18493 -0.80125 -0.56903 e
15818.44808 6.40752 0.19163 -0.87604 -0.44253 e
