15.34931 69.02335 -0.53682 -0.75415 -0.37826 eb
15.46153 42.39484 0.57626 0.77708 -0.25312 eb
17.26545 67.54889 -0.10774 0.51286 -0.85169 eb
17.51129 78.77531 -0.09047 0.22671 -0.96975 eb
18.73827 74.56510 0.96686 -0.21962 -0.13016 eb
18.92271 51.08424 -0.51536 -0.42214 -0.74579 eb
19.30611 41.60604 0.02005 0.55307 -0.83289 eb
19.60547 70.75825 0.60038 0.70117 -0.38459 eb
20.15837 67.94557 -0.49893 0.63554 -0.58919 eb
21.29021 66.22022 -0.84774 0.24453 -0.47068 eb
21.35484 32.17443 -0.02071 0.91968 -0.39211 eb
21.42669 27.15373 0.76147 0.40385 0.50702 eb
22.33927 79.47360 0.36218 -0.83653 -0.41116 eb
23.01650 70.09937 -0.90216 -0.38553 -0.19360 eb
23.09241 16.63044 0.09413 0.71510 0.69265 eb
23.29069 86.19031 -0.24329 0.96758 -0.06779 eb
23.59228 78.02453 -0.81341 0.44032 -0.38011 eb
23.94481 72.58166 -0.98849 0.04336 0.14494 eb
24.27008 55.49678 -0.22646 -0.18622 -0.95605 eb
24.96609 28.68281 -0.64911 0.42993 0.62754 eb
25.23433 32.01373 0.15820 -0.92606 0.34262 eb
25.49117 81.16344 -0.72471 -0.61350 -0.31371 eb
25.67520 45.45305 -0.39663 0.01101 -0.91791 eb
25.90924 73.01797 0.10839 -0.98253 -0.15127 eb
26.24600 48.37214 -0.49764 -0.78568 -0.36750 eb
26.30448 87.87592 -0.17077 -0.73828 -0.65252 eb
26.49189 65.75835 -0.71105 0.68130 0.17389 eb
26.55182 80.05016 -0.14107 0.42387 -0.89467 eb
26.61616 33.05942 0.57039 -0.81991 -0.04900 eb
26.92957 57.33955 -0.93809 -0.11068 -0.32823 eb
27.21876 41.13391 -0.05069 0.87401 -0.48326 eb
27.82864 85.80074 0.46480 -0.73947 0.48698 eb
27.96744 59.97862 0.27296 0.17692 0.94562 eb
28.11174 35.76759 -0.31654 -0.35588 -0.87929 eb
29.70025 28.03736 0.46428 0.17557 -0.86811 eb
29.84083 75.00203 -0.47635 -0.10248 0.87326 eb
30.04314 45.13593 -0.93931 0.13943 -0.31345 eb
30.23763 75.52902 0.70652 -0.33024 -0.62592 eb
30.38440 86.95982 0.60759 -0.03534 0.79347 eb
30.55829 46.46059 -0.48636 0.13181 -0.86376 eb
30.58033 55.74394 -0.34247 -0.65063 -0.67778 eb
30.61502 70.95334 0.79248 -0.58646 -0.16747 eb
30.77228 60.48833 -0.96162 -0.12121 -0.24618 eb
30.93319 78.87657 0.25048 -0.89472 0.36977 eb
30.93914 63.03358 -0.30922 0.43180 -0.84731 eb
31.20949 28.42358 0.81144 0.08688 0.57794 eb
31.67194 51.83306 -0.45867 -0.41222 -0.78721 eb
31.77492 55.66506 -0.61349 -0.12920 -0.77907 eb
33.25544 48.04207 -0.48875 -0.68904 -0.53511 eb
33.33361 60.12001 -0.28933 -0.87194 0.39499 eb
33.42764 61.03986 0.13782 -0.59369 -0.79280 eb
33.42897 62.28383 0.99819 0.03978 -0.04506 eb
33.51598 51.77623 -0.09709 0.85153 -0.51524 eb
33.74706 40.40626 -0.34693 -0.40400 -0.84642 eb
33.74988 87.28616 -0.56485 -0.24188 -0.78895 eb
33.91647 84.55407 -0.24569 -0.85442 -0.45783 eb
34.06290 67.08137 0.48814 0.38863 -0.78146 eb
34.41505 69.68062 -0.16916 0.41050 -0.89603 eb
34.52518 30.16640 -0.59588 0.71592 -0.36384 eb
34.65634 74.79571 -0.55122 0.33502 -0.76415 eb
34.72565 64.40474 -0.76013 -0.43197 0.48539 eb
34.96736 77.52477 0.23870 -0.25093 0.93811 eb
35.20156 48.48127 -0.60876 -0.52961 -0.59070 eb
35.33754 47.91922 0.74142 -0.33386 -0.58209 eb
35.35313 82.71491 0.80051 0.36322 -0.47672 eb
35.42860 35.30901 -0.76005 -0.21993 -0.61152 eb
35.44878 20.95047 -0.05984 -0.96325 0.26184 eb
35.47473 67.02110 -0.41473 -0.56314 -0.71476 eb
35.49709 42.71418 -0.98822 -0.15168 0.02057 eb
35.65477 65.19615 -0.22595 -0.18654 -0.95611 eb
36.10797 39.30119 -0.72646 -0.64556 0.23562 eb
36.18606 88.01304 -0.00727 0.61878 -0.78553 eb
36.51348 63.31234 0.56324 0.23457 -0.79230 eb
36.66113 41.18236 0.88476 -0.15920 -0.43801 eb
36.67190 22.86780 -0.05217 -0.22410 -0.97317 eb
36.67637 50.64088 0.04289 -0.96037 -0.27542 eb
37.00002 21.43586 0.50605 -0.79279 -0.33969 eb
37.26111 72.50725 0.41227 0.50975 -0.75510 eb
37.62843 81.65563 -0.93231 0.36091 0.02314 eb
38.02469 64.84623 -0.69052 0.00520 0.72330 eb
38.11501 36.36214 0.97340 -0.10714 0.20254 eb
38.28501 58.08740 -0.55293 0.79210 0.25855 eb
38.56331 32.27113 -0.03899 -0.03062 -0.99877 eb
38.67282 74.72679 -0.25300 0.96279 -0.09499 eb
39.49819 52.58362 -0.57263 0.77011 0.28110 eb
39.60204 12.41033 -0.22102 -0.84009 0.49538 eb
39.60554 33.34800 -0.48663 0.09998 0.86787 eb
39.77389 61.34161 -0.89551 0.30424 -0.32481 eb
40.20644 53.21189 0.81629 0.37149 0.44234 eb
40.36760 19.27765 -0.55428 0.07095 -0.82930 eb
40.54570 45.66117 0.52851 -0.38216 -0.75804 eb
40.67250 63.54279 0.93640 0.31756 -0.14939 eb
41.35456 43.73022 0.55456 0.12404 -0.82284 eb
41.48416 68.55124 -0.40881 0.82512 -0.38994 eb
41.65807 70.30337 0.15282 -0.21404 -0.96480 eb
41.72472 86.73339 -0.24487 0.82510 -0.50916 eb
41.74738 29.01288 -0.51713 0.06560 -0.85339 eb
41.76802 76.72533 0.35499 -0.64892 -0.67297 eb
42.19174 18.70131 0.77215 -0.05025 -0.63345 eb
42.54210 56.03519 0.01914 -0.83265 -0.55346 eb
42.68713 87.68459 0.04953 0.70894 -0.70352 eb
42.89842 38.12212 0.80373 -0.37369 0.46302 eb
43.19930 66.73384 -0.81893 -0.37261 -0.43648 eb
43.40026 70.87533 0.87765 -0.47178 0.08459 eb
43.40823 75.34452 -0.49335 -0.71735 -0.49194 eb
43.45270 63.33308 0.01529 0.96406 -0.26525 eb
43.78989 54.75212 -0.33220 0.87411 -0.35438 eb
43.84718 85.56133 0.21899 -0.80074 -0.55755 eb
44.43942 37.38572 -0.75201 0.64232 -0.14799 eb
44.47139 30.83336 0.30053 0.12330 -0.94577 eb
44.51531 51.25680 0.79191 -0.35899 -0.49398 eb
44.54629 24.50519 0.87155 -0.41003 -0.26883 eb
44.57045 52.41194 -0.49295 0.86820 -0.05681 eb
44.58570 40.27184 -0.44089 -0.15413 0.88423 eb
44.64206 22.88778 0.27451 0.95518 -0.11076 eb
44.65067 72.51336 -0.13038 0.42367 -0.89639 eb
44.71046 67.43874 -0.35307 -0.89843 0.26107 eb
44.88890 50.39657 -0.44276 -0.44925 -0.77597 eb
44.93307 59.29068 -0.33393 -0.06635 -0.94026 eb
45.07334 40.83131 0.72855 0.68474 0.01885 eb
45.08012 87.24132 0.75947 0.64032 -0.11491 eb
45.08324 82.94363 0.53371 -0.84027 0.09539 eb
45.77078 50.66923 0.31866 -0.67721 -0.66321 eb
45.96239 60.84891 0.53205 0.49871 -0.68426 eb
46.36612 39.89056 -0.24260 0.68261 -0.68934 eb
46.51740 56.55619 -0.51069 -0.72304 -0.46520 eb
46.60851 45.83993 -0.08443 0.50554 -0.85866 eb
46.62064 68.09877 -0.66782 0.73538 -0.11504 eb
46.68497 67.54995 -0.25023 -0.39835 -0.88244 eb
46.84554 58.38367 0.91495 -0.11766 -0.38604 eb
46.96688 57.86976 -0.97491 -0.21735 -0.04804 eb
46.98641 53.75052 -0.77958 -0.55747 0.28545 eb
47.08052 56.68235 0.36703 -0.77531 -0.51398 eb
47.12253 51.24870 -0.40519 0.37307 -0.83465 eb
47.13231 47.60907 -0.93150 -0.36141 -0.04117 eb
47.78815 55.24522 -0.33962 -0.51604 -0.78636 eb
47.92988 57.51374 0.50461 0.66681 -0.54839 eb
48.06541 46.63227 0.32506 -0.13944 -0.93536 eb
48.16876 87.88159 -0.02201 0.17160 -0.98492 eb
48.75521 46.25476 0.97521 0.04716 -0.21622 eb
48.90272 40.10790 -0.11125 -0.58434 0.80385 eb
49.29568 80.14767 0.33741 0.82846 -0.44700 eb
49.39821 87.80804 -0.53139 0.50626 -0.67921 eb
49.39925 65.95703 0.04907 0.03838 -0.99806 eb
49.48476 59.41443 0.06906 0.84415 -0.53164 eb
49.52692 31.50536 -0.26049 -0.95441 -0.14577 eb
50.10712 60.74246 0.53636 -0.48369 -0.69164 eb
50.14600 32.68411 -0.52740 -0.13562 -0.83872 eb
50.37233 32.25186 0.97690 -0.13550 -0.16523 eb
50.40657 44.02166 0.69494 0.35126 -0.62743 eb
50.44802 36.62867 0.57300 -0.59163 -0.56715 eb
50.47415 55.18911 -0.93103 0.36082 -0.05477 eb
51.24966 43.80304 0.32259 0.52567 -0.78715 eb
51.25550 62.72704 0.78952 0.00894 -0.61366 eb
51.50637 49.22471 0.35489 0.88606 0.29826 eb
51.52237 58.46003 -0.28097 -0.94027 -0.19221 eb
51.69567 66.03307 -0.09281 0.85348 0.51279 eb
51.96125 39.02204 0.52419 -0.68170 0.51040 eb
51.98736 64.61534 0.76803 -0.11424 0.63015 eb
52.29320 54.62097 -0.36072 0.87338 0.32723 eb
52.35610 50.03803 0.35295 -0.55159 -0.75576 eb
52.45603 43.81545 0.86898 0.10540 -0.48348 eb
52.75918 50.14434 -0.73284 -0.67948 -0.03537 eb
52.97655 47.00488 0.61566 -0.56014 -0.55426 eb
53.01939 57.73145 -0.90393 -0.05685 -0.42389 eb
53.06848 63.58392 -0.41113 -0.53733 -0.73637 eb
53.07884 63.76338 0.11693 -0.26651 0.95671 eb
53.20408 38.95341 0.31138 -0.06910 0.94777 eb
53.25157 38.38000 0.11203 -0.91831 -0.37969 eb
53.55734 60.78813 0.09416 0.97677 -0.19248 eb
53.73226 78.75870 0.56643 0.12639 0.81436 eb
53.86867 41.54645 0.80971 0.15461 -0.56609 eb
53.90063 80.70807 -0.59171 0.16176 -0.78975 eb
53.92603 42.83381 -0.35564 0.49447 0.79311 eb
53.96488 38.73993 -0.75347 -0.65382 -0.06936 eb
54.19560 34.37412 0.41577 -0.25374 -0.87336 eb
54.20086 52.03031 0.91751 0.12282 -0.37828 eb
54.82586 53.46011 -0.85896 -0.34293 -0.38023 eb
56.01251 71.64882 -0.26995 -0.86650 -0.41988 eb
56.11593 55.80611 -0.85897 -0.50741 0.06861 eb
56.33589 64.25493 0.65575 0.64816 0.38716 eb
56.48441 67.29944 -0.40948 -0.74152 -0.53148 eb
57.03229 74.50251 0.69205 -0.64878 0.31646 eb
57.27310 31.19738 -0.68037 0.27427 0.67962 eb
57.27511 70.30290 0.96220 0.10521 0.25120 eb
57.59396 44.73518 0.41039 -0.25641 0.87512 eb
57.74600 81.73776 -0.29663 0.88022 0.37044 eb
57.77238 72.59895 -0.58573 0.08453 -0.80608 eb
57.89748 76.04260 -0.90988 -0.11890 -0.39747 eb
57.98100 47.30312 -0.02514 -0.29464 -0.95528 eb
58.05111 73.12420 0.11117 0.88987 -0.44247 eb
58.38248 56.91772 -0.89502 -0.28859 -0.34008 eb
58.47027 32.22064 0.33691 -0.02950 -0.94108 eb
58.51110 23.35163 -0.13534 0.80927 0.57163 eb
58.87066 31.01711 -0.32139 -0.90971 -0.26292 eb
59.33340 76.33428 0.13660 -0.95803 0.25203 eb
59.87555 32.28168 0.43336 0.59937 0.67302 eb
60.23699 48.78148 0.69427 0.32891 -0.64016 eb
60.35482 66.43800 0.64663 0.39982 -0.64962 eb
60.48610 41.72699 -0.07117 0.45562 -0.88732 eb
60.49515 24.88950 -0.62574 -0.77676 -0.07140 eb
60.53909 49.64174 -0.02516 0.93841 -0.34462 eb
60.56775 22.43718 -0.90260 0.22535 0.36678 eb
60.57452 56.38935 0.14394 -0.44510 -0.88383 eb
60.83151 45.37525 0.55079 -0.80960 -0.20294 eb
61.46232 52.36191 0.81687 0.44801 0.36333 eb
61.61028 24.36790 -0.33902 -0.93868 0.06279 eb
62.54880 48.44551 0.39482 0.78280 -0.48098 eb
62.84124 29.57390 -0.25156 0.52224 -0.81485 eb
63.41804 39.63888 0.79468 0.07364 -0.60254 eb
63.58718 55.51719 -0.82654 0.04166 -0.56134 eb
63.65565 34.21834 0.01118 0.46931 -0.88297 eb
64.10720 53.90126 0.84165 -0.53992 0.01053 eb
64.41776 41.62475 -0.37132 0.61018 -0.69986 eb
64.68467 70.06744 0.67239 -0.36589 0.64344 eb
64.94437 44.99507 0.30091 -0.92548 -0.23009 eb
65.03244 70.41441 0.14839 0.29646 -0.94345 eb
65.59427 33.38810 0.61520 -0.14884 0.77420 eb
65.78482 62.21076 0.14356 0.98250 0.11865 eb
65.87151 29.02527 0.78915 0.54915 -0.27508 eb
66.11050 65.18472 -0.25249 0.20775 -0.94503 eb
66.24156 53.80412 -0.97664 0.13454 0.16753 eb
66.62360 54.90908 0.63091 -0.66358 0.40201 eb
66.98429 44.61641 -0.23573 -0.91116 -0.33795 eb
67.09857 24.47670 0.28022 0.09178 -0.95554 eb
67.20940 41.45762 0.68569 -0.06322 -0.72515 eb
67.28989 75.62733 0.22179 -0.70276 0.67597 eb
67.53436 80.78534 -0.46333 -0.43569 -0.77169 eb
68.04240 62.92806 0.34602 -0.87456 -0.33972 eb
68.64772 27.19136 -0.41634 -0.90882 0.02647 eb
68.85401 14.47756 0.50100 -0.78182 -0.37115 eb
69.18672 38.68037 -0.59861 0.47616 -0.64416 eb
69.38716 21.22516 0.50792 0.74720 -0.42861 eb
69.88517 83.24664 0.60917 -0.63092 -0.48047 eb
70.19235 55.55498 0.27540 -0.27379 -0.92152 eb
70.75554 72.16175 -0.37828 0.84693 -0.37364 eb
70.77077 65.69627 -0.50473 -0.85148 0.14221 eb
70.90825 80.42491 0.68142 0.42823 -0.59353 eb
71.26802 24.35223 0.89290 0.08956 0.44125 eb
71.41877 32.51706 0.35772 0.83054 0.42690 eb
71.54448 63.76791 -0.24119 -0.72801 -0.64174 eb
71.54961 49.27993 -0.28498 0.80341 -0.52280 eb
71.88360 23.32371 0.96567 0.21029 0.15249 eb
71.97977 78.06640 -0.81630 -0.57672 0.03224 eb
71.99636 70.25156 0.26141 0.48179 0.83639 eb
72.03208 24.71116 -0.68953 0.29433 0.66175 eb
72.10099 32.54075 0.67682 -0.28843 -0.67729 eb
72.24661 38.71266 0.35239 -0.83370 0.42518 eb
72.69472 47.27199 -0.24321 -0.41819 -0.87519 eb
73.08081 66.09981 -0.94422 -0.32931 -0.00052 eb
73.08122 83.58122 -0.47023 -0.39668 -0.78837 eb
73.15965 35.27828 -0.50096 0.80698 -0.31276 eb
73.38088 74.41104 -0.82005 -0.23774 -0.52058 eb
74.04184 66.11691 0.31619 0.93777 0.14355 eb
74.10882 69.46876 0.35280 0.20066 -0.91393 eb
74.29744 35.21435 0.29213 0.16002 -0.94289 eb
74.34125 35.88158 0.79354 -0.51981 0.31637 eb
74.37864 54.50033 -0.28937 0.67593 -0.67778 eb
74.47525 62.63962 -0.83376 -0.30744 -0.45861 eb
74.56468 66.78570 0.17489 0.94319 -0.28249 eb
74.70548 52.43789 0.28930 -0.42469 -0.85787 eb
74.91323 79.39902 -0.04281 0.95797 -0.28367 eb
75.20102 67.74167 0.93626 0.04183 -0.34880 eb
75.66525 81.96180 -0.57608 -0.80822 -0.12214 eb
76.11612 87.32112 -0.57932 -0.63718 -0.50832 eb
76.16927 20.79506 -0.41184 0.78057 0.47021 eb
76.90153 60.55111 0.31362 -0.62887 -0.71146 eb
77.23420 36.56769 -0.73828 -0.57192 -0.35756 eb
77.42073 28.88760 0.25702 0.57587 -0.77609 eb
77.54168 41.45008 -0.60814 -0.72513 0.32304 eb
77.67536 82.85247 0.11229 -0.85466 -0.50691 eb
77.71015 27.30671 0.38733 0.33470 -0.85904 eb
78.57685 74.28420 -0.79146 -0.34953 -0.50143 eb
79.06928 75.45471 0.14907 0.06974 -0.98636 eb
79.32859 29.46206 0.72329 -0.68900 0.04613 eb
79.45686 51.75454 -0.77984 -0.22054 -0.58585 eb
79.47033 68.10572 0.85091 -0.40548 -0.33397 eb
79.61223 53.75516 0.81997 -0.15315 -0.55154 eb
80.38827 57.97766 0.41093 -0.89858 -0.15393 eb
81.01151 20.14263 0.76102 -0.61010 0.22052 eb
81.05879 83.71568 -0.59281 0.61665 -0.51800 eb
81.35881 65.33662 -0.45415 0.00497 -0.89091 eb
81.47700 29.86245 -0.73278 0.28743 -0.61678 eb
82.01679 41.17168 0.72756 0.38937 0.56485 eb
82.39096 34.11923 0.22859 -0.94722 -0.22477 eb
82.39101 29.70529 0.56472 -0.77129 0.29360 eb
82.47400 25.16966 -0.56294 -0.62865 -0.53656 eb
82.81911 61.02034 -0.22080 -0.89030 0.39827 eb
84.24768 32.94449 0.15665 0.41628 0.89564 eb
84.32354 77.32730 0.68275 -0.20670 -0.70080 eb
84.40593 32.63050 0.09765 0.83189 -0.54628 eb
84.67947 13.43683 0.25362 0.09189 -0.96293 eb
84.97417 19.95487 0.46173 -0.88034 0.10865 eb
85.00331 26.25854 -0.45772 0.09886 0.88358 eb
85.43754 85.17257 -0.50499 -0.31667 -0.80293 eb
85.51798 55.38854 0.86942 0.32675 0.37059 eb
86.29075 70.13557 -0.56441 0.69168 -0.45057 eb
86.51425 79.23492 0.04673 -0.83252 0.55202 eb
86.59130 43.54375 -0.19635 0.90382 -0.38021 eb
87.49176 38.17644 0.07220 0.99443 -0.07681 eb
88.63494 63.61360 -0.74325 0.38759 -0.54530 eb
88.65593 41.68032 -0.38501 0.89517 -0.22460 eb
88.75202 39.37968 0.00903 -0.34836 -0.93732 eb
89.17899 67.14736 0.41894 -0.83965 -0.34566 eb
89.43075 34.33364 0.07711 0.13593 -0.98771 eb
90.27749 60.40668 -0.47757 0.14201 -0.86704 eb
90.36776 58.78935 0.46205 0.51099 -0.72484 eb
90.38692 26.31947 -0.15250 0.56415 -0.81147 eb
90.90261 64.26334 -0.43838 0.21608 -0.87243 eb
90.99248 45.22411 -0.15152 -0.64035 -0.75299 eb
91.37430 34.38214 -0.90284 0.35539 -0.24202 eb
92.76248 23.84591 0.70178 0.57100 -0.42598 eb
93.08061 19.38379 0.21729 -0.95589 0.19764 eb
93.22897 28.24974 -0.73763 0.48039 -0.47449 eb
94.10302 15.77505 0.98104 0.13653 -0.13755 eb
96.52618 70.60982 0.53500 0.49241 -0.68652 eb
96.86678 28.66930 0.05272 0.92600 -0.37382 eb
97.74824 27.45339 0.79124 0.15923 -0.59042 eb
98.19491 35.43794 0.69561 0.29838 -0.65353 eb
98.36165 14.97186 0.58485 0.59716 0.54895 eb
98.50691 41.76640 -0.15597 -0.87471 -0.45886 eb
98.52469 44.74313 -0.93486 0.27708 0.22194 eb
98.56668 16.53678 0.04706 -0.50442 0.86217 eb
99.66717 50.27529 -0.79478 -0.17714 0.58046 eb
99.69421 83.24969 -0.23633 -0.74646 -0.62204 eb
100.12139 66.80121 0.12381 0.95991 0.25150 eb
100.42499 65.69828 0.14273 0.08684 -0.98594 eb
100.88710 11.53361 0.29931 -0.74106 0.60104 eb
101.06333 21.15288 -0.98413 -0.17220 0.04278 eb
101.82756 75.20124 -0.14635 0.98342 -0.10705 eb
101.91817 45.51559 0.07232 0.87831 -0.47258 eb
102.15339 57.06923 -0.17989 0.10170 -0.97842 eb
102.47881 24.61888 -0.96984 0.22330 -0.09768 eb
102.58626 72.77872 0.11136 0.13943 -0.98395 eb
102.92021 62.20279 -0.15667 0.38076 -0.91130 eb
103.10668 38.23673 -0.69611 0.52800 -0.48646 eb
104.41422 13.93250 0.31424 -0.72544 -0.61236 eb
105.24427 21.95672 -0.02538 0.99955 0.01615 eb
105.67008 65.03606 -0.64557 -0.73419 0.21025 eb
105.79810 21.70202 -0.36081 0.72484 0.58688 eb
105.82871 64.57575 -0.76113 0.45168 -0.46547 eb
106.90722 47.45424 -0.45790 -0.66101 0.59447 eb
106.96378 41.00316 -0.23107 -0.84968 0.47397 eb
108.06171 51.58017 -0.47179 -0.46993 0.74604 eb
108.66391 50.74039 -0.19769 -0.87624 -0.43945 eb
109.22860 59.32694 -0.70672 0.68279 -0.18534 eb
109.36611 13.76217 -0.51062 0.72493 0.46233 eb
109.37771 29.17456 0.40142 0.78827 -0.46637 eb
109.56475 26.77880 0.25808 0.95593 -0.14000 eb
109.58956 29.03860 -0.48035 0.79505 -0.37035 eb
110.32914 18.94082 0.48073 0.11249 -0.86962 eb
110.65367 71.20219 0.28459 -0.74805 -0.59952 eb
110.66435 21.31961 -0.01463 0.99453 0.10344 eb
112.90271 49.71467 -0.57112 -0.77122 -0.28114 eb
113.33352 39.26595 0.82718 0.06790 -0.55782 eb
113.43744 55.80240 0.34809 -0.80646 -0.47797 eb
114.27053 59.51475 -0.02789 0.23047 -0.97268 eb
114.27189 25.67664 0.80291 -0.59232 0.06709 eb
114.41885 56.64209 0.53938 0.72164 0.43394 eb
114.43405 17.38853 -0.41460 0.89266 -0.17680 eb
114.93818 37.73628 -0.35367 -0.45382 -0.81790 eb
115.10447 61.12908 0.47350 -0.38682 -0.79131 eb
115.89709 48.26022 0.04870 0.93499 0.35131 eb
116.74899 23.40821 0.01697 0.81136 0.58430 eb
117.62992 79.60968 0.68614 -0.10609 -0.71969 eb
117.72792 14.40359 0.95877 -0.23679 0.15717 eb
117.82026 74.38243 0.04976 0.99733 -0.05347 eb
118.07454 26.72584 0.42771 -0.80609 -0.40901 eb
118.25857 60.80078 0.62588 0.77933 -0.03033 eb
118.26079 38.80677 0.87643 -0.07158 0.47618 eb
118.30202 44.89602 -0.05061 -0.21488 -0.97533 eb
118.33431 49.28088 0.31024 0.68043 -0.66390 eb
119.24987 20.62098 -0.91730 0.18938 0.35028 eb
119.38466 25.94889 0.84873 0.07172 -0.52394 eb
119.53260 12.95414 0.23348 -0.20972 -0.94948 eb
120.30880 34.23026 0.52973 0.76632 -0.36352 eb
120.48083 82.17269 -0.92462 -0.37986 -0.02795 eb
120.67599 15.13945 0.11562 0.16625 -0.97928 eb
121.07226 41.82073 0.49107 0.13053 0.86128 eb
121.43246 35.41305 -0.64209 0.70074 0.31095 eb
122.20499 20.30277 0.80370 0.34956 -0.48153 eb
122.21044 83.73297 -0.21180 0.09592 -0.97260 eb
122.85149 68.50517 -0.60979 0.61241 -0.50310 eb
123.28689 67.79845 0.36225 0.91597 0.17252 eb
123.53294 35.63612 0.84563 -0.35351 0.39993 eb
123.63558 54.82970 -0.85676 0.42113 -0.29768 eb
123.88985 24.72776 0.16579 0.93502 -0.31345 eb
124.15321 11.19637 0.68827 -0.33164 0.64522 eb
125.98087 74.10072 0.67979 0.26515 -0.68380 eb
126.24066 77.56318 0.48019 -0.81905 0.31397 eb
128.09623 17.01199 0.59935 0.69586 -0.39568 eb
128.17349 82.02341 0.89229 0.12164 -0.43477 eb
128.68305 37.43946 -0.59464 -0.66531 0.45140 eb
129.62076 44.08554 -0.36258 0.72092 0.59060 eb
129.84689 53.51106 0.75964 -0.48329 -0.43518 eb
130.59751 31.18930 0.34003 0.94038 -0.00811 eb
130.89287 73.50660 0.57377 -0.37139 -0.72997 eb
131.90465 47.23357 0.76909 0.09110 -0.63262 eb
131.91829 30.82872 -0.44134 -0.52470 -0.72794 eb
132.47730 33.18021 -0.15887 -0.51095 0.84480 eb
132.57131 38.40106 -0.68840 0.26710 -0.67436 eb
132.77993 26.85362 -0.97837 0.20483 0.02881 eb
133.87215 54.48038 0.43490 0.56076 0.70457 eb
134.09891 51.17507 -0.90838 -0.00139 0.41814 eb
134.86033 35.80460 0.97739 0.20064 0.06671 eb
135.09106 16.27153 -0.65742 -0.71820 -0.22802 eb
135.47358 51.06675 -0.81423 0.56394 0.13789 eb
135.78669 67.49783 0.04379 0.41454 -0.90898 eb
136.51375 32.94529 0.34199 -0.58412 0.73610 eb
137.07875 19.93150 -0.79814 0.06928 -0.59847 eb
137.36686 32.01516 0.69754 0.71380 0.06264 eb
137.65017 35.07880 -0.70211 0.71016 -0.05209 eb
137.72755 36.67341 -0.32285 0.54819 -0.77153 eb
137.78275 74.42873 -0.33355 0.83766 -0.43251 eb
138.05893 41.66561 0.83907 -0.06001 -0.54070 eb
138.18104 55.75735 -0.64955 -0.16468 -0.74227 eb
138.31829 20.60554 0.47268 0.68646 0.55258 eb
138.37570 51.32779 0.36629 0.45201 0.81334 eb
138.67667 52.14671 0.81875 -0.43968 -0.36923 eb
139.14186 18.42867 -0.38164 0.87917 0.28533 eb
139.41736 30.75369 -0.33426 -0.37878 -0.86301 eb
139.48482 72.91508 0.29672 -0.90770 -0.29670 eb
140.29198 65.07378 -0.55443 -0.61706 -0.55843 eb
141.31683 29.18995 0.19378 0.16581 -0.96693 eb
141.34810 69.15713 -0.23948 -0.97077 -0.01592 eb
141.80528 28.26941 0.57751 -0.65527 -0.48694 eb
141.85946 60.48936 -0.73682 -0.67598 0.01222 eb
142.46476 84.37624 -0.13707 0.99008 0.03098 eb
142.76470 63.19773 -0.96161 -0.03272 -0.27245 eb
143.09270 29.76884 0.52090 -0.31234 0.79442 eb
143.69690 22.21093 0.14142 -0.23172 -0.96245 eb
144.32473 33.58054 -0.52216 -0.30119 -0.79789 eb
144.93467 21.29839 0.62609 -0.65784 -0.41863 eb
144.96591 27.15255 0.87080 0.36832 -0.32566 eb
145.25059 58.91431 -0.98156 -0.03438 0.18806 eb
145.60572 66.43140 -0.53744 -0.83977 -0.07708 eb
145.62703 53.88556 0.66278 -0.25345 0.70461 eb
145.63822 66.94267 0.89640 -0.39285 -0.20529 eb
147.27082 26.07794 -0.82133 -0.19482 -0.53615 eb
147.27682 72.86720 -0.81988 -0.05681 -0.56971 eb
147.60996 42.48883 -0.47456 -0.83638 -0.27435 eb
148.11712 44.31292 0.05172 0.34559 -0.93696 eb
148.82088 34.54702 0.65365 0.40938 -0.63651 eb
149.08326 70.47518 -0.02556 0.06290 -0.99769 eb
150.41629 43.23242 0.02843 -0.07756 -0.99658 eb
151.37256 37.74455 0.58740 -0.14202 0.79674 eb
151.49145 11.72485 0.79162 -0.52341 0.31525 eb
151.60457 24.24507 0.31663 -0.84353 0.43381 eb
151.91192 44.06031 0.12766 0.93043 -0.34352 eb
152.19079 22.52667 -0.19043 0.84746 -0.49553 eb
152.59372 59.81373 0.29273 0.92259 -0.25126 eb
152.88283 68.32198 0.47116 0.64755 -0.59890 eb
153.70569 79.42355 0.52496 0.80931 -0.26350 eb
153.95220 17.73914 -0.41277 -0.90350 -0.11533 eb
154.53732 71.88344 -0.23398 0.08015 -0.96893 eb
155.02007 64.03176 0.26362 0.56551 -0.78147 eb
155.42356 58.09414 0.06846 -0.86647 0.49452 eb
155.92953 37.09501 0.41525 -0.79536 -0.44155 eb
156.11029 52.44616 -0.87184 -0.00410 0.48978 eb
156.82119 30.26695 -0.10394 -0.98993 0.09611 eb
157.33243 84.63186 -0.46552 -0.37301 -0.80260 eb
157.90758 42.87592 0.75488 0.28419 -0.59109 eb
158.13388 74.12876 -0.82784 -0.14360 0.54227 eb
158.44374 52.57478 0.63791 -0.70844 0.30197 eb
158.50725 50.37160 0.42995 0.12267 -0.89448 eb
159.24304 28.29055 0.08690 -0.64515 -0.75910 eb
159.50183 64.27255 0.53656 0.22310 -0.81383 eb
159.80637 50.96491 -0.39970 0.76791 -0.50055 eb
160.48469 26.22135 -0.82527 0.52071 -0.21862 eb
160.70315 72.79242 -0.00342 0.77505 -0.63188 eb
161.24879 17.23308 -0.22260 0.43858 -0.87069 eb
161.96981 59.21670 -0.15421 0.95833 -0.24048 eb
162.33236 45.78021 0.99587 -0.02327 -0.08773 eb
162.50208 66.93664 -0.21512 -0.33475 -0.91742 eb
162.85173 37.27467 -0.55179 0.44237 -0.70699 eb
163.11685 47.43501 0.34198 -0.19063 -0.92017 eb
163.17561 75.50262 0.50099 0.53581 -0.67964 eb
163.37286 20.82783 0.51252 0.68858 0.51302 eb
164.68212 58.48844 0.44785 -0.85846 -0.24996 eb
164.92359 43.90363 0.28378 0.70115 -0.65412 eb
165.85035 40.88410 0.19118 -0.03535 -0.98092 eb
165.92216 17.13337 0.27251 0.96142 0.03750 eb
166.04460 36.63490 0.43365 0.32541 -0.84027 eb
166.10580 46.27838 -0.41708 0.89341 -0.16692 eb
167.57054 46.18349 -0.50918 -0.32540 -0.79677 eb
167.90093 83.83575 -0.15283 -0.72738 -0.66900 eb
168.46763 58.85785 0.52735 0.61972 -0.58125 eb
169.57976 22.18463 -0.71846 -0.35603 -0.59754 eb
169.94775 44.02931 0.58789 0.19614 -0.78480 eb
170.78538 57.17325 0.22317 0.28550 -0.93203 eb
171.28085 33.30258 0.27062 0.65807 -0.70265 eb
171.47279 47.62189 0.30237 -0.61176 -0.73097 eb
171.51863 13.72695 0.41949 -0.45980 0.78269 eb
171.75391 33.34478 -0.49813 0.58440 -0.64059 eb
172.21390 48.65104 0.12199 -0.18160 -0.97578 eb
172.29691 69.00782 -0.35858 0.46109 -0.81168 eb
172.56814 75.48093 0.16095 -0.98695 -0.00573 eb
172.91551 51.81845 0.08888 0.19960 -0.97584 eb
172.97878 32.38212 0.62435 0.68598 0.37367 eb
174.46500 65.10930 0.64905 0.71623 0.25642 eb
174.86523 22.36413 -0.34659 -0.93169 0.10877 eb
175.13675 85.37754 -0.20235 -0.11494 -0.97254 eb
175.17309 38.62044 0.35355 0.58189 -0.73240 eb
175.85598 43.84353 0.67243 0.49728 -0.54823 eb
177.25312 87.45624 0.16138 -0.97451 0.15582 eb
177.94057 73.61841 0.65196 0.58124 -0.48693 eb
178.40811 86.80929 0.98899 -0.11134 0.09745 eb
178.48811 68.09898 0.45872 0.31678 -0.83020 eb
179.15584 17.53051 -0.20132 0.36886 -0.90742 eb
179.35916 16.01222 -0.26039 0.74613 -0.61277 eb
180.30685 41.72741 0.78797 0.49324 -0.36853 eb
181.44928 22.47835 -0.94192 0.31619 0.11320 eb
181.63236 50.49138 -0.73411 -0.64706 -0.20591 eb
182.00823 81.44009 0.75659 0.46409 -0.46065 eb
182.18961 16.87371 0.46848 -0.58332 0.66352 eb
182.61927 32.00809 0.47641 -0.26326 -0.83888 eb
183.41981 77.16874 -0.81453 0.33248 0.47540 eb
183.82910 45.68777 -0.75873 -0.64348 0.10126 eb
184.31757 48.05281 0.14453 -0.93841 -0.31383 eb
184.36127 45.71894 -0.17774 -0.39552 -0.90110 eb
184.40576 56.30612 -0.34544 -0.52676 -0.77666 eb
186.43644 49.92625 -0.38532 -0.69272 -0.60965 eb
187.22878 55.89806 0.72703 0.14622 0.67086 eb
188.40736 47.69262 -0.22749 -0.96888 -0.09761 eb
190.13084 74.87001 -0.82307 0.54437 0.16190 eb
190.45487 40.87318 0.85952 0.47615 -0.18578 eb
191.15613 42.54316 -0.06096 0.15556 -0.98594 eb
193.30802 57.21938 -0.62884 0.70741 0.32270 eb
193.59259 82.54664 -0.98149 0.16003 -0.10517 eb
193.68534 46.75784 -0.55911 0.51210 -0.65204 eb
193.81862 42.29089 -0.54475 0.56031 -0.62394 eb
194.05915 29.05710 -0.51857 -0.50853 0.68738 eb
194.82047 15.40345 0.17527 0.34815 -0.92091 eb
194.88350 48.74097 0.07523 0.32396 -0.94308 eb
194.88635 46.90010 -0.78686 0.05900 0.61431 eb
195.77771 19.87316 -0.57166 -0.01836 -0.82029 eb
196.28329 75.09618 -0.26726 -0.13670 -0.95388 eb
196.52141 60.11890 0.73216 0.65183 -0.19761 eb
196.52580 79.31030 0.99057 0.05209 -0.12670 eb
196.55244 21.00979 -0.70663 0.69045 0.15481 eb
197.07644 40.70827 -0.26855 0.93475 -0.23264 eb
197.62105 26.46656 -0.50204 0.01661 -0.86469 eb
198.38832 37.72688 0.24907 -0.16492 -0.95434 eb
198.99546 44.27156 -0.20783 0.73723 -0.64288 eb
199.34781 26.42341 0.67873 -0.70973 -0.18870 eb
199.54733 40.84369 0.68442 -0.71076 -0.16245 eb
201.41076 38.30257 0.00575 -0.15610 0.98772 eb
201.98909 30.43657 -0.47272 0.87571 0.09834 eb
202.43359 63.79891 -0.41842 -0.40867 -0.81112 eb
202.68188 58.01773 -0.08254 0.38815 -0.91789 eb
202.77760 82.83896 0.08781 -0.55616 -0.82642 eb
203.49351 59.41861 0.20485 0.95922 0.19478 eb
203.69154 24.86367 -0.42772 -0.17801 -0.88621 eb
204.16798 77.91204 0.61340 -0.46032 -0.64175 eb
205.59971 29.55222 -0.31683 0.83168 -0.45599 eb
206.99756 26.26387 0.78850 0.05589 -0.61250 eb
207.94606 33.77703 0.15042 -0.53477 -0.83150 eb
210.10323 75.15202 -0.22101 0.67592 -0.70306 eb
210.67538 29.77843 0.86982 -0.33360 -0.36348 eb
210.78428 33.30984 -0.06653 0.30484 -0.95008 eb
211.16041 19.59916 0.07035 -0.36128 -0.92980 eb
211.84979 38.17263 0.57650 0.11501 -0.80896 eb
212.59030 49.80267 -0.48996 -0.85358 -0.17703 eb
213.51754 65.70057 -0.14324 0.38039 -0.91366 eb
213.71793 16.05690 0.76956 -0.19105 0.60932 eb
213.78791 41.19327 0.83160 -0.23427 -0.50355 eb
215.65243 33.32134 -0.23233 -0.84818 -0.47604 eb
216.08072 39.74403 0.97803 0.19022 0.08530 eb
216.41156 39.83432 -0.69052 0.71486 0.11026 eb
216.53108 59.18017 0.06457 -0.03711 -0.99722 eb
216.73101 44.34129 0.96551 0.25488 0.05315 eb
217.97897 24.61032 0.56179 -0.12149 -0.81831 eb
218.37256 53.52388 -0.66471 0.70890 -0.23584 eb
218.97184 41.68427 -0.13325 0.64706 0.75070 eb
219.49702 63.97269 0.40125 -0.06614 0.91358 eb
219.60697 32.11281 -0.79902 0.59123 0.10961 eb
219.91496 40.02766 0.72419 0.21262 0.65600 eb
221.37508 86.66324 -0.48855 -0.81404 -0.31411 eb
221.86928 24.94330 -0.49025 0.46102 -0.73967 eb
221.89361 32.89861 0.29612 0.95211 0.07620 eb
222.33718 30.82561 -0.68391 -0.43132 0.58841 eb
222.34968 72.12878 -0.93715 -0.17862 -0.29976 eb
222.69506 22.32854 0.24883 -0.25580 -0.93416 eb
223.57404 24.22198 0.99698 -0.07589 0.01676 eb
223.94017 23.91904 -0.77172 -0.38460 -0.50649 eb
223.98211 48.93934 -0.25283 -0.42438 -0.86947 eb
225.58709 64.54839 -0.38720 -0.85225 -0.35178 eb
225.71884 36.58025 0.98179 0.18841 0.02447 eb
226.42130 63.48942 -0.57347 -0.22228 -0.78849 eb
227.05732 29.45314 0.57238 -0.05538 -0.81812 eb
228.83394 69.30577 -0.62673 -0.71717 0.30475 eb
230.15581 55.27732 -0.72606 0.37432 -0.57682 eb
230.27040 39.09594 -0.03514 -0.73462 -0.67756 eb
231.11299 85.04964 0.18002 -0.67709 -0.71354 eb
231.17058 63.15153 0.01437 -0.80805 -0.58894 eb
232.40742 37.70535 -0.21454 0.97669 0.00680 eb
233.50194 24.58505 -0.17915 0.85138 0.49302 eb
233.72731 31.00552 -0.09690 0.51491 -0.85175 eb
233.84837 24.79181 0.78377 0.62095 0.01106 eb
234.21385 31.09472 0.03272 -0.99458 -0.09874 eb
235.02855 43.88122 -0.14729 0.19499 -0.96968 eb
238.92119 33.63341 0.78195 -0.61070 -0.12489 eb
239.79558 11.16647 -0.43920 0.55016 0.71023 eb
239.95920 42.73439 0.17525 -0.48478 -0.85690 eb
241.20495 23.06539 -0.90859 -0.17586 -0.37886 eb
242.51833 38.68661 -0.78161 0.37043 -0.50187 eb
242.60402 40.90132 0.78635 -0.15025 -0.59923 eb
243.03947 17.28071 -0.19019 0.98169 0.01075 eb
244.47281 29.55448 -0.29800 -0.00018 -0.95457 eb
244.99201 65.95657 0.23138 -0.87231 -0.43075 eb
246.06921 70.18001 0.97492 0.08977 0.20367 eb
246.24966 16.12121 -0.41259 -0.27435 -0.86862 eb
246.55550 45.25284 -0.97798 -0.18704 -0.09255 eb
249.10152 15.39787 0.07943 -0.16892 -0.98242 eb
249.54427 57.62225 -0.30379 0.93654 0.17495 eb
250.26155 44.60344 -0.07317 0.99504 -0.06742 eb
251.07022 77.79166 0.98527 -0.16585 0.04179 eb
251.81387 36.56488 0.94647 -0.29532 0.13030 eb
252.01013 46.12936 0.78457 0.39644 -0.47674 eb
252.32765 21.37606 -0.68492 -0.43526 -0.58432 eb
252.67420 16.09651 -0.11213 -0.84328 -0.52564 eb
254.40628 44.51783 -0.47609 0.46273 -0.74781 eb
254.42230 54.80136 -0.88774 -0.23994 -0.39287 eb
254.62401 45.73040 0.76561 -0.18978 -0.61468 eb
255.98155 74.19880 0.38030 -0.18089 -0.90700 eb
256.10874 33.82141 -0.60615 0.03867 -0.79441 eb
256.25600 28.09887 0.05098 0.06072 0.99685 eb
256.56898 75.34772 0.28685 -0.87864 -0.38173 eb
257.71001 47.14357 0.83799 -0.04567 -0.54377 eb
257.92637 25.93765 -0.85913 0.28563 0.42463 eb
258.05921 41.43511 -0.09741 0.95345 0.28538 eb
259.45965 67.87972 -0.05010 0.70988 -0.70254 eb
259.66389 31.90173 0.22437 -0.78705 -0.57465 eb
260.58448 51.18430 0.88403 0.29566 -0.36204 eb
262.48011 32.02986 0.33479 -0.30988 -0.88988 eb
263.60328 36.99685 -0.03050 0.19599 -0.98013 eb
263.63078 77.66625 0.76287 -0.31007 -0.56735 eb
264.12347 34.95202 0.22820 -0.07607 -0.97064 eb
265.17040 55.57573 0.02167 0.24860 -0.96836 eb
266.09364 34.27024 0.07077 -0.57945 0.81193 eb
266.20945 21.42195 -0.95065 -0.11123 0.28963 eb
267.71065 43.36210 -0.06714 0.06750 0.99546 eb
268.03813 33.64869 -0.48361 -0.40416 0.77638 eb
269.38870 39.52294 0.57241 -0.69605 -0.43343 eb
270.29623 15.93156 -0.63256 -0.33286 0.69934 eb
271.00483 37.60687 -0.98713 0.09139 0.13126 eb
271.08133 49.60959 0.84477 -0.06602 -0.53103 eb
272.31130 36.82883 0.52843 0.64038 0.55738 eb
272.83201 24.60932 -0.27464 0.20127 -0.94025 eb
274.55419 53.12258 -0.48767 0.07639 -0.86968 eb
274.93337 26.66767 -0.57651 -0.81689 0.01807 eb
276.68088 41.77094 0.19341 0.93119 0.30898 eb
276.97704 12.85686 -0.26964 0.37188 0.88826 eb
277.31101 38.41183 0.01432 0.99511 0.09773 eb
278.44587 62.53767 -0.62557 0.69390 -0.35660 eb
278.92138 16.65803 -0.71292 -0.67452 0.19176 eb
279.08349 24.00352 0.21704 -0.94940 -0.22699 eb
279.25343 25.09059 -0.83725 -0.52758 0.14380 eb
279.55772 52.68821 -0.32534 0.80378 -0.49810 eb
279.80816 35.65081 0.27872 -0.52750 -0.80253 eb
284.09183 81.73232 -0.23517 0.19634 -0.95192 eb
284.14677 35.69764 -0.23731 0.68068 -0.69308 eb
284.73704 27.99709 -0.47370 0.79407 0.38088 eb
286.79229 21.49924 0.73825 -0.65663 -0.15433 eb
287.98156 31.27862 0.88055 0.21230 -0.42375 eb
288.35191 11.01355 0.92547 -0.37018 -0.08047 eb
288.99709 11.09385 -0.17073 0.13353 -0.97623 eb
291.42130 61.26882 0.65804 -0.70168 0.27318 eb
291.45581 51.97964 0.60598 0.58143 -0.54290 eb
291.67077 60.36871 0.52661 0.46964 -0.70860 eb
292.19339 49.07527 0.30543 0.77889 0.54776 eb
296.70159 25.82006 0.74379 -0.46555 0.47963 eb
297.19467 27.81258 0.09927 -0.96777 -0.23143 eb
298.55765 68.56725 0.06597 0.75535 -0.65199 eb
298.69807 30.74397 -0.95819 -0.20551 0.19911 eb
300.74308 73.88888 -0.44882 0.57786 -0.68165 eb
301.18079 21.88376 -0.21144 -0.01945 -0.97720 eb
301.45900 43.07938 -0.41752 -0.59530 0.68651 eb
302.39526 49.86276 -0.64311 0.60530 -0.46906 eb
302.51673 27.25958 0.57166 -0.28676 -0.76875 eb
302.61363 76.51799 0.03657 0.46198 -0.88613 eb
302.83791 45.57878 0.24390 -0.26455 -0.93302 eb
303.02032 39.03734 -0.42813 0.69644 0.57591 eb
303.32982 23.74170 -0.95431 -0.24875 0.16558 eb
303.38063 39.50465 0.03617 0.98594 -0.16315 eb
303.60252 20.66167 0.07101 -0.83559 -0.54475 eb
303.85884 77.39583 0.42517 0.83014 0.36069 eb
303.85997 17.17743 0.20769 0.17529 -0.96236 eb
304.57953 44.01687 -0.04147 0.07217 -0.99653 eb
306.94006 72.73313 0.79441 -0.50194 -0.34202 eb
306.95226 81.88715 0.49630 -0.54247 -0.67780 eb
307.35960 22.67480 0.64269 0.36615 -0.67296 eb
307.82635 50.28856 0.03454 0.84715 -0.53023 eb
308.99917 48.00498 -0.12233 0.87746 0.46379 eb
309.24521 40.51608 0.67331 -0.37671 -0.63620 eb
309.97529 80.80760 -0.96046 0.07665 0.26767 eb
310.65183 38.58855 -0.34542 0.81680 -0.46208 eb
311.19758 46.37095 0.58507 -0.79146 0.17688 eb
311.48431 59.93576 -0.28086 -0.69899 0.65767 eb
312.31901 18.86086 0.32810 -0.77127 -0.54543 eb
312.56169 23.13856 -0.65674 0.11320 -0.74558 eb
312.85935 46.17182 -0.43557 -0.76571 -0.47326 eb
313.31864 53.41400 0.79350 0.51933 -0.31726 eb
315.28648 48.95105 0.92505 -0.22688 -0.30464 eb
315.43611 19.39014 -0.26036 -0.11563 -0.95856 eb
315.56638 16.96511 -0.28912 -0.95144 0.10568 eb
316.74163 53.59186 0.95290 0.18312 -0.24176 eb
317.06868 66.40686 0.66045 0.68137 0.31551 eb
317.64481 68.84392 -0.74727 -0.55101 -0.37145 eb
319.34194 18.83154 -0.46561 0.85128 0.24194 eb
320.30311 42.63299 0.08210 0.28251 -0.95575 eb
322.22869 38.92018 0.06506 0.55899 0.82662 eb
322.55764 66.71343 -0.05970 0.26722 -0.96179 eb
322.90320 42.59980 0.92044 -0.15568 -0.35855 eb
324.57947 36.94652 0.57572 -0.49655 -0.64960 eb
327.27921 22.33395 -0.78602 -0.28106 0.55061 eb
329.02456 44.37031 0.82490 -0.49636 0.27048 eb
329.32528 45.95194 -0.92082 -0.31136 -0.23485 eb
330.75948 51.61220 0.36095 -0.25635 -0.89666 eb
330.99960 61.08975 -0.77963 0.47923 0.40312 eb
331.17972 31.81149 0.01833 0.97254 -0.23201 eb
331.28408 18.13900 0.58081 0.69517 -0.42356 eb
332.08564 27.50551 0.82441 0.14976 0.54583 eb
332.26844 29.28075 -0.85806 -0.14789 -0.49179 eb
332.67573 76.37864 0.27514 -0.96089 -0.03146 eb
334.13681 45.17939 0.68606 -0.50714 -0.52166 eb
334.55447 46.56038 0.24030 0.79306 0.55974 eb
334.71814 17.23271 0.01278 0.56358 -0.82596 eb
335.16336 37.82187 -0.86668 0.47164 -0.16255 eb
335.24354 36.08801 -0.63624 0.71854 0.28089 eb
335.31182 48.51821 0.74696 -0.61047 0.26338 eb
335.44485 78.07026 0.79663 -0.13062 -0.59018 eb
335.54056 25.85479 -0.05475 0.65412 -0.75441 eb
337.54442 35.13609 0.85483 0.39432 -0.33730 eb
338.15608 29.12305 0.61316 0.38186 -0.69153 eb
338.92799 26.34155 -0.78179 0.52666 -0.33380 eb
339.65753 26.62304 0.51680 0.29787 0.80262 eb
342.69331 68.39064 -0.19744 -0.69448 -0.69190 eb
343.67421 46.47554 -0.57037 -0.18010 -0.80140 eb
344.31482 71.03533 -0.69906 -0.41817 -0.58004 eb
345.23403 53.53462 0.75384 0.62818 0.19265 eb
346.71238 56.50219 -0.68159 -0.62110 -0.38686 eb
349.48342 65.72725 -0.71790 -0.65232 0.24310 eb
349.65947 38.78656 -0.05741 0.99438 0.08899 eb
350.30112 25.75591 -0.39388 0.36058 0.84548 eb
353.05393 25.01299 0.49311 -0.72621 -0.47902 eb
353.21166 40.20156 -0.80368 -0.33454 -0.49211 eb
353.73500 41.91251 0.29947 -0.77848 -0.55163 eb
354.06303 47.24474 0.08453 -0.97085 0.22431 eb
354.97552 33.14129 -0.43973 -0.71838 -0.53904 eb
355.06978 14.37586 0.74293 0.10269 -0.66144 eb
355.54326 69.63853 0.53785 -0.34418 -0.76958 eb
355.84265 33.98722 -0.68652 0.01806 -0.72689 eb
356.40388 21.79727 -0.18579 -0.85464 0.48485 eb
356.63267 22.45554 -0.44658 0.55175 -0.70437 eb
359.96650 68.14156 -0.12932 0.98994 0.05741 eb
360.62169 54.03896 -0.48764 0.26590 -0.83157 eb
361.96682 53.09399 -0.51194 0.67404 0.53253 eb
363.23838 50.39268 0.05603 -0.26475 -0.96269 eb
364.35397 63.37068 0.33457 -0.72804 -0.59835 eb
365.13901 72.16759 -0.68766 0.09894 -0.71926 eb
365.34730 33.94389 0.25368 -0.58789 -0.76813 eb
366.59226 23.80724 0.24226 -0.90246 -0.35619 eb
370.80036 76.74878 -0.18190 -0.43071 -0.88397 eb
372.20073 68.54284 -0.40633 -0.53980 -0.73723 eb
374.10275 47.05661 -0.77273 -0.08494 -0.62903 eb
376.88985 48.50807 -0.97584 -0.21713 0.02418 eb
378.81160 13.36952 -0.56692 -0.82370 0.01063 eb
380.57469 42.02281 -0.88412 0.06667 0.46248 eb
386.85216 74.33463 -0.87896 -0.31612 -0.35707 eb
387.81211 32.80258 0.78273 -0.58455 0.21365 eb
391.67554 54.17799 -0.41781 0.19139 0.88815 eb
394.49414 79.89503 0.70081 -0.01483 -0.71319 eb
399.06145 52.79314 -0.56206 -0.23729 -0.79233 eb
401.80145 48.74990 0.52986 0.47195 -0.70463 eb
402.08321 21.84631 -0.31001 0.59804 -0.73909 eb
402.53065 12.87936 -0.05199 -0.90524 -0.42170 eb
403.90415 10.99716 0.31027 -0.85987 -0.40541 eb
410.11845 10.42225 0.41598 -0.75933 0.50037 eb
419.42886 23.46683 0.24177 -0.85753 -0.45408 eb
420.88550 16.93553 0.98955 0.09269 -0.11043 eb
421.87333 16.47397 0.98384 0.10481 -0.14517 eb
428.79816 23.59443 -0.83074 -0.23170 -0.50615 eb
434.33468 33.37975 0.63509 0.02070 -0.77216 eb
437.26085 32.73086 0.23918 0.94059 0.24099 eb
443.71360 12.05109 -0.10700 0.01919 0.99407 eb
451.48285 43.83354 -0.06544 0.99693 -0.04299 eb
479.94666 31.20801 0.31034 0.25861 0.91477 eb
503.20815 30.84931 0.19012 0.84167 -0.50541 eb
508.00323 27.92087 0.75950 0.17797 0.62569 eb
518.01146 38.70286 -0.25391 -0.23230 -0.93892 eb
519.96770 18.33095 0.17645 -0.67220 -0.71904 eb
524.03221 29.62774 0.83829 0.48159 -0.25560 eb
528.27380 15.00584 -0.76003 -0.05944 -0.64717 eb
541.04421 23.53092 -0.18599 -0.24059 -0.95264 eb
550.63869 19.11614 0.07218 -0.93332 -0.35173 eb
553.52790 15.16400 -0.60049 0.58280 -0.54751 eb
572.71637 39.90198 0.97867 0.06622 -0.19445 eb
577.72192 24.46502 0.00680 -0.17669 0.98424 eb
581.75411 27.66424 0.96011 -0.25903 0.10530 eb
599.82330 30.23674 0.20405 0.84398 0.49604 eb
604.19642 45.42134 -0.94754 0.24514 0.20510 eb
604.23130 47.73313 0.01043 0.97900 -0.20358 eb
607.39024 32.10249 0.59780 0.40153 -0.69384 eb
620.04834 38.55479 -0.64258 0.28921 -0.70955 eb
620.59823 28.22792 0.39395 -0.91828 0.03960 eb
622.67994 41.72930 0.07882 0.98377 0.16121 eb
624.41558 23.13896 -0.69585 0.42916 -0.57587 eb
630.02460 22.72378 -0.24780 -0.51715 -0.81924 eb
647.84831 26.76776 0.40282 0.65682 0.63743 eb
660.96045 26.21239 -0.85205 0.52067 -0.05390 eb
668.30726 19.09936 -0.60314 -0.52433 0.60108 eb
670.09793 32.77172 -0.17055 0.54128 -0.82336 eb
674.47050 25.62795 0.07413 -0.08325 0.99377 eb
679.29830 16.88784 -0.60475 0.65590 0.45175 eb
699.16169 19.23606 -0.15345 -0.43067 -0.88937 eb
701.62948 43.77974 -0.04047 -0.74894 -0.66140 eb
702.45446 21.70117 0.24604 0.80629 -0.53793 eb
703.40898 15.41214 0.19797 -0.97111 -0.13321 eb
705.09288 31.36954 -0.62010 0.40068 0.67449 eb
712.38621 17.66217 -0.67654 0.54938 -0.49038 eb
712.81025 18.13058 -0.84052 -0.33713 -0.42411 eb
721.48292 18.29086 -0.88470 0.42914 0.18204 eb
725.35796 13.19991 0.26094 0.48025 -0.83742 eb
743.66536 8.02209 0.83905 -0.18843 -0.51038 eb
744.56118 45.90335 -0.70151 0.41082 -0.58234 eb
775.28153 28.45312 -0.55991 -0.81984 0.11984 eb
870.10499 29.55395 -0.10274 -0.23463 -0.96664 eb
879.94595 29.29295 -0.63337 -0.73316 -0.24760 eb
882.15694 29.13119 0.72411 -0.28667 0.62728 eb
886.90591 17.38108 -0.66620 0.74132 0.08137 eb
888.54815 33.86595 0.21390 -0.84471 -0.49063 eb
897.67196 31.40670 0.96620 -0.02804 0.25628 eb
902.36708 16.82112 0.51907 0.28680 -0.80518 eb
959.84911 8.26832 -0.06230 0.98974 0.12855 eb
1017.30152 9.58787 -0.80497 -0.55180 0.21804 eb
1050.07370 23.59687 0.37449 0.40392 -0.83463 eb
1174.28195 11.61710 -0.34080 0.89948 0.27348 eb
1224.66568 27.44310 -0.19271 0.54109 0.81859 eb
1238.05840 17.75858 0.71185 -0.39231 -0.58255 eb
1240.48502 19.19822 0.25601 0.36660 -0.89446 eb
1258.57492 17.34860 0.14720 0.67034 -0.72731 eb
1290.26275 11.11395 0.88229 -0.47062 0.00900 eb
1318.08838 24.42198 0.81977 0.15907 -0.55016 eb
1335.49318 12.46961 -0.63017 0.56793 -0.52948 eb
1447.84111 25.65695 -0.89847 -0.35714 -0.25534 eb
1462.45344 22.72955 -0.08738 0.49133 0.86658 eb
1462.89088 19.24168 -0.61849 -0.39095 -0.68164 eb
1484.19516 32.08006 -0.99273 0.11816 -0.02315 eb
1558.86560 29.26541 -0.01623 0.37077 -0.92858 eb
1580.52570 39.24769 0.70381 0.10688 -0.70230 eb
1593.13937 34.67966 0.07607 0.19254 -0.97834 eb
1691.64406 7.59842 -0.19616 0.94816 -0.25002 eb
1716.51188 12.06756 -0.65812 0.74643 0.09859 eb
1783.05143 19.62251 0.91054 -0.41305 0.01742 eb
1845.33790 23.46369 0.22479 0.60513 0.76374 eb
1853.74675 19.44508 -0.63001 -0.74165 0.23031 eb
1885.03621 17.84344 0.76294 0.29295 0.57628 eb
1919.92504 18.01840 -0.68285 -0.29276 0.66933 eb
1993.37578 16.02190 -0.00870 0.38331 -0.92358 eb
2058.26172 14.07349 0.54677 -0.58983 0.59426 eb
2078.58991 30.84212 0.38354 0.56014 0.73426 eb
2118.97775 32.49483 0.43251 -0.18360 -0.88274 eb
2378.63189 13.03551 0.12402 0.86826 0.48036 eb
2391.28108 16.07176 0.85199 -0.47058 0.22949 eb
2555.61215 7.16031 0.94501 0.30565 -0.11635 eb
2632.01712 31.24219 0.30703 -0.47114 -0.82689 eb
2905.02042 20.03084 -0.87569 0.27099 0.39966 eb
2912.31720 20.11096 0.11192 0.20398 -0.97256 eb
3012.90543 32.51395 -0.51166 0.20917 -0.83334 eb
3046.08322 24.59239 0.31770 -0.94660 0.05485 eb
3075.67515 14.29349 -0.64021 0.40451 0.65307 eb
3205.28585 26.63890 0.75387 0.61713 -0.22546 eb
3216.05582 11.96900 0.11092 -0.67447 -0.72993 eb
3251.40814 17.27561 0.69201 0.55608 0.46032 eb
3663.75754 37.39892 0.19878 -0.45727 0.86683 eb
3732.96930 6.63917 0.12534 -0.90363 0.40956 eb
3777.03005 27.56937 -0.95044 -0.25760 -0.17409 eb
3811.23184 21.68853 -0.65912 -0.00470 -0.75202 eb
4030.33472 20.71348 0.92138 -0.25639 0.29211 eb
4277.50105 29.26143 -0.49552 -0.77909 -0.38403 eb
4298.84119 20.92915 -0.57799 -0.50907 -0.63779 eb
4307.53530 86.98169 0.90193 -0.42151 -0.09410 eb
5161.04944 9.57801 -0.10297 -0.37755 0.92024 eb
5317.87749 25.28766 0.57097 0.19886 -0.79652 eb
5338.71909 14.47579 -0.07588 -0.68025 0.72904 eb
5975.05458 21.09683 -0.74538 -0.44613 -0.49536 eb
6190.82887 16.32652 -0.68397 0.62586 -0.37481 eb
6714.29502 14.87377 0.83994 -0.07827 -0.53700 eb
6741.60801 26.11378 0.40410 0.26509 -0.87546 eb
6756.64412 23.75254 0.55060 0.73165 0.40189 eb
6774.15938 6.86687 0.45297 -0.12452 0.88279 eb
6892.21316 21.64919 -0.16414 0.27130 -0.94840 eb
6907.63819 27.90184 0.67822 -0.64140 -0.35866 eb
7348.41605 9.81348 0.48072 0.25211 -0.83985 eb
7924.58929 7.56662 -0.81029 0.04331 0.58443 eb
7932.76419 21.21479 0.65463 0.74468 0.13004 eb
8094.99441 15.67784 0.21931 0.96160 -0.16500 eb
8706.44865 19.34032 0.99240 -0.06054 -0.10715 eb
10025.06398 9.52963 -0.93917 -0.33661 0.06829 eb
10178.64984 29.12137 -0.79893 0.04725 -0.59957 eb
10216.88787 23.69869 0.70064 -0.61816 -0.35635 eb
10869.99831 12.36131 0.77043 -0.59976 -0.21616 eb
12380.23603 7.44701 -0.44502 0.82171 -0.35602 eb
14466.72777 15.13449 -0.04355 0.99470 -0.09317 eb
16003.03119 75.97532 -0.53619 -0.83889 0.09359 eb
16304.18447 21.60758 0.13748 -0.24248 0.96037 eb
18064.48584 6.36058 -0.16000 -0.72952 -0.66498 eb
