15.46536 68.91423 0.42296 0.27312 0.86401 eb
16.69514 30.18337 0.88695 -0.17023 -0.42935 eb
17.65092 64.41855 0.35089 -0.50239 -0.79024 eb
17.86509 81.65079 0.31674 0.92867 0.19301 eb
18.63657 74.44546 0.32886 -0.68158 -0.65368 eb
18.75055 50.36590 -0.49253 0.78338 -0.37912 eb
19.11410 57.48555 -0.13104 -0.99097 -0.02835 eb
20.22604 56.80960 0.91935 0.10073 0.38033 eb
20.30884 87.48653 0.41689 -0.88560 -0.20473 eb
20.35669 45.12005 -0.54724 0.07128 -0.83393 eb
21.88204 48.90291 -0.07158 0.80555 0.58819 eb
21.98489 67.91420 -0.90670 0.14786 0.39501 eb
22.06228 51.19451 -0.08868 0.66947 0.73753 eb
22.08740 52.55864 0.26262 0.11605 -0.95790 eb
22.19760 87.62885 0.16268 -0.39406 -0.90457 eb
22.58068 64.72827 -0.86421 0.10929 -0.49112 eb
22.82392 59.69291 0.93419 -0.34167 -0.10276 eb
22.85058 62.01128 0.41320 0.27351 -0.86860 eb
23.08132 65.58532 0.93028 0.35939 0.07364 eb
23.69005 57.58100 0.21389 -0.23727 -0.94760 eb
23.91378 78.66046 0.53768 -0.25843 -0.80257 eb
24.26425 62.35471 0.61638 -0.78698 0.02715 eb
24.31772 50.34376 -0.87037 -0.12684 -0.47578 eb
24.63916 29.90571 0.03019 -0.26389 0.96408 eb
24.73965 9.87023 0.99376 0.00284 -0.11152 eb
25.40207 24.60297 -0.46290 0.87888 0.11529 eb
25.54544 66.87718 0.81236 0.19045 0.55118 eb
26.16138 59.22072 -0.61695 -0.77994 0.10518 eb
26.22030 66.75740 0.76385 0.59331 -0.25399 eb
26.73380 86.53449 0.77441 0.21393 -0.59542 eb
27.07534 61.05841 0.69963 -0.71402 0.02635 eb
27.62026 65.08644 0.36883 0.88045 -0.29794 eb
27.70983 62.11364 -0.53247 0.50933 -0.67606 eb
27.81199 71.21804 -0.82605 0.12347 -0.54990 eb
27.93372 69.63612 -0.77032 0.47740 0.42272 eb
28.25928 69.44621 0.87769 -0.45723 -0.14352 eb
28.37150 62.94485 -0.07914 0.67884 -0.73001 eb
28.39816 41.36118 -0.67844 0.50292 -0.53552 eb
28.46697 87.47129 0.89350 0.11540 0.43399 eb
28.49927 69.25393 0.07842 0.61526 -0.78441 eb
29.16811 40.59605 0.55748 0.67111 -0.48869 eb
29.18322 61.77469 0.58100 -0.06515 -0.81129 eb
29.45580 55.90584 0.88286 -0.15005 -0.44503 eb
29.49145 76.99179 -0.85485 0.32673 -0.40309 eb
29.49776 67.50438 0.69226 -0.40392 -0.59802 eb
29.58089 81.11566 -0.39539 -0.06156 -0.91645 eb
29.98119 74.80075 0.45572 0.78155 -0.42604 eb
30.66373 75.57817 -0.28551 -0.46428 -0.83841 eb
32.23877 48.17077 -0.47212 -0.74942 -0.46420 eb
32.34370 12.03564 -0.55649 -0.69393 0.45692 eb
32.38572 15.68374 -0.31901 -0.89695 -0.30613 eb
32.41871 23.28464 0.70443 -0.57419 -0.41724 eb
32.44697 57.95124 0.57440 0.32073 -0.75312 eb
32.62514 83.77945 -0.02761 0.99573 0.08810 eb
32.81345 77.87269 0.67503 -0.73069 -0.10210 eb
33.54678 67.24651 0.12051 -0.96011 0.25234 eb
33.66382 65.74673 -0.22847 -0.65931 0.71632 eb
33.76650 74.04388 0.76871 0.29963 -0.56507 eb
34.06898 54.51657 -0.40426 -0.22732 -0.88595 eb
34.24676 35.37750 -0.40807 -0.87870 0.24773 eb
34.25165 75.31499 -0.79855 -0.13761 -0.58598 eb
34.33218 36.65974 0.53130 -0.77684 0.33800 eb
34.55159 49.58375 -0.37657 0.42741 -0.82190 eb
34.57327 26.59181 0.96842 -0.23365 -0.08703 eb
35.01025 85.80827 -0.67014 -0.18944 -0.71765 eb
35.40589 41.18880 0.54342 -0.22031 -0.81004 eb
35.65695 27.04460 0.52384 -0.41359 -0.74467 eb
35.82062 82.20155 -0.44387 -0.57542 -0.68693 eb
35.83319 43.29493 0.60777 -0.78376 -0.12779 eb
36.12966 46.93836 0.67523 -0.67103 -0.30624 eb
36.15383 87.15091 0.21240 0.81705 -0.53603 eb
36.40141 86.60523 -0.94155 -0.07549 -0.32830 eb
36.44530 74.17858 -0.32454 -0.36547 -0.87241 eb
36.44906 88.46865 0.19848 -0.05457 -0.97858 eb
36.49877 82.75910 0.83537 -0.46105 -0.29932 eb
36.73504 38.68511 -0.56780 -0.34447 -0.74762 eb
36.89356 81.96970 0.23519 0.11500 -0.96512 eb
37.03475 58.29233 0.47459 -0.52951 0.70313 eb
37.40396 75.78151 -0.14440 0.62526 -0.76694 eb
37.42430 77.43959 0.16337 0.98613 -0.02942 eb
37.49903 18.81800 0.89486 0.44594 0.01881 eb
37.60148 65.98453 0.47875 -0.30732 -0.82241 eb
37.84152 39.73245 -0.53095 0.83765 -0.12822 eb
38.20852 48.84043 -0.00048 -0.97929 0.20248 eb
38.50973 77.69142 0.67704 -0.63631 0.36977 eb
38.53896 87.59145 0.51843 -0.45573 -0.72356 eb
38.54562 67.36112 -0.54788 0.51831 -0.65664 eb
38.54842 48.73246 0.59704 -0.00206 -0.80221 eb
38.62835 14.36992 -0.38424 0.29612 -0.87445 eb
39.49584 71.80581 -0.59204 0.16474 -0.78889 eb
40.32582 58.48398 -0.85860 0.13632 -0.49420 eb
40.57534 60.20147 -0.99556 0.00554 -0.09393 eb
40.62953 10.93074 -0.62701 0.65531 0.42123 eb
40.69127 26.48108 -0.20279 -0.67903 -0.70555 eb
40.80433 62.50830 0.13000 -0.34000 -0.93140 eb
40.86930 60.62846 0.34030 0.67555 -0.65408 eb
40.91277 50.47640 -0.63289 0.33464 -0.69819 eb
41.01096 61.98051 0.26202 0.47600 -0.83951 eb
41.06321 43.17013 0.91645 0.39745 0.04646 eb
41.06936 22.33873 0.80760 0.57732 0.12034 eb
41.33224 69.58784 0.99254 0.11782 -0.03126 eb
41.33607 52.01830 0.00831 -0.96437 -0.26444 eb
41.36184 51.14395 -0.23619 -0.96479 0.11574 eb
41.63270 87.77856 0.14006 0.88226 -0.44944 eb
41.63410 56.43233 -0.85669 -0.09144 0.50767 eb
42.24839 47.42195 -0.78873 0.17728 -0.58862 eb
42.39963 34.61160 0.09075 0.98191 0.16619 eb
42.57278 78.23810 -0.39624 0.00651 -0.91813 eb
43.24179 76.32449 0.52338 0.81926 -0.23429 eb
43.40323 56.06631 0.93783 -0.20274 0.28172 eb
43.47814 33.82414 -0.70782 -0.16044 -0.68793 eb
43.54297 63.63795 -0.16057 -0.85753 -0.48874 eb
43.64523 19.89389 0.75282 -0.64947 0.10698 eb
43.79156 30.27716 0.18867 0.01755 -0.98188 eb
44.28768 56.90272 0.78421 0.54722 -0.29250 eb
44.46153 57.03182 -0.67962 0.60167 -0.41965 eb
44.56983 71.47260 -0.78268 0.60018 0.16492 eb
44.62973 51.46376 0.31017 0.13902 -0.94046 eb
45.16910 86.01982 0.73225 0.27582 -0.62267 eb
45.51378 66.84023 0.84401 0.09044 -0.52864 eb
45.78089 53.53118 -0.19896 0.97867 0.05120 eb
45.93952 36.33461 -0.48796 0.86604 -0.10898 eb
45.94458 33.16280 0.03250 -0.56299 -0.82583 eb
46.30909 65.22143 -0.46137 -0.14294 -0.87562 eb
46.57187 31.94211 -0.90897 -0.13329 -0.39498 eb
46.59243 45.48085 -0.53438 0.80884 0.24539 eb
46.73937 53.25184 0.74787 -0.44206 0.49526 eb
46.74877 68.84543 0.69812 -0.31375 0.64357 eb
46.76998 46.96748 -0.40003 0.59490 -0.69718 eb
46.82323 85.42367 0.46868 0.57062 -0.67434 eb
46.90678 75.18324 0.21499 -0.51279 -0.83116 eb
47.08050 42.61112 0.68755 -0.26997 -0.67408 eb
47.15178 65.83783 -0.17254 -0.89277 0.41616 eb
47.43137 77.85968 -0.17736 -0.05342 -0.98269 eb
47.88916 48.30867 0.00717 -0.29686 -0.95489 eb
48.00195 29.24766 -0.48413 0.81770 0.31141 eb
48.21901 72.68341 0.74082 -0.30846 -0.59669 eb
48.63780 57.88318 0.34260 0.14090 -0.92886 eb
48.87617 83.84535 0.89979 -0.28423 -0.33104 eb
49.39751 33.99906 -0.18071 -0.47478 -0.86135 eb
49.56551 80.58053 0.21318 -0.97064 0.11140 eb
50.09191 10.16174 -0.34009 0.82924 -0.44350 eb
51.01623 66.64085 0.72111 0.18220 -0.66844 eb
51.29520 71.16628 -0.51135 0.00446 -0.85936 eb
51.61087 82.49985 -0.59161 -0.77874 0.20873 eb
51.86588 83.34109 0.76580 0.12856 0.63010 eb
52.06380 79.43902 -0.58686 -0.59042 0.55408 eb
52.12754 60.15974 -0.02038 -0.47751 -0.87839 eb
52.42401 64.68763 0.98820 -0.07489 0.13358 eb
52.80190 64.76813 0.75617 0.42195 -0.50017 eb
52.89384 82.19946 -0.67153 -0.52793 -0.51993 eb
52.97599 34.19294 -0.30690 -0.11576 -0.94467 eb
52.98233 80.22428 0.07046 -0.95419 -0.29080 eb
53.05321 54.67149 -0.28033 -0.95417 0.10472 eb
53.23292 35.61457 -0.42941 0.89857 0.09047 eb
53.60905 66.14651 0.59885 0.39043 -0.69924 eb
53.62829 25.27149 -0.85468 0.33974 0.39256 eb
53.82410 49.11588 0.62145 -0.01951 -0.78321 eb
54.24661 49.66685 0.67533 0.70857 0.20461 eb
54.28007 60.06640 0.77929 0.42514 -0.46039 eb
54.45477 75.24096 -0.50543 0.37727 -0.77602 eb
54.83228 49.68169 0.44703 -0.11916 0.88655 eb
54.89948 30.79530 0.73219 -0.19088 0.65381 eb
54.99237 68.49426 -0.00575 -0.88414 -0.46719 eb
55.15329 66.62377 -0.48780 0.18668 -0.85276 eb
55.35848 64.18759 0.85299 -0.32717 0.40666 eb
55.61359 86.99687 -0.07522 0.66015 -0.74736 eb
55.72798 19.18182 0.65654 0.69062 -0.30331 eb
55.79317 36.73297 0.05425 -0.44319 -0.89478 eb
55.87014 53.78542 0.51903 0.44914 -0.72724 eb
56.42695 13.74426 -0.13061 0.54585 -0.82764 eb
56.57627 64.85346 -0.86601 -0.35158 -0.35556 eb
56.67945 62.85805 0.65837 0.05791 0.75047 eb
56.81912 61.08326 0.74367 -0.60986 -0.27392 eb
56.84965 58.71072 -0.03847 -0.88018 0.47308 eb
57.18897 76.83442 0.99543 0.04875 -0.08212 eb
57.29530 41.45713 0.88001 0.06867 0.46996 eb
57.59044 54.15043 -0.51356 -0.42497 -0.74543 eb
57.84220 48.28234 0.18618 -0.49594 -0.84816 eb
57.90345 79.31289 -0.53306 -0.79090 0.30053 eb
58.00326 57.37778 -0.75569 -0.46443 -0.46177 eb
58.08080 40.67355 0.43135 -0.69050 -0.58064 eb
58.36731 48.73619 -0.29736 0.95075 -0.08751 eb
58.49087 24.80490 0.35413 0.11354 -0.92828 eb
58.65180 27.88118 0.59289 0.38282 -0.70847 eb
59.02502 81.52191 -0.97892 -0.19288 0.06718 eb
59.08494 46.65791 -0.87654 0.05019 0.47871 eb
59.26660 50.63943 -0.75818 0.19817 -0.62120 eb
59.32193 32.41537 -0.98118 -0.06389 0.18222 eb
59.60863 44.31016 0.02999 -0.36693 -0.92976 eb
59.81675 22.53321 -0.97821 -0.15289 0.14049 eb
60.04740 24.76193 -0.33993 -0.77521 0.53244 eb
60.27093 86.45093 0.07823 0.96168 -0.26279 eb
60.31364 75.19382 -0.75481 -0.17776 0.63140 eb
60.35522 10.60923 0.69227 -0.23120 -0.68360 eb
60.94491 39.86486 0.14343 -0.15790 -0.97698 eb
61.03609 34.52803 -0.02024 0.99779 0.06321 eb
61.55324 34.20349 0.97965 0.17621 -0.09614 eb
61.61868 24.24846 -0.06261 -0.97861 0.19596 eb
61.78174 77.41384 0.53814 -0.75147 -0.38170 eb
62.34735 22.44049 -0.33169 -0.68593 0.64767 eb
62.44853 43.48280 0.11327 0.35895 -0.92646 eb
62.52566 44.66708 0.35421 -0.05021 -0.93382 eb
62.56208 43.04029 0.84027 -0.54158 0.02519 eb
63.03961 39.14990 0.08782 0.99177 -0.09321 eb
64.91989 48.15714 0.44578 0.89320 0.05885 eb
64.98589 46.85351 0.49529 0.50225 -0.70883 eb
65.38806 72.51299 0.95592 0.19368 -0.22070 eb
65.51417 63.21794 0.69111 0.71883 0.07515 eb
65.52510 63.06248 -0.38748 -0.37891 -0.84041 eb
65.88339 63.59136 -0.24473 0.34340 -0.90675 eb
66.02120 14.70660 0.62103 0.78376 -0.00593 eb
66.06612 35.51467 -0.66744 -0.29365 -0.68432 eb
66.29945 68.44803 -0.52326 -0.73078 -0.43836 eb
66.32792 47.11608 -0.20323 -0.75521 0.62318 eb
66.50718 31.99367 -0.84942 -0.52704 0.02684 eb
66.54887 27.75348 0.47413 -0.83829 -0.26921 eb
66.67274 26.22494 0.73403 -0.67846 0.02978 eb
67.63078 58.37742 0.31956 -0.42455 -0.84714 eb
68.21527 80.31811 0.42653 -0.67583 -0.60110 eb
68.37578 46.06481 -0.60981 0.54034 -0.57979 eb
68.88866 46.63566 0.95036 -0.30884 -0.03797 eb
69.13832 23.65268 -0.77270 -0.50986 0.37812 eb
70.14347 51.66373 -0.18623 -0.03467 -0.98189 eb
70.17058 46.74847 0.47904 0.87716 0.03345 eb
70.73277 77.32131 0.53662 0.53778 0.65025 eb
70.78673 65.13379 0.40056 -0.72227 -0.56381 eb
70.86196 52.82456 -0.81973 -0.26078 -0.50993 eb
70.94490 41.62557 0.67821 0.06980 -0.73155 eb
70.95099 47.17819 -0.66416 -0.46158 0.58808 eb
71.55706 17.42065 -0.59730 0.79911 0.06821 eb
72.19610 32.89030 -0.10899 0.23868 -0.96496 eb
72.27643 63.19874 0.44433 0.82430 0.35085 eb
72.47520 77.54142 -0.45609 -0.03331 -0.88931 eb
72.64464 32.28527 -0.49650 -0.36430 0.78789 eb
72.74726 37.50758 0.54042 0.44766 -0.71242 eb
72.75348 73.46277 -0.83699 0.23057 -0.49628 eb
72.87805 61.45944 0.91000 0.40148 -0.10351 eb
73.61267 32.76012 -0.32051 0.40141 -0.85799 eb
73.69185 35.26883 -0.28880 0.87979 -0.37757 eb
73.83060 72.17784 -0.59232 -0.75234 -0.28834 eb
74.44753 37.99401 0.32847 -0.03513 0.94386 eb
74.55535 64.10976 0.59948 0.39047 0.69868 eb
74.76546 37.35947 -0.76884 -0.63944 -0.00139 eb
75.78978 17.53549 -0.65890 -0.14041 0.73901 eb
76.43577 48.32410 -0.27407 0.64832 -0.71033 eb
76.53852 83.39387 -0.69165 -0.29132 0.66087 eb
76.69842 48.59004 0.26130 0.88579 0.38353 eb
76.99769 45.42325 0.84198 -0.32032 -0.43412 eb
77.87959 81.56012 -0.75194 0.64306 0.14514 eb
78.44825 31.77456 -0.70086 -0.40755 -0.58540 eb
79.67186 77.40808 -0.43579 -0.74693 0.50218 eb
79.71922 85.22730 0.21841 -0.69081 -0.68926 eb
80.16647 18.17816 0.45139 -0.87937 0.15149 eb
80.43647 37.91062 -0.50747 0.65658 0.55801 eb
80.52663 23.24118 0.72684 0.67871 -0.10512 eb
80.90468 27.42733 0.41465 0.84536 -0.33680 eb
81.39670 77.64425 0.76408 -0.09689 -0.63781 eb
81.50852 63.98995 -0.15314 -0.53630 0.83002 eb
81.85362 67.34285 0.85398 0.27594 -0.44110 eb
81.98655 55.97329 0.50715 0.40748 -0.75945 eb
82.14022 52.81363 0.86111 0.01406 -0.50823 eb
84.63560 31.45532 0.01410 0.99941 -0.03128 eb
84.87237 19.22621 -0.31070 0.56103 -0.76727 eb
85.16137 21.15970 -0.36532 0.63283 0.68269 eb
85.32308 6.03359 0.70952 -0.41062 -0.57269 eb
85.50602 56.51169 0.31018 0.55648 -0.77079 eb
85.53386 27.56940 -0.51907 0.84856 -0.10259 eb
85.85222 33.37615 0.99587 0.05174 0.07465 eb
85.90455 42.42385 0.52140 -0.69840 -0.49030 eb
86.41078 62.57584 0.12073 0.95887 -0.25690 eb
86.71260 53.84767 -0.33375 0.43712 -0.83519 eb
86.84537 76.59716 -0.49959 0.57423 -0.64860 eb
87.43238 38.70099 0.19055 -0.18401 -0.96428 eb
87.77166 50.05946 -0.19132 -0.60440 -0.77337 eb
87.85858 65.08344 -0.65277 0.20613 0.72897 eb
88.04822 53.55132 0.56326 -0.70109 -0.43728 eb
88.32934 15.69403 -0.72560 -0.56391 0.39435 eb
88.86729 16.95396 -0.47318 -0.79968 -0.36963 eb
89.32716 32.17253 -0.30322 -0.62831 -0.71643 eb
89.98495 86.06428 0.29258 0.50315 -0.81317 eb
90.54638 27.50636 -0.69945 -0.58880 -0.40507 eb
90.84792 79.57801 0.06479 -0.02447 -0.99760 eb
90.86739 27.32100 0.24951 -0.52327 -0.81482 eb
92.06281 35.15417 -0.16360 -0.97856 0.12513 eb
92.29994 74.55519 -0.45564 -0.44358 -0.77177 eb
94.03585 53.32226 0.85267 -0.48158 -0.20257 eb
94.70505 66.82947 -0.22553 0.93214 0.28330 eb
95.08631 72.26161 0.33495 -0.88631 0.31980 eb
95.46573 43.86909 -0.15185 0.97645 -0.15323 eb
95.78123 35.77559 -0.89223 0.43498 -0.12130 eb
96.37342 65.43998 0.75306 -0.51651 -0.40757 eb
96.52332 28.13596 -0.23269 0.86035 0.45348 eb
97.07228 20.74784 0.42070 0.27570 -0.86429 eb
97.12676 20.63391 0.38589 0.84636 0.36710 eb
97.15991 16.72071 0.71731 0.52632 -0.45656 eb
97.17551 25.44498 0.05082 0.98344 0.17396 eb
97.37373 73.15516 -0.53765 0.83665 -0.10464 eb
97.61301 76.92703 0.41705 0.26530 -0.86930 eb
98.58372 61.80926 0.54417 0.77196 -0.32858 eb
99.14642 32.36091 0.48757 0.02199 -0.87281 eb
100.27907 55.18863 0.32598 -0.01612 -0.94524 eb
100.44019 42.76409 -0.27164 -0.90479 -0.32797 eb
100.67795 54.17189 -0.31688 -0.21227 -0.92441 eb
100.71436 37.48171 0.59967 -0.23845 -0.76390 eb
100.86351 29.00254 -0.68080 -0.70133 0.21130 eb
101.51138 28.09707 -0.95741 0.01767 -0.28818 eb
101.68629 53.19823 0.26954 0.81317 -0.51585 eb
101.97578 75.85633 -0.16582 -0.74866 -0.64188 eb
102.19681 26.27370 -0.94637 0.01950 -0.32250 eb
102.35160 56.80394 0.42079 0.76764 0.48339 eb
102.53601 50.81049 -0.17077 -0.58570 -0.79233 eb
102.76182 35.04402 -0.85812 0.05822 -0.51014 eb
102.95652 75.46082 0.54164 0.77821 -0.31783 eb
106.47883 31.13626 -0.26764 0.80113 -0.53532 eb
107.43584 44.03763 -0.31374 0.88164 0.35254 eb
108.07644 33.86875 -0.81934 -0.57210 0.03728 eb
108.84501 43.36361 0.18205 -0.98260 0.03687 eb
109.48947 48.67439 0.79368 -0.59251 0.13786 eb
109.61968 29.17632 -0.52438 0.63445 -0.56790 eb
109.70522 61.41590 0.58314 0.15792 -0.79688 eb
109.81183 41.15294 -0.06461 -0.96303 -0.26152 eb
109.87369 87.65858 -0.68955 0.22179 -0.68944 eb
110.42060 40.99492 0.59616 0.68102 -0.42522 eb
110.66009 83.80037 -0.59644 -0.59134 -0.54275 eb
110.66243 40.59493 0.99920 0.00021 0.03999 eb
110.66711 28.75547 -0.54329 -0.02095 -0.83928 eb
110.96154 18.05523 0.11354 -0.04440 -0.99254 eb
110.96176 76.82922 -0.68132 0.55118 -0.48166 eb
111.04799 27.98193 0.51337 -0.78813 -0.33955 eb
112.18644 26.65509 -0.00251 -0.37309 -0.92779 eb
112.46205 78.55246 0.17596 -0.36029 -0.91609 eb
112.65426 73.49224 -0.85060 0.36926 0.37434 eb
112.71371 85.42569 0.14964 0.87464 0.46110 eb
112.96945 45.83700 -0.69275 0.67683 0.24898 eb
113.32361 22.08865 -0.18367 0.43316 0.88240 eb
113.41742 32.74970 0.56984 0.73012 -0.37710 eb
113.52123 14.52245 -0.01794 0.93544 0.35303 eb
113.76824 75.99032 0.61285 -0.25571 -0.74768 eb
114.94684 55.91994 0.88630 -0.46235 0.02664 eb
115.43276 41.44925 0.54560 0.79627 0.26131 eb
116.38043 31.85853 -0.47135 0.80380 -0.36295 eb
116.78669 24.95783 0.05139 0.30409 -0.95126 eb
117.06230 60.64002 -0.94323 0.11497 0.31161 eb
117.12333 58.89055 -0.31726 -0.22417 -0.92146 eb
117.41016 18.26424 -0.48903 -0.48720 0.72353 eb
118.85909 68.67656 0.94824 0.27875 -0.15213 eb
118.86627 36.64665 0.87621 -0.15122 0.45759 eb
119.13665 17.34889 0.96804 -0.19683 -0.15543 eb
119.26663 58.80413 0.51676 -0.77804 0.35723 eb
119.37424 57.06164 -0.18732 0.24600 -0.95100 eb
120.03997 44.12732 0.22814 -0.50478 -0.83255 eb
120.10122 72.90238 -0.29676 -0.83857 -0.45687 eb
120.17396 42.01892 -0.68661 -0.00095 -0.72702 eb
120.19165 55.08308 0.56540 -0.81190 -0.14538 eb
121.12917 55.84308 0.99688 0.05796 -0.05362 eb
121.61890 35.79824 0.56754 -0.14001 0.81136 eb
122.04874 36.64463 0.27367 -0.81579 -0.50951 eb
122.79343 34.71304 -0.50223 -0.86303 0.05419 eb
124.54981 61.17968 0.48312 0.43313 -0.76092 eb
124.65098 43.61750 -0.15625 0.95631 0.24710 eb
125.64374 32.67627 -0.51548 -0.48996 -0.70301 eb
125.71838 44.67406 0.14837 -0.33443 -0.93067 eb
126.20977 48.49880 -0.26732 0.93943 -0.21448 eb
126.34629 34.91167 0.26569 0.95235 0.14981 eb
126.71135 33.23689 0.19293 0.46372 -0.86472 eb
126.81638 52.52541 0.80269 0.48734 0.34378 eb
126.93612 76.42180 -0.06766 0.99241 0.10272 eb
127.14808 66.24538 0.04336 -0.48249 -0.87483 eb
127.30548 54.45328 -0.04734 0.18263 -0.98204 eb
127.31953 26.07275 -0.46762 0.15399 -0.87041 eb
127.47469 59.04315 -0.76755 0.08703 0.63506 eb
127.56469 68.79103 0.81397 0.03267 -0.57999 eb
127.81226 64.52950 -0.80509 0.23157 -0.54607 eb
127.91155 40.87797 -0.62880 0.66342 0.40556 eb
127.99503 39.35836 -0.47583 0.86186 -0.17546 eb
128.18053 52.08697 -0.95178 0.00658 -0.30672 eb
128.45410 31.75349 -0.76672 -0.29799 -0.56863 eb
129.11761 49.01991 -0.01428 -0.89414 -0.44756 eb
129.81935 72.63307 0.53052 0.13887 -0.83622 eb
130.47026 45.49656 0.49750 0.68176 -0.53638 eb
130.83519 21.85542 0.87715 -0.46008 0.13759 eb
131.11193 31.90346 -0.30620 0.78812 -0.53396 eb
131.49624 38.27397 -0.45832 0.66750 -0.58684 eb
132.78746 69.09729 0.08054 0.96397 0.25351 eb
132.97161 13.37182 0.69485 0.43941 0.56930 eb
133.50962 59.15635 0.60354 -0.73770 -0.30255 eb
134.39396 24.82930 -0.53084 0.84685 0.03249 eb
134.51362 35.91843 -0.66904 0.12509 -0.73262 eb
134.61339 57.11642 -0.64407 0.32758 -0.69128 eb
134.63498 39.22127 -0.20413 0.75583 -0.62214 eb
134.91423 15.32064 0.54593 -0.76243 0.34735 eb
135.14286 24.65752 0.52934 -0.48113 -0.69879 eb
135.70607 17.44284 0.28442 0.78257 -0.55379 eb
136.34340 13.56725 -0.37271 0.42446 -0.82518 eb
136.37132 26.35398 0.60475 -0.79610 0.02250 eb
136.60909 29.17450 0.32587 0.92169 -0.21047 eb
137.07931 44.23218 -0.56747 0.01297 -0.82329 eb
137.22955 48.65182 -0.66956 -0.18907 -0.71829 eb
137.69347 50.16423 -0.71381 -0.60178 0.35823 eb
137.69536 26.64506 0.74676 0.59214 -0.30286 eb
137.81401 41.89312 -0.65267 -0.75650 0.04168 eb
137.92669 32.70240 0.56307 0.24794 -0.78834 eb
138.00860 81.20430 -0.00180 0.56138 -0.82756 eb
139.34487 63.58058 -0.15281 0.97495 -0.16163 eb
139.37999 40.21122 0.60114 -0.67864 -0.42199 eb
139.46162 22.63010 -0.85783 0.13909 -0.49475 eb
139.46201 23.97678 0.87651 -0.21743 -0.42948 eb
139.67154 78.32264 -0.98182 -0.07824 0.17295 eb
140.29016 55.24819 0.71416 0.61942 0.32603 eb
140.84115 66.52560 0.08289 0.87359 -0.47956 eb
141.13561 53.18643 0.61206 0.23924 -0.75376 eb
141.57633 86.03544 0.62800 0.48730 0.60675 eb
142.03480 32.46711 0.67787 -0.09388 -0.72916 eb
142.46767 35.79241 0.01614 -0.80202 -0.59707 eb
142.79986 6.90389 0.83238 -0.33680 -0.44013 eb
143.19081 28.76671 0.14195 -0.18906 -0.97165 eb
144.08293 50.81795 -0.52655 0.02064 0.84989 eb
144.37476 46.04819 -0.02659 0.66278 0.74834 eb
144.61779 39.06860 0.71075 -0.34213 -0.61464 eb
145.13794 33.60558 -0.69276 0.63484 -0.34214 eb
145.94786 44.03480 -0.13721 -0.68850 -0.71214 eb
146.22603 21.43648 -0.99353 0.08278 0.07780 eb
146.52283 25.99608 0.12979 -0.83646 0.53244 eb
147.04931 61.94167 -0.62181 -0.67120 -0.40353 eb
147.18499 44.36271 0.77580 0.59314 -0.21522 eb
147.35557 16.88078 0.85523 -0.12284 -0.50348 eb
147.44737 18.00239 -0.03698 -0.77914 0.62575 eb
147.46217 28.44756 -0.62892 0.57500 -0.52329 eb
148.27199 44.77513 -0.18906 0.96418 -0.18604 eb
148.31608 53.36936 -0.94921 0.25759 -0.18067 eb
148.39718 57.96648 -0.34508 0.42798 -0.83532 eb
148.72631 39.42496 0.78453 0.28004 0.55325 eb
148.90789 68.05264 0.17656 0.35916 -0.91642 eb
150.11757 32.91286 0.35950 -0.81929 -0.44669 eb
151.21248 83.59293 -0.83741 -0.23464 -0.49364 eb
151.47180 40.96579 0.72463 0.28915 -0.62555 eb
151.62937 81.36248 -0.79480 -0.27728 -0.53983 eb
152.04307 66.08628 0.61730 -0.06543 -0.78400 eb
152.12419 56.99348 0.68885 -0.58896 -0.42262 eb
152.20236 66.69879 0.01053 0.55279 -0.83325 eb
153.44720 47.71760 0.37369 -0.90853 -0.18688 eb
153.83474 17.75812 -0.96189 0.24786 0.11548 eb
154.31534 21.48900 0.12645 0.96373 0.23502 eb
154.47050 53.49396 0.05512 0.06647 -0.99626 eb
155.13416 64.99674 -0.95304 0.18962 0.23614 eb
156.57720 23.98789 0.51003 -0.73585 0.44542 eb
157.21227 34.70279 0.76149 -0.13125 -0.63475 eb
158.60044 33.89756 -0.39544 -0.58848 -0.70521 eb
159.18691 65.40948 0.51415 -0.14991 -0.84449 eb
159.56768 16.82455 -0.10100 0.00704 0.99486 eb
159.63010 47.20366 -0.64252 -0.56522 -0.51739 eb
159.65813 31.39582 0.39620 -0.73968 -0.54397 eb
159.82090 53.63493 0.85036 0.30544 -0.42848 eb
160.29226 48.70818 -0.10244 -0.88131 -0.46129 eb
160.72112 40.93485 -0.13537 -0.73371 -0.66584 eb
160.90170 70.77969 -0.78433 0.60883 -0.11896 eb
161.46790 36.78441 0.67248 -0.49578 -0.54952 eb
161.51215 41.14362 -0.51142 -0.60550 -0.60976 eb
163.49642 35.73622 0.45819 -0.61291 0.64374 eb
163.56119 43.17516 -0.15136 0.66822 -0.72840 eb
163.84809 69.22223 -0.33737 0.50104 -0.79695 eb
164.00032 22.84656 -0.21494 -0.79516 0.56702 eb
164.74364 38.68903 -0.38335 0.82782 -0.40957 eb
164.77077 41.67916 0.96267 -0.19589 0.18682 eb
164.82996 14.96082 -0.66984 0.58080 -0.46259 eb
165.26378 53.01894 0.93417 0.11908 -0.33637 eb
165.54509 23.77658 0.95149 0.30628 0.02919 eb
166.06738 39.37326 0.22906 -0.03933 -0.97262 eb
166.12609 39.99502 -0.13877 0.44865 0.88287 eb
166.52474 31.90734 0.95089 -0.23537 -0.20103 eb
166.94356 54.25687 0.68973 0.31945 -0.64979 eb
167.55145 77.77711 0.04393 0.98706 -0.15421 eb
168.21298 46.14974 -0.38860 -0.91095 -0.13841 eb
168.46563 32.47661 -0.16552 -0.52230 -0.83655 eb
169.28461 46.59400 -0.32955 -0.48839 -0.80801 eb
169.34110 47.01633 0.05127 0.99600 0.07313 eb
169.38703 72.11633 -0.72628 0.52010 0.44946 eb
169.67940 34.47500 -0.12830 0.98777 -0.08858 eb
170.20126 59.53398 -0.50248 -0.40615 -0.76325 eb
170.53282 52.47969 0.70976 0.64693 -0.27878 eb
170.57591 45.56978 -0.11410 0.92593 -0.36006 eb
170.64768 56.19285 -0.10111 0.66130 -0.74328 eb
171.03180 62.97512 0.15455 -0.54394 -0.82477 eb
171.33216 36.57167 -0.02331 0.28988 -0.95678 eb
171.96166 36.26598 -0.82871 0.40984 -0.38115 eb
172.56947 46.64596 0.07721 0.47390 -0.87719 eb
174.04370 40.08550 0.24156 -0.43361 -0.86812 eb
174.04479 73.73434 -0.69088 -0.54977 -0.46951 eb
174.61045 49.63902 -0.24620 0.96915 0.01148 eb
174.88388 59.38556 0.02172 0.97906 -0.20241 eb
175.12400 14.46091 -0.17679 0.64529 0.74320 eb
175.26629 39.69623 0.85218 -0.13980 -0.50423 eb
175.84610 23.50400 0.65784 0.36706 -0.65765 eb
177.16627 37.80621 -0.73128 0.68068 -0.04364 eb
177.46299 52.17006 -0.31568 -0.93442 -0.16495 eb
177.84830 36.81871 -0.61023 -0.22832 -0.75861 eb
178.48647 30.00399 -0.14115 0.56733 -0.81131 eb
179.51842 39.64130 0.64355 0.71999 0.25972 eb
179.68562 35.00303 -0.56535 0.06659 -0.82216 eb
180.36752 54.29299 -0.76700 0.63021 -0.12063 eb
180.56606 64.08307 0.62884 -0.29406 0.71978 eb
181.01286 33.43525 0.68798 -0.68317 -0.24487 eb
181.38839 31.39372 -0.83834 -0.49379 -0.23101 eb
181.49365 32.61283 0.44139 0.89679 -0.03066 eb
182.04263 37.57741 0.59102 -0.68492 -0.42612 eb
183.97221 76.66692 -0.90823 -0.30424 -0.28733 eb
184.83371 67.12605 -0.16587 0.42502 -0.88986 eb
185.00407 33.83272 -0.01753 -0.37165 -0.92821 eb
185.07011 55.81206 0.93138 0.29344 -0.21548 eb
185.27423 41.83888 0.85470 0.19628 -0.48059 eb
185.47628 24.82171 -0.02544 0.56115 -0.82732 eb
186.71045 65.85042 -0.34480 0.45144 -0.82299 eb
186.98399 46.39805 0.05863 0.36602 -0.92876 eb
187.64139 39.68773 0.91366 0.33573 0.22914 eb
188.16692 58.45275 0.26768 0.78078 -0.56456 eb
189.07422 21.49971 0.12285 0.05534 -0.99088 eb
191.23626 22.21564 -0.31064 0.49063 -0.81411 eb
191.32879 57.34730 -0.35404 0.30535 -0.88398 eb
191.35204 22.48021 -0.99519 0.09712 -0.01317 eb
191.42053 35.00004 0.22995 0.48803 -0.84199 eb
191.59504 34.53056 -0.20308 0.28811 -0.93582 eb
191.63027 37.86847 0.92182 0.30605 -0.23787 eb
191.83932 72.04263 -0.29680 0.69368 -0.65629 eb
193.72080 69.47639 0.79490 0.54521 0.26623 eb
193.98900 42.71185 0.80907 0.24330 -0.53499 eb
194.71724 24.98360 0.02049 -0.54019 0.84129 eb
194.92006 24.86060 0.19548 0.77638 0.59918 eb
196.66810 51.58848 -0.04169 -0.67460 -0.73700 eb
197.47932 56.60587 -0.57719 0.74887 0.32565 eb
198.48239 69.72779 0.48863 0.86178 -0.13629 eb
198.93761 43.34480 -0.77203 0.39619 -0.49699 eb
198.96080 50.30361 -0.34521 0.48547 -0.80321 eb
199.19003 36.86371 -0.83975 0.21915 0.49678 eb
200.17663 35.11109 -0.22571 -0.85457 0.46773 eb
200.28052 27.87564 0.89146 0.20777 0.40266 eb
201.79494 32.09784 -0.47354 0.86142 -0.18364 eb
202.20197 14.77084 0.99700 -0.06156 0.04681 eb
202.23727 79.09654 0.26490 -0.71883 -0.64274 eb
203.27926 84.29007 0.95067 -0.00319 -0.31019 eb
203.44795 15.29497 -0.98004 0.17575 0.09288 eb
203.46508 60.13175 0.65366 0.73940 -0.16130 eb
205.20449 29.31039 -0.69364 -0.63469 -0.34064 eb
205.31522 36.79988 -0.73149 0.53821 0.41863 eb
205.70729 28.52850 -0.22132 -0.93900 0.26325 eb
206.19865 46.98238 -0.04345 0.58832 -0.80746 eb
206.25584 22.34952 -0.08574 0.66630 -0.74074 eb
206.74662 78.28306 -0.63232 -0.77408 -0.03110 eb
206.79218 16.05491 -0.88406 -0.45746 0.09581 eb
207.82946 80.31893 -0.76754 -0.16162 -0.62029 eb
207.95334 28.40801 -0.40744 -0.27292 -0.87150 eb
208.06604 48.49482 -0.33573 -0.16694 -0.92705 eb
208.30365 30.31132 -0.62974 -0.03502 0.77602 eb
210.34715 52.47423 0.90439 0.09255 0.41655 eb
210.77836 81.96773 0.90839 -0.41155 -0.07382 eb
211.60082 38.48512 -0.07128 -0.26873 -0.96057 eb
211.82914 44.70554 -0.71505 0.31270 0.62524 eb
211.94021 36.09021 0.87259 0.31995 -0.36907 eb
212.26924 33.11088 -0.11039 -0.66722 -0.73663 eb
212.67896 67.02039 0.94533 -0.26795 -0.18586 eb
212.78776 32.19397 0.16534 -0.56273 -0.80994 eb
212.96279 26.06392 -0.74878 0.37420 -0.54709 eb
213.50258 61.75083 0.63073 0.11524 -0.76740 eb
213.62165 69.05951 -0.42535 0.53782 0.72790 eb
214.94825 77.33115 -0.32801 -0.90313 0.27707 eb
215.15894 57.98971 0.51290 -0.36014 -0.77925 eb
216.15999 45.66633 -0.64748 0.27786 -0.70963 eb
216.20253 62.26533 0.26287 -0.90624 -0.33110 eb
216.44752 44.76701 -0.94918 0.30983 0.05535 eb
217.11436 74.74827 -0.99586 0.02495 0.08742 eb
217.90855 80.50043 0.45854 0.68461 -0.56661 eb
219.03504 36.70793 0.50790 0.59669 -0.62129 eb
219.72809 25.97475 -0.40300 -0.04937 -0.91387 eb
220.26069 84.79448 -0.25702 0.22196 -0.94057 eb
220.69914 71.24596 0.96232 0.25672 0.08968 eb
220.97469 43.74821 -0.05098 0.95928 0.27782 eb
223.42360 20.83140 0.67595 -0.59634 0.43298 eb
223.99042 83.89402 -0.34440 0.91431 -0.21312 eb
226.30063 31.92279 -0.27072 0.73482 0.62189 eb
227.04294 14.27864 0.92896 0.20591 0.30761 eb
228.02869 40.51365 -0.88618 -0.46322 0.01014 eb
228.67817 70.54043 0.84009 -0.14795 -0.52188 eb
228.83982 53.09210 -0.31462 0.59194 0.74204 eb
228.92216 24.55846 0.42979 -0.03152 -0.90238 eb
231.26395 74.74332 -0.50663 0.85628 -0.10056 eb
232.64737 34.06381 -0.38847 -0.39414 -0.83292 eb
233.71864 74.79165 -0.16686 0.84903 -0.50131 eb
234.47243 41.65465 0.13358 -0.80461 -0.57858 eb
235.14193 51.36414 -0.16840 0.67123 -0.72187 eb
235.23051 47.10700 0.40825 0.85958 -0.30732 eb
236.82014 50.59449 -0.99317 -0.11061 -0.03710 eb
237.47616 65.75772 -0.76973 -0.09755 0.63088 eb
239.09934 31.26038 0.82845 -0.22576 -0.51254 eb
240.06153 73.50350 0.30906 -0.85799 -0.41029 eb
240.67761 34.91343 0.69640 0.06553 -0.71465 eb
240.80285 81.78314 0.56425 -0.68739 -0.45729 eb
242.73021 21.19321 -0.84615 0.34058 0.40993 eb
243.15948 31.91247 -0.87762 -0.47920 0.01216 eb
245.98966 32.28639 0.09442 0.62756 0.77282 eb
247.80081 32.37267 0.78763 0.59655 -0.15417 eb
248.64839 43.35060 0.32549 0.45331 -0.82980 eb
248.95236 46.50867 0.87318 -0.36738 0.32029 eb
254.65438 30.37163 0.98710 0.15919 0.01694 eb
255.60475 28.81719 0.26291 0.82051 -0.50758 eb
255.75815 41.20598 0.75110 -0.01872 -0.65992 eb
255.79805 44.96341 0.30805 -0.19695 -0.93076 eb
256.18900 65.99482 -0.28665 0.79356 -0.53675 eb
256.58062 35.92262 0.67834 0.17289 0.71412 eb
257.17865 48.27267 -0.70046 0.02811 -0.71314 eb
258.81741 81.02586 0.99626 -0.08309 0.02382 eb
260.01020 49.24085 0.12126 -0.90534 -0.40701 eb
261.16842 83.48419 0.35292 -0.16667 -0.92069 eb
261.27501 49.26939 -0.89751 0.20142 -0.39230 eb
261.68984 65.78420 0.85467 0.01249 -0.51903 eb
263.74779 30.33716 0.33704 -0.33486 -0.87993 eb
264.21728 10.89682 -0.41958 0.81235 -0.40502 eb
264.22439 28.65467 -0.40830 -0.47139 0.78172 eb
264.23972 15.85335 -0.42057 0.04880 -0.90595 eb
266.06422 79.59806 0.44383 -0.89596 -0.01633 eb
268.09933 80.25472 0.07492 -0.09126 -0.99300 eb
268.46458 21.86691 -0.88908 -0.44832 -0.09246 eb
268.81234 14.26810 0.14631 0.56049 -0.81513 eb
269.53970 78.35395 -0.00476 -0.08087 -0.99671 eb
269.85346 46.18771 0.96854 0.00670 -0.24876 eb
271.02303 41.61376 -0.46179 0.02393 -0.88667 eb
271.72093 54.39523 0.65658 0.37864 -0.65234 eb
272.59864 40.74497 -0.81541 0.34967 0.46135 eb
272.97150 15.87060 -0.88365 -0.04940 0.46553 eb
273.96132 86.83046 0.40576 0.76143 -0.50554 eb
274.38555 21.40756 -0.31439 -0.55084 -0.77314 eb
274.91263 52.94306 -0.57880 -0.21415 -0.78685 eb
275.69569 88.19112 -0.07535 0.81959 0.56798 eb
276.46068 38.58841 0.31215 -0.86349 -0.39617 eb
277.18403 29.90529 -0.01414 0.75022 0.66104 eb
278.15314 20.93590 -0.05734 -0.28883 -0.95566 eb
279.59894 38.62355 -0.63829 -0.18966 0.74606 eb
279.81079 78.38933 -0.65649 -0.51883 -0.54757 eb
280.47936 36.80865 0.24481 0.22581 -0.94291 eb
281.66061 31.36717 -0.14706 0.23237 -0.96145 eb
281.98249 52.83784 -0.05141 -0.99853 -0.01730 eb
282.01905 24.76570 0.50977 -0.01946 -0.86009 eb
282.65406 30.95178 -0.14501 0.98809 -0.05143 eb
283.99453 32.13004 0.66640 -0.32385 -0.67159 eb
284.63110 44.55302 -0.82975 0.51966 0.20364 eb
284.74636 33.94399 0.81930 -0.55155 -0.15667 eb
286.83503 57.18448 0.79160 0.47421 -0.38537 eb
287.38592 35.11980 -0.41966 -0.85554 -0.30321 eb
287.87058 47.28782 -0.59928 -0.80025 -0.02168 eb
288.04430 73.78999 0.83670 0.17762 0.51806 eb
288.30891 16.38906 -0.48027 -0.86299 0.15682 eb
288.60536 59.52113 -0.29627 0.53797 -0.78918 eb
288.88408 16.18142 0.93199 -0.13989 0.33440 eb
290.69112 58.18995 -0.76217 -0.59220 -0.26155 eb
291.80531 64.93788 0.19316 -0.22148 -0.95584 eb
292.51803 37.08204 -0.06082 0.74868 -0.66013 eb
292.62940 55.30100 -0.29336 0.84442 0.44821 eb
293.72460 51.21765 -0.34242 0.84918 0.40206 eb
295.13222 41.58725 -0.28171 0.88872 -0.36170 eb
296.15674 29.86905 0.96630 0.13037 -0.22197 eb
296.65373 27.90210 -0.16040 -0.95513 0.24900 eb
298.20932 26.11276 -0.24391 -0.06601 -0.96755 eb
298.75520 47.57128 0.73192 -0.14817 -0.66509 eb
300.57121 59.47368 -0.79924 -0.58093 0.15404 eb
301.68070 80.97771 -0.74546 -0.42548 0.51309 eb
301.97538 46.24234 -0.35360 -0.60415 -0.71412 eb
302.71776 41.48936 -0.62570 -0.55189 -0.55129 eb
306.11662 17.35986 0.82494 0.31100 -0.47197 eb
307.29275 40.93689 0.42754 0.75548 -0.49645 eb
310.27477 53.80822 0.28598 0.71418 -0.63887 eb
310.36710 26.66336 -0.48726 0.46247 0.74074 eb
310.37013 20.76082 -0.10291 -0.79392 0.59925 eb
311.65678 57.78556 -0.33610 0.90039 -0.27627 eb
312.15398 54.17171 -0.64449 -0.58596 0.49120 eb
312.39136 55.90595 -0.42190 0.33402 -0.84287 eb
312.43598 25.73043 -0.84502 -0.48798 0.21866 eb
315.91527 27.87124 0.95508 0.10364 -0.27764 eb
316.10655 17.78646 -0.75640 -0.09624 -0.64699 eb
316.44079 20.86916 -0.21045 0.89185 -0.40040 eb
316.58559 28.49743 -0.80944 -0.02675 -0.58659 eb
317.23422 20.49338 0.69654 -0.25006 -0.67253 eb
317.52637 29.35629 0.73311 0.01084 -0.68003 eb
317.86214 53.01045 -0.79938 -0.35985 -0.48114 eb
318.32001 68.91576 -0.42749 0.85192 0.30248 eb
319.79301 34.81345 -0.87587 0.41315 -0.24931 eb
320.98876 25.76572 -0.71734 0.50642 -0.47850 eb
321.35481 72.65339 0.71460 -0.38127 0.58650 eb
321.68639 34.74380 -0.61697 0.15595 -0.77138 eb
321.79396 32.88411 -0.16850 -0.85316 -0.49369 eb
321.87133 40.28002 0.44691 0.89364 -0.04099 eb
322.08186 33.71734 -0.76966 0.63352 0.07917 eb
322.39714 47.97780 0.51272 -0.61521 0.59886 eb
322.75521 41.66906 0.82671 0.42009 -0.37428 eb
323.58848 57.80630 -0.43741 -0.70127 -0.56293 eb
326.42602 30.65692 0.21091 0.01711 0.97735 eb
326.80393 44.09246 -0.16647 -0.96483 0.20344 eb
327.12745 35.81102 -0.97313 -0.22431 0.05202 eb
327.60025 30.85172 -0.41225 0.73673 -0.53599 eb
327.60740 58.17649 -0.41782 0.24784 -0.87407 eb
329.36361 59.29968 -0.26986 -0.84789 -0.45636 eb
329.66952 25.87945 -0.01505 -0.21891 -0.97563 eb
330.16535 23.31810 0.14590 0.26939 -0.95192 eb
330.70589 46.54055 -0.83789 0.52080 -0.16342 eb
332.48031 32.21638 0.51316 -0.61750 0.59612 eb
332.85530 57.02631 0.63888 -0.64321 0.42204 eb
333.17703 55.32359 -0.94140 0.19604 0.27447 eb
333.82993 53.47831 -0.08837 -0.86180 -0.49949 eb
334.04011 80.18163 0.42078 0.59714 -0.68292 eb
334.25797 46.20933 -0.13375 0.07254 -0.98836 eb
334.93810 26.94462 -0.25132 0.91317 -0.32086 eb
334.96290 39.24416 0.18349 0.34310 -0.92120 eb
335.24292 59.89719 -0.81063 0.54925 0.20297 eb
335.74493 21.58986 -0.88569 0.00281 -0.46428 eb
335.88306 64.21659 -0.20561 0.00418 -0.97862 eb
336.19758 84.01485 -0.67605 -0.73039 0.09739 eb
337.37096 52.18252 0.34658 -0.93685 0.04683 eb
338.59326 23.09371 -0.49527 0.62828 0.59998 eb
339.79016 44.83305 0.92626 -0.14164 -0.34926 eb
340.42463 59.86521 -0.03203 0.49908 -0.86597 eb
340.73731 17.89499 0.16584 -0.42434 -0.89019 eb
341.75570 55.71862 0.08653 -0.64495 -0.75931 eb
341.97435 71.28789 -0.96647 0.24950 0.06063 eb
344.80089 35.27885 0.00536 0.29811 0.95452 eb
346.96539 26.63642 -0.75954 0.17671 0.62599 eb
348.20295 29.35975 0.78446 0.37097 -0.49700 eb
348.27812 14.92365 -0.04883 0.17722 -0.98296 eb
348.92379 24.43620 -0.30921 -0.42988 -0.84829 eb
350.99828 28.83328 -0.65137 0.69566 0.30295 eb
352.06186 49.93727 -0.26528 -0.77735 -0.57040 eb
352.57000 75.77550 0.23832 0.41101 -0.87993 eb
352.83619 25.76142 -0.87504 -0.39179 -0.28426 eb
353.86240 37.45363 0.31859 0.94175 0.10768 eb
354.04697 76.99066 -0.71576 0.63656 -0.28720 eb
354.25774 79.26292 -0.16872 -0.55851 -0.81215 eb
354.34521 82.59866 -0.64613 0.21328 -0.73282 eb
355.11706 43.51267 0.73844 -0.66143 0.13122 eb
357.85057 54.77363 0.32560 0.58045 -0.74636 eb
358.38730 64.81162 -0.19156 -0.06284 0.97947 eb
358.49609 35.32161 0.94977 0.20508 -0.23639 eb
359.75197 28.34912 -0.23151 -0.84013 -0.49049 eb
360.71506 20.94044 -0.97386 0.21027 -0.08598 eb
365.21312 47.56006 0.49078 0.81004 -0.32088 eb
366.30126 21.16338 -0.04332 0.29811 0.95355 eb
368.57601 33.51903 -0.05038 -0.91584 -0.39837 eb
368.90733 23.77683 0.70497 -0.41331 -0.57636 eb
371.12844 29.13840 0.44069 0.40907 -0.79903 eb
374.04580 50.22294 -0.24467 -0.26482 -0.93274 eb
378.72584 28.88943 -0.12995 0.83053 0.54160 eb
382.63545 26.91861 0.28439 -0.90343 -0.32085 eb
385.85860 56.82876 -0.57044 -0.75752 -0.31744 eb
392.04492 33.29499 0.84533 0.46461 0.26372 eb
395.01566 28.62631 -0.12186 0.09545 0.98795 eb
397.05553 34.15869 0.46276 0.88634 0.01615 eb
399.61901 50.10965 -0.65420 -0.16467 -0.73818 eb
402.89325 29.03401 0.51454 -0.70635 0.48612 eb
402.99516 24.56518 0.14720 -0.49416 0.85682 eb
403.24119 69.30223 0.31999 0.68971 -0.64954 eb
414.40518 23.13139 -0.63341 0.50799 -0.58372 eb
422.16223 21.06837 -0.99984 0.01335 0.01188 eb
429.81221 27.56686 -0.22592 -0.85984 0.45786 eb
437.75529 20.29809 0.79841 0.47560 -0.36926 eb
448.05699 24.20180 -0.32859 0.78971 -0.51807 eb
449.38600 11.53171 -0.41341 -0.50218 -0.75954 eb
451.63580 41.27104 -0.26353 -0.92178 0.28438 eb
455.45706 41.32762 -0.02962 -0.77961 -0.62556 eb
457.41500 28.10360 0.53906 0.72835 -0.42299 eb
461.54523 12.99519 -0.59471 0.13940 -0.79176 eb
464.52416 11.30024 0.51699 0.81735 -0.25427 eb
468.77420 31.29895 0.98797 0.14274 0.05945 eb
474.28776 25.38510 -0.45402 0.68366 0.57138 eb
474.37572 47.33806 0.05123 -0.30459 -0.95111 eb
474.55267 17.33960 -0.31638 0.64341 -0.69708 eb
475.03776 24.54983 0.19978 0.96152 -0.18861 eb
477.62890 18.83416 0.07917 0.04026 -0.99605 eb
490.29537 19.03145 -0.19245 0.02263 0.98105 eb
510.54834 24.63091 0.97228 0.12760 -0.19591 eb
522.21170 15.35708 0.05753 -0.38138 0.92263 eb
543.35575 42.12442 0.07987 0.66224 0.74502 eb
546.19363 29.59263 -0.94340 0.25014 0.21778 eb
556.60877 27.49933 -0.38743 -0.87137 -0.30101 eb
585.04996 41.63033 0.88421 -0.05987 0.46324 eb
589.88126 17.84157 0.33347 -0.57656 -0.74591 eb
592.44043 14.71755 -0.23367 -0.94877 0.21269 eb
592.91498 36.10456 -0.98117 0.04665 -0.18742 eb
599.52020 34.26047 0.96710 0.24637 -0.06347 eb
607.05236 26.19128 0.02213 0.99860 0.04804 eb
617.85607 33.21637 -0.35203 -0.53037 -0.77122 eb
645.73401 21.01185 -0.50662 -0.69639 0.50831 eb
661.59359 47.72704 -0.65832 -0.40290 -0.63584 eb
739.36873 42.46595 0.12224 0.62563 -0.77049 eb
752.32287 9.55187 0.14710 -0.52096 0.84081 eb
762.55671 14.37925 -0.12925 0.88082 -0.45546 eb
768.30104 20.59478 -0.84464 -0.46623 -0.26308 eb
769.99613 26.47870 -0.67126 0.43699 -0.59871 eb
786.82293 33.87189 -0.56016 -0.04266 0.82728 eb
792.04761 16.13529 0.00238 -0.55464 0.83209 eb
809.25564 31.50025 -0.22110 0.77798 -0.58810 eb
810.14022 24.63668 0.96353 0.12647 -0.23581 eb
871.24997 15.84495 0.16442 -0.38230 0.90929 eb
872.62208 25.51010 -0.54997 0.79567 -0.25385 eb
932.78059 27.21381 0.56096 0.73104 -0.38847 eb
937.03647 41.34688 -0.64955 -0.18222 -0.73816 eb
950.11753 30.36958 -0.63302 0.29907 -0.71403 eb
964.56661 37.09828 -0.17667 0.14678 -0.97326 eb
964.90249 14.60984 -0.58871 0.15769 0.79281 eb
1001.33873 30.03213 -0.99692 0.07828 0.00439 eb
1002.85931 10.38964 0.27678 0.71489 -0.64213 eb
1003.10941 28.37268 0.30134 0.83737 -0.45608 eb
1037.85980 33.25643 -0.35286 -0.17936 -0.91833 eb
1100.48049 21.62779 0.61194 0.39383 -0.68587 eb
1142.11314 21.50275 0.47666 -0.76916 -0.42567 eb
1146.74127 28.34016 -0.75568 0.57093 -0.32091 eb
1176.97602 11.97206 0.56342 -0.72961 0.38759 eb
1234.30339 25.05121 -0.37003 0.31889 -0.87257 eb
1244.78903 31.85313 0.23567 -0.04984 -0.97055 eb
1255.98648 26.99352 -0.38756 0.22853 -0.89307 eb
1310.80068 35.50966 0.68586 0.69989 0.19934 eb
1354.98566 18.36474 0.79129 0.53287 0.29985 eb
1406.34225 19.03085 0.78410 0.57433 -0.23521 eb
1426.91063 23.33190 0.84411 -0.21805 0.48982 eb
1458.82053 14.86115 0.71922 0.63877 0.27330 eb
1571.95296 18.87361 -0.02023 -0.95870 0.28370 eb
1592.61310 21.17474 -0.97837 -0.01136 0.20657 eb
1606.26593 23.83271 0.15195 -0.98611 0.06707 eb
1684.08929 20.33452 0.70146 0.51357 -0.49417 eb
1702.73353 13.99411 -0.59958 -0.80026 -0.00916 eb
1718.57127 18.08065 0.05731 0.00133 0.99836 eb
1755.24348 10.05548 0.73984 0.56454 -0.36595 eb
1782.29244 31.67486 -0.34176 -0.89426 -0.28898 eb
1790.11283 13.67480 0.79692 -0.44296 0.41074 eb
1801.20972 13.77865 -0.65397 -0.05589 -0.75445 eb
1803.72458 12.56505 0.88415 0.41940 0.20588 eb
1826.61217 26.64794 -0.23483 -0.85289 -0.46630 eb
1854.40500 41.89957 0.20735 -0.75000 -0.62809 eb
1926.89448 23.38653 0.67043 -0.39881 0.62567 eb
2018.57193 13.63465 -0.53228 -0.83833 0.11779 eb
2137.30832 23.39522 -0.36292 0.37744 -0.85196 eb
2190.99292 13.32886 0.87415 0.40294 0.27110 eb
2399.55819 36.14338 0.47330 0.87252 -0.12121 eb
2431.41172 15.23350 0.06060 0.03642 -0.99750 eb
2496.84109 13.18738 0.63923 -0.69438 -0.33049 eb
2704.51109 11.53308 -0.42010 -0.22565 0.87897 eb
2842.88561 15.59463 0.31553 -0.58734 -0.74530 eb
2947.54476 32.06072 -0.04751 0.80819 -0.58700 eb
2966.29018 23.57331 0.21357 0.12725 -0.96860 eb
3104.51889 12.38324 0.95550 -0.27434 -0.10839 eb
3248.13721 23.87357 0.22039 0.44632 -0.86731 eb
3480.66540 44.96841 -0.44544 0.82816 -0.34020 eb
3565.99504 13.53134 -0.83415 -0.11081 0.54029 eb
3624.79202 22.94398 -0.76837 -0.54715 -0.33201 eb
3755.40911 29.82401 0.64591 0.74970 0.14405 eb
3808.99862 35.33563 0.15895 -0.69249 -0.70370 eb
3979.61328 15.99150 -0.73308 -0.39515 0.55358 eb
4011.50587 11.27366 -0.24424 -0.12331 0.96184 eb
4135.71655 38.15164 -0.74878 -0.53599 0.38992 eb
4254.25404 15.99093 0.17746 -0.29662 -0.93836 eb
4320.76855 6.22557 -0.74696 0.43161 -0.50573 eb
4681.65575 20.83822 -0.91139 0.03158 -0.41033 eb
4712.65895 15.95077 -0.63394 0.18229 -0.75159 eb
4858.82761 22.46981 0.98111 0.17046 -0.09145 eb
5069.40324 5.95890 0.35624 -0.30891 -0.88185 eb
5288.16681 60.87983 0.46064 0.88228 -0.09689 eb
5759.77213 25.49564 -0.36672 0.91824 0.14952 eb
5809.57550 14.70727 0.95665 0.23069 -0.17777 eb
6044.14882 8.92720 -0.72682 0.68080 0.09081 eb
6639.84867 22.40851 0.02010 -0.88898 -0.45750 eb
7273.56045 9.71704 0.84619 0.50715 -0.16357 eb
8631.79680 18.78753 -0.37519 -0.52031 0.76714 eb
9151.14507 77.71284 -0.74035 0.49327 -0.45669 eb
9181.96215 85.12423 -0.06433 0.58606 -0.80771 eb
11119.45139 11.46472 0.76136 -0.24683 -0.59950 eb
11325.99636 7.33154 0.45673 -0.79091 -0.40726 eb
12990.48997 6.88202 -0.59210 0.54333 -0.59515 eb
12995.40043 10.03283 -0.66256 -0.07068 -0.74566 eb
15211.44228 24.46742 0.50958 0.40464 -0.75934 eb
16569.12579 16.06012 -0.23192 0.57158 -0.78708 eb
