16.00741 24.10080 0.67864 -0.73188 -0.06158 eb
16.34862 30.36658 -0.30799 0.93654 0.16742 eb
16.92311 64.24105 -0.28811 -0.92115 -0.26168 eb
17.06235 40.01902 0.19775 0.96394 -0.17809 eb
18.50885 48.53474 -0.75650 0.51810 -0.39909 eb
18.75146 53.77407 -0.30745 0.91107 -0.27464 eb
19.47103 70.36978 -0.79970 -0.52408 -0.29295 eb
19.85055 62.46643 0.86136 -0.27531 -0.42692 eb
20.12102 52.46567 -0.98852 -0.01749 -0.15007 eb
20.50989 81.02293 -0.30735 0.26552 -0.91380 eb
20.69639 76.25636 -0.66639 -0.74540 0.01722 eb
20.70069 76.00992 -0.53262 0.29508 -0.79325 eb
20.80316 42.32168 0.63843 0.59499 0.48826 eb
20.87213 63.01186 0.08244 -0.92516 -0.37050 eb
20.98365 24.72666 -0.54432 -0.75278 0.37017 eb
21.53883 78.71758 0.03234 0.61991 -0.78400 eb
21.65241 53.96021 0.18692 0.23567 -0.95369 eb
21.82957 87.60954 -0.46393 0.61132 -0.64114 eb
21.88038 31.74066 -0.19848 -0.82306 0.53215 eb
22.22632 69.32635 -0.00829 0.02793 -0.99958 eb
22.32552 83.54258 -0.48096 0.81535 -0.32230 eb
22.46553 59.02505 -0.33607 -0.50407 -0.79560 eb
22.66957 72.54903 -0.34682 0.88034 0.32359 eb
22.93810 82.24012 -0.30439 0.54137 -0.78375 eb
23.18250 56.84917 0.25236 -0.85691 -0.44947 eb
23.27438 72.56617 0.86998 0.38334 -0.31013 eb
23.83298 83.44598 -0.03814 0.82811 0.55926 eb
24.48965 83.51303 0.19909 0.02554 -0.97965 eb
24.59113 81.62068 0.77301 -0.43835 -0.45859 eb
24.67901 45.96683 -0.49779 -0.07472 -0.86407 eb
25.54095 60.39856 0.50869 -0.40448 -0.76002 eb
25.74232 56.56144 -0.45287 -0.48467 -0.74833 eb
25.94499 77.40412 -0.03172 -0.20201 -0.97887 eb
26.00371 84.70748 -0.75667 0.65335 -0.02419 eb
26.24639 39.41648 0.47653 0.80606 -0.35098 eb
26.27991 58.07139 -0.70834 -0.14213 0.69141 eb
26.36362 43.75646 0.86909 0.46768 -0.16113 eb
26.42541 49.55901 -0.30540 -0.17048 -0.93684 eb
26.55203 85.18447 0.32160 -0.61419 -0.72066 eb
26.78410 46.36168 -0.68383 -0.67678 -0.27266 eb
26.80376 73.84509 0.26405 0.92396 0.27671 eb
26.96017 83.51911 -0.75664 -0.61818 0.21295 eb
27.08734 56.81716 -0.71090 0.29949 0.63634 eb
27.75245 47.34909 0.18677 0.97916 0.07981 eb
27.81757 5.46588 0.17494 0.94396 -0.27990 eb
27.93484 51.87384 0.34692 -0.93574 0.06362 eb
27.96877 31.79329 -0.20316 -0.08394 -0.97554 eb
27.99139 76.08467 0.86517 0.39685 0.30658 eb
28.23895 83.53989 -0.40116 -0.91166 -0.08912 eb
28.67637 42.83546 -0.59684 0.70123 -0.38995 eb
28.92019 36.97097 -0.17461 -0.85055 -0.49605 eb
28.92573 63.91727 -0.81821 -0.56968 -0.07748 eb
29.09001 32.46562 0.19206 0.80113 0.56684 eb
29.21030 68.07728 -0.04526 -0.71114 -0.70160 eb
29.28160 21.13920 -0.28187 -0.40809 -0.86834 eb
29.73654 67.51064 0.89710 -0.27819 0.34325 eb
29.76651 57.09271 -0.13098 -0.39422 0.90964 eb
29.79893 55.68459 -0.97916 0.00644 -0.20300 eb
29.98137 74.52421 0.06040 -0.06631 -0.99597 eb
30.04380 79.76753 -0.88169 0.35200 -0.31419 eb
30.16729 40.68653 0.37934 -0.92278 -0.06759 eb
30.40705 49.21407 -0.07512 0.87105 -0.48542 eb
30.47121 18.83358 -0.77545 -0.14353 0.61488 eb
30.68453 26.67478 -0.39775 -0.52934 -0.74940 eb
30.90136 26.75773 0.52114 -0.79764 0.30361 eb
31.60549 60.73295 -0.35321 -0.84026 -0.41134 eb
31.90467 48.04036 -0.17528 0.97354 0.14661 eb
31.94046 55.80214 0.54852 0.06420 -0.83367 eb
32.08848 44.74034 -0.88106 0.44266 0.16668 eb
32.30818 85.20766 -0.09516 -0.89245 -0.44100 eb
32.74948 72.34315 0.79753 -0.14605 -0.58533 eb
33.25850 77.98866 -0.85697 -0.00401 -0.51535 eb
34.11499 16.56272 0.89336 -0.24924 0.37389 eb
34.27621 59.25332 0.27332 0.95263 -0.13338 eb
34.34312 38.56827 -0.75048 0.65769 -0.06497 eb
34.40276 79.39566 -0.91511 -0.26686 -0.30227 eb
34.58512 86.81407 0.38075 0.58087 -0.71945 eb
34.61615 67.88567 -0.33922 -0.03541 -0.94004 eb
34.68945 88.51432 0.38006 0.72605 -0.57306 eb
35.35454 69.44442 -0.54754 -0.06676 -0.83412 eb
35.58099 48.48573 -0.70551 -0.42967 -0.56359 eb
35.58135 45.88838 -0.55518 -0.54055 -0.63213 eb
35.81632 50.90286 -0.04302 -0.99139 0.12368 eb
35.97866 75.89285 0.99900 0.01184 0.04322 eb
35.97975 87.09598 0.17973 -0.83503 -0.52002 eb
36.47840 84.11506 -0.63743 0.76874 -0.05219 eb
36.69667 32.75934 0.63945 -0.48980 -0.59263 eb
37.20587 29.89813 -0.36393 -0.64748 -0.66957 eb
37.61108 41.58262 0.02827 0.35947 -0.93273 eb
37.84262 22.43427 -0.01668 -0.77953 0.62614 eb
37.95761 56.86402 -0.78070 0.47477 -0.40632 eb
38.28840 73.70203 -0.66818 0.74235 -0.04941 eb
38.45528 58.17631 -0.16834 -0.84127 0.51373 eb
38.56394 70.54262 0.99972 -0.00698 0.02248 eb
38.66959 66.00194 -0.84856 -0.35185 0.39515 eb
38.74252 65.70005 -0.38698 -0.21126 -0.89756 eb
38.74704 81.85721 -0.46692 -0.85484 -0.22633 eb
38.90386 87.00363 -0.24657 -0.75375 -0.60915 eb
38.94758 84.47534 0.42883 0.08380 -0.89949 eb
38.97123 79.05550 -0.64386 0.46790 -0.60541 eb
39.05030 29.25352 0.77423 0.61141 -0.16357 eb
39.74741 43.08380 -0.29264 0.82658 -0.48075 eb
39.77519 29.16629 0.35205 0.42635 -0.83324 eb
39.94811 59.64581 -0.43977 -0.66712 0.60130 eb
40.08228 46.80377 -0.68378 -0.34974 -0.64040 eb
40.27385 47.87224 -0.11859 0.34705 -0.93032 eb
40.39188 66.14279 -0.13530 0.04920 -0.98958 eb
40.40941 22.27998 -0.23600 0.97146 0.02373 eb
40.44965 74.73573 -0.82312 -0.45325 0.34211 eb
40.48565 34.13213 -0.48911 -0.87132 -0.03977 eb
40.86390 39.91654 0.95863 0.10528 -0.26445 eb
40.89107 22.54709 -0.39924 0.28818 0.87038 eb
40.89194 35.32150 0.34546 -0.89707 -0.27553 eb
40.93823 52.93389 0.99634 -0.08049 -0.02879 eb
41.08254 68.64763 -0.66950 0.71901 0.18654 eb
41.08734 24.36846 0.93531 0.11505 0.33460 eb
41.54415 79.59343 -0.25841 0.88901 -0.37801 eb
41.57445 41.35811 -0.45096 0.85826 -0.24500 eb
41.80924 26.60335 -0.60992 0.79216 0.02192 eb
41.84346 69.68506 -0.21354 -0.71022 -0.67081 eb
41.94284 66.03362 0.56507 -0.29336 -0.77112 eb
41.97430 47.57449 0.37678 0.77736 -0.50373 eb
42.02594 72.17419 -0.10676 -0.83496 -0.53985 eb
42.11495 39.51191 -0.18437 -0.79752 -0.57443 eb
42.11588 70.95332 -0.03116 0.98096 -0.19172 eb
42.36612 71.31662 -0.40824 -0.80599 -0.42862 eb
42.41980 35.79797 -0.92508 0.21374 -0.31391 eb
42.66536 87.90388 0.76742 -0.32500 -0.55267 eb
42.96208 54.26288 0.66955 -0.69264 -0.26824 eb
43.11435 81.13925 -0.74410 -0.22962 -0.62736 eb
43.75975 24.47008 0.36426 0.50544 -0.78221 eb
43.92204 49.17401 0.79271 0.33955 -0.50628 eb
44.11795 56.13139 -0.46418 0.61587 -0.63658 eb
44.35863 60.83696 0.86743 -0.49364 -0.06234 eb
44.80091 35.00324 -0.71857 -0.69532 -0.01390 eb
44.81620 64.64995 -0.51168 0.54240 -0.66632 eb
44.85916 41.05361 0.77634 -0.62880 0.04361 eb
44.88538 34.37711 0.48425 0.84694 -0.21953 eb
44.97946 51.61645 0.89537 -0.36966 -0.24833 eb
45.04262 59.47923 0.10521 0.93218 -0.34636 eb
45.11058 66.11706 -0.98624 -0.14645 -0.07674 eb
46.04436 63.49940 0.60024 -0.75860 -0.25344 eb
46.21294 78.05713 -0.65524 0.35489 0.66687 eb
46.31335 82.23003 -0.97321 0.16624 -0.15881 eb
46.55713 82.24718 -0.59402 -0.76391 0.25216 eb
46.86349 14.77764 0.52934 -0.19754 -0.82509 eb
47.03194 79.12454 0.82070 0.45383 0.34713 eb
47.07493 49.81977 -0.59080 -0.01888 -0.80660 eb
47.13319 64.06706 0.10109 -0.89037 -0.44388 eb
47.27451 36.46273 0.50310 -0.85433 -0.13043 eb
47.38483 73.88457 0.50432 0.81603 0.28241 eb
47.56929 47.45634 0.38950 0.92045 0.03274 eb
48.14319 77.69016 0.19502 0.13928 -0.97086 eb
48.15671 59.19492 0.18107 -0.75720 -0.62759 eb
48.37880 82.12605 0.33490 -0.30721 -0.89077 eb
48.41796 28.87377 -0.26786 -0.86378 0.42677 eb
48.57056 51.23896 0.83646 0.11434 0.53597 eb
48.62274 78.45814 0.85095 -0.48409 -0.20382 eb
48.72458 34.31672 -0.52994 -0.23159 -0.81580 eb
48.75248 47.85219 -0.56483 0.81906 -0.10055 eb
49.25585 66.45461 -0.15528 0.83362 0.53006 eb
49.34511 66.94839 -0.11387 -0.22661 -0.96730 eb
49.57300 25.26670 -0.04067 0.94330 0.32943 eb
49.71896 23.60841 0.19117 0.57451 0.79586 eb
50.58084 54.19324 -0.07514 0.98128 0.17730 eb
50.63980 36.54740 -0.33530 -0.05006 0.94078 eb
50.75651 40.79169 0.03106 0.99566 -0.08768 eb
50.77061 75.37103 0.73110 -0.66959 0.13090 eb
50.87899 52.46837 -0.44656 0.85774 -0.25469 eb
50.93399 66.72325 0.29693 0.52400 -0.79828 eb
51.18810 47.72747 -0.42249 0.67497 0.60491 eb
51.19065 62.64017 0.30636 0.75477 -0.58006 eb
51.36533 72.62730 -0.70502 0.69006 0.16360 eb
51.43838 27.49221 0.55544 0.10746 0.82459 eb
51.67372 43.44320 0.35801 -0.58056 0.73129 eb
52.15948 52.35134 0.95908 0.18840 -0.21135 eb
52.20655 33.69258 0.94091 -0.26719 0.20809 eb
52.31398 53.77704 -0.02095 -0.99625 0.08390 eb
52.35498 67.03784 -0.30371 -0.36975 -0.87809 eb
52.37427 79.21539 -0.35379 0.51534 -0.78055 eb
52.38469 28.43752 0.45877 0.35420 -0.81491 eb
52.87907 31.23033 -0.80383 0.59446 -0.02168 eb
52.90570 87.78901 0.76073 0.41885 -0.49583 eb
52.96833 76.41031 -0.94645 0.25303 0.20052 eb
53.06475 31.19136 0.13738 -0.73951 -0.65898 eb
53.18901 66.50358 -0.05392 0.93262 -0.35680 eb
53.21010 76.69537 0.69573 0.31087 0.64755 eb
53.26982 34.45320 0.97348 -0.10753 -0.20194 eb
53.35479 25.20349 0.13685 -0.01652 -0.99045 eb
53.75766 37.51840 -0.89799 0.38672 -0.20992 eb
54.07904 69.96235 0.33428 -0.46178 -0.82160 eb
54.18380 29.06004 0.29877 -0.77431 -0.55783 eb
54.25955 63.10654 0.04294 0.59107 -0.80547 eb
54.43755 58.39088 0.27839 0.05673 -0.95879 eb
54.60857 77.43780 -0.17094 -0.81532 -0.55321 eb
54.65463 60.07505 0.26325 -0.60664 0.75013 eb
54.72478 51.38127 -0.61628 0.30391 -0.72652 eb
54.84788 42.37587 -0.30285 -0.79534 -0.52508 eb
55.01880 60.85435 0.34829 0.59323 -0.72579 eb
55.04482 42.30296 -0.30860 0.68133 -0.66375 eb
55.05414 16.33155 0.34720 -0.06450 -0.93557 eb
55.28205 43.75444 0.58550 -0.68814 -0.42854 eb
55.37022 53.37541 -0.35387 -0.38929 -0.85043 eb
55.49757 55.73296 -0.87212 0.33177 -0.35964 eb
55.87885 65.38038 0.02614 0.99796 -0.05823 eb
55.99828 40.81127 -0.42332 0.54961 -0.72023 eb
56.03263 22.75690 0.25071 0.14088 -0.95776 eb
56.13144 34.38083 0.65738 0.66777 0.34920 eb
57.01041 17.29063 -0.33826 0.46502 -0.81813 eb
57.14512 64.68882 -0.18010 -0.17172 -0.96854 eb
57.22867 82.39227 -0.72044 0.47290 -0.50728 eb
57.38704 88.49042 0.56839 0.54619 -0.61532 eb
57.58580 42.05450 -0.04079 -0.69340 0.71940 eb
57.65735 87.30908 0.92711 0.09608 0.36227 eb
58.42967 29.34800 0.00232 0.13778 0.99046 eb
58.53895 19.93682 0.57379 -0.26568 -0.77471 eb
58.63288 19.21331 0.96481 0.11474 -0.23658 eb
59.00173 56.03696 0.11110 0.98589 0.12519 eb
59.17540 42.14468 -0.64697 0.66671 -0.37003 eb
59.36543 58.05760 0.71793 -0.24704 -0.65080 eb
59.40396 33.99664 0.64238 -0.65978 0.38993 eb
59.73056 45.01773 -0.20817 -0.97511 -0.07639 eb
60.20051 50.74792 0.58125 0.30199 0.75561 eb
60.22736 35.61158 -0.76979 0.51701 -0.37432 eb
60.42668 85.56777 -0.92662 -0.26695 0.26477 eb
61.27445 79.88660 -0.63175 0.46906 -0.61715 eb
61.31215 29.02963 0.06948 -0.06413 -0.99552 eb
61.65912 73.56605 -0.07648 -0.80373 -0.59006 eb
61.85327 41.61142 -0.99047 0.12517 0.05750 eb
62.41864 28.13382 0.73058 -0.65994 -0.17532 eb
62.43727 46.65555 -0.47961 -0.77776 0.40628 eb
62.56924 34.24435 0.97768 0.17683 -0.11346 eb
62.76884 45.09548 -0.78850 -0.54168 -0.29128 eb
62.83952 50.79679 -0.23720 0.81263 -0.53232 eb
62.84047 86.03678 -0.17236 -0.30431 -0.93685 eb
62.86193 46.96842 -0.16335 -0.69918 -0.69604 eb
62.91290 36.17578 0.08207 -0.81553 -0.57286 eb
63.08679 36.87820 0.15264 0.95230 0.26426 eb
63.19222 70.41788 -0.75418 0.03362 0.65581 eb
63.66655 49.16635 0.50584 0.11314 -0.85517 eb
63.72801 57.30849 0.21529 0.94167 -0.25865 eb
63.78356 47.96357 0.86272 -0.43627 0.25569 eb
64.28031 57.89258 0.85810 -0.48264 0.17528 eb
64.67477 44.98298 0.68982 0.69674 0.19673 eb
64.96639 59.59529 -0.23490 0.81151 0.53505 eb
65.04247 54.33134 0.07464 0.62420 -0.77769 eb
65.15323 19.91013 -0.45058 -0.40341 -0.79639 eb
65.19109 79.85492 0.08103 0.90776 -0.41159 eb
65.57681 63.61470 -0.20247 0.87858 0.43256 eb
65.61114 17.13904 -0.91913 -0.19017 -0.34501 eb
65.76181 38.44050 -0.49739 -0.85111 -0.16800 eb
65.80576 44.95457 0.53927 -0.00688 -0.84211 eb
66.31891 48.69293 0.38371 -0.60156 -0.70064 eb
66.35350 69.19849 -0.24600 -0.61909 -0.74579 eb
66.43810 46.53243 0.96067 -0.20813 -0.18383 eb
66.72446 76.44506 -0.27288 -0.87170 0.40702 eb
66.74327 62.44697 -0.95985 0.16902 -0.22386 eb
66.78538 10.92867 0.81389 -0.58042 0.02644 eb
67.26312 36.98742 -0.60974 0.78028 -0.13919 eb
67.29644 44.17108 0.70048 0.53225 -0.47543 eb
67.32595 84.05492 -0.30842 0.41830 -0.85434 eb
67.77629 45.99273 0.94838 0.09895 0.30129 eb
68.16910 41.76947 0.99563 -0.09296 -0.00839 eb
68.30016 42.48916 0.02705 0.99431 0.10303 eb
68.41052 73.30109 0.54143 0.84070 -0.00917 eb
68.45337 65.69933 0.71614 -0.17574 -0.67547 eb
68.56498 40.57229 0.63830 0.46007 -0.61718 eb
68.62750 85.67221 -0.53742 0.79311 0.28664 eb
68.70531 63.79597 0.11110 0.61455 -0.78101 eb
69.06469 50.32715 -0.59493 0.60249 -0.53203 eb
69.60080 32.00022 -0.83684 0.24902 -0.48753 eb
69.84768 61.59215 0.25115 -0.80836 -0.53242 eb
70.05899 51.79597 0.88377 -0.30959 -0.35086 eb
70.12441 28.99356 -0.71723 -0.60002 0.35433 eb
70.12626 74.37749 0.28431 -0.57135 -0.76989 eb
70.52650 87.12508 -0.85909 -0.29499 -0.41827 eb
70.64333 44.01505 0.03780 0.73385 0.67826 eb
70.66701 36.69967 0.69846 0.23164 -0.67713 eb
70.84031 19.84597 -0.72047 -0.59517 -0.35593 eb
70.90347 43.05135 -0.59833 0.32609 -0.73190 eb
70.94755 34.88245 -0.25622 -0.20712 -0.94417 eb
71.08461 57.75401 0.03975 -0.97860 -0.20190 eb
71.53862 26.02233 -0.15682 -0.62259 0.76668 eb
71.57445 53.83711 -0.04359 -0.89478 -0.44437 eb
71.95529 49.48476 -0.60358 -0.15036 -0.78300 eb
72.01705 69.84543 0.24735 0.96823 -0.03676 eb
72.06726 35.27765 -0.03927 -0.99438 0.09832 eb
72.16843 70.19493 -0.34394 -0.33724 -0.87634 eb
72.66403 42.05219 -0.16924 0.36152 -0.91688 eb
73.51705 28.98683 0.48736 -0.87269 -0.02976 eb
73.57107 37.13669 -0.34000 0.01030 -0.94037 eb
73.92011 25.67686 -0.17287 0.95868 -0.22592 eb
74.20251 39.42243 0.52495 -0.38698 -0.75808 eb
74.28612 32.17151 -0.66366 0.19525 -0.72210 eb
74.65738 56.34507 0.94172 0.05591 0.33172 eb
74.75063 66.09523 -0.34533 -0.29207 -0.89187 eb
74.86624 43.09770 0.33684 0.80240 -0.49264 eb
75.54224 38.88997 -0.15421 -0.98471 -0.08101 eb
76.09443 71.25889 0.09838 -0.22015 -0.97049 eb
76.39454 36.19696 0.94998 0.10413 -0.29446 eb
76.84680 36.95875 0.23983 -0.24995 -0.93809 eb
77.00155 59.87681 -0.73506 0.57876 0.35315 eb
77.64812 35.02763 0.42752 0.29736 -0.85370 eb
78.08989 34.02121 0.35355 -0.86717 0.35075 eb
79.84608 27.74908 0.16991 0.90336 0.39379 eb
80.25398 66.36734 -0.32808 0.29637 -0.89696 eb
80.79090 34.26968 -0.51978 0.25923 -0.81402 eb
80.80316 47.92640 -0.33435 -0.64005 -0.69177 eb
80.98088 63.89902 -0.35912 0.44701 -0.81928 eb
81.27118 75.76970 -0.55971 0.18996 -0.80662 eb
81.28121 52.64366 0.24633 0.83753 -0.48771 eb
81.38979 40.90867 -0.54055 0.81061 0.22521 eb
81.44743 73.12588 0.92570 -0.14021 0.35132 eb
82.24135 11.59699 0.49173 0.64009 -0.59032 eb
82.48839 42.40122 0.45985 0.88651 -0.05125 eb
82.50106 55.69147 0.41126 -0.11102 -0.90473 eb
82.51628 70.44526 0.95076 -0.04312 -0.30690 eb
83.04760 33.79968 0.90310 0.40319 0.14782 eb
83.38012 26.09688 0.30381 0.01971 0.95253 eb
83.71330 40.50336 0.23545 -0.76599 0.59818 eb
83.96154 22.16398 -0.59602 -0.70323 0.38759 eb
84.36090 51.21191 0.59737 -0.35628 0.71848 eb
84.85400 51.17650 0.15508 0.71916 -0.67732 eb
85.25600 34.55135 -0.17920 0.83334 0.52290 eb
85.27265 17.15397 -0.41746 0.90339 -0.09801 eb
85.64586 18.84713 -0.10584 0.92048 0.37618 eb
85.81609 54.70737 -0.13708 -0.18177 -0.97374 eb
86.21694 44.98920 0.67045 0.08173 -0.73744 eb
86.39119 30.41407 0.42669 -0.79488 -0.43140 eb
86.39794 19.86942 -0.86808 -0.39069 -0.30626 eb
86.41130 56.96163 -0.58186 -0.74580 0.32437 eb
86.44808 15.56851 -0.91486 -0.40244 0.03283 eb
86.78100 64.80446 -0.01308 0.95820 -0.28581 eb
86.81775 81.58451 -0.92610 -0.37481 0.04310 eb
86.94369 48.94325 0.18061 -0.45220 -0.87344 eb
87.28593 23.09803 0.99742 0.05660 -0.04418 eb
88.86681 45.50410 0.48933 0.36525 0.79193 eb
89.17740 40.87667 -0.80247 0.00426 0.59667 eb
89.74511 84.83449 -0.01420 -0.96543 0.26028 eb
90.07961 18.65049 -0.20972 0.31855 0.92442 eb
90.48450 52.14597 0.22219 -0.92000 -0.32285 eb
90.73967 59.97635 -0.09351 0.81840 -0.56699 eb
91.25480 60.87659 0.10968 0.62521 -0.77271 eb
91.85090 31.12892 -0.22127 -0.24166 -0.94480 eb
91.86387 28.00509 0.45610 0.21231 -0.86423 eb
92.00477 53.58158 -0.21874 0.39721 0.89128 eb
92.89629 21.27755 0.06738 -0.94998 -0.30495 eb
92.99383 28.26756 -0.97309 -0.14228 0.18126 eb
93.00045 39.47685 0.55600 -0.24432 -0.79446 eb
93.22556 61.96177 -0.22142 0.40180 -0.88855 eb
93.46239 39.73133 0.17934 0.95301 0.24417 eb
93.59165 29.29289 -0.97337 -0.12481 0.19227 eb
94.53593 11.65499 0.12984 0.54896 -0.82570 eb
94.94528 57.25314 -0.13231 0.41597 -0.89970 eb
95.11832 51.27954 0.01759 0.63112 -0.77549 eb
95.33893 63.79496 0.14365 -0.92634 -0.34823 eb
95.69814 36.35370 -0.51867 -0.85356 -0.04912 eb
96.09263 78.78021 -0.87151 -0.41764 -0.25701 eb
96.30321 43.92967 -0.94498 -0.13085 -0.29980 eb
96.48821 62.42526 0.15781 0.46945 -0.86874 eb
96.65723 45.57258 0.18524 0.85283 -0.48823 eb
97.78864 85.39435 -0.52116 0.73596 -0.43216 eb
98.11506 18.79040 0.30174 0.93579 0.18236 eb
98.26917 18.83948 0.02094 0.93727 -0.34797 eb
98.31730 34.57863 -0.25513 -0.47186 0.84396 eb
98.58282 25.48323 -0.73513 -0.44246 -0.51363 eb
98.75473 68.85976 0.48829 -0.26044 -0.83291 eb
99.15928 27.27955 0.90973 0.25948 0.32414 eb
100.83915 14.25065 0.63170 -0.49836 0.59379 eb
101.20884 46.74582 0.83323 0.49791 0.24045 eb
101.91417 35.28183 0.69104 -0.63583 -0.34377 eb
102.13979 26.21471 0.91409 -0.22326 0.33853 eb
102.31446 13.25308 0.13019 -0.79271 0.59554 eb
102.66369 73.82281 -0.33905 -0.62093 -0.70675 eb
102.91765 71.03707 0.66554 0.55005 0.50448 eb
104.20042 53.10361 0.00590 -0.46808 -0.88367 eb
104.20796 37.46335 -0.00067 -0.86921 0.49444 eb
105.10952 66.84976 0.14591 0.00992 -0.98925 eb
105.39983 53.72831 0.90309 0.42901 -0.01940 eb
105.64466 24.10841 0.68108 0.31989 0.65864 eb
105.73180 50.19671 0.75393 -0.64545 -0.12238 eb
105.83899 47.58448 -0.86973 0.26943 -0.41350 eb
105.90041 52.81739 0.00419 0.74078 -0.67173 eb
106.10302 62.52827 -0.36951 0.15227 -0.91667 eb
106.57891 15.93274 -0.89292 -0.10387 -0.43808 eb
107.30278 29.09939 0.58529 0.69696 -0.41435 eb
107.99928 30.32159 -0.09450 0.81212 0.57579 eb
108.08129 21.15449 0.15342 0.41009 -0.89905 eb
108.40253 10.37887 -0.50778 0.80902 -0.29604 eb
108.60991 39.24526 -0.80613 0.57255 0.14944 eb
108.82873 42.42758 0.58008 0.28875 -0.76166 eb
109.26783 54.41076 -0.56054 -0.82219 0.09897 eb
109.58117 33.40063 -0.42109 0.43730 0.79464 eb
109.72492 58.13186 -0.13274 0.05189 -0.98979 eb
109.82298 21.01810 -0.98476 0.17107 0.03131 eb
110.50126 44.98910 0.60628 0.72711 -0.32207 eb
111.44173 31.92196 0.24727 -0.80183 -0.54398 eb
112.86277 23.65563 0.60107 0.10645 -0.79207 eb
113.37271 24.63783 0.40590 0.50872 -0.75924 eb
114.04625 32.66986 0.36267 -0.27564 0.89022 eb
115.05415 52.46269 0.54092 0.32800 -0.77449 eb
115.14673 43.80393 -0.58127 -0.80251 0.13452 eb
116.25113 43.71123 -0.66692 -0.22774 -0.70947 eb
116.64884 76.81395 -0.48641 0.86505 0.12286 eb
117.81022 86.42938 -0.28090 0.47455 -0.83420 eb
117.94914 77.23248 -0.32545 -0.12180 -0.93768 eb
117.96487 42.14962 0.90953 -0.41147 -0.05872 eb
118.25386 48.80260 0.17286 0.97444 -0.14347 eb
119.04277 22.78830 -0.55276 0.62556 0.55058 eb
119.78695 40.70000 -0.08304 0.35164 0.93245 eb
119.88502 57.29087 0.18806 -0.28149 -0.94096 eb
119.92688 46.38640 -0.74358 -0.20318 0.63703 eb
120.57796 74.74105 -0.58310 -0.72982 -0.35687 eb
120.78049 37.66231 0.15047 0.94049 -0.30469 eb
121.26513 38.75225 -0.77655 -0.12399 -0.61773 eb
121.35755 25.39369 0.02378 -0.98630 -0.16325 eb
121.83204 20.95299 0.61782 -0.25045 -0.74537 eb
122.87656 40.99644 0.26013 -0.21131 -0.94217 eb
122.96350 25.93342 -0.51711 -0.19030 -0.83450 eb
123.24110 55.08556 -0.28711 0.77817 -0.55858 eb
123.32170 68.49874 -0.80589 -0.51202 -0.29728 eb
123.62728 48.69996 -0.87173 -0.46920 0.14124 eb
123.68134 34.23845 -0.22888 0.49690 -0.83708 eb
124.97350 57.62932 0.41519 0.90741 -0.06497 eb
126.52685 63.24491 0.92177 -0.38748 0.01390 eb
127.27748 29.79038 -0.09020 -0.99439 0.05530 eb
128.64908 35.33693 -0.87464 -0.34518 -0.34038 eb
129.50406 25.00652 0.61163 -0.68471 -0.39633 eb
130.24296 22.43478 -0.52355 0.75137 0.40167 eb
130.60328 10.79449 -0.35188 0.35505 0.86609 eb
131.32735 47.06497 0.36867 -0.35347 -0.85973 eb
131.42511 36.73144 -0.72979 -0.68365 0.00540 eb
132.83413 49.51148 0.22627 -0.66294 -0.71366 eb
132.88155 15.47409 -0.91327 -0.27645 0.29918 eb
132.93286 21.17412 -0.53494 0.63004 0.56292 eb
132.97541 55.24849 0.17886 -0.97955 -0.09210 eb
133.18550 38.60457 -0.29244 0.87450 -0.38694 eb
133.28643 43.41348 0.17483 -0.67330 -0.71840 eb
133.29923 27.91384 0.44763 -0.23636 -0.86241 eb
133.34844 87.06496 -0.69219 -0.51183 -0.50882 eb
133.59513 58.95652 0.34378 -0.53627 -0.77086 eb
133.65236 59.00376 -0.90142 0.41075 -0.13683 eb
134.02681 57.76270 -0.58814 -0.77294 -0.23804 eb
134.12930 73.83556 0.75205 -0.44777 -0.48365 eb
134.27190 34.74754 -0.27714 0.85999 -0.42849 eb
134.38997 20.97184 0.38377 -0.03388 -0.92281 eb
134.74293 71.76431 0.15261 -0.05896 -0.98653 eb
134.81999 63.93316 -0.65193 -0.23703 -0.72028 eb
135.22373 43.76817 -0.74524 0.11860 -0.65617 eb
135.24999 36.58981 -0.06928 0.65898 -0.74896 eb
135.50444 18.04351 -0.39654 -0.20244 -0.89542 eb
135.70198 51.11042 0.63093 0.77148 0.08208 eb
136.03419 49.66283 -0.67131 -0.74002 -0.04140 eb
136.27292 47.20748 0.14069 -0.66005 -0.73793 eb
136.63680 25.43501 -0.74286 0.43089 -0.51233 eb
136.95589 79.14706 -0.93187 0.14225 -0.33373 eb
138.41607 60.55819 0.71282 -0.28538 -0.64066 eb
138.74168 58.52208 -0.36825 0.86083 -0.35122 eb
138.76271 51.59437 0.68708 0.14200 -0.71258 eb
138.92420 34.27520 -0.84805 -0.51725 -0.11512 eb
139.38169 27.95993 0.54649 0.33949 -0.76557 eb
139.58916 49.09657 -0.75261 -0.35975 -0.55150 eb
139.69672 30.22186 0.90964 0.16949 -0.37924 eb
140.15281 45.77120 0.19033 0.89775 0.39728 eb
142.12778 21.82469 -0.94394 -0.24387 -0.22248 eb
142.26604 18.33056 0.60298 0.74625 0.28201 eb
142.66407 18.22459 0.86907 -0.22380 -0.44117 eb
143.15279 23.34579 -0.95999 0.10018 -0.26150 eb
143.72733 34.62738 0.73084 0.31275 0.60668 eb
143.82652 69.42686 -0.24192 -0.77526 -0.58348 eb
144.22701 18.50529 0.43075 -0.73786 -0.51963 eb
144.73178 65.98657 -0.32905 -0.09865 -0.93915 eb
144.73625 68.65081 -0.23131 -0.50612 -0.83087 eb
146.01369 22.30140 0.22422 0.94684 0.23071 eb
147.45238 70.04307 -0.99938 -0.03176 -0.01489 eb
147.49872 33.55966 -0.73130 0.67821 -0.07228 eb
147.60432 73.66320 -0.81708 0.53380 -0.21782 eb
147.65082 29.63647 0.76994 0.60809 -0.19345 eb
147.83105 74.74783 -0.09891 -0.69110 -0.71596 eb
148.12207 37.29855 0.08469 0.21650 -0.97260 eb
148.54534 84.60490 0.95248 0.09334 -0.28996 eb
148.70559 74.45119 -0.43828 -0.88322 0.16684 eb
148.93576 52.47537 -0.86172 0.30585 0.40484 eb
149.66815 44.53667 0.89378 0.44695 -0.03731 eb
149.89038 74.58917 -0.95605 0.24787 0.15659 eb
150.06562 80.24731 -0.33718 0.86351 -0.37504 eb
150.22634 23.46572 0.80610 0.17276 0.56600 eb
150.63665 59.35961 -0.92352 -0.09941 -0.37045 eb
150.85381 79.30352 -0.71980 0.12758 -0.68236 eb
151.18356 62.62234 0.57051 0.78344 0.24645 eb
151.19885 31.67156 0.66960 0.63011 0.39319 eb
151.47176 70.29773 0.30305 0.43117 -0.84985 eb
152.04155 49.41786 0.81654 -0.33727 -0.46853 eb
152.44950 48.87483 -0.73420 0.38096 0.56198 eb
152.48557 59.11685 -0.70395 -0.35398 -0.61576 eb
152.64037 46.10917 0.54830 0.46661 -0.69401 eb
153.38600 70.61828 0.09966 -0.99423 -0.03964 eb
154.68630 35.48330 0.61454 0.78836 0.02896 eb
154.84952 22.19394 -0.32499 -0.93810 -0.11975 eb
154.88908 38.74209 0.22155 -0.91067 -0.34872 eb
155.85389 45.35288 0.14056 -0.91604 0.37565 eb
156.65681 65.19851 0.87188 -0.45536 -0.18018 eb
157.06023 34.49092 -0.03942 -0.02516 -0.99891 eb
157.22482 83.75202 0.78334 0.39181 -0.48255 eb
157.90287 59.95189 -0.55940 -0.82856 -0.02355 eb
158.23575 35.18082 -0.15683 0.58863 -0.79304 eb
158.68210 18.42356 -0.25466 0.44198 0.86012 eb
159.03551 66.31667 0.48931 0.20754 -0.84706 eb
159.44934 45.18053 0.05714 0.56935 -0.82010 eb
159.53740 45.46939 -0.24434 -0.96301 -0.11362 eb
160.69500 16.02974 0.17358 -0.25622 -0.95090 eb
161.06489 58.17828 0.55022 0.25105 -0.79639 eb
161.41371 47.58423 0.69429 -0.38342 0.60906 eb
161.80349 27.42196 -0.33959 0.63806 -0.69105 eb
162.02000 72.64850 -0.04979 0.58928 -0.80639 eb
162.59702 52.94811 0.74083 0.33247 0.58364 eb
162.74883 23.22951 -0.90068 0.01489 -0.43423 eb
163.42761 33.10387 0.47332 -0.85214 -0.22321 eb
163.74648 43.72220 0.29719 -0.05198 -0.95340 eb
163.78189 44.14925 0.54679 0.83293 0.08519 eb
163.81132 63.23398 -0.58654 -0.70895 0.39162 eb
165.18935 48.31835 -0.90214 -0.42430 -0.07819 eb
167.87430 45.97026 0.52295 -0.15301 -0.83852 eb
168.02609 35.31999 -0.37853 -0.75656 0.53323 eb
168.51575 66.09469 0.24047 0.42379 -0.87326 eb
168.93934 60.54246 -0.69506 0.49980 -0.51681 eb
169.00222 42.78876 0.59775 -0.72109 0.35033 eb
170.25734 20.54218 -0.02619 -0.33865 0.94055 eb
170.73110 32.22228 -0.56511 0.70846 0.42276 eb
171.37579 73.12179 -0.09771 0.06824 0.99287 eb
171.52268 45.90675 0.84425 0.28775 0.45215 eb
172.14594 69.26721 0.57174 -0.04923 -0.81896 eb
172.14603 36.76832 -0.68789 0.61315 0.38840 eb
172.61655 25.81277 0.06485 0.18762 -0.98010 eb
172.80059 37.48117 -0.48466 0.25772 -0.83587 eb
173.05768 31.71966 0.75062 0.39630 -0.52868 eb
174.26419 15.99906 0.35049 -0.31776 0.88102 eb
174.60444 25.17111 0.90931 0.37404 -0.18234 eb
175.37935 59.66153 -0.75340 -0.63455 0.17244 eb
175.90279 32.50848 0.07867 0.92253 -0.37783 eb
176.13750 65.86259 -0.06423 -0.99506 0.07563 eb
176.17363 61.41640 -0.32020 -0.51782 -0.79331 eb
176.70981 42.70905 -0.94184 -0.25053 -0.22397 eb
178.35848 58.42335 0.04143 0.97982 -0.19553 eb
178.63681 59.36493 0.39188 -0.39144 -0.83259 eb
179.19286 73.84170 -0.73294 0.63420 -0.24614 eb
179.26249 28.55613 0.24787 -0.74274 -0.62201 eb
179.29054 13.71620 -0.97197 0.17811 0.15348 eb
179.67825 18.67274 -0.86888 -0.06833 0.49029 eb
179.73557 71.76942 0.42471 -0.17450 -0.88835 eb
179.97555 14.77646 -0.46874 -0.58874 0.65853 eb
180.31853 33.67211 -0.02267 -0.37284 -0.92762 eb
180.52002 68.64336 -0.57459 -0.80838 -0.12793 eb
180.53553 78.56314 -0.61914 0.52207 -0.58661 eb
181.85930 26.77853 0.80263 0.58460 -0.11840 eb
182.07294 77.94967 0.35603 -0.91501 -0.18975 eb
182.66851 79.91399 -0.87469 0.14363 -0.46291 eb
182.71624 38.34449 -0.93201 0.01465 -0.36214 eb
182.94279 36.12037 0.54946 -0.50893 -0.66264 eb
183.32900 65.08651 -0.29192 -0.09752 -0.95146 eb
183.37159 17.96711 -0.26323 -0.25194 -0.93126 eb
183.38011 59.07370 -0.16298 0.11177 -0.98028 eb
183.50344 54.11796 -0.05119 -0.82945 -0.55623 eb
184.23092 41.21415 -0.66037 -0.54431 -0.51733 eb
184.90320 45.26031 0.13607 -0.96097 0.24086 eb
185.07641 43.11383 0.38180 -0.17828 -0.90689 eb
186.12963 29.80622 0.78461 0.31001 0.53691 eb
186.34265 13.81588 -0.06380 0.19235 -0.97925 eb
186.39041 49.76142 0.53549 0.65629 -0.53155 eb
186.69836 32.34506 0.77098 -0.29574 -0.56403 eb
187.41509 25.78794 0.40695 -0.89903 0.16169 eb
188.17013 83.09860 -0.19289 0.68136 -0.70608 eb
188.48898 68.52799 -0.34820 0.18379 -0.91923 eb
188.66716 87.88685 -0.79257 0.44866 -0.41296 eb
189.24109 47.33300 0.44408 0.87805 -0.17837 eb
189.28336 30.44900 -0.30665 0.94418 -0.12040 eb
190.26012 46.00201 -0.93872 0.08622 0.33371 eb
190.56849 27.13035 0.64526 -0.55410 -0.52594 eb
190.58871 78.78693 -0.20192 0.89873 0.38925 eb
191.05983 43.64631 -0.37881 -0.71063 -0.59288 eb
191.79790 88.38732 -0.20173 -0.36626 -0.90838 eb
192.93180 37.21400 -0.91765 -0.23755 -0.31857 eb
193.28120 75.86868 -0.74569 -0.05962 -0.66362 eb
193.69229 16.26977 -0.81518 -0.43840 0.37852 eb
194.36935 29.28385 0.60498 0.72237 0.33495 eb
194.91593 51.66766 -0.29140 0.07355 -0.95377 eb
194.96243 57.46844 -0.02896 -0.97237 0.23163 eb
195.24885 69.70650 0.39072 -0.14205 -0.90948 eb
197.12955 74.95496 0.30566 -0.13014 -0.94320 eb
197.52655 31.74895 -0.98989 0.10414 -0.09627 eb
197.84824 67.31446 0.23819 -0.37109 -0.89753 eb
198.01581 48.58008 0.97029 0.24116 0.01959 eb
198.07630 42.61382 -0.80801 0.17834 -0.56153 eb
198.45837 60.77552 0.78080 0.53569 -0.32156 eb
198.47468 18.70288 0.54866 0.51002 0.66246 eb
198.69316 51.87153 0.54910 -0.34030 -0.76334 eb
198.86291 53.34757 0.56997 -0.65924 -0.49043 eb
199.87626 17.68208 -0.36016 0.62915 0.68880 eb
200.18775 29.79979 0.68693 -0.02893 -0.72615 eb
200.48999 32.01265 0.02516 -0.66119 -0.74979 eb
201.42509 69.44932 -0.06571 0.45290 0.88914 eb
201.58695 43.16699 -0.32939 -0.11574 -0.93707 eb
202.96935 23.10026 -0.85485 -0.34715 0.38564 eb
203.25336 43.18484 0.63738 0.76128 0.11915 eb
203.57356 58.98687 -0.22592 -0.67102 -0.70618 eb
203.65676 36.29671 0.70294 -0.24065 0.66929 eb
204.12714 26.01149 0.88864 -0.40161 0.22144 eb
204.60637 78.73684 -0.02057 0.96605 -0.25753 eb
204.97298 76.55614 -0.14829 -0.71647 -0.68167 eb
207.39898 60.26986 0.86607 -0.22297 -0.44746 eb
207.98258 60.67129 -0.68573 0.38428 -0.61815 eb
208.64215 43.43416 -0.86903 0.05466 -0.49173 eb
209.53248 53.23439 0.60995 -0.30547 -0.73120 eb
210.05701 86.28876 0.98237 -0.16173 0.09378 eb
210.18606 31.17912 -0.59911 0.78424 0.16135 eb
211.66639 51.71453 0.57117 -0.65957 -0.48859 eb
211.77725 8.73317 -0.26006 0.00093 -0.96559 eb
212.04780 55.70136 0.14262 -0.85846 -0.49265 eb
212.14635 27.94389 -0.59110 0.65661 -0.46846 eb
213.59913 32.42779 0.08582 -0.99155 -0.09727 eb
214.84625 27.75492 0.70884 -0.69437 -0.12412 eb
215.00191 37.83550 -0.39767 0.17687 -0.90032 eb
215.19934 35.07091 0.86366 0.32977 -0.38125 eb
215.79900 40.82982 -0.99055 0.12145 -0.06366 eb
215.91975 48.99221 0.68662 -0.26036 -0.67880 eb
215.98351 34.04603 0.03514 -0.23613 -0.97109 eb
216.62452 34.81579 0.77769 -0.46391 0.42425 eb
217.20910 42.76069 0.12131 0.79289 -0.59717 eb
218.06016 44.70383 0.69526 -0.28009 -0.66194 eb
218.19600 19.36528 0.16916 0.98443 0.04785 eb
218.35866 43.40713 0.75473 0.56770 -0.32877 eb
218.50854 55.79128 0.02546 0.85083 -0.52483 eb
218.67089 26.39357 0.64682 -0.61799 -0.44689 eb
220.42601 10.28090 -0.34096 -0.70903 -0.61727 eb
220.68784 26.15955 -0.58121 0.79310 0.18218 eb
220.88706 46.57603 -0.40526 -0.89846 -0.16894 eb
221.50039 28.14767 0.11515 -0.25842 -0.95915 eb
224.01071 73.37842 0.87756 -0.36080 -0.31576 eb
225.23925 68.82439 -0.76351 -0.41063 -0.49843 eb
225.82677 24.03790 -0.33318 0.94170 0.04676 eb
225.99415 34.78441 -0.96464 -0.05111 0.25856 eb
227.00583 49.28761 0.62427 -0.00719 -0.78118 eb
227.51285 41.16370 0.15334 0.40711 0.90042 eb
227.84634 87.36538 -0.11530 -0.53924 -0.83422 eb
228.24105 30.56524 0.95786 0.25387 -0.13436 eb
230.04989 50.41535 -0.87359 -0.04762 -0.48433 eb
230.32701 31.49623 0.62001 -0.41521 0.66572 eb
232.03511 44.08833 -0.46613 -0.88191 -0.07047 eb
233.14675 31.49970 -0.31099 0.03415 -0.94980 eb
233.29364 51.38717 -0.13121 -0.52695 -0.83971 eb
233.45294 81.74786 0.74930 0.41071 -0.51948 eb
234.31891 31.24869 -0.74246 -0.57188 -0.34885 eb
234.76024 42.62329 -0.75689 0.38717 -0.52651 eb
235.58720 26.73141 -0.08522 -0.70729 -0.70177 eb
236.52088 39.27241 0.48051 -0.80311 -0.35231 eb
236.78521 65.58336 -0.60578 0.79138 0.08220 eb
237.43556 35.69998 -0.38641 -0.89568 -0.22010 eb
237.58811 49.07372 -0.12033 -0.18364 -0.97560 eb
238.33549 25.15911 0.47291 0.31829 -0.82161 eb
240.21694 21.84378 0.15978 0.67390 -0.72133 eb
240.94748 42.66055 0.76732 0.60556 -0.21100 eb
242.40571 50.80984 0.32350 -0.63215 -0.70409 eb
242.85455 28.63485 -0.47934 -0.87492 -0.06888 eb
243.76090 22.00334 -0.35140 -0.41461 -0.83941 eb
244.34311 25.39786 0.56433 -0.55152 -0.61429 eb
247.21281 63.52712 0.96268 0.26949 -0.02510 eb
249.05273 70.60715 -0.11460 0.96315 -0.24334 eb
249.31728 44.52285 0.11049 0.34502 -0.93207 eb
249.44236 26.57791 0.87147 0.24945 0.42227 eb
249.90539 51.52321 -0.94384 0.01172 0.33018 eb
249.92136 68.51462 0.94695 -0.06580 -0.31457 eb
250.12227 16.79386 -0.08740 0.62924 0.77228 eb
251.28031 41.91946 -0.13916 -0.78757 -0.60031 eb
251.65702 34.90715 -0.85142 0.52445 0.00624 eb
252.15415 82.08078 -0.18578 0.97105 -0.15014 eb
252.50050 21.58482 -0.01735 -0.63994 0.76823 eb
252.90516 40.36528 -0.46933 0.05544 -0.88128 eb
253.02036 68.65097 0.28295 -0.36243 -0.88802 eb
253.43978 26.00480 -0.52938 -0.83249 0.16346 eb
254.13615 39.67326 0.73483 0.64902 -0.19695 eb
254.19453 61.38028 -0.61946 -0.69139 -0.37181 eb
255.77893 46.40615 0.59322 -0.79557 -0.12310 eb
258.02017 29.54177 0.14623 -0.97784 -0.14984 eb
258.36394 54.95102 -0.86613 -0.31576 0.38743 eb
261.70655 22.52362 -0.16428 0.97511 -0.14889 eb
263.35056 33.43562 0.77378 0.62044 -0.12777 eb
264.16502 27.32874 -0.24403 -0.52916 -0.81267 eb
266.24893 24.64091 0.65789 -0.72361 0.20873 eb
269.90226 33.92390 0.95896 -0.06083 -0.27693 eb
270.28458 34.26154 -0.84280 0.39774 0.36261 eb
271.09575 20.10684 0.27332 -0.62902 0.72775 eb
273.29985 45.39798 0.07933 0.19848 -0.97689 eb
273.66102 48.08659 0.64803 0.38943 -0.65453 eb
273.83507 28.88905 0.97652 -0.06005 -0.20688 eb
273.94155 43.57965 0.23340 -0.50146 -0.83311 eb
274.00545 32.50163 -0.50379 -0.85990 -0.08233 eb
274.99915 25.86236 0.67125 -0.53478 -0.51326 eb
276.00917 59.40111 0.81216 -0.46030 -0.35850 eb
276.78119 39.04878 -0.50048 0.86450 -0.04650 eb
277.34510 27.65301 -0.90115 -0.39638 -0.17552 eb
277.45889 68.10987 -0.31137 -0.24799 -0.91736 eb
277.55190 38.40529 -0.05530 0.43253 0.89992 eb
278.53515 19.05878 -0.19148 0.65670 -0.72944 eb
279.64732 33.95119 0.24532 -0.57682 -0.77916 eb
279.70143 19.86344 0.50872 -0.73752 -0.44415 eb
280.06311 11.83388 -0.62675 -0.77602 -0.07052 eb
281.42200 44.93507 0.87115 0.30134 -0.38768 eb
281.76670 51.78299 -0.99746 -0.01508 -0.06959 eb
282.07736 42.28732 -0.59871 0.45428 -0.65968 eb
283.54364 50.96523 0.53604 -0.84221 -0.05791 eb
284.44350 47.29340 -0.68960 0.22008 -0.68994 eb
286.17186 22.68899 -0.33040 0.25247 -0.90945 eb
286.47089 37.90232 -0.23282 -0.57200 -0.78652 eb
286.51502 33.81319 -0.30837 -0.86992 -0.38490 eb
287.42735 41.65445 0.95576 0.27963 -0.09125 eb
287.85702 17.54662 0.14030 -0.02116 0.98988 eb
288.38547 78.57773 -0.13941 0.69685 -0.70354 eb
288.57393 32.29420 0.82391 0.39642 0.40499 eb
289.45726 61.19951 0.52886 -0.84856 -0.01621 eb
289.87671 41.34942 -0.83711 0.14942 -0.52624 eb
290.03102 56.37095 -0.18730 0.96820 -0.16588 eb
290.22029 87.37282 -0.31613 -0.78649 0.53056 eb
290.32661 71.05955 -0.30046 0.39050 -0.87019 eb
291.34252 38.00728 0.83136 0.11027 -0.54469 eb
291.44535 67.41841 0.71376 -0.42924 -0.55344 eb
291.69788 22.22461 0.15084 -0.85062 -0.50368 eb
292.45775 55.70604 0.84952 -0.43561 -0.29758 eb
293.14277 49.13275 -0.39074 -0.56169 -0.72926 eb
296.27298 73.38978 -0.15851 0.07427 -0.98456 eb
297.84390 30.65630 0.96547 0.19302 0.17497 eb
298.52767 39.13670 0.18965 -0.75984 -0.62183 eb
298.82518 54.87186 -0.36571 -0.07040 -0.92806 eb
298.96546 55.41496 0.06822 -0.86848 -0.49100 eb
299.00661 31.06841 0.82466 -0.04548 0.56380 eb
299.12186 23.01970 -0.36971 -0.92236 -0.11214 eb
299.15812 32.07050 0.19075 0.81455 -0.54784 eb
301.10851 83.42052 -0.77391 -0.31961 0.54673 eb
301.49506 32.03235 -0.80608 -0.05557 -0.58919 eb
302.07871 44.17564 -0.06531 0.90238 -0.42596 eb
302.21293 48.64569 0.78627 -0.51565 -0.34042 eb
302.21689 35.73955 0.77719 -0.32606 0.53820 eb
302.40409 32.85755 -0.88272 0.00071 -0.46991 eb
303.49603 38.63389 0.07577 -0.99684 -0.02395 eb
303.91569 23.20271 0.38655 -0.75541 0.52908 eb
304.41065 28.12325 0.65553 -0.23753 -0.71684 eb
307.53741 72.04993 0.59236 0.66508 -0.45472 eb
308.66525 37.36271 -0.64378 -0.64815 0.40675 eb
310.14166 55.85041 0.32272 0.52593 0.78693 eb
310.95994 34.06187 -0.92505 -0.34947 -0.14882 eb
312.20927 37.47135 -0.99373 -0.08941 -0.06718 eb
312.63831 30.62872 -0.59119 -0.67505 0.44136 eb
314.04310 80.71440 0.49432 0.33929 -0.80033 eb
314.97305 38.36501 -0.28573 -0.42297 -0.85991 eb
317.53129 29.71978 -0.90463 -0.30061 0.30211 eb
319.24180 19.01738 0.49867 0.49830 -0.70924 eb
319.44359 36.49518 -0.78171 0.45499 0.42651 eb
319.84844 33.09399 0.09646 0.91679 -0.38755 eb
320.27800 60.83060 0.24425 0.96917 0.03242 eb
320.51161 53.36820 0.63888 0.65448 -0.40434 eb
321.27831 71.83095 0.71187 0.11328 -0.69311 eb
322.14200 68.95200 -0.58406 0.04271 0.81059 eb
322.65335 67.75536 -0.77948 -0.58879 -0.21386 eb
323.52569 51.54415 -0.55782 0.24023 -0.79443 eb
323.67786 54.46746 -0.83494 0.32367 -0.44511 eb
324.43593 63.16328 -0.73314 -0.28912 -0.61557 eb
324.49824 58.97633 0.92046 -0.33925 0.19404 eb
324.50605 31.13873 0.30017 0.39301 -0.86916 eb
326.39329 29.23380 0.31298 -0.93962 -0.13839 eb
328.90513 46.30420 0.08716 0.66926 -0.73789 eb
329.50859 18.47802 0.20912 0.96645 0.14916 eb
330.30527 52.03400 -0.52823 0.81412 -0.24121 eb
331.62734 28.68965 -0.52991 -0.57553 -0.62287 eb
332.36923 19.64224 -0.20777 -0.81150 0.54617 eb
332.64536 62.38106 -0.25342 0.76857 -0.58743 eb
333.92793 51.01096 0.17781 -0.93038 -0.32060 eb
334.26004 46.72014 -0.12350 -0.77262 0.62274 eb
334.43761 71.68244 -0.79913 -0.46887 -0.37623 eb
334.85764 17.56576 0.79597 -0.40772 -0.44744 eb
336.45680 50.03143 0.48127 -0.19666 -0.85423 eb
337.36094 61.90461 -0.54025 -0.83974 0.05457 eb
339.08340 32.85464 0.99133 0.09883 0.08655 eb
339.38406 64.91574 -0.97353 0.09517 0.20781 eb
340.14236 33.16407 -0.56511 0.79504 -0.22038 eb
341.29603 43.12774 0.24654 0.84510 0.47436 eb
341.34785 28.42752 -0.87364 -0.02944 0.48568 eb
342.21282 76.87125 0.22961 -0.96562 0.12185 eb
343.47519 25.83701 -0.38012 -0.38927 0.83903 eb
344.71798 26.37223 -0.75667 0.52474 0.39000 eb
344.95026 55.26190 0.78783 -0.22205 -0.57447 eb
345.04411 54.24579 -0.37629 -0.12664 -0.91781 eb
345.92311 30.49365 0.02730 -0.50369 -0.86346 eb
349.63944 66.80923 0.69463 0.62135 0.36251 eb
350.10064 47.77782 0.07678 -0.89932 0.43050 eb
350.62972 35.56994 0.08635 -0.32016 -0.94342 eb
350.63458 43.17791 0.85384 0.48153 -0.19771 eb
354.50900 59.78383 0.91374 0.02704 -0.40540 eb
355.34470 80.38372 -0.35833 -0.68603 -0.63322 eb
358.42166 63.37526 -0.63068 0.12651 -0.76566 eb
359.14577 48.30716 0.45803 0.47780 -0.74961 eb
360.94315 45.34085 0.07310 0.58163 0.81016 eb
361.68700 35.18083 0.57116 -0.65360 -0.49657 eb
365.50447 64.48588 -0.67695 -0.72712 -0.11413 eb
367.35235 79.44632 -0.14115 0.92274 0.35866 eb
367.70836 52.94958 0.27007 -0.04630 -0.96173 eb
367.88421 23.89787 -0.53533 0.09252 -0.83956 eb
369.69568 44.09653 0.22714 0.62997 0.74266 eb
370.12892 53.91045 -0.97530 0.13584 0.17419 eb
370.36918 73.24759 0.30653 -0.95129 0.03283 eb
373.18792 20.96498 0.09037 0.84069 -0.53392 eb
374.72414 63.71219 0.46103 0.17118 -0.87072 eb
374.77109 71.41776 0.27733 -0.83912 0.46794 eb
375.59990 87.26474 0.48581 0.79041 0.37314 eb
375.74597 44.00107 -0.01496 -0.76533 -0.64347 eb
377.53925 40.60618 0.67355 -0.13756 0.72623 eb
378.86189 30.43480 0.59285 -0.54490 0.59297 eb
397.38024 62.45248 0.35295 -0.28019 -0.89270 eb
407.49836 48.86027 -0.95021 -0.21615 0.22444 eb
416.34544 51.26583 -0.22183 0.40711 -0.88603 eb
421.34872 17.40824 0.15342 -0.24389 -0.95759 eb
424.43419 20.85128 0.36736 -0.64880 0.66641 eb
432.66726 25.51284 -0.19312 0.94629 0.25929 eb
439.75053 34.68293 0.47007 0.77280 0.42640 eb
461.01139 47.70893 0.85697 -0.24927 -0.45107 eb
466.33675 34.06421 0.32834 -0.18796 -0.92567 eb
466.85591 22.72168 0.16586 0.41529 -0.89444 eb
469.85522 31.74169 0.88151 0.42272 -0.21034 eb
472.60548 16.23477 0.69231 -0.71564 0.09254 eb
480.63811 23.24958 -0.19839 -0.96492 0.17196 eb
495.55856 26.29230 -0.71993 -0.58581 -0.37219 eb
496.57503 57.13096 0.66066 -0.69655 0.27992 eb
504.22867 15.66951 -0.80843 0.06457 -0.58503 eb
511.80534 19.31343 0.00616 -0.28346 -0.95896 eb
514.53828 16.20529 -0.78502 -0.61555 0.06967 eb
528.87802 24.58553 -0.80050 0.36868 -0.47252 eb
532.73661 53.33865 -0.16512 0.18792 -0.96821 eb
534.65330 18.47417 -0.63689 0.24050 -0.73248 eb
555.27982 21.50669 -0.14301 0.44883 -0.88210 eb
610.94501 21.02716 -0.07507 -0.29202 -0.95346 eb
627.32165 21.70432 0.09672 0.55757 0.82448 eb
691.02600 16.74336 0.67212 -0.69196 -0.26353 eb
711.80751 24.86699 0.82505 -0.47569 0.30498 eb
730.81749 32.44538 0.01527 0.92215 -0.38653 eb
740.82537 16.57085 -0.63786 0.35536 -0.68326 eb
742.51387 12.69157 0.58819 -0.80860 0.01416 eb
743.26929 37.83520 0.05833 -0.37119 -0.92672 eb
745.05484 11.08904 -0.70086 0.22936 -0.67542 eb
767.83923 24.73431 -0.75052 -0.39652 -0.52866 eb
790.38999 20.78971 0.66869 0.26886 -0.69323 eb
799.60828 24.70180 0.68156 0.45722 -0.57134 eb
821.22865 12.84393 0.19615 -0.04029 -0.97975 eb
831.42201 36.65720 0.68947 0.71971 -0.08158 eb
865.17850 12.97050 -0.62729 0.23597 -0.74218 eb
871.50103 27.17200 -0.71350 -0.55880 -0.42267 eb
890.37340 14.76880 0.33842 -0.25000 0.90718 eb
931.93418 12.87576 0.68985 -0.32757 0.64560 eb
949.76339 27.77236 0.96488 0.26032 -0.03514 eb
955.88897 31.95431 0.48976 -0.77072 0.40760 eb
965.27117 18.35969 0.51613 0.76503 -0.38515 eb
1005.16677 12.62802 0.81225 0.58085 -0.05353 eb
1007.96955 18.13344 -0.62471 -0.18742 0.75803 eb
1025.54657 25.74945 0.20889 0.61392 -0.76123 eb
1035.30473 8.21103 -0.89899 0.09871 -0.42671 eb
1063.51875 12.30475 -0.10648 -0.80680 -0.58115 eb
1068.78334 9.14778 -0.23040 -0.67680 -0.69918 eb
1070.75100 25.15227 -0.17424 0.70689 0.68552 eb
1104.82734 22.53551 -0.60793 0.06627 -0.79122 eb
1126.59969 12.74626 -0.76526 -0.33964 0.54683 eb
1128.57672 20.86872 -0.42921 0.65391 -0.62304 eb
1160.63094 30.95481 0.83256 -0.36605 -0.41576 eb
1169.32087 17.51244 0.06710 -0.86366 -0.49959 eb
1205.23171 79.26894 -0.67941 0.70571 0.20092 eb
1216.14900 31.45991 -0.71722 0.12485 -0.68557 eb
1226.63469 14.84404 0.86760 -0.31227 -0.38698 eb
1287.47461 19.09253 -0.07367 0.05666 -0.99567 eb
1344.18375 25.07530 0.51904 -0.85344 0.04738 eb
1374.27786 16.14492 0.86192 -0.49882 -0.09089 eb
1416.86046 22.77670 0.01722 0.67645 -0.73628 eb
1419.03721 25.40521 -0.80168 -0.20740 -0.56062 eb
1479.24873 27.58201 0.97568 0.19439 -0.10125 eb
1485.15663 51.77054 0.90094 0.20128 -0.38444 eb
1510.99190 29.81181 0.85551 0.19991 -0.47763 eb
1514.96403 25.52897 -0.36085 -0.25301 -0.89765 eb
1620.07758 32.37257 0.50863 -0.63083 0.58596 eb
1668.53890 18.75909 -0.17643 -0.95742 -0.22852 eb
1694.71703 6.45321 0.36407 0.59204 -0.71899 eb
1726.85056 76.97747 0.27859 -0.89112 0.35818 eb
1760.88472 31.52745 -0.88261 0.47011 -0.00004 eb
1877.31848 18.39929 0.22648 -0.71743 0.65879 eb
1990.94949 44.37833 -0.80535 0.46795 -0.36391 eb
2111.31736 33.82344 -0.04880 0.14756 -0.98785 eb
2155.01323 27.20207 0.23460 -0.17342 -0.95650 eb
2198.28676 27.48896 0.30871 0.60543 -0.73359 eb
2263.77709 40.80997 -0.04341 0.91586 0.39915 eb
2345.29232 21.00193 0.22732 0.79816 -0.55791 eb
2439.66006 27.17835 -0.19080 0.75533 -0.62696 eb
2557.47586 32.16306 0.32965 0.93832 -0.10430 eb
2649.82512 18.15133 0.57258 0.49593 -0.65284 eb
2998.84507 11.05363 0.47254 0.86895 0.14710 eb
3544.84110 15.61391 0.57904 0.08898 -0.81043 eb
3679.19189 13.91636 0.71732 -0.10739 -0.68842 eb
3863.12778 23.73523 -0.16147 -0.68855 0.70699 eb
3892.50549 12.57081 0.60638 0.75438 -0.25145 eb
4206.41900 11.87564 -0.83834 -0.36553 0.40445 eb
4335.86175 32.97383 0.03842 0.95584 -0.29136 eb
4599.88005 27.44951 -0.33211 0.77720 0.53447 eb
4614.75931 30.47543 0.28058 0.93452 -0.21898 eb
4832.71193 15.59815 -0.50831 0.44769 -0.73566 eb
5077.94394 33.14336 0.43063 -0.14803 -0.89031 eb
5280.96268 34.31504 0.42593 0.27303 -0.86258 eb
5589.99494 20.65927 0.24577 -0.82409 0.51036 eb
5780.26403 10.15325 -0.21034 -0.97763 -0.00030 eb
5868.27301 12.29087 0.05168 -0.89006 -0.45290 eb
5936.60370 11.31095 0.66811 0.40588 -0.62361 eb
5946.61936 21.17398 -0.69374 -0.70911 0.12606 eb
6505.97593 8.13904 -0.51389 -0.02318 -0.85754 eb
6689.65614 77.59261 0.56812 0.46762 -0.67718 eb
6904.31830 30.07680 -0.27960 -0.17240 0.94451 eb
7170.29833 25.92062 0.71563 -0.63149 0.29849 eb
7381.73379 13.90359 0.45078 0.68767 0.56913 eb
8482.84261 13.78686 0.97198 0.23470 -0.01338 eb
8487.32357 16.90775 0.43232 -0.44194 -0.78599 eb
8491.26576 33.32430 0.40420 0.75953 0.50965 eb
9062.54308 11.26765 -0.46538 0.45113 0.76152 eb
11085.24381 18.69186 -0.89363 -0.33079 -0.30331 eb
11372.57769 16.65000 -0.40622 -0.64932 -0.64293 eb
11854.44128 15.56188 0.42621 -0.90407 -0.03159 eb
11929.80841 12.59612 0.26669 0.92938 0.25520 eb
14991.56818 9.99410 0.16442 -0.40662 -0.89868 eb
17097.04353 20.91314 -0.49025 -0.50572 0.70986 eb
18931.66321 25.60080 -0.65783 -0.11321 -0.74461 eb
