13.16151 50.70539 0.22853 -0.93030 -0.28692 eb
16.54349 83.81223 0.78362 -0.61929 0.04922 eb
17.41293 50.77402 0.98052 0.16848 0.10096 eb
17.62887 66.76626 -0.18534 -0.50889 -0.84064 eb
17.85991 60.00546 0.96383 0.06540 0.25837 eb
20.12338 69.38236 0.52234 -0.71458 0.46535 eb
20.27329 83.24564 -0.75211 0.21437 -0.62320 eb
20.33289 28.69938 -0.22030 -0.66743 0.71134 eb
20.34168 48.14076 -0.71764 -0.50248 -0.48219 eb
21.14675 75.44438 -0.90475 -0.35087 0.24148 eb
21.43858 23.29254 0.29175 0.15102 -0.94450 eb
21.74180 41.92676 -0.61222 0.05949 -0.78845 eb
22.59751 66.44316 0.53660 -0.41247 0.73616 eb
22.69545 32.63452 -0.12072 -0.94712 -0.29731 eb
23.40992 19.65504 0.09024 -0.94888 0.30245 eb
23.77825 62.45001 -0.44751 0.19728 -0.87225 eb
24.61208 63.12600 -0.54942 0.64296 0.53361 eb
24.92810 80.51056 0.40888 -0.62311 -0.66675 eb
25.64202 28.33691 0.46454 -0.66226 -0.58789 eb
25.92962 71.55783 0.71738 -0.64275 0.26878 eb
26.00631 61.94294 -0.61234 0.20146 -0.76449 eb
26.25597 72.44712 0.06500 -0.84879 -0.52472 eb
26.65073 34.06510 0.87943 -0.18887 0.43695 eb
26.68104 82.62483 -0.59300 -0.56644 -0.57227 eb
26.85899 56.78754 -0.85318 0.50101 0.14515 eb
27.42669 56.49795 -0.02879 -0.99945 0.01649 eb
27.44717 56.06151 -0.61482 0.07012 0.78554 eb
27.90563 64.71476 0.71896 -0.42426 -0.55054 eb
28.26414 79.64854 0.07401 -0.86465 -0.49690 eb
28.48124 15.07842 0.47415 -0.45810 -0.75188 eb
28.99095 42.26351 0.41189 0.32542 -0.85115 eb
29.15657 70.93420 -0.11604 0.94068 0.31883 eb
29.41079 61.82205 0.25399 0.20442 0.94536 eb
29.75568 68.97333 0.68480 -0.02432 -0.72832 eb
29.99625 80.57813 -0.54434 0.26322 -0.79650 eb
30.17435 81.48005 -0.71582 0.63151 0.29799 eb
30.63734 57.19134 -0.45484 -0.66263 0.59501 eb
30.87380 68.54302 0.32947 0.62819 -0.70486 eb
31.38520 68.87251 -0.72412 -0.28310 0.62889 eb
31.66216 79.52499 0.92462 0.25683 -0.28127 eb
32.17899 29.49278 0.48904 -0.19043 -0.85122 eb
33.14924 67.52674 0.84831 -0.51166 -0.13630 eb
33.55038 53.02787 -0.06910 -0.03551 -0.99698 eb
33.72183 52.16685 0.64112 0.36390 -0.67567 eb
33.77362 88.44874 0.97736 -0.20668 -0.04522 eb
33.86782 50.46750 0.51096 0.32965 -0.79388 eb
34.00621 29.81270 0.74946 -0.46175 0.47445 eb
34.15007 62.42657 0.46963 -0.54565 -0.69406 eb
34.33099 86.02836 0.39760 0.60447 -0.69031 eb
35.32834 33.19500 0.97251 -0.08785 -0.21566 eb
35.35068 47.64310 -0.43860 -0.75063 0.49415 eb
35.59647 52.83629 -0.44466 0.57556 -0.68630 eb
35.68846 69.13100 0.41253 -0.89075 -0.19074 eb
35.99872 12.87070 -0.76164 0.53007 0.37273 eb
36.28084 37.61460 0.76515 -0.49728 -0.40897 eb
36.29541 85.44944 0.31661 -0.36936 -0.87369 eb
37.58722 35.07563 -0.47773 -0.59113 0.64988 eb
37.74399 60.51484 -0.57425 -0.56120 -0.59606 eb
38.54424 54.93869 -0.07916 0.46619 -0.88114 eb
38.57406 76.60626 0.85558 -0.03965 -0.51615 eb
38.59464 51.77189 -0.87521 0.35913 -0.32407 eb
38.61692 39.61594 -0.29496 0.32353 -0.89907 eb
39.05568 20.38319 -0.31312 -0.65056 0.69190 eb
39.24074 25.39364 -0.76051 -0.59230 0.26609 eb
39.41718 23.36064 -0.08476 0.47810 0.87420 eb
40.02022 38.49568 0.87552 0.33126 0.35177 eb
40.24806 51.80476 0.56142 -0.40794 -0.72000 eb
40.46863 62.47436 -0.82566 0.54426 0.14853 eb
40.49364 37.26107 0.65237 -0.48779 -0.58007 eb
40.52418 65.94146 -0.67805 0.68365 -0.26996 eb
40.58926 45.31114 -0.76042 0.01245 0.64931 eb
40.61547 50.83754 -0.66886 -0.47560 -0.57134 eb
40.89339 43.81418 0.36344 -0.86332 -0.35012 eb
41.15543 28.37208 -0.06989 -0.89617 -0.43818 eb
41.60970 36.43652 0.59833 0.20058 -0.77574 eb
41.64899 26.29575 0.26493 0.93137 0.24971 eb
41.94830 72.78194 -0.95299 0.30238 -0.01939 eb
42.52337 54.68755 -0.85384 -0.50265 -0.13532 eb
42.56762 21.28336 -0.44786 -0.83350 -0.32357 eb
43.44861 51.52196 0.71512 -0.15534 0.68152 eb
43.68585 42.58304 0.81232 0.56210 0.15550 eb
43.89873 56.49713 -0.35600 0.87117 -0.33812 eb
44.10280 65.15196 -0.51330 -0.05605 0.85638 eb
44.21462 38.70624 -0.15721 -0.53667 0.82902 eb
44.25402 43.35478 0.76189 -0.63227 -0.14053 eb
44.32908 15.22774 -0.81272 -0.03256 -0.58174 eb
44.34731 60.45711 -0.57579 -0.56127 -0.59452 eb
44.40109 53.77997 0.53826 -0.76873 -0.34545 eb
44.77729 52.51729 -0.86155 0.04083 0.50603 eb
44.93983 51.01766 -0.17843 -0.17828 -0.96767 eb
45.16943 75.78820 0.66766 0.36503 -0.64884 eb
45.18578 51.28313 0.97741 -0.01070 -0.21107 eb
45.60613 39.21568 -0.18541 0.85292 0.48800 eb
45.86846 41.77957 -0.31756 0.88840 0.33151 eb
45.88026 72.31146 0.36844 0.43746 -0.82029 eb
46.10106 54.02670 0.72686 -0.35463 -0.58815 eb
46.15392 88.45153 0.67545 -0.09158 -0.73169 eb
46.41931 62.41776 0.39801 -0.63085 -0.66605 eb
46.42743 50.67037 0.31819 0.34321 -0.88372 eb
46.53077 38.91789 0.31752 0.91767 -0.23887 eb
47.06409 21.88836 0.61287 -0.53795 0.57879 eb
47.22034 41.90944 0.68565 -0.65758 0.31221 eb
47.61539 22.31858 0.24311 0.77966 0.57709 eb
47.88238 18.84437 0.85850 -0.26520 -0.43891 eb
47.92472 47.90089 0.99671 0.03531 -0.07300 eb
48.12056 43.24755 0.01490 -0.21159 -0.97724 eb
48.29642 66.90526 -0.58744 -0.75874 -0.28150 eb
48.39347 53.40149 -0.28661 -0.15021 -0.94620 eb
48.45074 37.16239 -0.60061 -0.38150 0.70265 eb
48.47944 26.69200 -0.33237 -0.79729 -0.50384 eb
48.47962 56.18553 0.39147 0.35853 -0.84748 eb
48.74250 48.01016 -0.06615 -0.18999 -0.97956 eb
49.36170 78.87609 0.86475 0.28028 -0.41671 eb
49.70820 66.43508 -0.05232 0.74076 -0.66973 eb
50.11252 53.62572 0.35304 0.48349 -0.80100 eb
50.62652 88.48332 0.53819 0.43182 0.72380 eb
50.65367 49.88871 -0.18457 0.80310 -0.56654 eb
50.70141 56.95130 -0.51468 0.68111 -0.52076 eb
50.78934 50.78239 -0.95847 0.28365 -0.02976 eb
51.00328 56.37402 -0.01675 -0.90055 -0.43443 eb
51.05477 78.01158 0.40499 0.57884 -0.70776 eb
51.33951 81.63135 0.17340 0.73892 -0.65110 eb
51.44032 22.77569 0.12099 0.21932 -0.96812 eb
51.63457 59.04414 0.29816 -0.74359 -0.59848 eb
52.13815 61.58144 0.78774 -0.06261 0.61281 eb
52.14579 31.56204 0.40630 0.91166 0.06158 eb
52.55762 78.80884 -0.31827 -0.94462 -0.08004 eb
52.62014 27.45609 0.77965 0.48678 0.39395 eb
52.66613 73.49884 0.91053 -0.08675 -0.40423 eb
53.22276 87.79012 -0.95644 -0.03849 -0.28937 eb
53.89427 85.60615 0.00117 0.97672 -0.21452 eb
54.15560 15.74196 -0.23932 -0.23793 0.94134 eb
54.21260 15.67945 0.41997 0.09241 -0.90282 eb
54.36038 81.42278 -0.29940 0.65431 -0.69443 eb
55.04432 72.91453 0.71206 -0.40915 -0.57058 eb
55.09551 81.52372 0.19553 0.62787 -0.75336 eb
55.14612 55.27318 0.01904 0.50150 -0.86495 eb
55.22987 74.29864 0.82228 -0.50623 -0.25997 eb
55.29798 59.53781 -0.38405 0.61437 -0.68925 eb
55.49947 56.37315 -0.86150 -0.10873 0.49597 eb
56.63638 33.75473 -0.28881 -0.91814 -0.27130 eb
57.08489 43.54943 -0.17487 0.47891 0.86027 eb
57.14358 62.69751 0.81292 0.38335 0.43840 eb
57.29754 49.82823 -0.11964 -0.26323 -0.95729 eb
57.65383 62.88106 -0.21632 -0.26030 -0.94098 eb
57.70583 53.88738 0.88386 0.35233 -0.30764 eb
58.15597 57.95585 0.86440 -0.04921 -0.50039 eb
58.35230 36.24228 -0.97787 0.19122 0.08484 eb
58.44800 27.04356 -0.70805 0.61656 -0.34426 eb
58.45329 67.12734 0.89653 -0.00875 -0.44290 eb
58.49885 13.22095 0.38150 -0.86718 0.32008 eb
58.50288 56.86695 0.36309 0.93101 0.03730 eb
58.55237 43.34300 0.60731 0.44455 -0.65844 eb
58.57239 87.35119 0.40898 -0.76511 -0.49733 eb
58.91378 28.65236 -0.94753 -0.27375 0.16506 eb
58.97756 52.75350 0.67724 0.36521 -0.63872 eb
59.36024 70.20701 -0.06820 -0.52518 -0.84825 eb
59.37660 63.98683 -0.07960 -0.38930 0.91766 eb
59.81534 62.14017 0.26571 -0.37360 -0.88872 eb
59.90941 49.44228 0.10662 -0.06166 -0.99239 eb
59.97337 29.07034 0.89754 0.07547 -0.43442 eb
60.31718 68.01357 -0.03910 -0.19157 0.98070 eb
60.33581 39.99986 0.21870 0.85310 -0.47371 eb
60.37195 50.10979 -0.94562 -0.06453 -0.31880 eb
60.43605 55.42247 -0.12009 -0.69113 -0.71269 eb
60.65420 13.36332 -0.65021 -0.63303 0.42012 eb
60.66343 53.08237 0.73379 0.01925 0.67911 eb
60.90559 35.28987 -0.97906 -0.05849 -0.19499 eb
61.02676 18.78163 -0.22969 -0.87295 0.43036 eb
61.12247 82.87014 -0.60490 0.62144 -0.49791 eb
61.15263 48.21660 -0.33105 -0.74723 0.57624 eb
61.43481 19.95204 -0.08982 -0.52641 -0.84547 eb
61.56367 59.03156 -0.46170 0.48441 -0.74309 eb
61.64859 78.14298 -0.28465 -0.88267 -0.37399 eb
61.71699 36.34022 -0.67312 0.07964 -0.73523 eb
61.85826 41.26320 0.92506 0.33754 0.17418 eb
62.10207 51.05906 -0.07670 -0.11012 -0.99095 eb
62.65486 41.67665 -0.13400 -0.31850 -0.93840 eb
62.96931 40.42214 -0.55956 0.71817 0.41368 eb
62.97802 24.89092 0.72893 0.48130 -0.48684 eb
63.20708 44.72126 -0.50340 -0.86359 0.02829 eb
63.36114 76.57355 -0.85968 -0.35302 -0.36922 eb
63.66079 28.25487 -0.78537 -0.54890 0.28619 eb
63.77313 83.02439 -0.24533 0.94762 0.20451 eb
63.98094 18.21225 -0.56883 -0.62256 0.53745 eb
64.36676 85.45985 0.47950 -0.09798 -0.87205 eb
64.62058 47.71179 0.12361 0.33550 0.93390 eb
64.66181 52.95182 0.87308 0.46564 -0.14463 eb
64.75531 61.18511 0.50120 0.74415 -0.44163 eb
65.24349 87.74683 -0.14181 -0.55809 -0.81758 eb
65.36599 59.45014 -0.33529 0.91925 -0.20630 eb
65.73862 66.48243 0.84846 -0.35639 0.39127 eb
66.01671 29.89873 -0.73244 0.15171 -0.66371 eb
66.06817 65.03550 -0.65316 0.49092 -0.57653 eb
66.35529 79.13271 -0.22318 0.97328 0.05393 eb
67.11849 68.55112 -0.15479 0.10524 -0.98233 eb
67.15955 75.24050 0.68371 0.50150 -0.53012 eb
67.41529 62.75152 -0.92573 0.12532 0.35681 eb
67.44698 69.62501 -0.28643 0.95768 -0.02825 eb
67.60968 69.86615 -0.85846 0.49279 -0.14214 eb
67.80801 45.76710 -0.17602 0.17534 -0.96865 eb
67.84190 59.47515 0.69479 0.29410 -0.65633 eb
68.11049 62.56165 -0.50161 -0.36536 -0.78416 eb
68.27218 17.75272 -0.26063 0.59564 0.75979 eb
68.58425 79.30717 0.36170 0.35586 -0.86170 eb
68.80284 17.22728 0.70089 -0.60788 -0.37313 eb
69.49834 15.10310 -0.42292 -0.59450 -0.68390 eb
69.58529 77.95797 -0.17788 0.93747 -0.29916 eb
70.31993 85.08603 0.93105 0.29949 -0.20843 eb
70.39648 35.48328 0.64152 -0.59514 0.48400 eb
71.23854 41.20129 -0.79481 0.41366 -0.44402 eb
71.30711 76.60421 0.90560 -0.40890 0.11261 eb
71.53066 15.37818 0.43904 0.31820 0.84023 eb
72.00749 18.75333 0.12431 0.98565 0.11419 eb
72.12572 85.57002 -0.06064 -0.46746 0.88193 eb
72.42421 49.14142 0.30381 -0.55949 -0.77115 eb
72.46983 54.48811 -0.06174 -0.52272 -0.85026 eb
72.94434 55.70607 -0.98938 -0.11910 -0.08333 eb
73.39983 37.79375 -0.83802 -0.03475 -0.54453 eb
73.76451 64.46395 -0.40623 0.30057 -0.86292 eb
73.77909 42.24784 -0.57759 -0.15358 -0.80175 eb
74.38387 70.73282 -0.99387 0.11025 -0.00821 eb
74.65213 50.01376 0.79091 -0.13838 0.59608 eb
75.25905 40.92378 0.47959 0.47416 0.73835 eb
75.42075 58.04596 -0.86099 -0.27913 -0.42518 eb
75.55515 87.42131 -0.75760 0.27206 -0.59332 eb
75.60607 33.50296 -0.20341 -0.88465 -0.41953 eb
76.53239 41.43802 0.53514 0.60837 0.58610 eb
76.54778 12.30040 0.78200 0.48345 -0.39338 eb
76.85954 43.74170 -0.19689 0.96636 0.16550 eb
77.02973 56.93303 0.40360 0.03759 -0.91416 eb
77.05167 68.28353 0.09172 -0.93078 0.35389 eb
77.31021 66.37520 0.43049 0.23331 -0.87192 eb
77.39493 41.50691 0.66553 0.74621 0.01559 eb
77.59757 78.57943 0.98233 -0.01822 0.18629 eb
78.17581 49.63310 0.57071 0.75036 0.33355 eb
78.47243 49.05939 -0.40698 -0.62522 -0.66593 eb
78.68845 51.78850 -0.77384 0.02530 -0.63288 eb
79.07585 54.44516 -0.03464 0.08595 -0.99570 eb
79.14644 73.64537 -0.01828 0.72375 -0.68983 eb
79.90873 64.31495 0.19603 0.15458 -0.96834 eb
80.61059 38.38889 0.79917 -0.41331 -0.43647 eb
81.57278 12.48087 -0.59498 0.14311 -0.79090 eb
81.75346 80.08111 -0.07536 0.99691 0.02218 eb
82.00438 32.35135 0.84279 -0.37225 -0.38877 eb
82.00660 42.46318 -0.46910 -0.71885 -0.51303 eb
82.02384 62.86636 0.81913 0.33539 -0.46534 eb
82.05465 80.56311 -0.38144 0.92411 0.02279 eb
82.19601 56.58224 0.97334 0.22000 -0.06494 eb
82.45969 40.04294 0.27453 -0.15074 -0.94969 eb
82.54167 58.97844 0.86995 -0.12297 0.47755 eb
82.84791 60.45332 0.67210 0.00893 0.74041 eb
83.05062 48.46461 0.73763 0.20249 -0.64413 eb
83.13424 35.82938 -0.09309 -0.08620 -0.99192 eb
83.40330 20.56598 -0.08950 -0.28500 0.95434 eb
83.84979 23.51888 -0.77475 -0.28484 -0.56448 eb
85.07569 26.45104 0.32221 0.65653 -0.68202 eb
85.79423 38.61996 0.18038 0.55424 -0.81258 eb
85.98103 27.98652 0.96751 -0.12663 0.21883 eb
86.56255 21.42180 -0.42360 -0.21594 -0.87974 eb
86.89009 87.92668 -0.27666 -0.08438 -0.95726 eb
87.17395 74.48850 -0.13617 0.41658 -0.89884 eb
87.27453 76.45149 0.97032 -0.24183 0.00185 eb
87.44726 26.54717 0.83913 0.40185 0.36657 eb
87.88005 35.57203 -0.21386 0.38164 -0.89923 eb
88.19261 33.27152 0.52494 -0.08401 -0.84698 eb
88.24788 33.08156 -0.41833 0.00411 -0.90829 eb
88.61045 63.26439 -0.86584 -0.48548 0.12092 eb
88.64259 40.14052 0.06047 0.95311 -0.29653 eb
88.87669 42.40099 0.19687 -0.93142 -0.30611 eb
89.71544 19.09157 -0.18003 -0.98102 -0.07209 eb
89.72384 31.51966 0.09383 -0.93078 -0.35334 eb
89.78139 55.55092 -0.66881 0.73871 -0.08366 eb
90.50463 14.37834 -0.66590 -0.71927 -0.19804 eb
90.55269 19.48867 -0.33756 -0.06620 -0.93897 eb
91.04535 29.16214 -0.47680 -0.25774 0.84038 eb
91.55674 37.74962 0.33357 -0.88893 -0.31389 eb
92.83289 61.65891 0.33756 0.90808 -0.24789 eb
92.89440 50.30495 -0.23728 0.35770 -0.90319 eb
93.15124 40.01745 -0.03036 -0.56016 -0.82783 eb
93.90241 44.97171 -0.57662 0.80549 0.13672 eb
94.60812 22.36361 0.38086 0.79524 -0.47174 eb
95.47181 40.07077 0.22489 -0.58905 -0.77617 eb
95.72003 23.99022 0.99249 0.10459 0.06338 eb
97.33150 28.60888 0.86814 0.30849 0.38880 eb
98.32658 46.15068 -0.10048 0.99483 -0.01465 eb
98.47316 32.27328 -0.14498 0.42770 -0.89222 eb
99.90533 22.77343 0.81043 0.47516 0.34268 eb
101.43799 61.58942 -0.02826 0.22919 -0.97297 eb
101.82029 24.30333 0.42229 0.46029 -0.78090 eb
101.85875 21.36321 0.47538 0.20095 0.85653 eb
102.76423 41.60926 -0.33713 0.90345 -0.26482 eb
104.41162 34.06696 0.22720 -0.96965 -0.09037 eb
104.79520 20.37070 -0.47751 -0.02528 -0.87826 eb
105.00451 48.92526 -0.90580 0.41441 0.08832 eb
105.42381 63.01059 -0.61827 0.09334 0.78040 eb
105.51865 63.66585 0.64253 0.76604 0.01838 eb
106.79881 69.39629 -0.51839 0.69528 -0.49786 eb
107.74354 42.92022 -0.43147 0.88236 -0.18782 eb
107.74445 43.38682 -0.89977 0.41508 -0.13463 eb
107.95414 42.26137 -0.69821 -0.44899 0.55760 eb
108.31831 59.42609 0.87003 -0.33863 -0.35828 eb
109.19660 39.17845 -0.54870 -0.64527 0.53156 eb
109.50650 80.10899 0.35318 -0.13432 -0.92586 eb
110.49850 33.58305 -0.24661 0.96903 0.01321 eb
111.89350 78.23630 -0.12213 0.82905 0.54568 eb
112.45043 62.79623 -0.55051 0.76595 0.33206 eb
112.51839 16.32479 -0.23105 0.65534 0.71913 eb
112.65271 80.17378 0.77922 -0.56403 -0.27328 eb
113.53934 22.60887 -0.82686 0.53728 -0.16622 eb
113.60041 37.31952 0.06988 0.86006 -0.50538 eb
113.64664 41.87991 -0.40512 -0.55846 -0.72388 eb
113.80433 55.13247 -0.40993 0.42810 0.80542 eb
113.96014 28.41863 -0.60115 -0.79600 0.07079 eb
114.23390 28.38173 -0.58306 0.56827 0.58061 eb
114.89888 40.85068 0.69457 -0.63977 -0.32904 eb
115.27856 21.00401 0.90232 0.08489 -0.42261 eb
115.35155 47.06359 0.33582 -0.11371 -0.93504 eb
115.41417 17.73608 0.60657 0.79082 -0.08178 eb
115.48623 22.58331 -0.11197 0.45056 -0.88569 eb
116.11584 84.16174 -0.54307 0.83144 0.11739 eb
116.27365 38.49079 0.77684 -0.12014 -0.61813 eb
116.30408 57.50008 0.72240 -0.50685 -0.47035 eb
116.65290 10.88865 0.92488 -0.13802 0.35433 eb
116.68350 78.73147 -0.48101 0.28599 -0.82876 eb
116.76688 19.19873 -0.14601 -0.98741 0.06082 eb
117.42649 17.67816 -0.79169 -0.23558 -0.56367 eb
117.54312 30.63437 -0.95855 0.15205 0.24095 eb
117.74350 80.83852 0.39278 -0.56449 -0.72600 eb
118.02262 61.30568 0.05133 0.99644 0.06688 eb
118.24500 16.97411 -0.59371 0.59809 -0.53833 eb
118.55987 82.50780 0.29779 0.03012 -0.95416 eb
119.20186 51.77130 -0.73481 -0.11356 -0.66870 eb
120.02162 40.27480 -0.86055 0.46740 0.20245 eb
120.59144 39.85549 0.51638 0.03634 -0.85559 eb
121.12542 24.35940 -0.59561 -0.36289 0.71663 eb
121.86644 36.37360 -0.06601 -0.61686 -0.78430 eb
121.86917 60.73493 0.96987 0.02036 -0.24278 eb
122.03407 71.31990 -0.28693 -0.77941 -0.55694 eb
123.47189 74.32958 0.99024 0.04158 0.13299 eb
123.56613 38.93827 0.44772 0.77448 -0.44691 eb
123.93052 30.56578 0.48755 0.86039 0.14844 eb
124.17799 29.71539 0.61135 -0.42425 0.66803 eb
124.28556 14.08755 -0.04065 -0.32285 -0.94558 eb
124.75266 42.00091 -0.63597 0.33587 -0.69479 eb
124.84555 32.64175 -0.66573 0.31899 -0.67457 eb
125.10911 80.26047 -0.95092 0.30461 0.05450 eb
126.80730 25.91944 -0.94044 -0.14479 -0.30758 eb
127.00635 50.86620 0.08324 -0.31287 -0.94614 eb
127.09002 16.91281 0.39371 -0.67252 -0.62666 eb
128.77750 49.73590 0.25110 -0.07312 -0.96520 eb
129.98788 66.87341 -0.21729 0.89545 0.38854 eb
130.64910 14.69790 -0.87471 -0.05558 -0.48146 eb
131.33377 40.73439 0.24054 0.82960 -0.50389 eb
131.79775 84.75778 -0.68151 0.51665 -0.51829 eb
132.02539 33.62112 -0.44654 0.61266 0.65211 eb
132.20019 50.47677 0.96686 0.16481 -0.19499 eb
132.39609 38.36286 -0.54981 -0.61364 -0.56671 eb
133.13645 57.01708 -0.31710 -0.90827 -0.27295 eb
133.16743 55.90379 -0.95411 0.28168 -0.10162 eb
134.15298 32.69231 0.16635 -0.83804 0.51964 eb
134.82704 45.63012 -0.03567 -0.36002 0.93226 eb
134.87075 25.29651 -0.55067 0.64549 0.52925 eb
135.22944 67.66060 -0.38679 0.37188 -0.84386 eb
135.49675 85.86336 0.91576 -0.01225 -0.40154 eb
135.95808 63.62680 -0.84957 -0.45466 -0.26744 eb
136.83300 70.34297 0.99653 0.06779 0.04833 eb
137.29907 26.50047 0.96327 -0.18213 0.19731 eb
137.45905 24.16424 -0.39837 -0.66491 -0.63182 eb
139.08659 80.31914 -0.76255 0.00759 -0.64688 eb
139.10354 19.67228 -0.86472 0.40158 0.30165 eb
139.16156 71.00875 0.88319 -0.46686 -0.04493 eb
139.18759 51.23414 -0.84294 -0.53080 -0.08773 eb
139.20580 17.09508 -0.50423 -0.44110 0.74241 eb
139.51043 47.99112 0.56812 0.80709 -0.16076 eb
140.16715 19.63942 0.31708 -0.17974 0.93121 eb
140.91342 52.15152 -0.88891 0.43423 -0.14590 eb
141.20427 24.22420 -0.21086 0.97135 0.10964 eb
141.40245 65.81384 0.72656 0.62894 -0.27667 eb
141.62180 35.20627 0.72678 -0.08880 -0.68111 eb
141.66898 33.14393 -0.91272 0.40492 -0.05459 eb
141.91482 22.54195 -0.13280 -0.64707 -0.75077 eb
142.78881 64.88795 0.60086 -0.69855 -0.38858 eb
143.15739 15.30932 -0.63286 0.69384 0.34363 eb
143.19723 33.05444 0.30940 0.66913 0.67567 eb
143.49139 67.73462 0.63510 -0.18510 -0.74992 eb
143.73423 50.33397 -0.06790 0.38608 -0.91996 eb
143.95757 36.50654 0.80354 -0.01778 -0.59498 eb
144.81197 66.67665 0.65386 -0.27201 -0.70603 eb
145.53665 66.45402 -0.71180 -0.26051 0.65229 eb
145.86746 48.81624 -0.60986 -0.79157 0.03855 eb
146.50775 46.38089 0.48716 0.86252 0.13683 eb
146.87349 26.17131 -0.41669 -0.82581 0.38002 eb
147.19358 47.58024 0.97274 0.20716 -0.10426 eb
147.64751 72.13774 0.57613 0.78273 0.23541 eb
148.18242 32.07551 -0.40613 0.50882 -0.75906 eb
148.32104 16.78207 -0.75280 0.27143 -0.59968 eb
148.46461 33.63678 0.19766 -0.45975 0.86577 eb
148.73827 65.44399 -0.02913 0.81577 -0.57765 eb
148.84879 61.09715 -0.06590 0.96260 0.26280 eb
149.41626 51.54510 0.38371 -0.12847 -0.91447 eb
149.54836 52.27844 0.45155 -0.61487 -0.64656 eb
150.71926 57.09534 0.03346 -0.99788 -0.05591 eb
153.36734 39.34901 -0.91244 -0.38721 0.13234 eb
154.15830 48.54190 0.28532 0.06933 -0.95592 eb
154.91276 84.88491 -0.07274 0.56630 -0.82098 eb
155.02078 53.15542 0.17049 -0.56760 -0.80545 eb
155.63706 19.72518 -0.27069 -0.12344 -0.95472 eb
155.68987 23.54905 0.63243 0.73658 -0.23974 eb
156.18864 25.09287 -0.04025 -0.35898 -0.93248 eb
157.08852 77.58520 -0.69297 -0.62422 0.36075 eb
157.74109 27.48208 0.89351 0.44190 -0.07975 eb
157.83233 43.08452 0.73414 -0.01093 -0.67891 eb
158.60399 34.59202 -0.14471 0.59369 -0.79158 eb
158.61170 23.86285 0.78403 0.59820 -0.16567 eb
158.75099 51.04032 -0.72972 -0.25899 -0.63280 eb
160.01070 35.51561 0.16571 -0.97752 -0.13036 eb
161.28587 19.71235 0.56315 0.81766 0.11956 eb
161.46028 29.40261 0.83118 0.55295 -0.05814 eb
161.88164 33.95475 -0.80501 -0.37621 -0.45872 eb
162.31364 33.76716 -0.18255 -0.11148 -0.97686 eb
162.47589 55.59104 0.50490 -0.86182 0.04831 eb
163.11559 19.22400 0.06943 0.58144 -0.81062 eb
163.57986 25.10964 -0.81054 -0.38484 0.44150 eb
164.25464 50.75341 0.42253 0.82105 -0.38385 eb
164.40894 70.33942 0.96321 -0.26664 -0.03358 eb
165.19154 56.66584 -0.91488 0.05969 -0.39930 eb
165.66441 66.48317 -0.20265 0.38758 -0.89929 eb
166.32533 16.84908 -0.50266 0.02951 -0.86398 eb
166.40621 37.50112 0.31844 -0.59676 0.73653 eb
167.12270 69.40257 0.13435 -0.92807 0.34733 eb
167.42047 49.89718 -0.79586 -0.08770 -0.59910 eb
168.25174 29.23001 -0.74753 0.52869 0.40211 eb
168.34615 52.12632 0.54721 -0.74761 -0.37636 eb
169.01904 75.95975 -0.71539 -0.28812 -0.63656 eb
169.42761 54.84598 -0.13490 0.55749 -0.81915 eb
169.67125 42.23269 -0.26862 -0.11903 0.95586 eb
169.94013 48.39636 0.49281 -0.79357 -0.35691 eb
170.71677 25.71896 -0.59093 0.67034 -0.44882 eb
171.63840 50.55696 -0.69302 0.65561 0.29983 eb
171.99676 27.13854 -0.75907 0.44313 0.47691 eb
172.79647 47.76374 0.03277 -0.06349 -0.99744 eb
173.64728 71.17129 -0.06597 0.64878 -0.75811 eb
174.28902 57.82432 -0.93995 -0.11289 -0.32211 eb
174.66672 57.02019 0.85412 0.47439 -0.21314 eb
175.01592 34.15430 0.66645 -0.26866 -0.69547 eb
175.43148 27.89859 -0.91927 -0.34428 -0.19084 eb
175.74717 33.24123 -0.85789 -0.41380 -0.30461 eb
177.60845 38.01213 -0.31839 0.78412 -0.53272 eb
177.80040 59.40200 -0.97470 -0.20661 -0.08529 eb
178.10002 62.06545 0.27774 -0.64395 0.71287 eb
178.17795 51.57906 0.94969 0.12754 0.28603 eb
178.89224 36.35255 0.26422 -0.93750 -0.22645 eb
179.08284 35.37949 0.84871 0.51512 -0.11973 eb
179.77498 55.83453 0.67764 0.68109 -0.27734 eb
180.38032 72.85168 0.65916 0.64593 -0.38508 eb
180.38460 57.07454 -0.36959 0.72000 -0.58737 eb
180.51350 41.26361 0.39804 -0.63074 -0.66613 eb
180.93176 20.08802 -0.50339 0.27704 0.81844 eb
181.17842 80.87919 0.46867 0.84657 0.25233 eb
181.18779 35.51932 -0.25095 -0.40535 -0.87904 eb
181.18914 65.23630 0.00584 -0.31613 -0.94870 eb
181.69287 35.39281 -0.36574 -0.07578 -0.92763 eb
182.29444 53.56882 -0.49541 -0.75850 -0.42337 eb
182.30664 18.97544 -0.42971 -0.62813 0.64869 eb
182.48248 63.87017 -0.60180 0.27109 -0.75123 eb
182.83569 57.37896 0.11240 0.96939 -0.21827 eb
183.26912 37.44691 0.04933 -0.98437 -0.16908 eb
183.47825 36.72211 -0.18237 -0.03194 -0.98271 eb
183.89782 54.11112 -0.62606 0.48356 -0.61173 eb
185.10505 50.57040 -0.52914 -0.12756 -0.83889 eb
187.67436 61.77662 -0.38279 -0.78277 0.49066 eb
187.67608 43.56137 0.52887 0.67613 -0.51297 eb
187.93492 30.83225 0.00970 -0.19642 0.98047 eb
188.19045 40.15469 -0.79171 0.34776 -0.50225 eb
188.20026 61.03457 -0.58292 0.77570 -0.24184 eb
188.23985 26.82212 0.44944 0.85964 0.24297 eb
190.95581 31.11177 -0.35339 0.26031 -0.89853 eb
191.53894 54.92190 0.00216 0.56881 -0.82247 eb
191.73891 74.39003 0.87543 0.32251 0.36001 eb
191.86479 24.56422 -0.01533 0.39002 -0.92068 eb
192.08527 22.67158 -0.55541 0.76122 0.33475 eb
192.61737 66.52026 -0.29613 0.66171 -0.68880 eb
194.00631 84.74443 -0.38869 0.24456 -0.88832 eb
194.01291 64.20534 0.37605 -0.66245 -0.64788 eb
195.95754 44.41300 0.31512 -0.83386 -0.45319 eb
196.17288 26.56391 -0.88903 0.42794 0.16280 eb
197.43485 53.81147 0.10508 -0.34857 -0.93137 eb
197.45579 42.29582 0.01324 -0.96214 -0.27223 eb
198.30546 20.32656 -0.08878 -0.98565 0.14356 eb
198.36474 84.19974 0.35721 -0.08088 -0.93051 eb
198.45146 40.19572 -0.14931 -0.08427 -0.98519 eb
198.58010 22.71611 -0.71035 0.42258 -0.56288 eb
200.62620 18.58564 0.89280 -0.02765 -0.44960 eb
201.19204 46.65632 -0.83542 -0.14822 -0.52925 eb
201.21125 39.35950 0.87167 -0.44881 -0.19687 eb
201.61645 28.78556 -0.89625 0.24358 0.37069 eb
202.10273 61.46393 -0.34427 -0.33077 -0.87867 eb
202.79049 66.18761 -0.34184 -0.91888 -0.19698 eb
203.41629 23.44529 -0.42086 0.89774 -0.13017 eb
203.62851 19.27191 0.23889 -0.13637 0.96142 eb
205.01160 57.16692 0.53884 0.38828 -0.74759 eb
205.12336 48.03140 -0.93522 0.22587 0.27268 eb
205.22728 16.61391 -0.58973 0.39027 -0.70704 eb
205.91783 47.73091 -0.08785 0.99603 -0.01427 eb
206.21741 48.79724 0.54513 -0.22117 0.80865 eb
206.26743 19.21557 0.79609 0.45060 -0.40398 eb
206.36164 55.54557 -0.01629 -0.27288 -0.96191 eb
207.24855 64.01010 0.22193 0.63733 -0.73794 eb
207.58107 42.11377 0.70291 -0.60999 -0.36584 eb
207.62241 27.66657 -0.70159 0.46443 -0.54044 eb
208.54000 23.03933 -0.15758 -0.43248 0.88777 eb
208.90490 55.39994 -0.60939 -0.31109 -0.72929 eb
209.73977 83.51809 0.68328 -0.72980 -0.02281 eb
210.16035 45.43224 -0.26783 -0.65170 -0.70961 eb
211.40015 17.24247 -0.27802 -0.92164 0.27071 eb
212.15326 58.10007 0.51209 -0.85745 0.05041 eb
212.90321 29.75886 0.97977 -0.20010 -0.00275 eb
213.80793 32.92101 -0.66883 0.27435 -0.69094 eb
214.26520 36.73776 0.31544 -0.74506 -0.58770 eb
215.45459 65.54761 0.19914 -0.87888 -0.43349 eb
216.15304 19.24465 -0.79007 -0.55845 0.25283 eb
216.26119 46.04951 0.69769 0.61216 -0.37213 eb
217.30655 13.25178 0.77612 0.28112 -0.56445 eb
217.36110 36.20439 -0.16863 0.31343 -0.93452 eb
217.63566 16.89507 0.57237 0.76697 -0.29009 eb
217.91873 52.06854 -0.34241 -0.26320 -0.90193 eb
219.94848 73.37384 0.07445 0.32884 -0.94145 eb
220.36693 88.00756 -0.39647 0.45842 -0.79540 eb
220.49281 56.54370 0.61378 -0.74334 -0.26592 eb
220.70039 65.69652 0.25187 -0.42039 -0.87169 eb
220.87424 48.76322 -0.05226 -0.93899 0.33994 eb
220.87995 32.20991 -0.70614 0.50810 -0.49315 eb
221.23262 50.45013 -0.89416 -0.06761 -0.44261 eb
221.38490 35.28831 -0.94265 -0.00202 0.33379 eb
221.51331 36.20977 -0.92304 -0.17491 -0.34263 eb
221.68531 24.40729 -0.41879 0.90800 0.01242 eb
221.76656 59.86094 -0.32451 0.65459 -0.68279 eb
221.91087 43.80816 -0.68093 -0.19079 -0.70706 eb
223.42343 42.24999 -0.58599 0.51814 -0.62302 eb
224.00456 51.55173 0.33060 -0.78381 0.52568 eb
224.45126 28.32810 -0.90789 -0.30893 -0.28337 eb
225.13360 50.34987 0.71134 0.52902 -0.46275 eb
225.60787 29.91218 -0.55942 0.02744 -0.82843 eb
227.93173 67.21320 0.98923 -0.02922 0.14341 eb
227.97258 50.59233 0.54945 0.79381 -0.26071 eb
229.47251 51.54909 0.37001 -0.22712 -0.90084 eb
230.94197 42.09094 0.55505 -0.06982 -0.82888 eb
231.41780 68.61744 -0.40447 0.88517 -0.22994 eb
232.79647 42.94370 -0.09664 -0.93183 0.34978 eb
233.94187 80.88156 0.41179 -0.77602 0.47772 eb
234.30078 71.10385 -0.33030 -0.90040 -0.28317 eb
234.72319 25.71905 -0.08609 -0.81794 0.56882 eb
235.20365 88.08804 0.52901 -0.59356 -0.60649 eb
236.83513 38.08219 -0.63512 0.67739 -0.37117 eb
236.95488 66.10971 0.62148 0.72310 -0.30147 eb
237.07887 81.53984 -0.85501 0.03985 0.51708 eb
237.60604 45.94171 0.51395 -0.36587 -0.77589 eb
238.67890 43.80050 -0.99503 0.02442 -0.09655 eb
239.24216 71.49299 -0.57924 -0.33534 -0.74298 eb
239.86599 27.59837 -0.38310 0.02158 -0.92346 eb
240.32016 29.44471 -0.32252 0.67959 0.65889 eb
240.60986 21.09130 0.98261 0.12661 -0.13581 eb
240.73081 66.39534 0.50365 -0.52145 -0.68878 eb
242.08170 67.28559 0.34854 -0.70247 -0.62053 eb
242.46440 24.78386 0.61828 -0.77943 -0.10105 eb
243.01365 47.68639 -0.90075 -0.41626 0.12399 eb
243.21031 34.63576 -0.74638 0.66473 0.03240 eb
243.64990 47.90811 0.66470 -0.04447 -0.74579 eb
246.42889 52.63894 -0.50489 0.78166 -0.36620 eb
246.56781 31.41209 0.47351 0.86839 -0.14729 eb
247.29787 43.03873 -0.32563 0.28603 -0.90119 eb
248.12853 25.10491 0.61705 0.12934 0.77622 eb
248.18437 64.56144 0.08740 0.99444 0.05874 eb
248.57343 15.94210 0.81502 -0.40830 -0.41115 eb
249.89132 72.51213 0.57041 0.82007 -0.04605 eb
249.92459 53.24823 0.02114 0.96295 -0.26885 eb
250.59162 31.00253 -0.84350 0.53390 0.05882 eb
250.95513 38.17940 0.25837 -0.41774 -0.87106 eb
251.36332 47.81338 -0.47189 -0.27490 -0.83770 eb
251.78416 44.27111 0.92155 -0.20398 -0.33035 eb
254.15466 87.10506 -0.30223 0.94178 -0.14737 eb
254.70415 26.71905 -0.67295 0.46113 -0.57835 eb
254.72204 35.88557 0.52089 -0.78847 -0.32710 eb
259.57451 18.20884 0.24481 0.87398 -0.41979 eb
259.80175 34.63198 -0.39088 -0.34115 0.85489 eb
262.59480 75.25296 -0.41209 -0.21308 -0.88588 eb
263.16508 46.11908 -0.59478 -0.69994 -0.39537 eb
263.42491 20.01017 -0.52479 0.03358 -0.85057 eb
263.55236 27.84528 -0.31797 -0.74006 -0.59262 eb
264.46260 45.90322 0.56729 0.36700 -0.73722 eb
266.85683 13.77318 0.02678 -0.88005 -0.47413 eb
266.87615 79.64786 -0.26823 -0.88199 0.38749 eb
268.27339 54.68685 0.60363 0.78189 -0.15583 eb
268.65416 41.32777 -0.40401 0.28977 -0.86764 eb
269.45593 54.17508 -0.13593 -0.98875 0.06235 eb
269.59457 56.91131 -0.75724 -0.46363 0.46003 eb
270.10938 29.15442 -0.00178 0.05576 -0.99844 eb
270.87441 66.58544 -0.54308 0.76199 -0.35275 eb
270.89281 66.31300 -0.64650 0.72480 -0.23811 eb
271.09073 77.83554 -0.07614 0.49804 -0.86380 eb
273.61942 41.46891 0.48419 0.47875 -0.73236 eb
273.87693 40.39055 0.92636 -0.34478 0.15160 eb
276.10377 66.20071 0.48675 -0.52129 -0.70095 eb
276.28310 86.02933 -0.22368 0.73132 0.64431 eb
277.28619 82.82222 0.14791 -0.13223 -0.98012 eb
277.46120 18.78206 0.92441 0.36491 0.11095 eb
277.51277 60.58337 -0.97652 0.03474 0.21262 eb
278.86636 17.45634 -0.98013 0.18393 -0.07429 eb
278.88594 15.38583 0.88114 0.11803 -0.45789 eb
279.12695 57.95710 -0.61402 -0.76181 -0.20644 eb
279.81486 35.60073 -0.66285 0.63980 0.38896 eb
280.72983 29.32239 -0.75252 -0.06053 0.65578 eb
281.67285 65.03062 -0.01658 -0.75341 -0.65734 eb
281.67766 29.77710 -0.55260 -0.63428 -0.54066 eb
281.86322 17.09408 0.12196 -0.83471 -0.53702 eb
284.67150 73.77403 -0.97804 0.09092 0.18752 eb
285.41219 61.26217 -0.53776 0.41576 -0.73346 eb
285.67432 39.73599 0.21905 -0.48679 -0.84561 eb
285.79956 87.33755 0.66050 -0.74954 0.04392 eb
286.42632 26.45075 0.81656 -0.57640 0.03147 eb
286.56258 21.28861 -0.62498 -0.65723 0.42124 eb
286.79111 74.00277 -0.72610 -0.58132 -0.36722 eb
286.84729 52.89764 -0.87603 -0.43802 0.20177 eb
289.86653 23.74016 0.27077 0.51623 0.81252 eb
290.04101 27.31313 -0.62377 0.31314 -0.71614 eb
291.32986 45.05340 0.65166 -0.75756 0.03794 eb
291.34950 50.47050 0.20451 0.82085 -0.53328 eb
295.03955 56.94159 -0.07523 -0.81429 -0.57556 eb
298.63045 25.65722 -0.25159 -0.73244 -0.63264 eb
298.83285 48.51653 -0.55101 -0.39558 -0.73478 eb
299.15255 58.33892 -0.75365 0.34459 -0.55970 eb
299.42221 73.92009 -0.23204 -0.88764 -0.39780 eb
299.83251 22.66214 0.30185 0.62011 0.72412 eb
302.25208 25.30845 0.28790 -0.32143 0.90211 eb
302.59114 35.64620 0.97749 -0.16947 -0.12565 eb
303.45894 42.40937 0.38243 0.63090 -0.67507 eb
304.26543 28.29969 0.52922 -0.81782 -0.22603 eb
304.38280 87.00762 0.49871 -0.61182 -0.61398 eb
304.79785 17.79795 0.58004 0.59474 0.55663 eb
304.91994 32.22954 0.59671 -0.29454 0.74645 eb
305.32361 42.47402 0.71442 -0.65151 0.25525 eb
305.85962 73.89538 0.38598 -0.91214 -0.13789 eb
306.02059 40.29937 -0.85054 0.41930 -0.31744 eb
306.78638 55.50077 0.72274 0.52323 -0.45153 eb
307.34064 44.58713 -0.95467 -0.02552 0.29656 eb
308.57745 45.13227 -0.32600 -0.84378 -0.42633 eb
308.60789 19.24655 -0.91621 0.03951 -0.39875 eb
309.57172 42.46028 0.27621 -0.93413 -0.22606 eb
310.15178 15.79844 0.47488 0.43342 -0.76592 eb
310.91048 71.81584 -0.76541 0.60235 -0.22653 eb
312.21366 77.39313 0.96616 0.02910 -0.25631 eb
312.76397 21.09223 0.80981 0.14991 -0.56721 eb
313.14813 61.27208 0.16536 -0.30563 -0.93768 eb
313.45056 58.49579 0.20020 -0.79361 -0.57455 eb
313.54550 65.84395 0.10373 0.29037 -0.95127 eb
315.43923 34.99545 0.55946 0.80646 0.19138 eb
317.11936 50.46491 0.79798 -0.34097 -0.49696 eb
317.82705 35.57920 0.05303 -0.82349 -0.56484 eb
317.93912 15.69070 0.34623 0.84006 -0.41764 eb
318.30235 22.96521 -0.01644 0.01608 -0.99974 eb
318.43006 42.18434 0.17285 0.95814 -0.22822 eb
319.12259 39.29919 0.99145 -0.07358 0.10774 eb
319.74353 43.25707 -0.23264 0.43574 -0.86949 eb
321.07143 42.61476 -0.57045 -0.25000 -0.78236 eb
321.49819 85.84728 -0.98532 0.15416 0.07328 eb
322.51159 65.38832 0.24153 -0.55878 -0.79336 eb
322.63673 30.98826 0.77714 -0.01768 -0.62908 eb
323.25267 19.13222 -0.95620 0.24088 -0.16632 eb
323.40131 48.97590 -0.55436 -0.81891 0.14857 eb
324.37647 20.33105 -0.78061 -0.52591 -0.33774 eb
324.44429 78.78670 -0.21594 0.95557 0.20062 eb
324.52823 75.21184 0.09563 0.18705 -0.97768 eb
324.90451 64.06346 0.93172 -0.29712 -0.20884 eb
325.22612 76.06442 -0.06190 -0.98878 0.13593 eb
325.90422 56.57322 -0.36459 -0.91914 -0.14919 eb
326.89672 26.88727 -0.16994 0.83706 0.52004 eb
326.97510 21.36041 0.96868 0.17948 0.17161 eb
327.11149 56.78904 -0.93505 0.23655 0.26405 eb
327.29962 16.74752 -0.22576 0.08619 0.97036 eb
327.32044 43.13324 0.77363 0.63080 0.05985 eb
327.57475 70.73645 -0.11507 -0.87551 -0.46930 eb
327.90371 49.54725 -0.16607 -0.91164 -0.37595 eb
327.92949 55.42125 -0.18311 -0.78923 -0.58616 eb
328.36172 29.25604 -0.56559 -0.43967 -0.69771 eb
329.85275 27.43587 0.88610 0.30476 -0.34921 eb
330.07750 22.15328 0.26427 -0.85127 0.45332 eb
331.30468 28.08715 0.72291 -0.63682 0.26806 eb
331.62805 69.37839 -0.05130 0.93525 0.35026 eb
331.85840 80.74480 0.38494 -0.75698 0.52802 eb
332.86259 53.23801 0.56933 -0.69455 0.43984 eb
333.06643 41.01692 0.82149 -0.56916 0.03472 eb
333.15326 38.17660 0.35474 -0.87051 -0.34113 eb
334.05758 73.20369 0.74671 0.65917 -0.08902 eb
336.59173 40.03439 0.16225 0.23365 -0.95869 eb
338.99668 87.48257 -0.61873 -0.24773 -0.74552 eb
339.75729 34.14031 0.80016 0.53372 -0.27365 eb
342.28494 41.83668 -0.38870 -0.40966 -0.82528 eb
342.30543 49.09856 0.95222 -0.30074 -0.05320 eb
342.34462 51.03533 0.20289 -0.08819 -0.97522 eb
343.42937 49.60279 -0.55704 0.82681 0.07804 eb
343.78259 40.47381 -0.91705 -0.39475 -0.05643 eb
344.60749 17.22320 -0.05976 -0.97488 0.21457 eb
345.05510 65.97839 0.02047 0.22316 -0.97457 eb
348.29570 40.13109 -0.21542 -0.84266 -0.49347 eb
349.83675 22.03458 -0.36987 -0.77502 -0.51239 eb
351.17349 37.44074 0.41477 0.36764 -0.83235 eb
351.21002 68.12328 0.88773 -0.17529 0.42570 eb
351.26631 69.57556 0.08918 0.56255 -0.82194 eb
352.08766 85.01453 0.85149 0.48898 0.18940 eb
353.13100 63.81861 -0.97466 -0.21542 0.06032 eb
353.76781 41.61263 0.63180 0.24871 -0.73415 eb
355.03244 16.76728 -0.56892 0.20854 -0.79551 eb
360.58318 23.57384 0.01704 0.88965 0.45633 eb
363.16198 49.51098 0.26429 0.73643 -0.62276 eb
365.11066 57.96708 0.08781 -0.96429 -0.24985 eb
366.77377 67.38976 -0.43781 0.89857 -0.02974 eb
366.77717 30.29393 -0.10827 0.48204 -0.86943 eb
366.95749 35.07552 -0.82095 0.52828 -0.21669 eb
367.70683 12.34758 -0.82317 -0.34617 0.45007 eb
368.04616 15.24656 -0.75952 -0.62965 -0.16328 eb
372.41457 23.69693 0.25675 -0.47430 0.84209 eb
377.00855 31.55460 -0.55976 -0.76187 0.32591 eb
377.96403 41.12622 -0.03377 -0.55088 -0.83390 eb
379.95732 26.80418 -0.76068 0.13236 -0.63548 eb
381.27586 53.87225 0.80974 0.51360 0.28379 eb
383.16189 74.44475 -0.08557 0.07947 -0.99316 eb
383.39943 16.27142 -0.23686 -0.15085 -0.95976 eb
383.76614 15.83918 -0.17826 -0.91458 0.36300 eb
384.62202 31.51005 -0.52159 -0.09811 -0.84754 eb
386.12639 31.60089 0.88722 -0.42590 0.17732 eb
386.43023 22.96598 -0.83996 -0.48024 -0.25265 eb
390.76821 22.83738 -0.94840 -0.17860 0.26201 eb
392.25722 35.16137 0.13681 0.15900 -0.97775 eb
392.43245 65.50563 0.36901 -0.83963 -0.39857 eb
394.60981 38.41741 0.54177 -0.83881 -0.05370 eb
400.76979 13.65497 -0.22658 -0.47688 -0.84926 eb
408.77807 18.92117 0.97171 -0.21984 0.08634 eb
414.91033 69.91703 0.66906 0.69587 -0.26100 eb
416.63656 24.71938 -0.17014 -0.27912 0.94506 eb
423.71515 31.12409 -0.31169 0.93993 0.13918 eb
438.71934 25.02048 -0.47133 -0.61309 -0.63401 eb
440.89327 16.92428 -0.23220 -0.01798 -0.97250 eb
444.55796 34.62438 -0.47637 0.47760 -0.73822 eb
445.33315 38.09040 -0.55815 -0.77967 -0.28387 eb
446.74124 14.94149 0.44596 0.01665 -0.89490 eb
460.35961 9.87392 0.42998 0.89729 0.09998 eb
463.11689 15.06099 0.62171 -0.57423 0.53267 eb
475.61390 14.27716 0.40672 -0.43855 -0.80141 eb
475.73648 28.51428 0.23636 0.96275 -0.13134 eb
479.35924 29.97288 -0.66072 -0.64076 0.39098 eb
481.60924 27.34960 -0.11366 -0.64905 0.75221 eb
489.15126 19.95003 0.68391 -0.53137 0.49991 eb
490.67310 12.57706 -0.12433 -0.21791 0.96802 eb
514.36679 20.69723 -0.31021 -0.46659 -0.82829 eb
517.67096 27.84849 0.62652 0.05473 -0.77748 eb
520.59304 33.62575 0.85299 0.42002 0.30981 eb
536.78489 72.49519 0.58429 0.66564 0.46425 eb
544.50023 34.10772 -0.39139 0.82208 0.41352 eb
578.89060 35.26330 0.91474 0.02027 -0.40353 eb
591.21101 13.96243 0.23467 -0.97068 -0.05215 eb
596.60653 21.72490 -0.12656 -0.83427 0.53664 eb
598.00576 25.71350 0.53422 -0.45300 -0.71372 eb
601.14763 36.60465 -0.99453 -0.08176 -0.06494 eb
618.08189 34.10486 -0.06779 0.74060 -0.66851 eb
626.52938 45.96396 0.02140 0.60238 0.79792 eb
636.06972 29.28844 0.90445 0.34357 -0.25284 eb
643.42041 20.62013 -0.79721 -0.42598 -0.42777 eb
646.23735 26.42059 -0.24114 -0.12352 -0.96260 eb
653.61587 27.45298 -0.29735 0.94365 0.14528 eb
656.98571 16.51752 0.99052 0.12380 -0.05957 eb
659.82358 20.31110 0.11974 -0.24917 0.96103 eb
665.19623 19.55145 -0.39452 0.25589 -0.88254 eb
665.54002 30.99525 -0.72753 -0.57309 -0.37719 eb
668.43956 18.95225 -0.16831 0.93480 0.31277 eb
673.58542 16.32391 -0.46816 -0.41260 0.78140 eb
675.90076 28.96563 0.31233 -0.62336 -0.71685 eb
686.04353 39.86326 0.98241 0.12534 -0.13842 eb
709.19936 13.41137 0.90527 -0.25295 0.34131 eb
717.26277 25.26325 0.76576 -0.55799 0.31978 eb
724.09499 16.51748 -0.37050 0.09870 -0.92358 eb
729.68924 42.23993 0.96996 0.11320 0.21532 eb
736.75454 19.78773 -0.12723 -0.39885 0.90815 eb
779.56417 23.80610 0.92072 0.29912 0.25059 eb
808.71107 6.15022 -0.47982 0.84585 -0.23307 eb
817.64099 29.70006 0.88644 0.46064 0.04509 eb
824.26102 14.51986 -0.02649 -0.22795 -0.97331 eb
832.42303 24.88585 -0.83872 0.49995 0.21588 eb
835.69735 12.18481 0.04645 -0.99805 -0.04171 eb
868.80528 32.44546 0.74813 0.20886 0.62982 eb
873.87478 18.63805 -0.58174 0.71767 0.38279 eb
875.18200 38.94727 0.27394 -0.62259 -0.73304 eb
897.23658 13.00340 0.10995 0.98772 0.11096 eb
931.88074 17.70084 0.66298 -0.63803 -0.39164 eb
940.04442 21.37654 0.04360 -0.77895 -0.62557 eb
945.51442 21.99945 0.93885 0.13164 -0.31815 eb
951.47702 22.38302 0.98486 -0.15856 -0.07008 eb
960.40305 32.74778 0.07390 0.77316 0.62989 eb
965.00280 16.46873 -0.50547 0.80549 0.30933 eb
1003.35034 27.83484 0.52769 0.37432 -0.76252 eb
1051.19955 19.36050 0.75991 -0.21309 0.61411 eb
1069.60158 14.75811 -0.41218 -0.32855 -0.84980 eb
1073.98874 16.61910 -0.64023 -0.75444 -0.14466 eb
1079.06979 29.69152 0.73881 -0.67010 -0.07162 eb
1081.97115 10.88964 0.41472 -0.70128 0.57984 eb
1100.24904 19.56787 0.77143 0.60864 -0.18560 eb
1100.46478 27.59995 -0.73995 -0.04030 -0.67146 eb
1116.43118 25.40296 0.68047 0.65708 0.32436 eb
1208.15286 15.35307 0.39616 -0.12431 -0.90973 eb
1220.13846 15.39759 0.28363 -0.29616 -0.91205 eb
1230.46649 26.77899 0.02540 -0.90971 0.41446 eb
1245.30309 16.00225 0.61956 0.70051 -0.35415 eb
1255.29876 12.18491 0.51794 0.80724 -0.28303 eb
1283.14920 15.58764 0.84886 0.15406 0.50567 eb
1307.50633 19.24597 -0.04405 -0.00600 -0.99901 eb
1308.73893 24.95713 0.58558 -0.69359 -0.41956 eb
1329.11682 26.71238 0.36534 0.78655 -0.49786 eb
1403.36196 18.66266 -0.44213 -0.83124 0.33699 eb
1431.47202 12.77419 -0.90827 0.41134 0.07651 eb
1572.38991 26.56341 -0.43812 -0.87093 0.22256 eb
1684.23209 9.66424 -0.05320 -0.81258 -0.58041 eb
1730.55972 82.37774 -0.74387 -0.66631 0.05190 eb
1741.95098 28.51285 -0.67626 -0.24530 -0.69463 eb
1766.83690 29.52424 0.65164 0.51655 0.55547 eb
1792.84872 8.11742 0.33785 -0.23736 -0.91078 eb
1914.50041 28.52377 -0.47487 0.81278 0.33747 eb
1915.00759 46.31499 0.56346 0.24246 -0.78977 eb
1945.65638 18.20743 0.53186 0.81218 -0.23975 eb
2162.90473 34.23803 -0.13940 0.39448 -0.90827 eb
2282.04300 15.23070 -0.62903 0.77686 0.02838 eb
2391.70838 20.36720 0.29448 0.89199 -0.34298 eb
2435.95899 6.08595 0.58338 -0.54946 -0.59813 eb
2440.49351 23.78357 -0.84417 0.09310 -0.52792 eb
2513.29776 43.89039 -0.00745 0.65051 -0.75946 eb
2534.43646 13.96644 -0.11129 0.89421 0.43359 eb
2578.39870 11.17439 0.54964 0.82322 -0.14217 eb
2589.46895 11.59783 0.66095 0.71941 -0.21351 eb
2876.01598 13.21849 -0.39702 0.64188 0.65602 eb
2954.73885 13.95026 -0.65613 -0.52422 -0.54285 eb
3142.24207 11.76668 0.68081 -0.10316 0.72516 eb
3373.46730 27.33440 -0.36356 -0.43669 -0.82287 eb
3398.19214 33.61441 0.53668 -0.34734 -0.76898 eb
3419.32909 19.52485 0.65358 0.67297 0.34634 eb
3427.33342 7.44054 -0.70593 -0.52350 0.47708 eb
3517.38833 14.74693 -0.06495 0.96793 0.24268 eb
3584.04499 30.27606 -0.90063 -0.05767 0.43074 eb
3600.71277 18.12570 0.90501 -0.07870 -0.41805 eb
3628.78507 21.45348 -0.59670 -0.00393 -0.80246 eb
3699.39877 9.35745 -0.26724 -0.74593 -0.61006 eb
3705.40150 23.01700 -0.33275 -0.69235 -0.64026 eb
3746.09920 15.86782 0.46925 -0.37893 -0.79763 eb
3902.32363 39.28712 0.72576 0.43446 -0.53340 eb
3987.57139 13.38339 -0.67276 0.69883 0.24296 eb
4058.67745 15.64909 -0.47737 0.54996 0.68532 eb
4635.97889 23.86110 0.01038 -0.78339 0.62144 eb
4808.21208 13.17506 -0.63077 -0.06083 -0.77358 eb
5113.31049 11.77815 0.22475 0.24780 -0.94238 eb
5114.79273 12.91438 -0.19644 0.09689 -0.97572 eb
5290.86217 18.99676 0.51117 0.73270 0.44928 eb
6251.66349 9.71385 -0.57135 0.82055 -0.01591 eb
6993.82900 15.23459 0.88263 0.45860 -0.10317 eb
7147.11760 33.25242 -0.64167 -0.63653 0.42788 eb
7333.88422 14.42634 -0.99153 -0.02210 -0.12798 eb
7516.65481 11.75865 0.41415 0.32204 -0.85133 eb
8592.44544 9.89577 0.43678 0.26151 0.86072 eb
9278.35609 83.76361 -0.85557 -0.45673 -0.24374 eb
9898.23654 11.74564 0.82782 -0.55455 0.08474 eb
10541.80105 25.74822 0.88442 0.43848 -0.15982 eb
11203.35911 29.78830 -0.63963 0.57202 0.51349 eb
11480.78066 18.39101 0.60887 0.74647 -0.26844 eb
12199.31749 30.56297 0.81084 -0.23379 -0.53654 eb
12519.06562 26.35270 -0.29190 -0.61932 -0.72886 eb
13948.92840 18.75026 0.77592 0.34543 -0.52785 eb
14212.58460 17.38384 -0.81160 0.57252 0.11636 eb
15641.86857 20.38885 0.58642 0.73580 0.33870 eb
16862.06919 30.97688 0.67107 -0.72100 0.17269 eb
