16.57505 75.77725 -0.54325 0.03941 -0.83865 eb
19.18795 72.82084 0.64023 0.10317 -0.76122 eb
19.36344 41.36664 -0.35727 0.86784 -0.34528 eb
19.79767 96.14008 -0.29673 0.06592 -0.95268 eb
20.46027 72.42737 0.62093 -0.60449 -0.49904 eb
20.61646 56.60920 -0.21723 0.97486 0.04949 eb
24.27363 63.30636 0.88585 -0.00909 -0.46387 eb
24.70803 69.76196 0.03021 0.13534 -0.99034 eb
24.74654 92.77994 0.90374 -0.04638 0.42556 eb
25.00855 28.33716 -0.14512 0.18384 -0.97218 eb
25.47212 75.93430 -0.20926 0.04052 -0.97702 eb
26.20668 90.42179 0.59607 0.77166 -0.22190 eb
28.39983 48.90779 -0.33386 -0.01295 -0.94253 eb
29.46783 75.67567 -0.51340 0.20072 -0.83435 eb
29.55310 43.87330 -0.72152 0.20610 0.66101 eb
30.86423 98.02747 0.07594 0.42660 -0.90125 eb
30.94675 62.81494 -0.50152 0.09812 -0.85956 eb
31.05620 50.42502 0.84635 -0.53118 -0.03911 eb
31.08017 62.23123 0.87421 -0.18006 -0.45092 eb
31.11179 63.78012 -0.91301 0.18493 -0.36361 eb
32.22364 40.70729 -0.23537 0.15086 -0.96012 eb
32.63395 78.87050 0.13921 -0.87670 -0.46046 eb
32.70325 64.48599 -0.72977 -0.22107 -0.64696 eb
33.35088 41.31583 0.99997 -0.00760 -0.00312 eb
33.64974 35.66368 0.64650 -0.73224 0.21415 eb
33.76709 97.61283 0.18289 0.20734 -0.96102 eb
34.44415 67.98892 -0.46426 0.86499 0.19042 eb
35.46521 86.35305 -0.20341 0.97282 -0.11067 eb
36.85385 74.87245 -0.36539 0.91133 -0.18966 eb
37.48675 36.59114 0.47997 -0.01350 -0.87718 eb
38.02218 65.45143 0.94334 0.29808 -0.14577 eb
38.04236 44.31527 0.40691 0.18136 -0.89528 eb
38.79787 49.02115 0.75773 -0.44627 -0.47612 eb
38.79994 83.47104 0.30258 -0.70411 -0.64239 eb
39.56970 54.79562 -0.27727 0.94537 -0.17143 eb
40.30656 82.46708 -0.70554 -0.29161 -0.64590 eb
40.69121 30.83524 0.60457 0.69650 0.38651 eb
41.01089 46.92622 0.64280 -0.12419 0.75590 eb
41.36917 72.72788 -0.82485 -0.39970 -0.39983 eb
42.40567 61.19259 0.32071 0.79313 0.51778 eb
42.55149 46.80789 -0.03639 -0.42041 -0.90661 eb
43.23629 40.58674 0.18595 0.13058 -0.97384 eb
43.47533 48.01054 0.07673 -0.98385 -0.16174 eb
46.02515 54.78484 0.04703 0.65347 -0.75549 eb
46.23217 58.26755 -0.50780 0.82169 -0.25876 eb
46.53875 73.10713 0.37181 -0.16642 -0.91327 eb
46.79150 54.68634 0.01344 -0.96009 -0.27937 eb
46.93119 45.27902 -0.16805 0.89031 0.42320 eb
46.95743 39.40608 -0.40056 -0.83604 0.37495 eb
47.13077 28.00423 -0.59600 0.01126 -0.80291 eb
47.98558 38.58056 0.80759 0.26916 -0.52475 eb
49.28271 76.45093 -0.92564 -0.37328 0.06204 eb
50.28468 79.11607 0.83666 -0.07344 -0.54278 eb
51.13066 75.85430 -0.22745 -0.85785 0.46083 eb
51.27683 64.71386 0.78411 0.08157 -0.61524 eb
51.28610 66.84458 0.76348 0.52719 0.37307 eb
53.04634 51.72162 -0.89976 -0.43106 -0.06791 eb
53.31567 93.17849 0.62498 -0.42942 0.65192 eb
53.49993 47.30372 -0.08351 0.18617 0.97896 eb
53.71024 30.29357 -0.10032 -0.15577 0.98269 eb
53.81769 52.29227 -0.96218 0.27143 0.02301 eb
54.19292 51.90646 0.21358 -0.94855 -0.23376 eb
54.94079 37.59045 0.35245 0.87192 0.33990 eb
55.12402 49.41797 -0.30453 0.06858 -0.95003 eb
55.53108 71.68995 -0.16585 0.77996 -0.60345 eb
55.63421 58.62452 0.27847 -0.54636 -0.78990 eb
56.51501 81.03775 -0.19053 0.93835 0.28845 eb
57.07167 71.10963 -0.95654 0.18930 0.22180 eb
57.87157 30.04480 -0.57655 0.27038 0.77103 eb
58.00995 86.55364 0.54587 -0.24526 0.80117 eb
58.04002 88.60935 0.10924 0.76657 -0.63280 eb
58.44294 37.30448 0.99781 -0.05036 0.04278 eb
58.79221 87.82694 0.03699 0.01775 -0.99916 eb
60.05789 92.86719 -0.06201 -0.01472 -0.99797 eb
60.09417 73.69097 0.34110 0.93109 0.12930 eb
60.12872 54.23047 0.87691 -0.00445 -0.48064 eb
60.24272 50.03088 0.70224 0.29845 -0.64636 eb
60.77539 66.97540 -0.66149 -0.59886 -0.45144 eb
61.06077 47.72587 0.68721 -0.68433 -0.24379 eb
61.21775 72.81726 -0.21785 0.48525 -0.84680 eb
61.51235 68.82748 -0.49827 -0.27294 -0.82294 eb
61.86871 42.94876 -0.49128 0.25662 -0.83234 eb
61.96762 47.23828 0.55035 0.45915 0.69735 eb
63.29969 31.99775 -0.99606 -0.08750 -0.01458 eb
63.35337 94.32563 0.95815 -0.28249 0.04622 eb
63.64133 61.36822 0.21004 0.44862 -0.86869 eb
66.48557 65.75810 0.92834 0.03462 0.37011 eb
67.70607 53.38260 0.06052 0.98446 -0.16485 eb
68.27459 67.64112 -0.37906 -0.60145 -0.70326 eb
68.37031 39.38724 -0.34896 -0.34982 -0.86940 eb
68.81421 90.97328 -0.08000 0.07706 -0.99381 eb
69.20211 50.01639 0.54812 0.23237 -0.80347 eb
70.26147 48.76439 -0.61692 0.77067 -0.15963 eb
70.29626 76.22539 0.38980 0.86993 0.30211 eb
72.36929 92.06528 -0.36749 -0.75825 -0.53853 eb
72.67757 58.91271 0.07350 -0.61013 -0.78888 eb
72.74781 60.19978 0.15427 0.97941 0.13020 eb
72.78111 41.14335 0.49164 -0.62796 0.60329 eb
73.23777 50.52644 0.72708 -0.46393 -0.50608 eb
74.23534 62.58337 -0.81184 0.51949 -0.26652 eb
74.68800 63.17521 -0.10699 -0.42695 -0.89792 eb
76.14321 93.12548 0.74812 0.01061 -0.66348 eb
76.33119 27.98950 0.27002 -0.90858 -0.31870 eb
77.11617 27.50971 0.88210 0.23439 0.40861 eb
77.22745 41.25377 0.06373 0.98474 -0.16197 eb
77.55987 29.32347 0.34230 -0.32059 -0.88321 eb
79.44287 31.71154 -0.88800 0.41426 -0.19960 eb
79.50690 87.27436 -0.75683 -0.20069 -0.62204 eb
79.75377 47.72748 -0.63438 0.70599 -0.31486 eb
81.04732 31.00543 0.17876 0.95601 -0.23258 eb
81.04846 44.01477 -0.79174 0.00076 -0.61086 eb
81.18196 52.67652 -0.34353 -0.48753 -0.80269 eb
81.64474 30.43659 -0.41687 0.24557 -0.87516 eb
82.19262 76.04934 0.01949 0.99375 0.10994 eb
82.34796 79.52756 0.36765 0.81072 -0.45560 eb
82.48756 64.11526 0.66339 -0.66537 0.34235 eb
83.83850 45.44081 0.69906 0.65033 -0.29731 eb
84.32489 32.23877 0.71677 -0.67584 0.17171 eb
84.76070 68.01720 -0.85484 -0.17902 -0.48703 eb
85.24479 41.44971 -0.31282 -0.73763 -0.59836 eb
85.41431 55.70295 -0.00165 0.22965 -0.97327 eb
85.65957 32.04891 -0.31279 0.04540 -0.94874 eb
85.76141 87.92676 -0.85456 0.08853 -0.51176 eb
86.49519 45.91660 -0.99831 -0.04283 0.03924 eb
87.13933 62.81930 0.42046 0.70011 0.57711 eb
87.18784 58.97215 -0.93753 0.20032 0.28445 eb
88.15080 44.22327 0.71790 -0.13984 -0.68195 eb
90.02595 39.33774 -0.54104 -0.50663 -0.67127 eb
90.35299 60.20405 -0.16941 0.52215 -0.83586 eb
90.92645 53.38335 -0.00952 -0.86802 -0.49645 eb
91.31643 43.66993 0.87275 -0.43874 -0.21404 eb
91.39396 64.28556 -0.67274 0.37918 -0.63533 eb
91.61880 53.90649 -0.19298 -0.41986 0.88683 eb
91.68533 27.02025 0.48400 -0.87368 0.04938 eb
92.04674 29.57382 -0.15871 -0.98194 0.10295 eb
93.66807 74.20107 0.43262 0.38353 -0.81593 eb
95.06852 54.43325 0.25936 -0.17273 -0.95021 eb
96.15736 28.42121 -0.83116 0.04227 -0.55442 eb
97.26550 56.04493 -0.89106 -0.12403 -0.43661 eb
97.85043 48.97864 0.40495 -0.57423 -0.71153 eb
98.96322 38.39597 -0.92588 -0.37424 0.05185 eb
99.23937 25.22868 -0.82557 -0.54792 0.13499 eb
100.26080 21.06616 -0.78744 0.26634 -0.55588 eb
100.38508 65.46310 -0.51114 0.28960 -0.80924 eb
101.06166 72.34272 -0.66812 -0.14094 -0.73058 eb
101.41999 26.82665 -0.41647 0.50454 -0.75630 eb
101.91058 76.58923 0.40209 -0.83298 -0.38010 eb
102.99784 71.96500 -0.05407 -0.55865 0.82764 eb
103.30376 44.23863 0.70313 -0.21211 0.67869 eb
103.45812 84.13673 -0.76247 0.32912 -0.55706 eb
104.20911 93.86479 -0.46170 -0.72655 -0.50887 eb
104.38073 57.12402 0.08268 -0.65657 -0.74972 eb
105.32834 31.71864 0.47069 -0.12157 -0.87388 eb
107.99147 61.84528 -0.80673 0.34608 -0.47897 eb
108.27471 33.81366 -0.07930 0.74474 -0.66263 eb
108.90375 48.07948 0.41307 0.67753 -0.60854 eb
108.99132 25.54036 -0.32686 -0.82977 -0.45237 eb
109.55689 75.10640 -0.04882 0.62737 -0.77719 eb
110.12425 45.69080 0.06376 -0.60941 0.79028 eb
110.56549 79.45702 0.80418 -0.25623 -0.53632 eb
111.15833 69.20228 -0.38955 0.89289 0.22582 eb
111.18425 61.19939 0.79718 -0.49345 -0.34787 eb
111.84749 47.83708 -0.57052 0.11032 -0.81384 eb
112.03157 37.58166 0.14064 0.66032 0.73770 eb
112.08576 16.34857 -0.29639 0.91251 0.28191 eb
114.00387 88.07558 -0.01959 -0.90737 0.41987 eb
114.11498 72.93630 -0.20478 -0.06723 -0.97650 eb
114.19803 66.61871 -0.45372 -0.87920 0.14541 eb
114.62460 39.08907 -0.27405 -0.60891 -0.74440 eb
116.17169 48.82346 0.02439 -0.83696 -0.54671 eb
117.77333 67.65894 -0.81355 -0.08003 0.57596 eb
119.87838 40.74338 -0.36745 -0.30249 -0.87948 eb
120.14860 38.70484 -0.57732 0.43116 -0.69340 eb
121.72248 53.14269 -0.79723 0.60201 0.04491 eb
121.73974 39.86407 -0.46910 -0.15899 -0.86871 eb
121.95967 97.32747 -0.57811 0.79499 0.18381 eb
121.96735 40.15762 0.36391 0.62816 -0.68774 eb
122.03030 28.31455 0.26285 -0.94498 -0.19472 eb
122.54018 45.27644 -0.39689 0.14448 -0.90642 eb
122.59976 92.20605 -0.63631 0.34203 0.69147 eb
126.99223 49.16206 0.60592 0.68242 0.40887 eb
128.33678 52.21650 -0.42968 0.67261 0.60248 eb
130.20616 39.96201 -0.44513 -0.59733 0.66713 eb
130.54921 96.24186 -0.62109 0.77440 -0.12060 eb
131.61958 44.59253 0.24118 -0.23611 0.94132 eb
132.12405 31.41757 0.14535 -0.45470 -0.87870 eb
132.30157 71.89591 0.37707 -0.15038 -0.91389 eb
132.93747 67.40400 0.68111 0.72658 0.09043 eb
133.35791 33.08354 -0.29782 0.70836 -0.63994 eb
135.19843 57.17157 0.24059 0.94120 -0.23720 eb
135.57171 57.14836 -0.89076 0.38692 -0.23843 eb
136.18782 79.44858 0.02253 0.23902 -0.97075 eb
136.89950 59.36574 -0.79563 -0.12488 -0.59277 eb
137.93906 82.88429 -0.24208 0.96853 0.05780 eb
138.62673 53.16342 0.66617 -0.74495 0.03575 eb
139.13130 36.43001 -0.69794 0.46100 -0.54805 eb
139.32806 57.84436 0.79450 0.03231 -0.60640 eb
141.41025 78.82785 0.62292 0.72119 -0.30306 eb
141.76466 35.33600 0.95183 -0.09109 -0.29277 eb
143.28852 37.34868 -0.12553 0.99189 0.01994 eb
143.74803 80.75897 0.46380 -0.34381 -0.81651 eb
144.40943 44.04654 0.85375 0.44496 -0.27042 eb
144.89798 46.58427 -0.82888 -0.55555 0.06570 eb
145.04659 41.15091 0.38368 0.90053 -0.20455 eb
145.77856 48.18882 0.46293 0.05714 0.88455 eb
145.98614 63.68166 -0.87956 -0.11954 -0.46053 eb
146.61175 51.86398 -0.55447 0.72157 -0.41460 eb
146.71403 47.95387 -0.48069 -0.84044 -0.25020 eb
147.66866 62.05402 0.99803 -0.04471 -0.04390 eb
148.05431 48.60731 -0.98214 0.07854 0.17095 eb
148.43580 68.45099 0.92681 -0.34565 0.14682 eb
149.04947 44.10768 -0.06756 0.84772 -0.52612 eb
149.28081 30.04422 -0.57110 -0.76717 -0.29204 eb
149.48411 54.01735 -0.44864 -0.48705 0.74934 eb
149.98152 36.61342 0.99490 -0.01339 0.10001 eb
150.20023 47.48057 -0.72242 -0.41371 -0.55404 eb
150.36001 77.58442 0.39212 0.89673 -0.20522 eb
150.40099 68.47732 -0.64272 -0.67096 -0.36977 eb
151.32220 68.42397 -0.25455 0.48452 -0.83693 eb
151.73214 31.63869 0.44544 -0.18418 -0.87616 eb
152.21754 54.50168 0.08659 0.09134 -0.99205 eb
152.25855 59.28305 -0.55087 -0.54144 0.63513 eb
153.11525 59.73566 0.60323 -0.62497 -0.49551 eb
153.18617 74.51561 0.64035 0.34645 -0.68551 eb
153.22932 68.58984 0.22480 0.10818 -0.96838 eb
154.24365 43.79012 0.53082 0.65949 0.53226 eb
154.53166 62.11991 -0.27005 -0.66758 -0.69383 eb
154.55726 28.53018 0.35799 -0.81006 -0.46437 eb
154.68029 43.17003 -0.10709 -0.26553 -0.95814 eb
155.70733 36.07844 -0.74040 -0.35109 0.57319 eb
155.72561 80.76405 -0.27276 0.94272 0.19203 eb
156.43083 81.37922 -0.31893 0.42443 -0.84743 eb
156.67515 32.02978 -0.71330 0.68435 0.15121 eb
156.97396 27.31400 0.98947 -0.01234 -0.14420 eb
157.66787 64.21706 -0.71359 0.28807 -0.63860 eb
158.17771 80.68860 -0.61342 -0.04180 -0.78865 eb
158.55590 75.07315 0.82265 -0.56824 -0.01873 eb
158.66330 23.15494 -0.26680 -0.70969 -0.65204 eb
158.99731 46.44622 -0.58505 0.25914 0.76848 eb
160.63533 21.73403 -0.80795 -0.11664 -0.57759 eb
161.39626 32.57438 -0.91251 -0.37756 -0.15738 eb
163.81919 76.94932 0.30014 -0.84181 -0.44864 eb
164.48155 49.85254 0.44943 -0.56408 -0.69269 eb
164.89536 60.77926 0.73270 -0.61112 -0.29948 eb
165.34765 62.92894 -0.04059 0.20647 -0.97761 eb
166.00990 57.87505 -0.59491 -0.79893 -0.08828 eb
166.63172 22.82912 0.37400 0.90843 0.18676 eb
167.90789 80.23847 0.16304 0.14284 -0.97622 eb
168.54791 45.27031 0.44620 -0.80330 -0.39448 eb
169.27388 39.81839 -0.47956 0.82293 -0.30463 eb
169.63461 26.09956 -0.34173 0.67580 -0.65308 eb
169.65317 62.27640 -0.34931 -0.16872 -0.92169 eb
170.08111 36.78656 -0.84478 0.51305 0.15207 eb
170.53628 57.13990 -0.79623 0.52475 0.30107 eb
171.79421 29.34692 0.76912 0.63610 0.06188 eb
172.21205 66.39891 0.98051 0.14782 -0.12939 eb
172.32848 42.59343 -0.87528 -0.38066 -0.29830 eb
172.66223 48.90425 -0.84277 -0.12011 -0.52471 eb
172.85413 96.36420 -0.40946 -0.90934 -0.07372 eb
173.85586 72.59660 0.05485 -0.89917 -0.43414 eb
174.76287 58.75581 -0.74233 0.64092 -0.19536 eb
176.11557 33.40310 -0.36861 0.68518 -0.62822 eb
176.62343 42.49281 0.06733 0.62043 0.78136 eb
176.98065 50.54449 -0.16719 -0.54716 0.82016 eb
177.13171 37.13611 0.94774 -0.18555 -0.25954 eb
177.76447 34.52208 -0.62951 0.73383 0.25537 eb
177.78785 93.13793 0.46902 -0.87567 -0.11499 eb
178.38969 28.68818 0.63940 0.03614 -0.76802 eb
178.63665 31.34047 0.02617 0.90560 -0.42332 eb
178.72305 59.44247 0.29318 0.88708 0.35657 eb
179.32516 26.00324 0.18494 0.68315 -0.70647 eb
180.22476 42.94104 -0.54580 0.82703 0.13464 eb
180.32889 41.44474 -0.26409 -0.82576 -0.49837 eb
180.44626 45.72830 -0.90981 -0.41356 0.03486 eb
181.01341 63.65535 0.84964 0.46703 0.24493 eb
181.49322 46.41509 -0.06318 0.05968 -0.99622 eb
182.25683 21.82670 -0.64363 0.63314 -0.42996 eb
182.57015 33.44662 0.31335 -0.79542 -0.51877 eb
183.54288 21.67046 0.45506 0.87505 -0.16495 eb
184.16821 38.54475 -0.72672 0.66361 0.17748 eb
184.20278 79.98040 -0.00246 0.39603 -0.91824 eb
184.40604 65.12351 -0.36443 0.07847 -0.92792 eb
185.89402 67.35343 0.38121 0.92037 -0.08713 eb
185.92423 45.23065 0.60423 0.66136 -0.44442 eb
186.66817 28.24679 0.12710 -0.21072 -0.96925 eb
186.73930 58.24553 -0.51072 -0.85924 -0.02954 eb
187.70221 49.10237 0.63874 0.55668 0.53115 eb
187.84856 23.61167 -0.51049 0.61189 -0.60415 eb
187.89054 43.38655 -0.04311 0.64619 -0.76196 eb
187.97809 49.92761 -0.34728 -0.93769 0.01194 eb
189.05414 76.24145 -0.81343 -0.52537 0.24963 eb
189.33189 39.48333 -0.30007 -0.58621 -0.75254 eb
190.39443 37.60693 -0.48625 0.74118 -0.46283 eb
190.73818 80.51372 0.61039 -0.22441 -0.75965 eb
191.42999 63.66783 0.48680 -0.80001 -0.35072 eb
191.60230 55.01857 0.82481 0.38662 -0.41257 eb
192.11362 36.33297 0.26339 -0.60083 0.75474 eb
193.50974 47.34043 0.04975 -0.98830 -0.14421 eb
193.83388 35.95129 -0.83464 -0.22808 0.50136 eb
195.20148 58.44349 -0.23098 -0.95382 -0.19204 eb
195.32089 35.85825 -0.27588 -0.68414 -0.67516 eb
195.78191 53.28727 0.75417 0.34122 -0.56107 eb
195.97424 52.13693 -0.33291 0.69755 -0.63451 eb
196.08537 25.54347 0.95581 -0.24459 -0.16310 eb
196.47370 80.75701 -0.40544 -0.78355 0.47082 eb
196.53446 85.43323 -0.68729 -0.04610 -0.72491 eb
196.71007 53.42041 0.61990 0.27513 -0.73487 eb
197.00739 25.47567 -0.44907 0.83237 -0.32482 eb
197.64082 56.10857 -0.16729 -0.54617 -0.82080 eb
198.64415 53.61298 -0.73007 -0.28039 -0.62320 eb
199.08226 50.75284 -0.87801 0.36128 0.31398 eb
199.29317 82.14918 0.99508 -0.07854 -0.06032 eb
199.37800 29.80951 0.36632 0.16669 -0.91543 eb
199.89758 22.99444 0.04034 0.97139 -0.23404 eb
201.06555 62.21062 -0.23446 0.93984 0.24845 eb
201.17100 58.38442 -0.31787 0.81803 0.47936 eb
201.38198 53.28005 -0.59714 0.79275 -0.12235 eb
202.69224 98.07416 0.46215 -0.04814 0.88550 eb
203.69886 58.34788 0.52624 -0.84932 0.04161 eb
204.76605 42.71968 -0.98584 0.05145 -0.15963 eb
205.75166 30.09596 -0.88336 -0.07988 -0.46184 eb
205.93150 55.45644 0.30617 0.53491 -0.78749 eb
206.17549 69.69778 -0.78837 -0.56629 -0.24039 eb
207.65347 28.01592 0.34795 -0.71590 0.60532 eb
208.67230 71.74210 0.21101 -0.07890 -0.97429 eb
209.23404 46.85296 0.31688 -0.82973 -0.45948 eb
209.36109 55.88347 0.38480 -0.05715 0.92123 eb
209.91334 52.91811 0.54400 -0.37729 0.74948 eb
211.73691 62.01219 0.56002 -0.82829 -0.01771 eb
211.73997 68.01489 0.48484 0.25120 -0.83775 eb
213.05421 43.43625 -0.02092 -0.79362 0.60805 eb
215.79347 34.64584 0.51800 0.18806 -0.83445 eb
218.80859 49.87591 -0.34797 0.78721 -0.50914 eb
219.13160 31.52102 0.33039 0.12895 -0.93499 eb
219.40498 40.42452 0.71143 0.08987 -0.69699 eb
219.54982 48.97350 0.82650 0.41076 -0.38493 eb
220.14159 29.38706 0.44935 0.88810 -0.09680 eb
222.98890 61.22569 0.05199 0.92592 -0.37412 eb
224.01098 68.53085 -0.11816 -0.29200 -0.94909 eb
224.18846 34.36412 -0.55919 0.81919 -0.12741 eb
225.02063 53.11246 0.69824 0.71445 -0.04499 eb
225.19404 59.15799 -0.14632 -0.94264 -0.30002 eb
226.15383 22.36332 0.20956 0.70617 0.67632 eb
226.64318 56.83197 0.32913 0.89142 -0.31154 eb
226.73869 38.82055 -0.25117 -0.69964 -0.66889 eb
226.89750 98.72070 -0.86459 -0.43329 -0.25444 eb
228.00554 89.23130 0.35575 -0.70086 -0.61825 eb
228.63150 42.84567 0.68088 -0.67321 -0.28844 eb
228.77911 69.47352 -0.12573 0.66539 -0.73583 eb
230.75310 21.25109 -0.16553 -0.71827 0.67579 eb
231.35581 51.52352 -0.08796 -0.85635 -0.50885 eb
233.20013 30.24793 -0.75358 0.65674 0.02846 eb
235.29663 81.84743 -0.51571 0.47431 -0.71350 eb
235.34119 72.68468 -0.76151 0.03853 -0.64701 eb
235.44590 65.28453 0.01694 0.78778 -0.61573 eb
236.27191 87.88191 -0.44773 0.47305 -0.75879 eb
237.52585 33.47451 -0.27714 -0.83813 -0.46983 eb
237.67025 36.15265 0.59678 0.79985 0.06401 eb
238.69930 84.92288 0.77351 -0.43183 -0.46390 eb
239.67809 86.45566 0.81624 -0.23468 0.52790 eb
240.38388 33.90152 0.15246 0.81581 -0.55786 eb
240.66022 52.30680 -0.35351 -0.77276 -0.52715 eb
242.17324 60.74830 -0.12534 0.86423 -0.48723 eb
243.48989 66.63108 0.27020 -0.87275 -0.40656 eb
244.16532 55.08655 -0.37382 0.67919 -0.63164 eb
244.74564 49.47545 -0.90374 0.05696 -0.42427 eb
244.96422 38.33812 -0.23663 -0.95673 0.16932 eb
245.61659 50.27185 0.54032 -0.06157 0.83920 eb
245.98337 26.55382 0.35092 -0.59852 -0.72016 eb
249.39430 48.28078 -0.21862 -0.92314 0.31626 eb
250.25135 41.15424 -0.24410 0.10862 0.96365 eb
250.81619 35.71183 0.61627 0.77292 -0.15101 eb
251.57122 29.94599 -0.45944 -0.87796 0.13455 eb
253.06679 53.65243 -0.28397 0.94328 -0.17197 eb
253.50883 28.61093 0.56341 -0.38603 -0.73045 eb
253.60060 57.50914 0.20565 0.92686 0.31408 eb
254.08336 63.64424 0.09411 0.38868 -0.91655 eb
254.26462 73.39046 -0.78731 -0.36976 -0.49338 eb
255.00053 49.66578 0.66413 -0.50995 -0.54670 eb
256.21973 69.15234 -0.37928 -0.84459 -0.37790 eb
256.46524 72.53625 0.70004 -0.19835 -0.68600 eb
257.56623 35.21453 -0.04840 0.34154 -0.93862 eb
257.62766 45.62680 0.13184 0.61852 -0.77463 eb
257.97795 51.39534 -0.76510 0.58615 -0.26653 eb
258.50655 52.73049 0.29632 -0.85287 -0.42989 eb
258.99737 49.11965 -0.59155 0.80297 0.07290 eb
259.80287 24.76434 -0.85877 -0.42174 -0.29094 eb
259.85472 42.43872 -0.00207 -0.99053 -0.13726 eb
260.46314 42.39581 -0.66941 -0.32434 -0.66835 eb
260.84574 33.66998 -0.42935 0.81744 -0.38399 eb
261.70597 58.98317 -0.57160 -0.79391 -0.20730 eb
261.83352 50.64876 0.62010 -0.67279 -0.40352 eb
263.78029 35.39804 -0.74861 -0.65968 -0.06635 eb
264.17448 74.25054 0.49853 -0.32704 -0.80282 eb
264.48260 92.47133 -0.00354 0.82692 -0.56230 eb
265.33686 65.34557 0.71988 0.46014 -0.51965 eb
266.29320 60.99266 0.75189 -0.23590 0.61564 eb
266.38635 25.77626 -0.09457 -0.94547 -0.31167 eb
266.49462 49.27001 -0.15676 0.34799 -0.92430 eb
267.08951 36.88958 0.39844 0.52827 -0.74978 eb
269.20230 31.37362 -0.76461 -0.61024 -0.20730 eb
269.58984 40.31662 0.39778 -0.49205 -0.77438 eb
269.75685 71.91677 0.24549 -0.96240 -0.11625 eb
270.06081 36.35240 -0.14138 -0.16401 -0.97627 eb
270.08636 50.72406 0.75780 -0.63005 -0.16967 eb
270.61425 71.47041 -0.02259 0.24500 -0.96926 eb
270.72905 30.47675 -0.72339 0.64814 -0.23795 eb
271.02089 66.78605 0.78964 -0.50404 -0.34987 eb
272.31545 93.90012 -0.52376 -0.23739 -0.81812 eb
272.82799 47.93263 -0.93517 0.29927 0.18944 eb
272.85048 28.64712 -0.72277 -0.63354 -0.27609 eb
272.99720 27.67793 -0.82902 -0.48811 0.27290 eb
273.12325 49.82519 -0.70212 -0.06958 0.70865 eb
273.14963 45.22305 -0.27453 0.27653 -0.92096 eb
273.22851 50.30713 0.30898 -0.08470 -0.94729 eb
273.34882 48.64930 0.55906 0.33600 0.75799 eb
273.78239 58.35102 0.07824 -0.77908 -0.62202 eb
273.84161 28.38771 0.55239 0.09134 0.82857 eb
274.17955 58.14996 0.21116 -0.97511 -0.06760 eb
275.01440 71.83670 -0.67326 0.56777 0.47367 eb
275.55745 26.57338 0.96459 -0.11080 -0.23937 eb
276.33031 41.33430 -0.18056 -0.41953 -0.88960 eb
276.56961 81.36178 0.97031 -0.10142 -0.21958 eb
277.63700 65.47683 -0.96299 -0.02934 -0.26795 eb
278.00879 67.28325 0.40371 0.12261 -0.90663 eb
278.24297 66.91592 -0.16641 -0.95523 0.24464 eb
278.85841 45.39459 -0.83318 -0.42932 0.34856 eb
279.08831 83.12767 0.67128 0.49747 -0.54946 eb
280.88353 52.28506 -0.25523 -0.93447 -0.24824 eb
280.88427 33.89040 0.20626 0.97820 0.02431 eb
281.05502 31.39237 0.84206 -0.53523 -0.06684 eb
281.45033 45.05090 -0.99434 0.00500 -0.10610 eb
281.61592 36.86586 -0.73640 0.66718 -0.11216 eb
281.77037 49.99367 0.81401 -0.39331 -0.42744 eb
281.82605 54.51724 0.54405 0.37856 -0.74881 eb
282.05056 22.16799 0.57112 0.70942 -0.41298 eb
283.71400 48.61795 0.42303 0.83104 0.36112 eb
284.65667 88.41407 0.14885 0.84091 -0.52030 eb
285.29557 28.29236 -0.68246 -0.24566 0.68840 eb
286.76532 58.81191 0.59998 0.46362 -0.65198 eb
286.94011 19.24328 0.22320 -0.82688 -0.51618 eb
287.21968 50.05352 -0.80751 0.30842 0.50280 eb
287.51305 52.43799 -0.20197 0.87970 -0.43050 eb
287.60315 54.13347 -0.83580 0.24913 -0.48925 eb
289.24313 47.37026 0.52520 0.07341 -0.84781 eb
290.14046 51.20588 -0.48928 -0.86258 0.12871 eb
291.11424 39.62604 -0.95956 -0.25698 0.11489 eb
291.90219 48.64196 -0.64369 -0.76500 -0.02106 eb
292.47421 31.08923 0.28910 -0.80931 -0.51131 eb
292.58097 83.12094 0.14680 -0.03801 -0.98844 eb
293.66277 79.50649 -0.42293 0.74431 0.51686 eb
294.27731 51.48328 0.05939 0.87582 -0.47897 eb
294.66983 56.08028 -0.11440 0.73642 0.66678 eb
294.70482 88.65895 0.68352 -0.30391 -0.66366 eb
294.89492 36.99606 0.53177 -0.36018 -0.76648 eb
295.01265 98.55450 -0.21500 0.97289 -0.08517 eb
295.26674 50.78356 -0.97665 -0.17564 -0.12375 eb
296.47463 20.87324 -0.23017 0.97016 0.07622 eb
296.84299 65.30689 -0.99905 0.04096 -0.01483 eb
297.27377 68.12214 0.55956 0.53368 -0.63410 eb
298.60204 59.67726 -0.30419 0.72820 0.61415 eb
298.83741 42.50508 -0.63063 -0.14048 -0.76326 eb
298.90766 76.98506 0.67104 -0.64467 -0.36621 eb
300.42185 33.47933 0.35530 -0.37563 0.85596 eb
300.56539 65.43966 -0.97748 -0.10561 0.18269 eb
300.59553 37.19983 -0.42834 -0.90308 0.03103 eb
301.18105 83.54063 -0.02527 -0.53736 -0.84298 eb
301.93805 77.01732 -0.99488 0.08601 -0.05311 eb
302.23554 45.75408 0.96825 0.24992 0.00507 eb
302.66120 53.91742 0.23921 0.96802 -0.07564 eb
303.49750 40.23262 0.41917 0.06635 0.90548 eb
304.48124 99.17535 0.43842 -0.68089 -0.58667 eb
305.76322 50.21545 -0.19947 0.81443 -0.54490 eb
305.87765 85.17048 0.12512 -0.99128 0.04137 eb
307.05674 32.18932 -0.27732 -0.95984 -0.04231 eb
307.17927 39.82801 0.91844 0.39030 -0.06433 eb
307.28165 68.43059 0.79792 -0.60248 -0.01867 eb
311.03388 79.43370 0.72312 -0.51774 -0.45722 eb
311.27932 78.07907 0.20430 0.83895 -0.50441 eb
311.34917 50.38560 0.35573 0.84132 0.40699 eb
312.35085 96.58083 -0.68800 0.50175 0.52431 eb
312.85214 39.17107 0.46234 0.32677 -0.82429 eb
313.28552 25.20795 -0.97945 -0.19431 -0.05413 eb
314.08677 66.31703 0.30827 0.42043 -0.85335 eb
314.56681 69.76426 0.87481 0.05996 0.48073 eb
314.89903 34.61653 -0.52124 -0.14809 -0.84046 eb
315.40442 59.88763 0.38407 -0.89822 0.21376 eb
316.17229 66.42169 -0.56685 -0.62772 -0.53353 eb
316.50327 51.27142 0.79612 -0.60220 0.05955 eb
316.79482 31.09084 -0.61198 0.60574 -0.50848 eb
317.07650 50.05664 0.83247 -0.07471 0.54902 eb
317.54476 36.34144 0.79072 0.00903 -0.61211 eb
318.04246 89.68585 0.78858 -0.04871 -0.61300 eb
318.13393 35.73980 0.86558 0.18587 0.46499 eb
318.53488 33.60422 0.81689 0.48976 -0.30468 eb
319.13552 31.16921 0.92586 -0.05341 0.37408 eb
320.31934 86.35344 0.61075 0.61268 0.50161 eb
320.61066 48.50977 0.63508 -0.59917 -0.48752 eb
320.98430 77.66142 0.00482 -0.40294 -0.91521 eb
321.13354 47.53165 0.07811 -0.40155 -0.91250 eb
321.72869 51.47712 -0.87151 0.27169 -0.40824 eb
323.27981 36.56752 0.17068 -0.93084 -0.32311 eb
324.25691 74.39623 0.51896 -0.43789 -0.73412 eb
324.64203 50.26309 -0.57133 -0.00760 -0.82069 eb
325.11147 38.44335 0.01402 0.42097 -0.90697 eb
325.27981 58.49928 0.63508 0.74338 0.20991 eb
325.73812 53.24726 0.64928 -0.21164 0.73051 eb
326.02506 59.10950 -0.92118 -0.38331 -0.06714 eb
326.28902 46.38723 -0.09601 -0.97329 -0.20853 eb
327.61906 55.72134 0.91401 0.29025 -0.28344 eb
327.83993 52.34186 -0.73539 -0.63924 -0.22488 eb
328.00182 33.86258 0.51511 0.34780 -0.78339 eb
328.40877 37.39608 0.52176 0.82521 -0.21631 eb
328.50673 37.33268 -0.73730 -0.36049 0.57135 eb
328.94724 44.01122 -0.06224 0.80653 0.58790 eb
329.16325 46.49748 0.47711 -0.24536 -0.84390 eb
330.10884 33.60687 -0.06857 -0.54182 -0.83769 eb
330.25452 56.24890 -0.89892 0.27447 0.34147 eb
330.69270 71.51509 -0.60995 -0.76873 -0.19237 eb
331.66248 58.52360 0.91177 -0.11996 -0.39280 eb
332.00404 25.67315 0.87939 0.29482 0.37384 eb
332.47369 66.13710 -0.92429 -0.09879 -0.36870 eb
332.57948 39.53480 0.40792 -0.05626 0.91128 eb
332.90914 81.03023 -0.92111 0.06620 -0.38364 eb
335.82378 79.01075 -0.60235 -0.12722 -0.78803 eb
336.02407 48.37181 -0.46676 0.40014 -0.78868 eb
336.20921 60.67472 -0.20945 0.32200 0.92328 eb
336.50100 82.30367 -0.43418 -0.87749 -0.20372 eb
337.02664 64.89546 -0.39742 0.50635 -0.76529 eb
337.07847 45.31371 0.83025 -0.33712 -0.44389 eb
337.86359 69.36790 0.50889 0.32337 -0.79779 eb
338.92019 57.81061 0.82460 0.52448 0.21202 eb
339.05367 57.40697 -0.98562 -0.12339 -0.11544 eb
339.09890 59.18269 -0.69248 -0.71920 -0.05679 eb
339.50708 36.57916 -0.61084 -0.72192 -0.32513 eb
341.47636 54.93403 0.64914 -0.42783 -0.62895 eb
342.11284 30.30010 0.11486 -0.83548 -0.53738 eb
342.29691 46.78798 -0.62253 0.61541 0.48345 eb
342.81490 74.66010 0.01286 0.80639 -0.59124 eb
342.95350 52.73780 0.15418 -0.43614 -0.88657 eb
342.99833 44.31585 -0.89418 0.02860 0.44678 eb
343.02656 93.73739 -0.28151 0.88568 0.36923 eb
344.92476 43.73816 0.05320 -0.90553 0.42094 eb
345.17186 42.05514 -0.94051 -0.33202 0.07208 eb
347.28967 67.71691 0.30058 -0.58671 -0.75194 eb
349.66568 57.15090 0.69676 -0.20235 -0.68817 eb
349.75669 35.16781 -0.49344 -0.86681 -0.07176 eb
350.19129 72.41306 0.61411 -0.00432 -0.78921 eb
350.50088 45.31575 -0.53099 -0.84581 -0.05152 eb
350.50718 47.62944 -0.84279 0.11594 -0.52561 eb
350.62977 50.07054 -0.39251 0.91013 0.13267 eb
351.72930 90.86047 0.22119 -0.09226 -0.97086 eb
352.56923 38.10982 -0.87970 0.20206 -0.43046 eb
353.02602 22.15092 0.73607 -0.26147 0.62436 eb
353.14285 72.19497 -0.82283 -0.50229 -0.26582 eb
353.22271 35.62385 -0.67283 0.43837 0.59593 eb
354.38868 58.02416 -0.78403 -0.59443 0.17877 eb
354.64942 62.64726 0.85510 -0.02200 -0.51800 eb
355.57324 33.32293 0.30650 0.67598 0.67015 eb
356.35548 41.45183 0.29120 -0.82375 -0.48645 eb
357.71571 87.07049 0.38907 0.79852 -0.45933 eb
358.15834 54.62167 -0.60268 -0.74305 0.29096 eb
358.24580 47.17915 0.79362 -0.40910 -0.45034 eb
359.06731 77.81346 0.03947 -0.99795 0.05039 eb
359.30883 85.01858 -0.09166 -0.40366 -0.91031 eb
361.67116 51.23621 0.42121 -0.72400 -0.54626 eb
362.77296 26.75752 0.44821 0.61251 -0.65111 eb
364.17982 54.80966 0.39378 0.32130 -0.86122 eb
364.73675 86.41429 -0.47818 -0.58783 -0.65253 eb
365.39619 58.34276 -0.70841 -0.69377 -0.12977 eb
370.74698 90.98323 0.66152 -0.69022 -0.29324 eb
371.23114 50.55711 0.11598 0.07524 -0.99040 eb
372.57707 63.25076 -0.30316 0.06737 -0.95055 eb
373.63326 55.59834 -0.82669 0.55366 0.10027 eb
376.02917 42.53659 0.25910 -0.83692 0.48211 eb
376.93234 32.57893 0.46271 -0.36573 -0.80755 eb
378.67842 47.16211 0.69986 0.70586 -0.10934 eb
380.62271 24.06851 -0.30584 0.91433 0.26545 eb
381.92042 31.02557 -0.90311 0.27739 -0.32780 eb
384.43284 36.84731 -0.44328 -0.29091 -0.84786 eb
384.82160 71.76484 0.16582 -0.95074 0.26191 eb
385.60334 57.43069 0.47878 0.85829 -0.18469 eb
386.28896 44.12554 -0.16239 0.75776 0.63201 eb
390.82950 45.37974 0.86066 -0.48831 -0.14427 eb
393.26241 61.41606 0.54677 -0.38895 -0.74146 eb
393.82662 67.12094 0.65732 0.27495 -0.70167 eb
396.29986 44.03999 -0.55278 0.28284 0.78386 eb
397.60691 59.88556 0.96238 0.26939 -0.03533 eb
403.38932 25.69869 0.45712 -0.86614 -0.20212 eb
404.19538 73.74127 -0.17657 -0.83293 -0.52445 eb
405.59351 33.55561 0.04330 0.46764 -0.88286 eb
406.32004 48.68275 -0.61477 0.67017 0.41585 eb
415.54522 45.85774 -0.82945 -0.53160 -0.17150 eb
427.15860 37.34707 -0.04531 -0.92878 0.36785 eb
435.43058 93.31882 0.66777 -0.71951 -0.19078 eb
435.47246 31.43966 -0.31728 0.69245 -0.64796 eb
438.60228 61.49065 0.16687 -0.74544 -0.64535 eb
451.72787 39.51849 -0.58660 0.64387 -0.49126 eb
463.56586 57.10946 -0.89308 -0.16116 -0.42004 eb
474.27592 40.69223 -0.91891 0.28168 0.27616 eb
488.07888 37.90430 -0.70414 -0.27308 0.65545 eb
488.14418 43.85148 -0.90002 -0.04469 -0.43354 eb
499.96551 31.62951 -0.65620 0.48081 -0.58157 eb
500.62440 33.09704 -0.85668 -0.41703 0.30362 eb
530.00477 52.47301 -0.88680 0.25899 0.38278 eb
538.59472 74.72556 -0.32835 -0.87499 0.35579 eb
579.25327 33.30594 -0.94473 0.21032 -0.25152 eb
582.60110 28.82733 -0.15709 0.78600 0.59794 eb
608.41066 30.17878 -0.90256 -0.28159 0.32572 eb
618.91759 34.70614 -0.37917 -0.83577 -0.39715 eb
643.39902 34.63533 -0.04803 -0.99876 0.01309 eb
675.06722 40.46644 -0.86942 -0.27937 0.40751 eb
683.49063 47.65779 -0.95211 -0.12527 0.27891 eb
730.52580 25.90670 0.33932 -0.21887 0.91486 eb
761.10059 26.77210 0.71728 -0.38474 0.58093 eb
801.68163 31.85207 0.77398 -0.08806 -0.62706 eb
811.19678 41.40510 -0.99278 -0.09801 -0.06919 eb
847.20591 27.22151 0.31218 0.21415 -0.92557 eb
886.10073 35.22800 -0.10470 -0.98870 0.10729 eb
887.16035 51.79554 -0.07431 -0.65755 -0.74974 eb
913.28578 39.42668 0.42796 -0.28408 -0.85799 eb
971.84068 59.79768 -0.28423 0.05048 -0.95743 eb
1022.18108 40.88198 -0.64945 -0.63884 0.41243 eb
1061.66593 29.05403 -0.90688 -0.24520 -0.34271 eb
1082.42206 38.77098 0.12610 0.65846 -0.74198 eb
1100.23478 67.15985 0.87220 0.45662 0.17542 eb
1123.60873 19.89782 0.13628 -0.40476 -0.90421 eb
1176.00471 27.30963 0.52291 -0.81173 0.26010 eb
1230.16692 47.17141 0.47971 0.55975 -0.67569 eb
1270.13988 24.11875 -0.74324 0.66640 0.05921 eb
1277.91035 35.52676 0.29567 -0.09401 -0.95065 eb
1298.10532 33.28540 0.32251 -0.74972 0.57785 eb
1354.43853 37.40163 -0.06107 -0.99026 0.12515 eb
1366.86531 26.12322 0.14163 0.07164 0.98732 eb
1367.49416 30.98373 -0.71388 -0.49787 0.49245 eb
1505.69351 17.69588 0.33088 0.34566 -0.87808 eb
1540.66151 25.86983 -0.61103 -0.67167 -0.41893 eb
1616.40495 44.27792 0.25696 0.87749 -0.40495 eb
1690.83474 31.50979 -0.97910 0.14952 -0.13787 eb
1755.23059 34.40433 -0.04766 -0.92367 -0.38022 eb
1769.55922 22.02652 -0.42435 0.66300 -0.61674 eb
1827.28922 37.57204 0.82584 -0.47315 0.30679 eb
1943.59360 26.70657 0.69108 -0.32095 0.64761 eb
2018.68010 49.89299 -0.53189 -0.84422 -0.06630 eb
2175.94626 33.61229 0.72840 -0.63030 -0.26862 eb
2188.01520 26.59675 -0.32409 0.87886 0.35010 eb
2616.91735 41.91255 0.08876 0.15957 -0.98319 eb
2622.32436 34.71763 0.60755 0.32193 0.72612 eb
2877.91039 21.93558 -0.80156 -0.08506 0.59184 eb
2951.34122 30.79885 -0.95611 -0.26819 0.11802 eb
3526.47826 32.85790 -0.20487 -0.48204 -0.85186 eb
3544.17490 31.44924 0.43289 -0.57435 -0.69479 eb
3599.54563 22.35784 0.70177 -0.09018 -0.70668 eb
3880.62129 28.58698 -0.28784 -0.06004 -0.95579 eb
3903.14607 20.45557 0.45886 0.08895 -0.88404 eb
4144.13373 37.66461 -0.33134 0.47684 0.81415 eb
4284.99475 36.21158 0.60848 -0.74470 -0.27420 eb
4622.12526 29.23518 -0.35199 -0.93227 -0.08353 eb
4912.57748 30.81549 -0.74692 -0.29332 -0.59672 eb
4956.50131 32.06672 0.73362 -0.09780 -0.67249 eb
5680.07826 23.43887 0.35998 0.39037 -0.84737 eb
6608.59683 18.99146 0.44010 0.24774 0.86310 eb
7072.76402 36.64261 -0.65483 -0.16738 -0.73701 eb
10545.19889 28.82912 -0.86382 0.19287 0.46543 eb
11378.27707 25.05962 0.69448 -0.71476 -0.08261 eb
12350.49419 22.25575 -0.34953 0.16751 -0.92183 eb
13188.54457 32.11019 -0.73545 -0.63270 -0.24248 eb
16966.85743 47.39558 -0.78552 0.05040 -0.61678 eb
19701.33536 26.67199 -0.72582 0.44416 -0.52527 eb
