11.00775 5.22718 0.51405 0.03409 0.85708 e
13.80710 34.55830 0.14860 0.00183 0.98890 eb
18.28030 40.38721 0.02558 -0.10824 0.99380 e
21.80750 22.82925 0.05311 -0.04086 0.99775 x
23.16616 60.01493 -0.10664 0.24997 0.96236 e
23.19096 20.45770 0.34975 0.08992 0.93252 e
24.83535 50.13168 -0.13787 0.31194 0.94004 eb
24.83818 84.40384 -0.01683 0.00885 0.99982 x
26.83552 23.09959 0.28458 -0.05753 0.95692 eb
26.97116 24.74894 -0.16137 -0.12742 0.97863 x
27.42777 17.89527 0.54299 0.02707 0.83931 xb
28.00087 25.70898 0.08441 0.03301 0.99588 e
28.70780 58.04316 0.05190 0.01363 0.99856 x
30.50002 18.03014 -0.07366 0.32004 0.94454 e
31.35802 13.96760 -0.15536 -0.21850 0.96339 e
31.60253 13.53558 -0.05198 0.52907 0.84698 e
31.79679 45.78640 -0.28494 0.24436 0.92688 eb
32.66810 30.03553 -0.25766 0.12864 0.95764 e
33.09145 39.17121 -0.50478 -0.16433 0.84746 eb
33.31072 8.33188 -0.84559 0.21320 0.48941 eb
33.51362 18.29493 -0.19902 0.05312 0.97855 e
34.32106 15.23619 0.10341 0.54406 0.83265 eb
34.75432 62.54268 0.08563 0.01031 0.99627 e
34.97568 32.95227 -0.15210 0.07571 0.98546 e
35.40813 77.06847 -0.14594 0.14649 0.97839 xb
36.27340 86.12445 0.04792 0.01006 0.99880 e
36.53240 6.27481 -0.52330 -0.24883 0.81501 xb
37.29661 72.11353 0.14313 0.08947 0.98565 eb
37.95022 25.62798 0.19603 -0.04191 0.97970 e
38.48383 34.68721 0.21869 -0.17981 0.95908 e
39.47550 24.41396 0.05251 0.03151 0.99812 e
39.63298 36.15449 0.20977 -0.14747 0.96657 x
39.68961 18.33804 0.08427 -0.42780 0.89994 xb
39.74298 21.13138 0.16986 -0.15597 0.97305 eb
39.89392 8.11651 -0.28863 -0.02097 0.95721 e
40.12229 6.31009 0.02107 0.22059 0.97514 x
40.92679 12.12510 -0.12607 -0.02703 0.99165 xb
41.35327 22.72561 -0.02273 -0.30846 0.95097 eb
41.79844 5.13642 -0.63487 0.24343 0.73327 e
42.33845 57.00886 0.15021 0.45760 0.87638 eb
42.48623 7.28801 -0.07348 -0.52023 0.85086 xb
42.48788 12.95127 -0.14106 0.18190 0.97315 x
42.57485 6.76772 -0.04070 0.02944 0.99874 e
42.76252 49.18849 -0.14006 0.19531 0.97069 xb
43.22817 17.88795 0.03111 0.28525 0.95795 eb
43.52458 28.99607 0.11058 0.01360 0.99377 x
44.47435 12.06873 -0.04521 0.02790 0.99859 x
44.57008 13.65979 0.01334 0.21504 0.97651 e
45.70120 59.34164 -0.05295 -0.17629 0.98291 x
46.45949 21.13579 0.11858 -0.14512 0.98228 e
46.51113 16.45109 0.19542 -0.15637 0.96817 e
47.31607 18.31620 0.22200 0.32948 0.91769 xb
47.81989 14.22692 0.28640 -0.44909 0.84634 eb
48.16138 13.40207 -0.08630 -0.53126 0.84280 e
48.51754 10.80059 -0.27767 0.13462 0.95120 e
48.51956 51.10863 -0.14431 0.12420 0.98171 e
48.57303 50.62315 0.18572 -0.12007 0.97524 eb
50.63452 39.46702 -0.17688 0.25346 0.95104 e
51.28009 26.44311 0.10010 0.23144 0.96769 e
51.99335 25.32806 0.56004 -0.29837 0.77287 e
52.17906 25.28501 -0.06170 0.04275 0.99718 e
52.50833 5.41880 0.31247 -0.37727 0.87180 e
52.98865 17.41254 0.27496 0.35845 0.89214 e
53.46461 21.79231 0.02047 -0.15570 0.98759 e
54.04913 27.38827 0.08082 0.11013 0.99063 e
54.06292 41.49814 0.14394 -0.00175 0.98958 e
54.13440 13.48322 -0.35454 0.30050 0.88544 e
55.36571 27.64329 0.00606 -0.10748 0.99419 e
55.45667 27.14078 0.12176 -0.17791 0.97648 e
56.57507 14.83727 -0.01663 -0.33306 0.94276 e
56.57744 84.56962 -0.01081 0.01041 0.99989 xb
58.02454 26.25897 0.24371 0.04255 0.96891 x
58.66114 32.84338 0.01443 0.55569 0.83126 e
59.02902 14.04993 -0.31931 0.26085 0.91104 e
59.29912 19.53115 -0.31438 0.00622 0.94928 e
59.51182 18.99500 0.11507 -0.26884 0.95629 eb
59.52083 7.85793 0.06792 -0.06427 0.99562 e
60.10085 22.13247 -0.03679 -0.04145 0.99846 e
60.14871 12.20450 0.46154 0.21093 0.86168 eb
60.64574 60.80517 -0.03795 0.23299 0.97174 xb
60.64856 19.59564 -0.04087 -0.05121 0.99785 e
60.80681 62.01307 -0.02676 0.03790 0.99892 xb
61.15145 15.88612 -0.12798 0.01591 0.99165 e
61.46757 12.95939 0.73358 0.27019 0.62359 xb
61.53381 25.27465 0.04375 -0.01074 0.99898 x
62.14079 9.31464 -0.26287 -0.46612 0.84477 eb
62.87998 39.40923 0.02647 -0.07552 0.99679 e
62.97161 15.77171 -0.17934 -0.19043 0.96518 eb
63.05622 26.53873 -0.10331 0.30556 0.94655 eb
63.17265 17.83028 -0.10749 -0.15262 0.98242 e
64.17322 29.34915 -0.27321 -0.02268 0.96169 eb
64.30938 9.51114 -0.32840 -0.09362 0.93989 e
64.40801 17.43746 0.02825 0.16384 0.98608 eb
64.86226 64.59817 -0.04435 -0.02844 0.99861 e
65.22585 38.31079 0.20998 -0.45428 0.86576 x
65.39269 84.52687 -0.08609 -0.12475 0.98845 xb
66.47129 22.48416 -0.09424 0.07870 0.99243 e
67.37214 25.81662 0.34923 0.10397 0.93125 e
68.42623 21.30912 -0.40764 0.08499 0.90918 xb
69.42529 70.12435 0.13127 -0.01504 0.99123 e
69.61684 8.60159 -0.07002 0.27374 0.95925 xb
70.71669 36.41726 -0.71894 0.50059 0.48223 e
71.10931 31.59033 0.19492 0.15762 0.96807 e
71.14490 27.11301 -0.32133 0.19627 0.92641 e
71.24007 37.37133 0.05680 0.00986 0.99834 e
71.68792 16.22134 -0.00638 -0.13355 0.99102 xb
71.98984 33.45517 -0.05580 -0.03496 0.99783 e
73.51737 26.23009 0.18862 -0.05212 0.98067 e
73.61151 10.10884 -0.19745 -0.38864 0.89999 eb
73.68373 27.81681 0.03060 0.25268 0.96706 eb
73.69378 39.32110 -0.16534 -0.00926 0.98619 e
73.89799 13.41795 -0.11054 -0.22551 0.96795 e
73.97980 11.50602 -0.51412 -0.36380 0.77675 xb
74.11898 23.60257 0.02483 -0.11875 0.99261 eb
74.25835 35.95029 -0.11462 0.06072 0.99155 e
74.71300 9.42395 -0.20770 -0.01229 0.97812 x
74.72369 41.52091 -0.40530 0.45614 0.79226 e
75.01292 26.49089 -0.00638 -0.33461 0.94233 xb
75.46806 74.57008 0.15012 0.02942 0.98823 e
75.74250 91.00691 0.03716 0.10178 0.99411 e
76.78511 17.86912 0.21046 -0.15498 0.96524 e
76.98366 38.79578 -0.04265 0.23078 0.97207 e
77.27712 14.91711 -0.13736 -0.13299 0.98155 e
77.32914 21.22536 0.25653 0.02362 0.96625 eb
77.69152 47.96172 0.04822 -0.25864 0.96477 e
78.46912 20.57297 0.00156 0.02546 0.99967 eb
78.54707 67.74046 -0.01538 -0.33947 0.94049 e
79.17808 25.41725 -0.10283 -0.21655 0.97084 e
79.22777 20.92213 0.06722 0.06113 0.99586 e
79.24276 17.55573 -0.13219 0.02934 0.99079 eb
79.45012 18.33120 -0.07167 -0.20436 0.97627 e
79.48511 18.48630 0.01655 -0.25314 0.96729 e
79.60788 20.46155 -0.07645 0.24134 0.96742 xb
79.77274 19.48939 0.29710 -0.19463 0.93480 x
80.00283 23.73160 0.01219 -0.26856 0.96318 xb
80.15436 21.35232 0.02665 0.16986 0.98511 e
81.60809 7.59451 0.13040 0.19515 0.97207 e
81.70310 38.22576 0.06535 0.04160 0.99700 eb
81.80478 20.54510 -0.06693 -0.01819 0.99759 eb
82.72991 14.69468 -0.58865 0.14116 0.79597 e
82.91537 7.17758 -0.01396 -0.01085 0.99984 eb
83.07283 18.25009 0.13380 0.81299 0.56670 eb
83.08374 26.78052 -0.35918 0.21732 0.90762 e
84.04259 26.76541 -0.12058 -0.12944 0.98423 e
85.13514 23.39147 -0.04275 0.17491 0.98366 e
85.27930 32.77695 0.03113 -0.06353 0.99749 e
85.44376 11.74995 -0.19834 0.57780 0.79172 eb
85.52073 21.28333 -0.05602 -0.04888 0.99723 e
86.00580 29.75232 -0.17669 0.05309 0.98283 e
86.22370 13.49565 -0.20707 -0.24827 0.94630 e
86.98448 11.06403 0.01218 -0.17267 0.98491 e
87.05825 24.80309 0.23433 -0.06431 0.97003 xb
87.31166 27.48801 -0.05152 -0.32630 0.94386 eb
88.06192 49.60023 -0.12761 -0.10919 0.98580 e
88.53371 15.46542 -0.07557 -0.32830 0.94155 xb
90.11555 28.59293 -0.21773 -0.22338 0.95010 x
90.62251 16.78775 -0.32658 0.29231 0.89883 eb
91.86563 20.84487 -0.25434 0.06039 0.96523 eb
92.33610 12.05925 0.24420 0.17766 0.95331 eb
92.40854 37.67356 0.05244 0.07062 0.99612 x
92.41471 27.39575 0.08820 -0.31268 0.94575 e
93.16318 10.25132 0.49634 0.31602 0.80857 eb
93.61729 10.64575 -0.34408 -0.22401 0.91183 eb
93.72081 43.96901 -0.14596 0.04548 0.98825 e
93.88070 4.72163 -0.02179 -0.19352 0.98085 e
94.38575 10.55018 0.42141 -0.37315 0.82654 eb
95.37154 18.93331 -0.13107 -0.19041 0.97292 e
95.90754 28.49019 0.66586 -0.34636 0.66080 eb
96.25421 15.79570 -0.03044 0.52921 0.84794 e
96.32617 53.91669 -0.03789 -0.03958 0.99850 e
96.99182 29.52819 -0.15299 0.01839 0.98806 e
97.25083 8.47027 0.43125 0.12247 0.89388 x
97.39940 25.48859 0.05329 0.15229 0.98690 e
97.59464 8.35802 -0.20207 -0.01357 0.97928 xb
97.75936 60.73113 -0.23076 -0.02508 0.97269 x
98.77951 11.22338 -0.21926 0.02196 0.97542 e
99.17799 6.97046 0.28022 0.17322 0.94418 xb
99.33073 37.19784 0.10152 0.02142 0.99460 e
99.57205 17.45589 -0.06205 0.17969 0.98176 e
101.65455 19.43843 0.03910 -0.22686 0.97314 xb
102.19677 43.13354 -0.08573 -0.24105 0.96672 e
102.44703 38.80754 0.18727 0.06351 0.98025 eb
102.70473 10.44214 0.09643 0.26740 0.95875 e
103.54738 16.89478 0.28697 -0.43909 0.85138 e
103.72740 20.17111 0.57308 0.10539 0.81270 eb
103.95290 28.74740 0.02600 -0.04280 0.99874 e
104.23196 50.22587 -0.07686 0.04574 0.99599 e
104.37836 22.08003 0.03910 0.15191 0.98762 xb
104.92562 13.66129 0.17813 0.49834 0.84848 eb
105.16568 24.71105 -0.15294 0.57070 0.80679 e
105.80401 16.30556 0.13540 0.05421 0.98931 e
106.00670 17.72250 0.08449 -0.10678 0.99069 e
107.18586 14.41098 -0.28535 0.54631 0.78748 x
107.46121 67.38041 -0.15509 -0.01856 0.98773 e
107.83613 67.42446 -0.01514 0.05838 0.99818 e
108.91231 58.72145 -0.02013 -0.08618 0.99608 e
109.25960 30.26842 0.44471 -0.38134 0.81044 e
109.32597 48.50607 -0.03510 0.10268 0.99410 x
109.64868 13.37620 0.13720 0.18543 0.97303 eb
110.09749 22.30468 0.14632 -0.35142 0.92471 e
110.31611 13.52713 0.00155 0.09216 0.99574 xb
111.80423 14.39380 0.61660 -0.10820 0.77981 x
112.14285 8.32899 0.25068 -0.37980 0.89046 e
112.39128 23.46631 -0.65408 -0.36625 0.66185 eb
113.40025 27.86631 -0.51894 -0.26497 0.81271 e
113.41091 7.05132 0.05822 0.41860 0.90630 e
113.43497 20.98298 0.21587 0.09933 0.97136 x
113.50473 13.88556 0.09418 0.08562 0.99187 x
113.59085 8.93315 -0.52719 0.06589 0.84719 e
113.88766 39.79524 -0.03670 0.01676 0.99919 e
114.21910 15.47895 0.11090 -0.33237 0.93661 eb
114.46997 17.10425 -0.27752 0.12756 0.95221 e
114.61256 14.22085 0.02535 -0.22608 0.97378 xb
115.34107 27.93995 -0.23666 0.11505 0.96476 x
115.53454 41.62838 0.02911 -0.08870 0.99563 e
116.06795 16.36180 0.34051 0.14682 0.92871 e
116.35144 23.63648 0.05767 -0.03648 0.99767 e
116.52339 14.87101 -0.33623 -0.52165 0.78411 eb
116.54820 18.65246 -0.04025 0.30257 0.95228 eb
117.16011 20.41993 -0.38460 -0.04998 0.92173 eb
117.19856 22.13240 -0.11618 0.07389 0.99048 xb
117.33312 24.27867 0.30479 0.09821 0.94734 e
117.60234 10.51165 0.60225 0.63558 0.48304 e
119.44706 17.73781 0.30273 0.54133 0.78443 e
120.55829 14.66964 -0.25219 0.24133 0.93710 eb
120.86123 22.15494 0.04592 0.00292 0.99894 e
121.11501 49.96420 -0.21349 0.29836 0.93027 x
121.74117 12.77499 -0.27619 -0.00589 0.96108 e
122.23807 21.70152 0.09521 0.11700 0.98856 e
122.50769 11.73721 0.12354 0.20827 0.97024 e
122.52480 23.34819 -0.02355 0.03739 0.99902 e
122.65615 18.91172 0.04596 0.36582 0.92955 e
123.64073 7.55243 -0.00195 -0.32738 0.94489 e
123.93800 32.28895 -0.10160 0.03021 0.99437 e
125.64078 27.70024 -0.21555 -0.55191 0.80556 e
125.84279 7.47642 -0.24195 -0.17521 0.95434 e
126.09451 15.45732 0.06139 -0.00579 0.99810 e
126.43756 23.88086 -0.66451 0.48155 0.57144 e
126.45348 12.22274 -0.67291 -0.12216 0.72957 xb
126.79015 26.22149 0.11692 -0.01734 0.99299 e
127.48572 32.34057 0.52614 0.26963 0.80652 e
128.58213 27.48383 0.10928 -0.38387 0.91690 eb
128.59199 19.67330 -0.23745 -0.32158 0.91662 eb
128.73736 13.09733 0.16803 0.01528 0.98566 e
128.80377 19.43300 0.03375 -0.44629 0.89425 eb
129.23265 21.47450 -0.38577 0.20373 0.89982 e
129.35064 10.17147 0.14465 -0.05292 0.98807 e
129.52999 17.63554 0.44776 0.48958 0.74821 e
129.66294 61.43309 0.27255 -0.23358 0.93336 eb
129.90921 27.56128 0.10684 -0.36394 0.92527 e
131.39358 24.59465 -0.14896 -0.28590 0.94661 e
131.64624 34.32701 -0.14827 -0.38069 0.91274 xb
132.23757 7.29053 0.71894 -0.14988 0.67872 eb
133.73845 21.63112 0.30561 0.41108 0.85885 eb
133.90341 38.21733 0.49803 0.17886 0.84851 e
133.91387 9.10512 0.65339 0.44601 0.61169 eb
135.08561 67.25475 0.00541 0.07927 0.99684 e
136.52657 23.16271 0.09858 -0.19012 0.97680 eb
136.53912 20.32276 -0.09954 0.24932 0.96329 e
136.82179 6.86023 0.11758 -0.08916 0.98905 xb
137.17202 13.09782 0.25704 0.43124 0.86485 e
137.54218 34.93087 0.22514 -0.25293 0.94093 eb
138.63194 19.23025 -0.76366 -0.22026 0.60689 x
139.78164 23.63977 0.17412 0.30147 0.93744 e
139.96345 13.23274 0.07739 -0.20679 0.97532 e
140.22331 10.11192 0.21089 0.33527 0.91821 eb
140.24208 23.37778 0.02385 -0.00901 0.99968 e
140.33510 13.33822 0.21379 -0.29111 0.93249 xb
140.61928 26.31423 -0.10259 -0.40223 0.90977 x
141.84580 13.56528 -0.55302 -0.46673 0.69017 e
143.36152 19.99917 0.14584 0.09052 0.98516 e
144.20550 17.36049 -0.29743 -0.26293 0.91782 xb
144.65500 84.59878 -0.14806 0.23860 0.95977 e
144.67871 26.06538 0.02442 0.03634 0.99904 e
145.30586 13.85232 -0.09234 -0.03112 0.99524 e
145.39397 32.38956 0.14967 0.20484 0.96728 xb
147.07315 36.84458 0.06284 0.19407 0.97897 e
148.25289 36.42144 -0.09552 0.07406 0.99267 e
148.26371 22.77490 -0.02016 -0.02577 0.99946 e
148.98808 3.25440 -0.15838 -0.07467 0.98455 e
153.09037 22.53107 -0.36380 -0.37266 0.85368 e
153.47923 13.11503 -0.10578 0.10073 0.98927 x
153.89187 33.21784 -0.12925 0.11156 0.98532 e
154.54604 28.00939 0.00388 -0.01603 0.99986 eb
154.84711 9.82487 0.13428 -0.03245 0.99041 e
155.08909 17.25751 -0.27019 0.09419 0.95819 e
155.33579 6.50357 0.60068 0.12752 0.78926 eb
155.77208 19.67746 -0.01201 -0.12615 0.99194 e
156.71067 25.78321 -0.03308 -0.21987 0.97497 e
157.06592 11.99288 -0.25736 0.18993 0.94747 e
157.40481 9.47338 -0.46723 -0.68449 0.55962 eb
157.88131 22.07440 0.14805 0.17311 0.97371 eb
159.25846 25.55381 -0.03600 0.20057 0.97902 eb
159.70707 26.15759 -0.04370 -0.01422 0.99894 e
160.44713 9.19347 0.17903 0.20254 0.96277 x
160.88216 88.03096 0.06476 0.03736 0.99720 eb
161.07998 10.07696 -0.15300 0.03905 0.98745 e
161.20826 10.61155 0.36972 0.25116 0.89455 e
161.54731 35.39928 -0.23962 0.06632 0.96860 x
162.57872 8.83659 0.50501 -0.44358 0.74041 eb
162.71128 48.51975 -0.06663 0.85965 0.50651 x
163.82843 7.32043 -0.16295 -0.44334 0.88142 eb
163.89328 82.29611 0.04812 0.11924 0.99170 e
164.34177 6.16253 0.15661 -0.20035 0.96712 x
164.40826 26.31107 0.27756 -0.04451 0.95968 e
164.60697 23.90158 0.18731 0.06844 0.97991 eb
164.83202 8.70588 -0.64047 0.10095 0.76132 eb
166.24070 16.90051 -0.25650 0.18551 0.94857 xb
166.77288 11.16302 -0.01623 -0.86848 0.49546 e
167.00884 67.39714 0.17937 -0.08920 0.97973 e
167.10078 14.83682 -0.22857 -0.07114 0.97092 e
167.13670 22.07540 -0.16696 -0.00627 0.98594 e
168.19669 33.30318 -0.19658 0.00540 0.98047 e
168.51654 8.74748 -0.04696 0.52661 0.84881 xb
168.76264 28.18298 -0.19021 0.04428 0.98074 e
169.71095 22.34588 -0.73791 -0.35495 0.57402 e
170.90539 9.52909 0.08518 -0.26237 0.96120 e
171.39020 33.50911 0.21320 0.14348 0.96642 e
171.84135 13.05803 -0.74461 -0.06431 0.66440 eb
172.22491 15.11852 0.55657 -0.52346 0.64515 e
172.56234 11.75794 0.18807 -0.31419 0.93055 eb
172.73600 58.01477 -0.10009 0.20095 0.97448 eb
173.13604 7.09391 -0.20726 0.11416 0.97160 e
173.36769 16.53656 -0.47990 0.47546 0.73732 eb
174.53508 37.49717 0.15952 0.10166 0.98195 e
175.12831 28.49349 -0.29404 0.05776 0.95404 e
175.85479 29.03029 -0.37463 0.04777 0.92594 xb
176.06027 31.88282 -0.04128 0.34794 0.93661 e
176.08406 38.33863 -0.20783 0.15511 0.96579 e
176.55059 26.25934 0.30073 0.11670 0.94654 e
178.34894 18.08425 0.39171 -0.33298 0.85772 eb
178.36638 8.58196 0.24035 0.38027 0.89310 eb
178.38395 30.95367 -0.12621 -0.12373 0.98426 e
180.00349 19.29206 0.16272 -0.15992 0.97363 e
180.61823 46.10889 -0.02706 -0.06410 0.99758 e
181.34949 22.21348 0.16875 0.24387 0.95501 x
181.58565 18.64676 0.51384 -0.11874 0.84963 xb
182.59239 33.05401 -0.12114 -0.04913 0.99142 e
183.19858 8.54108 0.02894 -0.37271 0.92750 xb
183.30457 20.15454 -0.13057 0.00345 0.99143 x
184.10251 24.90637 0.00553 -0.19375 0.98104 xb
185.52197 68.31484 -0.04508 0.47397 0.87939 eb
185.61238 22.05193 0.34006 -0.00149 0.94040 e
186.82985 14.52491 0.21892 0.13411 0.96648 eb
186.97746 16.73565 0.48381 -0.39610 0.78041 e
187.01964 20.54351 0.01943 0.76133 0.64807 eb
187.77789 13.12422 0.16196 0.50524 0.84764 eb
188.85976 25.19937 0.03038 0.08975 0.99550 e
189.22709 27.49322 0.13829 0.17297 0.97517 x
189.50787 36.54431 -0.06044 -0.00791 0.99814 e
189.92045 45.42056 0.07790 0.28855 0.95429 e
190.08279 34.22375 -0.20292 0.44514 0.87216 eb
190.21854 22.61473 -0.00058 0.07571 0.99713 e
190.56897 25.92174 0.08561 0.23923 0.96718 e
190.71053 17.94354 0.18755 -0.12220 0.97462 e
191.81112 28.26409 -0.00983 -0.09970 0.99497 xb
192.57847 13.85896 0.01457 -0.39680 0.91779 eb
192.98280 17.58047 0.11882 0.14640 0.98206 xb
193.16707 50.92077 0.01812 -0.08143 0.99651 e
194.36363 31.41821 0.01739 0.03908 0.99908 e
194.52535 17.14991 0.22127 0.11938 0.96788 eb
195.18221 23.61489 -0.09034 0.01968 0.99572 e
195.20156 21.62902 -0.51318 0.21391 0.83119 eb
197.20117 12.41839 -0.33207 -0.09939 0.93800 eb
197.26855 48.76021 -0.14616 -0.19890 0.96906 e
197.41597 22.82718 -0.01411 0.15518 0.98778 xb
197.55360 24.53514 -0.08366 0.16559 0.98264 e
197.77749 20.62917 0.31776 0.12380 0.94005 eb
198.16514 6.49129 -0.23322 -0.07192 0.96976 eb
198.38583 21.83744 -0.27870 -0.34593 0.89591 eb
198.86987 32.23785 -0.28186 -0.09599 0.95464 eb
199.28883 38.16282 0.23416 -0.09049 0.96798 e
199.81129 10.11195 0.19734 0.78684 0.58475 e
199.95317 9.37866 -0.00103 -0.11971 0.99281 x
200.03695 22.59157 0.18937 0.10649 0.97611 e
200.60417 20.37494 -0.21897 -0.29070 0.93142 eb
200.68990 25.31479 -0.41739 -0.54469 0.72739 eb
201.03127 25.69522 -0.14269 -0.27391 0.95111 xb
203.50169 14.12952 -0.04875 0.06150 0.99692 e
203.68315 31.09768 -0.37592 -0.50675 0.77581 e
203.72119 7.30330 0.17742 -0.13622 0.97466 e
204.13892 29.61343 -0.41085 0.08224 0.90799 e
204.34786 25.03238 -0.01877 -0.28210 0.95920 e
205.69787 32.24079 0.51224 0.46469 0.72227 e
206.04088 18.87462 -0.11886 0.21074 0.97029 e
207.24231 19.18198 0.18247 -0.35758 0.91588 eb
207.29921 11.57847 0.31824 0.39094 0.86365 xb
207.65891 18.04869 -0.41353 -0.10816 0.90404 eb
207.91039 16.79984 0.14566 -0.19916 0.96908 eb
208.22971 10.14108 -0.30170 0.09237 0.94892 eb
208.33144 21.08852 -0.14504 0.08693 0.98560 e
208.35237 33.46656 0.00491 0.08491 0.99638 x
208.86619 38.18001 0.33276 -0.05414 0.94146 e
208.93379 11.60150 0.37420 0.21058 0.90312 e
210.80571 17.12170 -0.26636 -0.33157 0.90505 e
212.92210 12.61869 0.17163 -0.15442 0.97298 e
214.56657 12.98692 0.16531 -0.08568 0.98251 e
214.71953 56.36884 -0.12908 -0.12626 0.98356 e
215.83251 15.94255 -0.06408 -0.17871 0.98181 e
215.93863 55.30996 -0.03189 0.01509 0.99938 xb
216.51177 17.05216 -0.40523 0.35942 0.84060 eb
218.11941 23.12365 0.01101 0.10288 0.99463 e
218.95141 21.11530 -0.27871 -0.25871 0.92487 e
219.04249 43.62622 -0.19873 0.20523 0.95833 e
219.23270 29.27282 0.05657 -0.14290 0.98812 e
220.11108 17.05926 -0.42439 0.04862 0.90417 eb
220.56888 11.88764 -0.12716 0.53296 0.83653 e
220.75710 14.53419 -0.48551 0.13119 0.86433 e
221.04502 44.04598 0.07225 0.04967 0.99615 e
221.37038 26.89205 -0.10219 -0.06163 0.99285 e
222.07939 12.41351 -0.39200 0.64847 0.65254 eb
222.23782 8.95211 0.29199 -0.29821 0.90874 eb
223.05702 18.43154 -0.22269 -0.58403 0.78059 eb
223.36098 64.73495 0.06292 -0.22400 0.97256 e
224.58723 9.26896 -0.13527 -0.60668 0.78335 eb
225.27809 34.98347 -0.14269 0.24711 0.95842 eb
227.50977 39.56582 -0.19790 0.20275 0.95903 e
229.31757 25.69051 -0.18031 0.50362 0.84490 e
229.89358 14.62337 0.16286 -0.20429 0.96527 eb
230.14611 34.21519 0.08076 -0.13373 0.98772 e
230.41023 11.48389 0.21587 -0.25581 0.94232 eb
231.91771 36.34586 0.01948 0.43910 0.89823 e
232.21090 21.33821 -0.43896 0.23597 0.86697 e
232.26886 32.43593 0.09666 -0.15733 0.98280 eb
233.44896 26.82946 -0.06729 0.76072 0.64558 e
233.52512 13.32153 -0.01071 0.13512 0.99077 xb
233.85744 14.37071 0.45523 -0.02845 0.88992 e
233.93042 18.89693 -0.13771 -0.08008 0.98723 eb
235.10487 33.35148 0.25679 0.27802 0.92561 eb
235.46621 9.69501 -0.04118 0.01607 0.99902 e
235.58269 12.50485 0.21246 -0.35409 0.91076 x
236.78562 28.88353 0.11734 0.30011 0.94666 xb
236.97234 15.22898 -0.02817 0.18840 0.98169 eb
237.30020 14.18963 0.14932 0.46423 0.87304 eb
238.00577 41.18233 0.07947 0.12650 0.98878 e
240.79016 20.43732 -0.20454 0.12707 0.97058 xb
241.03546 23.21731 0.56030 0.47110 0.68127 e
241.32199 20.95173 0.62644 0.62360 0.46765 e
241.78279 8.60281 -0.09083 -0.08018 0.99263 e
242.56194 20.51176 -0.39911 -0.10152 0.91127 x
243.59152 37.10234 -0.01131 0.10725 0.99417 e
244.94711 11.82787 -0.21279 0.33364 0.91837 eb
245.00408 31.82567 -0.12639 -0.02247 0.99173 e
245.17452 21.34943 0.12055 0.43692 0.89138 eb
245.63895 11.82644 0.15247 -0.20301 0.96723 e
245.85049 27.28285 -0.13924 -0.04344 0.98931 e
246.35069 29.85284 -0.13197 0.21933 0.96668 e
247.21158 22.45190 -0.06881 0.16145 0.98448 eb
247.87587 21.43766 0.29434 0.09084 0.95137 x
250.76729 29.31539 0.02899 0.19007 0.98134 eb
251.36888 11.93535 0.11231 -0.00678 0.99365 e
251.55300 8.28763 0.21416 -0.46746 0.85768 eb
253.17217 13.48355 0.28235 0.01914 0.95912 xb
253.60245 19.91754 0.35249 0.06716 0.93340 eb
253.72877 26.00483 -0.06794 0.52498 0.84840 e
253.87592 16.10384 -0.27657 0.19031 0.94196 e
254.57062 13.43464 0.46479 0.42505 0.77672 eb
254.94689 19.76326 0.11389 -0.01722 0.99334 e
255.70768 7.33773 0.44948 -0.24941 0.85777 eb
255.75098 10.32888 0.54223 -0.07500 0.83688 e
256.44032 26.54206 0.08558 -0.23898 0.96725 e
256.58334 29.04931 0.13627 0.29072 0.94706 x
257.02234 34.25246 -0.05796 -0.04655 0.99723 e
258.42775 16.10002 0.42111 0.07480 0.90392 eb
261.04025 34.82965 0.32460 -0.23587 0.91597 eb
261.77876 40.08811 -0.49526 -0.16512 0.85291 e
261.93250 11.22646 -0.32051 0.41627 0.85088 x
262.61987 28.26939 0.22187 0.16403 0.96118 eb
262.98187 18.32597 -0.05091 -0.08196 0.99533 e
263.91490 30.71078 0.26549 -0.02957 0.96366 eb
264.84849 25.46296 0.15573 0.11766 0.98077 e
266.80496 40.56747 -0.03218 0.06696 0.99724 xb
268.47578 84.25306 0.12218 0.28735 0.95000 e
270.57281 34.66566 0.49565 0.37196 0.78484 e
271.12654 60.83941 0.08356 0.07783 0.99346 eb
273.52372 57.08518 -0.00602 -0.09363 0.99559 e
273.98032 12.21442 0.37826 0.63468 0.67387 e
274.72053 22.32246 0.02983 0.22475 0.97396 eb
275.65553 3.51392 -0.09385 -0.37715 0.92139 e
276.04546 22.01684 0.00419 0.17620 0.98435 e
276.09632 40.66633 -0.05859 -0.01027 0.99823 xb
278.71862 24.58089 -0.20606 0.30185 0.93082 e
279.77621 21.45440 0.09209 -0.21517 0.97223 e
280.80448 24.68849 0.04256 0.10205 0.99387 x
280.88604 28.25842 -0.03710 -0.00623 0.99929 x
281.29473 13.15480 0.12408 -0.71268 0.69043 xb
281.29936 24.76317 0.09705 -0.43356 0.89588 e
281.88191 25.55926 0.55061 -0.00318 0.83476 eb
283.02510 14.56946 0.05779 0.07338 0.99563 e
283.88801 21.81913 -0.04304 -0.11722 0.99217 e
284.90880 19.81107 -0.13645 -0.05828 0.98893 eb
285.99990 12.09718 0.78318 0.21444 0.58365 x
286.11142 13.41958 0.04842 0.15013 0.98748 e
286.11195 38.80769 -0.07438 -0.29533 0.95250 e
286.59330 22.99496 -0.11134 0.12790 0.98552 e
287.25860 37.84444 0.10054 0.29428 0.95041 e
287.28148 32.54221 0.01606 -0.09338 0.99550 eb
288.43819 21.60594 0.06404 -0.37015 0.92676 x
289.16913 6.20245 0.01868 -0.10125 0.99469 x
289.92597 28.02336 -0.03502 0.07538 0.99654 e
290.71653 24.77394 0.29598 -0.00729 0.95517 e
292.12696 15.85876 -0.46180 0.55730 0.69004 eb
293.81208 13.74931 0.39187 0.44467 0.80542 eb
294.65240 18.54759 -0.21281 0.24277 0.94645 e
295.40493 13.93052 0.05294 0.26411 0.96304 eb
295.90843 29.13545 0.05718 -0.23931 0.96926 eb
296.08681 10.95926 0.50604 -0.30575 0.80650 eb
296.27624 16.39946 -0.18387 0.08291 0.97945 e
296.61528 21.22761 0.12792 0.12116 0.98436 eb
297.68688 9.32942 0.18903 0.25606 0.94800 eb
298.82273 33.77002 -0.17974 -0.03885 0.98295 e
298.96520 25.88282 0.25486 0.01170 0.96691 e
299.27811 11.83693 0.03005 0.01615 0.99942 eb
300.57331 17.49021 0.15083 -0.19879 0.96837 x
301.24427 20.82427 0.16493 -0.12267 0.97865 e
301.83136 19.97127 -0.24033 0.22910 0.94327 eb
302.19912 20.63717 0.23884 0.25939 0.93578 eb
302.31578 23.31612 0.06860 -0.18857 0.97966 e
302.54134 18.25629 0.17221 -0.05749 0.98338 x
302.85182 19.13892 0.68559 -0.38831 0.61578 eb
303.12242 9.83119 -0.13418 -0.00739 0.99093 e
303.66059 17.75129 0.15344 0.41962 0.89464 e
304.15492 24.17966 0.39444 -0.03058 0.91841 e
304.38689 23.50555 -0.08817 -0.03097 0.99562 e
305.40559 15.13491 -0.50604 0.36476 0.78158 x
305.81419 8.70333 0.42574 -0.52296 0.73842 e
305.99821 20.12456 -0.00879 -0.28763 0.95770 eb
306.23457 29.62666 -0.15659 0.19401 0.96842 e
306.57079 50.22032 0.14212 0.05137 0.98852 xb
307.86402 24.81223 0.06051 0.07415 0.99541 xb
309.14598 12.64096 -0.12708 -0.30311 0.94445 e
309.31249 6.36974 -0.09483 0.10805 0.98961 e
310.15252 24.82266 -0.15866 -0.31702 0.93505 x
310.63188 31.81150 0.16752 0.25710 0.95176 eb
310.94817 10.36245 0.10562 0.03187 0.99390 e
312.33099 32.89978 0.04061 -0.47264 0.88032 e
313.81777 77.16521 0.21665 0.26156 0.94056 eb
314.01455 13.42330 0.03034 0.15567 0.98734 xb
316.44178 21.98085 -0.25856 0.53801 0.80230 e
316.73264 39.28342 0.03990 0.09629 0.99455 e
318.40857 21.16124 -0.10707 0.23409 0.96630 eb
319.02788 17.59549 0.25171 -0.44404 0.85993 eb
320.67455 12.74751 -0.44562 0.14516 0.88338 eb
321.77617 52.91445 0.23815 -0.13000 0.96249 xb
323.18553 25.69538 -0.01054 0.03742 0.99924 e
323.44038 22.57812 0.03326 0.20756 0.97766 e
324.52956 78.34483 0.09118 -0.11781 0.98884 e
325.29737 30.22149 -0.18086 0.00891 0.98347 x
327.11102 4.15072 0.12066 0.40804 0.90495 e
329.15566 16.22815 -0.18199 -0.03676 0.98261 e
329.31416 29.72869 -0.03884 -0.10054 0.99418 e
329.90834 34.03149 0.15751 -0.02928 0.98708 e
330.69991 23.28982 0.32257 -0.36276 0.87427 eb
330.93369 14.42191 0.41902 0.44735 0.79013 e
331.47615 18.67304 -0.42880 0.37100 0.82370 eb
331.79039 22.43187 0.08542 -0.11777 0.98936 e
333.60515 28.65005 -0.38508 0.26733 0.88332 eb
333.69869 39.47216 0.16718 -0.02334 0.98565 eb
333.82962 7.57943 -0.16985 -0.17926 0.96903 e
334.00040 76.15771 0.07174 0.16989 0.98285 eb
334.46552 9.94712 -0.42486 0.14372 0.89378 e
334.56712 16.79600 -0.01954 0.00084 0.99981 xb
335.00194 38.02795 -0.30916 0.01160 0.95094 eb
335.65424 43.77002 -0.00460 -0.25479 0.96698 xb
335.89173 24.68238 0.22001 -0.02088 0.97528 xb
336.19786 21.86991 -0.27257 0.07270 0.95939 eb
336.35469 29.25570 -0.54669 -0.26424 0.79455 eb
340.72058 19.38130 0.02452 0.07311 0.99702 eb
341.78127 14.46168 -0.21669 -0.21474 0.95233 e
343.22497 21.97735 -0.01330 0.28974 0.95701 e
343.40687 51.23589 -0.01148 0.15737 0.98747 e
344.18067 21.43432 -0.09378 -0.35178 0.93137 eb
344.94940 39.49377 0.35562 0.24305 0.90247 e
346.08111 35.09472 0.17074 0.02950 0.98487 e
347.55134 16.53662 0.18547 0.17847 0.96631 eb
347.60702 19.53456 -0.16942 -0.36158 0.91682 e
349.06054 13.60955 0.16563 0.14189 0.97593 x
349.93771 27.30542 -0.14890 0.05354 0.98740 e
352.27492 18.29043 -0.29857 0.11930 0.94690 eb
356.31792 31.93142 -0.10461 -0.05987 0.99271 e
356.36855 16.02716 -0.25260 0.13545 0.95804 e
357.04927 6.06671 0.24659 0.24252 0.93829 e
357.26101 33.03877 0.05047 -0.20553 0.97735 eb
358.13894 21.19792 -0.27910 0.02837 0.95984 eb
361.19394 20.42399 -0.06289 0.09504 0.99349 e
361.47467 33.01494 -0.21998 0.10312 0.97004 e
361.84108 14.31341 -0.03709 -0.01854 0.99914 xb
363.15007 22.24670 0.09678 0.06734 0.99302 xb
363.83860 16.18250 0.18994 -0.00152 0.98180 eb
365.21913 25.30894 -0.27755 0.09281 0.95622 e
366.11421 11.91853 -0.19345 -0.06523 0.97894 e
366.86559 5.14465 -0.09284 -0.26552 0.95962 e
367.14906 40.66696 0.11356 0.16043 0.98049 e
368.75326 17.63786 -0.19646 -0.01647 0.98037 e
369.33980 29.64385 -0.38581 0.34428 0.85593 eb
369.79088 9.60927 0.35804 -0.13673 0.92364 e
371.12889 61.39482 0.11338 0.25613 0.95997 x
371.53594 36.84753 -0.47542 -0.24188 0.84586 eb
372.39884 17.75316 0.01699 0.19969 0.97971 eb
372.44530 23.75711 0.21947 -0.44661 0.86739 eb
372.94248 25.42249 0.14716 -0.55303 0.82006 e
373.18163 16.41767 -0.37970 0.15084 0.91273 eb
374.38668 18.84962 -0.19500 -0.21079 0.95788 e
375.55946 21.85588 -0.33768 0.32789 0.88230 eb
376.03005 17.37229 0.19932 -0.30660 0.93074 xb
376.09694 14.95595 -0.13267 0.05982 0.98935 e
379.56941 30.92858 -0.57972 0.20130 0.78956 eb
381.67580 30.00775 0.19408 0.16323 0.96731 eb
381.87083 30.36012 0.45097 0.03377 0.89190 e
384.27692 3.56675 -0.59042 -0.31186 0.74441 e
386.54288 18.51078 -0.32911 -0.00515 0.94428 e
386.94689 13.89247 0.54689 0.01722 0.83703 e
387.36866 35.20585 0.02501 -0.00850 0.99965 e
387.53990 16.84468 0.12113 0.11941 0.98543 xb
388.70383 12.35937 0.10011 -0.04874 0.99378 xb
389.50932 15.80552 0.58821 0.27985 0.75875 e
391.69361 20.95794 -0.65037 0.40286 0.64399 e
391.86378 9.21850 0.07097 -0.40710 0.91062 x
392.72756 13.73388 0.50720 0.16410 0.84606 xb
394.47548 16.80621 -0.30598 0.12814 0.94338 e
397.39228 7.62984 0.05307 -0.13061 0.99001 e
404.64833 14.25208 0.00580 0.12719 0.99186 e
405.59882 8.51700 0.16698 -0.34943 0.92196 e
406.23630 12.44489 0.37666 0.12296 0.91815 e
406.67865 19.09600 0.12249 -0.12694 0.98432 e
408.23784 26.07886 0.12453 -0.14917 0.98094 e
409.30252 24.42242 0.13810 0.02113 0.99019 e
409.54149 26.76288 0.15274 0.47363 0.86738 xb
415.13422 25.59034 0.12851 0.11396 0.98514 e
419.12569 15.22272 0.01240 -0.54582 0.83781 e
419.56234 35.26961 -0.15323 0.05827 0.98647 e
421.67666 24.39733 -0.17909 0.18847 0.96561 x
423.76934 22.38112 -0.10779 -0.34048 0.93405 eb
427.74930 39.06335 -0.32696 -0.42422 0.84447 eb
434.18184 13.44008 0.30738 0.78368 0.53978 e
434.95468 27.47114 -0.18467 -0.43414 0.88172 e
436.06162 24.07445 -0.06794 0.04830 0.99652 x
436.39760 13.23665 -0.10787 0.16923 0.97966 e
438.26957 25.06858 -0.24218 -0.25903 0.93501 eb
439.57288 18.53433 -0.29923 0.03165 0.95366 e
442.87263 18.94974 0.26048 0.01130 0.96541 e
451.35168 16.93771 0.27685 -0.14089 0.95053 e
451.43673 16.64876 0.56716 0.25822 0.78208 eb
453.37536 11.25662 -0.16014 -0.43575 0.88571 eb
454.15199 26.30954 -0.13592 0.43568 0.88978 e
457.25567 32.65726 0.26198 -0.10613 0.95922 e
460.34536 24.59437 -0.26735 -0.17849 0.94693 xb
463.81127 20.64153 -0.02170 -0.15707 0.98735 e
464.18872 26.92120 0.16068 0.24171 0.95695 eb
464.90513 16.20192 0.07794 0.26679 0.96060 e
465.20284 21.53818 0.11002 -0.21639 0.97009 e
466.44025 11.27481 -0.05919 0.26615 0.96211 xb
468.05738 14.49449 0.79401 -0.30792 0.52415 eb
470.47864 23.21984 0.14702 0.09454 0.98461 e
471.91096 10.29418 0.75601 0.09891 0.64704 x
474.91056 7.20652 0.05510 -0.12587 0.99052 e
476.67507 29.27378 -0.12803 -0.16378 0.97815 e
482.14464 14.83718 -0.06944 -0.41920 0.90523 e
484.53416 18.03060 -0.10488 -0.13020 0.98592 eb
485.17433 8.81412 0.49897 0.22034 0.83814 e
489.50802 18.05060 -0.66347 -0.17836 0.72663 eb
492.41879 9.13399 0.22107 0.34136 0.91357 e
494.13322 24.99221 0.05604 0.20826 0.97647 e
495.21607 15.27239 0.05426 -0.06470 0.99643 e
495.44232 23.55151 -0.01484 -0.21063 0.97745 e
495.83556 17.18413 -0.05630 0.29966 0.95238 eb
497.47441 15.81428 -0.07330 -0.06272 0.99534 e
497.98900 4.54472 0.38094 -0.22596 0.89656 eb
498.60510 12.89438 -0.20170 0.06011 0.97760 e
498.91566 14.69582 -0.41712 0.06524 0.90650 eb
499.03740 19.47429 -0.17227 -0.67789 0.71470 e
500.22095 12.01771 -0.16540 0.16359 0.97256 e
501.08918 11.59925 0.07780 0.06566 0.99480 x
501.14748 21.57146 -0.16856 0.05182 0.98433 e
511.75397 21.50856 0.12108 -0.14120 0.98255 e
511.89862 36.59015 -0.26896 -0.15414 0.95074 e
514.90428 24.02035 -0.02480 0.23143 0.97253 x
515.86500 20.12417 -0.04523 0.30503 0.95127 eb
517.98662 8.45898 0.24298 0.37627 0.89408 e
519.92116 18.69538 0.13098 0.20287 0.97041 e
519.92256 19.05066 -0.07077 0.01099 0.99743 e
528.33147 11.86021 0.27431 0.05976 0.95978 x
535.03166 17.89794 -0.01325 0.35907 0.93322 eb
536.50839 16.22239 0.06370 0.30832 0.94915 x
540.00101 17.51352 -0.30300 -0.00421 0.95298 eb
540.74018 9.41075 0.03123 -0.09819 0.99468 e
542.79647 28.44370 0.26608 -0.13198 0.95487 e
550.26580 27.18139 0.10742 0.07463 0.99141 e
550.69148 21.66211 0.24188 -0.18783 0.95195 e
556.85861 14.35955 -0.09671 0.18244 0.97845 eb
558.90837 12.42132 -0.02002 -0.18397 0.98273 e
560.80212 11.30852 0.47280 0.42734 0.77061 e
562.99561 21.56941 -0.71802 -0.31720 0.61954 e
565.34817 4.49581 0.39763 -0.10742 0.91124 e
565.67169 20.52243 -0.06719 -0.11499 0.99109 x
567.77217 8.20417 0.23501 -0.32859 0.91477 e
571.50748 18.62187 -0.20271 -0.04795 0.97806 e
572.24748 12.22786 -0.41628 -0.44593 0.79237 e
574.83910 10.64900 0.18980 0.25856 0.94717 e
580.11759 17.41083 -0.18948 0.12970 0.97328 e
588.40210 17.51106 0.02189 -0.04753 0.99863 x
589.94850 26.39254 -0.30356 -0.47032 0.82864 e
591.79363 27.12614 -0.07255 0.03033 0.99690 e
594.82403 21.24423 -0.02110 0.12979 0.99132 e
597.73008 19.54786 0.19718 0.15420 0.96817 xb
599.04166 12.25392 0.16252 -0.10714 0.98087 e
599.04828 12.48374 -0.04664 0.05073 0.99762 eb
599.83117 12.94269 -0.04583 -0.31049 0.94947 eb
600.11251 10.67482 -0.27435 0.06204 0.95963 e
601.27404 25.89696 0.32668 -0.09698 0.94015 xb
607.44662 12.54865 0.38482 -0.00755 0.92296 eb
609.58878 10.30985 -0.46570 0.25809 0.84647 eb
617.87658 17.53283 -0.07522 -0.53636 0.84063 e
618.00617 14.80221 0.24242 -0.52735 0.81433 xb
618.71467 16.08735 0.30074 -0.15408 0.94118 e
622.59777 11.76092 -0.10942 0.15686 0.98154 e
622.66394 11.14806 0.24953 -0.12261 0.96057 e
625.73893 26.03273 0.19526 0.08836 0.97676 e
626.11351 8.31768 -0.34288 -0.26036 0.90258 eb
629.68688 19.27679 0.29930 0.53342 0.79113 eb
635.72207 23.75810 -0.57319 -0.16956 0.80169 e
637.32860 16.53016 -0.40864 -0.05186 0.91122 xb
640.38954 11.58489 -0.33301 -0.26978 0.90351 e
642.65324 17.69859 0.07228 0.14309 0.98707 e
644.63144 8.14241 0.56963 -0.37328 0.73225 eb
646.82892 13.16204 0.02298 0.07727 0.99675 e
649.34537 23.52995 -0.04899 0.19534 0.97951 e
653.77616 12.36191 0.58652 -0.15557 0.79485 e
653.92555 43.52205 0.30394 0.25249 0.91863 e
654.34634 11.91859 0.07828 -0.18979 0.97870 e
655.76771 18.11726 0.11613 0.21512 0.96966 eb
656.69683 22.13833 0.42873 -0.09917 0.89797 eb
656.74569 13.08490 0.02223 0.28638 0.95786 e
659.44395 10.95765 0.10940 0.00845 0.99396 e
659.51750 17.67829 0.40325 0.24334 0.88214 eb
663.12047 15.57660 0.20171 -0.13091 0.97066 e
667.38847 23.92368 0.24211 0.00232 0.97025 eb
680.91887 9.18256 -0.51709 -0.14900 0.84286 eb
682.14403 10.12763 -0.09620 0.00036 0.99536 e
691.18088 17.23641 0.02017 -0.04169 0.99893 e
691.58707 13.49493 -0.15769 0.50754 0.84708 e
693.49495 20.01423 0.22787 0.01577 0.97356 e
696.31486 7.05671 0.30851 -0.04088 0.95034 eb
711.82980 19.65785 0.10980 0.12719 0.98578 e
722.22032 9.04106 0.24731 -0.13815 0.95904 eb
727.50495 16.10751 0.82790 0.00272 0.56087 e
732.31435 15.09815 0.33257 -0.21622 0.91796 e
738.87923 10.64460 0.04419 -0.07495 0.99621 e
751.42439 15.45990 0.11763 0.38326 0.91612 e
754.76603 26.37538 0.07653 -0.08494 0.99344 e
756.16809 12.08600 -0.05436 -0.20981 0.97623 e
757.28775 13.27503 -0.27191 0.04731 0.96116 e
764.87340 20.95614 -0.30701 -0.35036 0.88487 e
764.90718 12.81628 0.13221 -0.07733 0.98820 eb
765.62794 22.50940 0.19218 0.11735 0.97432 x
766.70925 22.12783 -0.08334 -0.05348 0.99508 e
767.29532 33.72511 -0.01162 -0.08445 0.99636 e
772.94014 15.51495 0.24989 0.02508 0.96795 e
777.74090 4.90931 0.15136 0.48747 0.85992 e
778.15677 20.43769 -0.04590 -0.00120 0.99895 e
779.80035 21.06588 -0.50620 -0.11993 0.85404 e
781.25379 13.99436 0.32681 0.08885 0.94091 e
783.83567 5.86932 0.24233 0.22609 0.94348 x
784.06492 9.52887 0.37441 0.15668 0.91393 xb
786.92147 23.94619 0.19512 0.06448 0.97866 e
789.63814 5.85357 -0.21559 0.19415 0.95699 eb
790.74205 15.45032 0.15560 0.01638 0.98768 eb
794.80237 24.83824 0.24571 0.07995 0.96604 e
795.62587 17.45495 -0.09417 0.06743 0.99327 xb
798.83350 28.30340 0.05795 -0.00457 0.99831 e
803.19497 22.24918 -0.03469 -0.10191 0.99419 eb
804.43192 21.30662 0.61841 -0.08251 0.78151 eb
812.87251 7.15334 -0.05470 -0.06623 0.99630 e
814.89211 6.84642 -0.07818 0.43318 0.89791 e
817.34149 12.81446 0.03456 0.03066 0.99893 xb
826.54230 16.35384 0.21363 -0.03956 0.97611 xb
829.47218 14.26508 -0.11189 -0.03386 0.99314 e
832.08221 18.71426 -0.07975 0.42573 0.90133 eb
833.41893 22.33877 -0.10766 0.07099 0.99165 e
834.68552 12.64334 -0.03056 -0.24862 0.96812 xb
838.26055 6.34185 0.39726 0.04595 0.91656 eb
839.51350 21.69640 -0.02870 0.26269 0.96445 eb
839.69778 12.18485 -0.49089 0.17562 0.85334 eb
843.20769 11.47256 0.00855 -0.10232 0.99471 e
851.52532 9.97575 0.15638 0.07816 0.98460 e
853.27238 16.27622 -0.11110 0.26371 0.95818 eb
860.75363 18.02683 -0.85499 0.11448 0.50585 e
875.20676 24.66164 0.07476 0.05073 0.99591 x
883.57387 29.95851 0.05011 0.02323 0.99847 e
886.49228 12.35787 -0.73586 -0.23697 0.63431 x
892.96433 6.52804 -0.13447 0.27548 0.95185 e
896.59792 23.62308 -0.05871 0.07245 0.99564 e
897.08685 12.29564 0.09228 -0.57439 0.81336 e
899.95121 36.47006 -0.10778 0.00494 0.99416 e
904.40406 22.24720 0.02634 -0.05609 0.99808 e
904.71192 8.53491 0.04177 0.23955 0.96999 e
905.68050 11.03918 -0.22733 0.07435 0.97098 e
906.90753 14.36752 -0.14755 -0.06617 0.98684 eb
909.00255 26.99099 0.15890 -0.14579 0.97647 xb
909.21269 8.81322 -0.12527 -0.35932 0.92477 e
912.00686 26.11676 0.65850 -0.09061 0.74710 e
917.33173 23.93469 -0.01550 -0.12814 0.99163 e
920.21302 18.81897 -0.16670 -0.10962 0.97990 e
920.87718 33.59003 -0.10282 -0.00734 0.99467 e
927.23635 14.62325 -0.11509 0.14219 0.98313 e
930.17607 23.94417 -0.25514 0.66542 0.70151 eb
930.53592 13.78150 -0.08480 0.07227 0.99377 xb
933.27176 10.43782 -0.86574 -0.00511 0.50047 e
934.05194 6.13284 -0.30951 0.64260 0.70091 e
935.35205 9.07329 0.46388 -0.12573 0.87693 eb
936.33074 18.77706 0.41884 0.04668 0.90686 x
939.13041 29.81721 0.37741 0.29835 0.87667 x
944.49811 14.34424 -0.33305 -0.21485 0.91810 e
947.36630 14.10759 -0.03934 -0.02379 0.99894 e
947.57916 8.56215 -0.17238 0.14888 0.97371 e
949.17547 10.33783 0.07805 -0.21949 0.97249 e
960.45285 18.64014 0.27553 -0.31304 0.90889 x
961.33425 12.89310 0.03383 0.31470 0.94859 e
962.39215 19.67765 0.09871 0.32300 0.94124 e
968.97851 12.54065 -0.35313 0.24872 0.90191 xb
969.06095 10.54749 -0.16110 -0.34580 0.92437 eb
970.07615 10.48710 -0.63717 -0.26302 0.72446 eb
975.53475 10.56363 -0.23348 -0.27419 0.93290 e
976.68763 19.63494 0.16677 -0.43028 0.88716 e
977.46349 17.53843 -0.08029 -0.06803 0.99445 e
978.18916 13.92102 0.29619 0.23812 0.92497 e
978.56073 5.34041 -0.48765 0.42252 0.76399 e
979.18875 22.05059 0.28666 -0.15884 0.94477 e
979.87951 10.81314 -0.24776 -0.12467 0.96077 e
980.83164 32.87147 0.03329 -0.09326 0.99509 e
990.98915 4.32570 0.40214 0.15884 0.90170 e
996.94986 8.95942 -0.31227 0.09506 0.94522 xb
1001.34396 28.19503 0.48040 -0.12505 0.86809 eb
1001.82658 5.51234 0.59642 0.44606 0.66732 eb
1007.89555 10.64144 0.15468 -0.12144 0.98047 e
1008.61398 27.27526 0.10720 0.04221 0.99334 e
1010.65161 10.95902 -0.72305 -0.02399 0.69038 eb
1013.19618 4.18577 -0.32661 0.29193 0.89895 e
1016.84290 20.66728 0.34969 0.35927 0.86524 e
1026.55488 14.06455 -0.30251 -0.13266 0.94387 e
1031.34916 23.15001 0.00538 0.06983 0.99754 x
1032.96227 18.03503 -0.05244 -0.30467 0.95101 e
1037.20021 7.67619 -0.09022 -0.17645 0.98017 e
1042.98232 6.51593 0.34624 -0.16047 0.92432 e
1045.53647 10.87871 -0.04976 -0.10792 0.99291 xb
1047.40127 12.76008 0.04956 -0.06462 0.99668 e
1048.91642 18.01334 -0.03462 -0.07235 0.99678 e
1049.12160 17.83155 0.20996 -0.22779 0.95081 eb
1052.48602 12.63793 0.21147 0.07644 0.97439 e
1052.86399 19.21695 0.48703 -0.04809 0.87206 e
1058.52184 34.97124 0.06281 0.07440 0.99525 e
1058.88136 7.08482 -0.40787 -0.24253 0.88024 e
1062.58129 16.78259 -0.22606 0.01866 0.97394 eb
1065.26995 28.94050 0.15079 0.10890 0.98255 xb
1067.16686 20.09865 -0.05285 -0.06951 0.99618 e
1067.25677 16.90559 -0.02669 0.16886 0.98528 xb
1069.52408 14.32152 0.26269 -0.02908 0.96444 e
1070.78882 22.16740 -0.03657 0.43228 0.90100 eb
1070.84481 18.47990 -0.06193 -0.08885 0.99412 xb
1071.36419 19.84591 -0.13227 0.45635 0.87992 eb
1073.02005 19.31662 0.08824 -0.09344 0.99171 e
1077.77425 19.30383 0.09752 -0.23818 0.96631 e
1079.40257 11.59039 -0.20018 0.44730 0.87169 e
1080.11060 12.25145 0.02281 -0.07723 0.99675 e
1081.25080 23.35452 0.29891 0.05543 0.95267 x
1097.97132 27.31545 0.15414 -0.21634 0.96407 e
1100.42790 13.11767 -0.41875 0.08942 0.90369 e
1107.95674 9.05876 -0.32115 -0.09778 0.94197 xb
1113.23399 18.29956 -0.14635 -0.06374 0.98718 x
1113.39677 1.69601 -0.44851 -0.03140 0.89322 eb
1113.69324 14.18281 0.06617 -0.28084 0.95747 xb
1120.97149 7.39808 0.15448 0.10296 0.98262 e
1121.49672 13.96881 0.31621 0.30552 0.89815 e
1126.16963 13.57886 -0.03629 -0.11790 0.99236 e
1127.10247 16.28267 0.21255 -0.28480 0.93472 e
1130.44299 12.97785 0.23668 -0.18751 0.95332 e
1131.83822 19.26087 -0.15117 0.06966 0.98605 eb
1136.00266 21.20752 -0.13472 -0.08730 0.98703 e
1136.60215 12.28939 0.38118 -0.63821 0.66887 xb
1144.70773 6.60951 0.05045 0.40691 0.91207 xb
1145.50520 9.77543 0.06996 -0.22619 0.97157 e
1147.75863 3.50667 -0.01414 0.41540 0.90953 x
1150.56679 5.25355 -0.37976 -0.44644 0.81023 e
1151.68883 22.59251 0.08700 0.22762 0.96986 x
1153.70637 17.03846 -0.46462 0.29531 0.83482 xb
1158.69476 18.50225 -0.02412 0.04368 0.99875 e
1159.43262 8.98601 -0.07108 -0.05464 0.99597 e
1167.04805 18.70497 0.00911 -0.11006 0.99388 e
1170.64515 32.58120 -0.09129 0.13217 0.98701 e
1170.94563 8.40662 0.61186 0.34034 0.71400 e
1171.77145 19.85137 0.07086 -0.44253 0.89395 eb
1174.36737 23.30272 -0.08505 -0.17276 0.98129 e
1177.71009 28.35667 -0.16557 -0.21486 0.96251 e
1188.55543 9.86996 -0.10668 0.06762 0.99199 e
1189.02617 9.80376 0.12635 -0.11047 0.98582 eb
1196.72975 27.47665 0.06128 -0.29237 0.95434 e
1201.70469 12.52076 0.34770 0.80601 0.47901 eb
1205.96416 25.83667 -0.52546 0.06867 0.84804 e
1210.98578 11.07102 0.35233 -0.02064 0.93565 e
1213.51069 15.81651 -0.11124 0.21968 0.96921 x
1215.93005 29.60804 -0.30894 0.55299 0.77380 xb
1218.99519 3.81042 -0.49662 -0.43499 0.75110 e
1221.34130 32.50616 -0.10746 0.41577 0.90310 e
1223.71970 19.66537 0.19843 -0.00840 0.98008 e
1224.67219 27.15989 0.57144 -0.41915 0.70552 e
1234.37966 15.41514 -0.05605 0.18491 0.98116 eb
1241.18973 17.58740 -0.21362 -0.33053 0.91930 x
1250.27817 41.66105 -0.41212 -0.12919 0.90192 eb
1252.48725 12.65215 -0.31933 -0.08032 0.94423 e
1256.42604 22.21739 0.23702 -0.63441 0.73576 x
1268.63182 2.42318 0.40370 -0.41252 0.81661 e
1269.80043 11.22101 -0.18676 0.06665 0.98014 e
1270.84574 20.87983 -0.48324 -0.11677 0.86766 e
1272.48012 19.06510 0.11154 -0.07551 0.99089 e
1274.42668 30.28190 -0.10252 -0.01661 0.99459 e
1286.52921 3.87196 0.14864 0.10703 0.98308 e
1291.37349 8.68522 -0.04204 -0.29779 0.95371 e
1293.85349 12.45443 0.20301 0.38132 0.90188 x
1296.00279 22.31811 0.15393 -0.15159 0.97638 eb
1297.10129 11.18830 -0.11333 -0.00212 0.99356 x
1304.56194 19.50737 -0.00384 -0.27014 0.96281 e
1309.67387 37.39056 0.07590 -0.05278 0.99572 e
1311.72493 18.57878 -0.27364 0.01921 0.96164 eb
1312.20181 8.74319 -0.33624 -0.21933 0.91588 e
1313.04566 5.78304 0.09485 -0.13982 0.98562 xb
1313.24290 11.66452 -0.72535 -0.18288 0.66364 e
1316.56114 12.77649 0.18778 0.50862 0.84027 e
1319.82799 4.69522 0.18849 -0.73342 0.65312 eb
1330.84150 11.54802 -0.09338 0.77762 0.62177 e
1334.24516 19.15597 -0.04720 -0.17558 0.98333 e
1343.00242 13.40038 -0.58482 -0.43036 0.68758 e
1343.75052 32.47666 0.06440 0.31540 0.94677 e
1349.03617 16.94578 -0.33752 0.21618 0.91616 e
1359.90036 6.49939 0.12824 0.13436 0.98260 e
1360.68154 24.48875 -0.17399 -0.02747 0.98436 e
1363.72758 3.85347 0.26598 -0.23389 0.93517 e
1364.13304 6.70855 -0.25900 -0.07524 0.96294 xb
1366.13967 10.75435 -0.30978 0.12533 0.94251 e
1368.36980 5.35522 0.23757 -0.03741 0.97065 e
1370.92899 4.75298 0.45649 -0.21754 0.86272 e
1375.77882 5.58096 0.03005 0.34377 0.93857 e
1380.80219 29.95368 0.19537 0.24462 0.94973 e
1388.32173 18.06011 -0.05920 0.06119 0.99637 e
1395.25865 20.81172 0.71580 0.40629 0.56794 eb
1397.88875 18.48436 -0.12138 -0.24386 0.96218 e
1406.11300 17.22333 0.10456 -0.15339 0.98262 e
1414.08576 10.33736 0.17281 -0.46332 0.86918 eb
1416.46121 11.77054 -0.10553 0.48979 0.86543 e
1429.15879 61.15089 0.14185 -0.08801 0.98597 e
1431.82099 16.25441 0.08491 0.11783 0.98940 xb
1436.38465 15.00955 0.20590 -0.05069 0.97726 e
1439.29224 13.29076 -0.06469 -0.14202 0.98775 e
1441.98767 15.44943 -0.03268 -0.21474 0.97613 e
1449.01492 26.82030 0.16884 0.08781 0.98172 xb
1452.74832 15.41426 0.01930 -0.07240 0.99719 e
1455.43530 34.79317 -0.17285 -0.09638 0.98022 e
1459.95691 14.41066 0.23478 -0.05578 0.97045 xb
1465.48829 4.19666 -0.01256 0.17114 0.98517 e
1483.57269 2.98874 -0.32435 0.37257 0.86948 eb
1484.54502 27.02098 0.20119 -0.48484 0.85115 e
1493.82739 12.81718 -0.64140 -0.41040 0.64821 e
1494.45810 20.46305 0.07280 -0.19997 0.97709 e
1495.59032 13.40738 -0.20650 -0.03741 0.97773 xb
1513.24848 9.48113 -0.33428 -0.26087 0.90565 xb
1514.79059 30.64963 0.05622 -0.31828 0.94633 e
1519.23473 6.44867 0.24242 -0.23572 0.94110 eb
1535.14357 17.35783 0.25234 0.16844 0.95287 e
1543.36027 19.86462 -0.09110 -0.10979 0.98977 e
1543.39013 24.50353 0.11799 0.22698 0.96672 e
1544.17293 14.27236 0.10241 0.05466 0.99324 e
1545.38932 19.29840 -0.02954 -0.11971 0.99237 e
1551.66570 11.16559 0.21488 -0.84645 0.48718 eb
1551.76249 11.27322 0.18766 0.01980 0.98203 e
1552.10153 6.95403 -0.75919 0.40641 0.50840 eb
1562.24257 19.53373 0.29250 0.16257 0.94235 e
1571.32874 13.11109 -0.03543 -0.07133 0.99682 e
1574.06440 14.97721 0.82088 -0.21030 0.53098 x
1576.43986 10.01625 -0.05748 -0.70975 0.70210 e
1579.31687 41.41695 0.01887 -0.21757 0.97586 xb
1588.06163 14.44189 -0.13551 0.00205 0.99077 e
1589.74240 12.90596 -0.03531 -0.34608 0.93754 e
1590.55408 22.63216 -0.71901 -0.21444 0.66109 e
1595.71359 14.43296 0.04618 0.17535 0.98342 xb
1598.13551 18.53675 0.02794 -0.36179 0.93184 eb
1602.96661 21.60711 0.06687 -0.01160 0.99769 eb
1608.05357 8.15631 -0.06198 0.18761 0.98029 e
1611.42001 4.61739 0.60716 0.27336 0.74608 eb
1623.71573 7.75035 -0.30195 0.28503 0.90972 xb
1626.75756 16.49381 -0.28161 -0.29474 0.91314 e
1628.20263 16.89972 0.04475 -0.13748 0.98949 e
1634.07082 11.45065 0.04333 0.05408 0.99760 e
1638.18521 9.70474 -0.49329 -0.12474 0.86087 eb
1638.57892 16.98231 0.12016 0.45135 0.88422 e
1647.04328 3.63781 0.03036 -0.20813 0.97763 e
1649.72162 21.20291 0.05597 -0.04084 0.99760 e
1652.01378 19.83122 0.21381 0.07161 0.97425 x
1652.44509 10.10717 -0.17192 0.05345 0.98366 e
1662.63302 11.59931 -0.43012 0.01919 0.90257 e
1666.03583 15.18435 0.40626 0.18834 0.89414 e
1678.51376 23.19755 -0.10033 -0.22124 0.97004 e
1684.23227 30.71141 0.02681 0.04282 0.99872 e
1692.32529 10.66021 0.14934 -0.23509 0.96043 x
1698.85991 24.81107 0.17313 -0.26193 0.94943 e
1701.69379 20.17732 0.84304 -0.26739 0.46668 eb
1702.96693 15.85295 -0.13893 -0.48677 0.86241 eb
1703.22639 12.11484 0.15073 -0.34063 0.92804 e
1703.78874 7.45542 0.08092 -0.05922 0.99496 e
1707.73043 14.33285 0.25489 0.15751 0.95406 e
1710.90328 20.07963 -0.03424 0.07592 0.99653 e
1711.48428 15.74550 -0.14446 0.25676 0.95562 e
1720.63424 24.49634 -0.45341 0.26737 0.85025 x
1725.64367 9.17919 -0.06867 -0.27708 0.95839 x
1725.92237 16.89797 0.12123 -0.15908 0.97979 e
1730.74629 12.74751 -0.16739 -0.16952 0.97121 e
1731.99148 37.76612 0.02672 -0.42227 0.90607 eb
1734.58839 17.58164 -0.18098 0.17607 0.96760 xb
1743.26178 10.99380 -0.59793 -0.02981 0.80099 eb
1750.72913 6.23620 0.13053 -0.27310 0.95309 e
1753.71666 13.03181 -0.04735 0.12223 0.99137 e
1757.17432 5.48289 -0.84742 0.11382 0.51857 e
1773.14900 14.61270 0.16246 -0.30239 0.93924 eb
1775.31079 16.32801 -0.11487 -0.67515 0.72868 eb
1792.37101 2.96238 -0.69581 -0.45019 0.55963 e
1798.78335 8.73857 -0.33421 -0.31184 0.88942 eb
1803.92588 12.05738 -0.00513 -0.48441 0.87483 e
1832.34569 4.41520 0.06237 0.56098 0.82548 x
1835.42254 5.49001 0.15932 -0.00231 0.98722 e
1835.89828 18.08892 0.03787 0.14772 0.98830 xb
1838.22844 35.08309 -0.11498 0.07656 0.99041 e
1844.14947 8.44439 -0.44936 -0.15256 0.88023 e
1844.66339 11.30546 0.10771 0.04424 0.99320 e
1852.58212 12.92127 0.17802 -0.47729 0.86053 x
1856.81321 14.38417 0.18510 -0.09091 0.97850 e
1858.22778 14.78614 -0.36601 -0.50081 0.78436 x
1859.30937 13.17091 -0.50989 0.24184 0.82555 e
1860.77048 11.97951 0.15044 0.38351 0.91120 xb
1869.34717 17.88638 -0.00012 -0.35351 0.93543 e
1876.96879 21.35693 -0.04631 0.26653 0.96271 e
1891.82967 23.57652 0.06528 0.11277 0.99147 e
1901.22101 19.60726 0.01653 -0.23291 0.97236 e
1903.16943 9.42707 -0.04081 0.23269 0.97169 eb
1911.45589 30.16843 -0.00280 -0.26595 0.96398 e
1925.77283 15.48759 -0.11503 -0.09259 0.98904 e
1925.93231 13.15715 0.40583 0.13960 0.90323 eb
1930.82782 24.61566 -0.17773 -0.02798 0.98368 e
1931.58748 11.20363 -0.36062 -0.46004 0.81136 e
1943.27256 34.04207 0.06311 0.04730 0.99688 e
1948.68539 8.99122 -0.77628 0.06316 0.62722 eb
1951.75526 14.23137 0.09741 -0.16747 0.98105 e
1957.25691 11.57654 0.09080 0.68848 0.71955 xb
1959.32509 13.83742 -0.02656 0.42140 0.90648 xb
1964.37061 12.35621 -0.21086 -0.16450 0.96357 e
1964.79866 14.31722 0.14667 0.02413 0.98889 e
1975.83699 25.82217 -0.10085 -0.12750 0.98670 e
1981.86154 35.87952 0.12487 -0.02286 0.99191 e
1983.61728 10.24427 0.20919 -0.10053 0.97269 eb
1987.04544 9.74427 0.17963 -0.09989 0.97865 e
1987.51187 6.34710 0.15480 0.29493 0.94290 xb
1987.74814 5.27717 -0.26007 0.04280 0.96464 x
1991.49732 23.34151 -0.28189 0.45841 0.84285 e
1992.71371 19.56779 -0.23223 -0.33912 0.91163 e
1994.80937 42.50214 0.11301 0.03347 0.99303 e
1995.78991 16.14419 0.04112 0.24531 0.96857 e
1998.60918 26.72389 0.16040 -0.06911 0.98463 e
2002.20909 6.38378 0.73008 0.40102 0.55333 eb
2010.02756 27.23594 0.02797 -0.07437 0.99684 e
2013.09232 12.41960 0.17535 -0.10450 0.97894 e
2015.71720 15.35810 -0.05743 0.15900 0.98561 e
2018.37374 16.55254 0.02774 -0.22783 0.97331 x
2021.45938 19.86109 -0.35780 0.50757 0.78381 eb
2030.71741 2.96865 0.10797 0.29017 0.95087 eb
2034.61118 2.93783 -0.24947 0.22509 0.94186 e
2035.45430 16.80678 -0.11670 -0.37217 0.92080 eb
2035.68277 9.01269 -0.13282 -0.06109 0.98926 e
2039.43572 11.46619 -0.48154 -0.12515 0.86745 eb
2042.44770 11.06029 -0.01443 -0.05495 0.99838 e
2045.40084 6.67561 -0.13938 -0.08681 0.98643 e
2046.41305 10.67224 -0.22538 0.25644 0.93992 eb
2055.74655 13.08696 0.00508 0.29469 0.95558 xb
2056.47774 11.85819 -0.47082 0.33898 0.81450 e
2062.15536 13.09175 0.03927 0.13625 0.98990 e
2093.31282 10.04498 0.13613 -0.07357 0.98796 e
2096.96939 7.29837 0.39976 0.12656 0.90784 e
2098.41212 21.42230 0.28659 0.39233 0.87404 xb
2104.28992 21.92582 0.14847 0.53925 0.82896 eb
2110.98207 5.24111 -0.18401 0.30604 0.93407 xb
2122.96798 8.04833 0.34165 0.14717 0.92823 eb
2126.23052 18.07033 0.11807 0.14857 0.98183 e
2126.34717 37.27986 -0.00129 0.16976 0.98548 x
2132.56400 20.98059 -0.06531 -0.06971 0.99543 x
2141.94650 10.50497 -0.24384 -0.66849 0.70261 e
2150.17614 12.03714 -0.20172 -0.27194 0.94093 e
2152.76746 17.08968 -0.13280 -0.21011 0.96862 e
2154.09829 20.88688 0.01583 -0.02131 0.99965 x
2158.05740 26.41634 0.11207 0.20698 0.97191 eb
2158.44237 21.11978 -0.19944 -0.25710 0.94558 e
2159.86112 15.53570 -0.51628 0.40933 0.75227 eb
2161.28114 20.29190 0.12211 0.10225 0.98724 e
2166.01599 24.62084 0.00892 -0.00720 0.99993 e
2176.03380 9.07652 -0.41621 0.08960 0.90484 eb
2187.24804 14.36902 0.03871 -0.01119 0.99919 e
2189.13375 10.97354 0.06114 0.31368 0.94756 x
2192.17383 12.96748 0.01078 0.21985 0.97547 e
2196.03371 19.28557 0.23605 0.31917 0.91783 x
2201.16323 21.61783 -0.07290 -0.20890 0.97522 e
2202.70806 13.12596 0.10368 -0.61048 0.78522 eb
2202.77774 13.86803 0.07729 -0.04273 0.99609 xb
2222.81241 10.39016 -0.50765 -0.29140 0.81079 eb
2256.54568 20.49470 0.15473 0.29627 0.94249 e
2270.06710 12.38657 0.37652 0.13836 0.91602 x
2273.41491 15.57373 0.57978 0.06491 0.81218 eb
2273.43212 11.92254 0.08351 -0.20831 0.97449 e
2274.66411 18.58647 0.24500 0.50089 0.83011 eb
2282.02605 28.92182 -0.11412 -0.12946 0.98500 xb
2301.26073 12.06476 -0.02029 -0.39326 0.91920 eb
2305.35401 12.65731 -0.12265 0.23601 0.96398 xb
2305.91848 15.67358 -0.03087 0.12193 0.99206 e
2311.85064 29.84946 -0.18725 -0.22702 0.95572 xb
2311.93264 9.98686 0.54023 -0.14268 0.82933 eb
2319.62220 9.10401 -0.19816 0.46504 0.86283 xb
2320.27269 17.00929 0.12549 -0.23929 0.96281 e
2324.01206 16.52131 0.03415 -0.07470 0.99662 e
2327.09748 17.92101 0.07205 -0.01897 0.99722 e
2335.57386 10.93080 0.09127 0.22311 0.97051 e
2337.96603 20.20070 0.02471 0.05513 0.99817 x
2338.96602 5.22975 -0.02157 0.13589 0.99049 e
2340.70108 7.89012 0.21661 -0.51118 0.83173 x
2341.45268 18.70161 0.00165 -0.19501 0.98080 e
2357.56509 40.16079 -0.14433 0.09504 0.98495 e
2363.47598 12.82163 -0.01582 -0.45901 0.88829 e
2370.12960 4.52792 0.69262 0.29258 0.65930 x
2377.50438 18.59376 -0.05794 0.14015 0.98843 e
2380.97975 9.03636 0.42591 -0.30706 0.85107 eb
2386.99165 16.35063 0.17605 -0.22670 0.95792 e
2399.21751 10.97808 -0.25227 0.25859 0.93247 e
2402.70289 8.94849 0.73934 -0.34782 0.57655 eb
2406.97359 14.51079 0.47933 -0.16791 0.86142 e
2411.04784 17.89792 -0.35030 -0.18576 0.91803 eb
2423.38617 11.00999 -0.10702 0.03525 0.99363 eb
2430.54415 22.14527 -0.07816 0.03185 0.99643 e
2433.00023 16.98069 0.11306 0.17654 0.97778 e
2440.35241 14.64364 0.20789 -0.40482 0.89045 xb
2451.30343 3.63404 -0.14716 0.07159 0.98652 xb
2451.55407 11.02956 -0.58308 0.27650 0.76392 e
2454.63656 22.59073 0.07117 -0.09093 0.99331 x
2459.85038 15.58678 0.32403 -0.21663 0.92091 eb
2471.70689 27.63845 -0.03397 -0.12643 0.99139 eb
2472.00051 12.14006 -0.25599 0.39601 0.88184 x
2475.97083 12.12309 0.60698 0.01527 0.79457 eb
2485.74740 15.90970 -0.51646 -0.06848 0.85357 e
2505.83472 10.58797 0.16751 -0.26771 0.94882 e
2509.27615 12.76014 -0.01691 -0.17666 0.98413 e
2514.04595 8.45527 -0.33520 -0.09815 0.93702 e
2515.18678 17.14388 0.20571 0.26640 0.94166 e
2520.51394 23.19961 -0.07223 0.03318 0.99684 e
2535.80266 16.04721 -0.00641 -0.73833 0.67441 eb
2538.00269 11.38374 -0.31223 0.22680 0.92254 x
2542.09185 30.30034 0.15422 0.01534 0.98792 e
2544.98654 15.63251 -0.00753 -0.02187 0.99973 e
2545.93516 9.14695 0.21331 -0.01812 0.97682 e
2550.78898 19.48916 0.03101 -0.07416 0.99676 e
2553.63960 11.33085 -0.11036 -0.09269 0.98956 e
2572.30670 21.99148 0.34115 -0.06608 0.93768 e
2580.78637 3.39536 0.10608 -0.08308 0.99088 x
2584.77611 13.09406 0.10024 -0.18677 0.97728 eb
2589.82838 13.27609 0.00994 0.11375 0.99346 e
2603.18953 6.47565 0.05133 0.29209 0.95501 e
2603.54524 25.24087 0.53493 0.39251 0.74819 e
2608.47110 13.12920 0.22341 -0.21748 0.95015 e
2647.43125 11.98983 0.04224 -0.03626 0.99845 e
2651.77297 43.51312 -0.13715 0.11336 0.98404 e
2658.01319 14.78930 0.02216 0.12617 0.99176 e
2677.36724 24.92792 0.36958 0.09682 0.92414 e
2681.57647 15.85802 0.13349 -0.07242 0.98840 e
2686.83581 18.67126 -0.25465 -0.03790 0.96629 e
2708.12145 5.28059 -0.21850 -0.58142 0.78372 e
2715.55210 15.47240 0.70548 0.10506 0.70090 eb
2718.90665 15.71330 0.17634 -0.06211 0.98237 e
2721.78361 8.32151 -0.32144 0.55277 0.76884 e
2753.46108 23.86171 0.00619 -0.04600 0.99892 e
2768.24414 16.68240 -0.57875 -0.19612 0.79157 e
2771.80886 22.46640 0.10648 -0.06395 0.99226 e
2776.47262 8.91170 0.24810 -0.10656 0.96286 eb
2777.54382 22.15291 0.21278 0.19586 0.95727 e
2778.45330 18.14168 -0.08851 0.65861 0.74726 xb
2781.61143 13.18611 0.01976 0.04557 0.99877 e
2786.68164 10.09871 0.01623 -0.18318 0.98295 e
2797.22759 22.06875 -0.34721 0.28517 0.89338 eb
2809.84172 16.69653 0.21010 0.66370 0.71789 e
2821.72631 15.18574 0.05997 0.10187 0.99299 e
2825.10877 5.29878 0.10739 0.16778 0.97996 e
2825.89411 5.46108 0.54395 0.39889 0.73824 eb
2832.02183 9.89709 0.16576 -0.34365 0.92435 xb
2840.82314 32.59756 0.06218 0.15592 0.98581 e
2843.56461 6.80225 -0.50388 -0.11216 0.85646 e
2844.61218 13.09291 -0.43365 -0.15278 0.88803 eb
2845.43371 16.33532 -0.50429 0.18526 0.84343 e
2847.91778 18.44480 -0.15312 0.27394 0.94948 e
2861.29953 12.11837 -0.03462 0.07346 0.99670 e
2861.75032 12.35611 -0.24554 -0.06690 0.96707 e
2863.03617 4.95791 0.28370 -0.14461 0.94795 e
2866.69711 11.21885 -0.06614 0.40948 0.90992 e
2871.43974 16.23002 -0.04359 0.06453 0.99696 e
2871.85869 12.90195 0.15366 -0.32668 0.93256 eb
2889.98935 23.07709 -0.11329 0.13911 0.98378 x
2893.34977 26.34846 -0.05576 -0.19335 0.97954 e
2898.23486 15.33959 0.44038 -0.45646 0.77312 e
2899.26299 13.52167 -0.17469 0.53311 0.82781 e
2909.70208 26.72061 -0.06788 -0.02390 0.99741 eb
2925.81411 25.40351 0.03698 0.24144 0.96971 e
2928.97052 8.43526 -0.16975 -0.40909 0.89657 e
2946.45904 15.69692 -0.42444 0.02973 0.90497 eb
2959.41722 4.75838 0.15558 -0.00811 0.98779 xb
2962.81390 13.73393 0.13195 0.43550 0.89046 e
2963.57847 19.17585 -0.12406 0.00895 0.99223 e
2968.18606 17.09254 -0.14555 0.07009 0.98686 e
2976.10415 15.02058 -0.26488 0.31506 0.91136 eb
2976.28114 23.34928 -0.58761 0.01175 0.80906 x
2987.44410 25.74519 -0.19862 -0.21121 0.95705 e
2998.32244 18.91232 -0.38200 -0.03544 0.92348 xb
3014.76595 11.02647 0.15507 -0.17362 0.97253 e
3021.30464 11.69209 0.41054 -0.02444 0.91151 e
3025.34232 10.89863 0.40668 -0.23779 0.88208 x
3026.73784 17.97699 -0.10121 0.47036 0.87665 eb
3041.02314 16.21280 -0.27019 -0.42686 0.86301 xb
3059.47768 15.68845 -0.01507 -0.01720 0.99974 xb
3084.74450 27.43914 0.08139 -0.02568 0.99635 e
3087.12548 7.74548 -0.19355 -0.01999 0.98089 xb
3102.96274 10.57448 -0.03196 0.01312 0.99940 e
3108.58535 15.90002 -0.73613 0.47786 0.47934 xb
3115.16222 22.07984 -0.09301 -0.28195 0.95491 e
3147.80935 5.04705 -0.53767 -0.61773 0.57386 e
3153.54691 11.38605 -0.07031 0.09404 0.99308 e
3154.83716 10.65949 0.18699 -0.06383 0.98029 x
3171.00536 12.12058 -0.05053 0.59612 0.80130 e
3172.37903 35.81088 0.41682 0.10894 0.90244 eb
3221.95544 6.39483 0.07059 0.10616 0.99184 e
3223.32237 28.17111 -0.56660 0.60356 0.56097 xb
3244.67042 12.18267 0.03113 0.02172 0.99928 xb
3247.88371 13.30110 0.58354 -0.65441 0.48086 eb
3250.83637 7.24824 -0.01812 -0.52410 0.85146 x
3276.54419 7.98195 0.20606 -0.37153 0.90527 eb
3300.20241 9.07939 0.37567 -0.04487 0.92567 eb
3318.36231 10.79309 -0.01629 -0.00536 0.99985 xb
3322.25878 19.46568 -0.16205 0.05903 0.98502 e
3329.02903 17.69529 -0.09171 0.23884 0.96672 xb
3333.52977 6.07375 0.14947 -0.15489 0.97656 e
3333.98451 12.72603 -0.24475 -0.61669 0.74819 x
3344.86280 4.27547 0.34135 0.35685 0.86956 eb
3348.11999 13.23058 -0.17823 0.41613 0.89167 x
3352.50622 4.30319 -0.18307 0.15527 0.97076 e
3355.52827 8.17683 -0.41406 -0.31334 0.85462 x
3369.65367 13.83351 -0.18097 -0.01587 0.98336 e
3377.59774 17.16165 0.07968 0.11383 0.99030 x
3383.59515 14.92439 0.11210 -0.10748 0.98787 xb
3386.70920 8.52611 0.09829 -0.02204 0.99491 x
3400.76046 14.81560 0.17181 -0.48700 0.85634 eb
3408.21212 9.73081 0.53133 -0.10316 0.84086 e
3415.65244 9.86997 -0.32357 0.11697 0.93895 x
3427.60747 5.92679 -0.30555 0.07503 0.94922 eb
3441.84050 12.69814 0.18705 0.16794 0.96789 x
3446.52925 14.40359 0.02468 0.03227 0.99917 e
3462.00753 9.70561 -0.03587 0.17394 0.98410 e
3470.99403 11.35182 -0.64747 -0.49508 0.57938 x
3493.09659 10.74840 0.26274 -0.46602 0.84486 x
3511.73316 14.74867 0.19460 0.48664 0.85165 e
3516.10288 7.46396 0.57091 -0.38290 0.72625 eb
3520.42142 8.95304 -0.27448 -0.08055 0.95821 x
3526.65086 8.30282 -0.31335 -0.08663 0.94568 e
3531.86120 17.79031 0.22452 0.26785 0.93693 e
3547.93161 13.89975 -0.23141 0.83326 0.50213 eb
3551.94444 14.68072 0.03445 -0.29255 0.95563 xb
3568.27688 10.90089 -0.06398 0.22086 0.97321 e
3572.48911 10.85447 -0.21644 -0.05532 0.97473 e
3583.33212 6.72248 -0.20575 -0.04336 0.97764 e
3589.95952 12.78149 -0.43586 -0.18706 0.88036 e
3595.09466 9.01066 0.26799 0.11984 0.95594 x
3598.29505 18.56612 0.37443 -0.12230 0.91915 e
3612.04134 12.22958 0.28427 -0.69195 0.66362 xb
3613.70636 17.44529 0.35032 0.39221 0.85056 xb
3624.46558 29.36145 -0.06771 -0.13003 0.98920 xb
3630.04734 5.55881 0.04684 0.10960 0.99287 e
3649.08440 26.78368 -0.14015 -0.03366 0.98956 e
3649.36162 9.84354 0.19273 -0.24687 0.94969 e
3658.42045 15.66004 0.03267 -0.23100 0.97240 e
3683.71795 9.73238 -0.36113 -0.03857 0.93172 e
3688.37728 23.59382 -0.06559 0.07461 0.99505 xb
3704.73822 11.13605 0.05639 0.05120 0.99710 eb
3705.11948 9.78832 0.40731 0.60258 0.68629 e
3706.69301 11.67606 -0.22828 0.59834 0.76803 e
3720.57022 9.37398 0.56620 0.10561 0.81747 xb
3722.98105 4.89484 0.56407 0.03942 0.82478 xb
3730.28450 12.05496 0.10659 -0.30290 0.94704 e
3737.13991 10.26598 -0.07001 0.13456 0.98843 xb
3738.29465 11.84853 0.49022 0.25086 0.83472 eb
3746.46694 9.33872 0.26198 0.10501 0.95934 e
3748.20768 22.83411 0.01198 0.05695 0.99830 e
3750.32400 8.16051 -0.07136 -0.53499 0.84184 x
3775.59889 9.83251 -0.72943 0.48044 0.48694 x
3779.46943 9.52552 0.14328 0.16362 0.97606 x
3782.13640 8.03187 -0.14921 -0.63639 0.75680 x
3786.18741 17.85037 -0.23576 -0.33751 0.91132 x
3788.61342 7.06304 -0.22431 -0.08117 0.97113 xb
3798.81606 11.09880 -0.15228 0.32296 0.93408 x
3801.51909 6.54281 -0.29252 -0.43413 0.85204 eb
3805.62062 13.68366 -0.10196 0.43049 0.89682 xb
3806.45243 9.56772 0.23111 -0.34519 0.90963 e
3812.68297 15.84914 0.32715 -0.28884 0.89975 e
3819.87160 7.12216 -0.03361 0.11904 0.99232 xb
3828.27052 14.50479 -0.20704 -0.16737 0.96391 e
3860.80233 17.91410 -0.12532 0.47528 0.87087 e
3876.31071 13.11918 0.09056 0.02559 0.99556 e
3877.33413 14.26444 -0.23003 -0.29687 0.92680 e
3892.82073 11.35144 -0.13628 -0.03131 0.99018 x
3903.84763 9.26836 -0.42352 0.35880 0.83180 e
3903.89961 31.56160 0.06332 0.05435 0.99651 x
3921.71969 10.83389 -0.35862 -0.27140 0.89316 xb
3931.23802 8.75673 -0.02821 0.19717 0.97996 e
3934.78858 12.75691 0.01950 0.30261 0.95292 eb
3942.88241 8.78527 0.01287 -0.05088 0.99862 e
3944.40390 9.99934 0.14886 -0.05658 0.98724 x
3965.36480 7.27777 0.13222 0.00729 0.99119 e
3970.10241 8.67629 -0.32749 -0.50973 0.79557 e
3970.24492 14.57332 0.17406 -0.08489 0.98107 e
3982.12431 4.82246 0.04198 0.36198 0.93124 x
3993.58247 10.44068 -0.00421 0.56997 0.82165 e
4005.62298 13.19198 -0.08359 -0.29850 0.95074 e
4007.33615 8.14009 -0.32406 -0.10750 0.93991 eb
4052.71788 28.53807 0.08813 -0.10962 0.99006 e
4064.40274 26.54954 -0.18010 -0.32392 0.92878 x
4070.77291 4.90142 0.56389 -0.30318 0.76819 eb
4076.46950 18.48117 0.13271 0.16858 0.97671 e
4077.43871 16.64040 -0.07461 -0.04070 0.99638 xb
4095.35368 12.67720 -0.28618 0.02746 0.95778 xb
4112.75899 9.26576 -0.21271 0.26189 0.94137 e
4113.47576 10.08718 -0.05281 -0.07740 0.99560 eb
4119.64914 9.51897 -0.16749 -0.00854 0.98584 e
4120.20356 9.45359 -0.54171 0.04079 0.83958 x
4127.71663 11.69345 -0.14322 0.43623 0.88836 xb
4134.54055 4.17007 0.17157 -0.02045 0.98496 x
4144.75770 12.72189 -0.08230 -0.11395 0.99007 x
4157.63251 4.90977 0.21897 0.20357 0.95426 e
4164.32347 4.76966 0.31007 -0.28330 0.90752 xb
4190.57987 9.11435 0.14822 -0.29465 0.94404 e
4196.97111 13.33284 -0.12178 0.41298 0.90256 x
4216.53386 13.30632 0.32620 -0.24284 0.91358 eb
4220.40509 9.08934 0.29095 -0.14692 0.94539 e
4237.92115 9.98309 0.22463 0.65824 0.71851 xb
4239.67595 8.11367 0.08884 -0.15054 0.98460 eb
4249.52883 15.47993 0.05199 -0.18114 0.98208 xb
4255.51949 14.65976 0.10546 0.39026 0.91464 e
4265.59630 24.86312 -0.02686 -0.28820 0.95719 xb
4271.88842 18.57175 0.18526 -0.20914 0.96018 xb
4283.06839 20.03921 0.10297 0.34610 0.93253 x
4283.23385 11.50256 0.04669 0.51395 0.85655 xb
4295.35984 19.89639 0.21251 0.01136 0.97709 xb
4299.05751 13.95518 0.08155 0.15622 0.98435 e
4301.16865 11.62726 -0.19053 0.22524 0.95549 eb
4320.58035 25.54637 0.04858 0.11789 0.99184 e
4332.35154 4.25297 0.20319 0.18284 0.96192 e
4332.47037 26.59241 -0.21742 0.20623 0.95404 xb
4337.51002 24.05678 -0.06915 0.05045 0.99633 xb
4352.41683 6.22287 0.26029 -0.36692 0.89310 x
4357.04857 12.04723 -0.44626 0.58587 0.67647 xb
4357.54926 22.04648 0.03716 -0.07645 0.99638 e
4365.37034 32.40534 -0.14730 -0.13175 0.98028 x
4390.42439 5.18480 -0.11317 0.28988 0.95035 e
4439.31741 11.50203 0.42540 -0.38628 0.81843 x
4449.62518 5.24939 0.04854 0.06225 0.99688 e
4457.68142 7.67803 0.44738 -0.12049 0.88619 eb
4470.01034 16.40648 0.02907 -0.02011 0.99937 e
4471.74144 11.87972 -0.14835 0.06946 0.98649 e
4508.19297 8.39663 0.57941 0.38842 0.71653 eb
4511.83533 33.94956 0.25782 0.28888 0.92200 eb
4514.21380 10.22737 0.46564 -0.02518 0.88461 e
4557.38630 7.69943 0.12937 0.72271 0.67893 eb
4557.79440 5.83173 0.01396 -0.02754 0.99952 e
4558.16482 14.28224 0.04714 -0.08477 0.99529 e
4568.66330 5.91560 -0.30086 0.11693 0.94647 e
4589.40135 18.50534 0.11025 -0.05214 0.99254 eb
4607.32765 15.01801 0.38983 0.07048 0.91818 x
4610.65528 22.48570 0.35043 0.25925 0.89999 xb
4635.08237 8.37628 -0.19505 -0.42961 0.88170 e
4642.19672 13.24605 0.06684 -0.17816 0.98173 x
4687.21422 29.35451 -0.03851 0.14553 0.98860 x
4700.24359 8.12304 0.41082 -0.67354 0.61447 x
4718.68122 15.93114 -0.05628 0.05773 0.99674 xb
4722.96160 10.40253 -0.37820 -0.35088 0.85665 eb
4738.96446 22.26357 0.30556 -0.22716 0.92468 xb
4741.97064 13.64955 -0.75064 0.43953 0.49331 xb
4762.49281 14.20213 -0.73203 0.03510 0.68037 xb
4775.20702 16.58891 -0.41172 0.42786 0.80463 eb
4784.64670 18.47159 -0.17617 -0.13137 0.97555 e
4784.80667 28.22891 -0.01008 0.22940 0.97328 xb
4814.78833 11.68004 0.33903 0.24739 0.90766 eb
4817.84547 12.85784 0.03078 -0.22145 0.97469 e
4830.55766 8.66503 -0.82806 0.22798 0.51219 e
4836.24405 9.21612 -0.18799 0.22732 0.95550 e
4849.98534 8.12414 0.24267 -0.46348 0.85223 e
4851.88399 12.72729 -0.05470 0.44859 0.89206 x
4852.40043 11.50953 0.66527 -0.39014 0.63657 e
4856.69101 16.30125 0.08824 -0.13117 0.98742 xb
4881.12305 17.06652 0.00171 0.14611 0.98927 e
4901.48851 5.34052 -0.73283 0.25122 0.63234 e
4911.46983 17.80214 0.16862 -0.24834 0.95388 e
4911.49234 8.81062 -0.16676 -0.72226 0.67122 e
4919.80537 16.83174 0.27627 -0.04739 0.95991 xb
4926.44495 16.70908 -0.30936 0.11419 0.94407 eb
4929.26321 11.70432 -0.12215 -0.03149 0.99201 x
4948.10611 10.82863 0.28462 -0.16557 0.94424 e
4952.05574 34.39732 0.10591 0.13799 0.98475 xb
4961.09961 9.28394 0.05564 0.20235 0.97773 x
4962.43531 9.13356 0.16422 0.02223 0.98617 xb
4978.90227 14.74315 0.74722 0.40473 0.52713 x
4984.57789 16.92255 -0.04911 0.02774 0.99841 x
4992.98834 4.26119 -0.35349 0.07383 0.93252 e
5012.15261 10.13153 -0.60181 -0.45801 0.65426 e
5020.21074 22.39611 -0.68109 0.06872 0.72897 xb
5020.93787 8.41331 -0.10049 -0.84308 0.52832 e
5022.13739 13.04811 -0.30283 -0.16584 0.93851 xb
5026.77819 5.04040 -0.11840 -0.32018 0.93993 e
5037.89889 17.88933 -0.29799 -0.23124 0.92614 eb
5038.77691 11.85658 0.37744 -0.21794 0.90003 e
5058.97945 9.02372 -0.55177 -0.07868 0.83028 eb
5063.68625 8.18983 0.39447 -0.11266 0.91197 eb
5073.07457 9.27931 -0.25943 -0.06071 0.96385 e
5094.42652 20.02057 0.07377 -0.07769 0.99424 e
5105.31141 26.58050 -0.21524 0.11552 0.96970 e
5111.39883 17.41311 0.33680 -0.53875 0.77221 x
5117.76868 13.50982 -0.74114 0.22214 0.63353 x
5131.33271 12.77362 -0.19544 -0.05501 0.97917 e
5174.42688 10.58279 0.64470 0.39183 0.65638 e
5180.96686 6.40611 -0.75870 0.21665 0.61436 e
5192.86077 7.91411 0.29789 -0.12993 0.94572 e
5211.68909 14.00377 0.16471 0.02785 0.98595 e
5214.01876 3.76538 0.62960 0.05062 0.77527 eb
5214.10305 22.79838 0.12897 -0.15825 0.97894 e
5227.79937 11.27311 0.22904 -0.28296 0.93138 e
5234.19236 6.16663 0.27129 -0.13222 0.95337 e
5258.24262 8.88375 -0.59927 -0.28976 0.74626 eb
5263.49083 17.22230 0.30389 -0.34301 0.88882 xb
5269.72535 5.92263 -0.04944 0.16761 0.98461 e
5279.11149 11.28531 -0.08170 0.26658 0.96034 e
5286.93173 14.60215 0.05585 -0.02646 0.99809 e
5304.44903 41.12326 -0.10025 0.05010 0.99370 xb
5306.72870 15.16398 0.02992 0.40403 0.91426 xb
5317.90634 12.05347 -0.39365 -0.52874 0.75198 x
5318.62910 6.63376 -0.13170 -0.35360 0.92608 eb
5318.78471 9.96135 -0.28951 0.39747 0.87075 xb
5322.32754 14.72885 0.47585 -0.02760 0.87909 e
5324.54567 12.91666 0.20515 0.11678 0.97174 x
5333.05432 3.49062 -0.35626 -0.39687 0.84592 eb
5336.55840 9.67505 -0.18882 -0.16179 0.96859 e
5352.77551 16.45114 0.25766 -0.21500 0.94201 x
5357.58285 13.01381 0.27565 0.23382 0.93239 xb
5360.40732 13.13300 0.15252 0.08688 0.98447 eb
5380.17804 18.27138 0.03353 -0.03281 0.99890 e
5389.77737 19.58346 -0.20862 0.23741 0.94874 e
5405.13762 11.91074 -0.19195 0.26778 0.94417 e
5417.72022 14.63149 -0.10868 0.25208 0.96158 e
5421.84799 9.77327 0.16990 0.08463 0.98182 x
5438.25382 6.49816 0.16446 0.29061 0.94260 e
5449.62060 13.05554 -0.07830 -0.27029 0.95959 e
5474.87900 11.45803 -0.21612 0.07751 0.97329 xb
5495.32228 6.74793 0.35591 -0.47590 0.80427 e
5499.75899 12.69851 -0.13780 0.42295 0.89561 x
5562.06713 25.22115 -0.73704 0.02801 0.67526 eb
5565.31532 25.62261 -0.04835 -0.34694 0.93664 x
5607.82299 11.68414 -0.07760 -0.19526 0.97768 e
5613.93782 11.10937 0.02315 0.07757 0.99672 xb
5652.81418 10.23205 0.16812 0.03308 0.98521 e
5655.12982 16.83397 -0.24094 0.12186 0.96286 xb
5675.75649 5.15662 0.08643 -0.28383 0.95497 e
5686.64633 29.02409 -0.00158 0.32589 0.94541 xb
5704.97529 12.11955 -0.00690 -0.31883 0.94779 e
5731.16104 14.02828 0.20262 0.12422 0.97135 eb
5743.33609 11.09002 0.20622 0.32062 0.92449 x
5743.55446 9.19843 -0.66878 0.28557 0.68642 x
5764.81524 13.22659 0.07338 0.09661 0.99261 e
5773.98040 2.44823 0.56329 0.45185 0.69177 xb
5783.45034 11.08643 0.06768 0.00200 0.99771 xb
5794.68587 7.78661 0.01369 0.10189 0.99470 e
5823.81981 23.57174 -0.13867 -0.04259 0.98942 x
5832.71195 13.85097 -0.34654 -0.14130 0.92733 x
5841.67916 4.83748 0.40857 0.16149 0.89833 e
5864.63787 16.44999 0.14609 0.10528 0.98365 e
5865.94601 9.74669 0.28997 0.17302 0.94127 e
5874.83628 7.02409 -0.17871 0.12720 0.97565 e
5881.18990 13.21757 0.11842 0.13683 0.98349 e
5924.97550 14.19051 0.34352 0.77636 0.52844 e
5937.07170 5.44217 -0.15501 -0.77810 0.60872 e
5949.13582 5.02710 -0.07272 -0.48058 0.87393 xb
5962.40498 4.96036 0.01547 0.32021 0.94722 x
5964.17038 6.41785 0.19801 0.17545 0.96437 e
5968.67089 7.68559 0.06587 0.04072 0.99700 e
5984.14288 6.30054 -0.19556 0.16546 0.96663 e
6021.41549 10.17627 0.21173 -0.05475 0.97579 e
6021.49056 3.89116 -0.00805 0.47146 0.88185 x
6026.16810 13.75936 0.10062 0.32740 0.93951 e
6042.82589 8.15157 -0.10685 -0.18680 0.97657 x
6045.78521 5.58535 0.83201 0.24436 0.49805 xb
6067.32279 12.00159 -0.10507 0.28387 0.95309 e
6100.20294 10.53132 -0.60593 -0.04636 0.79416 eb
6107.40262 5.32065 0.28079 0.24817 0.92713 xb
6130.61229 11.61870 -0.41452 -0.40159 0.81664 xb
6137.65601 4.59578 -0.11973 -0.01567 0.99268 e
6152.53255 16.48425 -0.05877 -0.58435 0.80937 eb
6153.52536 8.84427 0.51665 -0.03509 0.85548 xb
6156.96887 3.49497 0.15873 -0.07326 0.98460 e
6159.96593 3.65574 0.07796 -0.40175 0.91243 e
6173.06827 9.06024 0.27161 -0.07246 0.95968 e
6176.11176 9.56421 -0.06288 -0.11598 0.99126 eb
6181.10932 10.48744 -0.27497 0.56066 0.78106 e
6188.11620 7.58005 -0.25096 -0.17888 0.95133 e
6190.46629 7.77666 -0.02424 0.07371 0.99699 e
6209.99750 16.37272 -0.03793 -0.13575 0.99002 xb
6230.98942 5.45244 0.02230 -0.53132 0.84688 x
6246.57753 12.01110 0.43190 -0.03354 0.90130 eb
6263.41033 7.16981 -0.55135 -0.25939 0.79292 xb
6277.09618 20.42518 0.21396 0.38033 0.89976 eb
6318.43476 29.35397 0.10190 0.05159 0.99346 xb
6347.67439 6.28964 -0.11973 0.45142 0.88424 e
6357.54020 3.67597 -0.06988 -0.49699 0.86494 xb
6399.22048 21.21211 0.01900 -0.12263 0.99227 xb
6407.37213 4.80621 -0.24242 -0.36077 0.90060 x
6436.02467 4.34561 0.61732 -0.48128 0.62233 e
6440.12023 7.18327 -0.03182 -0.05445 0.99801 e
6441.12598 8.35979 0.21470 -0.26502 0.94004 eb
6441.87527 13.23474 -0.06255 0.56485 0.82282 eb
6495.15607 11.55119 0.23781 0.06094 0.96940 x
6512.54787 18.78005 -0.03316 -0.30693 0.95115 xb
6512.75571 11.88617 -0.23073 -0.34799 0.90866 xb
6521.55553 13.47741 0.11200 -0.13038 0.98512 xb
6522.76425 11.90931 -0.05414 -0.03575 0.99789 e
6526.42020 8.44503 0.19991 -0.07256 0.97712 e
6540.08056 9.22924 -0.07298 0.23339 0.96964 e
6545.59737 7.28906 0.29992 0.09566 0.94916 e
6561.67246 10.43303 -0.05423 -0.04678 0.99743 xb
6565.83755 8.33896 0.27676 -0.04582 0.95985 e
6619.62115 5.14874 0.49436 0.17112 0.85225 xb
6620.25646 15.30979 0.48199 -0.13657 0.86547 e
6647.98390 8.12689 0.33442 -0.11055 0.93592 xb
6651.20944 13.94197 -0.02600 0.14227 0.98949 xb
6654.50439 18.43313 -0.04739 0.83655 0.54583 eb
6695.69929 7.93166 -0.10680 -0.02223 0.99403 x
6709.08224 14.70845 -0.35481 0.27327 0.89411 x
6717.44288 9.91134 0.25725 0.31349 0.91408 e
6732.72356 21.81758 0.11617 0.59434 0.79578 eb
6733.32639 13.78903 -0.44138 0.50636 0.74080 xb
6739.65952 8.01302 0.75772 -0.30602 0.57637 x
6749.50852 24.02729 -0.20048 0.13398 0.97049 x
6753.48653 10.08996 -0.41339 0.32323 0.85125 eb
6753.53834 10.26503 -0.45637 0.23951 0.85695 eb
6761.11266 17.61790 -0.28140 0.77746 0.56247 e
6770.83333 15.09785 -0.25501 -0.08196 0.96346 e
6772.29344 22.38223 0.07847 -0.03923 0.99614 x
6772.65826 11.90804 -0.17682 0.31429 0.93272 x
6776.79483 3.50138 0.21474 0.18773 0.95846 x
6801.84435 5.58834 0.54939 0.47521 0.68727 x
6805.43723 7.28770 0.01826 0.35347 0.93527 xb
6805.90308 11.01067 0.23043 -0.08546 0.96933 xb
6823.28788 8.11925 0.21967 0.78775 0.57549 xb
6835.01397 24.05658 0.06503 0.33871 0.93864 e
6914.55915 12.83138 -0.00098 -0.21592 0.97641 e
6915.62085 22.94488 0.38887 -0.05819 0.91946 x
6922.12468 5.01949 -0.08810 -0.34182 0.93563 xb
6927.75983 10.14625 0.40803 -0.02709 0.91257 e
6929.84812 4.31275 0.27882 0.45140 0.84764 e
6930.41404 17.82045 -0.37065 0.13515 0.91889 xb
6934.42177 6.80562 -0.06469 0.25216 0.96552 e
6955.01173 10.63108 -0.18697 0.28665 0.93961 e
6956.07972 15.02876 -0.11448 0.12912 0.98500 eb
6978.04526 14.98009 -0.14282 0.56435 0.81309 xb
6981.11269 10.08245 -0.19633 0.09242 0.97617 x
7021.47624 37.58182 -0.14119 -0.10608 0.98428 e
7063.81955 4.86995 -0.11007 -0.41431 0.90346 x
7079.45933 11.52999 -0.01333 -0.07881 0.99680 e
7101.00190 10.59032 0.08971 -0.25673 0.96231 x
7101.70056 12.50162 -0.64908 0.09959 0.75417 e
7117.31356 12.80611 0.17392 -0.24836 0.95293 x
7168.98396 8.86441 0.21318 0.08585 0.97323 xb
7171.77096 14.87921 0.15397 -0.07910 0.98490 eb
7182.91739 14.46019 0.15393 -0.41604 0.89622 x
7183.01320 32.15068 -0.17604 -0.09425 0.97986 e
7195.03477 14.91238 0.14551 0.36862 0.91812 e
7215.39488 11.76767 0.36260 0.21895 0.90586 e
7239.79660 17.90496 0.20925 -0.05201 0.97648 xb
7247.27428 10.20389 -0.02281 -0.05407 0.99828 x
7321.97813 21.19755 0.05555 0.30165 0.95180 e
7325.56027 28.43025 0.16584 -0.17834 0.96989 e
7357.16066 22.83080 0.03371 -0.16625 0.98551 e
7388.85183 8.87960 0.11899 -0.17537 0.97729 x
7391.03706 9.01638 0.02987 0.02860 0.99914 e
7392.61323 13.40909 -0.27782 0.39510 0.87562 eb
7445.95743 9.81815 -0.11954 0.07007 0.99035 x
7458.33043 13.95893 0.01081 -0.09442 0.99547 x
7463.82650 7.01888 -0.45147 0.30797 0.83745 eb
7483.63996 8.75754 0.23755 0.13846 0.96146 e
7509.03463 22.72394 -0.03843 -0.06012 0.99745 x
7512.85818 12.10951 0.11120 -0.00048 0.99380 eb
7518.65693 19.53483 0.77271 0.27363 0.57275 xb
7551.67399 3.62026 0.23487 0.34542 0.90858 e
7561.24045 9.00477 0.05221 0.12985 0.99016 e
7564.83746 16.84787 0.34754 0.08844 0.93348 xb
7567.80515 3.46479 -0.12180 0.49666 0.85935 xb
7612.61142 15.03577 -0.20778 -0.03188 0.97766 eb
7614.77327 15.94526 -0.28587 -0.06737 0.95590 xb
7627.78177 17.34254 -0.12605 -0.15022 0.98059 xb
7634.16365 16.55089 -0.26271 0.47893 0.83762 x
7635.19790 6.04750 -0.08661 -0.14158 0.98613 e
7638.36043 21.98012 0.47132 -0.06754 0.87937 e
7639.16599 6.94762 0.02631 -0.37802 0.92542 x
7711.57970 11.40242 -0.09211 -0.23673 0.96720 x
7716.29727 11.40971 0.43085 0.09261 0.89766 eb
7733.76862 8.27725 -0.40555 0.73626 0.54172 x
7737.63314 11.70632 0.05173 -0.09173 0.99444 xb
7773.14106 4.36395 0.02097 -0.02402 0.99949 e
7779.80104 3.44869 0.42966 -0.18836 0.88313 e
7782.33669 13.34077 0.54044 -0.19403 0.81870 e
7796.68554 7.36798 -0.05395 -0.25414 0.96566 e
7801.18725 14.06193 0.13730 0.16647 0.97644 xb
7813.07702 16.89673 -0.68234 0.14346 0.71682 eb
7820.52129 12.64790 0.19655 0.81973 0.53797 x
7820.96754 25.27135 -0.16145 -0.03140 0.98638 e
7821.09698 16.10464 -0.31575 0.50108 0.80575 eb
7831.84730 11.89792 0.18565 0.46737 0.86435 x
7841.89833 8.05005 -0.27149 0.03820 0.96168 e
7851.28392 11.98110 -0.21713 0.64839 0.72969 x
7884.95228 6.85792 -0.34804 0.37717 0.85826 xb
7918.28522 9.62045 0.33842 -0.35622 0.87096 e
7931.83309 14.34281 -0.04016 -0.23164 0.97197 xb
7937.19520 12.08854 0.43392 -0.06292 0.89875 xb
7948.90180 10.29226 -0.04070 -0.33593 0.94101 x
7998.40108 10.44136 -0.10772 -0.03428 0.99359 e
8025.38735 6.06385 0.30340 0.38882 0.86992 x
8034.38481 5.86233 0.81478 -0.29554 0.49879 e
8048.00541 26.26090 -0.08828 0.21842 0.97185 x
8060.15952 5.25592 -0.43684 0.24137 0.86655 e
8120.35349 14.83343 0.36479 -0.45771 0.81082 eb
8156.66448 9.66698 -0.06849 0.01479 0.99754 x
8157.18522 13.15617 0.21229 -0.28614 0.93437 eb
8160.90303 16.61142 0.06582 -0.38276 0.92150 x
8212.41188 15.16570 -0.09982 -0.37841 0.92024 e
8256.10812 8.92484 0.61284 -0.04168 0.78910 xb
8261.18545 6.43493 -0.36909 -0.21183 0.90493 eb
8262.34421 19.37065 0.46324 0.34118 0.81793 e
8276.01405 23.43919 -0.16502 0.43834 0.88353 eb
8286.40574 21.32555 -0.12577 0.38175 0.91567 eb
8305.56913 8.23477 -0.14276 0.40327 0.90387 e
8370.47452 5.03447 0.70434 0.28259 0.65119 eb
8392.72285 12.28346 0.31169 0.42666 0.84900 xb
8407.01870 18.44040 0.19719 0.11292 0.97384 x
8427.23576 7.53013 -0.45348 0.17613 0.87369 eb
8429.05848 6.25655 0.51147 0.05041 0.85782 xb
8430.59947 12.57924 -0.40969 0.04069 0.91132 e
8447.63067 8.49225 0.07598 -0.29546 0.95233 e
8448.88008 16.24984 0.39493 -0.68730 0.60962 xb
8449.38323 18.02939 -0.60230 -0.12002 0.78919 eb
8458.51597 9.00775 -0.40289 -0.16269 0.90067 e
8461.30987 10.19664 -0.24827 0.07306 0.96593 e
8482.15579 20.79713 0.16476 -0.24506 0.95541 x
8516.14184 11.94767 -0.08128 -0.40370 0.91127 eb
8518.42040 5.77600 -0.48822 -0.37595 0.78760 e
8520.11782 9.44332 0.43651 0.02258 0.89942 eb
8531.73505 12.67863 0.20183 -0.27080 0.94124 e
8566.03738 6.26795 0.45292 -0.70449 0.54640 eb
8582.65847 13.90925 0.02650 -0.14685 0.98880 x
8585.29227 13.59544 0.02512 0.25466 0.96670 x
8590.56874 18.03337 0.09644 0.29706 0.94998 eb
8639.70303 5.44970 0.17808 -0.16783 0.96960 x
8679.78324 8.08131 0.06651 0.06191 0.99586 e
8730.55813 30.12652 0.36782 0.17056 0.91412 xb
8757.29585 10.84552 -0.09719 -0.18109 0.97865 e
8771.80441 3.84625 0.30820 -0.03616 0.95063 e
8775.82216 19.23317 0.23234 -0.29253 0.92760 eb
8877.32954 26.74034 -0.49151 -0.16515 0.85507 e
8886.65875 5.29745 0.05328 -0.00223 0.99858 e
8897.34159 10.51733 -0.32610 0.15479 0.93258 xb
8916.80425 12.55725 -0.63413 -0.48470 0.60245 x
8932.24662 28.07058 0.00835 0.10842 0.99407 e
8996.97518 3.07131 0.03004 0.24111 0.97003 e
9001.97832 9.89651 -0.48751 -0.34825 0.80066 e
9060.28895 16.84805 0.27626 -0.19141 0.94183 xb
9064.79359 11.17889 -0.12590 -0.06784 0.98972 eb
9087.94297 12.70611 -0.30176 0.52799 0.79383 eb
9123.05645 5.95263 -0.07574 0.09366 0.99272 e
9153.28369 7.86400 -0.09622 -0.18704 0.97763 xb
9167.48671 15.39368 -0.22003 -0.03238 0.97496 e
9170.54299 4.20487 -0.00345 -0.10344 0.99463 e
9252.81649 9.39826 -0.54532 0.57222 0.61252 e
9368.20815 7.61469 -0.19200 0.12812 0.97300 e
9407.81202 12.55745 0.13009 -0.12082 0.98411 eb
9440.96442 5.34729 0.11978 0.29820 0.94696 e
9488.27054 11.03845 0.11347 0.10838 0.98761 eb
9490.33409 8.41802 0.02501 0.75864 0.65103 e
9521.35043 12.26108 0.73992 0.22707 0.63321 xb
9535.71765 7.18078 -0.00618 0.16434 0.98638 xb
9540.83751 16.46299 -0.05195 0.26982 0.96151 xb
9578.13855 11.16194 -0.16597 -0.75631 0.63281 eb
9623.23151 10.23022 -0.09417 -0.19757 0.97576 e
9666.99460 9.77579 -0.04322 0.00895 0.99903 e
9670.04850 16.45941 -0.07696 0.01191 0.99696 x
9677.36021 12.87206 0.15673 0.06889 0.98524 e
9724.05895 8.69700 -0.28629 0.40125 0.87008 x
9758.22568 3.71173 -0.48071 -0.01437 0.87676 xb
9774.57208 12.17267 0.04619 -0.35611 0.93330 eb
9816.65871 6.50789 -0.11474 -0.19749 0.97357 e
9821.98668 11.60667 0.16246 0.10519 0.98109 x
9836.80882 33.27860 0.15142 0.16000 0.97543 x
9837.14267 22.06737 -0.85269 -0.05853 0.51913 e
9837.47508 5.59052 -0.63572 0.34778 0.68913 x
9859.57766 1.43052 -0.59392 0.34593 0.72635 e
9859.98146 29.46483 -0.08674 -0.18269 0.97934 e
9866.35491 7.69245 -0.38100 -0.18641 0.90559 x
9870.33002 14.39540 -0.21225 0.06416 0.97511 eb
9875.25565 11.30768 -0.06191 -0.13067 0.98949 x
9877.05426 5.50541 0.06480 0.27020 0.96062 x
9877.87087 24.43059 -0.08032 0.13456 0.98764 eb
9908.73113 3.90106 0.16216 -0.28618 0.94435 e
9914.70804 3.02538 -0.19638 0.17805 0.96423 x
9923.58129 23.12123 -0.25890 -0.39093 0.88326 e
9939.55673 21.55509 -0.08053 -0.06368 0.99472 e
9991.60600 11.19649 -0.35836 -0.34198 0.86869 x
10002.10220 17.98287 -0.19094 -0.35665 0.91452 e
10019.29573 3.73645 -0.08044 0.41142 0.90789 xb
10039.51697 8.74839 0.18154 -0.48881 0.85329 e
10087.21014 6.10720 -0.31415 0.20151 0.92774 e
10094.03367 4.21053 -0.07210 0.72735 0.68247 xb
10097.93049 6.81635 -0.11547 0.18020 0.97683 e
10112.25795 12.05689 0.42632 0.36339 0.82837 xb
10179.51172 4.68547 0.59445 -0.24913 0.76457 xb
10193.35718 4.02841 -0.74729 0.10233 0.65658 x
10199.40631 5.24522 0.33684 -0.10528 0.93566 eb
10212.10544 25.21043 0.29690 0.22558 0.92788 xb
10252.25771 2.29638 -0.59204 -0.14863 0.79208 xb
10256.04695 2.86872 -0.15635 -0.15829 0.97494 e
10257.97509 9.83263 -0.06125 -0.81238 0.57990 eb
10265.15140 5.73200 0.08322 0.05174 0.99519 e
10290.56086 7.92144 -0.04223 0.11452 0.99252 x
10315.03129 23.55844 -0.21419 0.37039 0.90384 eb
10316.25536 14.99976 0.01455 0.21609 0.97626 e
10341.48554 8.59562 0.12674 0.18430 0.97467 xb
10348.14151 11.65056 0.02988 0.73704 0.67518 xb
10359.61206 10.66883 0.13568 0.06519 0.98861 x
10372.22965 7.80575 -0.04318 0.18460 0.98187 e
10388.31490 6.48579 0.51255 0.24256 0.82369 e
10396.11473 11.09499 -0.14499 -0.03510 0.98881 x
10398.46459 8.01840 0.44895 -0.31127 0.83759 xb
10436.95407 16.49117 -0.27703 -0.39601 0.87546 eb
10437.02016 25.03413 0.42307 -0.64020 0.64121 eb
10438.19611 23.72035 -0.22469 -0.70327 0.67449 xb
10440.45813 11.58809 -0.15788 0.28784 0.94457 eb
10485.69708 5.99815 0.29999 -0.10346 0.94832 e
10540.73277 12.46450 0.28981 0.19200 0.93763 e
10544.83408 9.38567 0.00597 0.04390 0.99902 e
10547.48170 7.18553 -0.31484 0.00772 0.94911 x
10558.18983 11.19285 0.15409 -0.12672 0.97990 e
10571.77436 8.48273 0.62688 -0.16569 0.76129 eb
10596.04092 6.89303 -0.02975 0.09410 0.99512 xb
10612.91553 19.16991 -0.20220 0.04090 0.97849 eb
10623.53747 16.39646 -0.34483 -0.25344 0.90380 eb
10634.89727 5.74755 -0.12620 -0.56150 0.81779 eb
10645.74827 11.50300 0.14470 0.26463 0.95343 eb
10658.86036 12.03521 0.12908 0.04686 0.99053 xb
10665.67952 8.28328 -0.10631 -0.19453 0.97512 e
10666.96889 6.66629 0.11235 -0.09189 0.98941 e
10674.20255 11.11665 -0.26350 0.62140 0.73785 xb
10689.62378 14.48408 0.42737 -0.09595 0.89897 eb
10691.81371 23.69811 -0.05869 0.27032 0.96098 e
10711.96726 8.19950 -0.32744 0.05881 0.94304 e
10730.09792 7.65966 -0.04223 0.73368 0.67818 e
10742.93965 9.25486 -0.02339 -0.81299 0.58181 xb
10775.61818 5.73327 0.23984 0.20060 0.94986 e
10778.06179 5.76230 -0.25687 -0.08460 0.96274 eb
10821.70905 15.39876 0.08190 -0.14542 0.98597 xb
10823.20298 11.90167 0.42835 -0.16860 0.88774 eb
10830.18417 21.50118 -0.42573 -0.13916 0.89408 xb
10845.28979 13.86340 0.07576 -0.08985 0.99307 e
10882.34421 5.81614 -0.56318 0.23343 0.79268 e
10917.49589 6.54481 -0.70385 0.42244 0.57109 eb
10932.15983 6.90008 0.39829 -0.31476 0.86156 xb
10939.69880 8.20732 0.40320 0.24515 0.88166 x
10940.54685 7.41927 0.59597 -0.02058 0.80274 e
10946.93030 8.67739 -0.17731 -0.29736 0.93816 x
10969.10523 8.67431 -0.16865 0.07616 0.98273 e
10971.72568 16.10340 0.07965 -0.37639 0.92303 e
10987.37093 11.46996 0.53075 -0.15742 0.83278 x
10993.22870 19.24553 0.25797 0.30109 0.91804 e
10999.39432 6.72834 -0.03239 -0.18587 0.98204 e
11004.81582 7.52947 -0.24442 0.21204 0.94620 e
11024.92630 3.79308 0.06002 0.39959 0.91473 e
11032.92499 7.52283 0.47625 0.07899 0.87576 e
11037.28811 10.57358 -0.44626 0.70215 0.55483 x
11061.54796 17.91665 -0.36354 0.09245 0.92698 x
11065.26550 10.40304 0.58370 0.15158 0.79769 xb
11068.48184 9.27313 -0.52074 -0.52570 0.67266 e
11071.44808 20.17812 -0.14226 -0.36531 0.91995 x
11109.52046 13.86293 -0.05837 -0.24417 0.96797 eb
11198.29059 10.44027 0.14092 -0.66717 0.73145 eb
11261.32194 21.88159 -0.18387 -0.06525 0.98078 eb
11329.02828 7.06206 -0.35613 -0.52520 0.77288 x
11346.96034 14.57695 0.01211 0.11990 0.99271 x
11362.02626 13.95869 0.08226 -0.35744 0.93030 xb
11394.85340 13.20026 -0.18849 -0.11691 0.97509 x
11449.30293 18.78290 -0.13102 -0.05592 0.98980 e
11485.34926 16.51755 0.13423 0.34756 0.92800 xb
11497.03238 8.02444 0.00541 -0.30500 0.95234 e
11501.16412 20.35897 -0.73861 -0.12338 0.66274 eb
11558.96527 6.93363 -0.42346 0.13704 0.89549 e
11567.00554 10.78565 0.05080 0.25071 0.96673 eb
11575.87459 13.02250 -0.07549 0.41206 0.90802 e
11592.73049 16.79261 -0.21702 0.13111 0.96732 xb
11595.90065 9.72537 0.01593 0.15441 0.98788 e
11627.32662 8.01801 0.21477 0.61715 0.75697 e
11628.44328 15.28691 0.19181 -0.46393 0.86486 xb
11656.55873 10.12765 0.74663 0.13681 0.65101 xb
11660.37862 4.48667 -0.50802 -0.44904 0.73504 xb
11678.62655 23.86010 0.19391 -0.17624 0.96506 x
11728.46078 17.48737 0.07658 -0.55487 0.82840 xb
11796.59887 6.77766 0.43462 0.04373 0.89955 x
11799.32996 17.15573 -0.23746 -0.39524 0.88735 xb
11814.60003 11.54300 0.21172 0.33366 0.91861 xb
11828.36408 12.64218 0.03504 0.27591 0.96055 xb
11838.94898 17.75455 -0.21171 -0.04185 0.97644 x
11845.36716 17.02446 -0.28505 -0.05237 0.95708 e
11853.85995 10.92433 -0.21339 0.60837 0.76443 x
11899.24029 20.64701 -0.07342 -0.04661 0.99621 x
11942.61877 13.09970 0.38294 0.35803 0.85157 e
11958.59040 16.64534 0.18868 -0.16100 0.96875 xb
11960.01447 6.99333 0.01452 -0.01770 0.99974 e
11971.34746 11.58127 0.63680 0.47833 0.60472 xb
11990.73821 11.05829 -0.19863 0.25922 0.94517 e
11991.22819 18.47958 0.09618 0.00351 0.99536 e
11998.58644 10.25646 -0.12105 -0.85812 0.49897 eb
12045.47432 13.21572 -0.34573 0.31384 0.88429 xb
12102.92569 5.04225 0.05523 0.28396 0.95725 x
12104.93632 22.92301 0.66673 -0.09389 0.73937 eb
12106.39083 12.07115 -0.25606 0.41836 0.87144 xb
12185.24915 13.42377 0.46446 0.13563 0.87514 eb
12227.52016 18.95654 -0.06750 0.79400 0.60416 eb
12274.12754 5.13217 -0.14350 -0.02688 0.98928 xb
12353.88865 8.74088 -0.13521 -0.23727 0.96199 e
12392.18029 6.08296 -0.28035 0.38007 0.88145 x
12400.94899 11.98398 -0.39248 -0.37452 0.84005 xb
12428.51004 11.96126 -0.47804 -0.02445 0.87800 x
12455.68848 13.66436 0.59731 0.24872 0.76247 e
12465.29203 9.43734 -0.20088 -0.08304 0.97609 e
12523.93024 13.53263 -0.15037 -0.04690 0.98752 e
12541.77249 9.20449 0.04642 -0.17117 0.98415 xb
12543.38698 15.84161 0.02109 -0.12317 0.99216 x
12612.04558 1.67043 0.65436 0.33427 0.67829 e
12625.97011 19.20350 -0.31511 -0.02333 0.94877 xb
12662.14204 6.18563 -0.46760 0.67329 0.57274 xb
12684.25141 6.25676 0.18339 -0.58811 0.78771 x
12684.48340 12.56031 -0.31065 -0.21963 0.92480 e
12730.98316 14.55505 0.11927 -0.22690 0.96659 e
12731.32012 7.81783 0.46967 0.09221 0.87801 x
12794.33696 18.41772 0.53994 -0.15722 0.82689 x
12830.33098 16.50305 0.01892 -0.13421 0.99077 xb
12833.34355 11.34608 -0.36542 0.28882 0.88490 x
12850.59481 8.13702 0.17117 0.02784 0.98485 x
12872.79964 27.28635 0.12380 0.03334 0.99175 e
12899.05238 7.77192 0.23870 -0.80722 0.53984 x
12930.32775 20.57429 -0.01437 -0.09442 0.99543 x
12931.87733 9.77073 0.13778 0.03657 0.98979 e
12932.23354 11.93012 -0.19708 -0.08472 0.97672 e
12938.56638 10.40480 0.37386 -0.19076 0.90766 x
12964.32593 24.29823 -0.36674 -0.02157 0.93007 e
12970.68944 13.25510 -0.08031 -0.27331 0.95857 e
13039.73460 3.75553 -0.53258 0.42155 0.73393 x
13063.29328 14.15185 0.26971 -0.16934 0.94794 e
13127.70733 6.11445 -0.21488 -0.20407 0.95508 x
13162.98212 6.25085 0.05861 -0.59024 0.80510 e
13185.67176 6.30251 -0.26403 0.30309 0.91565 e
13187.14878 19.62637 -0.03526 0.08986 0.99533 x
13228.62709 28.16388 -0.07916 0.14978 0.98555 e
13242.20686 12.35945 0.02955 -0.20195 0.97895 e
13253.31859 15.35966 0.04873 -0.02335 0.99854 x
13281.77326 9.59110 -0.40943 -0.03259 0.91176 eb
13329.29605 12.84785 -0.15683 -0.10373 0.98216 x
13331.79247 4.38434 0.22291 -0.22242 0.94913 eb
13406.75532 12.30312 -0.28059 -0.28576 0.91630 x
13438.32918 10.64520 -0.47439 -0.05039 0.87887 e
13442.51093 8.42910 0.43828 0.14258 0.88746 xb
13467.32663 10.70461 0.21220 -0.27138 0.93879 eb
13520.50379 15.33020 -0.53842 0.07817 0.83905 eb
13527.39233 18.71768 0.11299 0.29215 0.94968 x
13550.00707 4.62178 -0.52756 0.16146 0.83404 e
13586.54389 9.19730 -0.46031 -0.63859 0.61670 x
13592.57668 28.49638 -0.21291 -0.08006 0.97379 x
13604.88362 10.43626 0.48047 0.25179 0.84009 x
13624.03208 4.55705 -0.03671 0.06096 0.99747 xb
13636.52429 7.31184 -0.03116 -0.42499 0.90466 e
13648.72178 10.55472 -0.03701 0.21277 0.97640 e
13708.48853 9.26787 -0.03225 -0.72121 0.69197 e
13714.43745 9.70354 -0.21519 0.29787 0.93004 x
13736.06655 17.30631 -0.37324 -0.16502 0.91294 eb
13749.07003 22.94648 -0.33623 -0.25600 0.90632 x
13772.89483 11.19211 0.70517 -0.01154 0.70895 x
13782.91025 14.05534 0.17370 -0.40306 0.89854 eb
13786.18511 18.73248 -0.08702 -0.01098 0.99615 x
13792.69542 11.56296 -0.02016 0.08063 0.99654 x
13866.15268 12.29223 -0.11523 0.62578 0.77144 e
13895.48700 7.41450 -0.37018 -0.08544 0.92502 e
13896.48262 3.63788 -0.68165 0.02257 0.73133 eb
13937.18141 23.74748 -0.19478 -0.18021 0.96415 e
13945.47701 11.78018 -0.54172 -0.13363 0.82987 x
13957.58344 11.11450 0.29027 -0.02697 0.95656 e
13966.27104 4.39832 0.40867 0.55589 0.72386 eb
13968.56058 16.17164 -0.40834 -0.10317 0.90698 e
13991.42206 15.84207 -0.32655 0.66164 0.67498 xb
14006.79547 6.71530 0.24440 0.05406 0.96817 x
14052.21007 4.70023 0.45050 0.42858 0.78318 e
14057.92729 6.73778 -0.55242 -0.43879 0.70873 e
14121.80907 8.88906 -0.49673 0.08380 0.86385 e
14126.15851 4.09531 0.34553 -0.02292 0.93813 x
14137.08366 16.75907 -0.02337 -0.00575 0.99971 eb
14147.39027 3.34415 -0.14094 0.28229 0.94892 e
14160.34964 13.63205 -0.21000 -0.42657 0.87974 x
14164.31855 26.69223 -0.02814 0.04303 0.99868 e
14185.40934 10.29187 -0.09683 0.23754 0.96654 x
14195.14883 5.29657 0.47611 -0.08336 0.87542 e
14205.61588 16.44056 -0.00270 -0.15414 0.98804 xb
14298.90431 24.66540 0.07885 -0.07464 0.99409 xb
14320.45350 7.40001 0.54733 0.45903 0.69980 e
14371.04991 23.99706 0.13653 -0.17497 0.97506 e
14387.26727 10.62512 -0.18524 0.38400 0.90456 x
14522.12481 9.25224 -0.34401 0.37918 0.85900 eb
14536.72270 8.06702 -0.08910 0.80382 0.58817 x
14539.88365 17.14080 0.10289 0.08440 0.99111 xb
14576.76712 9.22477 0.35165 -0.24809 0.90266 xb
14581.63084 12.88873 0.05407 0.30474 0.95090 eb
14602.42996 8.87847 0.11460 -0.80067 0.58804 xb
14626.98599 14.02506 -0.52728 -0.07898 0.84601 xb
14640.26810 12.52794 -0.18491 -0.37641 0.90781 xb
14688.00641 5.09280 -0.05681 0.00280 0.99838 e
14689.35399 11.00793 0.01464 -0.19088 0.98150 xb
14763.51497 4.21638 0.20458 -0.27229 0.94021 e
14819.14768 3.50795 -0.33902 -0.64041 0.68916 e
14867.22520 3.56030 0.20004 -0.08845 0.97579 x
14900.72996 18.83626 0.48524 -0.26765 0.83241 eb
14920.65175 10.81879 0.41721 0.33373 0.84532 e
14940.45706 9.59533 0.01911 -0.21212 0.97706 e
14948.43123 6.56418 0.03995 0.08279 0.99577 e
14986.95772 12.88938 0.57865 -0.14487 0.80261 e
15004.20406 6.49411 -0.31916 -0.18794 0.92888 e
15010.45027 3.03892 0.53547 0.05211 0.84294 e
15058.19498 13.74690 0.39097 0.04039 0.91952 e
15095.96195 5.70227 0.50744 -0.34387 0.79010 e
15108.53914 17.56628 -0.08618 -0.16538 0.98246 xb
15163.50182 9.36859 0.66729 -0.20499 0.71603 x
15224.20597 14.24070 -0.27730 0.28767 0.91671 x
15367.52765 9.91462 -0.06632 0.34865 0.93490 xb
15373.34931 4.58623 0.19240 0.34978 0.91686 eb
15416.20727 11.09229 -0.23115 0.44808 0.86359 eb
15418.97419 17.89342 -0.03114 0.39225 0.91933 eb
15419.37064 10.73283 0.12141 0.02132 0.99237 e
15420.43022 9.33841 0.22395 0.13878 0.96467 e
15446.76246 8.41461 -0.27813 0.09866 0.95546 e
15518.12329 5.81541 0.54242 -0.20046 0.81584 xb
15536.08547 6.91804 -0.15506 -0.04769 0.98675 x
15633.65049 7.10703 -0.70553 0.19019 0.68269 eb
15671.94599 14.25040 0.38320 0.13660 0.91351 eb
15732.48805 2.65973 -0.14272 0.45977 0.87649 e
15750.38715 15.05706 -0.01448 -0.55120 0.83425 x
15767.91876 4.89583 -0.02616 0.37559 0.92642 xb
15788.46501 5.10146 0.22479 0.18545 0.95660 xb
15967.72312 10.37793 -0.11456 0.15996 0.98045 e
15970.63416 3.30246 0.53022 0.41226 0.74088 e
16079.92008 6.08264 0.13568 0.36265 0.92199 xb
16134.95948 8.93372 -0.07227 0.05351 0.99595 e
16153.29889 15.26178 0.42426 -0.23361 0.87489 xb
16166.87078 12.29959 -0.40870 0.55235 0.72655 eb
16192.98095 14.35448 0.27190 0.14961 0.95063 xb
16262.73008 12.57113 -0.35669 0.63566 0.68462 e
16281.03287 7.96902 0.16957 0.02300 0.98525 eb
16303.91175 32.14663 -0.12548 -0.00730 0.99207 x
16351.12991 5.42898 0.24952 0.60201 0.75850 eb
16369.26812 4.53149 0.65583 -0.23076 0.71877 x
16378.37536 9.49908 -0.34267 -0.41977 0.84046 eb
16445.72497 10.33816 0.04626 -0.11071 0.99278 e
16481.02316 17.07612 -0.21315 0.30387 0.92856 eb
16510.71045 13.27636 0.37723 0.02750 0.92571 e
16520.18278 12.59037 0.07339 0.11864 0.99022 x
16556.50282 9.02567 0.53605 0.62876 0.56331 e
16619.49604 9.87269 -0.17235 -0.56227 0.80879 eb
16633.83986 6.71557 -0.56766 0.22629 0.79155 e
16659.55029 7.85320 0.12909 -0.05052 0.99035 e
16692.48562 4.86701 -0.02657 0.08121 0.99634 xb
16751.42323 4.63116 0.48443 0.31298 0.81693 x
16773.90060 19.82881 0.13665 -0.03806 0.98989 e
16820.43032 9.17673 0.42466 0.05743 0.90353 eb
16828.20201 13.37079 0.13835 0.11952 0.98315 e
16838.45494 21.03032 -0.50941 -0.05359 0.85885 x
16906.72826 23.06684 -0.41299 0.18132 0.89251 eb
17017.30073 4.58722 -0.28220 -0.04214 0.95843 e
17065.33572 5.75269 0.01732 -0.10735 0.99407 e
17075.33845 8.84468 0.19224 -0.37289 0.90774 e
17091.53584 6.90728 -0.30135 -0.13376 0.94408 x
17103.43526 7.93680 0.04657 0.13886 0.98922 e
17132.77627 6.38582 -0.03430 0.25895 0.96528 xb
17184.38705 4.07484 0.34617 0.39539 0.85078 e
17196.06910 12.87675 -0.37288 0.51788 0.76991 eb
17203.86927 8.12364 0.36589 -0.32735 0.87119 e
17247.20875 14.86506 0.14096 0.39701 0.90692 eb
17291.73053 2.95943 0.20064 -0.17491 0.96392 e
17302.84905 7.86633 -0.13700 0.43584 0.88953 xb
17320.88584 12.60045 0.32910 0.08348 0.94060 e
17361.77109 26.71290 0.28652 0.29361 0.91198 xb
17396.44975 4.98572 0.69786 0.08775 0.71084 x
17451.90605 7.86673 0.35260 0.42584 0.83326 e
17486.47341 2.90451 0.64770 0.31343 0.69444 xb
17512.63366 3.07401 -0.46519 0.43101 0.77320 eb
17605.65722 6.32945 -0.30155 0.37550 0.87639 x
17641.42104 4.78131 0.04547 -0.14138 0.98891 x
17650.02738 11.00039 -0.15722 -0.32943 0.93100 e
17700.76693 5.06229 -0.22174 0.10424 0.96952 e
17820.39546 7.70180 0.19905 0.18266 0.96281 eb
17849.71346 8.85194 0.27650 0.04006 0.96018 e
17887.74397 4.98019 0.10931 0.59253 0.79810 xb
17891.45429 20.00990 0.04413 -0.47495 0.87890 eb
17897.43769 6.22448 0.67105 0.39732 0.62596 eb
17904.59539 8.41736 0.39634 0.03783 0.91733 xb
17921.99407 10.77486 0.04607 0.21088 0.97642 e
17943.62291 8.49682 0.11968 -0.00379 0.99281 e
17986.65810 12.61579 -0.01395 -0.11973 0.99271 x
18088.66227 4.93554 -0.39477 0.03471 0.91812 x
18106.44345 15.06970 -0.47283 0.07866 0.87764 e
18118.99112 6.08456 0.17740 0.49246 0.85206 x
18130.59730 3.01718 0.64446 0.21649 0.73335 e
18185.35472 8.69459 0.05445 -0.19186 0.97991 e
18186.61903 10.87166 -0.16791 0.62952 0.75863 eb
18211.39621 12.51408 0.10772 0.01819 0.99401 xb
18235.22510 10.55312 -0.22284 -0.44128 0.86926 eb
18336.52616 8.04527 0.04482 0.02495 0.99868 eb
18368.06141 11.68227 0.17845 0.09847 0.97901 x
18376.14763 12.57049 0.35294 0.32111 0.87882 e
18519.72598 12.12089 -0.13458 0.12413 0.98310 xb
18524.99488 5.29864 0.40027 0.72693 0.55799 xb
18527.13333 9.09991 -0.29255 0.32922 0.89779 xb
18547.94691 11.05893 0.26109 0.69091 0.67415 xb
18588.13054 6.45990 -0.16316 0.11844 0.97946 e
18617.42430 6.01614 -0.15466 -0.12707 0.97976 x
18619.69087 2.98849 -0.40835 -0.24379 0.87967 e
18619.70259 17.09658 -0.01613 -0.03502 0.99926 e
18624.75873 10.48148 0.58821 -0.50527 0.63143 x
18638.52667 13.15903 -0.23490 -0.45032 0.86141 eb
18680.87105 9.10748 0.13051 0.40606 0.90448 e
18704.81869 17.94587 -0.22579 0.20560 0.95223 e
18809.31008 15.60838 0.07445 0.50543 0.85965 x
18825.53041 10.40312 0.04785 -0.02296 0.99859 e
18827.99052 17.63984 0.06965 0.19941 0.97744 x
18828.36121 11.09912 0.16630 0.21580 0.96217 x
18833.01424 6.85940 0.42995 -0.00751 0.90282 e
18847.54806 7.91523 0.18301 -0.29526 0.93773 e
18889.48569 5.83652 0.16581 -0.18676 0.96831 eb
18946.87667 8.10877 0.17398 -0.21215 0.96163 xb
18950.07202 10.21016 0.23386 -0.08218 0.96879 xb
18953.05544 6.09162 -0.16208 -0.79037 0.59080 e
18979.42008 31.05497 0.59428 0.37364 0.71220 xb
18987.77425 16.89819 -0.33132 -0.09476 0.93875 x
19021.52091 13.14137 -0.18581 -0.17993 0.96597 eb
19021.75569 22.39814 -0.03650 -0.07651 0.99640 x
19085.07693 12.13736 0.18022 0.18380 0.96630 eb
19097.33588 26.51908 0.18766 0.16055 0.96902 eb
19141.07707 5.66869 -0.08832 -0.11893 0.98897 x
19166.79350 31.20101 -0.01863 -0.21023 0.97748 xb
19169.65772 8.09173 -0.28173 -0.36090 0.88904 e
19174.45785 8.50781 0.20912 0.24023 0.94792 x
19181.53148 23.38846 0.18324 0.53258 0.82631 e
19303.68881 13.25096 -0.78828 0.30378 0.53510 x
19310.78331 15.67757 -0.10659 -0.20314 0.97333 x
19335.18019 4.09539 -0.28131 -0.74366 0.60650 xb
19459.22872 17.61515 -0.00518 -0.08564 0.99631 e
19460.81924 14.02586 0.13601 0.30361 0.94304 x
19708.33567 10.07442 0.14123 0.64627 0.74992 e
19752.17744 20.23415 0.19241 0.06688 0.97903 e
19771.81222 12.87252 -0.04725 -0.19374 0.97991 e
19818.23897 6.48597 0.48481 0.37855 0.78845 x
19890.32176 20.28401 -0.15371 0.26054 0.95315 e
19927.90802 16.80114 -0.01307 -0.02731 0.99954 xb
19980.75063 13.61886 0.00807 -0.08757 0.99613 e
