17.10537 61.08994 -0.04091 -0.95210 -0.30304 eb
17.46095 60.70113 -0.67407 0.70137 -0.23174 eb
18.82071 64.68164 0.33769 -0.15142 -0.92900 eb
19.24027 69.82874 -0.98648 -0.12976 -0.10007 eb
19.58254 25.96252 -0.66067 -0.47272 -0.58314 eb
19.68772 61.65665 0.20067 0.96531 0.16703 eb
20.07691 82.63391 0.09376 -0.18710 -0.97786 eb
23.44423 80.02927 0.02921 0.50601 0.86203 eb
23.75596 84.10486 0.36902 -0.29561 -0.88116 eb
25.01672 69.40322 0.46036 -0.49376 -0.73774 eb
25.35051 88.49112 0.15322 -0.90857 0.38861 eb
25.76136 42.75754 -0.54538 0.28739 0.78738 eb
25.98821 63.92446 -0.57256 0.64982 -0.49992 eb
26.26763 62.28685 0.46214 -0.88632 -0.02948 eb
26.34125 83.94127 -0.11142 0.03119 -0.99328 eb
26.37197 79.79986 -0.79414 0.52264 0.31015 eb
26.42738 79.56895 0.42282 0.17566 -0.88903 eb
27.44814 87.65543 0.62894 -0.70418 -0.32948 eb
28.89219 31.91720 0.12834 -0.23394 -0.96374 eb
29.10150 35.04351 -0.86826 -0.46641 0.16907 eb
30.43779 41.87772 0.31093 0.54892 -0.77589 eb
31.51291 30.29067 -0.90902 0.41145 0.06621 eb
32.05470 72.74263 -0.80299 -0.23376 -0.54823 eb
32.76596 62.16299 -0.01202 0.61626 -0.78745 eb
33.67538 57.50038 -0.88865 0.44779 0.09895 eb
33.78136 71.81874 -0.94345 -0.21268 0.25429 eb
34.29701 12.10021 -0.23991 -0.97066 0.01596 eb
34.50181 32.49322 -0.22400 0.02980 -0.97413 eb
35.42661 27.51243 0.30349 -0.90440 0.29993 eb
37.26240 31.27704 0.68780 0.62062 -0.37652 eb
37.66087 33.04469 -0.47274 0.43339 0.76726 eb
38.02569 30.10882 0.06518 0.98601 -0.15338 eb
38.07283 43.01075 0.43356 -0.63947 0.63491 eb
38.18045 54.35438 -0.48170 0.08953 -0.87175 eb
38.24722 86.24417 -0.04213 -0.42833 -0.90264 eb
38.42757 47.22270 -0.92651 0.36986 -0.06917 eb
39.08307 49.79905 -0.07680 0.74614 -0.66134 eb
39.16484 86.23064 0.00916 0.38352 -0.92349 eb
39.16949 35.54477 -0.48192 -0.79546 0.36742 eb
40.44955 48.20791 0.90165 0.32667 -0.28342 eb
41.36594 83.38747 0.94422 0.31683 -0.08988 eb
41.62058 60.32724 0.55682 -0.66505 -0.49765 eb
41.67974 34.89554 -0.66607 -0.36830 -0.64862 eb
42.29992 41.60859 -0.75141 0.56294 -0.34423 eb
42.38194 57.14306 -0.06385 -0.35662 -0.93207 eb
42.53404 61.75313 0.19735 0.27229 -0.94176 eb
42.97494 59.86994 -0.82055 0.52048 -0.23621 eb
43.35325 70.83216 0.56503 0.07625 -0.82154 eb
43.37722 34.60632 -0.89037 0.07881 -0.44836 eb
43.48800 45.19285 -0.94969 -0.22263 -0.22026 eb
44.56750 85.75876 -0.60779 0.72198 -0.33066 eb
44.61337 71.37231 -0.86517 0.23708 -0.44189 eb
47.33359 45.27636 -0.91710 0.19197 -0.34938 eb
47.97622 54.35390 0.60644 0.13912 0.78286 eb
48.32290 25.90474 0.56764 -0.64708 -0.50899 eb
48.41502 48.96788 0.78432 -0.58412 0.20893 eb
49.70845 25.16945 0.57355 0.61923 -0.53628 eb
50.52724 40.39090 -0.94448 0.27798 0.17518 eb
51.46391 29.91227 -0.06519 0.58906 0.80546 eb
52.06046 15.82763 0.81323 -0.21247 -0.54177 eb
52.24693 33.43075 -0.55172 0.63433 0.54151 eb
52.43984 72.71342 -0.22433 0.24851 -0.94230 eb
52.48996 87.78465 -0.43021 -0.37384 -0.82168 eb
53.21296 27.17771 -0.44387 -0.11913 -0.88814 eb
53.64674 58.09851 0.99709 -0.01046 -0.07550 eb
55.89239 29.14847 0.16854 0.60545 -0.77783 eb
56.35697 49.07513 -0.96192 0.27045 0.03958 eb
57.61455 34.23926 0.41275 0.89677 0.15950 eb
58.66208 61.70505 0.88798 -0.16265 -0.43016 eb
58.69297 26.02376 -0.66210 0.59572 0.45469 eb
59.67962 53.83536 -0.30914 -0.43386 -0.84628 eb
60.32892 73.19306 0.76507 0.15086 -0.62603 eb
60.80549 54.83618 0.03379 0.27348 -0.96128 eb
60.96807 58.35983 -0.44529 -0.51066 -0.73549 eb
61.56341 41.74358 -0.72596 -0.63211 0.27096 eb
62.26875 79.17757 -0.36125 -0.50923 -0.78114 eb
62.78256 32.19894 0.19242 0.91060 0.36577 eb
64.32970 53.17944 0.00006 -0.69702 -0.71706 eb
64.61830 68.86568 0.14622 -0.71813 -0.68038 eb
64.94371 51.68887 0.36153 -0.88966 -0.27893 eb
65.10175 41.55095 -0.05177 0.25023 -0.96680 eb
65.26011 51.78977 0.36505 0.87330 -0.32263 eb
66.14275 78.07043 -0.50361 -0.52191 -0.68847 eb
66.36265 63.14653 -0.71190 0.39925 -0.57775 eb
66.55860 44.72700 -0.06817 -0.99692 0.03877 eb
67.47255 27.34010 -0.88081 0.17734 0.43900 eb
69.06689 67.68269 -0.17064 -0.67805 0.71494 eb
69.64793 33.06157 0.26712 0.74795 -0.60763 eb
69.96619 66.13565 -0.75204 0.56208 -0.34424 eb
70.12804 33.22712 0.60167 -0.76585 -0.22687 eb
70.15234 64.10188 -0.41873 0.74690 0.51653 eb
70.25583 85.98753 0.68513 -0.29305 -0.66687 eb
70.46658 65.05301 0.38131 0.78285 -0.49168 eb
70.72052 32.84120 0.73713 0.66899 0.09537 eb
71.24196 46.03366 0.13916 -0.93471 -0.32703 eb
71.30962 53.74065 0.20714 -0.66535 -0.71722 eb
71.49492 65.24992 0.95250 0.17247 0.25100 eb
71.54660 34.22194 0.39793 -0.32262 -0.85882 eb
71.57229 43.08056 0.89532 0.39095 0.21345 eb
71.64482 50.68764 -0.28795 0.03462 -0.95702 eb
71.76816 20.90860 -0.14118 -0.69013 -0.70978 eb
71.97696 83.96272 0.01999 -0.88236 -0.47016 eb
71.99410 51.10020 -0.15837 0.28730 -0.94466 eb
72.92467 61.07573 -0.47671 -0.71050 -0.51762 eb
73.76455 54.69009 -0.72374 0.68594 -0.07540 eb
73.79971 11.44150 0.00903 -0.47078 0.88221 eb
74.60688 82.49799 -0.38195 -0.91831 -0.10400 eb
75.70710 42.56150 -0.22887 -0.65417 -0.72089 eb
75.70909 22.78812 0.14903 -0.85453 -0.49756 eb
76.28187 38.65479 -0.37282 -0.63483 -0.67675 eb
76.93843 29.59956 0.37146 0.08097 -0.92491 eb
76.95487 58.49100 -0.78456 -0.54818 -0.28978 eb
78.48932 68.04740 -0.19762 0.60449 -0.77171 eb
78.65138 30.72476 0.75309 0.12405 -0.64611 eb
78.71851 73.89056 -0.12064 -0.97553 -0.18379 eb
80.02180 50.20212 0.48551 -0.87089 -0.07641 eb
80.59293 72.62123 -0.57568 -0.30434 -0.75893 eb
81.75791 47.71663 0.18092 -0.98275 -0.03838 eb
81.79809 67.66862 -0.78939 0.57989 0.20149 eb
81.82279 39.57253 -0.77897 0.56601 -0.26989 eb
82.13522 56.16620 -0.71234 0.65621 -0.24890 eb
82.93920 85.45869 -0.41202 0.13523 -0.90108 eb
87.14911 21.47149 -0.13657 0.92293 0.35992 eb
88.57893 61.25224 -0.29919 -0.61553 -0.72911 eb
88.75626 28.85631 0.17851 0.91757 0.35526 eb
89.06449 50.91045 0.68756 0.36874 -0.62553 eb
90.04652 60.37470 0.06151 -0.65973 -0.74898 eb
90.30203 55.23080 -0.09149 -0.96020 -0.26390 eb
90.32462 30.75552 -0.37271 0.52708 -0.76372 eb
91.15735 21.58090 0.55044 -0.08223 0.83082 eb
92.16799 27.21101 -0.36051 -0.72554 -0.58620 eb
92.45084 86.83565 0.98233 0.16630 -0.08586 eb
93.95968 34.93337 -0.16193 -0.06412 -0.98472 eb
94.66271 38.51446 0.14813 -0.98061 -0.12829 eb
95.75870 47.91040 0.38890 -0.79710 -0.46193 eb
95.87716 50.24492 -0.07372 -0.20457 0.97607 eb
96.09984 18.68796 0.67908 0.18158 0.71125 eb
96.27717 42.69008 0.43389 -0.78216 -0.44717 eb
96.72445 70.18164 -0.93969 0.30826 -0.14819 eb
96.99169 31.73697 0.37197 -0.61454 -0.69569 eb
97.17500 45.39567 -0.61100 0.19568 0.76706 eb
97.43029 21.32733 -0.02201 -0.97516 0.22040 eb
97.56735 44.49044 -0.97434 -0.06550 0.21533 eb
98.27806 49.69760 0.53372 0.29167 -0.79377 eb
98.32387 24.65601 0.81729 0.57618 -0.00689 eb
98.44607 70.10029 -0.12589 -0.85313 0.50628 eb
98.68420 78.30157 0.40353 -0.23243 -0.88495 eb
98.93326 48.68326 -0.86912 0.46482 0.16902 eb
98.95102 46.37175 -0.78624 0.27564 0.55304 eb
98.95112 37.07298 -0.01460 -0.92279 -0.38503 eb
100.00528 42.86061 -0.76694 0.63813 0.06775 eb
100.33797 14.14070 -0.11914 -0.72310 0.68039 eb
100.67343 24.51842 0.39857 -0.31072 -0.86290 eb
100.71688 36.36541 0.35174 -0.27108 -0.89599 eb
101.29343 56.56509 0.93955 0.23732 0.24685 eb
101.38711 26.89372 0.55494 0.22817 -0.79999 eb
103.00925 29.63807 -0.90721 -0.28205 0.31211 eb
103.41764 18.63002 -0.23518 -0.48588 -0.84179 eb
103.63906 23.70699 0.12221 0.13669 -0.98305 eb
104.25675 10.09730 0.71705 0.69206 -0.08303 eb
104.54745 77.01125 -0.46422 -0.61942 0.63311 eb
105.14997 59.32191 0.57297 0.53143 0.62392 eb
105.51245 27.86359 0.35406 0.93326 0.06058 eb
105.84899 26.19991 -0.00501 -0.65605 -0.75470 eb
106.46518 31.63003 -0.65782 -0.06447 -0.75041 eb
106.49735 77.12085 -0.62184 -0.77204 0.13143 eb
106.80931 41.48247 -0.47741 0.79428 -0.37576 eb
106.99050 41.59603 -0.43761 -0.36952 -0.81973 eb
107.29481 78.02115 -0.49732 -0.85745 -0.13208 eb
108.16255 39.99901 0.34984 -0.48517 -0.80138 eb
110.37934 32.10565 0.51732 -0.10067 -0.84985 eb
111.44953 4.60700 0.57786 0.79191 -0.19737 eb
111.84307 54.96612 -0.26079 -0.39787 0.87959 eb
111.85982 50.18417 -0.00034 -0.55258 -0.83346 eb
112.15869 83.56632 -0.27667 -0.12824 -0.95237 eb
112.53136 63.92130 0.13024 -0.14900 -0.98022 eb
114.31737 48.95741 -0.79642 -0.40448 -0.44956 eb
115.55741 45.63101 -0.66043 -0.35787 -0.66013 eb
115.93784 27.06465 -0.59583 -0.79873 -0.08377 eb
116.61319 51.98476 -0.45231 0.38717 -0.80344 eb
116.89358 21.14891 -0.07821 -0.99297 0.08881 eb
117.48405 21.68640 -0.38217 0.92022 -0.08452 eb
117.77288 31.22196 0.01617 0.69932 0.71462 eb
118.38426 10.84207 0.96256 -0.14774 -0.22726 eb
119.99167 36.54005 -0.24491 -0.77442 -0.58334 eb
120.70553 27.59672 -0.91870 0.18333 0.34983 eb
121.96612 42.49802 -0.12419 0.33057 -0.93558 eb
123.12275 30.66670 -0.06875 -0.63645 -0.76824 eb
124.22072 44.24296 0.53592 -0.49325 -0.68519 eb
124.98189 61.52516 0.73497 0.66964 -0.10680 eb
125.36273 41.97258 -0.35602 0.86030 0.36487 eb
126.81780 37.04140 0.47658 0.66874 -0.57067 eb
127.02421 40.48353 0.18014 -0.68200 -0.70882 eb
127.56343 32.67416 0.62215 0.48991 0.61067 eb
128.06842 32.35758 0.48657 0.49456 -0.72018 eb
128.30832 31.32142 0.70827 -0.10636 -0.69788 eb
128.35549 75.61736 0.09429 -0.98531 -0.14238 eb
130.85186 27.01240 -0.65058 0.75446 0.08678 eb
130.95241 36.46982 0.84944 -0.49149 -0.19204 eb
131.38799 87.36926 -0.24151 -0.76307 -0.59950 eb
131.75185 87.42522 -0.63411 0.73160 0.25035 eb
133.06256 24.64932 0.96189 -0.08577 0.25964 eb
134.40839 54.84609 0.85494 -0.51704 -0.04192 eb
134.48895 22.49857 -0.99101 -0.10203 0.08652 eb
134.99238 53.53497 -0.53754 -0.34074 0.77133 eb
135.04744 49.51145 -0.33817 -0.94108 0.00043 eb
135.33044 38.56223 -0.86076 0.13123 0.49180 eb
135.82200 38.59609 -0.94226 0.13992 -0.30426 eb
136.29547 27.82026 -0.88654 0.22661 -0.40335 eb
136.64020 34.64067 -0.07290 0.37455 0.92434 eb
137.34932 39.03473 -0.18712 -0.64604 0.74001 eb
138.77688 44.50344 0.55614 -0.21353 -0.80319 eb
138.87513 20.86342 -0.17673 0.34928 -0.92020 eb
139.69595 18.88698 -0.55961 0.82758 -0.04417 eb
140.16988 29.42952 0.45941 0.25317 0.85138 eb
140.33709 32.37595 0.74854 -0.60241 -0.27711 eb
141.34819 27.63670 0.30915 0.44524 -0.84035 eb
142.60499 35.09553 0.65813 0.33707 -0.67324 eb
142.77928 34.05937 -0.82240 -0.49992 -0.27153 eb
142.99174 26.72221 0.85184 -0.50939 0.12198 eb
143.00994 30.66731 -0.64113 -0.73609 -0.21708 eb
143.28935 28.51657 -0.11491 -0.98881 -0.09510 eb
143.49063 37.56551 0.34180 -0.78951 -0.50975 eb
144.05342 29.65586 -0.96660 0.05267 -0.25083 eb
144.27339 52.33647 0.99702 0.06518 -0.04122 eb
144.37250 26.37578 -0.31361 0.66832 -0.67453 eb
147.14574 40.21576 -0.16596 -0.69261 0.70196 eb
147.48448 15.02078 0.32879 -0.83645 0.43846 eb
148.29115 21.38653 -0.23530 -0.90070 0.36520 eb
149.80356 43.76524 0.49368 0.37148 -0.78631 eb
151.02197 22.44585 0.50225 -0.72027 0.47848 eb
151.11082 39.49684 0.87131 0.49064 -0.00906 eb
151.77717 36.32894 0.86867 -0.20201 -0.45233 eb
151.81277 43.45974 -0.69111 -0.69128 0.21096 eb
152.03550 56.61829 0.94623 -0.32255 0.02476 eb
152.33861 42.91931 0.77024 0.45103 0.45089 eb
153.87782 79.53524 0.17329 0.62388 0.76207 eb
154.51639 42.66601 0.65287 -0.52036 -0.55045 eb
154.65912 42.23824 -0.15774 -0.83894 -0.52086 eb
154.69062 44.93905 0.87540 -0.38218 -0.29599 eb
155.41254 19.90922 0.06391 -0.39647 0.91582 eb
157.04690 15.27442 -0.24852 -0.28718 -0.92508 eb
157.10255 57.27190 0.85266 -0.19350 -0.48532 eb
158.81050 51.25191 0.37190 -0.24445 -0.89551 eb
158.88521 27.81045 0.55178 0.79530 -0.25106 eb
159.76591 48.27149 -0.60812 0.77509 0.17154 eb
159.92670 73.40211 -0.10110 -0.76938 0.63074 eb
160.55170 39.52750 -0.57974 0.80780 -0.10661 eb
160.71516 86.32640 -0.66063 0.47201 -0.58376 eb
161.40188 23.25356 -0.65073 -0.07390 -0.75571 eb
161.65566 25.74362 -0.86178 0.26653 0.43162 eb
162.27221 34.20641 -0.63527 0.55195 0.54017 eb
163.68927 10.40408 -0.52745 0.70252 -0.47778 eb
163.82048 16.20425 0.82493 -0.09276 -0.55757 eb
164.03635 18.85012 -0.36158 -0.91076 0.19943 eb
164.29650 31.31366 -0.62719 -0.73837 0.24787 eb
164.36506 26.50415 0.19705 -0.18375 -0.96302 eb
166.62740 24.40609 0.87912 -0.16797 -0.44602 eb
166.93890 49.29815 -0.95060 0.07898 0.30022 eb
166.94809 26.98036 0.66690 0.58107 -0.46648 eb
167.38081 76.86486 -0.98134 -0.17948 0.06904 eb
168.54992 10.85708 -0.11110 -0.89256 0.43702 eb
168.94670 44.71470 0.22589 -0.75374 -0.61712 eb
169.14155 21.98981 -0.17876 0.85798 0.48157 eb
169.42065 20.81963 -0.45048 -0.88917 -0.08034 eb
170.07863 58.60677 -0.39747 -0.90324 -0.16177 eb
170.13289 30.61714 0.89816 0.41088 0.15646 eb
170.19719 16.91342 -0.12914 0.58518 0.80055 eb
171.17774 39.34615 -0.23491 -0.26642 -0.93479 eb
171.54982 62.26427 0.67170 0.47420 0.56918 eb
172.79715 9.07170 0.74303 0.60670 0.28252 eb
173.57039 43.14696 -0.91470 -0.16710 -0.36797 eb
174.27845 35.52395 -0.25306 -0.41381 -0.87448 eb
174.71391 22.85851 -0.98635 -0.09364 0.13548 eb
175.53204 71.66344 0.70728 -0.64186 -0.29626 eb
176.22418 75.27307 0.81235 0.37961 -0.44271 eb
176.33030 61.59132 0.98153 0.16461 -0.09752 eb
176.35849 13.73553 -0.98919 -0.13044 -0.06707 eb
176.93733 56.65097 -0.99990 -0.00212 0.01400 eb
176.96201 32.98301 -0.27699 0.76721 0.57850 eb
177.34818 59.82751 0.09754 0.49122 -0.86556 eb
177.79636 38.91689 -0.15103 0.98818 -0.02646 eb
178.19337 15.90879 -0.76120 0.59776 0.25149 eb
179.21392 34.14873 -0.33139 -0.59386 0.73315 eb
179.63459 33.18558 -0.85861 -0.16891 0.48400 eb
180.33598 21.04221 -0.11870 -0.18726 -0.97511 eb
181.75099 53.57116 -0.86555 -0.49772 0.05567 eb
182.20988 41.68685 -0.50492 -0.07741 -0.85969 eb
183.97884 59.53739 -0.72077 0.19651 0.66474 eb
184.00598 14.12651 -0.50493 -0.37624 -0.77685 eb
184.03070 57.21073 0.90912 -0.30581 0.28281 eb
184.39410 41.61383 -0.45298 0.45303 0.76784 eb
184.58699 33.11297 0.14207 0.31517 -0.93834 eb
185.63635 35.68818 -0.20846 0.65104 -0.72986 eb
186.35267 23.64662 0.78206 0.36632 -0.50418 eb
186.65461 60.70679 0.64867 -0.16416 -0.74316 eb
187.36277 50.88699 -0.87877 -0.02278 -0.47671 eb
188.45218 49.66199 -0.87024 -0.47941 -0.11337 eb
188.55781 41.13830 -0.60588 -0.64460 -0.46626 eb
188.67435 30.62303 0.52281 -0.82556 -0.21242 eb
189.00494 57.22112 0.51764 0.80445 0.29139 eb
190.27496 35.67633 0.34231 0.60164 0.72170 eb
191.62613 56.78266 0.18566 -0.43395 -0.88160 eb
191.76461 43.14331 -0.70209 0.69268 -0.16511 eb
192.13710 40.78362 0.49983 0.86598 -0.01604 eb
193.65854 55.64414 -0.69201 -0.07543 0.71794 eb
194.24548 58.26467 0.77182 -0.61840 -0.14792 eb
194.97308 74.18651 0.76667 0.49744 -0.40591 eb
195.80882 21.50955 0.18948 -0.04782 0.98072 eb
196.17748 28.93681 -0.94485 0.17011 0.27985 eb
196.81848 17.84945 0.18121 0.82500 0.53530 eb
196.99174 17.23117 0.77772 0.04934 -0.62667 eb
197.24403 53.96939 -0.46224 -0.82682 -0.32048 eb
197.36484 38.35512 -0.28797 -0.19803 -0.93694 eb
199.37561 55.24502 0.23026 0.08168 -0.96970 eb
200.00367 33.56220 -0.82368 0.23649 0.51539 eb
200.49121 35.22957 0.60160 -0.09703 0.79288 eb
202.13470 42.83754 -0.94104 0.33079 0.07082 eb
202.99324 54.81383 -0.55396 -0.28850 -0.78096 eb
203.80735 29.02893 0.98555 0.14706 0.08404 eb
203.94154 25.71656 -0.54156 0.71304 -0.44529 eb
204.33244 38.26110 -0.02311 -0.43947 -0.89796 eb
204.72885 41.77705 -0.49170 0.37103 -0.78776 eb
204.88238 25.12931 0.26244 -0.65214 -0.71122 eb
205.04138 48.52112 0.57220 0.64252 0.50967 eb
205.38758 49.66461 -0.48142 -0.64255 -0.59612 eb
205.49108 28.46620 -0.47271 -0.45791 0.75291 eb
205.67317 42.83577 -0.03030 0.99259 0.11765 eb
206.18638 31.85768 0.24217 0.77310 -0.58623 eb
206.38176 36.96427 -0.35498 -0.40252 -0.84378 eb
207.51910 60.92319 0.75796 0.62669 -0.18099 eb
207.71082 20.49066 0.07612 -0.02846 -0.99669 eb
207.82878 82.84128 -0.71006 0.65173 0.26657 eb
210.24063 21.05069 0.35525 -0.48361 -0.79995 eb
211.37013 28.01182 0.93176 0.26177 -0.25160 eb
211.82809 26.96136 -0.99115 -0.12244 -0.05125 eb
211.98260 17.55051 0.93117 -0.12876 -0.34110 eb
214.29017 19.24822 -0.84309 -0.49582 -0.20823 eb
215.83684 58.68636 -0.25079 0.90342 0.34777 eb
216.33461 31.06121 0.90805 0.39492 0.13961 eb
218.17354 21.83933 -0.45080 0.59490 0.66549 eb
218.42425 66.79039 -0.18975 -0.94864 0.25313 eb
218.47312 61.63463 -0.36791 0.37749 -0.84979 eb
218.63192 42.49542 -0.00030 -0.23552 -0.97187 eb
218.70670 28.37760 -0.45206 0.87422 0.17713 eb
218.76595 25.78413 0.09980 -0.40381 0.90938 eb
218.82545 19.47015 -0.14320 -0.62341 -0.76867 eb
220.68213 39.57763 0.67352 0.73814 -0.03900 eb
221.90106 37.52981 -0.46137 -0.87602 0.14046 eb
222.16377 49.09973 0.41916 0.63464 -0.64926 eb
222.21094 46.36643 0.67051 0.64362 -0.36900 eb
222.30367 31.19867 -0.55083 0.40749 -0.72838 eb
223.17418 46.12189 0.27601 -0.30856 -0.91028 eb
223.56715 60.27793 0.46264 -0.42075 -0.78034 eb
225.93791 25.91557 -0.70795 0.69338 0.13424 eb
226.26501 8.25439 0.39156 0.59141 -0.70492 eb
226.86921 9.97128 -0.17656 0.60237 0.77844 eb
229.64714 23.19661 -0.81937 -0.48405 -0.30712 eb
231.03572 66.94501 -0.69389 0.32178 -0.64419 eb
231.05988 38.99798 -0.16619 0.09691 -0.98132 eb
231.16613 63.14642 -0.20215 0.96854 -0.14514 eb
231.28921 22.34513 -0.54344 -0.82822 -0.13686 eb
231.95488 43.59954 0.86128 0.19245 -0.47028 eb
232.31663 20.57624 -0.85732 0.26844 0.43925 eb
233.02482 70.62437 0.86091 -0.43464 -0.26444 eb
233.35491 30.39801 -0.03577 -0.90121 0.43190 eb
234.78863 50.82446 0.01290 -0.61361 0.78950 eb
235.01812 30.79052 -0.29158 -0.93413 -0.20585 eb
235.17235 13.30372 -0.35555 0.35746 -0.86360 eb
235.70406 26.95652 -0.18915 -0.63766 -0.74673 eb
236.08915 43.45835 0.00827 -0.86746 -0.49744 eb
236.17814 33.44149 -0.74535 0.64117 0.18263 eb
236.91683 69.45008 0.99090 0.13117 0.03020 eb
237.46647 39.44761 -0.00670 0.42485 0.90524 eb
237.69767 33.14419 0.22596 -0.83147 -0.50754 eb
239.25136 28.39230 0.65248 0.44585 -0.61277 eb
241.66278 28.82480 -0.99951 0.01577 0.02700 eb
242.16300 13.96106 -0.56366 0.47834 -0.67340 eb
242.26542 20.33172 -0.59101 -0.80051 0.09942 eb
242.65824 59.19913 -0.72078 0.02814 -0.69259 eb
242.69655 30.97494 0.87821 0.47825 -0.00413 eb
243.28955 39.37486 0.59037 0.77278 0.23299 eb
243.53352 11.14374 -0.02621 0.52393 -0.85136 eb
244.49010 21.71734 0.56682 0.69402 0.44391 eb
246.00651 81.18203 -0.40126 -0.71409 0.57364 eb
246.28735 13.87203 -0.30130 0.63175 -0.71422 eb
246.85213 30.51261 0.77240 0.59189 -0.23037 eb
247.62989 28.04522 -0.59407 -0.11420 -0.79627 eb
247.77430 40.90216 -0.58491 -0.34257 0.73520 eb
248.27160 28.65862 -0.98893 -0.05391 -0.13823 eb
248.58169 41.89613 0.04569 0.85227 -0.52110 eb
248.90937 73.22080 0.15986 -0.43345 -0.88688 eb
250.69009 22.15581 -0.86863 -0.49521 -0.01560 eb
251.85446 41.08953 0.46586 0.62945 -0.62190 eb
251.92730 31.98600 -0.15963 0.33913 -0.92710 eb
252.35301 44.06558 0.71190 0.66379 -0.22931 eb
252.84157 34.38881 -0.80666 0.01269 0.59088 eb
253.11683 61.59920 -0.67589 -0.59810 -0.43063 eb
253.28742 80.81341 -0.74237 0.66521 -0.07993 eb
253.79992 21.88737 0.60054 0.13037 -0.78889 eb
253.91721 30.71779 0.65926 0.20148 0.72442 eb
254.56765 55.50396 -0.05160 -0.37064 -0.92734 eb
254.89226 21.48119 -0.88313 -0.39545 -0.25238 eb
255.73951 60.40784 -0.11411 -0.48235 -0.86851 eb
256.15928 69.20502 -0.43061 0.42270 -0.79743 eb
256.41021 18.91127 -0.37543 -0.54085 -0.75269 eb
257.53365 29.80297 0.44567 -0.87540 0.18724 eb
257.97724 33.52627 0.21499 -0.49820 -0.83999 eb
258.31618 9.14278 -0.95203 0.27292 0.13837 eb
258.57541 47.77034 0.57013 0.59074 -0.57094 eb
259.55477 34.73288 0.09192 0.73680 0.66983 eb
259.95477 24.86467 0.45031 -0.85557 -0.25539 eb
260.00198 76.75812 0.97557 -0.10814 0.19122 eb
260.40966 16.82347 0.74041 -0.61767 0.26510 eb
260.66954 77.85153 -0.20868 -0.38971 -0.89699 eb
260.77071 29.19899 -0.35491 -0.77587 -0.52160 eb
261.30621 30.73569 0.00132 -0.80004 -0.59994 eb
261.36347 31.15156 0.47218 0.88024 0.04710 eb
263.60540 33.28468 0.31423 0.08787 -0.94527 eb
264.06171 20.42180 -0.75895 0.64916 -0.05079 eb
265.82189 18.10756 0.55811 -0.49576 0.66539 eb
266.03686 26.69596 -0.45297 0.70522 -0.54543 eb
266.55751 34.50526 0.44539 0.28262 -0.84956 eb
267.23951 26.76865 -0.52211 0.74854 -0.40876 eb
267.56132 44.03682 0.24622 0.41137 -0.87758 eb
267.58213 29.35394 -0.25354 0.09965 0.96218 eb
268.16419 23.92515 0.01475 0.36536 0.93075 eb
268.17184 50.06217 0.31217 -0.70805 -0.63342 eb
268.76257 15.37030 -0.14113 0.71530 -0.68442 eb
270.08489 24.53605 -0.02308 0.78875 0.61428 eb
270.59845 24.48386 -0.25292 -0.53227 -0.80791 eb
272.12374 22.99871 -0.38211 -0.86449 -0.32658 eb
272.22326 46.47652 -0.31864 -0.80504 -0.50037 eb
272.33671 24.00201 -0.83223 0.45465 -0.31730 eb
272.54462 35.64109 0.29505 0.50640 0.81025 eb
272.63552 59.10262 -0.87165 -0.21242 0.44171 eb
273.10564 15.17183 -0.07551 0.43715 -0.89621 eb
273.55420 41.39702 0.27141 -0.88946 -0.36769 eb
273.79812 48.92954 -0.75660 0.45604 -0.46859 eb
273.88744 32.75046 0.84971 0.13211 0.51043 eb
274.31214 23.35449 -0.05837 -0.99779 0.03181 eb
274.80630 62.96080 0.68296 0.37874 -0.62460 eb
275.77580 8.63901 -0.10056 -0.99492 -0.00394 eb
276.33616 21.90824 0.30247 -0.83782 -0.45450 eb
277.19875 19.49274 0.34563 0.29105 0.89210 eb
278.39880 21.04643 -0.77155 -0.38999 -0.50261 eb
278.81804 30.26723 0.05571 0.94156 -0.33222 eb
279.40178 32.66802 0.83487 0.37326 0.40455 eb
279.41721 19.88673 -0.94299 -0.02326 0.33201 eb
280.65303 25.38791 0.81789 0.21899 -0.53207 eb
280.67581 50.09746 0.95233 0.02929 0.30366 eb
281.59261 25.80805 -0.99003 0.01319 0.14020 eb
282.84820 47.97531 0.95009 0.27460 -0.14803 eb
282.94258 43.07023 -0.88174 0.00195 0.47174 eb
283.23131 48.53961 -0.79612 -0.53351 -0.28558 eb
283.47466 36.88083 0.92038 -0.28134 0.27155 eb
283.68366 25.24320 0.25565 -0.83121 0.49369 eb
283.72594 35.09848 -0.70074 -0.61408 0.36315 eb
283.98485 33.62818 0.79402 0.42338 0.43622 eb
284.10886 48.22601 -0.17326 -0.15156 -0.97315 eb
284.41779 68.29181 -0.99859 -0.04208 -0.03249 eb
284.50397 28.58901 0.80039 0.27080 0.53483 eb
284.55404 23.77699 -0.36728 -0.62319 -0.69046 eb
284.82883 70.55051 -0.22866 -0.84742 -0.47916 eb
285.43133 34.92381 -0.45342 0.87273 -0.18098 eb
285.66211 21.05257 0.98246 0.06325 -0.17544 eb
286.24229 33.34821 -0.41241 0.49011 -0.76792 eb
288.44825 49.54319 -0.49682 -0.53496 -0.68336 eb
288.68730 36.97796 0.01643 -0.96241 0.27110 eb
289.49353 56.49510 -0.50121 0.76644 -0.40169 eb
289.61571 35.57077 0.52322 0.64883 -0.55251 eb
290.43130 45.07193 -0.81728 0.25865 -0.51493 eb
290.98139 52.73987 0.87677 -0.32872 0.35103 eb
291.20146 50.91150 -0.51969 -0.79505 0.31274 eb
291.76341 52.60666 -0.23115 0.13840 -0.96302 eb
292.88962 44.06039 -0.58488 0.24406 -0.77354 eb
293.02269 24.72691 0.42600 0.84041 -0.33503 eb
293.58367 22.23129 0.41745 0.69190 -0.58907 eb
293.80444 14.01588 -0.90164 -0.34107 -0.26592 eb
294.60046 16.64145 -0.65284 0.42921 -0.62417 eb
294.84726 24.52152 0.94897 -0.31445 -0.02402 eb
294.93445 59.86446 0.18713 0.10406 -0.97681 eb
295.10875 41.74460 -0.23363 0.10507 -0.96663 eb
295.19349 66.51305 -0.65246 0.59386 0.47078 eb
295.41264 34.43179 0.32941 0.48375 0.81085 eb
296.03440 28.80355 -0.84328 -0.42031 -0.33498 eb
296.34507 15.21442 -0.54746 0.10756 -0.82989 eb
296.35740 35.97317 0.84658 -0.15716 0.50853 eb
296.39454 43.98927 0.12547 0.94112 0.31393 eb
296.77247 59.72262 0.14210 0.35041 -0.92575 eb
296.77308 25.44292 -0.67165 -0.72731 0.14108 eb
300.06302 36.59126 -0.79944 0.08467 -0.59474 eb
300.16443 65.34681 -0.08518 0.96454 0.24983 eb
300.78590 65.85860 -0.84257 -0.53759 -0.03269 eb
301.63264 59.46393 -0.23212 -0.92307 0.30669 eb
302.65108 38.42044 -0.27921 -0.14903 -0.94859 eb
303.11597 31.13046 -0.06014 -0.88725 -0.45734 eb
303.24760 68.86759 -0.50720 0.85969 -0.06069 eb
303.50532 84.66479 -0.04868 0.88323 -0.46640 eb
304.36297 63.90634 0.49603 -0.72818 -0.47298 eb
304.50735 72.11201 -0.79226 0.59267 -0.14514 eb
304.61207 33.87248 -0.65141 -0.47401 -0.59244 eb
304.85404 68.90372 -0.10912 0.83853 0.53382 eb
305.74606 45.17374 -0.77658 -0.29418 -0.55712 eb
306.48083 15.99216 -0.36154 -0.81547 -0.45199 eb
307.45146 23.40595 -0.94631 0.14887 0.28694 eb
308.05484 42.94792 -0.25800 -0.95852 0.12112 eb
308.58080 36.23852 -0.03801 0.18774 -0.98148 eb
308.71789 43.45407 -0.77159 0.48410 0.41267 eb
308.89126 22.99035 0.36307 0.81197 -0.45705 eb
309.09475 29.85180 0.37086 -0.33357 -0.86671 eb
309.52041 19.55606 -0.88506 -0.39176 -0.25137 eb
309.68210 49.82469 0.45450 -0.38504 -0.80323 eb
310.00834 74.65357 0.31812 -0.55764 -0.76670 eb
310.58746 37.43432 0.79565 -0.36957 -0.47995 eb
311.15908 44.88308 -0.34631 -0.50488 -0.79068 eb
311.58933 60.18773 -0.69740 -0.13586 -0.70368 eb
311.87291 40.83121 0.96887 0.24167 -0.05378 eb
311.96308 34.56495 -0.68230 -0.37170 -0.62953 eb
312.74881 38.31897 -0.71762 0.03450 -0.69558 eb
314.14675 31.06442 0.98345 0.17454 -0.04863 eb
315.41174 75.72692 0.95567 0.26986 -0.11777 eb
316.15624 45.14331 0.87199 -0.42067 -0.25035 eb
316.43962 20.89334 0.27822 0.64757 0.70940 eb
317.41857 51.89903 0.04780 -0.61714 -0.78540 eb
317.72503 25.98418 0.41638 -0.82189 0.38874 eb
318.41255 57.58255 -0.94281 -0.20830 -0.26024 eb
318.96791 35.23250 -0.25695 -0.23189 -0.93819 eb
319.46156 22.83282 -0.75806 0.57428 -0.30909 eb
319.50995 14.15941 -0.08335 0.95187 -0.29495 eb
320.07394 30.56384 -0.06630 0.84942 -0.52353 eb
320.85180 30.58506 0.13094 -0.48846 0.86271 eb
321.13388 42.31858 0.24452 -0.96488 -0.09595 eb
321.50766 49.76865 -0.18438 0.08324 -0.97932 eb
322.28641 67.17323 0.25963 -0.75413 0.60323 eb
322.49946 14.16891 -0.43539 -0.10638 -0.89394 eb
323.53588 66.24568 0.44133 0.82690 -0.34851 eb
324.33327 48.97980 0.37436 0.54305 -0.75163 eb
324.58816 67.40296 0.29626 -0.85190 -0.43185 eb
324.78222 67.30334 0.77240 -0.51791 -0.36764 eb
325.11019 35.40316 -0.32702 -0.52798 -0.78377 eb
325.53293 13.00575 -0.22538 -0.47527 -0.85048 eb
325.98161 55.93474 0.83842 -0.15563 -0.52233 eb
326.70195 50.30798 -0.42258 -0.66254 -0.61845 eb
326.73381 39.26818 0.24981 0.79999 -0.54553 eb
327.95067 46.78346 -0.53200 0.14010 -0.83507 eb
328.11342 27.05694 0.94270 -0.03914 -0.33134 eb
328.62491 68.72542 0.66451 0.05387 -0.74534 eb
329.46030 35.91141 -0.17171 -0.91243 -0.37147 eb
329.53145 85.06778 0.54513 0.12068 -0.82962 eb
329.57383 85.55775 0.71048 -0.60613 0.35753 eb
329.66907 36.47570 -0.97033 -0.01456 -0.24133 eb
329.82423 82.46502 0.69090 -0.37586 -0.61757 eb
331.41698 52.44752 0.67752 0.72166 -0.14204 eb
331.62094 80.79744 0.10874 0.73816 -0.66580 eb
331.73161 23.39231 0.65961 0.63413 -0.40346 eb
332.12778 29.30838 -0.08095 -0.74034 0.66735 eb
332.92777 42.08518 -0.36934 -0.85743 -0.35834 eb
333.22573 32.43375 -0.70658 -0.09511 -0.70122 eb
333.58286 33.41552 -0.92899 -0.36985 -0.01364 eb
333.95710 72.18485 -0.32444 0.81496 0.48020 eb
334.35042 50.14087 0.28862 0.10618 -0.95154 eb
334.38341 34.97239 -0.96922 0.24569 -0.01595 eb
335.01312 41.92351 -0.62530 -0.35416 -0.69539 eb
335.47075 39.91997 0.50704 0.78292 -0.36049 eb
335.56129 25.43294 -0.19178 -0.65857 0.72767 eb
335.80392 32.12451 -0.27332 -0.58506 -0.76355 eb
336.23209 24.92576 -0.29589 0.95514 0.01235 eb
336.30279 66.66037 0.51694 -0.84635 0.12832 eb
336.31104 38.86768 0.28988 -0.93855 0.18736 eb
336.75651 48.87119 0.89329 0.41930 0.16192 eb
337.59156 41.91903 0.15722 0.98377 -0.08651 eb
337.70755 26.29517 -0.93799 0.12394 -0.32374 eb
337.81002 33.75869 0.86258 -0.37604 -0.33845 eb
337.84422 45.33322 -0.12977 0.20995 -0.96906 eb
338.08983 52.77344 -0.27532 -0.00014 -0.96135 eb
338.16621 42.17437 0.39159 0.92000 -0.01620 eb
339.94771 80.85929 -0.90767 0.41663 0.05059 eb
340.82846 22.23056 -0.04286 -0.97314 -0.22619 eb
341.36478 78.84566 0.92108 -0.31204 -0.23291 eb
341.67834 60.95424 0.09450 0.20650 -0.97387 eb
342.16454 54.01728 -0.23879 0.75649 -0.60886 eb
343.86046 38.95810 0.24180 -0.28266 0.92824 eb
344.15471 75.52719 0.89513 -0.44506 -0.02578 eb
344.58147 79.94280 0.93979 -0.21892 0.26244 eb
345.50904 74.05131 -0.52083 -0.53580 -0.66457 eb
345.84543 20.30177 -0.29711 0.59459 -0.74711 eb
346.04834 25.09732 -0.20328 -0.07339 -0.97637 eb
347.56658 70.83302 -0.98873 0.07033 0.13213 eb
348.93011 87.80910 -0.74542 -0.01532 0.66641 eb
350.65921 27.71746 -0.63929 -0.24959 0.72733 eb
350.67946 35.68616 -0.55464 -0.08421 0.82782 eb
350.77011 52.30604 -0.72989 -0.65696 -0.18885 eb
354.71270 28.95845 0.05428 0.56760 -0.82152 eb
354.96273 39.67542 0.51813 -0.21259 -0.82846 eb
355.19438 37.46156 0.80531 -0.56273 -0.18659 eb
355.53716 40.79939 -0.70928 0.45963 -0.53448 eb
356.27480 31.34514 -0.72131 -0.03141 -0.69190 eb
356.41692 75.37849 -0.47070 0.73657 0.48569 eb
358.06573 65.32434 0.93036 0.36591 -0.02343 eb
358.82584 15.72139 -0.58872 0.50567 0.63064 eb
360.46646 20.54571 0.01070 0.99627 -0.08558 eb
361.13958 35.49451 -0.17704 0.93828 -0.29713 eb
361.27773 67.18965 -0.16203 -0.05688 -0.98515 eb
362.33716 39.15645 0.61360 -0.49447 -0.61563 eb
362.66393 13.24355 -0.46408 0.24519 0.85118 eb
365.79704 72.80476 0.04866 -0.36773 -0.92866 eb
367.07037 70.84791 -0.45271 -0.87493 0.17191 eb
367.10616 34.43622 -0.92185 -0.19610 0.33426 eb
367.89748 63.99541 -0.53215 0.84575 -0.03899 eb
369.96012 26.76536 0.35228 -0.81106 0.46699 eb
372.42845 55.29806 0.34178 0.70287 0.62382 eb
374.16257 16.86590 -0.49112 -0.54521 -0.67937 eb
376.50799 55.33468 -0.39089 0.56196 -0.72898 eb
378.17012 60.61935 0.65264 -0.35343 -0.67019 eb
383.25158 86.16119 0.78810 -0.45849 -0.41072 eb
384.88872 41.18280 0.14608 -0.89128 -0.42928 eb
385.58868 51.27405 -0.01754 -0.48972 0.87170 eb
385.71851 37.79987 -0.34333 0.32100 0.88266 eb
387.20735 83.12789 0.74655 -0.64769 -0.15215 eb
388.73226 58.24889 0.98350 -0.06307 0.16957 eb
390.21601 41.81212 -0.83265 -0.47678 0.28171 eb
390.32365 79.38369 -0.15185 0.49087 -0.85790 eb
391.08319 33.80183 0.34164 -0.92406 0.17143 eb
392.11526 29.01629 0.30585 0.09023 -0.94779 eb
394.89090 39.35287 -0.34433 0.93658 0.06526 eb
395.91696 49.30582 -0.91460 0.00282 -0.40435 eb
395.98713 14.48964 0.87030 0.39246 -0.29758 eb
396.21367 59.73693 -0.78834 0.61352 -0.04586 eb
398.19379 4.73737 -0.36119 -0.89011 0.27792 eb
399.72211 33.28052 0.25587 -0.12507 -0.95859 eb
401.77280 27.28782 -0.90581 -0.02624 -0.42287 eb
402.19200 40.64514 -0.24473 0.94410 -0.22089 eb
407.01991 25.85204 -0.64250 0.13560 -0.75419 eb
409.79241 18.89432 0.06440 -0.90149 -0.42798 eb
410.23912 50.88741 -0.19595 0.97818 0.06904 eb
411.63298 30.33789 0.24503 -0.04569 0.96844 eb
426.41700 28.35187 0.00021 -0.09634 -0.99535 eb
446.72720 24.84994 0.51389 -0.85492 0.07090 eb
453.46145 26.60800 0.96358 -0.03491 0.26513 eb
461.21966 19.35471 0.95039 -0.05080 0.30689 eb
486.84287 5.57633 -0.73856 0.30253 -0.60250 eb
490.74338 27.05114 0.07586 0.99435 -0.07425 eb
501.75994 13.39712 -0.90785 -0.41858 -0.02467 eb
517.78853 23.05517 -0.63076 0.75449 0.18136 eb
547.45152 14.62744 -0.55500 -0.77952 0.29037 eb
560.24346 30.16632 0.17646 -0.97958 0.09633 eb
580.28600 17.15100 -0.13683 -0.99021 -0.02754 eb
607.23510 24.35862 0.00268 0.82304 0.56797 eb
653.28984 35.70793 0.38930 0.88881 -0.24179 eb
682.17723 24.95933 0.87424 0.48383 0.04022 eb
720.72718 25.09294 0.91125 0.40120 -0.09308 eb
766.69113 30.23950 -0.57793 0.71442 -0.39446 eb
772.99515 21.20691 0.41033 -0.29391 -0.86327 eb
869.34795 13.25116 -0.14467 -0.86034 -0.48875 eb
874.14252 17.60868 0.92798 0.13836 0.34599 eb
922.64031 34.06166 0.01532 -0.96954 0.24445 eb
925.20228 19.41941 0.25023 0.36453 -0.89694 eb
956.04344 31.05462 -0.72467 0.54838 -0.41730 eb
991.46183 27.82475 0.53516 -0.82314 -0.18982 eb
1003.24816 5.49431 -0.45219 0.58150 -0.67630 eb
1092.28864 8.67370 -0.00814 0.63572 -0.77187 eb
1120.77654 17.63847 -0.92897 0.30121 0.21515 eb
1152.02563 17.16838 0.90239 0.41606 0.11215 eb
1221.17825 13.69197 -0.50304 0.61799 -0.60418 eb
1229.45092 18.17226 -0.82445 0.24534 -0.50999 eb
1337.01974 21.69910 -0.31211 0.25719 -0.91457 eb
1354.70936 27.41379 -0.11061 -0.96116 0.25284 eb
1406.43672 22.48036 0.53374 0.25555 0.80611 eb
1556.83628 17.76910 -0.57154 0.10251 -0.81415 eb
1698.66613 26.44316 -0.10160 0.24765 -0.96351 eb
1818.23107 20.06764 0.07687 -0.47482 -0.87672 eb
2099.84333 34.03613 0.88193 -0.32750 0.33904 eb
2128.22262 16.20136 -0.22428 0.94217 -0.24902 eb
2390.68585 14.71253 -0.53112 0.56137 -0.63464 eb
3031.20830 14.67301 -0.27254 -0.78724 0.55314 eb
3065.43407 25.47670 0.04019 0.97826 -0.20347 eb
3501.40934 8.42282 0.16141 -0.10944 0.98080 eb
3705.77799 9.68832 0.05307 -0.99532 -0.08081 eb
3773.56556 8.51715 -0.56574 0.41134 -0.71466 eb
3848.89260 10.38419 -0.91323 -0.36669 0.17761 eb
3916.09526 24.97184 -0.84253 0.51210 0.16704 eb
4792.49463 11.83827 0.48214 0.26336 -0.83557 eb
5836.03792 17.94907 -0.35306 -0.77547 -0.52344 eb
6101.05047 29.55012 -0.84527 -0.38162 0.37401 eb
6138.09285 14.48546 0.03803 0.78233 -0.62170 eb
6383.42164 14.62672 -0.38127 0.24533 -0.89132 eb
6995.28441 13.34777 0.26824 0.77877 0.56707 eb
7037.99142 24.88302 -0.60873 0.10538 -0.78635 eb
7567.68403 26.03614 0.02269 0.84894 -0.52800 eb
10898.68441 13.08331 -0.91368 -0.26358 0.30937 eb
13581.11482 26.02295 0.29574 0.94937 -0.10600 eb
14073.29318 20.06897 -0.63002 -0.02617 -0.77614 eb
14100.84544 21.59314 0.31434 0.84865 0.42543 eb
14115.16404 24.81360 -0.87058 0.49202 0.00128 eb
14439.34613 28.09125 -0.63123 -0.07067 -0.77237 eb
16043.64070 7.61843 0.12870 0.78907 -0.60067 eb
18400.91427 14.59654 0.92729 -0.15900 0.33891 eb
18882.83347 10.75449 -0.15593 0.38390 -0.91011 eb
