18.18396 63.56008 -0.59639 0.65610 0.46245 eb
19.59353 67.17534 0.98415 0.15611 -0.08419 eb
24.87753 66.54656 0.00452 0.24779 -0.96880 eb
25.38636 69.78299 -0.68575 0.29589 0.66498 eb
25.59958 37.33345 0.55345 0.82557 -0.11012 eb
25.67920 70.02918 0.96357 0.00593 -0.26737 eb
26.01801 11.03984 0.16814 0.09528 -0.98115 eb
26.66491 83.36737 0.79732 0.09570 0.59593 eb
27.10519 22.70250 -0.45243 -0.69356 -0.56061 eb
27.11221 51.63472 -0.61302 0.09390 -0.78447 eb
27.96718 86.31803 0.20702 -0.70690 -0.67634 eb
28.44320 54.35391 -0.84154 0.53997 -0.01594 eb
28.46945 49.78895 0.56853 -0.48226 -0.66649 eb
29.88138 29.21284 -0.31834 -0.94618 0.05834 eb
30.64663 41.07668 -0.17520 -0.62092 -0.76405 eb
32.63770 87.83754 -0.55730 -0.54341 -0.62779 eb
32.80744 86.77852 -0.49987 -0.42623 -0.75396 eb
32.81027 87.45496 -0.38384 0.89675 -0.22024 eb
33.54777 26.07947 -0.29266 -0.39160 -0.87235 eb
33.71944 24.66070 -0.66054 -0.72181 0.20657 eb
33.80821 47.53602 -0.57580 -0.34530 -0.74110 eb
33.97056 54.33427 0.77029 -0.24329 0.58946 eb
34.21276 73.37268 0.26735 0.86124 0.43218 eb
34.39403 30.31130 -0.78064 0.21541 -0.58669 eb
34.79780 46.76395 0.10686 0.90944 -0.40188 eb
36.73467 50.40969 -0.21043 0.91323 -0.34889 eb
36.86752 24.35025 0.57733 0.16045 0.80059 eb
37.01924 28.62370 0.74794 0.51802 -0.41501 eb
37.08429 43.94581 0.22947 0.38125 0.89554 eb
38.30544 61.08408 0.87222 -0.12047 0.47405 eb
38.38532 77.62637 0.50900 0.70912 0.48793 eb
38.91533 25.70773 0.42138 -0.55846 -0.71453 eb
39.68009 45.26024 0.81555 0.52176 -0.25031 eb
39.90610 79.18978 -0.69305 -0.50548 -0.51397 eb
40.09540 48.10189 -0.79812 0.54525 0.25633 eb
40.14120 69.50389 -0.17031 0.97171 0.16365 eb
40.62971 28.86128 -0.79089 -0.16466 0.58940 eb
41.16599 85.57162 -0.58767 0.80750 0.05089 eb
42.48099 58.20791 -0.40813 0.53299 -0.74118 eb
42.68477 70.00878 0.40113 -0.42965 -0.80901 eb
43.71120 64.71707 0.02696 -0.62393 -0.78101 eb
43.76807 19.80566 0.63132 0.73001 -0.26177 eb
44.63480 25.42578 -0.69861 0.71540 -0.01177 eb
45.72105 11.48453 -0.79221 0.53040 -0.30178 eb
46.02441 24.26253 0.31542 0.42755 -0.84718 eb
46.37799 60.70577 -0.16033 -0.97539 0.15137 eb
46.39267 62.77980 0.45848 0.88347 0.09637 eb
46.78582 19.74339 -0.22463 0.85383 0.46958 eb
47.39586 45.13950 -0.47236 -0.31781 0.82212 eb
48.53722 37.74426 -0.70544 -0.56980 -0.42152 eb
48.63289 51.95847 -0.37659 0.88293 -0.28039 eb
49.09406 55.82173 0.72636 0.47077 0.50078 eb
49.17875 36.88986 0.92916 0.36946 0.01254 eb
49.43597 83.92685 0.84913 -0.52104 -0.08654 eb
50.73130 52.54677 0.23198 -0.12481 -0.96468 eb
50.81785 17.33128 -0.62702 0.77194 -0.10464 eb
52.36273 21.88431 0.77735 -0.14613 -0.61186 eb
52.63383 61.78423 -0.54150 0.04321 -0.83959 eb
53.35174 42.77079 0.60963 -0.45730 -0.64748 eb
54.54874 84.51075 0.65785 0.42577 -0.62125 eb
55.25816 87.96838 -0.33085 -0.58012 -0.74431 eb
56.31110 50.47182 0.09513 0.49578 -0.86322 eb
56.58726 55.53284 0.90090 -0.42648 -0.08051 eb
56.70403 49.05153 -0.06637 -0.97943 -0.19057 eb
57.10163 72.39503 -0.23698 -0.46211 -0.85458 eb
57.30719 68.49587 0.53794 -0.68011 -0.49806 eb
57.48615 50.20279 -0.06190 0.23483 -0.97006 eb
57.54210 25.06343 -0.81975 0.56715 0.07970 eb
57.62895 40.35775 0.85706 0.51522 -0.00014 eb
57.86959 45.93297 -0.98816 -0.12402 -0.09029 eb
58.91865 70.98419 -0.56359 0.54489 -0.62086 eb
59.50293 78.67711 -0.54688 -0.80775 0.22015 eb
61.14453 40.06786 0.40657 -0.06470 -0.91133 eb
61.91051 38.58622 0.18384 0.67235 -0.71704 eb
62.06085 59.95242 -0.72832 0.55510 -0.40176 eb
62.84805 43.54241 -0.61095 -0.58207 0.53659 eb
63.80412 21.97227 -0.28493 0.69691 0.65813 eb
64.23373 70.60705 -0.68789 0.43795 -0.57880 eb
64.29643 15.68852 -0.92940 -0.23711 -0.28285 eb
65.12708 35.56397 0.31626 0.10599 -0.94273 eb
65.73100 49.68768 0.95968 -0.18659 -0.21023 eb
66.72908 64.58495 0.33922 0.11565 -0.93357 eb
68.01855 32.62856 -0.89944 0.27136 -0.34260 eb
68.11697 74.54235 -0.76094 0.41076 0.50224 eb
68.91138 70.40858 0.49555 -0.58115 -0.64552 eb
69.57355 44.81788 -0.54505 0.13811 -0.82695 eb
69.75898 45.24399 -0.87633 -0.46666 -0.11946 eb
71.13424 81.01044 -0.45384 0.85852 0.23870 eb
71.50273 23.83391 0.75997 -0.64604 -0.07122 eb
71.67963 69.75649 0.15445 0.20026 -0.96749 eb
72.13007 35.73214 0.36451 0.49278 -0.79012 eb
72.20737 19.49531 -0.63566 -0.66649 0.38951 eb
72.65711 35.84611 -0.98941 0.14299 -0.02490 eb
77.05167 67.72901 0.91722 0.31897 -0.23867 eb
77.25446 31.83919 0.19943 0.95813 -0.20547 eb
77.43141 73.28716 -0.54896 0.28442 -0.78597 eb
77.94655 67.02528 0.47894 0.06872 -0.87515 eb
77.98843 79.26747 -0.42423 0.86986 -0.25173 eb
79.02307 12.65271 0.12299 -0.95072 0.28463 eb
80.23876 41.97781 -0.26203 -0.88149 -0.39284 eb
80.58289 46.66935 -0.56875 0.06741 -0.81975 eb
81.36232 21.74405 0.07273 0.46041 -0.88472 eb
81.87949 62.69318 0.89838 -0.39559 0.19084 eb
82.05976 17.91831 -0.74624 0.18213 -0.64028 eb
83.35168 46.66717 -0.81543 -0.57029 0.09924 eb
83.45835 65.13878 -0.08194 0.39854 -0.91349 eb
83.47609 79.32977 0.18529 0.92671 -0.32692 eb
83.97991 49.67705 0.82218 -0.33661 -0.45903 eb
84.39844 17.68362 0.84157 0.24619 -0.48077 eb
84.92460 66.75573 0.65606 0.38169 -0.65107 eb
85.28678 36.93516 -0.90685 0.25919 0.33233 eb
86.61781 84.68463 -0.18639 0.84009 0.50942 eb
87.76985 32.05684 -0.78254 -0.62108 -0.04347 eb
90.85493 19.06267 0.43609 -0.23954 -0.86744 eb
92.94337 32.23152 0.20609 -0.86341 -0.46048 eb
93.62746 25.56175 -0.51230 0.35732 -0.78094 eb
93.82185 20.49506 -0.13251 -0.97264 -0.19083 eb
94.32339 35.49881 -0.38107 -0.92404 -0.03058 eb
95.31651 36.57363 0.75174 0.61935 -0.22649 eb
95.59529 49.65470 0.36479 -0.49355 -0.78952 eb
95.66189 51.90457 -0.52584 -0.79953 -0.29026 eb
96.59013 25.31126 -0.41126 0.30013 -0.86069 eb
96.59601 17.81691 0.88764 0.41775 0.19385 eb
97.16014 47.55080 -0.66227 -0.50261 -0.55568 eb
97.87026 45.37497 0.31378 0.30652 -0.89866 eb
99.29741 29.75441 -0.61706 -0.27134 -0.73865 eb
99.39043 59.65475 -0.67528 0.24936 -0.69413 eb
101.32078 54.84450 -0.90144 0.42808 0.06448 eb
101.70888 81.33022 -0.61036 0.60753 -0.50830 eb
103.42428 70.76228 -0.66420 -0.55255 0.50351 eb
105.09788 31.22760 -0.66953 0.68474 -0.28784 eb
105.84828 49.73826 -0.18799 -0.73806 -0.64801 eb
106.79702 15.05003 0.59282 0.37869 -0.71075 eb
106.97937 37.22442 0.25412 0.79533 -0.55034 eb
108.89073 36.62466 0.93324 -0.20693 0.29366 eb
109.13054 18.98521 -0.84333 0.36493 -0.39448 eb
109.20404 43.71847 0.23466 -0.47020 -0.85079 eb
109.59217 36.26385 -0.16458 0.78177 -0.60146 eb
110.59748 50.78391 0.72012 0.18044 0.66998 eb
112.14294 12.52081 -0.97801 0.17411 -0.11480 eb
112.86301 46.21186 0.35439 0.89475 0.27171 eb
113.29755 11.46592 0.11251 -0.48828 -0.86540 eb
114.56799 30.33520 0.11276 -0.86658 -0.48613 eb
114.93738 38.09314 0.34167 -0.59055 -0.73111 eb
115.37231 61.58859 -0.19464 -0.97997 0.04214 eb
115.85046 31.02673 -0.79141 -0.55956 -0.24611 eb
115.86850 25.93587 0.19618 0.97842 -0.06489 eb
117.14847 17.28452 -0.83335 -0.38041 -0.40102 eb
117.67064 28.97993 0.62590 0.02820 -0.77939 eb
117.76676 66.37443 0.48330 0.15302 -0.86198 eb
118.09712 58.16608 0.81881 0.41807 0.39340 eb
118.24450 35.98768 0.26168 0.20381 0.94339 eb
118.55182 38.24710 -0.27127 -0.69432 -0.66659 eb
119.08717 28.08327 0.79843 0.48519 -0.35652 eb
120.16221 65.42344 0.67138 -0.55299 0.49340 eb
121.63499 25.88612 -0.43005 -0.26769 -0.86221 eb
121.89400 19.74437 0.09297 -0.94962 0.29929 eb
123.00791 60.61684 -0.52320 0.84645 0.09892 eb
123.92315 88.29295 -0.58032 -0.07249 -0.81115 eb
124.00895 35.31454 0.61650 0.74404 -0.25756 eb
124.33589 36.44248 -0.57461 -0.80702 -0.13617 eb
125.17971 68.17962 -0.45699 0.53352 -0.71170 eb
125.35061 49.66857 0.55597 -0.51389 -0.65331 eb
125.71577 71.36099 -0.78158 -0.43636 -0.44578 eb
125.98433 28.43715 -0.86890 0.48830 0.08108 eb
126.31826 39.95960 -0.09723 0.05490 -0.99375 eb
126.33274 31.01363 -0.15876 -0.87823 -0.45112 eb
126.91014 86.41763 0.02944 -0.61179 -0.79048 eb
127.42291 19.05205 -0.75536 0.01585 -0.65512 eb
128.14790 46.33478 -0.17806 -0.58675 -0.78995 eb
129.05624 25.12487 -0.65900 -0.30420 0.68788 eb
129.19142 38.75453 -0.57108 0.30611 -0.76168 eb
129.37094 55.24034 -0.05550 0.45460 -0.88896 eb
129.39444 23.54789 -0.06166 0.79683 0.60105 eb
129.83744 83.74443 -0.01400 -0.92843 -0.37125 eb
130.01606 16.08269 -0.74356 0.66867 -0.00033 eb
130.82172 20.52814 0.88376 -0.38337 0.26832 eb
131.59872 27.01120 0.89180 0.32809 -0.31154 eb
131.84320 43.84617 0.24608 -0.58111 -0.77573 eb
131.94272 41.73583 0.81897 0.02093 -0.57346 eb
132.06066 22.51045 -0.54697 -0.10244 -0.83086 eb
132.93543 58.41549 -0.48838 0.50337 -0.71282 eb
135.20425 52.01868 -0.94492 -0.29113 -0.14958 eb
135.36836 58.72820 -0.19479 -0.22135 -0.95554 eb
135.42019 63.18038 0.98101 -0.17646 -0.08052 eb
135.58516 40.85280 -0.29366 0.76738 -0.56999 eb
137.94579 17.34896 -0.90938 0.36624 0.19724 eb
139.42873 58.58358 -0.06784 -0.54976 -0.83256 eb
139.88977 25.18072 0.83249 0.05671 -0.55113 eb
140.05209 50.40694 -0.57977 0.61721 -0.53190 eb
140.20293 61.41168 -0.71663 -0.57019 -0.40165 eb
140.39785 46.69772 0.31778 0.91121 0.26214 eb
141.45308 15.47792 0.29596 -0.18932 -0.93625 eb
141.49334 21.47486 0.14737 -0.57223 -0.80674 eb
142.06080 41.70456 -0.50458 -0.22595 -0.83328 eb
142.27707 49.53216 -0.85053 -0.35825 0.38504 eb
142.29396 53.18189 -0.04289 -0.36319 -0.93073 eb
142.35339 63.15976 -0.37669 -0.37748 0.84594 eb
142.60853 60.72456 -0.91583 0.34032 -0.21314 eb
143.06964 24.07611 -0.05517 0.99180 -0.11530 eb
144.00221 63.76369 0.13622 -0.58295 -0.80101 eb
144.58420 36.63305 -0.41033 -0.90234 -0.13195 eb
146.50596 34.82382 -0.65590 -0.23986 -0.71572 eb
147.11445 30.96885 -0.36259 0.90622 -0.21745 eb
147.70644 24.28889 0.39418 0.89794 0.19578 eb
147.92200 44.75588 0.10845 0.49737 -0.86074 eb
148.20800 38.86893 -0.27661 0.90713 0.31719 eb
149.76011 62.37310 -0.80741 -0.58940 -0.02646 eb
150.28187 28.36749 0.88735 0.17203 -0.42781 eb
150.89892 42.91476 -0.20017 -0.34090 -0.91854 eb
152.32781 23.65606 -0.55255 -0.53384 -0.64008 eb
152.38696 67.04866 0.24082 0.96710 -0.08202 eb
153.04031 50.60183 -0.85468 -0.38324 0.35022 eb
153.24671 53.87771 -0.46588 -0.83798 -0.28415 eb
154.12801 14.29263 -0.77240 0.14090 0.61931 eb
154.37439 18.84887 -0.23388 -0.96923 -0.07674 eb
154.41358 10.56441 -0.90576 -0.31818 -0.27994 eb
154.81339 30.35462 -0.55591 0.79989 0.22616 eb
155.04107 43.11123 -0.24999 -0.89340 -0.37329 eb
156.49706 44.00899 -0.62324 -0.16857 -0.76365 eb
158.25936 68.32144 -0.63453 -0.07143 -0.76959 eb
158.27737 31.35413 -0.67259 -0.71834 -0.17781 eb
158.35824 45.57319 -0.94323 -0.21377 0.25420 eb
158.48582 76.71838 0.91967 -0.37656 -0.11143 eb
158.87262 26.02811 0.11012 -0.59166 -0.79864 eb
159.17961 58.07835 -0.91860 -0.36611 -0.14880 eb
160.76400 32.96397 0.57522 0.03928 -0.81706 eb
160.99589 58.64390 0.88117 0.28867 0.37445 eb
161.33757 24.66222 -0.49773 0.33399 -0.80044 eb
162.05385 33.38400 -0.42415 -0.53546 0.73033 eb
162.65468 24.77553 -0.62382 0.77943 -0.05773 eb
163.00392 35.57533 0.37009 0.86493 0.33902 eb
167.34110 15.10685 -0.33548 0.30084 -0.89272 eb
168.44135 16.78637 0.80173 0.59765 0.00625 eb
168.69825 42.62243 0.36998 0.89314 0.25577 eb
170.04946 22.46886 0.84811 -0.23572 -0.47449 eb
170.57113 45.91846 -0.27167 -0.93810 0.21484 eb
171.87812 62.95387 0.58522 0.66693 0.46122 eb
171.88725 70.09227 0.28986 0.83271 -0.47178 eb
174.01837 27.99266 0.84991 0.52681 -0.01103 eb
174.40410 19.47105 -0.83624 -0.34797 -0.42381 eb
174.52888 26.74604 -0.50141 -0.86414 -0.04297 eb
174.82577 28.15997 0.55210 0.38851 -0.73773 eb
175.13913 67.70824 0.03035 0.47028 -0.88199 eb
175.23893 58.44995 0.75814 0.48801 -0.43252 eb
175.35917 23.48962 -0.67727 -0.71530 -0.17220 eb
175.66990 45.89695 -0.40727 -0.27344 -0.87141 eb
175.85962 42.13315 -0.20278 -0.56342 -0.80090 eb
176.81733 22.21353 0.50216 -0.85290 0.14280 eb
177.39768 32.69762 -0.19527 -0.94860 0.24907 eb
177.90247 70.80527 0.97260 -0.22100 -0.07216 eb
178.06951 47.79957 -0.49743 -0.81918 -0.28551 eb
178.55258 82.85602 0.79536 0.42870 -0.42850 eb
179.23546 46.09989 0.41190 0.57000 -0.71094 eb
179.63466 26.40257 -0.74470 -0.60301 0.28599 eb
179.66864 48.53135 0.55079 -0.68902 0.47105 eb
179.98107 35.34256 -0.27749 0.96022 -0.03115 eb
181.79787 30.30136 -0.44351 -0.68311 0.58023 eb
182.16179 21.82872 0.88934 0.08823 -0.44866 eb
182.86889 48.24203 0.01977 0.58586 -0.81017 eb
183.36871 25.78971 -0.32746 -0.76416 -0.55573 eb
184.36229 28.83835 -0.25489 -0.04282 -0.96602 eb
185.36954 47.34786 0.63862 -0.76940 -0.01379 eb
185.41826 9.54020 0.61745 0.61089 0.49554 eb
186.65284 41.66274 -0.99505 -0.01846 -0.09762 eb
186.77312 40.27538 -0.65073 -0.72841 0.21439 eb
188.59603 27.38821 0.80205 0.51321 -0.30548 eb
188.84304 17.47015 -0.27779 0.92220 0.26904 eb
189.02120 56.53690 0.48809 0.87208 0.03536 eb
189.61352 21.57935 -0.15489 0.93595 0.31623 eb
189.65501 82.41601 0.60833 -0.63153 0.48073 eb
189.74742 53.70287 -0.16064 -0.38126 -0.91041 eb
189.76316 32.19290 0.51793 -0.01277 -0.85533 eb
190.11676 28.60871 -0.07081 0.30389 -0.95007 eb
190.16575 41.60117 -0.71953 0.60272 -0.34497 eb
192.18124 54.95048 0.72727 0.33037 0.60160 eb
193.41528 73.45272 0.56535 0.50623 -0.65124 eb
193.61270 66.99897 -0.43689 0.52898 -0.72754 eb
194.60225 31.93367 0.38061 0.64181 0.66574 eb
194.96542 52.65454 -0.34785 0.34138 -0.87319 eb
195.63949 31.35030 -0.96111 -0.13962 0.23827 eb
196.98948 15.75159 -0.90690 0.35828 0.22174 eb
197.04936 15.66287 -0.09162 -0.21414 0.97250 eb
198.65659 38.81567 0.99847 -0.03698 -0.04120 eb
199.66751 43.65529 0.34384 -0.24094 -0.90759 eb
202.25214 44.17048 -0.13714 -0.47995 -0.86651 eb
202.82924 44.82365 -0.44132 0.50074 -0.74465 eb
203.29683 41.38021 0.57705 -0.28381 0.76581 eb
203.49536 56.51105 -0.79692 0.19426 -0.57200 eb
204.54918 53.82304 -0.10203 -0.91081 -0.40002 eb
204.73968 41.43110 0.04287 -0.25865 -0.96502 eb
205.38487 59.70446 -0.92087 -0.31199 0.23380 eb
205.65808 46.05365 0.41236 -0.90092 -0.13532 eb
205.93508 32.10921 0.22878 -0.13522 0.96404 eb
206.20345 41.68173 -0.08490 0.85087 0.51847 eb
206.26122 71.98753 0.88022 -0.28289 -0.38104 eb
206.84986 34.77659 -0.65649 -0.68466 0.31665 eb
207.41141 25.72418 -0.35534 -0.12054 0.92693 eb
212.63846 32.35409 -0.92087 0.38900 0.02591 eb
212.84698 34.78796 0.78666 -0.38161 0.48532 eb
214.76367 25.56652 -0.31598 0.19304 0.92892 eb
214.83393 41.04102 -0.71633 -0.40856 0.56564 eb
215.64528 75.13728 -0.84338 -0.12639 -0.52225 eb
217.00700 54.13130 -0.44875 -0.50528 -0.73710 eb
217.88438 88.05190 0.35627 -0.20265 -0.91214 eb
218.77454 27.10603 -0.81105 -0.57858 0.08627 eb
219.39566 26.97657 -0.67657 0.06636 -0.73338 eb
220.35342 32.72267 0.21339 0.59712 -0.77325 eb
221.19272 70.36763 0.17271 -0.95651 0.23507 eb
221.39593 45.92830 0.99804 -0.06256 0.00294 eb
222.63048 46.78792 0.82093 0.47046 -0.32363 eb
222.80460 51.53889 -0.58862 -0.80766 -0.03483 eb
223.22632 20.38404 -0.93119 -0.09967 0.35064 eb
223.23175 33.15178 -0.43276 0.84453 0.31541 eb
223.28203 19.48436 0.57367 -0.47689 -0.66594 eb
223.72396 26.94248 0.48128 0.85982 -0.17052 eb
225.43571 37.46646 0.70349 0.12966 0.69878 eb
225.45003 44.83293 0.22495 0.06026 -0.97250 eb
225.66248 36.34379 0.67342 0.13667 -0.72651 eb
225.73768 38.86211 0.10264 0.99471 0.00498 eb
225.98933 31.05103 0.97091 -0.22976 0.06739 eb
226.59003 23.36982 -0.99774 0.06713 -0.00039 eb
226.73115 23.19748 -0.89574 0.44059 0.05942 eb
226.94181 35.08747 -0.19142 -0.94085 0.27959 eb
227.25430 43.58775 -0.81073 -0.46212 0.35938 eb
227.37548 45.68686 0.31026 0.75501 -0.57767 eb
228.35691 32.01194 -0.13430 0.62145 -0.77186 eb
228.55333 26.90393 -0.56621 0.07795 0.82057 eb
228.64001 24.27121 0.54359 0.72531 -0.42242 eb
228.70395 40.40781 0.96594 0.08367 -0.24486 eb
229.96439 28.99882 -0.55041 0.66691 -0.50227 eb
230.21894 26.05796 0.83809 0.02110 -0.54513 eb
230.31726 46.47871 -0.18029 -0.97248 0.14760 eb
230.44051 24.41759 -0.34090 -0.93674 -0.07938 eb
230.50432 22.09142 0.01292 0.48018 -0.87708 eb
230.60217 40.21144 0.00753 -0.16260 -0.98666 eb
231.24698 23.34705 -0.12337 -0.35477 -0.92678 eb
231.59638 33.22036 0.36272 0.01775 -0.93173 eb
232.51658 30.69139 -0.98702 -0.07069 0.14420 eb
233.48222 35.45333 -0.78770 0.61594 0.01212 eb
235.66164 29.75961 0.17632 -0.14249 -0.97396 eb
236.08589 26.75278 -0.79579 -0.15452 -0.58553 eb
237.03929 54.06250 -0.76134 -0.31785 -0.56510 eb
237.30661 31.81597 0.78648 0.49494 -0.36944 eb
238.24634 39.90018 0.76697 -0.51103 0.38809 eb
238.64178 77.60810 0.96799 0.24503 -0.05438 eb
240.59327 64.83817 -0.92859 0.37098 -0.00936 eb
241.17831 47.95573 0.83472 0.23902 0.49609 eb
241.24189 24.41465 -0.75270 0.02244 -0.65798 eb
242.77983 38.38092 0.24918 0.78378 -0.56886 eb
244.25441 38.45818 -0.27834 0.33090 -0.90168 eb
245.20437 31.16917 -0.90293 -0.22580 -0.36569 eb
245.93626 32.96681 0.98216 -0.07418 -0.17282 eb
246.50282 28.11207 -0.67789 0.72850 -0.09877 eb
246.72048 44.71025 0.28704 0.95682 -0.04577 eb
247.22588 48.43911 -0.82775 -0.25557 0.49951 eb
247.43068 23.75359 0.12879 -0.48561 -0.86464 eb
247.90876 34.51738 0.14269 -0.03368 -0.98920 eb
248.21467 41.49654 -0.14055 -0.76113 0.63318 eb
248.51689 37.55922 -0.87171 0.03706 -0.48863 eb
249.73154 20.58068 -0.42706 -0.83517 -0.34656 eb
250.92917 53.47575 -0.12890 0.73240 0.66856 eb
251.13279 26.96937 0.04399 -0.31084 0.94944 eb
251.39206 42.44983 -0.46816 -0.04594 -0.88245 eb
251.62425 65.52122 -0.05019 -0.89004 -0.45311 eb
253.01015 82.44494 0.06571 0.39358 -0.91694 eb
253.03507 39.06737 -0.99519 0.03603 -0.09108 eb
253.50124 68.19666 0.46549 -0.88505 -0.00225 eb
253.65804 69.56421 0.21357 -0.26699 -0.93973 eb
254.17626 83.03165 0.59832 0.06157 -0.79889 eb
255.10011 29.96914 0.17108 -0.53566 -0.82692 eb
255.11660 18.16364 -0.73063 -0.40030 0.55312 eb
255.98951 38.72024 0.70642 0.43640 -0.55725 eb
256.92914 32.70948 0.24402 -0.20523 -0.94781 eb
257.53295 17.15358 0.58056 -0.80470 0.12414 eb
257.72811 31.48628 0.71427 0.33078 -0.61677 eb
258.40920 44.17723 0.04175 0.99700 -0.06520 eb
258.93426 38.86811 0.00064 -0.83357 -0.55242 eb
258.93704 28.73109 -0.00915 0.24680 -0.96902 eb
259.34052 37.16130 0.52428 -0.53091 -0.66578 eb
259.82624 44.14042 0.95751 -0.28485 -0.04503 eb
260.08073 35.69010 0.51680 -0.63594 -0.57315 eb
261.74260 40.18912 -0.48559 0.04471 -0.87304 eb
262.80188 78.35965 -0.41770 -0.86640 0.27362 eb
263.03013 53.46473 -0.12065 -0.54230 -0.83147 eb
263.11667 23.93479 0.50940 0.72586 -0.46221 eb
263.18893 40.46156 -0.21319 -0.52591 -0.82339 eb
263.38748 26.18700 0.67782 0.60874 -0.41231 eb
263.51468 37.79959 -0.32498 0.60180 0.72954 eb
264.51272 61.87099 -0.28599 -0.48103 -0.82874 eb
264.67692 27.60834 -0.48020 -0.07576 -0.87388 eb
264.70433 74.07861 0.15579 0.86203 -0.48232 eb
265.26510 41.20659 -0.16140 -0.36352 -0.91750 eb
265.32019 47.73773 -0.63786 -0.04481 0.76885 eb
265.90812 14.07975 0.13644 0.82753 -0.54459 eb
266.31977 46.87499 -0.88382 0.18081 0.43148 eb
266.37289 38.06114 0.81444 0.29661 -0.49872 eb
266.67915 31.81329 0.84353 0.52655 -0.10585 eb
267.08644 37.81398 0.15096 -0.48601 -0.86081 eb
267.10197 51.16165 -0.35006 0.79795 -0.49065 eb
269.34930 22.96693 -0.44079 -0.50131 -0.74457 eb
270.06320 28.44291 -0.84714 0.47061 0.24675 eb
270.35239 9.17461 -0.39953 0.91441 -0.06496 eb
270.67066 15.82286 -0.69705 -0.03796 0.71601 eb
272.09653 35.65680 0.60224 0.66339 -0.44409 eb
272.56226 29.69617 -0.66229 0.48342 -0.57243 eb
272.62257 27.05577 0.13961 0.90115 0.41041 eb
273.79606 21.34636 0.02200 -0.04299 -0.99883 eb
274.01004 15.76000 -0.01530 -0.32476 -0.94567 eb
274.17942 22.21726 0.51011 -0.65728 -0.55477 eb
274.66350 21.87532 0.84384 0.05600 -0.53366 eb
274.67669 26.31059 -0.45176 -0.84797 -0.27724 eb
275.62636 26.83073 0.54717 -0.80695 0.22233 eb
275.78567 17.23662 0.00633 -0.57842 0.81572 eb
276.12353 37.46891 -0.88096 0.40797 0.23972 eb
276.48517 48.78172 0.66665 0.29015 -0.68658 eb
276.80356 22.44182 0.71207 -0.18758 0.67659 eb
277.12418 74.85239 0.66433 0.19064 -0.72272 eb
277.37446 48.99004 0.09123 0.95838 0.27053 eb
277.59507 40.49570 -0.05124 0.97114 -0.23293 eb
279.03379 23.62280 0.30816 -0.44844 -0.83901 eb
280.05288 36.40937 -0.81155 0.26875 -0.51881 eb
282.34864 23.49359 0.27157 -0.92329 0.27163 eb
284.58889 41.84014 -0.59379 0.47798 -0.64726 eb
285.18691 16.17486 0.18053 0.97459 -0.13263 eb
285.30451 33.11507 0.14498 0.81562 -0.56013 eb
285.33394 41.87390 -0.79709 -0.50850 0.32569 eb
286.09121 46.61178 0.83327 0.43149 -0.34567 eb
286.55453 20.71187 -0.73095 0.64863 0.21213 eb
286.88611 19.51863 0.59868 -0.23650 0.76527 eb
287.05461 63.56161 0.55020 -0.30359 -0.77789 eb
287.24581 40.86893 0.17370 -0.43165 -0.88516 eb
287.33119 19.29751 -0.28676 -0.49877 -0.81792 eb
287.73118 77.53067 -0.72534 -0.01238 -0.68828 eb
287.77419 86.39606 -0.39700 0.91650 0.04924 eb
288.20376 60.72753 -0.07886 0.99516 0.05856 eb
288.86511 41.41902 -0.03099 0.66709 -0.74433 eb
289.39274 22.48136 0.33892 -0.54377 0.76775 eb
289.55004 84.19467 -0.36730 -0.12459 -0.92172 eb
289.87242 22.24185 0.31889 0.59019 -0.74161 eb
290.83751 59.87904 -0.76790 0.59867 0.22787 eb
290.96032 40.83880 0.42339 0.46866 -0.77530 eb
291.54342 44.14882 0.63972 -0.49351 -0.58924 eb
293.35068 33.17032 -0.70039 0.29952 -0.64787 eb
294.04048 28.20697 -0.16866 0.98332 0.06811 eb
295.45317 63.72823 -0.55864 -0.55955 -0.61223 eb
295.72694 31.20230 -0.73765 -0.29208 -0.60874 eb
295.83344 56.57727 0.58794 0.77888 -0.21833 eb
296.26086 57.01314 -0.72101 0.68960 -0.06770 eb
297.76885 32.63373 -0.87075 0.45990 -0.17400 eb
298.24132 56.31149 -0.04686 0.83923 -0.54175 eb
298.30473 26.13989 0.29487 -0.66012 0.69087 eb
298.80536 21.57615 -0.37036 -0.38798 0.84398 eb
298.82667 34.76275 0.95173 0.12825 0.27886 eb
299.03946 56.59023 -0.28564 0.64799 -0.70606 eb
299.79812 27.94999 -0.26701 -0.77834 -0.56824 eb
300.17990 43.89761 0.19948 0.32851 -0.92319 eb
300.93079 28.82012 0.14376 -0.03646 -0.98894 eb
301.65188 50.75905 -0.49380 -0.21445 -0.84272 eb
302.24499 52.44632 0.37122 -0.53117 -0.76162 eb
302.31287 47.13247 0.26626 0.28057 -0.92217 eb
303.04602 28.41597 -0.11558 0.82738 -0.54962 eb
303.13765 28.68765 0.45780 -0.85243 -0.25256 eb
303.22136 64.94658 0.49203 0.06111 -0.86843 eb
303.87290 36.77055 -0.62691 0.30342 -0.71758 eb
304.07539 26.07112 -0.96250 0.23609 -0.13362 eb
304.15367 30.39207 -0.58106 -0.29843 -0.75717 eb
304.76668 20.13895 -0.86838 0.44635 -0.21608 eb
305.92446 57.66954 0.21626 0.49636 0.84075 eb
306.31428 37.99978 0.05547 -0.35485 -0.93328 eb
306.32494 23.92504 -0.23109 -0.80075 -0.55262 eb
306.66410 20.80905 -0.78558 -0.60851 -0.11215 eb
306.92677 32.71895 0.35863 -0.75112 0.55426 eb
307.35200 19.10834 0.45208 0.79442 0.40562 eb
307.90626 51.89290 -0.79235 -0.60756 -0.05527 eb
310.71376 50.19124 -0.63007 -0.67743 -0.37961 eb
310.77555 45.20027 0.18932 0.58928 0.78543 eb
311.06710 32.49689 -0.15352 0.51420 -0.84382 eb
312.26529 77.55965 -0.83264 -0.33484 -0.44113 eb
312.27102 39.54419 -0.27836 -0.87100 -0.40482 eb
312.61549 33.92022 0.88007 -0.45416 0.13864 eb
313.63629 39.11902 -0.46621 0.53442 -0.70502 eb
314.28412 42.85985 -0.64398 -0.57817 0.50101 eb
314.42360 23.41747 0.79333 -0.57304 0.20554 eb
314.69236 36.44154 -0.12886 -0.96438 -0.23102 eb
315.36678 43.27437 -0.61257 -0.39816 0.68280 eb
316.34266 18.91527 -0.49612 -0.75551 0.42787 eb
316.41285 37.30209 0.77888 0.35208 0.51903 eb
316.65303 36.08040 0.47295 0.85755 -0.20231 eb
316.89047 42.77212 -0.82624 0.51616 0.22561 eb
317.43771 45.38249 0.61794 -0.76217 -0.19298 eb
318.17735 33.37255 -0.59656 -0.54558 -0.58860 eb
318.17923 76.91643 -0.85547 -0.26604 -0.44429 eb
318.36064 66.86524 -0.99844 0.05080 0.02315 eb
318.41586 28.86844 0.55557 -0.63691 0.53450 eb
319.13586 30.33612 0.03713 -0.95507 -0.29405 eb
319.24184 44.82233 0.09893 0.86995 -0.48311 eb
319.56807 16.38007 -0.66349 -0.72580 -0.18164 eb
320.29243 81.36514 -0.87608 -0.48109 -0.03227 eb
322.22686 38.72545 -0.46139 -0.65919 0.59380 eb
322.30732 25.67296 -0.10990 -0.22537 0.96806 eb
322.33220 33.49553 0.89321 0.17251 -0.41522 eb
322.75667 30.98352 -0.80245 -0.47966 -0.35497 eb
323.01472 61.47088 -0.06620 -0.94125 0.33116 eb
323.97921 72.12949 0.68009 -0.71077 0.17968 eb
324.09443 20.10514 -0.02902 0.99028 -0.13600 eb
325.62926 76.64508 -0.82222 -0.56142 -0.09359 eb
326.63855 28.10543 0.52323 -0.82367 -0.21862 eb
327.19187 25.82569 -0.66215 0.36397 0.65505 eb
327.61088 49.73854 0.39938 -0.12842 -0.90774 eb
327.82100 26.85487 -0.74697 -0.61907 0.24245 eb
329.33793 34.23196 0.88766 0.23477 -0.39615 eb
329.39972 39.83794 0.11096 -0.52211 -0.84563 eb
329.59927 50.45267 -0.97125 -0.23600 0.03131 eb
329.64972 84.28291 -0.82666 0.55728 0.07800 eb
329.98499 32.09269 -0.88519 -0.07114 -0.45976 eb
330.16507 44.44114 0.39493 0.76175 -0.51358 eb
330.43485 24.39973 -0.92211 0.27610 -0.27109 eb
331.08247 29.98032 -0.94675 -0.04679 -0.31855 eb
331.40046 18.83341 0.46918 0.06666 0.88058 eb
331.45256 66.53563 -0.28184 0.01109 -0.95940 eb
331.59451 20.08719 0.77558 0.62456 0.09167 eb
331.95682 43.65022 0.97890 0.01384 -0.20387 eb
332.86532 29.30246 -0.10827 -0.98302 0.14815 eb
333.05233 29.32360 0.47360 -0.85773 -0.19998 eb
333.47232 28.52544 -0.83457 -0.48843 -0.25481 eb
333.48012 28.50775 0.61151 -0.55370 -0.56521 eb
334.18921 56.32071 -0.93431 -0.33626 0.11830 eb
334.29423 25.55472 0.01598 -0.95859 -0.28435 eb
335.50466 32.69524 0.94244 0.31544 -0.11094 eb
335.91691 23.19378 -0.62132 0.55551 -0.55260 eb
337.54547 27.05392 -0.31936 -0.54060 -0.77831 eb
337.79524 69.98418 0.62171 0.59684 -0.50720 eb
339.28801 27.29691 0.69094 -0.46702 -0.55181 eb
339.62824 46.91533 -0.85370 0.45991 -0.24430 eb
339.95706 37.06387 0.35700 -0.89928 -0.25267 eb
340.55538 44.98645 -0.89227 -0.06928 -0.44615 eb
340.63399 81.37755 -0.08679 -0.73448 -0.67306 eb
340.94583 27.31854 -0.82904 -0.26130 0.49439 eb
341.50898 37.77277 -0.69222 0.72054 0.04071 eb
341.64957 22.37182 -0.26631 -0.76695 0.58383 eb
341.70777 45.23651 -0.31284 0.57792 -0.75375 eb
341.71558 57.07593 0.58644 -0.62851 -0.51095 eb
342.00726 52.28998 -0.36160 -0.91419 -0.18302 eb
342.36707 27.14046 -0.48859 0.38183 -0.78453 eb
342.62772 37.81363 0.53595 -0.79667 0.27942 eb
343.60962 59.68580 -0.36207 0.29468 -0.88435 eb
343.74967 38.68634 0.01534 0.99988 -0.00265 eb
343.77393 60.35176 -0.07446 0.29809 -0.95163 eb
344.70541 40.75800 0.43584 -0.87568 0.20792 eb
344.70952 40.41079 0.48544 -0.65431 -0.57984 eb
346.10709 31.60860 0.65910 -0.28149 0.69739 eb
347.06701 18.47912 0.52378 -0.04559 -0.85063 eb
347.48636 53.46673 -0.87765 0.23949 0.41518 eb
348.22264 44.28848 0.32646 0.72145 0.61068 eb
348.78635 71.61566 -0.92282 0.13966 -0.35901 eb
349.29890 38.37903 0.36257 -0.92990 0.06190 eb
349.37685 17.65533 0.52162 0.61787 0.58835 eb
349.51653 54.05526 0.61126 0.34807 -0.71078 eb
350.22433 49.76792 -0.46068 -0.36507 -0.80901 eb
351.82354 28.21573 -0.56982 -0.44452 -0.69116 eb
352.04079 43.07147 0.31230 -0.43575 0.84415 eb
352.49901 63.66472 -0.19396 -0.31239 -0.92994 eb
353.38617 61.79423 0.01446 -0.91635 -0.40011 eb
354.35114 23.26856 0.59147 0.46902 -0.65588 eb
355.59811 64.73527 -0.24360 -0.94859 -0.20207 eb
356.83457 55.84241 -0.77858 -0.20524 0.59303 eb
357.11141 33.35707 -0.46323 -0.80191 -0.37730 eb
357.81172 64.34419 0.46938 -0.25787 -0.84451 eb
358.21329 33.10797 -0.41374 -0.73074 -0.54299 eb
359.60306 41.17268 -0.74835 0.13658 -0.64909 eb
361.35052 29.80556 -0.34690 0.81203 -0.46932 eb
361.61325 63.70759 0.75976 -0.45421 -0.46524 eb
362.34146 36.05428 -0.37527 0.32426 -0.86835 eb
364.13182 39.34879 0.19738 -0.93963 0.27954 eb
366.17736 84.66651 0.24023 0.25259 -0.93728 eb
366.98431 24.87994 -0.55343 0.01893 0.83268 eb
368.66982 17.59284 0.44133 -0.19035 -0.87692 eb
369.06959 59.11331 0.61606 0.72423 0.30979 eb
369.36333 33.10236 0.30692 -0.92246 0.23422 eb
372.24385 62.47871 -0.63585 -0.60396 -0.48055 eb
375.70908 53.84021 -0.04561 -0.98752 -0.15076 eb
376.59108 59.56175 -0.97648 -0.20737 0.05907 eb
379.21224 51.20096 0.35118 -0.33178 -0.87556 eb
379.97951 29.64850 -0.35520 0.91783 0.17724 eb
380.63286 55.06061 -0.74774 -0.54656 0.37703 eb
380.91208 80.71790 -0.88505 0.08460 -0.45774 eb
381.80244 50.43244 -0.67397 -0.69888 0.23943 eb
384.64712 17.72179 0.59497 -0.31323 -0.74020 eb
385.19473 30.72222 -0.64189 0.59006 0.48969 eb
385.62353 6.90008 -0.60245 0.76216 0.23700 eb
386.56914 29.10143 -0.10867 0.53822 -0.83577 eb
386.94575 17.68331 -0.16424 0.86169 0.48012 eb
386.98297 34.73315 -0.14322 -0.83852 -0.52571 eb
389.03081 37.51874 -0.95466 -0.06220 -0.29112 eb
390.60613 38.55652 0.63378 -0.76530 -0.11247 eb
393.44467 51.14049 0.04309 0.68607 -0.72626 eb
394.26740 30.59324 -0.55358 0.82854 -0.08408 eb
396.12971 27.50680 -0.23084 -0.45873 -0.85807 eb
398.57721 46.09252 0.60532 -0.15073 -0.78158 eb
405.90557 45.40439 -0.92027 0.27437 0.27897 eb
408.52321 39.27330 0.14263 0.39380 -0.90806 eb
414.72186 31.94124 -0.86452 0.16782 -0.47375 eb
416.18305 51.33714 0.41772 0.45335 -0.78739 eb
418.09098 56.94312 0.46607 -0.21575 0.85804 eb
419.29655 61.74438 -0.45113 0.87961 -0.15090 eb
432.52471 34.14794 0.01761 -0.50243 -0.86444 eb
433.55536 27.53648 0.85572 0.20920 -0.47326 eb
442.92521 21.21681 0.51786 0.64592 -0.56090 eb
445.31076 61.14051 0.31012 -0.88590 -0.34497 eb
449.05472 22.43782 -0.04760 -0.98936 0.13748 eb
453.08729 77.99744 -0.16028 0.52023 -0.83885 eb
458.93038 31.05052 -0.66951 0.56235 0.48531 eb
460.20313 31.30767 0.14638 -0.82938 -0.53916 eb
467.53417 22.59714 0.57128 0.19425 0.79744 eb
488.39627 11.65923 -0.04119 -0.99670 0.06991 eb
508.14252 15.26879 -0.27559 0.75499 -0.59501 eb
530.35947 28.46995 0.21130 0.78540 -0.58181 eb
571.13803 17.80986 -0.38027 0.23799 -0.89373 eb
612.73607 16.55756 0.02167 0.60957 -0.79244 eb
614.26295 30.99376 0.90530 0.37512 0.19928 eb
630.40860 19.54825 0.67037 -0.73418 0.10766 eb
642.97577 31.25524 -0.98211 0.13502 -0.13126 eb
683.46031 22.22849 0.82965 -0.54796 -0.10684 eb
701.57841 14.47935 -0.10053 -0.70228 0.70477 eb
725.05646 38.18454 -0.73316 -0.66463 -0.14401 eb
739.84282 7.69404 0.21318 0.93216 -0.29263 eb
760.90406 11.58452 0.52632 -0.65366 -0.54380 eb
761.84275 24.16891 -0.55125 0.71914 0.42303 eb
826.40130 30.52952 0.70586 -0.61305 0.35488 eb
842.51649 11.04892 -0.33343 -0.28982 0.89712 eb
843.78712 31.87799 0.20183 -0.26139 -0.94390 eb
855.47131 14.24779 -0.68978 -0.67826 -0.25329 eb
856.48538 35.61456 -0.86039 -0.40072 -0.31489 eb
927.67772 20.29579 0.07474 -0.80155 0.59324 eb
930.58232 37.22377 0.48757 0.18389 -0.85350 eb
968.83440 25.00532 0.27285 0.96088 0.04763 eb
1020.42087 3.74777 0.25179 -0.46705 0.84762 eb
1063.56342 10.67480 0.80632 0.13635 -0.57555 eb
1183.58466 8.07270 0.25367 -0.53232 -0.80764 eb
1257.18476 16.30673 0.92561 -0.29342 -0.23907 eb
1352.60741 18.09635 0.62659 -0.77398 -0.09130 eb
1420.03513 13.63872 0.17262 0.93200 -0.31871 eb
1628.18514 35.29411 0.49617 -0.60846 -0.61935 eb
1744.74171 28.26708 -0.67838 0.20027 -0.70689 eb
1757.99529 36.31194 -0.74460 -0.16481 -0.64684 eb
1909.31360 24.14321 0.59966 0.17443 -0.78101 eb
1968.11381 18.97251 -0.48115 0.76500 -0.42811 eb
2041.18109 22.13893 0.79833 0.60077 0.04174 eb
2074.07001 25.59994 0.70826 -0.66972 -0.22325 eb
2129.94566 27.98482 0.17133 0.72053 -0.67192 eb
2147.15942 24.68561 0.30633 -0.93606 0.17307 eb
2258.44424 28.22341 -0.66842 -0.73848 -0.08870 eb
2291.23631 42.56552 0.30562 -0.85512 -0.41877 eb
2300.25226 27.26201 0.95295 -0.27893 0.11865 eb
2526.04728 10.70959 0.00349 0.37739 0.92605 eb
2676.78985 21.74610 -0.05701 -0.44558 -0.89342 eb
2711.94542 30.11007 0.29203 -0.70317 0.64828 eb
2790.30388 14.96994 0.96669 0.02963 -0.25423 eb
2825.63427 10.71332 0.84160 -0.35208 0.40956 eb
2914.25402 37.86891 -0.20748 -0.71317 -0.66958 eb
3108.22830 19.75756 0.14367 -0.98129 0.12820 eb
5003.22980 25.46476 -0.96907 -0.21296 -0.12468 eb
5350.92425 12.24505 -0.00622 -0.99995 -0.00775 eb
5732.32782 39.21933 0.73242 0.67422 -0.09482 eb
5983.97956 17.75880 -0.27586 0.86336 -0.42250 eb
6056.09925 7.69794 0.19190 -0.53362 0.82367 eb
6615.85482 21.76093 0.70245 0.70313 -0.11034 eb
6637.02293 26.24237 0.72833 -0.68514 -0.01064 eb
7472.52709 17.04005 -0.82788 -0.20384 0.52256 eb
7530.93092 16.99389 -0.80375 -0.20360 -0.55905 eb
9283.35974 87.98897 -0.62982 0.11696 -0.76788 eb
10249.67036 14.43680 0.47669 -0.86449 0.15945 eb
10861.01458 17.94923 -0.45037 0.56750 -0.68928 eb
11728.60900 9.90220 0.14215 0.75308 0.64239 eb
13143.49735 10.10348 0.94727 0.31323 0.06752 eb
14876.26727 21.08864 0.66617 -0.68507 -0.29479 eb
14999.92866 22.79364 0.99079 -0.11486 -0.07170 eb
16933.46992 24.38883 -0.33364 -0.93432 0.12540 eb
17262.45276 27.35725 -0.77391 -0.37443 -0.51075 eb
18230.07999 10.01628 0.58823 -0.78510 -0.19394 eb
