17.00739 70.77366 0.78626 0.26842 0.55654 e
17.70640 37.01045 0.56430 0.82543 0.01500 e
17.76326 81.78295 0.02876 -0.99953 0.01071 e
18.35280 56.21551 0.40562 0.76174 -0.50520 e
18.65592 70.25659 0.99404 0.04293 -0.10020 e
19.01549 69.93591 0.39312 -0.84551 -0.36133 e
19.06852 45.34413 0.08155 0.75722 -0.64805 e
19.81148 37.44912 -0.36232 0.90042 0.24077 e
20.16701 59.41016 -0.53696 0.84348 -0.01452 e
20.38827 72.84757 0.60912 -0.75002 -0.25776 e
20.53796 68.85318 0.87729 0.15334 -0.45480 e
20.54273 43.50059 -0.51679 -0.84870 -0.11240 e
20.89372 38.79565 -0.48113 -0.87539 -0.04689 e
21.44633 67.13785 -0.94487 0.28404 -0.16292 e
21.56829 65.01902 -0.32125 -0.82494 0.46504 e
21.85814 53.06785 -0.28616 -0.57889 -0.76354 e
21.97264 56.20076 0.23429 -0.17324 -0.95661 e
22.02209 62.57884 -0.00302 0.94102 -0.33832 e
22.05637 78.95220 -0.81241 -0.58168 -0.04046 e
22.12376 40.35166 0.34830 -0.91386 -0.20868 e
22.16584 66.38982 -0.43686 -0.77908 -0.44966 e
22.18756 80.31540 -0.25042 -0.03075 -0.96765 e
22.27018 52.44554 0.80891 -0.51725 -0.27950 e
22.32145 73.76155 -0.00920 0.50070 -0.86557 e
22.48487 69.31599 0.13401 -0.95810 0.25314 e
22.92315 71.07391 0.80360 0.41517 -0.42645 e
23.02486 48.23518 -0.91005 -0.31175 0.27318 e
23.03254 48.58678 0.14220 -0.93309 -0.33033 e
23.25348 77.79654 0.78285 0.60664 0.13833 e
23.35173 36.35465 -0.80848 0.54051 0.23283 e
23.39989 81.41277 0.08406 -0.09691 -0.99174 e
23.46750 72.52031 0.95646 0.28038 0.08107 e
23.68118 58.77378 -0.76346 0.64174 0.07280 e
23.72015 70.31139 -0.77817 0.13013 0.61443 e
23.78599 38.25978 0.16235 0.98297 0.08614 e
23.88962 82.92317 0.63519 0.47987 -0.60520 e
23.90016 30.91535 0.95338 0.23888 0.18441 e
23.99126 78.63674 -0.88335 0.40655 0.23326 e
24.19991 60.93455 -0.89556 -0.03361 0.44367 e
24.33724 77.75724 0.29299 0.84536 -0.44668 e
24.44711 65.17454 -0.46747 0.22248 -0.85556 e
24.50692 76.10182 0.32921 0.71317 -0.61888 e
24.54112 47.14233 0.96965 0.18576 -0.15898 e
24.65228 80.86101 0.40825 0.55299 -0.72632 e
24.95601 49.29710 0.65427 -0.03454 -0.75548 e
24.98410 83.14072 -0.33140 -0.22528 -0.91620 e
25.28429 82.75825 0.50409 -0.29848 -0.81043 e
25.42722 42.97910 -0.89354 -0.36248 -0.26494 e
25.81372 79.48358 -0.05452 0.67549 -0.73535 e
25.84836 68.96219 0.41926 0.45884 -0.78338 e
26.18390 84.50149 -0.73918 0.57073 -0.35760 e
26.28450 75.85609 0.52530 -0.53756 -0.65962 e
26.37526 80.38872 0.47587 0.32768 -0.81620 e
26.37796 76.51893 0.87435 -0.37156 0.31216 e
26.84649 51.77173 -0.66916 -0.50498 -0.54518 e
26.96213 78.23290 0.04138 -0.88938 0.45530 e
26.97207 42.90333 0.91615 0.03538 -0.39928 e
27.01279 64.77500 0.65828 0.13516 -0.74054 e
27.02772 81.83527 0.31032 -0.00750 -0.95060 e
27.19155 68.88074 -0.97881 -0.20451 -0.01018 e
27.28904 83.56473 0.91657 0.31457 0.24686 e
27.33016 38.45028 0.70694 -0.57304 0.41456 e
27.48712 66.11852 0.73949 -0.44051 -0.50903 e
27.55510 44.76068 0.62151 -0.77829 0.08932 e
27.79206 76.43986 -0.92608 0.23528 -0.29497 e
28.22742 48.62858 -0.32448 -0.64619 -0.69076 e
28.34528 56.60096 -0.95786 0.22376 -0.18007 e
28.44420 17.62627 0.97691 0.17435 -0.12348 e
28.45431 45.23603 0.49041 -0.76222 -0.42252 e
28.58164 83.63305 0.98772 0.06362 -0.14266 e
28.73875 64.57865 0.30017 -0.66709 -0.68182 e
28.85640 63.74667 0.21634 0.73610 -0.64138 e
28.87667 75.38531 0.38745 0.47727 -0.78873 e
29.05881 49.41068 -0.65081 -0.10649 0.75173 e
29.17942 75.89756 0.00569 -0.92796 0.37263 e
29.33192 42.70690 0.69401 0.59432 -0.40636 e
29.42175 27.21041 0.44923 0.78325 -0.42978 e
29.77420 71.09584 -0.03136 0.99923 -0.02370 e
29.89866 70.88312 0.06260 0.05907 -0.99629 e
30.44417 22.25310 0.12584 0.99152 0.03245 e
30.95494 30.37315 -0.83098 -0.06459 -0.55254 e
30.96911 42.80491 -0.24891 -0.66652 -0.70270 e
31.29249 70.37226 0.79693 -0.58352 -0.15625 e
31.29715 22.54438 -0.66799 -0.63671 0.38522 e
31.57647 75.15367 0.04202 0.99912 0.00122 e
32.01680 81.12439 0.27430 0.75906 -0.59041 e
32.19002 62.99423 -0.34368 0.52525 -0.77845 e
32.51341 81.45148 0.25660 -0.45890 -0.85063 e
32.63732 47.76164 0.58590 0.41740 -0.69462 e
32.65324 72.76858 0.36488 -0.74417 0.55952 e
32.65744 63.47211 -0.06172 0.90874 -0.41278 e
32.87356 70.74684 0.88818 -0.20238 0.41253 e
32.87501 73.89870 -0.19093 -0.50765 -0.84014 e
33.17737 61.03060 -0.00160 -0.61099 -0.79164 e
33.24334 76.59229 0.88946 -0.19228 0.41460 e
33.26931 51.75570 0.04271 0.59589 0.80193 e
33.30981 70.24208 0.55252 -0.67362 -0.49089 e
33.33281 45.87198 -0.58635 -0.62993 -0.50930 e
33.35014 42.95397 -0.17158 -0.24314 -0.95470 e
33.37085 39.89715 -0.68087 -0.50800 -0.52759 e
33.49574 74.95221 -0.15416 0.98586 -0.06572 e
33.56873 53.95303 -0.70729 -0.53467 -0.46246 e
33.65377 44.76451 0.03315 -0.99566 -0.08692 e
33.77670 65.40450 0.00999 0.95904 -0.28309 e
33.82039 60.27957 -0.76299 -0.38806 -0.51698 e
33.90148 79.28482 -0.57604 0.59669 -0.55870 e
33.95554 57.26374 -0.98971 0.12473 0.07015 e
34.07334 15.28961 -0.91479 -0.06105 -0.39929 e
34.21119 61.09172 0.54332 -0.67811 -0.49495 e
34.39707 51.67490 -0.99374 0.01707 0.11037 e
34.49530 61.98367 0.10229 0.49345 0.86374 e
34.61926 55.25952 0.88060 0.45173 -0.14311 e
34.63882 37.77298 -0.59012 0.77610 0.22235 e
34.83323 73.87134 -0.86188 0.50697 0.01182 e
34.90204 56.01544 -0.10482 0.96433 0.24307 e
34.95962 36.59307 -0.00079 -0.93989 0.34148 e
35.05132 41.40747 0.51928 -0.82402 -0.22658 e
35.25917 68.18247 0.05315 -0.58542 -0.80898 e
35.29034 72.90394 0.19132 -0.83949 -0.50858 e
35.71843 46.25654 0.05310 0.81047 -0.58337 e
35.77889 76.65656 0.11664 -0.98748 -0.10616 e
35.85941 27.40350 0.50136 0.42530 -0.75350 e
35.93808 60.37366 -0.12222 0.58515 0.80166 e
36.34432 36.36216 0.09095 0.99463 0.04931 e
36.34848 57.46038 0.21210 0.14842 -0.96591 e
36.53708 25.93904 -0.88658 -0.24684 0.39121 e
36.68689 49.49989 0.69601 -0.62962 0.34516 e
36.73938 50.17884 0.98460 -0.11541 -0.13133 e
37.02429 80.40583 0.65082 0.71640 -0.25141 e
37.06153 42.53270 0.23585 0.95852 -0.16006 e
37.46778 63.22571 0.44943 -0.79155 -0.41407 e
37.57037 78.21502 -0.36699 -0.91586 0.16285 e
37.59466 58.28675 -0.34165 0.80880 -0.47867 e
37.61951 50.88673 -0.33034 -0.31556 -0.88955 e
37.65825 50.39199 -0.23690 0.96072 -0.14453 e
37.88824 48.88158 -0.07048 -0.75704 -0.64955 e
37.89994 60.57794 -0.44099 -0.35556 -0.82408 e
38.24236 57.33186 0.72793 0.55847 -0.39777 e
38.39418 31.69052 0.99564 0.09315 -0.00440 e
38.39954 76.71281 0.18547 0.55280 0.81242 e
38.48966 46.80074 -0.70657 0.66729 -0.23555 e
38.55240 67.27477 -0.25405 -0.76730 -0.58882 e
38.63241 83.53296 0.63929 0.66280 0.38987 e
38.92410 46.01419 -0.44533 -0.14848 -0.88297 e
38.99916 76.94358 -0.88264 -0.41561 0.21959 e
39.00268 67.73885 -0.70343 -0.44497 -0.55425 e
39.08871 60.78270 0.60191 0.77733 0.18296 e
39.09303 82.14767 -0.90594 -0.30930 -0.28916 e
39.17588 67.73018 0.99878 -0.04942 0.00054 e
39.18654 46.63179 0.35627 -0.93336 0.04369 e
39.31760 76.81010 0.58545 0.38413 -0.71393 e
39.42872 46.91683 -0.08015 0.58291 -0.80857 e
39.84279 79.53945 -0.67018 -0.73550 -0.09951 e
39.88047 39.20693 -0.98577 -0.13207 -0.10404 e
40.10380 34.82761 -0.12736 -0.96522 0.22832 e
40.28375 82.39922 0.85301 -0.25814 -0.45359 e
40.31564 55.41265 -0.38728 -0.77166 -0.50454 e
40.34456 64.10002 0.74593 0.03445 -0.66513 e
40.40259 78.49083 0.31590 0.93990 0.12959 e
40.43835 63.62019 0.93916 0.16417 -0.30172 e
40.46185 76.20026 -0.71104 -0.37578 -0.59432 e
40.52606 73.06529 0.31877 0.89015 -0.32561 e
40.53134 36.11297 0.76431 -0.08063 0.63979 e
40.65158 76.56170 0.55152 0.23225 -0.80118 e
40.68510 33.33048 -0.03108 -0.87764 0.47831 e
40.77669 84.86529 0.06662 0.93192 -0.35649 e
40.80386 77.33531 -0.32822 0.37726 -0.86599 e
40.84666 63.04855 -0.00916 -0.93538 0.35353 e
40.92164 39.49751 -0.67256 -0.27841 -0.68568 e
40.95843 80.40545 0.02036 0.39536 -0.91830 e
41.15928 82.65762 -0.39564 0.85733 -0.32933 e
41.23178 80.05535 -0.51167 -0.19647 -0.83642 e
41.35467 54.85612 0.38953 0.35323 -0.85059 e
41.42329 58.99542 -0.39140 -0.27873 0.87699 e
41.44521 72.82622 0.98556 -0.05630 0.15968 e
41.69263 84.61227 0.11271 0.36885 -0.92263 e
41.71764 44.27204 -0.57206 -0.39013 -0.72148 e
41.85442 38.69739 -0.45722 -0.88740 0.05895 e
41.91573 24.56007 -0.36999 0.90273 -0.21952 e
42.03534 66.68703 0.65382 -0.66953 -0.35249 e
42.14652 31.25060 -0.77235 0.34974 -0.53025 e
42.23116 57.26387 0.66968 0.74265 -0.00038 e
42.27823 59.82454 -0.40962 -0.40390 -0.81797 e
42.29590 61.49648 -0.52809 0.43902 -0.72689 e
42.51736 83.06482 0.92090 -0.10121 -0.37644 e
42.51752 38.81424 -0.47176 -0.19925 -0.85892 e
42.53782 62.58542 -0.79742 -0.33989 -0.49859 e
42.60064 83.60518 -0.16301 0.56525 -0.80865 e
42.66848 50.63100 0.70357 -0.44494 -0.55409 e
42.69986 83.09814 -0.66909 -0.34185 -0.65989 e
43.06030 61.17456 0.76567 -0.53196 -0.36163 e
43.40998 76.81347 -0.09631 0.06093 -0.99348 e
43.58376 83.10504 -0.33609 -0.46611 -0.81840 e
43.75045 44.73520 -0.32483 0.94239 -0.07990 e
43.88920 44.77153 -0.48378 0.87484 0.02491 e
44.02906 84.91766 0.33199 0.74352 0.58048 e
44.28724 48.37729 -0.26686 0.55256 -0.78960 e
44.38175 38.70227 0.53401 0.05548 -0.84366 e
44.45296 45.62622 -0.98171 -0.15161 0.11518 e
44.47369 60.29223 -0.45350 0.12396 0.88259 e
44.56699 70.13856 -0.90479 -0.33552 -0.26227 e
44.64804 63.83699 0.44897 -0.65192 -0.61108 e
44.71056 64.81498 0.42643 -0.49684 -0.75584 e
44.76750 79.70511 -0.67486 0.72623 0.13100 e
44.83021 75.43507 0.20041 -0.28677 -0.93680 e
44.87339 53.73220 -0.42055 0.88925 -0.17994 e
44.95059 78.25275 0.19658 0.69908 -0.68749 e
44.97484 23.15174 0.59730 -0.56661 -0.56762 e
45.06755 50.28016 -0.46729 -0.55993 -0.68419 e
45.26626 63.44266 -0.46055 -0.39917 0.79282 e
45.32119 51.63305 0.65011 0.50415 -0.56849 e
45.32246 51.44877 -0.81793 0.54789 0.17552 e
45.34792 48.30399 0.15024 -0.51298 -0.84515 e
45.63233 60.55698 0.21823 0.28043 -0.93474 e
45.63487 73.71638 -0.53841 0.44707 -0.71432 e
45.76637 37.01694 -0.40675 -0.45109 -0.79440 e
45.99191 55.00029 -0.20547 0.94864 -0.24054 e
46.06413 46.95198 0.14110 -0.64362 -0.75223 e
46.30627 25.76916 0.35428 -0.02428 -0.93482 e
46.38093 77.45404 -0.82601 0.55699 0.08639 e
46.53958 27.09678 -0.77827 -0.46048 -0.42691 e
46.68770 84.22288 -0.45062 0.17026 -0.87633 e
47.31213 49.50308 0.13261 0.85947 -0.49369 e
47.37149 83.82776 -0.76416 0.43569 -0.47564 e
47.48094 84.00701 -0.99056 -0.13623 0.01537 e
47.67098 73.19481 -0.66104 0.63501 0.39973 e
47.72674 79.34329 -0.85519 0.00174 -0.51831 e
47.74250 50.61262 0.72981 -0.15980 -0.66471 e
47.76923 17.33448 -0.70573 -0.70827 -0.01712 e
47.80199 67.52635 0.97556 0.05538 -0.21266 e
47.89832 52.23497 0.60944 -0.65673 0.44417 e
47.99696 62.10554 0.62484 -0.66488 0.40928 e
48.18376 76.86894 0.61278 0.67137 -0.41685 e
48.32148 67.09278 -0.24381 0.54249 -0.80390 e
48.34224 83.05758 0.37492 -0.88304 0.28228 e
48.84925 82.60737 -0.14953 -0.77095 -0.61910 e
48.97541 65.14675 -0.83078 0.17555 -0.52819 e
48.97551 9.62355 -0.91819 -0.25762 -0.30094 e
49.35274 45.58885 0.86633 0.19920 -0.45803 e
49.59998 64.36863 -0.21795 -0.88747 0.40607 e
49.83240 44.35593 -0.74305 0.61900 -0.25440 e
50.17072 43.17523 0.06913 -0.99213 -0.10440 e
50.21004 28.98178 -0.15175 -0.36201 -0.91974 e
50.27728 75.24332 -0.98256 -0.02541 0.18422 e
50.52354 81.67860 -0.48313 -0.75735 -0.43933 e
50.62387 49.35434 -0.59355 -0.69977 -0.39751 e
51.22089 82.11313 0.32710 0.93225 -0.15467 e
51.24550 71.78169 -0.94706 0.27241 -0.16990 e
51.24801 42.27745 0.69062 -0.61105 -0.38687 e
51.26918 65.46987 0.71446 0.67557 -0.18209 e
51.41772 74.00307 0.91073 0.36034 -0.20179 e
51.68397 57.37148 0.76127 0.62012 0.18954 e
51.73933 36.44575 0.11077 0.84709 -0.51977 e
51.74752 63.36187 0.24655 0.90003 0.35938 e
51.94690 78.83533 -0.12552 0.88619 0.44599 e
52.06300 68.51179 0.49091 0.63135 -0.60033 e
52.07865 55.55593 0.09630 0.35755 -0.92892 e
52.09782 61.24883 0.67922 0.04863 -0.73233 e
52.11689 72.67337 0.16491 0.62484 -0.76314 e
52.20563 63.48305 0.43534 -0.89580 0.08955 e
52.41628 79.43841 0.42811 0.86252 -0.26977 e
52.48082 82.29014 0.35614 0.27042 -0.89445 e
52.66204 26.09816 -0.20336 0.43271 -0.87830 e
52.84282 41.46505 0.55019 -0.52104 -0.65254 e
53.18353 34.30144 0.13531 0.21459 0.96729 e
53.25818 44.71228 -0.34106 -0.60536 -0.71918 e
53.51854 49.23665 -0.88949 -0.34191 -0.30315 e
53.58244 79.59500 0.02234 0.66179 -0.74936 e
53.85910 78.21754 -0.86688 -0.39476 -0.30443 e
54.15771 59.16562 0.13188 0.38851 -0.91196 e
54.20877 42.99047 0.32654 0.61887 -0.71440 e
54.24913 45.08996 -0.85044 -0.49780 0.17013 e
54.26098 73.08023 -0.00502 -0.05795 -0.99831 e
54.27011 34.01440 -0.49592 0.63331 -0.59412 e
54.27091 75.31312 -0.31033 0.90956 -0.27638 e
54.29586 70.26047 -0.15950 0.18138 -0.97039 e
54.40175 74.70568 0.58974 0.65285 -0.47539 e
54.42509 44.35933 -0.34744 0.22073 -0.91135 e
54.71957 34.23225 0.97569 -0.11793 -0.18470 e
54.81775 48.74666 0.75781 0.47191 -0.45059 e
54.85927 57.59247 -0.68562 -0.72718 -0.03369 e
55.00288 60.17305 0.29524 -0.24787 -0.92271 e
55.02290 65.83211 -0.09905 -0.63580 -0.76547 e
55.27348 55.99421 0.12210 0.56515 -0.81590 e
55.44930 84.77955 0.68763 -0.50291 -0.52369 e
55.51245 72.97859 -0.54326 0.23338 -0.80647 e
55.54903 71.50399 0.90229 -0.41805 -0.10539 e
55.56256 56.13027 -0.55574 0.76428 0.32715 e
55.57242 63.45847 0.81143 0.09313 0.57698 e
55.66714 54.20577 0.52549 0.83285 -0.17383 e
55.70813 57.14966 -0.70649 -0.12663 0.69630 e
55.88492 81.79984 -0.81502 0.55547 -0.16493 e
55.90600 54.08766 -0.66981 0.60299 -0.43331 e
55.98398 70.07094 -0.15514 0.07029 -0.98539 e
56.20005 31.19433 -0.24126 0.71163 0.65983 e
56.23513 57.99720 -0.54035 -0.76900 -0.34155 e
56.39023 68.06859 0.29424 -0.04367 -0.95473 e
56.57125 48.88025 0.60151 0.56463 -0.56514 e
57.65971 28.11205 0.89033 -0.10979 0.44189 e
57.78339 34.93336 -0.64670 0.73264 -0.21218 e
58.22057 30.79686 -0.09610 -0.91521 -0.39135 e
58.31149 40.22988 -0.19762 0.52536 -0.82761 e
58.37762 48.44194 -0.31370 -0.69808 -0.64365 e
58.41634 51.98305 -0.50193 -0.71961 -0.47981 e
58.52116 78.70394 -0.23876 0.67747 -0.69572 e
58.76842 78.87471 0.59822 0.15823 -0.78555 e
58.85652 46.35166 -0.41716 0.82279 0.38600 e
58.94064 48.20460 0.07434 0.85090 -0.52004 e
59.10590 65.56013 -0.03645 0.81565 -0.57740 e
59.40936 58.26062 -0.30205 -0.13710 -0.94338 e
59.60886 69.13710 -0.86434 0.50282 -0.00960 e
59.87461 52.97619 -0.12938 -0.88470 -0.44786 e
59.88518 69.67768 -0.33574 0.13961 -0.93155 e
59.93258 22.80191 -0.98734 -0.10284 -0.12076 e
59.95193 47.42399 0.47379 0.45562 -0.75362 e
60.07288 32.97781 -0.56225 0.78462 -0.26125 e
60.23989 79.53436 -0.77135 0.59256 0.23215 e
60.27218 65.91189 -0.56481 -0.77499 -0.28351 e
60.34429 59.00911 -0.06340 0.79665 -0.60111 e
60.35143 69.09193 0.64019 0.58292 -0.50036 e
60.35427 29.07537 -0.11314 0.95869 -0.26100 e
60.53598 20.05044 0.97922 -0.08470 -0.18426 e
60.69918 36.40353 -0.56931 0.76373 -0.30430 e
60.70108 81.10027 -0.69635 0.71619 -0.04662 e
60.87358 52.18068 0.62688 -0.12600 -0.76886 e
61.09464 22.39678 -0.11801 0.84786 -0.51693 e
61.09929 64.71715 0.80577 0.58090 0.11531 e
61.45920 17.25913 -0.46968 -0.59676 0.65060 e
61.55226 84.00508 -0.46221 0.42700 -0.77719 e
61.62024 42.07536 0.02988 0.99902 0.03269 e
62.20612 78.40684 -0.12222 0.98297 -0.13720 e
62.40606 19.16417 0.98984 0.05800 0.12981 e
62.53716 72.85652 -0.27221 -0.15555 -0.94958 e
62.62737 56.20315 0.01187 0.91489 -0.40352 e
62.89706 37.18867 -0.69809 0.00691 0.71598 e
62.90520 27.09739 0.44817 -0.89368 0.02187 e
63.44893 37.00835 -0.14861 0.47696 -0.86627 e
63.79244 41.91055 -0.95772 0.28585 0.03247 e
64.03942 26.61470 -0.04060 -0.97985 0.19558 e
64.05149 36.53200 0.32992 0.32425 -0.88658 e
64.05531 44.77971 -0.17925 -0.06365 -0.98174 e
64.06123 71.18222 0.71226 -0.04285 -0.70061 e
64.49747 31.50473 -0.20001 -0.96709 -0.15725 e
65.05186 50.63124 0.90037 -0.42896 -0.07306 e
65.21162 81.94200 -0.24815 -0.47764 -0.84278 e
65.23647 49.79475 -0.22108 -0.83870 0.49770 e
65.25150 50.73553 -0.98049 0.15020 -0.12678 e
65.33438 37.15024 -0.29950 -0.90182 -0.31149 e
65.53673 77.66658 -0.53585 0.63051 -0.56154 e
65.67330 12.41714 -0.93296 0.19658 0.30156 e
65.78147 72.08080 -0.47872 -0.81008 0.33852 e
65.88631 29.80771 -0.44535 -0.89334 0.06012 e
66.02110 38.47078 -0.26588 0.23645 -0.93456 e
66.22367 30.54076 -0.62552 0.53795 -0.56510 e
66.30132 38.79332 0.00527 0.72054 -0.69339 e
66.36641 72.00325 0.37132 -0.38855 -0.84330 e
66.47616 66.20973 -0.66494 0.74082 -0.09508 e
66.51862 45.17170 0.78226 0.60698 -0.14020 e
67.18661 76.65080 0.48345 0.75629 -0.44080 e
67.44263 76.51543 -0.76623 0.02655 -0.64202 e
67.50371 33.74199 0.82145 0.39702 -0.40937 e
67.51408 79.27466 -0.38884 0.91522 -0.10570 e
67.59085 55.93825 -0.47479 -0.80262 0.36108 e
67.61816 37.36128 -0.74477 -0.56543 -0.35440 e
67.76691 53.84165 -0.37844 0.14441 -0.91429 e
67.98183 81.77100 0.91782 0.38824 -0.08292 e
68.11041 79.63516 -0.35350 0.92428 -0.14403 e
68.20931 25.41118 -0.45401 0.07534 -0.88781 e
68.27675 72.01457 -0.11992 -0.87838 0.46268 e
68.63518 37.68403 -0.60421 -0.77543 0.18339 e
68.97259 62.54163 -0.36051 -0.92673 0.10585 e
69.06753 28.02222 -0.68263 0.13355 -0.71846 e
69.66165 48.66159 0.83849 -0.17117 -0.51733 e
69.84106 54.65192 0.61249 -0.49236 -0.61842 e
70.09798 43.58502 0.32177 -0.85437 -0.40806 e
70.59628 58.44934 -0.33876 0.55008 0.76332 e
70.65340 43.13078 -0.88613 0.29607 0.35654 e
70.73982 43.22446 0.96904 0.19813 -0.14736 e
70.79593 60.97914 -0.33442 -0.94242 -0.00368 e
70.80900 78.03131 -0.46417 0.59608 -0.65516 e
70.91684 30.58929 0.77437 0.37234 -0.51158 e
71.31366 69.39218 -0.16847 0.94274 -0.28784 e
71.35285 76.69760 0.67020 -0.18060 -0.71987 e
71.57198 29.19138 0.15595 0.49939 0.85223 e
71.57252 54.94806 -0.14408 -0.45804 -0.87718 e
71.66713 38.57676 0.71236 0.70156 0.01891 e
71.73672 38.16987 0.32577 0.79647 0.50943 e
71.73912 83.82403 -0.22904 -0.95903 0.16671 e
71.80511 80.94817 -0.58314 0.07954 -0.80847 e
71.90171 53.21787 0.47567 0.17616 -0.86180 e
71.94712 34.45513 0.84026 -0.30033 0.45139 e
72.40792 73.56925 -0.54937 0.70038 -0.45569 e
72.57388 75.86066 0.45141 0.73465 0.50648 e
72.69162 47.96503 -0.95272 0.30379 -0.00612 e
72.74318 34.96246 -0.75012 -0.42893 -0.50333 e
72.97196 65.99711 -0.97524 0.08452 -0.20436 e
73.56224 40.62595 0.17235 -0.52387 -0.83418 e
73.74759 33.44712 -0.45156 0.65782 -0.60280 e
73.94341 43.86955 0.95082 -0.14210 -0.27521 e
74.45170 81.31778 0.90960 -0.16594 -0.38091 e
74.59404 67.02942 -0.20760 -0.65166 -0.72955 e
74.90125 19.93447 0.45971 0.53346 -0.70999 e
74.97249 55.34744 -0.33374 -0.45074 -0.82792 e
75.24718 67.19996 -0.83199 -0.40279 -0.38150 e
75.40557 46.89647 -0.05543 0.97458 -0.21708 e
75.48921 52.40173 -0.64072 0.48682 0.59370 e
75.85225 51.55871 -0.53937 -0.82350 0.17589 e
75.98137 58.69525 -0.45620 -0.19946 -0.86723 e
76.25804 70.76499 -0.11083 -0.99183 -0.06313 e
76.36127 80.39303 0.76592 0.27677 -0.58032 e
76.56307 80.65084 -0.79409 0.57943 0.18353 e
76.60625 38.92395 0.00094 0.60062 0.79953 e
76.63916 63.95641 -0.95294 -0.26853 -0.14074 e
76.70542 44.75456 0.56720 -0.16734 -0.80640 e
76.74768 36.93324 -0.04437 -0.91062 -0.41086 e
77.21079 74.17728 0.95216 0.14437 -0.26935 e
77.51872 49.82486 0.16106 -0.96054 0.22675 e
77.62217 33.36780 0.12699 0.95989 -0.24996 e
77.78201 57.76588 -0.74569 -0.43040 -0.50864 e
77.79828 53.49538 -0.30905 0.77946 -0.54491 e
77.85159 40.40218 0.76333 -0.23342 -0.60236 e
78.08929 38.84451 0.43759 -0.86308 -0.25220 e
78.85451 75.22229 -0.30676 0.92405 -0.22809 e
79.06739 57.38514 -0.01504 0.76600 -0.64267 e
79.20622 53.53370 0.71872 -0.33979 0.60662 e
79.34020 70.66391 0.96279 -0.23010 0.14173 e
79.41536 67.78758 0.99083 -0.00053 0.13513 e
79.42143 59.13857 -0.01695 0.82474 -0.56526 e
79.54464 57.61282 -0.74429 0.63501 -0.20688 e
79.55917 34.80147 -0.22720 -0.19679 0.95376 e
80.36213 80.12184 0.67652 0.66841 -0.30911 e
80.47743 24.33322 0.75427 -0.15746 0.63741 e
80.83637 72.70183 0.16080 0.09100 0.98278 e
81.04688 66.78762 -0.00835 -0.84020 -0.54221 e
81.24570 49.03406 0.69546 0.50109 -0.51502 e
81.31951 72.23853 -0.42876 -0.47561 0.76809 e
81.52157 21.43392 0.25684 -0.91241 0.31865 e
81.80567 44.34778 0.30732 0.61303 -0.72783 e
81.80929 30.47620 0.43320 -0.08817 -0.89697 e
82.23161 38.59184 0.80562 0.32685 0.49411 e
82.84507 77.91327 -0.78640 -0.56384 -0.25232 e
82.89677 36.14670 -0.33475 0.27461 -0.90141 e
83.44933 51.40649 -0.40634 0.85869 -0.31232 e
83.45475 67.66507 -0.18199 0.67866 -0.71154 e
83.87806 56.70297 -0.21098 -0.61071 -0.76323 e
83.88408 83.49910 0.35321 -0.91102 -0.21282 e
84.01060 82.87777 0.78443 0.49085 -0.37912 e
84.03002 70.12235 -0.96118 -0.08583 -0.26223 e
84.57569 75.26774 -0.26388 0.88354 -0.38694 e
84.62905 76.39419 0.06370 0.81007 -0.58286 e
84.90988 23.16628 0.21862 -0.43786 -0.87206 e
84.99547 26.57870 0.17987 -0.93723 -0.29873 e
85.76098 34.72207 0.43318 -0.75929 0.48563 e
85.86947 77.78261 0.18252 0.36509 -0.91290 e
85.88502 81.52044 0.15491 0.31189 0.93740 e
85.89349 69.25470 0.98293 -0.12449 -0.13543 e
85.99916 42.76680 0.16353 -0.35907 -0.91887 e
86.38833 50.58371 0.56037 0.67098 0.48556 e
86.48065 21.87015 -0.11698 -0.87284 -0.47377 e
87.57914 65.45783 -0.13512 -0.13280 -0.98189 e
87.58164 70.58993 0.56218 -0.77055 -0.30034 e
87.72521 56.12163 0.18679 0.89204 -0.41154 e
88.02109 82.31375 0.25895 -0.91541 -0.30817 e
88.49118 71.50269 -0.49291 0.82129 -0.28729 e
89.54015 83.46043 -0.80028 0.47297 -0.36857 e
89.83545 15.02711 0.74694 0.46970 -0.47059 e
90.15567 38.20082 0.90157 0.30209 -0.30970 e
90.48106 70.67495 0.90480 0.19469 0.37872 e
90.52192 43.28250 0.79761 -0.51143 -0.31977 e
90.66622 47.77803 0.31655 -0.68055 0.66080 e
90.84045 70.45601 -0.92529 -0.37255 -0.07106 e
91.42097 56.03542 0.82996 -0.28356 -0.48038 e
92.25641 44.17062 0.55297 -0.83015 -0.07127 e
92.69749 65.56927 -0.15665 -0.97895 0.13084 e
92.75710 11.07651 0.47958 0.86314 -0.15809 e
92.77759 36.07645 0.18267 0.51514 0.83741 e
93.18493 79.07044 -0.92722 -0.15341 -0.34165 e
93.53831 77.98406 -0.11169 -0.64392 -0.75690 e
93.62743 27.48860 0.77260 0.57491 -0.26939 e
94.17115 37.83923 -0.84490 0.07530 -0.52960 e
94.18702 60.10065 0.31191 0.91086 0.27028 e
94.32260 33.68019 -0.69655 0.49910 -0.51549 e
94.67132 31.42872 0.22222 -0.97396 -0.04498 e
94.69221 77.67629 -0.94845 -0.16863 -0.26833 e
94.79157 38.33134 0.39949 0.76221 -0.50936 e
94.85295 27.00621 -0.70565 0.35230 -0.61477 e
94.88848 37.89149 0.18022 0.73158 -0.65750 e
94.90055 55.17994 0.24651 0.76521 -0.59472 e
95.06500 78.74021 -0.82595 -0.31561 -0.46711 e
95.08739 64.55790 -0.24524 -0.87637 0.41453 e
95.15144 41.86296 0.61858 0.76494 -0.17953 e
95.49062 52.00566 0.96462 0.08154 -0.25073 e
95.62903 47.08567 0.53622 0.68424 0.49425 e
96.81271 31.72543 -0.14847 -0.20469 -0.96750 e
96.89062 58.33349 -0.04465 -0.81917 -0.57181 e
97.09309 77.44102 -0.31244 -0.93207 -0.18338 e
97.09845 68.76423 0.09149 0.32754 -0.94040 e
97.49311 26.28640 0.30363 0.90981 -0.28295 e
97.60660 73.36409 0.59186 0.20656 -0.77912 e
97.66009 52.67627 -0.95773 -0.09627 0.27108 e
97.88298 31.82831 0.02187 0.56962 -0.82161 e
98.07544 30.79363 -0.88813 0.45269 0.07943 e
98.19277 31.11438 0.23305 -0.86182 0.45050 e
98.20313 37.94885 -0.38769 -0.22447 0.89404 e
98.37779 51.01657 0.50456 -0.82107 0.26696 e
98.74881 80.07012 0.50533 0.86287 0.00968 e
98.75311 74.48553 0.05168 0.53641 -0.84237 e
98.77101 39.64593 0.70198 0.20581 -0.68181 e
98.99893 30.75662 0.24534 0.96556 -0.08661 e
99.00497 53.68487 -0.19765 0.94892 -0.24594 e
99.53347 39.15211 0.11920 0.67024 0.73251 e
99.73688 7.24614 0.70222 -0.59651 -0.38868 e
99.78171 25.49154 -0.12870 0.05149 -0.99035 e
99.89128 74.65612 0.06824 0.72957 -0.68049 e
100.12172 30.18721 0.31226 0.42185 0.85120 e
100.27172 38.26874 -0.59410 -0.80412 -0.02068 e
100.64711 60.22750 -0.12816 0.83707 -0.53187 e
101.19331 77.22293 -0.23845 0.08005 -0.96785 e
101.23561 75.67804 -0.57249 0.68736 -0.44697 e
101.58433 36.16959 0.18136 -0.98253 0.04183 e
102.10224 83.26676 -0.36680 -0.11574 -0.92307 e
102.14218 79.46460 -0.88618 0.35009 -0.30351 e
102.31166 20.50707 -0.36770 -0.86817 -0.33329 e
102.41634 59.39270 -0.93165 -0.30644 -0.19526 e
102.45541 26.54653 -0.08867 0.99597 0.01361 e
102.99504 34.68392 0.12860 -0.29248 -0.94758 e
104.24043 28.10883 0.62078 -0.71489 0.32180 e
104.46635 32.17194 0.59666 -0.72152 -0.35128 e
104.59074 54.66231 0.21463 -0.73052 -0.64829 e
104.80176 81.33829 0.10936 0.69538 0.71027 e
104.87332 63.28487 -0.71034 0.02622 -0.70337 e
104.98264 81.03606 -0.49019 -0.80214 -0.34101 e
105.11480 29.52760 0.50142 0.00117 -0.86520 e
105.16101 42.20174 0.99339 0.08529 -0.07679 e
105.24755 59.66336 -0.41179 -0.49055 -0.76798 e
105.35177 59.30856 0.94222 0.03171 -0.33348 e
105.42749 43.40688 0.23033 0.94853 -0.21733 e
105.72306 77.82599 0.34317 -0.43403 0.83298 e
105.77305 58.44691 0.10757 -0.81671 -0.56694 e
105.87630 53.82243 -0.30720 0.92369 0.22896 e
105.90342 14.79221 0.64767 -0.62918 -0.42971 e
106.13198 67.08578 0.04060 -0.98040 -0.19281 e
106.49080 33.28100 0.55645 0.66902 -0.49272 e
106.50348 24.18188 -0.28538 -0.81211 -0.50895 e
106.63357 57.01843 0.41427 0.76355 0.49534 e
106.76834 41.10328 0.02424 -0.66391 0.74742 e
106.89960 41.97734 -0.51809 -0.84845 0.10821 e
107.70128 52.93464 -0.44531 0.52690 0.72393 e
108.04324 80.81589 -0.17290 0.18267 -0.96785 e
108.29203 55.51736 -0.95185 0.13322 -0.27611 e
108.64778 59.38379 0.06597 -0.13321 -0.98889 e
109.29562 56.15291 -0.78882 0.49944 -0.35821 e
109.35531 68.30011 -0.08124 0.16973 -0.98214 e
109.78977 50.28477 -0.71811 -0.68287 0.13421 e
109.85105 58.85940 0.58206 -0.80829 0.08871 e
109.90934 62.38575 0.15614 -0.36136 -0.91926 e
110.70422 64.96672 0.30084 -0.26782 -0.91530 e
111.07679 59.53986 0.27695 -0.88754 -0.36820 e
111.40461 57.05638 0.42198 -0.63924 0.64289 e
111.56837 56.95752 -0.26367 -0.96426 0.02594 e
111.83931 68.63388 -0.16639 0.12803 -0.97771 e
112.27957 21.65302 0.39773 -0.08725 -0.91334 e
112.63030 24.50366 -0.96767 0.19282 0.16257 e
113.83220 51.40816 -0.37897 0.81562 0.43721 e
114.61177 25.56808 0.16048 0.96075 -0.22628 e
114.81337 83.21462 -0.51465 0.56983 0.64065 e
114.81466 36.92774 0.10105 -0.53269 -0.84025 e
114.97234 28.12152 0.07073 -0.84549 -0.52929 e
115.04771 62.39084 0.31348 -0.17318 -0.93367 e
115.17844 62.91765 -0.44548 0.83054 0.33431 e
115.56383 36.20467 0.28559 -0.59754 -0.74926 e
115.96992 38.29480 -0.00019 0.41721 -0.90881 e
116.01455 39.46112 -0.02304 -0.54715 -0.83672 e
116.50361 62.71569 -0.40861 -0.90880 0.08437 e
117.26007 74.21499 -0.14715 0.96452 -0.21918 e
118.02718 18.91491 -0.47321 0.88031 0.03356 e
118.27141 28.32190 -0.18722 -0.36865 -0.91052 e
118.55849 39.22653 -0.28940 0.86982 -0.39957 e
119.74262 40.82303 -0.05339 0.94399 0.32562 e
119.91285 43.63025 -0.11195 0.40441 -0.90770 e
119.99105 39.88735 0.72114 0.42099 -0.55020 e
120.27691 13.99650 -0.77617 0.54848 -0.31100 e
120.73256 59.51331 0.38125 -0.55907 0.73626 e
120.73313 53.05163 -0.19148 0.97215 -0.13515 e
120.95470 63.35458 -0.72301 0.04452 -0.68940 e
121.01879 42.75881 -0.40876 -0.79840 -0.44213 e
121.01980 65.10323 0.66592 -0.13190 -0.73428 e
121.05027 57.85846 -0.91499 -0.08256 -0.39494 e
121.29862 43.21478 0.90111 -0.20872 0.38005 e
121.63089 74.57856 0.95474 -0.23415 -0.18341 e
121.67646 22.54405 0.41220 -0.06339 -0.90889 e
121.93991 36.84105 -0.81517 -0.29578 -0.49801 e
121.99977 49.96244 -0.25714 0.96184 0.09345 e
122.12165 50.68112 -0.65990 0.47974 -0.57826 e
122.25159 37.06883 0.30260 -0.55188 -0.77709 e
122.30912 35.15202 -0.75191 -0.06829 -0.65572 e
122.37015 79.14771 0.81924 0.41303 -0.39782 e
122.49714 50.94482 0.82432 -0.36167 -0.43553 e
122.86871 48.64562 -0.93074 -0.02903 -0.36453 e
122.97929 45.23234 0.79236 0.02948 -0.60934 e
123.39230 52.54090 0.58352 -0.30053 0.75445 e
123.60520 58.81559 -0.72434 0.16747 -0.66880 e
123.72379 73.73441 0.71964 0.47656 -0.50499 e
123.76710 83.34683 -0.45187 -0.82131 0.34824 e
124.07615 68.83885 0.58367 0.22991 -0.77876 e
124.18243 65.72290 0.66059 -0.33771 -0.67050 e
124.32925 47.97575 -0.15165 -0.00410 -0.98843 e
124.93530 37.66615 -0.47689 0.61740 -0.62562 e
126.19788 37.45643 0.69058 0.48871 -0.53317 e
127.02108 76.26031 0.34112 0.74728 -0.57027 e
127.31848 63.38771 -0.72051 0.58802 0.36756 e
127.31980 22.85630 0.82421 -0.56623 -0.00770 e
127.58825 60.84646 -0.04232 0.98135 -0.18753 e
127.64378 62.19317 -0.34036 -0.91506 -0.21638 e
127.92169 42.52478 -0.89163 0.10388 -0.44069 e
128.23748 55.77361 0.20569 -0.92681 0.31419 e
129.84063 64.09113 -0.25788 0.05221 -0.96476 e
129.94593 52.42502 -0.43762 0.87932 0.18782 e
129.95832 83.23141 0.24477 -0.90910 -0.33710 e
130.08420 38.43239 0.80366 -0.23952 -0.54476 e
130.12300 38.99450 0.74750 -0.35291 0.56276 e
130.23892 31.33250 -0.13606 -0.95102 -0.27757 e
130.44762 51.76152 0.89109 0.39194 -0.22876 e
130.74226 55.83816 0.25576 -0.23472 -0.93781 e
130.84155 21.29122 0.45238 -0.80645 0.38078 e
130.87713 27.67760 -0.08608 -0.91494 0.39430 e
131.15639 30.90443 -0.88128 -0.25148 0.40013 e
131.39360 47.33265 0.93187 0.22841 0.28186 e
132.22068 69.26087 -0.67068 0.23577 0.70327 e
132.29579 32.74281 -0.81801 0.57506 -0.01294 e
132.49361 49.89075 0.31500 0.91978 -0.23407 e
132.79309 30.49835 0.31322 -0.16749 0.93479 e
132.87969 84.11643 -0.80855 -0.53050 0.25460 e
132.96404 55.44919 -0.14664 -0.92312 0.35546 e
133.01667 60.24312 0.65997 -0.61911 -0.42561 e
133.05293 78.17276 -0.57827 -0.32254 -0.74938 e
133.41665 23.05015 -0.27382 0.93476 -0.22637 e
133.52229 43.01777 0.13029 0.22027 -0.96670 e
133.71056 67.92101 -0.51530 0.75188 -0.41127 e
133.77562 49.84802 0.46868 -0.59710 0.65100 e
134.08294 83.30153 -0.41018 0.90798 0.08561 e
135.03644 55.65825 -0.84744 -0.36355 -0.38688 e
135.13165 50.33192 0.64606 0.74541 -0.16422 e
135.35045 78.38053 -0.44670 -0.47752 -0.75660 e
135.45360 62.70262 -0.96596 0.12892 0.22426 e
135.68159 41.95948 -0.27983 0.87180 -0.40207 e
135.93959 63.20212 0.77579 -0.35976 0.51839 e
136.06948 84.02568 0.01403 0.98520 0.17083 e
136.28688 66.85048 0.14897 0.92489 -0.34983 e
136.30531 41.59154 0.98078 -0.08490 0.17570 e
136.35195 69.53808 0.43717 0.27444 -0.85648 e
136.37143 24.14547 -0.90735 0.41614 -0.05943 e
136.99017 78.47086 0.32606 -0.24341 -0.91347 e
137.46073 61.13545 -0.27155 -0.59077 0.75977 e
138.08853 71.85749 0.08363 -0.40576 -0.91015 e
138.17578 49.53094 -0.70755 0.70565 -0.03780 e
138.67381 30.37992 -0.95550 -0.28808 0.06341 e
139.07356 42.38372 0.88385 -0.20873 -0.41861 e
140.06737 58.44577 0.93707 -0.14401 -0.31805 e
141.94388 67.32714 -0.75369 0.15211 -0.63939 e
142.49532 31.96934 0.79362 -0.60809 -0.01978 e
143.31342 56.30604 0.77204 -0.24427 -0.58676 e
143.64216 16.35636 -0.38434 -0.51829 -0.76397 e
144.95870 47.58032 -0.06257 -0.39388 -0.91703 e
145.28703 63.62529 0.61683 -0.76083 0.20164 e
145.51102 64.00615 -0.74402 0.49569 -0.44801 e
145.64923 53.35679 -0.09992 0.26059 -0.96026 e
146.24858 40.85168 -0.70840 -0.70430 0.04608 e
147.27626 40.95339 0.03753 -0.30673 -0.95106 e
147.79201 21.17919 -0.23614 -0.92655 0.29283 e
147.91254 43.31735 0.52983 -0.26147 0.80679 e
148.57067 16.94156 -0.82409 0.07400 -0.56161 e
149.00632 84.26719 -0.71201 0.67901 0.17884 e
149.45061 43.52100 -0.52805 0.44641 -0.72242 e
149.69020 74.13746 -0.07932 -0.99183 -0.09988 e
150.01475 19.65019 -0.45096 -0.19756 -0.87040 e
150.45464 24.92326 0.23085 0.96916 -0.08624 e
150.55247 62.24894 -0.81339 0.19377 -0.54849 e
150.76303 52.42572 0.33344 0.56046 -0.75809 e
150.84675 27.50264 0.66614 -0.16558 -0.72722 e
151.70968 42.31437 -0.27885 0.49990 -0.81997 e
151.84909 13.90735 -0.00403 -0.26281 0.96484 e
153.70424 46.22552 -0.29970 -0.80385 -0.51381 e
153.85310 13.50733 0.82028 0.52663 0.22316 e
154.50405 34.34907 0.43236 0.54208 0.72056 e
154.61620 29.74206 0.78810 0.27502 -0.55069 e
154.74157 58.34886 0.46185 0.03948 -0.88608 e
155.43840 62.83974 0.11934 -0.88552 -0.44901 e
155.67395 69.56489 0.82008 -0.05950 -0.56914 e
157.02384 39.84486 -0.99573 -0.02181 0.08969 e
157.05646 40.71717 -0.21801 0.96559 -0.14184 e
157.11686 67.36468 0.55780 -0.12361 -0.82072 e
157.13702 47.85435 0.55041 0.71597 -0.42947 e
157.89599 34.33849 0.70900 -0.69705 -0.10696 e
158.01180 50.08571 -0.65659 0.67793 -0.33062 e
158.56049 34.93159 0.02019 0.62645 -0.77920 e
159.11821 40.09847 -0.96323 0.21757 -0.15762 e
159.12944 69.50760 -0.07073 0.91507 -0.39704 e
159.33899 38.95566 0.68804 -0.72563 0.00774 e
160.37396 52.35280 -0.95939 -0.12214 0.25425 e
160.86914 57.55092 -0.04468 -0.46771 0.88275 e
161.44566 69.41127 0.84628 -0.51985 -0.11643 e
161.75841 63.59770 -0.24043 -0.75255 -0.61308 e
161.84136 28.73882 -0.07661 -0.84661 0.52668 e
161.97384 54.01989 0.56479 -0.79799 -0.21027 e
163.28852 58.07810 -0.43791 -0.56196 -0.70174 e
164.81611 44.18431 0.21390 -0.96841 -0.12815 e
164.92546 39.00962 -0.19327 -0.12180 -0.97356 e
165.04126 35.39825 0.99207 0.04642 0.11682 e
165.12736 46.62888 -0.74793 -0.12398 0.65210 e
165.36468 35.44919 -0.03399 -0.96106 0.27423 e
165.59889 51.12400 -0.63832 0.45719 -0.61929 e
165.75230 24.75978 -0.10888 -0.51213 -0.85198 e
166.08439 38.45787 0.30207 -0.27150 -0.91381 e
166.75555 21.55843 -0.78107 -0.30844 -0.54296 e
166.79706 32.19934 -0.70336 0.58076 -0.40988 e
167.07428 33.32382 -0.02159 -0.50036 -0.86555 e
167.26964 36.98384 0.03534 0.99522 -0.09103 e
168.32447 73.01594 0.65418 0.51283 -0.55593 e
169.04732 48.19915 0.06288 -0.03894 0.99726 e
169.69549 41.48318 0.34203 0.39487 -0.85270 e
170.07392 53.34349 -0.90361 -0.03909 -0.42657 e
170.10856 44.12337 0.63973 0.22780 -0.73406 e
170.21071 23.82155 -0.81902 0.00408 0.57375 e
170.83913 31.29519 -0.99116 0.07926 -0.10643 e
171.02544 70.29639 0.46962 0.03048 -0.88234 e
171.37664 36.33617 0.50026 0.25637 -0.82705 e
171.38445 71.67766 -0.10959 0.87265 -0.47589 e
171.43341 60.51080 -0.49835 -0.13153 -0.85694 e
171.62954 39.88947 -0.25047 0.22938 -0.94056 e
172.80348 70.81913 0.92045 -0.39066 0.01277 e
172.83119 75.31765 -0.87462 -0.16781 -0.45485 e
173.98163 42.82152 0.81190 -0.15424 -0.56306 e
174.39047 41.05494 -0.25396 0.00483 -0.96720 e
175.52695 60.33283 -0.37570 0.85204 -0.36452 e
175.83204 63.82929 0.76122 0.48947 -0.42539 e
176.90935 34.17611 0.57491 0.29168 -0.76446 e
177.12939 39.24748 0.86058 -0.48150 -0.16599 e
177.17843 67.62790 -0.46935 0.80261 0.36814 e
177.20829 72.49872 -0.22573 -0.85490 -0.46712 e
177.35677 23.22106 0.64712 0.27817 -0.70983 e
177.87038 26.30388 -0.61273 -0.76572 -0.19554 e
178.51258 80.34335 -0.68856 -0.20917 -0.69436 e
178.58286 52.76178 0.43816 0.89889 0.00326 e
179.30918 68.08255 0.62514 0.25262 -0.73850 e
179.94809 71.77216 -0.73100 0.53847 -0.41915 e
180.66180 42.00991 -0.25219 -0.72345 0.64267 e
180.93741 19.94637 -0.05172 -0.32388 -0.94468 e
180.99454 53.30500 -0.26144 0.93632 -0.23441 e
181.22758 79.20146 -0.81259 0.58168 -0.03674 e
181.65037 27.66343 -0.36538 0.76209 -0.53452 e
181.75766 53.07006 -0.31284 -0.75190 -0.58033 e
181.78855 30.43402 -0.64661 -0.74681 0.15544 e
182.00364 60.02827 0.43900 -0.59496 -0.67327 e
182.26959 42.48801 0.62758 -0.77849 0.00968 e
182.31572 30.21672 -0.34380 -0.77206 -0.53453 e
182.98963 46.48666 0.31736 0.44557 -0.83711 e
183.18042 61.35606 0.86168 -0.49143 -0.12647 e
184.45364 43.01923 0.26442 0.39337 -0.88054 e
185.21054 58.29895 -0.37676 -0.31002 0.87289 e
185.46592 32.59497 0.28055 -0.91594 0.28695 e
185.49925 20.68563 -0.47695 0.69917 0.53262 e
185.71797 29.50334 -0.20719 -0.93143 -0.29919 e
185.78054 44.06615 -0.90203 -0.37128 0.22020 e
185.84705 34.70075 -0.87840 -0.36613 -0.30718 e
186.36277 82.37136 -0.38454 -0.88839 0.25078 e
187.31672 68.23201 -0.02970 -0.10077 -0.99447 e
187.42390 44.35565 -0.54941 -0.70676 0.44570 e
187.78967 69.37811 -0.11475 0.02047 -0.99318 e
188.32820 28.55493 0.42222 0.31530 -0.84989 e
188.95640 24.65755 -0.26795 0.96333 -0.01417 e
189.10164 68.02361 0.74585 0.66261 -0.06820 e
189.18275 50.92902 0.64276 0.50762 0.57374 e
189.53369 42.10121 0.92790 0.36964 0.04870 e
189.57352 58.44959 -0.86526 -0.24138 -0.43940 e
189.86259 66.54774 -0.00227 -0.55077 -0.83465 e
190.04437 62.83441 0.64481 0.48051 -0.59441 e
190.13380 59.79471 -0.09565 -0.54852 -0.83065 e
190.46957 51.31296 -0.28962 0.53855 -0.79125 e
190.94440 65.13049 -0.94515 0.24585 0.21507 e
191.03848 33.19262 -0.38158 -0.04574 -0.92320 e
191.33790 58.68497 0.16779 -0.95866 -0.22984 e
191.46616 61.43831 0.66950 0.59476 -0.44502 e
191.57246 34.47942 -0.42452 -0.27361 0.86309 e
191.91859 62.33787 -0.76822 -0.62115 -0.15496 e
192.24139 23.51748 -0.75178 0.51730 -0.40892 e
192.24334 31.60960 -0.83341 -0.54847 0.06786 e
193.18909 58.38814 0.51967 -0.85423 0.01518 e
193.22082 36.53827 0.67221 0.47863 -0.56484 e
193.89414 81.41988 0.87928 0.33558 -0.33801 e
194.25016 25.59266 -0.15818 0.57285 0.80425 e
194.32440 61.66007 0.24718 -0.94403 -0.21845 e
194.36247 55.62068 -0.19459 0.41557 -0.88850 e
194.99806 66.70748 -0.59148 0.48514 -0.64405 e
195.23963 82.80285 0.68040 -0.34610 -0.64597 e
195.76575 75.32961 0.54721 0.83233 -0.08830 e
196.17767 69.19026 -0.53374 0.66548 -0.52178 e
196.45869 40.06274 0.24112 0.26838 -0.93265 e
196.74555 56.63260 -0.47624 -0.87597 -0.07665 e
197.02348 68.66243 -0.86892 -0.15417 -0.47033 e
197.91895 45.86099 0.44116 0.10064 -0.89177 e
198.38194 79.59760 -0.57182 -0.80538 0.15613 e
198.60606 55.74627 0.81813 0.09603 -0.56695 e
199.08091 32.03021 -0.38714 -0.01025 -0.92197 e
199.23405 52.55742 0.50986 0.73984 -0.43894 e
199.68598 41.81652 0.43020 -0.20674 0.87874 e
199.90339 63.04342 -0.68382 0.28488 -0.67174 e
199.97712 34.85085 -0.70342 -0.44880 -0.55116 e
200.12413 44.95312 0.33485 -0.93020 0.15037 e
200.21213 37.82246 -0.67605 -0.08340 -0.73212 e
200.48823 46.67675 -0.50206 0.83283 -0.23311 e
200.53648 72.79090 0.38551 -0.88999 -0.24350 e
200.65455 19.91157 -0.49543 -0.82873 -0.26029 e
200.66445 49.61792 0.45085 0.78759 -0.42004 e
201.93446 63.43968 0.02857 -0.39157 -0.91971 e
202.65464 71.56218 -0.97419 -0.07792 0.21187 e
202.69816 27.55060 0.54138 -0.69866 -0.46774 e
202.99562 32.41709 0.03406 0.52534 -0.85021 e
203.40283 50.29158 -0.25732 0.80082 -0.54080 e
203.61119 66.20311 0.36511 -0.92023 -0.14097 e
203.64192 61.13501 -0.52285 -0.75754 0.39084 e
203.84297 78.97834 0.83123 -0.48670 -0.26866 e
204.07513 78.60211 -0.40892 0.54581 0.73135 e
204.18139 51.22175 0.43611 -0.38656 -0.81263 e
204.22553 37.33631 -0.76118 -0.61563 -0.20399 e
204.44377 39.24991 -0.23726 -0.97122 0.02099 e
205.16800 44.97997 -0.93169 0.09154 -0.35154 e
205.34617 37.99995 -0.64539 -0.32301 0.69220 e
205.57475 24.74637 0.68711 0.70947 -0.15664 e
205.60208 83.71924 -0.34403 0.78008 0.52261 e
205.77278 52.47918 -0.71134 -0.08196 -0.69806 e
207.47060 69.24610 0.57381 -0.04350 -0.81783 e
208.42203 74.37524 -0.95086 0.14210 -0.27507 e
208.71764 42.26195 -0.29712 0.80490 -0.51368 e
208.74389 48.98651 -0.35329 0.03156 -0.93498 e
208.95032 55.24615 -0.27855 -0.95390 -0.11174 e
208.98809 51.18057 0.82440 0.15105 -0.54548 e
209.01793 26.40620 0.28655 0.46698 -0.83655 e
209.19167 57.35480 -0.37509 -0.76894 -0.51772 e
209.86983 53.63433 -0.75643 0.41024 -0.50942 e
209.94757 31.34760 0.18277 -0.26405 -0.94703 e
210.24490 71.95785 0.30656 -0.36945 0.87723 e
211.36499 28.52221 -0.84574 0.47693 0.23930 e
211.99173 27.29835 0.91076 0.14824 -0.38542 e
212.94917 38.48483 0.38347 0.24835 0.88953 e
213.37175 46.31624 0.06103 0.93430 -0.35123 e
213.83265 64.43179 0.50028 0.79007 0.35427 e
214.14584 24.72712 -0.31417 -0.92165 0.22772 e
214.90984 41.28464 0.18117 -0.98343 0.00702 e
214.91696 76.12943 0.43219 0.13023 -0.89233 e
215.00978 77.18306 0.03846 0.57595 -0.81658 e
215.39842 78.28360 -0.30426 0.60405 -0.73658 e
215.60539 46.25764 0.31677 0.82896 -0.46096 e
215.62063 28.17989 -0.15730 -0.98722 0.02558 e
216.04877 37.31698 -0.24812 0.96873 -0.00214 e
216.17165 35.72859 0.86960 -0.25651 -0.42189 e
217.06608 79.44264 -0.17411 0.97458 0.14101 e
217.34923 35.63629 -0.10675 -0.39157 -0.91393 e
217.38016 69.58850 0.36906 0.18553 -0.91070 e
217.84085 62.44321 0.93079 -0.29292 -0.21871 e
218.09589 23.96706 -0.32832 -0.46322 -0.82319 e
218.22925 65.29866 -0.68133 0.10701 0.72411 e
220.29253 52.59848 -0.59324 0.79624 -0.11859 e
220.73304 77.85492 -0.12041 0.03899 -0.99196 e
224.06631 31.46086 0.33159 0.78643 0.52112 e
224.71481 38.52685 -0.14197 0.56321 -0.81403 e
225.74891 51.10350 0.30032 -0.59422 -0.74613 e
226.36016 54.30210 0.62153 0.49230 -0.60938 e
226.63076 72.74249 -0.86973 0.45108 0.20025 e
226.98343 72.69800 0.27310 0.22371 -0.93561 e
226.98414 38.98431 -0.04269 -0.95472 -0.29444 e
227.36180 50.03012 -0.38978 -0.46466 -0.79509 e
228.04014 80.79797 0.78156 0.51930 0.34568 e
228.91345 17.70544 0.83601 0.54405 -0.07137 e
229.01094 69.69116 -0.73705 0.52771 -0.42222 e
229.84115 63.75353 -0.68626 -0.24483 0.68491 e
229.94403 32.90544 -0.91048 -0.41033 0.05151 e
230.36951 59.99321 -0.06541 -0.71552 -0.69553 e
231.69268 78.45086 -0.11544 0.38799 -0.91441 e
232.68441 26.50337 -0.14525 -0.93299 0.32928 e
233.52854 72.70405 0.25618 -0.79598 -0.54844 e
234.17755 61.45855 0.97102 0.05712 0.23205 e
234.39094 32.64764 -0.16058 0.98700 -0.00685 e
235.10651 55.03130 0.13036 -0.98801 -0.08272 e
236.04024 53.07232 -0.45326 0.56914 0.68603 e
236.68006 72.63540 -0.18052 -0.55301 0.81338 e
237.53435 44.65934 0.56038 0.70625 -0.43264 e
237.62119 82.12703 -0.12782 0.96162 -0.24281 e
238.80414 22.98424 -0.10606 -0.98996 0.09349 e
239.06771 55.61956 0.57364 -0.46001 0.67774 e
239.17225 23.82196 0.19411 -0.65688 -0.72858 e
240.65993 59.02725 0.87128 0.47101 -0.13790 e
242.14875 16.81232 0.98704 -0.06146 0.14827 e
242.55497 69.39402 0.46346 0.67538 -0.57364 e
243.19135 38.27722 -0.23913 0.66498 -0.70754 e
243.55625 76.92499 0.69286 0.50650 -0.51323 e
244.55544 57.77046 0.66629 -0.36224 -0.65180 e
245.75541 29.20701 -0.59452 0.77627 -0.20965 e
245.86798 55.37618 -0.48699 0.82241 -0.29409 e
245.94586 48.38315 -0.66647 -0.73495 -0.12517 e
246.36133 48.95247 -0.35413 0.70945 -0.60933 e
246.75254 37.35918 -0.37307 0.92679 -0.04328 e
247.80644 38.47759 -0.56846 -0.81759 0.09161 e
248.03831 71.34493 -0.83834 -0.51027 0.19189 e
248.24747 44.92600 0.26486 0.17295 -0.94865 e
248.96243 32.84550 0.28192 -0.65838 -0.69790 e
250.14899 55.88524 0.00544 -0.77861 -0.62749 e
251.20693 42.10238 0.38393 0.79329 -0.47253 e
251.21285 63.59264 0.68474 -0.18082 -0.70600 e
251.62134 49.87744 0.66728 -0.35031 0.65729 e
251.82491 71.57741 -0.03062 -0.99120 0.12875 e
252.03739 54.13633 0.81260 0.31062 -0.49315 e
252.17757 31.01633 -0.32386 -0.83678 0.44149 e
252.49120 36.74285 0.01431 0.96343 0.26756 e
253.77634 47.29030 0.72564 -0.66728 0.16788 e
253.82769 37.72796 -0.35001 0.01008 -0.93669 e
253.83432 81.28048 -0.14439 -0.02225 -0.98927 e
254.10523 17.62055 0.63151 -0.37461 -0.67887 e
254.89821 53.52197 -0.60612 0.78915 0.09928 e
255.32047 42.64783 -0.87576 0.33728 0.34538 e
255.68180 55.19849 0.92918 0.16576 -0.33037 e
256.06480 40.85232 0.19690 0.35832 -0.91260 e
257.10525 32.84008 0.70974 -0.41905 -0.56628 e
257.75077 60.71848 -0.55563 -0.68093 0.47708 e
259.46576 84.27560 -0.81160 0.49996 -0.30222 e
260.12264 53.34124 0.00721 -0.80976 -0.58671 e
260.27473 20.48748 0.80524 -0.42671 -0.41172 e
260.64932 56.96355 -0.14198 0.35583 -0.92370 e
260.83405 31.25357 0.12174 -0.48470 -0.86617 e
261.11054 81.19572 -0.40099 0.78444 -0.47314 e
261.21153 62.59811 0.34443 0.64550 -0.68169 e
261.46855 61.34821 0.54909 0.83557 -0.01791 e
261.71241 80.28698 0.90784 0.04796 -0.41657 e
262.11462 53.72104 0.30099 0.75085 -0.58789 e
262.13166 39.90419 -0.51883 -0.26574 -0.81253 e
262.17858 48.11950 -0.28663 0.76591 0.57552 e
263.12699 54.39458 -0.90969 0.12349 -0.39649 e
263.29535 32.58998 0.28236 0.73724 -0.61380 e
263.78034 39.58768 0.51912 -0.24802 -0.81793 e
264.22189 55.17940 -0.84542 -0.46737 0.25852 e
264.55861 43.10060 -0.62980 0.31369 -0.71060 e
264.57915 63.36743 -0.21134 0.96842 -0.13231 e
265.04055 56.05345 0.52035 -0.21558 -0.82629 e
265.30730 76.56060 -0.52311 0.43503 -0.73288 e
265.45351 29.98384 0.53374 -0.28586 -0.79587 e
266.62450 84.89332 0.03768 -0.85965 -0.50949 e
266.88320 55.59296 -0.37297 0.92752 0.02430 e
267.29113 37.12851 0.19874 0.77314 -0.60229 e
268.81180 40.62001 -0.57010 0.77189 0.28137 e
269.42938 36.98026 0.82265 -0.14448 -0.54988 e
269.70826 60.76138 -0.47683 -0.35439 -0.80439 e
269.79565 48.15908 0.63152 -0.36737 -0.68281 e
269.93619 68.09733 0.43135 0.19346 -0.88120 e
270.12379 51.12890 -0.98131 -0.00461 0.19240 e
272.05104 33.13307 -0.62861 -0.68245 0.37298 e
272.75089 63.78009 0.91998 0.25510 0.29759 e
273.23516 65.38046 0.89518 0.43787 0.08318 e
274.23970 30.36466 -0.62645 -0.48642 -0.60906 e
274.37333 35.06041 -0.81484 0.57363 0.08362 e
274.72293 16.25550 -0.37561 0.04782 -0.92554 e
274.84311 50.04323 0.08770 0.43608 -0.89562 e
274.88766 73.15725 0.40133 0.71862 -0.56792 e
275.97549 44.95634 -0.53064 -0.74728 0.39999 e
276.12375 60.23769 -0.10449 -0.16526 -0.98070 e
276.41986 52.22289 -0.26502 0.35434 -0.89678 e
276.78163 20.39391 -0.81959 0.48985 -0.29719 e
277.43795 35.88108 -0.44101 0.83974 0.31679 e
277.58320 27.76165 -0.13185 -0.98800 0.08047 e
278.08531 58.41438 0.64787 -0.37094 -0.66533 e
278.12467 62.64690 -0.94020 0.24583 -0.23577 e
280.51138 68.38160 0.78840 0.60901 -0.08679 e
280.66965 67.64191 0.41001 0.88397 -0.22470 e
281.68476 38.46155 0.78619 -0.35917 -0.50289 e
281.98728 28.56094 -0.61222 0.26157 0.74617 e
283.15726 65.86470 0.17547 -0.95767 0.22821 e
283.16757 48.76337 -0.36963 -0.92896 -0.02009 e
283.37931 42.55793 0.07216 0.37432 -0.92449 e
283.42433 23.09628 -0.76460 0.26556 -0.58725 e
283.83210 40.53806 0.31430 -0.04091 -0.94844 e
283.83439 83.94377 0.87137 -0.23895 -0.42850 e
283.98051 62.73923 0.15154 0.90063 -0.40730 e
284.03376 64.88892 0.07152 -0.97465 -0.21198 e
286.61656 39.22563 0.65254 -0.48046 -0.58596 e
288.90042 65.26248 0.07430 0.63952 -0.76518 e
288.91938 49.13525 0.95138 -0.30542 0.03994 e
290.93482 45.53954 0.25758 -0.28385 0.92362 e
291.19626 82.31832 0.58896 -0.25604 -0.76654 e
292.60648 79.78730 0.79059 0.22432 -0.56978 e
293.60976 31.86125 -0.55440 -0.63391 -0.53925 e
294.73221 36.25081 0.28934 0.92603 0.24238 e
294.84283 24.91962 0.00521 -0.14860 0.98888 e
295.18364 49.54288 -0.10335 0.99421 -0.02943 e
296.33131 34.55370 -0.43207 0.11111 -0.89497 e
296.60318 41.13572 -0.02667 -0.25778 -0.96584 e
296.98473 39.94710 0.84293 0.23190 0.48548 e
297.04390 71.79507 -0.44325 0.62854 -0.63911 e
297.83669 50.91657 0.37168 -0.78178 -0.50068 e
297.93342 24.98823 -0.88771 0.31995 -0.33106 e
298.74701 77.94266 -0.61243 0.78335 -0.10627 e
298.87479 76.25599 0.05878 -0.45169 -0.89023 e
299.76705 40.13062 0.32153 0.44268 -0.83705 e
300.29492 43.01369 -0.09187 -0.20312 -0.97484 e
300.40414 60.53038 -0.85330 -0.48077 -0.20187 e
301.09860 42.48340 0.17306 -0.47765 -0.86134 e
301.31120 33.60472 0.73633 0.58247 -0.34430 e
301.42460 73.29990 -0.32871 -0.92585 0.18643 e
301.52707 56.21754 -0.20709 -0.37229 -0.90472 e
302.32790 34.47729 0.64348 -0.70033 -0.30900 e
303.98572 21.69049 -0.52727 0.46350 -0.71215 e
304.12352 22.24927 -0.22296 -0.05734 0.97314 e
305.26144 45.39759 -0.47654 -0.16058 0.86436 e
305.35063 65.16131 0.44195 -0.82495 -0.35235 e
305.58236 40.96791 -0.47734 0.25023 -0.84234 e
306.41798 24.51546 -0.27582 -0.35444 -0.89347 e
306.86708 27.32219 0.45942 -0.48858 -0.74177 e
308.03825 51.31322 -0.00478 -0.75462 -0.65614 e
308.42286 76.82369 0.74874 0.63834 0.17862 e
308.81010 31.78776 0.89694 0.11579 0.42673 e
310.10945 56.79463 -0.63653 0.17865 0.75028 e
311.03859 40.76913 0.60340 -0.70821 -0.36653 e
311.09126 83.14199 0.38586 0.62829 0.67554 e
312.07277 45.63695 0.59343 0.80246 0.06248 e
312.92485 84.85119 0.34193 0.13513 -0.92996 e
313.29024 41.88632 0.03156 0.99394 0.10532 e
313.45215 66.48148 -0.10737 0.96068 0.25607 e
313.72349 43.12479 0.58937 0.45255 -0.66921 e
314.10576 66.84283 -0.49436 -0.61993 -0.60934 e
314.50947 16.17016 0.42776 -0.61077 0.66631 e
315.21225 24.13554 0.21537 0.66745 -0.71283 e
315.35123 74.24331 -0.55939 0.62207 0.54782 e
316.88844 45.14455 -0.37938 0.85815 -0.34592 e
317.28600 24.47843 -0.91724 0.28202 0.28133 e
317.46873 42.01567 0.65291 -0.30287 -0.69425 e
317.53473 19.62227 -0.92959 -0.33776 -0.14757 e
317.57156 16.98143 -0.66968 0.19804 -0.71576 e
318.07907 31.80019 -0.02173 -0.90992 0.41420 e
318.11416 58.00752 0.13031 0.84346 -0.52115 e
318.21226 77.80413 -0.54659 0.72946 -0.41127 e
318.71335 63.80683 0.82409 -0.02816 -0.56576 e
318.99700 58.78705 -0.21739 -0.08377 -0.97248 e
319.21330 42.29355 -0.12717 -0.78626 0.60467 e
319.64162 81.79411 -0.21248 -0.89760 -0.38622 e
319.75276 71.82954 0.53291 -0.37863 -0.75673 e
320.13388 78.74099 0.43189 0.50867 -0.74479 e
320.21591 29.79176 -0.30621 0.27301 -0.91198 e
320.47665 80.00641 0.21486 -0.64037 -0.73740 e
320.53302 31.42708 0.81604 0.22506 -0.53237 e
321.68770 25.12388 -0.28937 0.12178 0.94944 e
321.71784 41.99139 0.34016 0.94015 0.02043 e
321.89784 51.44931 0.89976 0.19693 -0.38943 e
322.06621 45.17518 -0.46084 0.32874 -0.82435 e
322.13546 26.22772 0.04375 -0.05734 -0.99740 e
323.23174 56.36636 -0.86140 -0.41199 0.29707 e
323.40157 39.65746 0.66224 -0.40942 -0.62755 e
323.59161 33.36696 0.74072 -0.37792 0.55544 e
324.73984 64.34090 -0.41219 0.80273 -0.43096 e
325.27541 59.29823 0.84716 -0.51348 0.13661 e
325.46107 46.24052 0.79198 -0.52793 -0.30669 e
326.36813 54.16039 -0.69986 0.19604 -0.68685 e
326.61781 70.73607 -0.34327 -0.82158 -0.45516 e
326.86249 49.00242 -0.83003 -0.52007 0.20142 e
327.89991 31.24216 0.86972 0.49258 -0.03084 e
329.31821 56.73222 -0.59305 -0.65997 0.46122 e
329.49071 45.73200 0.95449 0.29085 0.06605 e
330.88705 32.46249 -0.67095 0.67314 -0.31098 e
331.07284 44.47355 -0.85277 -0.28373 -0.43849 e
331.31729 66.88352 -0.55630 0.43579 -0.70755 e
331.54850 21.39955 0.80893 -0.37902 -0.44941 e
332.02689 27.61665 0.27741 0.84112 0.46429 e
332.03984 53.49584 -0.91953 0.37537 -0.11644 e
332.49825 82.56121 0.36606 0.87614 -0.31366 e
332.81761 53.87050 -0.87604 0.10747 -0.47012 e
334.78574 67.65817 -0.51407 0.45394 -0.72779 e
335.10427 52.08305 -0.47567 -0.68983 -0.54578 e
336.42712 31.34169 0.54528 0.00785 -0.83822 e
336.62054 42.21793 -0.67534 0.72010 -0.15926 e
336.74840 33.66663 -0.26592 -0.37091 -0.88978 e
336.87721 66.29471 0.77728 0.61345 -0.13971 e
337.71793 81.67175 -0.40674 0.65299 0.63888 e
337.78468 43.99894 0.57667 0.52326 -0.62742 e
337.81758 76.46610 -0.49488 0.82883 -0.26102 e
338.18649 71.95258 0.56902 0.56090 -0.60134 e
340.28875 37.11796 0.81410 -0.31269 0.48936 e
341.00858 58.35827 -0.22694 0.85199 0.47181 e
341.28903 49.23843 -0.70973 0.44562 0.54562 e
341.50920 46.15307 0.63118 0.35280 -0.69075 e
341.86509 51.52077 0.86670 0.34781 0.35758 e
342.60930 41.86720 -0.37973 -0.73271 -0.56474 e
342.61668 81.50713 -0.24295 0.32490 -0.91401 e
343.07853 24.10192 0.17245 0.68804 -0.70488 e
343.33111 36.83081 -0.72798 -0.59755 -0.33613 e
343.50158 71.27434 0.21407 0.81853 -0.53309 e
343.85252 67.31532 -0.46714 -0.73396 -0.49303 e
343.86854 34.79205 0.72875 -0.12495 -0.67328 e
346.63617 64.10406 0.07198 0.24622 -0.96654 e
346.90671 48.21835 -0.24104 0.96988 0.03518 e
347.66566 15.52815 -0.61163 -0.10264 0.78445 e
348.57177 75.70511 0.39892 -0.25880 -0.87971 e
349.41919 25.79002 -0.37827 0.80877 0.45035 e
350.42764 56.69715 0.37881 -0.71895 -0.58276 e
350.76433 41.53775 -0.32776 -0.91856 -0.22095 e
351.38063 47.09445 -0.56324 -0.60782 0.55975 e
351.86366 20.76130 0.70558 0.19225 0.68205 e
352.61166 50.09485 0.87787 0.46876 -0.09801 e
353.96947 23.16345 -0.98894 0.07480 -0.12808 e
354.05540 53.14676 -0.82775 -0.49791 0.25870 e
354.47844 46.77304 0.45252 -0.25505 -0.85450 e
355.41273 77.08852 -0.41161 -0.77158 -0.48502 e
355.55539 17.37901 0.01881 -0.29874 0.95415 e
357.22113 40.97125 0.79923 0.57024 -0.18990 e
358.25931 52.22916 0.41733 -0.57421 -0.70436 e
360.28085 65.90538 0.57858 0.41190 -0.70398 e
360.70468 61.87397 0.57359 0.71283 0.40356 e
361.69077 51.46482 -0.74341 -0.04642 -0.66722 e
362.37561 17.96693 -0.57713 -0.70908 -0.40513 e
362.60262 25.65036 -0.71415 -0.59921 -0.36185 e
363.81382 41.65888 -0.24978 0.88799 -0.38611 e
364.35387 54.35722 0.01177 0.73685 -0.67596 e
365.12172 29.30305 -0.47302 0.00419 -0.88104 e
365.31776 48.20291 0.57998 0.71792 0.38499 e
366.46421 31.68312 0.94376 0.04413 -0.32766 e
368.95123 27.81759 0.02859 0.69004 -0.72320 e
369.67336 36.91437 -0.26675 -0.52825 -0.80610 e
369.90907 60.92549 -0.10895 -0.96353 -0.24440 e
370.90556 63.52030 -0.34609 -0.34880 -0.87095 e
371.73153 37.60911 -0.09766 -0.81877 -0.56576 e
373.79905 30.87423 -0.72175 0.42491 0.54638 e
374.73644 54.74870 -0.15319 -0.86782 0.47267 e
378.01734 35.81445 0.17456 0.00283 -0.98464 e
378.87198 41.47092 0.63512 -0.20764 -0.74398 e
379.16629 20.02304 -0.07502 0.34848 -0.93431 e
380.33277 42.63617 -0.39890 0.56707 -0.72063 e
381.04982 73.14914 -0.58078 0.66264 0.47286 e
383.44482 74.01703 -0.86225 0.47764 0.16847 e
386.46815 53.99865 -0.59292 -0.79576 -0.12336 e
389.41346 38.13666 -0.94057 0.19690 -0.27670 e
390.67153 55.54453 -0.53558 -0.84351 0.04052 e
396.23376 36.24569 -0.51087 -0.58249 0.63224 e
401.98878 69.43058 -0.82129 -0.56167 0.10008 e
403.17060 30.19271 -0.81878 -0.45626 -0.34847 e
406.35572 41.79822 0.33482 0.34684 0.87612 e
408.18071 22.86984 -0.90710 0.14858 -0.39382 e
409.09736 64.65486 -0.77267 -0.63444 0.02169 e
410.58292 70.51124 -0.80423 -0.55439 -0.21417 e
413.50722 37.37960 0.04388 0.99761 -0.05342 e
414.45868 37.15260 0.05119 -0.46432 -0.88419 e
415.59815 67.29169 -0.65072 0.61209 0.44934 e
417.28186 83.46043 -0.36062 0.86720 -0.34339 e
417.83175 46.17349 -0.83727 -0.53879 -0.09316 e
427.01605 31.30231 0.82658 -0.20465 -0.52429 e
433.58101 39.54517 0.93772 -0.00933 -0.34726 e
433.71884 13.84503 -0.12115 0.41680 -0.90089 e
434.96962 53.82946 -0.37868 0.88614 0.26713 e
437.07313 38.79990 0.45507 0.61077 -0.64798 e
437.88035 57.88090 0.03839 0.56766 0.82236 e
438.67905 18.45520 -0.59472 -0.26089 -0.76042 e
440.80607 57.61292 0.65938 0.74668 0.08767 e
451.74532 31.85640 -0.71632 0.39835 -0.57290 e
511.20406 8.12746 0.79896 -0.59725 0.07045 e
515.86632 29.86368 0.81524 0.22569 -0.53333 e
523.72237 58.20709 -0.02868 -0.59658 -0.80204 e
544.26915 26.59956 0.86279 0.49621 -0.09681 e
549.66030 25.54060 -0.44603 -0.70571 -0.55049 e
558.68884 19.93095 -0.10280 -0.66431 0.74036 e
561.89993 24.98288 -0.73477 -0.65769 -0.16601 e
568.31260 31.58468 -0.28981 -0.42509 -0.85750 e
585.46084 32.84248 0.17633 -0.92494 -0.33673 e
588.68946 24.69708 -0.89992 0.13557 -0.41444 e
593.08745 16.12673 -0.46062 -0.14167 -0.87622 e
609.34285 15.38718 0.49529 0.07704 -0.86531 e
613.93836 67.55251 -0.03128 0.64433 -0.76411 e
620.84520 34.18171 -0.46418 -0.40491 -0.78777 e
623.13540 21.28961 -0.20581 0.38303 0.90052 e
626.20880 45.98844 0.92368 0.17381 -0.34148 e
627.10200 32.90325 0.41894 0.05979 0.90604 e
634.71111 37.96178 -0.41719 0.35695 -0.83579 e
664.12742 28.59390 -0.79510 -0.58383 0.16416 e
670.35533 47.24851 -0.16068 0.88785 -0.43117 e
694.22132 25.25063 -0.06363 0.80317 -0.59235 e
704.44703 23.99140 -0.92960 0.35037 0.11443 e
733.31379 35.27931 -0.49686 -0.54043 -0.67902 e
743.18168 23.49599 0.30024 -0.89993 -0.31622 e
760.57929 15.03763 -0.32490 0.86871 -0.37388 e
764.39906 20.01954 -0.26225 0.85256 -0.45207 e
785.12746 55.88062 0.35817 0.69812 -0.61995 e
787.94049 28.58971 0.66641 0.62480 0.40685 e
839.65601 41.49117 -0.71444 -0.69954 0.01460 e
893.77555 25.75645 0.25662 0.95261 0.16334 e
906.44744 35.54273 -0.53496 -0.69047 -0.48690 e
912.12517 47.49545 -0.15557 0.92992 -0.33324 e
913.79197 10.04201 0.40446 0.13061 0.90518 e
927.47238 29.92758 -0.31708 -0.90064 0.29718 e
944.04448 20.69471 -0.00576 -0.43376 0.90101 e
982.63608 28.97097 0.03774 -0.30004 -0.95318 e
1172.96344 16.38204 -0.46927 -0.15029 0.87017 e
1299.79430 24.45485 -0.88976 -0.11640 0.44135 e
2486.15745 19.14381 0.95221 -0.26317 0.15507 e
2537.66442 15.24008 0.47425 -0.57991 0.66241 e
2836.74675 84.53534 0.83686 -0.37212 0.40149 e
3337.76792 31.36918 -0.60895 -0.48323 -0.62902 e
3420.12773 45.24448 -0.45618 0.51495 -0.72576 e
3653.57270 23.56123 -0.77192 -0.62029 -0.13924 e
3861.01638 27.19179 -0.66334 0.40990 -0.62607 e
4426.13952 8.26825 0.45889 -0.27119 -0.84609 e
4672.78922 32.02192 -0.08109 0.12122 0.98931 e
4843.45708 19.16686 -0.46564 0.84111 0.27516 e
5277.34221 50.38388 -0.16010 0.44980 -0.87866 e
5381.74563 19.85230 0.84469 0.17147 0.50704 e
6524.47822 24.94049 0.98836 -0.15205 0.00497 e
7288.30735 17.17137 -0.57774 0.79847 -0.16930 e
8472.06425 31.62120 -0.67078 0.62491 0.39944 e
11334.70876 16.47540 0.91397 0.25518 -0.31551 e
11348.83950 16.30461 -0.10651 0.98566 -0.13092 e
15790.70220 30.68104 -0.93200 -0.26631 -0.24589 e
