17.77072 49.19103 0.97288 -0.15396 -0.17263 eb
20.15388 59.18925 0.11007 0.28407 -0.95247 eb
21.72805 82.78012 -0.02778 -0.99713 0.07048 eb
24.41482 63.34942 -0.79855 -0.09970 -0.59362 eb
24.84827 78.22006 -0.32575 -0.66183 -0.67518 eb
25.52248 59.31593 -0.66968 -0.74226 0.02406 eb
25.54576 80.55191 -0.13222 0.66400 -0.73595 eb
25.73041 67.36165 0.25938 -0.05206 -0.96437 eb
26.03580 76.41635 0.98197 0.18573 0.03524 eb
29.61223 61.58417 0.18534 -0.98047 0.06578 eb
29.62428 86.51191 0.75647 -0.60308 -0.25309 eb
29.81555 64.29940 -0.47035 -0.62154 -0.62647 eb
30.10536 41.06986 -0.07631 -0.14490 -0.98650 eb
30.24740 30.02354 -0.53970 -0.31832 -0.77936 eb
31.64877 69.55868 -0.88946 -0.15078 -0.43143 eb
31.66333 66.26878 0.14431 -0.95150 -0.27172 eb
32.08757 68.65142 -0.26407 0.94997 0.16680 eb
33.60467 82.74745 0.44481 -0.54019 -0.71438 eb
33.97343 32.98834 -0.19070 0.13836 -0.97185 eb
35.50732 31.09823 -0.49819 -0.55833 0.66338 eb
35.63790 66.47851 -0.26335 -0.95843 -0.10983 eb
36.59525 57.57261 -0.63072 0.73049 -0.26187 eb
36.87397 88.21341 0.44558 0.08925 -0.89078 eb
38.24215 23.31025 -0.07168 0.64890 -0.75749 eb
38.46275 28.68031 -0.10926 0.49131 -0.86410 eb
38.79441 30.59364 -0.48595 -0.43231 -0.75958 eb
40.20795 48.13858 -0.32970 -0.39765 -0.85625 eb
40.94588 59.22744 0.29118 -0.69635 -0.65598 eb
41.27906 59.56098 0.62801 0.17276 -0.75879 eb
41.63296 82.72930 -0.63392 0.77325 0.01542 eb
42.56563 74.51078 0.90756 0.26267 -0.32762 eb
42.97656 79.96693 -0.18610 0.83342 -0.52037 eb
43.23712 17.48235 -0.76643 -0.59779 0.23500 eb
43.67187 35.42385 -0.89025 0.02640 0.45470 eb
44.94141 27.00149 0.22578 -0.96103 0.15951 eb
45.26365 71.94764 -0.95991 -0.26517 -0.09084 eb
45.52613 87.31831 -0.28653 0.01568 0.95794 eb
46.52630 26.98604 -0.65276 -0.74501 -0.13734 eb
47.85781 81.05017 0.05050 0.83824 -0.54295 eb
48.19043 70.96694 0.62425 -0.46357 -0.62882 eb
48.33182 57.87279 -0.40789 -0.18832 -0.89340 eb
48.37258 50.14809 -0.87194 0.48897 0.02509 eb
48.40844 82.70103 -0.09963 0.18297 -0.97806 eb
48.64074 77.54539 -0.45785 -0.69831 -0.55022 eb
48.91006 41.77288 0.44504 -0.78843 0.42464 eb
48.95381 80.38331 -0.10195 0.76846 -0.63172 eb
49.26405 62.26842 0.61372 -0.16165 -0.77280 eb
49.29037 69.63065 0.37652 -0.81022 -0.44919 eb
49.79020 36.66957 -0.97178 -0.00591 0.23583 eb
51.16077 48.97880 0.36904 -0.00937 -0.92937 eb
51.32556 31.37638 -0.87204 -0.03109 -0.48845 eb
51.49616 17.07321 -0.71984 0.61857 0.31497 eb
52.34871 24.68184 0.57843 0.81471 -0.04086 eb
52.62700 31.71960 0.70275 -0.13173 0.69914 eb
54.01019 23.41387 -0.99779 0.04009 0.05305 eb
54.44752 24.92233 0.04010 0.30872 -0.95031 eb
54.63865 40.37920 -0.95313 0.05463 0.29759 eb
54.99821 48.18681 -0.74229 -0.07693 -0.66565 eb
55.44517 73.53266 0.99520 0.02388 0.09495 eb
55.93239 17.99970 -0.09247 0.97779 0.18810 eb
58.15626 49.11763 0.00031 -0.97844 -0.20655 eb
58.93452 40.50266 0.84839 -0.43744 0.29814 eb
58.97564 30.74882 -0.06540 0.99060 0.12018 eb
59.25841 38.46078 0.09009 0.45069 -0.88812 eb
61.20569 68.90676 0.03889 -0.58887 -0.80729 eb
61.71611 31.16164 -0.27014 0.90087 0.33978 eb
61.80627 47.16805 -0.78567 -0.53932 -0.30309 eb
63.65460 58.56808 -0.51531 -0.36839 -0.77379 eb
63.88400 76.07841 0.06408 0.51631 -0.85400 eb
64.01450 43.30571 0.10147 0.98544 0.13640 eb
64.73354 30.87044 -0.10194 0.15787 -0.98218 eb
65.25386 67.55710 -0.99090 0.10921 -0.07870 eb
65.52930 34.74567 -0.12065 -0.91758 -0.37880 eb
65.62549 74.89372 0.08010 0.28557 -0.95500 eb
66.51039 39.36191 0.71776 -0.27048 -0.64161 eb
66.54038 57.73781 0.18672 -0.18228 -0.96536 eb
66.72926 54.24789 0.07256 -0.21805 -0.97324 eb
66.76215 34.61923 0.25083 0.91411 0.31859 eb
66.79347 70.10752 0.00043 -0.41369 -0.91042 eb
66.80584 34.30953 0.36362 -0.87786 0.31167 eb
67.27430 19.17264 0.48476 0.49257 0.72276 eb
68.17046 54.21334 -0.69025 0.54879 -0.47157 eb
68.36890 25.75740 0.86397 0.11826 0.48945 eb
69.23587 75.49590 0.74865 0.00570 -0.66294 eb
70.45531 52.52291 -0.68587 0.72422 -0.07130 eb
70.92281 68.52866 -0.99890 -0.00241 0.04688 eb
71.01053 65.99037 0.02033 0.99979 0.00233 eb
71.45488 57.43123 0.81592 0.45200 0.36051 eb
72.81190 11.61074 -0.66507 0.20855 0.71707 eb
73.69697 50.92865 -0.07709 -0.78854 0.61013 eb
74.03296 57.88542 -0.93135 0.29868 -0.20825 eb
74.85836 43.95498 0.43286 0.48779 -0.75808 eb
75.28779 30.63314 -0.79451 -0.40690 -0.45076 eb
75.36655 58.61319 0.56545 0.48623 0.66622 eb
77.81902 24.14135 -0.53885 0.77221 -0.33664 eb
79.15439 85.04497 0.84116 0.37711 -0.38760 eb
79.32370 24.77998 -0.23098 -0.96772 -0.10081 eb
79.61057 17.90853 -0.18585 0.30551 0.93387 eb
80.28923 47.63257 0.20484 -0.73280 -0.64888 eb
80.42210 39.31815 0.26875 0.95279 0.14127 eb
80.69546 33.00324 0.59360 0.00454 -0.80475 eb
82.80169 70.82966 0.05936 0.09632 -0.99358 eb
83.50941 45.40681 0.39915 0.72515 0.56110 eb
83.62660 26.55982 0.45183 -0.28653 -0.84484 eb
83.70290 31.73745 -0.39312 0.34058 -0.85409 eb
84.12197 24.26491 0.66871 0.45233 -0.59011 eb
84.53822 31.67890 -0.58724 -0.26462 -0.76494 eb
85.01909 21.72381 0.24827 0.95367 0.16994 eb
85.91483 25.75914 -0.22077 0.35827 0.90714 eb
86.01916 41.79797 0.18315 -0.23372 -0.95490 eb
86.43690 51.13085 0.90382 -0.33010 -0.27229 eb
87.20703 19.84043 -0.57268 -0.39232 -0.71981 eb
87.65557 20.98440 -0.51637 0.42409 -0.74398 eb
88.92449 43.38827 0.96550 -0.24081 -0.09911 eb
88.93861 22.89756 0.49116 0.78082 0.38611 eb
89.14398 36.69985 -0.22304 0.85203 0.47361 eb
89.14824 26.94402 -0.23378 -0.37501 -0.89706 eb
92.03796 28.44171 0.67646 -0.26013 -0.68901 eb
94.89793 52.09621 0.56395 0.11720 -0.81745 eb
95.12033 56.64186 -0.49710 0.07434 -0.86450 eb
95.56740 49.82376 -0.73247 0.68060 0.01625 eb
96.71633 22.49340 0.15697 -0.86384 -0.47868 eb
97.46637 30.88757 -0.00192 0.61359 -0.78963 eb
97.99105 24.46776 0.46801 0.03956 -0.88283 eb
98.58012 31.35641 -0.04773 0.28556 0.95717 eb
98.87892 46.61279 -0.14557 0.08635 -0.98557 eb
99.42607 44.73269 0.03637 -0.97425 -0.22254 eb
100.27468 23.17531 0.95444 0.10754 0.27834 eb
100.30573 9.94872 0.86078 0.49126 0.13312 eb
100.93669 25.49851 -0.66272 -0.27627 -0.69604 eb
101.40755 59.93895 0.84539 -0.09323 -0.52595 eb
101.56065 15.36613 0.28967 -0.95684 -0.02336 eb
101.64571 75.48196 -0.23322 -0.13997 -0.96230 eb
101.89794 31.44795 0.22792 0.33862 -0.91290 eb
102.06261 62.39602 0.94174 -0.25439 -0.22004 eb
102.56257 41.99827 -0.96564 0.25988 0.00332 eb
103.46167 55.23774 -0.75558 0.01324 -0.65492 eb
104.29785 68.73775 0.19736 0.39524 -0.89713 eb
104.42135 55.72326 0.01460 -0.61288 0.79004 eb
104.42309 40.87061 0.13405 -0.99090 0.01202 eb
106.90105 55.91837 -0.64259 -0.62015 -0.44999 eb
107.28746 60.67284 -0.84504 -0.37019 -0.38583 eb
107.66887 27.87038 0.47769 0.71017 -0.51717 eb
110.23125 31.62308 0.84943 -0.52714 0.02440 eb
111.86024 62.83743 -0.44039 0.51513 -0.73532 eb
113.17280 18.73516 0.91749 0.22183 -0.33016 eb
113.28993 62.83022 0.89283 0.04132 -0.44849 eb
113.71736 42.21822 -0.62058 0.78176 0.06104 eb
114.22555 75.85779 -0.14318 0.90199 -0.40733 eb
114.42702 12.07423 0.50100 0.49106 -0.71264 eb
115.15910 27.00288 -0.48246 -0.40210 0.77817 eb
115.99579 70.27348 0.24714 -0.86392 -0.43882 eb
116.07508 43.26061 0.75883 -0.62048 0.19796 eb
116.10173 32.22897 -0.08737 -0.42812 -0.89949 eb
116.96628 58.57509 0.50979 -0.84280 -0.17262 eb
118.03478 74.47274 -0.07472 -0.38929 -0.91808 eb
118.90705 44.31570 0.44926 -0.78498 -0.42657 eb
119.12396 38.69612 -0.24674 0.96738 -0.05734 eb
119.73618 60.21778 -0.07607 -0.00018 -0.99710 eb
120.51127 41.67499 -0.59911 -0.29222 0.74543 eb
121.29555 86.70271 0.30566 0.72027 -0.62272 eb
121.51493 78.57995 -0.26200 0.59775 -0.75766 eb
124.16469 73.87205 -0.72894 -0.40021 -0.55541 eb
124.81685 40.56577 -0.41889 0.90662 0.05076 eb
125.31313 40.00529 0.91667 0.17418 -0.35970 eb
125.73837 41.97924 0.75353 -0.53979 -0.37527 eb
125.96587 28.66739 0.10393 -0.60002 0.79321 eb
126.44282 61.16324 0.72200 0.25880 0.64167 eb
127.59253 26.52095 -0.33737 0.89887 0.27967 eb
127.66172 26.64213 0.81100 0.54252 0.21898 eb
128.10987 16.30356 -0.82883 0.55083 -0.09809 eb
128.18596 55.79379 -0.21691 0.84520 -0.48845 eb
129.21126 43.36810 -0.64730 -0.74638 0.15467 eb
130.09420 36.38172 0.31667 -0.94840 0.01617 eb
130.43825 35.03362 0.33645 0.83555 -0.43434 eb
130.80545 24.03075 0.73383 0.65444 0.18219 eb
131.38204 83.40942 -0.41337 0.43557 -0.79963 eb
132.02220 22.56477 -0.07629 -0.54906 -0.83229 eb
132.07529 26.95057 -0.61460 0.62263 -0.48435 eb
133.58125 19.26377 -0.76107 0.64683 -0.04883 eb
134.49458 55.86937 -0.14880 0.52431 -0.83842 eb
134.78857 82.56535 0.90666 0.28196 0.31379 eb
136.93099 42.10906 -0.23519 -0.81036 -0.53665 eb
138.46561 36.36693 -0.12870 0.68264 0.71933 eb
138.82004 18.83511 0.35956 0.84594 -0.39382 eb
139.08217 25.50517 -0.68789 -0.33220 -0.64533 eb
139.54712 20.29817 -0.12523 0.36865 -0.92110 eb
140.44490 73.74911 -0.63600 -0.21020 -0.74251 eb
141.95699 52.75770 0.41858 -0.90299 0.09693 eb
142.41255 13.78746 0.60118 0.79839 0.03393 eb
143.26105 26.43097 0.20747 -0.60003 0.77261 eb
143.96267 27.24578 0.87273 -0.04023 -0.48655 eb
145.56288 35.60471 -0.15061 -0.91541 0.37328 eb
146.59306 37.05663 0.29436 -0.77580 -0.55811 eb
146.96661 81.96135 0.28749 0.60128 -0.74553 eb
147.52885 60.61969 -0.16292 -0.98281 -0.08683 eb
148.03490 24.01418 0.49218 -0.48895 0.72020 eb
148.21272 57.97985 -0.41980 -0.79013 -0.44661 eb
148.33804 67.46668 -0.99282 -0.03315 0.11491 eb
148.36296 61.10263 -0.24852 0.63346 -0.73278 eb
149.65659 42.62011 -0.13622 -0.35293 -0.92568 eb
150.56605 73.75515 -0.76944 -0.49235 0.40688 eb
150.66616 65.12847 -0.84389 0.13201 -0.52003 eb
151.14509 42.21106 -0.96817 -0.24044 0.06951 eb
152.65453 34.71971 0.03756 -0.72178 -0.69110 eb
154.21246 26.22949 -0.25781 0.94786 0.18734 eb
154.37836 16.97236 -0.66536 0.20219 -0.71862 eb
155.62049 62.17101 -0.35475 -0.92445 -0.13977 eb
155.67222 41.83713 0.79610 -0.20456 -0.56954 eb
155.97668 24.15063 -0.66417 0.71136 -0.22988 eb
156.48697 61.56446 -0.35988 0.41205 -0.83708 eb
157.38893 19.17159 0.28142 -0.51301 -0.81094 eb
159.16892 50.77719 0.88814 0.30414 0.34453 eb
159.97482 57.22720 -0.57048 0.36731 -0.73460 eb
159.98931 24.93959 0.95335 -0.29238 -0.07511 eb
161.79244 7.08859 0.21122 -0.93695 -0.27841 eb
162.97168 19.18484 0.99744 -0.05893 0.04059 eb
163.13254 82.57577 -0.24206 -0.61194 -0.75295 eb
163.23583 25.70902 0.52125 0.40647 -0.75038 eb
164.12734 31.38774 -0.49924 0.79959 -0.33380 eb
165.41470 79.33819 -0.43097 0.62795 -0.64803 eb
165.66095 40.39284 -0.96381 0.26247 -0.04679 eb
166.40828 35.90281 0.39720 -0.89016 -0.22325 eb
166.61263 26.92894 0.55485 -0.11873 -0.82344 eb
167.09255 42.26784 -0.98262 0.08200 -0.16656 eb
167.60484 22.03786 -0.31513 -0.90518 -0.28522 eb
167.61865 17.26541 -0.23566 0.68908 -0.68529 eb
168.95598 43.23666 0.50825 -0.52512 0.68259 eb
169.13418 79.25766 -0.66696 0.42976 -0.60867 eb
169.26525 33.93432 0.15395 -0.84196 0.51711 eb
171.27889 41.28217 -0.94366 -0.30186 -0.13558 eb
171.73082 39.05371 0.55278 0.68249 -0.47816 eb
172.10811 32.49588 -0.99027 -0.03868 0.13371 eb
173.02004 23.49359 -0.98814 0.10013 0.11642 eb
174.91016 28.72138 -0.32969 -0.50582 -0.79715 eb
175.55347 31.30917 0.83077 0.29206 -0.47385 eb
175.92186 20.96566 0.37860 -0.92396 0.05443 eb
176.20888 23.16296 -0.72728 0.02812 -0.68577 eb
177.16124 38.77090 0.63711 0.70858 -0.30334 eb
177.42785 21.24075 -0.12215 -0.96178 -0.24507 eb
177.42873 48.41693 -0.66128 0.30961 -0.68327 eb
177.96930 52.99241 0.71787 0.68848 -0.10321 eb
178.61986 46.05286 -0.76984 0.43138 -0.47038 eb
178.67403 34.75660 0.76624 -0.32748 -0.55284 eb
179.44303 52.22400 -0.93805 -0.27531 -0.21040 eb
179.51188 49.85423 -0.49945 0.61191 -0.61328 eb
179.72450 33.35646 -0.89095 -0.31452 0.32756 eb
180.86223 28.48968 0.96548 0.17806 0.19012 eb
181.31050 23.15296 0.40247 0.75830 -0.51284 eb
181.54007 25.12077 -0.44507 -0.60689 -0.65848 eb
181.86104 23.72717 0.73568 0.49886 -0.45816 eb
182.38954 71.11206 -0.12886 0.98856 -0.07836 eb
182.52048 57.62388 0.71844 -0.66310 -0.21011 eb
182.58399 75.37067 0.35592 0.67429 -0.64704 eb
182.91704 65.54427 0.17418 -0.97089 0.16445 eb
182.93263 36.81681 0.83853 0.43038 -0.33414 eb
183.80617 34.38374 0.20987 0.61182 -0.76265 eb
183.93259 29.94218 0.56420 0.39906 0.72279 eb
184.00443 40.62635 -0.75949 0.63845 -0.12474 eb
184.71361 33.53591 0.19286 -0.53691 0.82130 eb
186.07494 29.59350 0.79830 0.44102 -0.41014 eb
186.53558 72.34428 0.43856 -0.12675 -0.88972 eb
186.80756 67.40090 0.84441 0.19712 -0.49811 eb
186.95700 79.65326 -0.48881 0.15472 -0.85856 eb
187.12694 40.19781 -0.97565 0.10770 -0.19106 eb
187.15422 27.23790 0.01577 0.32859 -0.94434 eb
187.33130 44.19937 -0.24842 0.91548 -0.31651 eb
193.98383 35.66012 0.51268 0.73150 -0.44953 eb
194.70573 72.40998 -0.95571 -0.25013 0.15513 eb
194.86949 15.30696 0.43222 0.00764 -0.90174 eb
194.99564 57.89790 -0.76768 0.25710 0.58699 eb
196.05710 21.20452 -0.32070 -0.94698 0.01948 eb
198.24802 26.86428 -0.88104 -0.19343 -0.43169 eb
199.97263 26.31673 -0.91307 0.40699 0.02570 eb
200.27852 47.04335 0.38109 0.71465 -0.58656 eb
201.12549 28.46924 0.22937 -0.97302 0.02489 eb
201.58576 75.74874 -0.79132 -0.51878 0.32355 eb
201.87677 32.37528 0.45741 0.54990 -0.69885 eb
202.71755 21.38810 -0.51652 -0.75044 0.41237 eb
204.53400 41.11507 0.28844 0.21347 -0.93340 eb
205.02292 32.19022 -0.61906 -0.65279 0.43661 eb
205.31875 46.61628 -0.73615 -0.27561 -0.61816 eb
205.73075 14.84865 -0.48296 -0.43637 -0.75916 eb
205.88131 51.01442 0.10128 0.97500 -0.19780 eb
206.07808 33.89004 -0.10088 -0.99315 0.05894 eb
207.36282 19.82521 -0.10431 -0.63271 0.76733 eb
207.57184 35.42823 0.86301 -0.06451 0.50105 eb
208.20270 24.57478 0.47163 0.88151 0.02244 eb
208.86171 8.51606 -0.77795 -0.14425 -0.61154 eb
208.87743 17.29216 0.70969 0.31183 -0.63174 eb
209.51366 62.02165 -0.48485 -0.78110 0.39345 eb
210.03974 35.19455 -0.88241 0.35547 -0.30822 eb
210.29272 31.95799 -0.50291 0.74372 0.44041 eb
210.39292 30.03597 0.63708 -0.74158 0.21021 eb
210.87483 29.77934 -0.72737 -0.07016 -0.68265 eb
211.03413 36.86679 -0.03415 0.76531 -0.64276 eb
211.15640 44.29006 -0.37461 -0.85426 0.36043 eb
211.38857 61.13499 -0.97045 0.10013 -0.21953 eb
211.75431 30.40001 0.77300 0.43511 -0.46167 eb
211.87240 27.70007 -0.55603 -0.79680 -0.23653 eb
212.04893 82.24623 -0.55533 -0.38578 -0.73673 eb
212.17235 27.77263 0.12408 -0.09781 -0.98744 eb
212.48787 22.73904 -0.53588 -0.70934 -0.45791 eb
212.58480 20.69346 -0.03885 0.64026 -0.76718 eb
212.83261 16.11683 -0.54891 0.57713 -0.60467 eb
213.14701 67.31807 0.86961 0.12937 0.47649 eb
214.95637 43.44153 0.35460 0.51871 -0.77794 eb
215.09477 29.55522 0.77284 -0.53923 0.33459 eb
215.34252 31.55511 0.03846 -0.98257 -0.18186 eb
215.46385 39.81331 0.23943 0.28816 -0.92717 eb
216.88166 21.27571 -0.26682 -0.67158 -0.69122 eb
217.24971 53.78818 0.10384 0.59113 -0.79986 eb
217.90466 77.76143 0.93575 -0.32215 -0.14351 eb
218.14205 26.53989 0.98378 -0.00308 -0.17938 eb
218.30162 87.97753 0.44539 -0.77041 -0.45618 eb
218.66388 36.14205 -0.16257 -0.98563 0.04582 eb
218.73003 11.62147 -0.29055 0.47643 -0.82982 eb
219.00348 37.76282 -0.47661 0.53690 -0.69612 eb
219.31772 41.82870 -0.31169 -0.71792 -0.62245 eb
221.27267 39.75338 -0.17202 -0.10547 -0.97943 eb
222.67863 19.43704 0.63609 -0.00719 -0.77158 eb
223.16987 42.61430 0.47885 0.87353 0.08748 eb
223.22357 63.55093 0.53910 -0.57323 -0.61707 eb
223.42398 35.20597 -0.13560 -0.88533 0.44475 eb
224.72531 26.64964 0.41758 -0.82692 -0.37659 eb
225.59365 58.97443 0.78445 0.54922 -0.28810 eb
225.99658 28.69447 0.79261 -0.13774 -0.59397 eb
226.20450 67.11740 -0.88164 0.00918 0.47184 eb
226.91798 14.34900 -0.06727 -0.36711 -0.92774 eb
227.56174 47.55195 0.28506 -0.58804 -0.75693 eb
227.83784 16.05474 0.76518 -0.49024 -0.41734 eb
228.04691 36.35155 -0.05986 0.54139 -0.83864 eb
228.48309 29.61495 0.90071 0.43250 0.04084 eb
228.76032 30.80672 -0.20726 0.63970 -0.74016 eb
228.87855 39.99346 -0.71373 -0.63987 0.28490 eb
229.38890 36.73321 -0.33852 -0.70281 -0.62567 eb
231.30624 38.63128 -0.71719 0.62068 -0.31685 eb
231.38612 81.07814 -0.02838 0.09409 -0.99516 eb
231.80429 42.67297 -0.84340 -0.03345 0.53625 eb
232.18810 37.50795 0.60684 -0.43822 0.66310 eb
234.66389 43.36746 0.09189 0.18129 0.97913 eb
235.48640 84.31878 0.97197 0.23509 -0.00096 eb
235.89456 27.30538 -0.78098 -0.08954 0.61811 eb
235.91346 20.05573 -0.09457 0.80691 0.58305 eb
239.62489 48.71510 0.38588 0.05947 -0.92063 eb
239.93799 36.52762 -0.15950 -0.95003 0.26834 eb
240.25579 67.51481 0.86798 -0.49632 -0.01693 eb
240.52151 23.98676 -0.49809 0.10193 -0.86111 eb
243.19664 23.08594 0.42697 0.53761 -0.72710 eb
243.23255 14.33469 0.79872 -0.59544 -0.08657 eb
243.84574 48.15725 -0.61047 -0.35429 -0.70838 eb
244.33858 21.37231 -0.54470 -0.67559 0.49687 eb
244.47120 11.65884 0.70210 0.70283 -0.11439 eb
244.52310 60.23627 -0.75142 -0.20444 -0.62735 eb
245.73939 55.93190 -0.48818 0.10691 0.86617 eb
246.38809 33.71984 0.68100 -0.73228 -0.00322 eb
246.54777 57.11649 0.24319 -0.64654 -0.72308 eb
247.65756 79.56851 0.00637 0.94315 -0.33231 eb
248.96476 31.46348 -0.70401 0.31572 0.63615 eb
249.15562 50.28520 0.93335 0.05561 -0.35464 eb
250.43994 29.21573 0.93311 0.15798 0.32302 eb
251.01828 49.14769 -0.09323 0.98725 -0.12904 eb
253.06485 28.94791 -0.73673 0.29637 -0.60778 eb
253.19424 25.05138 0.47663 -0.85514 -0.20386 eb
253.29565 40.68989 -0.16979 0.48702 -0.85673 eb
255.20865 36.56133 -0.12860 0.86183 -0.49062 eb
255.94766 78.32972 -0.10819 0.81584 -0.56807 eb
255.95527 18.92562 -0.68950 -0.55677 -0.46324 eb
255.96957 88.45655 -0.46321 0.20821 0.86145 eb
257.79601 30.68037 -0.29124 0.70209 -0.64980 eb
259.62969 50.97050 -0.77284 0.56189 -0.29495 eb
259.78441 32.47595 -0.43482 0.35661 -0.82690 eb
259.88731 61.50254 0.03226 0.59978 -0.79951 eb
262.77026 59.88133 -0.12851 -0.96071 0.24600 eb
263.17880 39.31151 0.08814 -0.71177 -0.69686 eb
263.58683 20.40684 0.57975 -0.71688 -0.38727 eb
263.75574 12.98319 0.38105 -0.75157 -0.53846 eb
264.49273 13.26721 -0.22827 -0.96381 -0.13773 eb
264.68602 19.02683 -0.80244 0.57252 -0.16828 eb
265.12080 25.73859 0.01771 0.98316 0.18188 eb
265.18873 19.61249 0.34935 -0.11917 0.92938 eb
265.49953 44.52874 0.28239 0.82545 -0.48876 eb
266.97586 35.24752 0.47826 -0.57523 -0.66361 eb
268.08900 32.32748 0.82259 0.32206 0.46864 eb
268.19779 33.68050 0.67856 -0.29088 -0.67450 eb
268.22332 18.69715 -0.90303 -0.13197 0.40880 eb
268.26380 33.51533 -0.58939 -0.55604 -0.58604 eb
268.40218 65.24675 0.24082 -0.23583 -0.94148 eb
268.97870 44.23061 0.16810 -0.77081 0.61449 eb
269.06258 86.10597 -0.04130 0.10460 -0.99366 eb
271.56767 39.26421 -0.42345 -0.77128 0.47520 eb
271.83220 26.87075 0.70162 -0.70663 -0.09164 eb
272.29146 27.86292 0.91816 0.14544 -0.36856 eb
272.50739 29.07070 -0.10549 0.25260 -0.96180 eb
272.65456 38.23443 -0.16738 -0.08135 -0.98253 eb
272.91456 25.76109 -0.56131 0.48813 -0.66833 eb
273.38341 37.69106 -0.00634 -0.64266 -0.76613 eb
273.43074 27.30222 -0.31461 0.42300 -0.84976 eb
273.53269 47.72894 -0.62387 0.68827 -0.37023 eb
273.84219 66.16442 0.41661 0.81253 -0.40772 eb
274.32302 29.15048 0.76496 -0.50490 -0.39989 eb
274.47750 22.99543 -0.29868 0.86172 0.41017 eb
274.77314 41.63262 -0.92619 -0.19791 -0.32095 eb
275.57047 49.24164 0.13841 0.51759 -0.84436 eb
275.98090 52.82455 -0.41589 -0.82869 -0.37458 eb
277.17458 55.95915 0.91254 -0.40350 -0.06681 eb
277.21577 51.56572 -0.54519 -0.71577 -0.43640 eb
278.41706 60.56882 0.74463 0.13151 -0.65439 eb
280.91180 65.92157 0.04342 0.44317 -0.89539 eb
282.68885 14.67649 -0.22060 -0.78539 0.57836 eb
282.79156 29.65738 -0.24046 -0.83572 0.49371 eb
283.11427 50.11868 -0.12513 -0.93505 0.33170 eb
284.27040 28.14272 0.39714 0.90462 0.15475 eb
284.33812 21.65281 0.36930 -0.76922 0.52146 eb
284.40261 34.17115 0.46508 -0.66614 0.58307 eb
284.45218 28.62685 -0.53395 -0.84359 -0.05703 eb
285.15052 41.14581 0.32413 -0.59387 -0.73638 eb
285.17604 47.90032 -0.15126 0.38802 -0.90915 eb
285.57425 13.04023 -0.03261 0.95280 -0.30183 eb
286.13174 17.14678 -0.44822 0.34510 -0.82462 eb
286.37526 21.49051 -0.57698 -0.81671 0.00871 eb
286.62435 44.97658 -0.93012 -0.13468 -0.34167 eb
286.63281 57.07364 -0.84081 0.49590 -0.21709 eb
287.02785 31.74260 0.28415 -0.63743 0.71620 eb
288.00540 54.13320 0.65000 -0.16948 -0.74079 eb
288.11922 67.54378 0.03334 -0.97365 0.22561 eb
288.85163 75.23072 0.66436 -0.65510 -0.35983 eb
289.52973 19.01983 -0.37956 0.73066 0.56751 eb
289.70828 33.83916 0.76170 0.45928 0.45702 eb
290.06333 30.54046 0.84283 0.40473 -0.35474 eb
290.74728 70.34695 -0.99386 -0.06572 -0.08900 eb
290.93577 76.42076 -0.98787 -0.15290 0.02721 eb
292.30363 56.89818 0.68728 0.00533 -0.72637 eb
293.72454 32.73087 0.83613 -0.03754 -0.54725 eb
293.88401 80.71558 0.82985 0.48112 -0.28261 eb
294.58048 21.74185 0.97414 0.16590 -0.15338 eb
294.60961 36.40874 -0.84546 0.50869 -0.16259 eb
295.15186 33.96771 0.77887 0.43655 0.45033 eb
295.50106 37.34158 -0.76624 0.63825 -0.07431 eb
296.09229 40.14430 0.90695 -0.31997 -0.27398 eb
297.19251 14.27899 -0.13892 0.16119 0.97710 eb
297.20000 16.35867 -0.98936 0.04247 0.13918 eb
297.69219 21.80118 0.87943 0.25129 -0.40429 eb
298.39225 59.64680 -0.15710 -0.94036 0.30172 eb
299.75195 24.10591 -0.14174 -0.54315 -0.82758 eb
299.76826 25.65549 -0.59115 -0.80001 0.10264 eb
300.17364 54.56569 -0.09980 0.06510 -0.99288 eb
301.82916 66.18649 -0.32754 -0.79769 -0.50636 eb
302.11628 27.72669 -0.22480 0.28560 -0.93161 eb
302.21695 33.57107 -0.61206 -0.56547 0.55283 eb
302.73239 38.52951 -0.89885 -0.37349 -0.22931 eb
302.98771 46.47079 -0.38588 0.77800 -0.49580 eb
303.27244 15.12361 0.00401 -0.22600 -0.97412 eb
303.49009 57.08436 -0.00660 -0.97201 0.23484 eb
303.65711 50.50859 -0.16533 -0.77790 -0.60625 eb
304.10407 24.80135 -0.69409 0.55593 0.45736 eb
304.55628 34.12698 -0.13883 0.90984 -0.39105 eb
304.56607 16.65729 -0.91624 -0.39457 0.06938 eb
304.67637 24.36781 0.68726 0.16411 -0.70763 eb
304.76545 76.69539 -0.59882 0.58008 -0.55220 eb
305.22040 29.42576 -0.15584 0.87924 -0.45016 eb
305.57511 51.12587 0.41869 -0.47458 -0.77425 eb
305.75760 59.36418 -0.39796 0.91694 0.02913 eb
306.22755 19.71555 -0.62375 -0.59132 0.51115 eb
306.30381 65.95066 0.46838 0.53819 -0.70069 eb
306.62389 60.80506 0.52664 0.17011 -0.83290 eb
307.20518 21.73231 0.00629 -0.99312 -0.11690 eb
307.79608 24.47818 0.21310 -0.53937 -0.81466 eb
307.88630 53.33832 -0.49978 -0.01093 -0.86608 eb
308.10413 24.69963 0.76257 -0.00956 -0.64684 eb
308.81348 58.51959 -0.86545 -0.34907 0.35938 eb
310.68177 31.66937 -0.86455 0.49205 0.10217 eb
311.42234 28.20946 -0.83961 0.28018 -0.46536 eb
311.69240 42.52433 0.93633 -0.09341 0.33846 eb
311.81073 32.68158 0.84543 0.26624 0.46300 eb
313.97998 35.63114 0.67645 0.11131 -0.72803 eb
314.36532 28.45631 -0.73099 0.13239 -0.66942 eb
314.43645 64.55668 -0.83969 -0.48299 -0.24828 eb
314.47846 13.25516 0.32259 0.94568 0.04043 eb
315.20354 28.40012 0.96301 -0.20035 0.18018 eb
315.32667 66.74318 0.34885 0.91864 -0.18547 eb
315.95563 32.09764 0.81018 -0.34197 -0.47609 eb
316.04400 31.40135 -0.32913 -0.83142 -0.44768 eb
316.34370 70.81480 -0.31672 -0.93866 0.13643 eb
317.30694 37.55923 -0.54131 0.54498 0.64030 eb
317.45208 28.53801 -0.36074 -0.19610 -0.91182 eb
317.76240 81.63238 -0.05044 0.84053 0.53941 eb
318.87438 29.35532 0.10709 0.65025 -0.75214 eb
318.92832 47.20064 0.54691 0.70898 0.44524 eb
319.10912 52.85910 0.83996 -0.52332 0.14350 eb
319.11911 47.43409 0.77484 0.61830 0.13165 eb
319.28114 37.41879 -0.01915 -0.65436 -0.75594 eb
319.64427 21.65146 0.54686 -0.34120 0.76454 eb
319.95554 40.98588 0.09845 0.86451 -0.49288 eb
321.10601 40.48006 -0.51242 -0.53200 0.67409 eb
321.67010 48.03964 0.37752 -0.91676 -0.13051 eb
322.03535 57.82791 -0.72858 -0.06793 -0.68158 eb
322.88834 31.35669 -0.29533 0.55542 -0.77736 eb
323.37956 36.74046 0.40733 0.20708 -0.88950 eb
323.67153 59.67674 0.58318 0.10102 -0.80604 eb
323.80620 42.05266 0.50164 -0.57359 0.64757 eb
323.99572 26.28668 -0.14971 0.97823 -0.14373 eb
324.17494 81.37031 0.66052 -0.54865 -0.51254 eb
324.30535 46.67290 -0.25326 -0.66560 0.70202 eb
326.49403 47.77047 -0.53227 0.02203 -0.84629 eb
327.17715 41.52899 -0.33499 0.84161 -0.42366 eb
328.05950 39.22851 -0.60986 0.79172 0.03537 eb
328.07229 36.26386 -0.33647 0.81118 -0.47831 eb
329.30846 70.31311 0.39901 0.59823 -0.69492 eb
329.60045 14.31182 -0.77576 0.29368 -0.55853 eb
330.11791 62.81148 0.30329 0.48642 -0.81940 eb
330.67222 76.56512 -0.97594 0.11510 0.18518 eb
331.26500 43.67155 -0.34091 0.83695 -0.42812 eb
331.26555 21.76602 -0.96089 0.02387 0.27591 eb
332.50411 73.32784 0.93765 -0.08641 -0.33668 eb
332.57367 47.08806 0.70511 -0.00937 0.70904 eb
332.64350 47.52127 0.59044 0.34261 -0.73075 eb
333.02851 19.37473 0.68388 -0.20345 0.70066 eb
333.03054 50.19706 0.52650 -0.19367 -0.82782 eb
334.59051 45.32434 -0.50227 -0.07927 -0.86107 eb
335.16142 49.50745 -0.90275 -0.02725 0.42931 eb
336.99982 33.67682 -0.85957 0.23841 -0.45199 eb
337.05105 45.24920 0.16277 0.19833 -0.96653 eb
337.35142 21.09493 -0.53945 -0.71989 -0.43676 eb
338.62183 26.10674 -0.69934 0.71041 0.07899 eb
338.68263 63.29123 0.41624 0.78828 -0.45316 eb
339.29507 52.66341 0.97877 0.10684 -0.17488 eb
339.61013 37.39119 0.90723 -0.38290 -0.17411 eb
340.06851 48.25366 -0.07140 0.09876 -0.99255 eb
340.66159 87.51691 0.77501 0.06751 -0.62833 eb
341.03120 36.58802 -0.09522 -0.65109 -0.75300 eb
343.08240 42.32365 -0.90246 0.31781 -0.29081 eb
343.50008 34.83912 -0.46186 -0.29472 -0.83655 eb
343.80193 65.42758 0.93289 -0.11698 -0.34065 eb
343.95638 49.09213 -0.77712 -0.59425 0.20723 eb
344.32123 46.32551 -0.93077 0.35567 -0.08460 eb
345.05345 11.63373 0.82312 0.39729 -0.40575 eb
345.36091 41.42124 0.04747 -0.30162 -0.95225 eb
346.65542 31.19448 0.69881 0.16287 -0.69652 eb
347.39719 55.04869 0.02869 0.99850 -0.04669 eb
347.68529 37.05428 -0.44492 0.87935 0.16970 eb
347.80938 42.20556 0.62557 -0.06657 0.77732 eb
348.79130 76.99737 0.23290 -0.84327 0.48442 eb
349.06932 60.09735 -0.72856 -0.23470 -0.64352 eb
349.43083 51.37706 -0.81584 0.43545 0.38051 eb
349.78707 29.59208 0.96408 0.26216 -0.04261 eb
351.22857 35.65157 -0.32834 0.78392 -0.52693 eb
351.45338 51.12532 -0.00533 0.91743 -0.39786 eb
352.55009 22.79278 -0.45806 -0.80863 0.36919 eb
353.44550 51.89516 -0.00307 0.29188 -0.95645 eb
353.55941 82.81875 0.12838 0.55455 -0.82218 eb
353.59026 48.72970 -0.93374 -0.27898 -0.22427 eb
354.20482 46.05607 0.33401 0.94154 -0.04394 eb
354.60106 27.03405 0.85151 -0.52386 0.02210 eb
355.07882 37.81547 0.33565 0.74166 -0.58075 eb
355.51605 51.29001 0.51166 -0.76491 -0.39130 eb
355.53998 30.16329 0.71758 -0.61456 0.32772 eb
357.37692 29.10767 -0.73411 -0.31638 -0.60082 eb
357.77740 10.65318 0.44717 0.03389 0.89381 eb
358.15255 43.52861 -0.53558 0.76570 -0.35617 eb
358.51135 48.67517 0.00333 -0.06275 -0.99802 eb
358.87887 53.96665 -0.96607 -0.19112 0.17374 eb
359.11988 66.57401 0.20491 0.61402 -0.76223 eb
359.44341 25.17523 0.82205 -0.48758 0.29411 eb
359.59742 36.98725 0.73593 -0.16809 -0.65586 eb
359.70934 20.03321 -0.28931 -0.09061 -0.95294 eb
359.73021 39.53348 -0.37604 -0.90584 -0.19506 eb
359.77967 8.22234 0.02929 -0.83278 0.55283 eb
359.90571 77.60437 0.08966 0.99210 -0.08779 eb
359.94265 83.94905 -0.67410 -0.71518 -0.18471 eb
360.16096 38.25427 -0.01889 -0.59608 -0.80270 eb
360.54909 54.24297 -0.46803 -0.81623 0.33870 eb
360.66594 50.56757 0.50994 -0.84858 -0.14099 eb
364.83036 68.81345 -0.64079 0.63783 -0.42728 eb
366.46885 15.34968 -0.17966 0.98016 -0.08375 eb
366.53707 26.21376 -0.19840 -0.55107 -0.81053 eb
368.23280 31.79597 -0.87984 0.16190 0.44684 eb
368.40488 65.00917 0.06339 -0.69024 -0.72080 eb
370.49778 24.06236 0.08928 -0.97408 -0.20785 eb
371.67428 29.85720 -0.58540 0.61631 -0.52675 eb
371.84599 44.56571 -0.56153 -0.77672 -0.28529 eb
372.34784 27.15553 -0.27611 0.63124 -0.72478 eb
373.82624 34.54034 0.97334 -0.06900 -0.21874 eb
374.83695 19.87317 0.44387 -0.16409 -0.88094 eb
375.07424 41.27346 -0.86399 -0.15988 0.47745 eb
376.93465 41.05037 0.23410 -0.59351 -0.77002 eb
377.13624 20.42257 -0.95583 0.16443 0.24361 eb
377.87088 52.32870 0.47111 -0.87683 -0.09606 eb
378.13799 35.57192 0.42151 -0.58764 -0.69066 eb
378.20105 24.92877 -0.35834 -0.88817 -0.28764 eb
381.15386 69.60806 0.45130 0.57127 -0.68555 eb
386.06160 22.81611 0.92708 0.36533 -0.08402 eb
386.22438 63.29440 -0.49098 -0.72140 -0.48838 eb
387.09884 74.78802 0.26363 0.90746 -0.32713 eb
391.51013 28.18694 -0.72526 0.68822 -0.01882 eb
397.03546 37.88600 0.65659 -0.68828 0.30848 eb
397.31688 15.88990 0.02713 0.36193 0.93181 eb
397.49143 45.14496 -0.18788 -0.67001 -0.71819 eb
399.90799 61.10443 0.63357 0.66477 -0.39581 eb
401.39179 70.05091 0.23027 0.97313 -0.00121 eb
403.14928 25.61275 -0.54349 -0.51867 0.66000 eb
408.42255 20.77392 -0.92945 0.26983 0.25164 eb
412.13314 11.01358 0.27784 0.18647 -0.94236 eb
414.52860 33.98042 -0.94998 0.01520 -0.31194 eb
414.88560 32.11153 -0.93375 -0.03451 0.35626 eb
415.25916 52.25340 0.53255 0.24175 -0.81114 eb
416.27299 35.18443 0.86083 -0.30209 -0.40953 eb
418.83227 33.02430 0.02880 0.01118 -0.99952 eb
424.32714 47.62881 0.60563 0.75710 -0.24499 eb
426.57518 29.93666 0.70278 -0.61505 -0.35752 eb
427.64208 32.14327 0.06639 0.08547 -0.99413 eb
437.23108 27.48430 -0.82456 -0.42548 0.37293 eb
450.15747 58.09751 0.55755 -0.77240 0.30420 eb
525.52566 19.23242 -0.82434 -0.38432 -0.41566 eb
534.69781 12.12356 -0.74200 0.24300 0.62481 eb
593.11895 37.17653 -0.41757 0.48652 -0.76742 eb
597.41315 15.73835 0.10849 0.97795 0.17842 eb
606.26337 22.04256 -0.44374 -0.50205 -0.74232 eb
627.91237 39.05128 -0.77309 -0.63026 0.07147 eb
638.50332 18.46712 0.04037 -0.77642 0.62892 eb
861.97777 18.78722 0.94807 -0.29689 0.11412 eb
888.78512 20.42107 0.09522 -0.54979 -0.82986 eb
907.17655 15.02649 -0.86458 0.50250 -0.00170 eb
910.61185 24.84773 -0.26898 -0.21566 0.93869 eb
911.54663 27.67447 0.51456 -0.51643 -0.68449 eb
939.10682 9.81753 0.35788 -0.52776 -0.77032 eb
948.00299 45.56629 0.89137 0.39872 -0.21561 eb
958.48328 7.07799 -0.39658 0.85333 0.33846 eb
1163.86056 30.42085 0.00979 0.79962 -0.60043 eb
1229.51088 23.03842 -0.75816 -0.56100 -0.33237 eb
1243.69832 13.51962 0.98596 0.11472 0.12130 eb
1251.14291 26.40301 0.25843 -0.94745 0.18853 eb
1258.96971 22.47528 -0.41657 0.57968 -0.70031 eb
1259.52938 10.16652 0.32108 0.91271 -0.25273 eb
1278.36502 8.03727 -0.98362 0.12329 0.13151 eb
1295.81676 24.47324 0.70207 -0.56397 -0.43478 eb
1311.29389 19.35870 -0.42549 -0.36118 -0.82976 eb
1392.02772 29.74649 0.66820 0.53036 -0.52174 eb
1413.72777 11.04529 0.21626 -0.60411 -0.76699 eb
1446.93317 13.93175 0.72446 0.66543 -0.17988 eb
1503.69847 11.36943 -0.50317 -0.23006 -0.83300 eb
1906.34967 26.47748 0.68896 0.48727 0.53656 eb
2112.86583 16.29424 -0.89753 0.39312 -0.19972 eb
2298.29001 23.82671 -0.70615 0.35771 -0.61107 eb
2332.41693 23.46732 0.41520 0.80883 -0.41642 eb
2602.11779 16.26811 -0.55137 -0.30802 -0.77532 eb
2615.28849 25.88088 0.81523 -0.54440 0.19759 eb
2673.47281 17.51035 0.42711 -0.90210 -0.06151 eb
2897.34206 9.49536 -0.05171 -0.99384 -0.09799 eb
2936.30125 19.39525 -0.40946 -0.75853 -0.50693 eb
2955.48001 18.48562 -0.64089 0.68110 -0.35407 eb
3009.27251 12.28337 0.19522 -0.89275 -0.40606 eb
3015.89000 33.14232 -0.09191 0.73484 -0.67199 eb
3118.23285 15.69449 0.06784 0.86805 0.49182 eb
3726.17240 16.74527 -0.98274 -0.17506 -0.05983 eb
3851.27792 23.12108 -0.43720 -0.32927 -0.83692 eb
3926.63463 15.53418 0.15515 -0.98728 0.03474 eb
3957.70221 30.81036 -0.36708 0.72566 -0.58195 eb
4298.18764 22.15637 -0.45389 0.86988 -0.19310 eb
4560.66060 18.78262 -0.36197 -0.41033 -0.83703 eb
4707.08767 19.61981 0.03134 0.74676 -0.66436 eb
5310.92711 12.30754 -0.56532 0.10077 -0.81869 eb
6264.31147 36.11453 0.34235 0.09170 -0.93509 eb
6516.71796 22.21962 0.67031 0.24573 -0.70022 eb
7386.52733 17.02560 0.52847 0.68019 -0.50800 eb
7439.07799 15.48914 -0.75382 -0.65625 0.03308 eb
7522.01023 32.09287 -0.45165 0.89123 0.04155 eb
7641.61278 21.39934 -0.44519 0.19731 0.87343 eb
7687.49082 40.46260 0.49740 -0.44205 -0.74645 eb
7833.53862 25.43966 -0.03907 -0.98677 0.15736 eb
9186.74746 9.43126 -0.35403 0.81399 -0.46052 eb
9429.94401 80.05378 0.10017 0.03170 -0.99447 eb
9769.04572 13.85144 -0.72389 0.50662 -0.46831 eb
9887.13498 13.34682 0.94548 -0.17158 -0.27682 eb
10836.80921 12.01097 -0.41959 -0.40476 -0.81247 eb
11049.05412 17.73857 0.15589 -0.25739 -0.95365 eb
13074.23611 18.02068 -0.67138 0.59812 0.43761 eb
14551.24609 18.98045 0.69155 0.61849 0.37314 eb
16761.77077 13.37744 0.06165 -0.77050 0.63446 eb
17952.89269 11.22019 -0.92958 0.26215 0.25914 eb
