20.46718 54.89532 -0.27700 -0.33108 -0.90203 eb
21.73150 77.82604 -0.90558 -0.03587 -0.42266 eb
22.36557 47.48835 -0.84727 -0.13797 0.51294 eb
23.71255 77.98642 -0.06474 0.89653 0.43823 eb
25.43764 30.74524 0.92186 0.27461 -0.27343 eb
26.30416 71.36990 0.54554 0.62443 -0.55899 eb
26.41238 70.43394 -0.15174 -0.95390 -0.25893 eb
26.63188 82.91967 -0.59039 0.29928 -0.74958 eb
27.12465 86.46027 0.39127 0.15647 -0.90687 eb
28.14090 59.76465 -0.49713 0.72269 -0.48019 eb
28.93244 54.63667 -0.74965 0.41370 -0.51660 eb
29.05133 85.85312 -0.99756 -0.01363 -0.06843 eb
29.28690 80.96696 -0.77851 -0.61307 0.13437 eb
29.62716 67.00927 -0.67348 -0.24079 -0.69889 eb
30.29552 22.09811 0.75746 -0.47510 0.44781 eb
31.09705 85.44842 -0.09459 -0.42989 -0.89791 eb
32.11607 55.21978 0.67171 -0.71875 -0.17946 eb
32.74795 63.97091 -0.57677 0.51528 -0.63389 eb
32.86718 24.01042 0.65522 0.51083 -0.55654 eb
32.98936 83.90639 -0.95508 -0.20545 -0.21357 eb
33.30453 30.62366 -0.15547 0.74373 -0.65015 eb
34.59629 86.80305 0.56119 0.26209 -0.78510 eb
34.75131 51.92138 0.24829 0.89502 -0.37054 eb
34.76191 65.90865 0.53606 0.51175 0.67138 eb
34.79690 45.72475 0.23948 0.81161 0.53287 eb
34.86406 66.74400 -0.39552 -0.87506 -0.27899 eb
35.11934 80.47598 0.68591 -0.63470 0.35593 eb
35.34855 33.88570 0.83116 -0.50795 -0.22617 eb
35.37883 43.33398 0.90738 0.32127 -0.27101 eb
35.80169 40.54031 0.40800 0.34783 -0.84412 eb
35.98459 41.63749 -0.89240 -0.35407 0.27974 eb
37.25535 42.98696 0.00866 -0.85634 -0.51634 eb
37.67371 29.89962 -0.75503 0.22425 -0.61615 eb
38.14562 14.83041 0.87771 0.29552 -0.37722 eb
38.25206 69.33667 -0.89850 -0.16427 -0.40708 eb
38.35648 51.95095 -0.23519 -0.96796 -0.08799 eb
39.13416 83.96532 0.60854 0.78365 -0.12477 eb
39.62802 87.10958 -0.34542 -0.87860 -0.32976 eb
39.74803 76.52500 -0.52457 -0.56433 -0.63746 eb
40.14563 31.28546 0.27255 -0.73417 0.62187 eb
40.40795 32.19077 0.30229 0.77045 0.56127 eb
40.52750 86.08608 0.06791 0.05812 -0.99600 eb
41.01904 39.79497 -0.86534 0.40792 -0.29119 eb
41.31615 20.21147 0.85662 0.47646 0.19797 eb
41.93495 86.61791 0.76888 -0.43064 0.47262 eb
42.01740 39.74849 -0.73909 0.59990 0.30639 eb
42.45013 28.24165 -0.69020 0.32744 -0.64529 eb
43.77782 19.34323 0.22986 0.36859 -0.90073 eb
43.92113 54.26133 0.66812 0.74299 -0.03979 eb
44.45459 28.95415 -0.39797 -0.78721 0.47108 eb
44.46266 42.66962 0.59599 -0.44270 -0.66993 eb
45.55816 64.93077 0.32403 -0.94101 -0.09744 eb
45.64595 46.26732 -0.35531 0.32275 -0.87726 eb
45.83741 43.70830 0.85905 0.37442 0.34906 eb
46.61835 60.48024 -0.93581 -0.35175 -0.02328 eb
46.61889 19.54980 0.35170 0.81981 -0.45191 eb
47.15630 41.01473 -0.81262 0.38123 0.44082 eb
48.83542 30.45040 0.49152 -0.83123 0.25973 eb
50.43571 78.09513 0.13977 0.07614 -0.98725 eb
50.88201 40.90584 -0.12156 0.94974 0.28846 eb
51.07040 17.64852 0.25066 0.15570 0.95547 eb
51.34659 34.48266 0.63622 0.07092 -0.76824 eb
51.60042 42.53585 -0.94375 0.20444 0.25990 eb
53.31477 70.73067 -0.96263 0.11012 -0.24744 eb
54.35336 22.37542 0.13125 -0.83399 0.53594 eb
55.49258 67.52626 -0.75045 0.43528 -0.49736 eb
56.17812 66.56575 0.69806 -0.63550 0.32994 eb
56.65119 48.00086 -0.94389 0.10913 0.31170 eb
56.88061 85.40822 -0.65678 -0.24538 -0.71304 eb
57.35119 52.17250 -0.25407 0.94523 -0.20491 eb
57.79131 84.70826 -0.50927 -0.69339 -0.50975 eb
59.24379 85.20490 0.07412 -0.93149 -0.35614 eb
61.01390 26.77823 0.00628 0.99916 0.04038 eb
61.81258 67.26087 -0.34399 0.87599 -0.33810 eb
62.15535 33.02481 -0.22062 -0.91971 0.32473 eb
63.18120 61.41765 -0.01237 0.20386 -0.97892 eb
63.43505 22.36887 0.81839 -0.56334 -0.11354 eb
64.21658 17.37920 0.87880 -0.11103 -0.46410 eb
64.45224 54.07261 0.98681 -0.04832 0.15453 eb
64.50530 13.35034 0.56844 -0.82272 -0.00306 eb
64.73440 16.33022 -0.41495 0.72445 -0.55044 eb
65.49375 55.15026 0.93195 0.33305 0.14330 eb
65.89674 64.72732 -0.27194 0.95203 -0.14032 eb
66.65982 73.08136 -0.90495 0.14539 -0.39990 eb
67.99226 49.27633 0.64638 -0.60162 0.46930 eb
68.75658 82.29814 -0.07351 -0.99610 -0.04873 eb
68.83426 19.30813 -0.59423 0.79267 -0.13624 eb
69.34044 31.77042 0.37562 -0.90825 0.18439 eb
69.34092 35.16191 0.52890 -0.65763 0.53646 eb
69.58002 19.98644 -0.39299 0.45379 -0.79977 eb
69.87122 14.06390 -0.83296 0.45150 -0.31988 eb
70.39380 39.77393 -0.47036 0.52866 -0.70660 eb
71.92491 76.30408 0.40329 -0.54783 -0.73297 eb
71.93570 75.69199 -0.45962 0.88602 -0.06099 eb
72.89247 76.22873 -0.67108 -0.72519 0.15413 eb
73.25115 14.24612 0.20915 0.91687 -0.34001 eb
73.78026 37.15197 -0.82553 0.02611 -0.56375 eb
74.49312 38.64973 -0.15837 0.80771 -0.56791 eb
74.67309 83.31169 -0.25515 0.96688 -0.00637 eb
74.94962 33.43474 0.62796 0.75595 0.18497 eb
74.95864 81.08361 -0.39571 -0.27331 -0.87676 eb
75.12397 35.40001 0.14998 0.88608 -0.43859 eb
76.76886 11.84257 0.47449 -0.37122 -0.79816 eb
78.67647 24.48522 -0.52548 -0.59392 0.60921 eb
79.47360 58.45380 -0.08500 -0.45305 -0.88743 eb
80.73354 18.72874 -0.65765 0.53707 0.52825 eb
81.16442 53.07281 0.74608 0.44620 -0.49424 eb
81.58025 19.48132 -0.17751 0.73031 -0.65965 eb
82.73505 43.67196 -0.05292 -0.80049 0.59701 eb
84.09650 49.08784 -0.64291 0.74721 0.16833 eb
84.30359 76.94360 -0.07330 0.15872 -0.98460 eb
85.02710 21.11241 -0.70460 0.45752 -0.54241 eb
85.06715 28.80149 0.95064 -0.27942 -0.13495 eb
86.12851 85.28142 0.48315 -0.87548 -0.00981 eb
86.36686 40.05311 -0.58197 0.07609 0.80964 eb
87.31384 81.01978 -0.64794 -0.27937 0.70861 eb
87.76189 22.53222 0.04102 -0.92861 -0.36879 eb
87.80296 13.25288 0.34514 -0.50857 -0.78882 eb
87.90771 21.32069 0.00405 0.49891 -0.86664 eb
88.31405 72.01898 0.02397 -0.73048 -0.68251 eb
88.46618 45.81392 0.84989 0.50128 -0.16250 eb
89.91017 61.86833 -0.48801 0.87263 -0.01882 eb
90.52321 70.55335 0.53236 0.60838 -0.58861 eb
90.52801 36.85662 -0.87384 -0.30585 0.37797 eb
91.22332 20.54052 0.24575 0.45977 0.85336 eb
92.26814 58.42264 -0.00265 -0.49084 -0.87124 eb
92.29916 77.48085 -0.55325 -0.05397 -0.83126 eb
92.53835 59.29207 -0.95401 0.28309 0.09861 eb
92.90999 11.75330 -0.84977 0.51395 0.11727 eb
95.14718 40.96636 0.57321 -0.23338 -0.78547 eb
95.72997 55.21979 -0.96684 -0.13541 -0.21652 eb
95.98041 82.43069 0.22986 0.92228 -0.31074 eb
96.88615 36.13600 0.78702 -0.59503 0.16291 eb
97.06309 24.88856 0.96232 0.22497 0.15272 eb
100.91270 18.90502 -0.57477 0.08146 -0.81425 eb
101.06270 40.33221 -0.42130 -0.17951 -0.88898 eb
101.45657 32.59807 -0.45027 -0.89270 0.01855 eb
102.07047 49.19487 -0.15836 0.20318 -0.96625 eb
102.13680 83.17597 -0.49058 -0.83492 -0.24949 eb
102.38761 72.78721 -0.49987 -0.25693 -0.82711 eb
103.47477 54.41491 -0.65716 0.22706 -0.71874 eb
103.50218 10.27483 -0.01467 0.17569 -0.98434 eb
104.37787 87.75291 0.55339 0.54419 -0.63056 eb
104.51778 25.18427 -0.29228 0.34548 0.89175 eb
105.14819 18.94985 0.30303 -0.62540 -0.71906 eb
105.34541 17.77316 -0.50296 0.57429 0.64593 eb
106.06535 76.46841 0.16128 0.39076 -0.90625 eb
106.28959 46.90162 -0.24985 0.93700 -0.24415 eb
106.68853 56.03973 -0.96548 0.22997 -0.12230 eb
107.50800 34.15457 0.45355 0.70410 -0.54638 eb
107.79161 62.31257 0.13595 -0.98425 0.11299 eb
107.90465 11.08442 -0.44537 -0.89155 -0.08244 eb
108.61562 43.34276 0.03313 0.94359 -0.32944 eb
109.32078 33.33080 0.21781 -0.58546 0.78089 eb
109.57220 44.71629 0.56098 -0.82687 -0.03991 eb
111.01483 17.21454 0.76927 0.30819 -0.55968 eb
111.24543 29.77343 -0.96258 -0.11922 0.24338 eb
111.44117 31.83245 0.42168 -0.55354 -0.71818 eb
111.55479 80.41816 -0.18631 0.92306 -0.33652 eb
112.47609 23.20502 -0.08206 -0.32605 -0.94178 eb
113.21127 35.55546 -0.63660 -0.46284 -0.61687 eb
113.51982 28.47227 -0.65611 0.21461 -0.72351 eb
114.59460 10.51656 0.43198 0.43862 -0.78803 eb
115.15068 81.82674 0.74028 -0.62851 -0.23868 eb
115.23194 76.67952 0.88527 -0.31687 -0.34042 eb
115.81118 19.79599 -0.42286 -0.65327 0.62803 eb
116.00218 82.14913 0.23199 0.29417 -0.92717 eb
116.71827 25.86667 0.75383 -0.62945 -0.18848 eb
117.08251 20.71156 -0.96964 -0.22366 0.09890 eb
118.66370 22.98529 -0.03616 -0.95467 -0.29546 eb
118.67716 31.92699 0.25950 0.95036 -0.17171 eb
121.11817 40.13611 -0.49233 -0.81348 0.30963 eb
121.45749 31.07828 0.09509 0.78234 -0.61555 eb
121.88077 51.78779 -0.19186 -0.80055 0.56773 eb
121.92456 34.64214 0.28853 0.68929 0.66455 eb
122.44556 14.36903 -0.71023 0.22811 -0.66599 eb
123.59608 28.93421 -0.54212 -0.83911 0.04476 eb
123.77115 61.10570 -0.76427 -0.38937 0.51408 eb
125.51619 77.22961 0.77221 -0.36088 -0.52293 eb
126.07395 42.64096 -0.65439 0.01858 0.75592 eb
126.17170 38.75282 0.65497 -0.03216 -0.75497 eb
126.33178 15.14982 0.66126 -0.57784 0.47836 eb
126.98596 39.54752 -0.45490 -0.80556 -0.37965 eb
127.41429 21.72944 -0.06156 0.27036 0.96079 eb
127.55205 29.15822 -0.30889 0.24647 0.91861 eb
127.76604 28.08459 -0.49754 -0.52877 0.68765 eb
129.18725 29.60800 -0.08550 0.38801 -0.91768 eb
129.25092 13.89511 -0.92697 -0.15534 0.34146 eb
129.86764 39.46095 -0.02129 0.99780 -0.06282 eb
129.96288 44.15631 -0.28032 0.76668 -0.57760 eb
130.54358 41.15713 0.80923 0.13782 0.57109 eb
130.92981 45.62133 -0.10149 0.44067 -0.89192 eb
131.79165 24.49100 -0.92577 0.14318 -0.34993 eb
132.20797 38.34733 -0.47535 -0.59900 -0.64439 eb
132.33418 82.85185 0.25235 0.95900 0.12896 eb
134.96811 51.16381 -0.01969 -0.86424 -0.50269 eb
135.65534 85.99071 0.40345 -0.75933 -0.51053 eb
136.42933 52.60369 0.19476 -0.13046 -0.97214 eb
138.07404 47.91706 0.74864 0.08992 0.65685 eb
138.97033 19.67114 0.37769 -0.05081 -0.92454 eb
139.57439 52.08014 -0.56254 0.29442 -0.77257 eb
140.05951 43.35671 -0.43287 -0.68492 -0.58609 eb
140.57238 22.24329 -0.26322 0.06318 -0.96267 eb
141.08371 28.14229 0.10239 -0.84611 -0.52307 eb
141.50355 32.98537 -0.62121 -0.66328 -0.41732 eb
142.10070 34.15203 0.88617 0.45299 -0.09750 eb
142.41952 32.71476 -0.92806 -0.34877 0.13067 eb
142.43188 45.59469 0.73259 0.37350 0.56904 eb
142.64616 70.92140 -0.83878 0.51039 -0.18961 eb
142.75687 30.50333 -0.92479 -0.21835 0.31159 eb
143.28320 53.47537 -0.51534 0.20236 -0.83275 eb
144.24871 24.31599 -0.83458 0.33183 -0.43973 eb
144.84535 30.09024 -0.36779 -0.00941 -0.92986 eb
144.91939 44.08005 0.86511 -0.00844 0.50151 eb
145.01509 70.76801 0.52723 -0.84930 -0.02679 eb
145.65517 32.01207 0.35767 0.19838 -0.91253 eb
145.93733 61.21965 -0.86016 -0.45125 -0.23770 eb
145.94505 29.16932 0.62344 0.77916 0.06505 eb
146.48439 36.01456 0.65082 0.75921 -0.00684 eb
147.23762 22.74425 0.95435 0.28465 0.09052 eb
147.44088 22.31006 -0.06826 0.97150 -0.22701 eb
150.09640 72.66128 -0.06934 -0.38826 -0.91894 eb
150.57198 24.35168 0.10500 0.82525 -0.55493 eb
150.89005 20.55876 -0.17307 0.40840 0.89624 eb
150.90429 58.81553 -0.78141 -0.49935 -0.37424 eb
151.89271 52.34915 -0.32940 0.36812 -0.86947 eb
153.11015 41.53031 0.52019 -0.20990 -0.82786 eb
153.53436 37.39272 0.38201 0.54447 0.74674 eb
154.49344 81.34713 -0.58088 -0.58236 0.56871 eb
154.64436 68.43640 0.53221 -0.39816 -0.74715 eb
155.80794 26.81303 0.78600 -0.30733 -0.53642 eb
156.15440 46.46406 -0.83898 -0.01680 -0.54391 eb
156.46867 62.60220 0.77464 -0.62608 0.08923 eb
156.54460 53.47012 -0.07285 -0.18044 -0.98088 eb
156.60938 69.48848 0.79399 0.33797 -0.50532 eb
157.60588 74.29664 -0.83898 0.07386 -0.53912 eb
158.31234 54.20504 -0.76460 -0.63781 0.09266 eb
158.33199 65.06503 -0.41143 0.33784 0.84652 eb
159.19914 48.16018 -0.20696 -0.08280 -0.97484 eb
159.36630 18.91939 -0.95266 -0.12578 -0.27679 eb
161.99379 38.47472 0.95940 0.28205 -0.00144 eb
162.22146 46.92702 0.31047 0.32895 -0.89185 eb
162.48787 71.52455 0.64999 -0.75804 -0.05375 eb
162.52674 61.63871 -0.06725 -0.80069 -0.59529 eb
162.64793 52.33671 -0.78012 -0.38545 -0.49279 eb
162.95668 11.65508 -0.16604 0.83239 -0.52874 eb
163.82366 72.60501 -0.77067 0.50528 -0.38827 eb
164.44268 14.17209 -0.63803 -0.51733 -0.57033 eb
164.55825 32.60380 -0.67489 0.10099 0.73097 eb
166.49194 23.91599 0.62296 -0.57533 -0.53002 eb
166.66612 79.85722 0.14184 -0.92756 -0.34572 eb
168.29196 32.54417 -0.40023 -0.54048 -0.74007 eb
169.01855 54.92940 -0.05533 -0.87202 -0.48632 eb
169.42597 51.24434 -0.18747 -0.95192 0.24229 eb
169.50270 40.26111 -0.81311 -0.51104 -0.27872 eb
169.54421 18.78186 0.52077 -0.40026 -0.75405 eb
170.25209 82.59822 0.82152 0.39704 -0.40923 eb
170.97733 33.99032 -0.79870 0.59678 -0.07710 eb
171.24536 11.83854 0.45097 0.23486 -0.86109 eb
171.47776 51.67377 0.92146 -0.24822 0.29882 eb
172.26600 22.11167 -0.67290 0.30689 0.67307 eb
173.35270 46.97893 -0.96400 -0.11390 -0.24029 eb
173.83542 50.54161 -0.28079 0.01322 -0.95968 eb
173.86600 46.90499 -0.51635 0.83896 -0.17186 eb
176.21700 69.35739 0.13212 -0.17535 0.97560 eb
177.22106 40.26679 0.78830 0.01757 -0.61504 eb
177.94112 29.31081 -0.16886 -0.39601 0.90259 eb
179.90246 38.95815 0.81336 -0.05346 -0.57929 eb
180.69755 66.30086 -0.85284 0.17081 -0.49344 eb
181.13640 77.08666 -0.71991 -0.68919 0.08209 eb
181.55918 66.50388 -0.29899 -0.10219 -0.94877 eb
182.06981 37.90970 0.06174 -0.99274 0.10324 eb
182.09852 66.43970 0.62804 -0.61407 -0.47800 eb
182.18839 44.58588 -0.81103 -0.47402 -0.34283 eb
182.60560 62.24389 0.77789 0.07816 -0.62353 eb
183.64921 39.48530 -0.19045 0.90565 -0.37885 eb
183.77202 36.68303 0.56532 -0.81954 0.09368 eb
184.05463 67.95150 -0.33954 -0.93294 -0.11976 eb
184.55615 23.24428 0.33937 0.92451 0.17353 eb
184.61240 43.44259 -0.20013 0.14878 0.96841 eb
184.65948 62.31068 0.71140 -0.66800 -0.21835 eb
184.74526 48.42054 -0.77113 -0.54343 -0.33171 eb
186.00635 65.74986 -0.58452 0.04133 -0.81033 eb
186.36748 53.93623 -0.52785 0.58592 0.61487 eb
187.42751 32.08110 0.17725 0.98032 0.08694 eb
187.75898 28.69814 0.92995 -0.22269 -0.29257 eb
187.96084 39.29333 0.64304 0.43713 -0.62882 eb
188.23202 42.01443 -0.76020 -0.37868 -0.52792 eb
188.48323 62.15963 -0.12410 0.96472 -0.23219 eb
189.35338 35.47095 0.11042 0.01904 -0.99370 eb
189.36322 11.57678 -0.15895 -0.46013 0.87351 eb
189.80303 22.38999 0.52952 0.14312 -0.83613 eb
190.37050 27.78828 -0.15625 -0.93461 0.31953 eb
190.37317 76.72232 0.59215 -0.78757 0.17059 eb
190.45537 74.57555 -0.26841 -0.60152 -0.75241 eb
191.02893 37.97337 0.63967 0.48604 -0.59547 eb
191.05036 64.09360 0.24130 0.97009 -0.02658 eb
191.10243 21.95761 -0.66633 -0.11061 -0.73741 eb
192.20783 53.78528 -0.34989 0.43540 -0.82946 eb
193.08158 11.83184 -0.15460 -0.28227 -0.94679 eb
193.21852 44.57601 0.54902 -0.01305 -0.83571 eb
194.37511 41.94852 0.60265 -0.17793 0.77792 eb
194.81329 33.85666 -0.18876 -0.70870 0.67979 eb
196.64609 41.74395 0.82260 0.52686 -0.21389 eb
197.97741 24.57836 -0.11735 0.77635 -0.61928 eb
197.97775 21.86242 0.22823 -0.36883 -0.90104 eb
198.33657 47.67036 -0.33286 0.54618 0.76870 eb
199.90515 82.58640 -0.56741 -0.60117 0.56271 eb
202.26549 57.52652 -0.46839 -0.80509 0.36392 eb
202.41949 85.23664 0.18126 0.20353 -0.96214 eb
202.91513 31.05587 0.39878 0.21285 -0.89201 eb
203.18713 49.31500 -0.38760 -0.42529 -0.81786 eb
204.62323 19.92017 -0.96573 0.06605 -0.25101 eb
204.83263 78.19996 -0.18512 0.58023 -0.79314 eb
205.26209 38.77048 -0.74045 -0.61007 0.28203 eb
206.56514 19.06687 -0.22943 0.07733 0.97025 eb
206.91845 49.51791 0.68205 0.37345 -0.62876 eb
207.02905 41.24668 0.93902 -0.01679 -0.34344 eb
208.23736 34.52102 0.15708 -0.03485 -0.98697 eb
208.33568 17.67226 -0.78258 -0.10889 0.61295 eb
210.26894 75.85051 -0.62569 -0.55251 0.55067 eb
211.54637 32.10977 0.69248 -0.71696 0.08025 eb
211.83005 64.28981 0.06958 0.91588 -0.39538 eb
212.01584 71.39448 0.91351 -0.29681 -0.27821 eb
212.96459 24.11023 0.72026 -0.67821 -0.14579 eb
213.01287 24.81701 -0.74066 -0.45647 0.49301 eb
213.07116 40.53484 -0.04215 0.91725 0.39607 eb
213.43378 33.72340 -0.02058 0.38131 0.92422 eb
214.72567 29.98375 0.27131 -0.91447 0.30023 eb
214.99025 38.90197 -0.16948 -0.50288 0.84758 eb
215.07606 13.42219 -0.34663 0.10703 -0.93188 eb
215.90378 21.82064 -0.22840 -0.94434 0.23677 eb
216.43784 35.71869 0.92986 -0.34936 0.11532 eb
216.91108 41.97488 -0.56087 0.45362 -0.69257 eb
217.39297 14.81017 0.98682 -0.14931 0.06240 eb
218.36782 20.74866 0.44879 0.84594 0.28806 eb
218.43968 78.89774 0.73644 0.21921 -0.64000 eb
218.53589 25.09146 0.22296 0.90851 -0.35341 eb
220.38023 52.96730 0.34972 0.89215 -0.28593 eb
220.42210 71.59073 0.81380 0.07814 -0.57586 eb
220.46068 35.87155 -0.08973 0.43041 -0.89816 eb
220.51943 61.23663 0.61876 0.78532 -0.02047 eb
220.82309 49.21692 0.51262 -0.48039 0.71165 eb
221.89820 11.46198 0.53964 0.83877 -0.07245 eb
222.95658 21.95256 -0.43352 0.04588 -0.89998 eb
225.49774 27.81418 -0.05736 -0.08430 -0.99479 eb
225.58441 29.37524 -0.62212 -0.75934 0.19073 eb
225.76521 40.00275 0.63483 0.08350 -0.76813 eb
226.06548 9.40536 -0.46045 0.59787 0.65615 eb
227.03495 26.18337 -0.51248 0.35877 -0.78016 eb
227.12742 29.88569 0.43386 0.84747 0.30587 eb
227.34611 36.58140 -0.62454 0.05578 -0.77900 eb
227.66603 52.52350 0.39653 -0.48837 -0.77734 eb
228.09424 58.04274 -0.53009 0.59780 -0.60137 eb
229.95529 24.78994 0.00134 -0.60352 -0.79734 eb
230.07660 45.86010 0.93942 -0.03775 0.34068 eb
230.27575 52.60576 -0.11627 0.99320 -0.00642 eb
230.29615 25.63288 -0.32903 -0.94428 -0.00864 eb
230.34820 43.73489 -0.51018 -0.50626 -0.69528 eb
230.66305 51.93059 0.03913 -0.35755 -0.93307 eb
230.67049 51.83214 0.02614 0.84060 -0.54102 eb
231.31696 18.87546 -0.11572 -0.52764 0.84155 eb
231.79066 63.53237 0.12630 0.78771 -0.60296 eb
233.60161 27.88437 -0.83263 -0.55382 -0.00409 eb
233.78476 40.73955 0.86729 0.38110 0.32026 eb
234.00068 33.95578 -0.52947 -0.43353 -0.72918 eb
234.13710 39.95052 0.72050 0.39710 0.56850 eb
235.23527 28.13545 -0.25103 -0.95332 -0.16781 eb
236.00071 28.88366 -0.40643 0.90341 0.13666 eb
236.59703 40.61997 -0.73656 -0.58317 -0.34262 eb
236.89780 42.08055 0.63241 -0.75736 -0.16266 eb
238.96103 18.49660 0.86351 -0.45550 0.21649 eb
239.12645 72.52001 -0.81029 0.58357 -0.05360 eb
239.37471 24.21294 0.57608 0.76632 0.28441 eb
240.19841 72.46086 -0.66049 0.58592 0.46953 eb
240.80971 31.61423 0.69348 -0.68846 -0.21236 eb
241.14132 35.60064 0.95226 0.17952 -0.24692 eb
241.69222 57.81073 -0.78511 -0.57507 -0.22999 eb
242.28019 21.92556 0.29803 0.54765 0.78183 eb
242.62690 30.32301 0.06498 0.44522 -0.89306 eb
243.97655 49.70853 0.23347 0.96743 -0.09778 eb
245.39480 46.91919 0.81769 -0.37862 -0.43363 eb
245.39944 15.16710 0.93002 0.09658 0.35459 eb
245.83331 21.00315 -0.87090 -0.39645 0.29045 eb
245.95859 31.13493 -0.73286 -0.67643 -0.07322 eb
246.76371 18.30485 0.41491 0.35476 0.83785 eb
247.93021 38.19478 -0.86783 -0.49225 0.06748 eb
248.10464 32.68942 0.82550 0.56441 -0.00022 eb
248.25513 53.63829 0.54116 -0.49166 -0.68222 eb
248.65778 53.87364 -0.70296 -0.19187 -0.68486 eb
248.76499 20.95034 -0.88107 -0.46231 -0.09992 eb
248.92466 62.22595 -0.39127 -0.36643 -0.84418 eb
249.14204 18.58672 0.62155 0.13868 0.77100 eb
249.58552 21.88625 -0.34244 -0.10578 0.93357 eb
249.95500 42.48227 -0.17541 -0.64761 -0.74151 eb
250.43575 27.31839 -0.89085 0.41570 0.18324 eb
250.48323 47.33550 0.92626 0.37383 0.04787 eb
250.53051 26.09142 0.43913 -0.77322 -0.45749 eb
250.68215 75.79460 -0.75836 0.54095 0.36368 eb
250.96260 47.56875 -0.68049 -0.42840 -0.59448 eb
252.60446 18.09629 -0.41337 0.17813 -0.89297 eb
253.16255 40.68886 -0.00796 0.14453 -0.98947 eb
254.63432 80.34502 -0.34738 0.50677 -0.78899 eb
255.15444 77.39100 -0.09558 0.60684 -0.78906 eb
255.41296 86.38735 -0.58974 0.24336 -0.77006 eb
255.59499 13.20733 -0.47447 -0.68393 -0.55419 eb
255.91023 36.90215 0.46269 -0.77904 -0.42311 eb
256.21588 76.18420 0.66530 -0.05423 -0.74460 eb
256.58850 59.89841 0.82834 0.44152 -0.34483 eb
256.60788 48.18647 0.56379 0.79646 -0.21860 eb
257.09133 49.50905 0.73462 -0.31987 -0.59834 eb
257.41610 34.15481 0.63375 -0.74165 0.21979 eb
257.66500 76.97012 0.91337 0.40418 -0.04889 eb
258.33675 70.24108 0.69434 -0.49479 -0.52257 eb
258.43749 30.60108 0.60815 -0.77952 0.14999 eb
258.50297 38.06064 0.24910 0.36061 0.89884 eb
258.96973 82.36471 -0.66299 0.26571 -0.69989 eb
260.11635 38.05596 -0.84471 -0.51955 -0.12860 eb
260.13359 46.21185 0.07274 0.86599 -0.49475 eb
260.90077 30.48154 0.11570 -0.84072 -0.52896 eb
261.12402 31.04942 0.50337 0.00395 -0.86406 eb
262.31025 29.04257 0.69659 0.34714 -0.62790 eb
262.55862 77.96583 0.65272 0.10452 -0.75036 eb
262.87632 35.12491 -0.23758 -0.36878 -0.89864 eb
263.31192 44.12850 0.37897 0.67507 -0.63298 eb
263.63727 27.60672 0.79931 -0.54524 -0.25261 eb
263.79055 42.85555 -0.88896 0.45460 0.05563 eb
265.71459 78.53432 0.48345 -0.62323 -0.61470 eb
267.28987 61.20899 -0.74720 0.45429 -0.48509 eb
268.13563 48.87903 -0.30823 0.94653 -0.09529 eb
268.20352 83.54985 -0.29680 0.84637 -0.44224 eb
268.45922 28.88542 0.05601 0.99345 -0.09964 eb
269.53660 31.36571 -0.74606 -0.08232 -0.66077 eb
269.84602 43.35433 -0.85084 -0.41805 0.31828 eb
270.96029 35.38117 0.03300 -0.68847 0.72451 eb
271.03419 28.20235 -0.71265 0.47604 -0.51528 eb
271.85014 57.46079 0.52999 -0.53026 -0.66177 eb
271.95963 76.19414 0.69701 -0.71346 -0.07176 eb
272.28838 27.77218 -0.09852 -0.88260 -0.45968 eb
272.44843 16.05811 -0.57834 0.81256 0.07261 eb
272.50425 54.84828 -0.92080 0.10284 0.37622 eb
272.77751 39.20947 0.10517 -0.99352 0.04316 eb
273.92423 40.24283 -0.95141 -0.15657 0.26514 eb
274.83251 52.14236 0.66109 0.70370 0.26034 eb
275.59128 58.46597 0.21757 -0.77081 -0.59876 eb
276.49844 48.84497 0.24125 -0.44312 -0.86339 eb
277.22643 49.77590 -0.39070 -0.09608 -0.91549 eb
277.64592 19.56658 0.64864 0.43464 -0.62479 eb
278.71060 47.35602 0.87277 -0.27872 -0.40073 eb
279.48287 15.56958 -0.38840 0.63562 -0.66719 eb
279.88579 54.49766 0.00008 -0.99814 0.06090 eb
281.41011 39.84801 -0.98916 0.07903 0.12376 eb
283.03888 72.99510 0.75235 -0.57290 -0.32521 eb
283.34587 23.85813 -0.54495 -0.27869 -0.79080 eb
283.82488 33.40485 0.95629 -0.04054 0.28959 eb
283.87331 41.31719 -0.43044 -0.59411 -0.67952 eb
284.19797 38.34315 -0.68100 -0.73224 -0.00730 eb
284.32034 44.54924 -0.86697 -0.42007 0.26815 eb
284.54399 31.28279 0.43526 -0.61324 -0.65916 eb
286.15722 28.99688 0.27680 0.36831 -0.88754 eb
287.17250 34.24741 0.60714 -0.71880 -0.33867 eb
287.43189 48.07511 -0.02870 0.32073 -0.94674 eb
288.68619 25.55905 -0.77302 -0.08591 -0.62854 eb
288.70500 23.61769 0.87715 0.46070 -0.13550 eb
290.80254 22.65411 -0.70330 -0.70570 -0.08585 eb
292.73667 42.64544 -0.98280 0.09070 -0.16085 eb
293.23960 31.99869 0.65868 0.33017 -0.67611 eb
294.17893 21.42774 -0.68401 -0.67928 -0.26590 eb
295.82376 19.29314 0.75341 -0.54832 0.36292 eb
296.96784 34.64482 -0.17304 -0.50067 -0.84817 eb
298.45076 45.40857 -0.70763 0.70456 0.05345 eb
298.83664 29.44929 -0.24525 -0.50244 0.82910 eb
298.86878 43.59614 0.23458 -0.36591 -0.90060 eb
299.18923 43.41919 -0.77071 -0.21557 -0.59961 eb
299.26123 23.26734 0.90870 0.40419 0.10433 eb
299.69898 42.07542 0.27688 -0.68777 0.67105 eb
300.00741 55.05970 -0.83316 0.15039 0.53219 eb
300.07363 27.87119 -0.86487 0.16763 0.47317 eb
300.34871 74.66828 0.22476 -0.39517 -0.89069 eb
302.14712 64.39553 -0.17163 -0.79344 -0.58395 eb
304.96881 53.05639 -0.39702 -0.64355 -0.65439 eb
306.28447 24.65796 0.92707 -0.35472 -0.12131 eb
307.23215 31.05126 -0.21005 0.36566 -0.90674 eb
308.58355 47.81741 -0.03301 -0.64615 -0.76250 eb
308.66178 40.67842 0.57431 0.16107 -0.80263 eb
308.68375 18.98587 0.07028 -0.88894 0.45260 eb
308.89343 63.43447 -0.10439 0.96234 0.25100 eb
309.11085 55.07521 0.26591 -0.07659 -0.96095 eb
309.77596 25.11120 -0.56131 -0.19380 -0.80459 eb
309.94638 39.62926 0.56644 0.55705 -0.60732 eb
310.53227 17.05205 -0.98809 -0.14066 0.06239 eb
311.04765 22.81903 0.82127 -0.48651 0.29805 eb
311.21197 45.38561 -0.76535 0.01968 -0.64331 eb
312.19669 31.56409 0.94781 0.02482 0.31788 eb
312.75298 39.31921 -0.28846 0.93202 0.21941 eb
313.69704 35.98489 -0.02963 -0.03328 -0.99901 eb
314.36513 48.92937 0.51826 0.06418 0.85281 eb
314.82628 45.76829 0.19509 -0.97772 -0.07744 eb
317.21763 25.05072 -0.64182 -0.45014 -0.62084 eb
317.21952 54.08741 -0.54285 -0.01895 -0.83962 eb
317.23987 80.61839 -0.13462 0.97549 0.17404 eb
317.62372 27.24887 -0.09625 -0.56993 0.81603 eb
318.08357 35.81042 -0.73054 0.42109 0.53759 eb
318.27858 72.21506 0.10213 -0.07656 -0.99182 eb
318.51149 16.72349 -0.67763 -0.51503 -0.52494 eb
318.56624 56.63821 -0.23307 0.94436 0.23208 eb
319.48885 70.96901 -0.54402 0.65875 -0.51970 eb
321.18575 28.33346 0.85162 0.24463 -0.46356 eb
321.52221 49.27353 0.23520 -0.11485 -0.96514 eb
322.04404 39.82796 -0.99510 -0.07303 -0.06668 eb
322.42105 61.36847 0.20510 -0.59478 -0.77729 eb
322.62275 40.36020 0.03707 -0.83548 -0.54827 eb
323.09734 11.85814 -0.63647 -0.74048 -0.21586 eb
323.45041 25.92900 -0.28489 0.87753 0.38572 eb
324.95574 29.39801 0.14840 -0.75936 -0.63352 eb
325.20451 71.75930 -0.15415 -0.92805 -0.33906 eb
326.56900 78.64115 -0.15802 -0.74817 0.64441 eb
327.56556 24.60061 0.16794 0.16930 -0.97115 eb
328.67788 74.53108 0.09834 0.99515 0.00078 eb
329.05641 84.60691 -0.91537 -0.35806 -0.18409 eb
329.96617 33.73391 0.36045 -0.54052 -0.76021 eb
330.32364 13.13877 -0.19813 0.86130 0.46787 eb
330.41214 12.76762 -0.67861 0.49241 -0.54500 eb
330.71752 44.96042 -0.13948 0.85811 0.49417 eb
330.89514 45.65664 -0.29578 0.55433 -0.77796 eb
330.94939 56.26108 -0.33801 -0.41205 -0.84615 eb
331.08393 27.41102 0.23256 0.73778 -0.63372 eb
331.34357 40.79410 -0.42170 0.53538 -0.73180 eb
331.41873 68.10151 -0.78035 0.09540 -0.61803 eb
331.67149 46.53507 -0.87903 0.47645 0.01732 eb
332.74510 46.47837 0.10141 0.37964 -0.91956 eb
333.43322 45.49311 0.24242 0.67052 0.70117 eb
335.39179 39.50827 -0.83178 0.46200 -0.30772 eb
335.48093 61.75599 -0.75371 0.20510 -0.62438 eb
336.46907 30.28622 0.09467 0.15797 -0.98289 eb
336.70099 43.56519 0.44449 0.27972 -0.85099 eb
338.23339 74.24190 0.18910 0.51879 -0.83373 eb
338.40392 71.87303 -0.88404 -0.43217 0.17805 eb
338.82239 28.39695 0.43839 0.83943 -0.32120 eb
340.55549 77.39192 0.02746 0.14105 -0.98962 eb
340.66301 31.20474 0.21292 -0.56496 -0.79717 eb
341.96489 16.78926 -0.46427 -0.35292 0.81235 eb
342.11432 47.60982 -0.53958 -0.59517 0.59550 eb
342.12008 34.58250 -0.14772 -0.83771 -0.52576 eb
342.42637 24.71753 0.63379 0.65884 -0.40526 eb
343.38039 68.77384 -0.32277 0.52292 -0.78891 eb
343.40395 78.06527 0.27410 0.78047 0.56190 eb
345.11525 26.73165 -0.41486 -0.00803 0.90985 eb
345.13320 31.85952 0.25604 -0.16347 -0.95274 eb
345.51867 36.05675 0.82732 -0.20174 0.52426 eb
346.05274 41.34984 0.33254 0.88616 0.32270 eb
346.74376 40.42807 -0.14803 0.78101 -0.60672 eb
346.85865 22.03709 0.02975 0.99585 0.08602 eb
348.08801 67.89602 -0.02442 0.65704 -0.75346 eb
348.31222 26.12668 -0.50854 0.85983 0.04560 eb
348.67714 31.66919 0.56232 -0.78508 -0.25971 eb
350.45904 38.80748 -0.28829 -0.42034 -0.86035 eb
351.91375 46.22107 -0.61521 -0.76030 -0.20847 eb
352.06088 62.12857 0.33621 -0.74941 0.57040 eb
352.93354 77.83964 -0.43063 -0.82056 -0.37582 eb
353.18375 27.83351 0.56903 -0.28808 0.77021 eb
353.21809 68.36033 -0.69721 0.27746 -0.66099 eb
353.42795 30.79815 -0.17534 0.89163 0.41743 eb
353.61685 22.62047 0.43317 -0.79668 0.42150 eb
354.70224 35.65273 -0.97988 0.15574 0.12482 eb
354.81380 50.21591 0.30884 -0.92205 -0.23332 eb
354.91940 76.22309 0.29786 -0.92507 0.23564 eb
355.91368 52.29340 0.83622 0.11432 -0.53635 eb
357.28294 30.15873 0.22146 0.22828 -0.94807 eb
357.93878 12.77697 0.08454 0.19301 0.97755 eb
357.94831 31.18884 -0.72882 0.33236 0.59863 eb
358.52676 75.79715 0.82730 -0.09843 -0.55307 eb
359.17084 40.75687 -0.48595 -0.06598 -0.87149 eb
359.39552 50.69709 0.69886 -0.33657 0.63112 eb
359.86792 31.60480 0.70349 0.53375 0.46928 eb
360.53288 28.91445 -0.05078 -0.08332 -0.99523 eb
360.88699 40.94702 -0.71771 -0.25303 -0.64874 eb
361.82290 71.46033 0.06569 -0.24622 -0.96699 eb
361.84832 26.00270 -0.77309 -0.63372 -0.02708 eb
363.16592 56.05042 0.09062 -0.63494 -0.76723 eb
364.16298 45.80126 -0.02498 -0.97680 -0.21269 eb
366.89060 87.70499 -0.20105 0.69153 -0.69381 eb
366.98786 33.05327 -0.51325 -0.76241 -0.39410 eb
367.54857 72.36562 -0.53703 0.83604 -0.11242 eb
368.55100 43.75378 0.69737 0.71657 0.01416 eb
369.03890 53.60350 -0.05335 -0.97297 0.22469 eb
369.40220 17.30814 -0.83966 -0.40028 -0.36708 eb
370.71994 57.60059 -0.35178 0.82762 -0.43737 eb
372.05768 46.90444 -0.86245 0.48850 0.13249 eb
372.67025 40.10556 -0.94595 -0.13985 -0.29262 eb
374.52054 57.71100 0.48725 -0.57871 -0.65397 eb
375.58267 29.84043 -0.22632 -0.92983 -0.29017 eb
375.67432 34.20243 -0.37059 0.75536 -0.54046 eb
376.54938 40.51999 -0.50707 0.85350 0.12005 eb
376.83126 21.34485 0.82969 0.19312 -0.52376 eb
377.50801 67.37673 -0.43983 0.20870 -0.87350 eb
379.07052 24.33006 0.01957 0.34097 0.93987 eb
379.21173 35.08458 0.17760 -0.93203 -0.31587 eb
379.80869 26.06465 0.15468 -0.75367 -0.63880 eb
381.31007 41.58805 0.70117 -0.70778 -0.08609 eb
382.56614 39.21209 -0.39904 -0.70934 0.58104 eb
383.26860 34.83521 0.93518 -0.18127 0.30426 eb
385.90018 24.82251 0.17916 0.29341 -0.93905 eb
386.09709 39.99547 -0.91437 -0.03271 0.40356 eb
388.15054 53.67077 -0.58176 -0.77924 -0.23312 eb
389.71629 78.64150 0.85786 -0.27445 -0.43447 eb
390.95287 62.45384 -0.76687 0.60646 -0.21004 eb
391.50147 13.69192 -0.40259 -0.75482 -0.51784 eb
391.97258 58.76566 -0.48485 0.08249 -0.87070 eb
392.22516 14.59073 -0.22972 0.16370 0.95939 eb
395.80042 50.46524 -0.60666 0.79350 0.04824 eb
395.80788 51.52680 -0.68089 0.73102 0.04477 eb
396.21151 34.47944 0.40345 0.89807 -0.17521 eb
396.91922 78.60828 0.19455 -0.42917 -0.88203 eb
403.10556 48.35291 0.25778 0.93987 -0.22404 eb
405.76182 56.67422 -0.36243 0.06833 -0.92950 eb
413.16209 13.73634 0.89265 -0.35404 -0.27899 eb
414.48186 84.65567 0.85093 0.33928 -0.40100 eb
418.86031 74.34343 0.82313 0.23873 -0.51523 eb
433.22766 44.15116 0.06456 -0.23508 -0.96983 eb
436.80755 65.44270 -0.70699 0.69130 0.14923 eb
447.68791 17.61225 0.96982 -0.24382 -0.00250 eb
462.53429 29.66051 0.87033 -0.48878 0.06024 eb
474.82323 8.89910 0.90011 0.43074 0.06532 eb
477.06715 8.03389 0.16242 0.29445 -0.94176 eb
518.15687 25.80065 0.54725 0.44038 -0.71174 eb
519.32382 23.82132 0.34652 0.88764 -0.30334 eb
548.67647 25.39888 0.15690 0.96437 0.21303 eb
563.22089 47.09942 0.73195 0.66044 0.16753 eb
572.16148 17.14212 0.03486 -0.96867 0.24588 eb
705.58650 19.67100 -0.46247 0.52386 -0.71533 eb
805.21107 34.45288 0.48496 -0.67912 -0.55101 eb
806.00922 20.79816 0.19518 0.78168 -0.59235 eb
808.29143 30.94780 0.18374 -0.63539 -0.75001 eb
830.39927 31.93276 0.24505 0.54709 -0.80041 eb
843.32759 20.09421 -0.39723 0.14763 -0.90577 eb
851.71147 23.05436 0.93631 0.11183 -0.33291 eb
878.63663 24.68943 -0.84157 -0.37438 -0.38937 eb
948.84085 32.36205 -0.80702 -0.00342 -0.59051 eb
993.99689 14.50609 0.58405 0.42345 -0.69251 eb
1040.14472 23.87420 -0.37794 0.87699 -0.29671 eb
1102.37128 18.62772 0.03063 -0.87141 -0.48959 eb
1260.02955 15.89590 0.15472 0.96820 0.19659 eb
1298.61862 24.29921 0.92499 -0.19771 -0.32452 eb
1312.27439 14.27952 0.56718 -0.78594 -0.24619 eb
1355.90243 34.62746 0.87716 0.44320 0.18483 eb
1643.79626 53.33114 -0.26302 -0.82883 0.49382 eb
1864.92925 16.27478 0.42762 0.71288 0.55583 eb
1891.51881 24.28906 0.65217 -0.35904 -0.66765 eb
1961.42042 19.25858 -0.10663 -0.98077 -0.16345 eb
1969.96771 25.53568 0.54302 -0.83705 0.06685 eb
2023.75210 13.99726 0.20108 -0.37724 0.90403 eb
2096.28369 24.18621 0.46962 0.26608 -0.84182 eb
2325.43776 17.19930 -0.20958 -0.96243 -0.17262 eb
2523.00761 17.63164 -0.33572 -0.93550 -0.11017 eb
3153.93736 8.47224 -0.28740 0.82226 0.49122 eb
3155.58315 34.46666 0.41867 0.66046 0.62331 eb
3473.85767 18.26308 -0.06142 -0.93221 -0.35667 eb
4398.47228 12.75561 -0.65967 -0.71409 0.23435 eb
4461.08111 15.62224 0.84301 0.48703 -0.22835 eb
4555.22498 6.29708 -0.35414 0.90271 -0.24434 eb
4868.67269 17.69525 0.21383 0.96248 -0.16707 eb
5142.47968 10.38365 0.67736 -0.36044 -0.64130 eb
5714.73021 18.83606 -0.19580 -0.87876 -0.43525 eb
5929.01149 22.15802 -0.91580 -0.19848 -0.34916 eb
6195.16894 23.77826 -0.59921 0.73760 0.31128 eb
6277.00036 35.16996 -0.18184 0.69599 0.69465 eb
6323.76647 20.79797 -0.35989 0.90965 -0.20739 eb
6745.64277 18.44042 -0.08887 -0.94498 -0.31482 eb
7277.19294 17.55115 0.62462 -0.73652 -0.25961 eb
8022.06430 12.66595 0.97554 0.11447 0.18768 eb
8154.34848 14.02716 -0.13925 -0.75443 -0.64144 eb
8544.59382 14.17215 -0.19143 0.25921 -0.94666 eb
9529.49777 28.57437 -0.15305 0.97174 0.17970 eb
9810.23038 6.16881 -0.08365 -0.99401 -0.07039 eb
10083.86547 16.92171 -0.37764 -0.92595 0.00371 eb
10739.85320 7.81155 0.54675 0.78623 0.28795 eb
11711.52975 15.61961 0.63458 0.77262 -0.01936 eb
16776.89579 17.78849 0.54435 0.83625 -0.06613 eb
17767.85939 11.00863 -0.05539 0.78941 0.61136 eb
