17.18318 63.71471 -0.14115 0.98510 0.09825 eb
19.68169 37.11092 0.53934 -0.73504 0.41088 eb
20.24986 80.99271 0.76264 0.45382 0.46091 eb
21.63551 38.52807 -0.87229 0.32788 -0.36276 eb
24.48976 36.53120 -0.26836 -0.88312 -0.38481 eb
25.06304 58.68848 0.80374 -0.52380 -0.28221 eb
25.35771 57.46640 -0.70575 0.60069 0.37562 eb
26.83091 44.66869 -0.02025 -0.47628 -0.87906 eb
27.43347 88.19379 0.70435 0.44052 -0.55662 eb
29.43976 55.28300 0.74072 -0.65557 0.14683 eb
29.45851 23.65893 0.03525 -0.86991 -0.49196 eb
30.62484 81.37277 -0.42897 0.68353 -0.59057 eb
30.93083 55.59842 0.39697 -0.85650 -0.32990 eb
31.26503 65.10350 -0.36004 0.92974 0.07724 eb
31.37248 69.91878 -0.38552 -0.54868 0.74183 eb
31.42432 44.29402 0.04586 0.25134 -0.96681 eb
31.78124 50.49838 -0.45732 0.86530 -0.20524 eb
32.54800 57.99569 0.47777 0.35564 -0.80328 eb
33.45480 86.86081 0.03836 -0.20504 -0.97800 eb
34.10536 53.01981 -0.03776 -0.02072 -0.99907 eb
34.53326 39.78957 0.72161 0.67485 0.15443 eb
34.97657 49.18186 -0.59678 0.43059 -0.67708 eb
35.40646 31.06725 0.75465 0.48905 -0.43742 eb
35.99820 39.22902 -0.96874 0.09785 -0.22796 eb
36.53735 30.27962 0.11712 0.12075 -0.98575 eb
36.66894 59.33758 0.64966 0.70570 -0.28273 eb
36.80577 22.57967 -0.44416 0.79759 -0.40813 eb
36.81276 33.36984 -0.78541 0.37436 0.49293 eb
36.90841 45.94996 -0.98519 -0.11683 0.12548 eb
37.28988 49.18534 0.91365 0.40632 0.01204 eb
37.40157 26.76476 -0.86451 -0.23496 -0.44431 eb
37.52508 40.50423 -0.03235 0.96785 0.24943 eb
37.91007 31.21719 -0.62609 -0.73302 0.26590 eb
39.29140 60.12882 0.54158 0.65994 -0.52074 eb
39.66311 70.16714 -0.80730 0.50752 -0.30116 eb
39.83311 83.19856 -0.14077 0.98975 0.02411 eb
39.87915 29.31004 0.97939 0.16033 -0.12285 eb
40.08076 38.76218 0.06569 -0.96792 -0.24253 eb
40.25156 18.69026 0.81018 -0.57345 -0.12151 eb
40.70457 67.47901 0.73868 0.64324 -0.20149 eb
41.36813 58.24793 -0.18705 -0.92656 0.32634 eb
41.96992 46.68899 0.58049 0.05669 0.81229 eb
42.11392 62.08003 -0.40699 -0.69911 -0.58788 eb
43.28247 14.28081 0.55607 0.53817 -0.63336 eb
44.04713 82.54035 -0.05178 -0.52821 -0.84753 eb
44.16097 36.58991 -0.80282 -0.12902 0.58209 eb
44.19970 73.89436 -0.45405 0.63056 -0.62947 eb
44.36761 27.51772 0.96442 -0.13157 0.22932 eb
45.42996 20.09704 0.61397 -0.68437 -0.39328 eb
45.88931 49.38807 0.15082 0.84943 0.50569 eb
48.63863 25.26303 -0.31994 0.59675 0.73588 eb
48.75227 75.57370 0.65197 -0.73699 -0.17827 eb
49.21185 22.23085 -0.53290 -0.27631 -0.79980 eb
50.56877 34.39442 0.15955 -0.86530 -0.47518 eb
51.69133 52.01881 -0.97526 -0.14693 0.16517 eb
52.58024 60.36395 -0.92618 0.23908 0.29161 eb
52.70033 28.50223 0.20040 0.85058 0.48617 eb
52.90086 38.35306 -0.84259 -0.25561 -0.47404 eb
54.18794 30.16183 -0.23606 0.20062 -0.95080 eb
55.50601 65.12874 0.69910 0.24824 -0.67055 eb
56.11218 60.90919 0.29122 0.17582 0.94036 eb
56.40500 42.86841 0.73273 -0.64854 -0.20617 eb
56.75397 19.27625 0.18451 0.98222 0.03454 eb
57.17166 45.96039 -0.98909 -0.12773 0.07342 eb
57.66655 72.34855 -0.39288 0.16116 -0.90536 eb
58.34565 61.45343 0.84512 0.43393 -0.31222 eb
59.40072 72.62448 0.67728 0.16427 -0.71715 eb
59.76788 19.73564 0.73406 -0.32488 -0.59633 eb
60.16209 73.76137 0.54763 0.51776 -0.65728 eb
60.92688 54.19277 0.21467 0.05068 -0.97537 eb
61.07133 65.33392 0.02857 -0.52324 -0.85170 eb
62.71539 62.74044 -0.74080 -0.62973 0.23378 eb
62.80217 46.46168 0.15181 0.17037 -0.97362 eb
63.00799 60.63561 0.48316 -0.31180 -0.81813 eb
64.28440 76.08647 -0.73207 0.33711 -0.59197 eb
64.37419 61.57994 0.24914 0.68154 -0.68806 eb
64.63572 18.57078 0.49972 -0.23947 -0.83243 eb
64.83916 56.67979 -0.86683 0.45932 0.19398 eb
64.88024 22.48793 0.77993 0.59259 -0.20134 eb
65.65736 18.51761 -0.23280 -0.91779 -0.32165 eb
65.75520 42.73552 0.75891 0.08282 -0.64590 eb
66.20059 73.08964 0.36703 -0.88372 -0.29041 eb
66.31430 28.57173 0.81541 -0.57792 -0.03342 eb
66.88642 21.54459 0.31464 0.30398 -0.89922 eb
66.96850 63.33119 0.30107 0.56896 -0.76527 eb
68.18496 58.83928 0.56535 -0.60789 -0.55754 eb
69.18517 66.48853 0.62889 0.10488 -0.77039 eb
69.55641 30.91853 -0.69644 0.61862 -0.36370 eb
71.18852 78.72199 0.63013 0.57560 -0.52117 eb
73.22837 44.20523 0.67664 0.71713 -0.16700 eb
73.42683 33.08807 0.03778 0.21349 -0.97621 eb
73.64887 67.60870 0.34571 0.85693 -0.38230 eb
75.36873 54.83037 0.42220 -0.22408 -0.87837 eb
77.20881 33.59487 0.16485 0.68146 -0.71304 eb
77.79397 39.71465 0.81668 0.52378 -0.24226 eb
78.38300 68.72428 -0.91989 -0.12453 0.37188 eb
79.26036 29.94468 -0.35786 0.84791 -0.39114 eb
80.11211 62.67582 -0.55225 -0.48341 -0.67922 eb
80.52205 63.94585 0.72722 0.10564 -0.67823 eb
81.91685 27.39078 0.82674 0.51138 -0.23451 eb
83.30728 39.69594 -0.25540 0.12228 0.95907 eb
83.91904 29.40713 0.16657 -0.09750 -0.98120 eb
86.02566 19.00237 -0.75215 -0.65898 -0.00439 eb
86.58610 11.61487 0.16243 0.55294 -0.81723 eb
87.41819 32.53398 0.33907 0.91936 0.19950 eb
87.64616 58.36241 -0.54737 0.82437 -0.14423 eb
87.79918 20.58811 -0.63283 -0.77346 -0.03579 eb
88.39911 40.29685 0.64572 0.73312 0.21350 eb
89.07724 70.43354 -0.73922 -0.51696 -0.43162 eb
89.76960 51.38052 -0.21721 -0.90490 -0.36602 eb
89.78691 48.28477 0.28694 -0.90353 0.31828 eb
89.83154 61.33426 -0.52525 0.80876 0.26461 eb
90.00919 17.14057 0.50674 -0.40543 -0.76082 eb
91.16738 45.22140 -0.47889 0.81355 -0.32984 eb
91.70408 53.70965 -0.33910 -0.04033 -0.93988 eb
92.43141 61.48726 0.85747 0.08926 -0.50673 eb
92.59251 35.43293 0.06179 -0.59493 -0.80140 eb
94.22971 29.02960 -0.37427 0.49965 -0.78120 eb
95.05046 70.19112 -0.20703 0.81289 -0.54438 eb
95.32312 30.89681 0.62067 -0.62969 -0.46718 eb
95.45816 22.86104 0.45902 -0.57835 0.67440 eb
95.51829 49.99838 -0.35264 -0.78632 -0.50729 eb
95.67095 48.70576 0.87315 -0.12457 -0.47127 eb
97.34559 52.36306 0.82457 -0.39360 -0.40641 eb
98.07975 87.54896 -0.79556 0.39934 -0.45565 eb
98.61429 47.68546 0.53107 0.82815 0.17926 eb
98.96251 62.43946 -0.89106 0.44515 -0.08858 eb
102.15174 15.12502 -0.59342 0.00339 0.80489 eb
102.80082 17.23527 0.62191 -0.12846 -0.77248 eb
103.47604 36.83052 -0.21805 0.60506 0.76574 eb
103.99530 50.15686 0.08327 0.97186 -0.22037 eb
104.62437 22.87630 0.54992 -0.35760 -0.75480 eb
105.10619 45.50222 -0.01857 0.19078 -0.98146 eb
105.45126 36.62867 0.64422 -0.49867 -0.57991 eb
105.75578 51.15805 0.36948 -0.31716 -0.87344 eb
105.87558 52.97745 0.11137 -0.64809 -0.75338 eb
106.19911 14.81883 0.03460 -0.69882 0.71446 eb
106.47171 54.55596 -0.09268 0.21154 -0.97296 eb
106.61399 17.98586 0.24941 0.33733 -0.90775 eb
107.04891 31.62164 -0.44412 -0.81577 0.37051 eb
107.25059 22.93414 -0.63931 0.02079 0.76867 eb
107.82447 47.90717 -0.50257 -0.52600 0.68611 eb
108.53818 64.53108 0.67378 0.47920 -0.56249 eb
108.91282 25.51314 0.06021 0.22829 -0.97173 eb
109.50405 78.11122 -0.69229 -0.02190 0.72129 eb
110.43237 25.24850 -0.68688 -0.56116 -0.46184 eb
110.80169 78.49909 0.72322 -0.44783 -0.52574 eb
112.00083 38.90433 0.25358 0.43613 -0.86342 eb
112.24074 34.28649 0.25338 0.96076 0.11287 eb
112.68776 79.54330 0.02504 -0.94614 -0.32277 eb
113.29640 29.45059 0.51302 -0.77261 -0.37401 eb
113.63811 46.57197 0.89567 0.44330 -0.03542 eb
114.70041 42.68019 0.03473 0.99660 -0.07465 eb
114.89348 54.81936 -0.24342 0.74658 -0.61917 eb
114.97703 63.87547 0.81259 0.14056 -0.56563 eb
115.45013 16.45458 -0.60842 0.69536 0.38249 eb
116.33695 70.65653 -0.26441 -0.95040 0.16378 eb
116.86000 19.61173 -0.09774 0.97919 0.17785 eb
116.99187 40.12703 0.92143 0.36203 -0.14108 eb
117.53175 36.31554 0.11032 -0.93192 0.34549 eb
119.09345 32.43724 -0.25223 0.61182 0.74971 eb
119.41944 19.49579 0.69218 0.49652 0.52380 eb
119.57078 30.70436 -0.11603 0.98739 -0.10769 eb
119.70909 31.51450 0.40998 -0.66700 -0.62211 eb
120.69858 49.76193 -0.49517 -0.86875 0.00948 eb
120.78391 14.17437 0.86341 0.19025 -0.46726 eb
121.04740 80.33355 -0.65914 -0.09167 -0.74641 eb
121.52277 20.67079 -0.04228 -0.86292 0.50356 eb
121.79783 52.29603 0.18668 -0.89460 -0.40600 eb
122.99809 25.29585 -0.21985 0.95108 -0.21708 eb
125.62690 40.65019 -0.37458 -0.69618 -0.61239 eb
125.73141 23.85681 0.27043 0.62693 -0.73063 eb
127.01333 57.07234 -0.14060 0.08353 -0.98654 eb
128.24974 18.06765 -0.62719 -0.70941 -0.32152 eb
128.34482 41.87525 0.51434 0.48474 -0.70745 eb
130.66069 37.16061 0.55704 -0.31286 -0.76930 eb
130.98974 29.90366 0.00479 -0.83983 -0.54284 eb
131.51837 21.76863 -0.73776 0.05974 -0.67241 eb
131.66633 17.10954 -0.24358 0.89742 0.36784 eb
132.18468 24.62148 -0.68434 0.70994 -0.16632 eb
132.52319 45.57783 -0.85645 0.21390 -0.46982 eb
134.23300 46.66208 0.27737 0.63097 -0.72453 eb
134.89084 17.15959 -0.99170 0.12636 0.02371 eb
135.57448 37.67325 -0.16672 0.05940 -0.98421 eb
136.54400 17.23470 -0.82053 0.45657 -0.34391 eb
136.62899 46.13722 -0.01807 -0.88745 0.46055 eb
137.48551 35.06054 0.36939 0.09683 -0.92422 eb
138.48032 39.24187 -0.29337 -0.89619 -0.33283 eb
138.94396 40.85940 0.17079 0.78805 0.59145 eb
139.37884 62.12459 0.74380 0.43948 0.50361 eb
141.55378 12.97862 0.36540 -0.07390 -0.92791 eb
142.49394 62.64380 -0.06334 -0.32297 -0.94429 eb
142.67575 71.93424 0.01707 0.32061 -0.94706 eb
142.75498 62.40806 -0.15167 0.30977 0.93864 eb
143.25052 20.38658 0.77863 -0.57262 -0.25658 eb
143.70749 32.79215 -0.56075 -0.82100 -0.10736 eb
144.60664 34.76833 0.21418 0.16405 -0.96292 eb
145.40131 46.32549 -0.17955 0.85390 0.48849 eb
145.44250 18.27547 0.94306 -0.22089 0.24867 eb
146.21163 66.91060 -0.36576 0.06456 -0.92847 eb
146.42119 32.82354 0.32524 0.19188 -0.92596 eb
147.09300 27.23758 -0.98610 -0.13954 0.09023 eb
147.81185 33.48754 0.84429 -0.40243 -0.35387 eb
147.90876 43.24517 -0.34158 -0.30059 -0.89049 eb
150.31736 35.37820 0.00821 0.04921 -0.99875 eb
151.31401 32.23108 -0.00878 0.73600 -0.67692 eb
151.75960 19.28391 -0.63829 0.76805 0.05177 eb
153.02621 43.66774 -0.09688 0.94787 -0.30356 eb
153.74276 23.79611 -0.64581 -0.76341 0.01117 eb
154.13267 71.67616 0.81597 -0.18442 0.54789 eb
155.30018 38.55645 -0.73013 -0.59349 -0.33864 eb
155.78899 49.86053 0.64465 0.70852 -0.28709 eb
155.91799 49.18309 0.59262 -0.73289 0.33417 eb
157.04524 22.59996 -0.63217 0.73155 -0.25534 eb
157.32374 12.57509 0.33671 -0.56117 0.75612 eb
158.83372 25.70239 -0.76942 0.28127 0.57348 eb
159.03810 17.08641 -0.05670 -0.51699 -0.85411 eb
159.97512 74.84478 -0.52339 0.46018 -0.71715 eb
160.04091 29.58868 -0.30749 0.47509 -0.82446 eb
160.07986 46.70336 -0.38931 0.50588 -0.76975 eb
160.20902 58.62638 0.99754 0.06936 -0.01017 eb
160.43198 19.82069 -0.43519 0.90028 0.01051 eb
162.27180 26.11709 -0.07695 0.06437 0.99495 eb
162.36523 47.92168 0.49305 -0.81029 -0.31674 eb
162.85999 43.88508 0.08646 -0.56142 -0.82300 eb
164.09370 24.50208 -0.62993 -0.73942 0.23758 eb
165.08468 48.79201 0.59447 0.69761 0.39992 eb
165.87922 50.07598 0.71517 0.68970 -0.11334 eb
167.01905 20.01145 0.16977 -0.58636 -0.79206 eb
167.67718 35.82494 -0.55347 0.79244 0.25632 eb
168.23239 48.43810 -0.18882 -0.24655 -0.95056 eb
170.46367 33.33256 0.05428 -0.20098 -0.97809 eb
170.62896 65.96726 0.09312 -0.99465 -0.04463 eb
170.79653 60.82578 0.05357 -0.99446 -0.09040 eb
171.52842 22.21385 0.99990 -0.01110 0.00901 eb
171.68268 19.52858 -0.97089 -0.11273 0.21132 eb
173.22506 61.75974 -0.02951 -0.97590 0.21622 eb
174.40286 88.19914 -0.03561 -0.08054 -0.99612 eb
174.52449 11.13998 -0.48872 -0.67461 -0.55323 eb
177.19498 20.25524 -0.43097 -0.89947 0.07228 eb
177.45283 72.19026 0.45692 0.80523 -0.37792 eb
177.82419 31.93999 -0.96166 -0.19180 0.19603 eb
178.09441 68.69554 -0.10468 0.93944 -0.32633 eb
178.39420 72.86895 -0.99848 -0.02438 -0.04944 eb
178.46089 27.03639 0.06533 0.06857 -0.99551 eb
178.57542 30.10220 0.11032 0.95201 -0.28549 eb
178.58559 49.70576 0.16977 0.98326 -0.06622 eb
179.22943 33.49515 -0.12617 -0.98860 0.08213 eb
181.96185 85.71170 0.05014 -0.15604 -0.98648 eb
182.25450 52.27634 0.18685 0.40229 0.89624 eb
182.26422 43.26422 -0.64940 0.31142 0.69375 eb
184.36282 42.98319 0.46589 0.87993 0.09311 eb
186.36796 72.25756 0.06635 0.36228 -0.92971 eb
186.40784 49.22307 -0.21699 0.21085 -0.95313 eb
186.80303 68.13075 -0.98435 0.15954 0.07488 eb
186.95324 43.96986 0.65973 -0.69540 -0.28492 eb
187.15355 68.89207 -0.46988 -0.67527 -0.56853 eb
187.18099 28.92480 -0.69391 0.41002 0.59192 eb
187.35890 65.56272 -0.89224 0.45148 0.00877 eb
187.76368 26.05849 -0.14025 0.52884 -0.83705 eb
188.68585 41.32895 0.17646 0.97483 0.13628 eb
188.85344 70.15901 -0.89939 0.41999 -0.12126 eb
189.18178 26.01128 0.26793 0.65417 0.70730 eb
190.51246 59.65426 -0.20733 -0.92308 0.32395 eb
191.25863 62.79213 0.92319 0.34676 0.16580 eb
191.56918 54.73477 -0.89685 0.24365 0.36918 eb
191.76617 38.53041 0.41238 -0.80526 -0.42602 eb
193.47061 46.85922 -0.98556 0.04279 -0.16382 eb
194.64373 12.67389 0.13847 -0.42111 -0.89638 eb
195.39782 18.75084 -0.48208 -0.07693 -0.87274 eb
195.88120 48.80244 0.51941 -0.74984 -0.40981 eb
196.00248 35.13882 -0.40864 -0.64589 -0.64486 eb
196.64148 55.69557 0.14260 0.27839 -0.94982 eb
197.63741 49.11418 -0.10169 -0.82304 -0.55881 eb
198.58848 31.83041 -0.28616 0.88075 -0.37734 eb
198.81032 19.66019 -0.27806 -0.57540 -0.76915 eb
200.12607 47.85838 0.27360 0.95797 0.08625 eb
201.17916 31.76250 -0.20087 -0.97546 -0.09013 eb
201.71404 77.00121 0.30356 -0.91724 0.25792 eb
202.23091 34.91609 0.31987 0.18789 -0.92864 eb
202.39599 35.03577 -0.64493 -0.74828 -0.15538 eb
204.03855 27.01229 -0.60831 -0.45746 -0.64860 eb
204.78861 15.81056 -0.21230 -0.29063 0.93298 eb
207.28875 41.38189 -0.71228 -0.29193 -0.63830 eb
207.59787 34.08859 0.08036 -0.99225 0.09477 eb
208.91131 67.23893 -0.87897 0.25412 -0.40352 eb
209.44810 50.86600 -0.73554 -0.04917 -0.67570 eb
209.79904 42.71323 -0.24002 -0.77244 -0.58798 eb
209.85780 40.69145 0.63356 -0.20953 0.74478 eb
211.18559 35.44661 0.72394 0.50330 -0.47181 eb
211.42217 64.41517 -0.72849 -0.52105 0.44476 eb
211.86957 45.74283 0.06213 0.10072 -0.99297 eb
212.79942 31.79799 -0.34121 -0.93558 0.09095 eb
213.74847 41.85244 -0.64363 0.64693 -0.40893 eb
214.41298 48.60053 0.84519 0.01361 -0.53430 eb
215.25052 22.35754 -0.81899 -0.41026 0.40118 eb
215.31215 35.86152 -0.45921 -0.70660 -0.53837 eb
215.70231 28.09478 -0.99285 -0.09537 0.07185 eb
215.71100 62.52659 -0.71828 0.44863 0.53179 eb
215.85451 42.78068 0.52669 0.17124 -0.83263 eb
217.11528 54.44005 -0.15538 -0.91384 -0.37517 eb
217.98991 37.55628 0.42333 -0.74179 -0.52014 eb
218.44178 47.68107 -0.00795 0.14513 -0.98938 eb
218.81337 62.00036 0.74996 -0.06045 -0.65871 eb
220.88092 33.45715 -0.73727 0.34014 0.58373 eb
221.62554 50.81362 -0.72834 0.32921 -0.60095 eb
221.91559 72.08726 -0.95054 -0.26449 0.16282 eb
222.10564 51.48920 0.02182 0.81506 -0.57896 eb
222.38502 44.41569 -0.03542 0.91323 0.40591 eb
224.60995 30.26817 -0.87303 -0.45194 -0.18319 eb
226.21598 31.97139 -0.68285 0.61265 -0.39797 eb
226.46718 29.59239 0.90177 -0.15642 -0.40291 eb
228.57562 76.19968 0.88887 0.14999 -0.43292 eb
228.67961 61.33689 -0.33434 -0.38121 -0.86191 eb
228.90126 38.98536 -0.04992 -0.02626 -0.99841 eb
229.54297 25.88638 -0.86544 -0.17709 0.46867 eb
230.11919 71.19365 0.39548 -0.12706 -0.90964 eb
230.52480 20.94632 -0.98666 -0.06424 0.14956 eb
230.62231 28.63669 -0.56114 -0.15909 -0.81229 eb
231.29526 21.82997 0.90039 0.31961 -0.29521 eb
231.64335 83.31198 -0.94690 0.26777 0.17798 eb
231.84086 61.45366 0.07942 0.33341 -0.93943 eb
232.85682 36.02993 -0.45747 -0.70847 0.53739 eb
233.57803 78.33186 -0.44292 -0.80745 -0.38968 eb
234.15086 30.41917 0.94519 0.02165 -0.32581 eb
235.17309 51.40575 0.32236 0.84235 -0.43190 eb
235.81503 21.50249 0.46457 0.88427 0.04735 eb
236.89314 30.73793 0.78035 0.62365 0.04594 eb
237.01236 47.03948 -0.18831 0.45028 -0.87280 eb
237.37577 75.06826 0.63973 0.51924 -0.56669 eb
238.47872 30.85136 -0.83600 -0.11409 -0.53674 eb
238.73391 42.20775 -0.12843 0.14053 -0.98171 eb
240.97717 47.59610 0.28790 -0.14262 -0.94698 eb
241.09122 50.72638 -0.01644 -0.36471 -0.93098 eb
241.70260 52.13985 0.05839 0.29671 0.95318 eb
244.03036 53.34500 0.39027 -0.56153 0.72963 eb
244.53089 85.10832 -0.95094 -0.00599 -0.30931 eb
245.40385 69.55793 -0.38076 0.06629 -0.92230 eb
245.59620 63.64151 0.60471 -0.39927 -0.68914 eb
245.79925 31.00989 0.50997 -0.22624 0.82991 eb
246.15392 40.98149 -0.23942 0.02621 -0.97056 eb
246.79555 47.56583 -0.66905 -0.54205 -0.50848 eb
247.73516 61.26675 -0.89082 -0.30109 -0.34028 eb
248.80904 21.17478 0.79274 -0.13382 -0.59469 eb
249.39835 17.38784 -0.99596 0.02889 0.08508 eb
249.72661 46.28128 0.62252 -0.64294 0.44621 eb
249.80780 16.87857 0.02016 -0.40670 -0.91334 eb
249.83997 27.29511 -0.83384 0.30569 0.45963 eb
250.02489 61.81141 -0.40179 0.88125 -0.24893 eb
250.45549 56.07369 -0.90910 -0.18716 0.37217 eb
250.76753 49.86874 0.85796 0.15861 -0.48862 eb
251.38525 75.12094 -0.44227 0.51837 -0.73191 eb
251.89559 62.69300 0.23863 0.96400 0.11732 eb
253.57596 42.40392 0.54263 -0.27584 -0.79338 eb
254.63830 37.33021 0.40585 0.69539 -0.59306 eb
255.22971 47.00564 0.46099 0.34725 0.81664 eb
255.87158 11.22502 -0.69336 -0.66069 0.28765 eb
255.94072 51.80618 0.25377 -0.96514 0.06416 eb
256.03737 36.19943 0.48292 0.86759 0.11860 eb
257.36295 50.05632 -0.38956 -0.88690 0.24828 eb
257.69284 51.01646 0.79468 0.59072 0.13973 eb
257.91687 34.93382 0.83695 0.53095 -0.13266 eb
258.56248 46.15490 -0.54857 -0.81014 -0.20675 eb
259.42381 71.16278 -0.48532 0.85629 -0.17672 eb
259.47494 36.45330 0.84270 -0.49914 -0.20179 eb
260.05063 60.84698 -0.60262 -0.62186 -0.50015 eb
260.35185 58.55674 0.98059 0.12339 0.15238 eb
261.91697 78.23015 0.30312 0.42797 0.85145 eb
263.43500 38.56086 -0.00379 0.20733 -0.97826 eb
264.27766 37.75265 -0.12422 -0.01513 -0.99214 eb
265.15203 32.58894 -0.06514 -0.70834 -0.70286 eb
265.61716 38.62409 0.86280 -0.29766 -0.40863 eb
265.95559 83.42966 -0.91257 -0.18973 0.36225 eb
266.25479 37.17348 -0.23203 -0.95158 -0.20163 eb
266.42417 66.17565 -0.49485 -0.38152 0.78075 eb
267.24790 17.77667 0.93030 0.31610 -0.18606 eb
267.75410 51.92191 -0.44324 0.37767 -0.81296 eb
269.67689 12.37115 -0.79759 -0.04775 -0.60130 eb
269.70167 16.52878 -0.61238 -0.12969 0.77985 eb
270.91000 26.61009 -0.47395 -0.87982 -0.03600 eb
271.85513 34.48665 0.20590 0.29634 0.93262 eb
273.06549 62.97692 -0.92339 -0.35140 -0.15447 eb
273.09936 29.97489 0.92854 -0.27795 -0.24608 eb
273.82776 44.87933 0.95422 -0.27135 -0.12584 eb
273.92695 32.86129 0.69253 0.68477 0.22689 eb
275.29289 62.93912 0.98289 -0.17713 0.05046 eb
276.03045 15.99613 0.46407 0.34328 0.81657 eb
276.69312 33.47440 0.96319 0.26860 0.01105 eb
276.94324 17.36347 -0.22405 -0.65518 0.72148 eb
277.09886 40.10373 0.12536 0.33649 -0.93330 eb
277.23900 50.38556 -0.21560 -0.39836 -0.89153 eb
277.32715 54.75781 -0.59479 0.69212 -0.40888 eb
277.40486 45.30083 -0.02018 0.69180 -0.72181 eb
278.46497 42.12540 -0.03687 0.55990 -0.82774 eb
279.48021 35.85994 0.57683 0.70944 0.40492 eb
280.12565 31.30279 0.06355 -0.58119 -0.81128 eb
280.77802 60.49626 0.79598 0.52013 -0.30966 eb
281.01031 79.54840 -0.25019 0.85029 -0.46305 eb
282.50455 70.06092 -0.78673 -0.60846 0.10406 eb
282.60135 15.65655 0.48393 -0.17225 0.85799 eb
282.65818 76.51891 0.59960 -0.47221 -0.64614 eb
282.96320 14.94228 -0.19237 0.07273 -0.97862 eb
283.02040 61.83512 0.24035 -0.62672 -0.74125 eb
283.47670 26.50092 0.50560 -0.82321 -0.25824 eb
283.51557 39.33841 -0.12863 0.43756 -0.88994 eb
284.19398 64.52553 0.21323 -0.85630 -0.47040 eb
284.93218 28.99238 0.63987 0.75607 0.13760 eb
285.22749 61.63735 -0.80957 -0.29680 -0.50647 eb
285.25212 36.79741 -0.34173 -0.27485 -0.89871 eb
285.42576 38.94192 -0.28189 -0.89674 -0.34117 eb
286.22062 56.63951 -0.85836 -0.35552 -0.36989 eb
287.06793 33.56363 0.43809 -0.61745 0.65333 eb
287.15378 71.49867 0.35168 0.93608 0.00910 eb
288.21886 19.58232 -0.28249 -0.58892 -0.75722 eb
288.63905 34.50535 0.03908 0.56701 -0.82279 eb
288.79043 42.31336 -0.88514 0.45652 -0.09008 eb
289.22038 24.52698 0.71341 0.69975 0.03733 eb
289.46995 36.67077 0.39361 -0.80213 0.44907 eb
290.40255 13.61536 -0.33795 0.93281 -0.12512 eb
291.01437 81.60459 0.87026 0.43702 -0.22728 eb
291.25076 34.45684 0.52294 0.38963 -0.75811 eb
291.75135 31.62978 0.48662 -0.17898 -0.85509 eb
291.78372 35.34795 0.08900 0.90216 0.42212 eb
292.51942 48.71992 -0.37759 0.68572 0.62227 eb
292.53851 88.55650 -0.63808 -0.61721 -0.46033 eb
292.59402 31.90940 -0.59166 0.68255 -0.42903 eb
293.43106 65.48277 0.72796 -0.27449 -0.62828 eb
293.52132 34.89782 0.21562 -0.90465 -0.36758 eb
294.12100 49.93794 0.57560 0.21638 -0.78859 eb
294.68027 65.27179 -0.86906 0.27707 0.40984 eb
296.01369 29.83263 0.91525 -0.01275 -0.40268 eb
296.28431 26.93848 0.87436 -0.37565 -0.30722 eb
298.78886 22.56967 -0.37587 0.21865 0.90051 eb
299.21318 75.91650 -0.94118 0.02675 -0.33685 eb
299.71038 33.72214 0.70252 -0.20300 -0.68210 eb
300.86707 40.45564 -0.09041 -0.96976 0.22669 eb
301.60860 35.06927 -0.41044 -0.81184 -0.41527 eb
301.73664 43.15637 -0.05870 -0.95881 -0.27793 eb
302.00191 44.52677 0.33449 0.70591 0.62435 eb
303.00517 26.57729 -0.86352 0.33673 0.37542 eb
303.05415 19.35152 0.07032 0.48228 -0.87319 eb
303.53037 45.97833 0.71179 0.66304 -0.23178 eb
303.57820 43.67781 -0.19233 0.63865 -0.74507 eb
304.10100 51.19493 0.82647 -0.11211 -0.55170 eb
304.21552 71.28305 0.65477 -0.08570 0.75095 eb
304.66840 36.44840 0.89312 0.40580 -0.19407 eb
305.59074 21.40234 0.50447 0.64362 0.57556 eb
306.85505 55.10491 -0.52871 -0.11028 -0.84161 eb
307.08571 44.66651 0.17579 0.95368 0.24412 eb
307.30318 28.06518 -0.98981 0.12105 -0.07496 eb
307.37268 64.10969 -0.94564 0.10300 -0.30848 eb
307.51573 43.65956 0.55194 -0.24566 -0.79688 eb
307.94525 19.12413 -0.16935 -0.86909 -0.46476 eb
308.13202 74.99275 -0.13610 0.41845 -0.89798 eb
308.46228 30.24071 -0.96703 0.25429 -0.01406 eb
309.79847 69.42967 -0.09645 0.23268 -0.96776 eb
309.85649 51.44512 -0.17458 -0.72942 0.66141 eb
309.86477 52.67415 0.35259 0.35575 -0.86552 eb
310.29431 42.11612 0.74594 -0.03402 -0.66514 eb
311.33099 41.09148 -0.39789 -0.80790 -0.43472 eb
311.95493 43.91031 -0.78176 -0.60160 0.16410 eb
311.98988 51.19665 -0.25386 -0.01301 -0.96715 eb
312.71325 24.42027 -0.00994 -0.25611 -0.96660 eb
313.79927 63.02653 0.54512 0.59004 -0.59556 eb
314.01927 41.19186 0.45634 -0.45087 -0.76712 eb
314.27154 51.86684 -0.08201 0.76212 -0.64222 eb
314.73744 18.73735 -0.06833 -0.76319 -0.64255 eb
314.99166 23.03785 0.87371 0.32158 0.36500 eb
315.21578 24.66370 -0.07266 0.48840 -0.86959 eb
315.28234 28.28612 -0.00359 0.00800 -0.99996 eb
315.89150 47.75593 -0.61428 0.48997 -0.61854 eb
316.24460 83.69042 -0.02221 0.07045 -0.99727 eb
316.25426 46.05812 -0.32229 -0.94583 -0.03928 eb
316.42698 62.33916 -0.77433 -0.62691 0.08600 eb
316.43363 31.99802 -0.99419 0.01715 0.10631 eb
316.60084 42.19063 0.98443 0.17008 0.04428 eb
317.14276 13.08682 0.35028 -0.14835 0.92482 eb
317.32301 23.12934 0.40018 0.54147 -0.73937 eb
317.42394 43.84372 -0.48976 0.78066 -0.38820 eb
317.58135 53.49476 0.54501 0.21044 0.81159 eb
318.10262 56.72289 0.26724 -0.94647 -0.18102 eb
318.31627 23.45720 -0.41448 -0.23908 -0.87809 eb
318.55016 24.49260 -0.67469 -0.67743 -0.29304 eb
319.13770 43.58640 0.22615 0.97404 0.00977 eb
319.68272 56.62615 0.73385 -0.65123 -0.19331 eb
320.48568 55.27320 0.75793 -0.10496 -0.64384 eb
320.63689 60.64567 0.15975 0.32564 -0.93190 eb
320.94405 23.02845 0.57051 -0.67700 -0.46496 eb
321.41188 35.94554 -0.89608 -0.37177 -0.24256 eb
322.55399 50.44357 -0.36526 0.91699 -0.16034 eb
323.57474 19.60200 -0.93378 -0.25611 0.24992 eb
324.90663 43.24364 0.64090 -0.60674 0.47023 eb
325.03800 20.53914 0.74909 0.65135 -0.12083 eb
325.05032 67.90419 0.97971 0.10118 -0.17300 eb
325.50843 60.29486 -0.83760 0.28206 -0.46783 eb
326.71579 76.29599 0.12781 -0.93445 0.33238 eb
327.27709 7.15818 -0.73545 0.67735 0.01774 eb
328.39297 66.02381 -0.77500 -0.21847 0.59300 eb
328.43316 46.64714 -0.29682 0.84416 -0.44642 eb
328.52953 54.36835 -0.88081 0.08173 -0.46636 eb
329.17619 47.80600 0.28789 -0.87235 -0.39513 eb
329.46109 20.47971 -0.25889 0.53013 -0.80743 eb
329.52353 40.32137 -0.80816 -0.14567 -0.57067 eb
329.76654 51.01415 -0.18503 -0.05301 -0.98130 eb
330.37078 42.38360 -0.42762 -0.79660 0.42728 eb
331.09577 35.46086 -0.14949 0.98325 -0.10425 eb
331.31862 32.49688 -0.89260 -0.28624 -0.34831 eb
331.75941 33.93564 0.78275 0.37900 0.49361 eb
331.91866 71.34377 -0.39087 0.69401 -0.60463 eb
332.24285 77.66546 -0.88615 0.45651 0.07960 eb
332.46761 32.74736 0.75409 0.12340 -0.64507 eb
332.74908 51.31707 0.17427 -0.79417 -0.58218 eb
332.80883 72.88044 0.78146 0.58555 -0.21551 eb
333.17265 87.17089 0.96892 -0.06626 0.23832 eb
333.23963 45.69425 0.05416 -0.92337 -0.38007 eb
333.83342 37.25407 -0.32455 0.77190 0.54667 eb
334.02602 33.99908 0.18765 -0.80081 0.56876 eb
335.66183 28.34696 0.36478 -0.78275 -0.50423 eb
336.76772 70.38430 -0.92570 -0.26097 0.27383 eb
337.11927 54.53108 -0.34857 0.34551 -0.87127 eb
337.22231 45.31077 0.30812 0.76802 -0.56143 eb
337.34087 42.25757 0.63148 -0.70928 0.31330 eb
338.92615 70.12876 0.33793 0.88127 -0.33039 eb
339.12315 24.75288 -0.01251 -0.85134 0.52447 eb
339.20730 38.20377 0.38640 -0.79221 -0.47233 eb
340.03211 55.51659 0.95276 -0.24326 0.18186 eb
340.15163 44.69314 0.11587 -0.10092 -0.98812 eb
340.90442 50.68724 -0.89928 0.17711 0.39992 eb
341.57380 36.07426 -0.59778 0.39013 -0.70033 eb
341.75752 55.92673 -0.37734 0.91473 -0.14452 eb
342.99080 54.60248 -0.17320 -0.92999 -0.32421 eb
343.12386 36.37936 -0.70662 -0.57804 -0.40812 eb
343.44595 43.62260 -0.23168 0.77744 -0.58474 eb
344.79871 45.07985 -0.89552 0.38529 -0.22268 eb
345.28687 32.99194 0.01287 0.38215 -0.92401 eb
345.59741 50.16909 0.66632 -0.68478 -0.29513 eb
348.05912 73.54715 -0.46460 0.83081 0.30644 eb
348.28996 29.61258 0.77838 -0.23455 -0.58234 eb
348.30946 28.11594 -0.08988 -0.73034 -0.67714 eb
348.31995 15.00423 -0.58438 0.11038 -0.80394 eb
348.42774 53.26039 0.12117 -0.96948 0.21314 eb
348.93910 65.41751 -0.31883 -0.10001 -0.94252 eb
349.90850 52.20312 0.43977 -0.81592 -0.37534 eb
351.39459 50.65656 -0.60513 0.78563 0.12888 eb
352.11212 74.38361 -0.46438 -0.72526 -0.50828 eb
352.45318 41.47003 0.11493 -0.81296 0.57086 eb
352.54435 12.07694 -0.94138 -0.32995 0.07020 eb
352.91737 14.96787 -0.81536 0.17475 -0.55194 eb
353.30413 22.78751 0.71024 -0.06041 -0.70136 eb
353.83634 34.72788 -0.18099 0.55785 -0.80997 eb
354.30555 24.55972 0.66216 -0.57026 -0.48616 eb
355.77972 30.18626 0.69968 0.20799 -0.68351 eb
356.02153 48.74507 -0.68907 -0.49160 0.53245 eb
356.29161 46.78045 -0.37461 -0.09944 -0.92184 eb
356.54599 41.52538 -0.04054 0.99770 -0.05425 eb
356.79137 21.78217 0.25597 0.94103 -0.22122 eb
358.42340 33.98225 0.39956 0.04646 -0.91553 eb
358.50986 31.59407 -0.18852 0.57685 -0.79480 eb
359.99407 34.67593 -0.07658 -0.96926 -0.23384 eb
362.14262 36.14185 0.65363 -0.74493 0.13362 eb
362.47986 65.35830 0.57615 0.19538 -0.79365 eb
363.95144 33.48766 0.62234 0.34459 -0.70282 eb
365.37971 28.16872 -0.93319 0.35658 -0.04477 eb
367.04200 27.14258 0.40570 0.16073 -0.89976 eb
367.27434 76.65497 -0.02002 0.65949 -0.75144 eb
369.29149 48.13609 0.57928 -0.81337 -0.05343 eb
369.54027 25.27459 -0.44230 -0.86856 0.22356 eb
369.95665 33.84342 -0.91957 -0.27840 -0.27727 eb
372.13483 30.59984 0.56057 -0.23844 -0.79303 eb
372.22882 53.49427 0.67247 0.68907 -0.27015 eb
374.56652 66.20086 0.63651 -0.09078 -0.76591 eb
376.33202 52.65893 -0.03116 0.33651 -0.94116 eb
376.95125 28.57602 -0.47350 -0.82826 -0.29964 eb
377.96861 26.19271 -0.11385 0.24970 -0.96161 eb
378.34861 33.60870 -0.12381 -0.80986 -0.57341 eb
378.70728 40.38286 -0.51191 -0.81105 -0.28311 eb
379.05509 15.15336 -0.05873 0.42947 -0.90117 eb
381.28109 57.38942 -0.52077 -0.68762 0.50594 eb
386.40092 10.70242 0.84120 -0.40318 -0.36033 eb
387.14497 73.21697 0.37202 -0.65657 -0.65613 eb
387.71117 38.63147 0.76540 0.45035 -0.45972 eb
388.67712 61.33464 -0.50970 0.70630 -0.49128 eb
389.12382 23.71928 -0.11911 0.78129 -0.61269 eb
390.55385 20.93047 -0.75897 -0.64558 -0.08478 eb
390.81466 31.58044 0.45678 -0.84794 -0.26898 eb
394.99366 52.55952 -0.63549 -0.18330 0.75004 eb
396.83214 44.21169 0.95368 0.19090 0.23249 eb
397.44486 46.79077 0.74876 0.33615 -0.57128 eb
399.97559 33.73674 -0.58106 -0.80092 0.14452 eb
400.09008 41.29715 -0.73829 0.21635 -0.63884 eb
401.58701 30.48524 0.25683 -0.50046 -0.82679 eb
401.64788 47.91147 -0.31469 -0.46777 -0.82593 eb
411.43277 47.69515 -0.37524 0.78099 -0.49925 eb
414.81992 45.97169 -0.96376 -0.11124 -0.24245 eb
415.55007 22.19937 0.07675 -0.06530 0.99491 eb
428.90729 34.96475 0.32809 0.63507 0.69932 eb
448.82865 36.34064 -0.38098 0.35295 -0.85456 eb
454.34885 16.37499 0.54751 -0.56992 0.61272 eb
472.11387 45.83846 0.64854 -0.11137 -0.75299 eb
472.48781 19.77576 -0.76108 -0.52141 -0.38586 eb
487.09257 31.07470 -0.68435 0.24439 -0.68698 eb
529.77417 9.36098 -0.95819 -0.18754 -0.21613 eb
552.13474 19.93528 -0.31497 0.75850 0.57050 eb
566.89839 17.40255 0.03851 -0.52292 -0.85151 eb
568.81268 53.56739 -0.99571 0.07770 -0.05021 eb
578.73820 14.56068 0.99115 0.01020 -0.13232 eb
595.78021 26.65228 -0.80967 -0.03340 -0.58593 eb
609.40198 46.61437 -0.73127 -0.67585 -0.09202 eb
623.33133 19.72558 0.69767 0.29557 -0.65260 eb
630.12245 19.95278 0.64206 0.55992 0.52368 eb
641.55602 11.97201 -0.33318 0.94123 0.05541 eb
667.23849 25.17930 0.26480 -0.25154 0.93092 eb
708.92329 10.58713 0.24604 0.87704 0.41263 eb
712.46220 28.86140 0.85931 0.49961 0.10942 eb
738.97754 18.33874 -0.20422 0.64690 -0.73472 eb
773.13339 28.19397 -0.21903 -0.91725 -0.33269 eb
821.08438 23.57322 0.13352 0.90700 0.39941 eb
828.68960 26.20986 0.52705 0.31249 -0.79030 eb
839.34162 44.72987 0.17074 -0.01813 -0.98515 eb
892.80675 37.70872 0.94767 0.31911 0.00899 eb
927.38805 19.78441 0.51076 0.84182 0.17454 eb
979.95005 29.85141 0.98745 0.15698 0.01716 eb
1044.53998 13.70140 -0.59502 -0.00171 -0.80371 eb
1044.96510 42.00100 0.32387 0.89661 -0.30199 eb
1046.44170 21.52145 -0.69200 -0.03538 -0.72103 eb
1068.18761 14.31476 0.60646 0.66451 -0.43662 eb
1145.56916 15.91891 0.06135 0.40769 -0.91106 eb
1148.80192 17.49470 -0.44531 0.77191 -0.45371 eb
1152.80793 22.75423 -0.54556 -0.60295 -0.58208 eb
1337.87789 14.77148 -0.25244 0.92413 0.28680 eb
1401.23050 36.59189 0.77560 0.52779 -0.34624 eb
1432.20705 13.51002 -0.83738 -0.34629 -0.42293 eb
1433.24148 4.94256 0.06688 0.59939 -0.79766 eb
1451.26486 18.84607 -0.79889 0.31789 -0.51061 eb
1629.76806 29.33925 -0.98287 0.14051 0.11927 eb
1683.05692 34.33460 0.16883 -0.11947 -0.97838 eb
1686.96169 10.00004 -0.33766 0.54186 0.76965 eb
1882.07371 13.19041 -0.59292 0.57557 0.56317 eb
2006.17688 7.98601 0.97076 0.15073 -0.18685 eb
2023.12221 33.84504 0.42864 0.77831 -0.45880 eb
2137.61962 32.03348 0.30406 0.21131 -0.92892 eb
2167.12481 22.87400 0.56417 -0.48800 -0.66601 eb
2340.91961 15.94178 -0.13436 0.98596 0.09918 eb
2449.58576 30.23313 0.10805 0.88247 0.45779 eb
2577.81130 18.05866 0.36761 -0.24616 -0.89681 eb
2805.96694 21.70680 0.99796 -0.06289 0.01053 eb
2824.46106 18.15683 -0.00768 0.28961 0.95711 eb
3030.13296 15.57450 0.70614 0.38618 -0.59350 eb
4118.63410 22.70434 -0.53268 -0.44882 0.71751 eb
4180.04634 14.61220 -0.27107 0.95993 -0.07117 eb
4599.23868 18.82094 0.45266 -0.23772 -0.85941 eb
5211.96113 13.08226 -0.40138 -0.91537 0.03146 eb
5292.70165 15.06875 -0.61701 0.65257 -0.43984 eb
6287.13651 29.12349 -0.72454 -0.64074 0.25396 eb
6901.53376 9.53336 -0.85586 0.45562 0.24476 eb
7213.41487 16.71110 -0.29375 -0.67271 -0.67909 eb
7847.68537 14.57817 -0.57228 0.68121 0.45656 eb
8197.65600 20.11697 0.24757 0.60747 -0.75478 eb
8238.14043 23.72227 -0.19188 -0.53185 -0.82481 eb
8423.25876 24.45640 -0.75262 -0.29624 -0.58805 eb
8541.93548 21.11521 0.60613 -0.26843 -0.74870 eb
8737.36463 17.79886 -0.90502 0.32316 0.27658 eb
9899.81040 10.28636 0.50447 -0.18113 -0.84422 eb
10088.87946 13.99363 -0.34343 -0.59546 -0.72628 eb
11221.51365 23.11081 -0.31338 0.37600 0.87202 eb
11553.11987 77.98186 0.28011 0.84504 -0.45546 eb
11588.36006 19.35158 0.20029 0.69430 -0.69126 eb
11683.21829 17.75193 0.64361 0.15210 -0.75009 eb
13496.22693 12.92145 0.11362 0.98852 0.09962 eb
13924.96800 29.08492 -0.11598 0.95428 0.27548 eb
