16.19852 70.16400 0.25036 -0.59671 -0.76240 eb
21.35547 80.36255 -0.78844 -0.60332 0.11987 eb
21.86057 66.64240 0.85049 0.52026 -0.07741 eb
22.54604 44.97000 -0.10446 0.01403 -0.99443 eb
23.14750 78.47094 0.56448 -0.64340 -0.51711 eb
24.00874 82.96015 0.38212 0.90339 -0.19462 eb
24.30202 61.09684 -0.60038 0.79865 0.04128 eb
24.49214 61.76062 -0.82055 0.03742 -0.57035 eb
24.59056 38.11499 -0.49183 0.81972 0.29353 eb
25.01582 58.72120 -0.20907 0.10939 -0.97176 eb
25.50514 14.80493 0.13570 0.35615 -0.92452 eb
26.50568 85.46543 -0.49172 -0.67648 0.54825 eb
26.88541 21.22214 -0.75902 0.62906 0.16786 eb
27.80553 37.87368 0.75433 -0.31219 -0.57752 eb
28.13563 21.32845 0.01265 -0.84276 -0.53814 eb
28.22885 16.74912 0.43733 0.80455 0.40180 eb
28.82281 77.39654 0.26322 0.27074 -0.92597 eb
29.46368 51.72463 -0.94817 -0.19425 -0.25146 eb
30.47239 83.27376 -0.94422 0.32536 0.05080 eb
31.93309 85.91239 0.44855 0.10868 -0.88713 eb
32.03009 59.29910 0.61826 -0.76782 0.16798 eb
32.67847 37.45821 0.65617 -0.73535 -0.16943 eb
33.18128 72.73785 0.64267 -0.49034 -0.58868 eb
33.25087 64.11805 0.31492 -0.55815 -0.76765 eb
33.25238 86.48205 -0.34695 0.13318 -0.92838 eb
33.48096 70.21702 -0.31015 -0.52275 0.79407 eb
33.97072 38.33176 -0.17024 0.38711 -0.90618 eb
34.16427 34.23429 0.65456 -0.59209 -0.47008 eb
34.86043 47.90913 0.82862 0.21439 -0.51713 eb
35.29424 57.73639 0.66736 -0.61080 0.42610 eb
35.31318 46.63736 -0.91708 -0.39771 0.02803 eb
35.60969 59.61835 0.91368 0.03808 -0.40465 eb
36.54626 70.18595 0.20252 0.13363 -0.97012 eb
36.93816 79.40161 -0.62966 0.25170 -0.73497 eb
37.16048 55.20070 -0.82043 0.50572 0.26674 eb
37.31159 73.44275 0.15912 -0.31520 -0.93559 eb
37.37698 50.12500 -0.63553 0.22621 -0.73819 eb
38.88430 40.93965 0.21130 -0.62232 0.75370 eb
38.91637 73.70813 -0.28092 -0.87003 -0.40513 eb
39.56419 71.45266 0.44906 0.44826 -0.77292 eb
40.36456 66.38577 0.98225 0.18456 0.03342 eb
40.77332 76.26495 -0.50023 0.54509 -0.67279 eb
41.19090 85.72342 -0.00470 -0.50900 -0.86076 eb
41.23319 68.68188 0.92850 0.18899 -0.31964 eb
42.19378 37.06249 -0.34100 0.78258 0.52086 eb
42.19698 25.33024 0.21238 0.78955 -0.57577 eb
43.82883 33.23103 -0.70846 0.25265 -0.65898 eb
43.87857 31.10103 -0.16886 0.94732 -0.27216 eb
44.04587 55.34550 0.32879 0.82943 -0.45160 eb
45.83486 86.24893 0.78309 0.05437 -0.61952 eb
46.90813 34.38146 0.75953 0.60517 -0.23849 eb
47.06094 83.19059 -0.23948 -0.96525 -0.10456 eb
47.23251 54.88055 0.36056 -0.15425 -0.91989 eb
48.43576 84.33440 -0.38671 -0.83519 0.39104 eb
48.86825 23.27062 0.49374 -0.14336 0.85771 eb
49.49817 63.83741 -0.70465 -0.67456 0.22009 eb
49.82963 64.98355 -0.21777 0.96027 0.17451 eb
50.30387 38.48807 -0.33566 0.84417 -0.41799 eb
51.81158 80.56075 -0.98989 0.08180 -0.11586 eb
51.87898 53.78467 0.26701 0.76361 -0.58788 eb
53.17273 46.92081 -0.86385 0.50374 0.00025 eb
53.71603 72.69404 0.27082 -0.95886 0.08514 eb
54.21642 42.89540 0.80653 -0.44642 -0.38758 eb
54.56922 65.97197 -0.21858 -0.84988 -0.47950 eb
54.84066 81.49617 0.48312 -0.48859 -0.72655 eb
55.55099 66.98674 0.39558 -0.88122 -0.25878 eb
55.91447 37.96606 0.67143 0.18955 -0.71641 eb
56.74289 66.38584 -0.80308 0.38992 -0.45059 eb
56.84727 62.71711 0.48079 -0.86811 -0.12341 eb
57.78696 40.72588 -0.81179 0.42919 0.39597 eb
57.84021 58.76327 0.39605 0.59798 -0.69682 eb
58.29724 42.04841 -0.76712 -0.33287 -0.54838 eb
58.76474 50.68729 0.04687 0.99565 0.08050 eb
58.83750 27.92619 -0.05060 -0.54803 -0.83493 eb
58.94641 16.13005 -0.21310 0.83227 -0.51178 eb
59.91131 36.87994 -0.03060 0.99055 -0.13368 eb
60.13883 51.00636 0.70423 0.42392 -0.56952 eb
62.56372 34.23006 0.77277 -0.62098 0.13120 eb
63.02885 46.04128 0.19053 -0.96002 0.20511 eb
63.39489 81.46688 -0.81583 0.04686 -0.57639 eb
63.45807 32.97496 0.57883 -0.26091 -0.77258 eb
63.49914 49.98720 0.26669 -0.32951 -0.90570 eb
63.60829 23.75589 0.36910 -0.89834 0.23823 eb
64.04086 15.62550 -0.93701 -0.32135 0.13692 eb
64.06147 48.80979 0.59973 -0.80019 0.00458 eb
64.40446 27.02760 0.56590 -0.81588 -0.11872 eb
65.30655 62.09150 -0.92545 -0.37301 0.06635 eb
65.38028 83.57356 -0.77084 0.35988 -0.52563 eb
65.57149 41.19655 0.40272 -0.26236 -0.87692 eb
65.96671 61.38565 -0.67006 -0.56989 -0.47565 eb
66.66406 10.63454 -0.79255 -0.58753 0.16335 eb
66.75325 32.31896 -0.89671 0.17689 0.40572 eb
68.23416 37.32465 -0.47833 0.26915 -0.83592 eb
68.30373 59.84271 0.93044 -0.11360 0.34839 eb
68.44907 34.84505 -0.60516 0.35083 -0.71463 eb
70.25307 58.40928 0.33855 0.90071 -0.27223 eb
70.29682 61.66343 0.74264 -0.65466 0.14108 eb
70.43085 22.08720 -0.29154 0.67283 -0.67993 eb
72.05628 25.96999 -0.63255 0.70781 -0.31445 eb
72.33739 59.74973 -0.80135 0.56903 0.18451 eb
72.51217 35.96129 0.82480 0.53927 0.17000 eb
72.84055 37.90983 -0.65066 0.34623 -0.67584 eb
73.07663 69.06298 -0.68955 0.18655 0.69980 eb
73.38678 21.88404 -0.76694 -0.09470 -0.63470 eb
73.60800 41.61472 0.17434 -0.43297 -0.88439 eb
74.08160 75.11093 0.10987 0.98045 -0.16323 eb
74.80328 29.57287 0.37358 -0.92518 -0.06689 eb
74.91279 28.13879 -0.40430 0.12745 -0.90570 eb
75.36363 80.42162 0.28799 0.84722 -0.44640 eb
75.71863 11.08222 -0.35609 -0.25075 -0.90018 eb
76.66195 19.66413 -0.18027 0.57256 0.79980 eb
77.00466 38.17558 -0.88621 0.45198 0.10175 eb
77.20817 31.57468 0.13425 -0.55684 -0.81970 eb
79.04091 29.13527 0.07324 0.66254 0.74544 eb
79.11117 58.09469 0.62073 -0.38166 -0.68486 eb
81.17819 57.40419 0.78401 -0.60940 0.11816 eb
82.20528 42.63772 -0.81803 0.24702 -0.51943 eb
82.48208 70.75816 -0.94672 -0.27355 0.16996 eb
82.76807 38.46047 -0.79666 -0.34982 -0.49292 eb
86.08302 63.33667 -0.57655 0.46007 -0.67523 eb
86.12919 78.96488 0.24417 0.91264 -0.32782 eb
86.41685 29.70302 0.30969 0.78077 0.54267 eb
88.77008 41.96441 0.68009 0.49164 0.54384 eb
90.22714 36.80672 -0.83278 -0.53147 -0.15499 eb
91.37322 21.38587 -0.37673 -0.91757 -0.12705 eb
91.74255 22.67171 0.38269 0.80207 -0.45851 eb
93.65711 85.58779 -0.91391 0.39131 -0.10788 eb
93.76626 42.24756 0.85510 -0.11749 -0.50498 eb
93.91862 34.37851 0.34585 0.54056 -0.76693 eb
93.95455 58.86666 0.86170 0.34667 -0.37052 eb
94.24661 44.04769 0.50917 0.76203 -0.40007 eb
94.40064 23.41420 0.05361 0.37587 0.92512 eb
94.42606 16.77321 0.77026 0.18629 -0.60992 eb
94.84808 35.15434 0.48242 -0.87538 -0.03146 eb
95.56533 83.89005 -0.21782 -0.19871 -0.95555 eb
96.40463 48.71541 0.58887 0.19046 -0.78547 eb
96.59838 38.31621 0.09486 0.46254 -0.88151 eb
97.23471 29.66536 0.66209 -0.55198 -0.50690 eb
97.50845 85.00989 0.04709 0.33480 -0.94111 eb
98.05794 43.35423 -0.05573 0.96183 0.26790 eb
99.67405 35.69357 -0.45927 -0.87782 -0.13605 eb
99.93426 88.37018 -0.16031 -0.55073 -0.81914 eb
100.91292 13.69996 0.20257 -0.47022 -0.85898 eb
101.27563 35.91511 -0.24041 0.14790 -0.95934 eb
101.32035 7.71061 0.47586 -0.39584 -0.78541 eb
101.46241 43.93133 0.68924 0.72258 -0.05319 eb
101.77250 53.14436 -0.53562 -0.22928 -0.81274 eb
102.80092 19.08974 -0.65717 -0.73195 0.17994 eb
103.21882 28.04173 -0.54128 -0.79948 0.26047 eb
103.34881 27.13944 0.92732 -0.27460 0.25431 eb
103.50147 19.83106 -0.67510 0.04593 -0.73629 eb
103.85506 57.71641 0.59104 -0.79332 0.14602 eb
103.95556 25.23541 -0.40567 0.87612 -0.26047 eb
104.21857 30.40355 0.75939 0.18204 -0.62465 eb
104.58626 58.59390 -0.93985 -0.24493 -0.23810 eb
105.21248 16.89670 0.60768 -0.78167 -0.14041 eb
105.64659 20.33418 0.50007 0.03879 0.86512 eb
106.29086 19.54093 0.68064 -0.70839 0.18686 eb
107.27812 52.08851 0.81022 0.34144 -0.47640 eb
107.28392 31.95784 -0.80820 -0.33077 -0.48725 eb
108.12224 31.35986 0.63757 0.51584 0.57220 eb
108.60792 64.25699 -0.69711 -0.21593 -0.68368 eb
108.91860 32.17125 0.80616 0.59008 0.04359 eb
109.33026 30.46390 0.93806 0.20698 -0.27784 eb
109.59056 44.68155 0.89603 -0.06482 -0.43923 eb
109.77051 49.19726 0.86111 -0.07578 -0.50275 eb
111.15957 75.14737 -0.65343 -0.19596 -0.73119 eb
112.18774 34.61915 0.08925 0.98525 -0.14601 eb
112.23368 44.85440 -0.49856 -0.81383 -0.29852 eb
113.45414 49.54431 0.47240 -0.10464 -0.87515 eb
113.94076 20.80824 0.66457 0.68056 0.30853 eb
115.20131 23.30180 -0.95547 -0.18770 0.22770 eb
115.58294 55.89794 0.33167 0.93686 -0.11085 eb
116.55448 50.77240 -0.68583 -0.44682 0.57445 eb
116.72305 78.50269 0.73530 -0.52500 -0.42862 eb
117.99313 26.50974 -0.49318 -0.84390 -0.21123 eb
118.42869 35.08878 0.65392 0.73041 0.19720 eb
118.85205 35.35274 -0.41157 0.86595 -0.28416 eb
119.50006 29.83910 0.00648 0.91504 -0.40332 eb
119.70156 19.31619 -0.36713 -0.68804 -0.62595 eb
121.84485 87.51346 -0.09021 0.92514 -0.36876 eb
122.04774 44.50144 -0.14568 -0.32366 -0.93489 eb
122.14011 22.81077 0.09764 0.36882 -0.92436 eb
122.14749 85.65940 0.73046 0.45602 -0.50840 eb
122.78425 26.43145 -0.27929 0.31963 0.90545 eb
123.43718 46.70604 0.44964 -0.46628 -0.76184 eb
123.55628 86.83278 -0.30902 -0.76182 -0.56933 eb
124.48435 52.38045 0.16690 0.97535 -0.14437 eb
125.66061 64.88048 0.27017 0.92429 -0.26964 eb
126.76372 68.00086 0.34691 0.38314 -0.85607 eb
127.87147 23.64370 0.37029 -0.13939 0.91840 eb
128.11466 61.95010 0.49449 0.63621 -0.59222 eb
128.87801 67.92658 -0.31237 0.74338 -0.59145 eb
129.43515 38.79836 0.28194 0.86408 -0.41698 eb
130.05440 39.08502 0.32028 0.38189 -0.86694 eb
130.10663 83.09187 0.16529 0.10968 -0.98013 eb
131.30052 64.43067 -0.34069 0.53698 -0.77174 eb
131.34213 47.67629 0.85177 0.47479 -0.22148 eb
131.40869 30.02575 -0.37903 0.53770 -0.75314 eb
131.99093 20.88881 -0.70215 0.05902 -0.70958 eb
132.80816 61.94157 0.42216 0.24501 -0.87278 eb
133.88251 44.02592 -0.53673 -0.74143 0.40274 eb
133.95387 58.16617 -0.30805 0.91318 0.26685 eb
134.48611 28.69389 0.54023 -0.71167 -0.44909 eb
135.11576 17.60933 0.61566 -0.64715 0.44962 eb
135.45680 43.01658 -0.94703 -0.27074 0.17273 eb
136.58700 31.07462 0.14098 0.95050 0.27689 eb
137.09457 10.50676 -0.95736 -0.05755 0.28309 eb
137.52606 29.36324 0.08422 0.58822 -0.80430 eb
137.92560 48.56883 0.33175 0.38696 -0.86035 eb
138.05973 6.11814 -0.34199 -0.20735 -0.91654 eb
138.33459 35.49171 0.25904 0.76152 -0.59412 eb
138.46711 41.27014 -0.13537 0.92759 0.34820 eb
138.54378 26.48604 -0.74631 -0.11837 -0.65499 eb
138.69881 87.10698 -0.93628 -0.18061 0.30126 eb
139.20543 25.09153 0.35269 -0.32594 -0.87714 eb
139.59493 44.76515 0.57137 0.22713 -0.78864 eb
139.64543 63.04767 -0.15914 0.75676 -0.63402 eb
139.79717 29.39560 -0.21096 0.81290 0.54285 eb
140.97331 20.33085 -0.70818 -0.33992 0.61881 eb
141.03851 24.88896 0.86118 0.46347 0.20872 eb
141.45567 81.25572 0.50132 0.45458 0.73623 eb
142.33221 69.74134 -0.23662 -0.58791 -0.77354 eb
143.24962 45.21562 -0.22614 -0.88830 -0.39974 eb
143.56197 44.99348 -0.75866 -0.65149 0.00047 eb
145.27434 36.90097 0.53700 -0.15365 -0.82947 eb
145.83913 33.59962 0.61084 0.67161 -0.41930 eb
145.85532 42.29707 -0.17378 -0.49721 -0.85005 eb
146.07548 36.12881 -0.07985 -0.75274 -0.65346 eb
146.64959 12.70756 -0.48296 -0.45959 -0.74534 eb
147.61249 82.79290 0.16204 0.35344 -0.92132 eb
147.72782 65.13608 -0.90721 0.05645 0.41686 eb
148.39770 46.02777 0.27348 -0.56182 0.78075 eb
149.23242 60.19495 0.90879 -0.13937 0.39328 eb
150.63405 33.94167 -0.53864 0.03293 -0.84189 eb
150.96612 60.99924 0.29679 0.12198 -0.94712 eb
151.02700 51.82388 -0.95334 0.13151 -0.27176 eb
151.36541 18.59670 -0.22409 -0.51749 -0.82582 eb
154.25457 37.96419 0.67891 -0.43834 -0.58902 eb
155.82671 44.18926 0.04963 0.87541 0.48082 eb
157.57788 60.34691 -0.05981 -0.47972 -0.87538 eb
157.59573 26.23692 -0.68475 -0.13283 0.71657 eb
157.78864 69.29728 0.81030 -0.17633 -0.55886 eb
158.16610 31.61698 0.31901 0.93659 -0.14501 eb
159.03580 47.62351 0.93154 -0.03513 -0.36193 eb
159.52728 84.27983 -0.33832 0.77397 -0.53526 eb
159.76666 40.10107 -0.39252 -0.91656 -0.07644 eb
160.79557 87.73229 -0.44123 -0.60914 -0.65898 eb
161.13903 38.51438 -0.93159 -0.32801 -0.15671 eb
164.02818 55.21234 0.10213 -0.96183 -0.25387 eb
165.23115 57.62701 -0.13758 0.64787 -0.74922 eb
165.82894 6.30573 -0.59413 -0.66283 -0.45570 eb
166.71320 33.47336 0.18668 -0.11124 0.97610 eb
167.46553 29.85647 0.30276 0.13468 -0.94350 eb
168.23261 40.50939 -0.80508 0.51430 0.29554 eb
168.86734 26.81765 0.29089 0.37550 -0.87999 eb
169.37782 34.35616 -0.45657 0.75500 -0.47067 eb
169.39388 11.04052 0.83702 0.51210 -0.19272 eb
169.63084 19.81845 -0.02110 0.72419 0.68927 eb
170.18060 31.32336 -0.76223 0.57472 0.29781 eb
170.23411 70.56548 0.18547 0.44552 -0.87585 eb
171.78393 61.44106 -0.54714 -0.71574 0.43399 eb
172.73168 44.10342 0.14204 -0.04402 -0.98888 eb
172.86059 28.11984 0.42876 0.88814 0.16545 eb
173.26021 42.55870 -0.26152 -0.85584 0.44625 eb
174.95555 27.51606 -0.29102 -0.95626 -0.02968 eb
175.23491 40.01464 -0.03324 0.13500 -0.99029 eb
175.87543 64.97168 -0.82208 -0.50828 -0.25658 eb
176.00332 65.43494 0.33641 0.79966 -0.49736 eb
176.52756 30.73295 -0.77985 0.46494 -0.41912 eb
176.68811 50.03509 -0.60190 0.68100 0.41708 eb
176.80086 23.12010 0.48884 -0.13025 -0.86259 eb
177.55304 29.25877 -0.24648 -0.92819 -0.27877 eb
178.09267 25.99088 -0.56825 0.56884 -0.59457 eb
178.44597 73.13847 -0.95027 -0.18800 -0.24827 eb
178.86182 66.38532 -0.45046 0.01754 -0.89263 eb
179.61896 26.20099 -0.00598 0.69104 -0.72279 eb
179.92085 41.68927 -0.78546 -0.07284 -0.61461 eb
180.87399 38.49585 0.56082 -0.14517 0.81511 eb
181.26577 47.58788 0.66805 -0.55593 0.49462 eb
182.09556 28.89279 -0.29350 0.25459 -0.92143 eb
182.61099 29.32759 0.95525 -0.15976 0.24895 eb
182.71382 31.64005 -0.61252 0.49662 -0.61497 eb
183.51250 39.16108 0.64623 -0.59831 0.47372 eb
183.68786 38.99489 0.01594 -0.24872 -0.96844 eb
183.69785 29.64428 -0.96306 -0.20734 -0.17184 eb
184.68821 63.93153 0.83242 0.01591 -0.55392 eb
184.88823 21.33512 -0.10647 0.05656 -0.99271 eb
186.27737 38.69805 0.66719 -0.68694 0.28805 eb
186.46253 39.02736 0.38517 0.18830 -0.90343 eb
186.84983 36.74302 -0.49017 -0.83818 0.23915 eb
186.86733 41.35907 0.52165 0.78279 -0.33930 eb
187.87452 16.40816 0.84077 0.50029 -0.20692 eb
188.84591 22.51987 0.02130 0.92505 -0.37925 eb
190.00343 62.71796 -0.03981 0.56672 -0.82295 eb
190.20884 17.30022 0.74688 -0.33847 -0.57237 eb
190.37792 22.40505 0.27628 -0.95776 0.07975 eb
192.10721 18.56842 -0.33360 -0.30850 -0.89081 eb
193.77098 10.76015 0.26856 -0.94503 0.18652 eb
194.36329 53.37635 0.68758 0.49128 -0.53468 eb
194.97410 65.82463 0.85254 0.49392 0.17096 eb
195.14470 30.89517 0.22982 -0.94723 -0.22345 eb
195.66870 34.55071 -0.93588 0.23068 -0.26631 eb
195.79912 55.17749 -0.12723 0.61359 -0.77931 eb
195.82062 23.27139 -0.10512 -0.95021 0.29336 eb
196.19132 46.86774 0.74186 0.23004 -0.62986 eb
196.90789 51.75798 0.23824 -0.21151 -0.94790 eb
197.60208 13.04492 0.62256 0.05931 -0.78032 eb
198.36251 73.54443 -0.05146 -0.84325 -0.53505 eb
198.43335 18.65429 -0.94872 -0.30267 -0.09128 eb
199.23750 13.89235 0.19705 0.73620 -0.64744 eb
199.32164 11.61406 -0.08313 0.19116 0.97803 eb
199.99933 64.11551 0.66059 0.44825 0.60224 eb
200.43473 66.26193 0.94057 -0.27018 -0.20576 eb
201.45316 14.78234 -0.26781 -0.82511 0.49747 eb
201.81008 68.53915 -0.19306 -0.48336 0.85387 eb
202.10605 49.40158 -0.23156 -0.53915 -0.80975 eb
202.60471 34.73950 0.29578 0.49693 -0.81583 eb
203.08930 32.12194 -0.20975 -0.74697 0.63090 eb
205.01241 20.81766 -0.41784 0.66170 -0.62254 eb
205.13276 24.73035 0.68357 0.72946 0.02476 eb
205.91695 82.50556 0.86328 -0.48365 -0.14431 eb
205.99703 55.75952 0.12946 -0.62912 -0.76645 eb
206.18144 29.09254 0.99737 0.06854 -0.02341 eb
206.62085 35.76992 -0.58605 0.66012 -0.46987 eb
207.29016 57.19861 -0.73297 -0.31804 -0.60134 eb
208.16049 19.29665 -0.47463 0.85352 -0.21501 eb
208.39608 42.31650 0.30723 0.88541 -0.34881 eb
210.29662 25.48220 -0.91074 -0.14844 -0.38537 eb
211.57824 42.27751 0.56394 -0.49818 -0.65863 eb
211.67727 12.89172 -0.95443 0.11299 -0.27620 eb
211.73382 31.11041 0.39723 -0.91697 -0.03718 eb
212.49447 86.95234 0.11310 0.87838 -0.46439 eb
213.35123 20.70845 -0.80558 -0.59213 0.02077 eb
213.77966 51.83843 0.40358 -0.67978 -0.61239 eb
214.02756 77.12959 0.92868 0.34535 0.13521 eb
216.13242 15.07981 -0.37369 0.92621 -0.04984 eb
216.51476 36.56632 -0.47828 0.29364 -0.82766 eb
217.60422 75.01552 0.17654 -0.60357 -0.77752 eb
218.10742 24.01920 -0.27160 -0.76043 -0.58990 eb
218.13521 49.91322 0.47350 -0.83961 -0.26620 eb
218.96530 64.47358 -0.44532 0.52140 0.72790 eb
220.66580 51.00175 -0.02154 0.64265 -0.76585 eb
220.90124 56.98466 0.90546 0.19002 -0.37951 eb
221.00538 14.73819 0.93859 -0.27080 -0.21381 eb
222.54651 72.71331 -0.13685 -0.74886 0.64845 eb
222.64126 81.52488 -0.24939 0.96501 0.08094 eb
222.83803 66.29581 -0.50659 -0.60738 -0.61192 eb
222.86540 14.50572 0.76734 -0.51043 -0.38813 eb
223.08412 83.58331 -0.81192 -0.12797 -0.56957 eb
223.16943 23.62044 0.57771 0.81209 -0.08227 eb
223.28140 29.42811 0.58721 0.45840 0.66712 eb
223.70527 41.07762 -0.01811 0.99718 -0.07285 eb
223.91155 59.31566 -0.55493 0.63524 -0.53714 eb
224.25411 28.00886 0.47505 -0.57122 0.66935 eb
225.71712 55.25520 -0.10370 -0.69893 -0.70763 eb
228.04985 35.53559 0.28511 -0.13636 -0.94875 eb
228.11150 20.58481 -0.04962 -0.52480 0.84978 eb
230.80675 77.90244 -0.41101 0.72731 -0.54963 eb
231.79894 63.60599 -0.55825 0.67469 0.48286 eb
233.76478 9.01767 0.34645 -0.16441 0.92355 eb
233.94993 46.52896 -0.20114 -0.90521 -0.37434 eb
234.24206 47.52310 -0.97086 0.11612 -0.20963 eb
234.69300 21.47619 -0.48183 0.74519 -0.46101 eb
235.04792 53.98902 0.37835 0.87026 -0.31544 eb
235.04982 16.18783 0.85819 -0.36472 -0.36124 eb
236.09726 26.28547 -0.47988 -0.60913 0.63141 eb
237.08364 33.15027 0.54806 0.55410 -0.62658 eb
237.40668 59.31599 0.86087 -0.49421 -0.12110 eb
237.88312 63.43576 -0.38487 0.52077 -0.76202 eb
239.85355 22.28933 -0.51462 -0.64646 0.56325 eb
240.82493 34.87088 -0.89603 0.36182 0.25733 eb
241.15530 50.10792 -0.64618 0.67333 -0.35929 eb
241.22766 16.71266 -0.25934 -0.16255 0.95201 eb
242.32086 15.74688 0.86886 0.46271 -0.17601 eb
242.45000 20.50717 -0.57608 0.70925 0.40631 eb
243.85598 48.60153 0.43480 -0.90032 -0.01919 eb
244.68123 37.64980 -0.85527 0.19918 -0.47838 eb
245.08467 46.81771 0.65146 0.02653 0.75822 eb
246.81254 37.46767 -0.89551 0.41508 -0.16054 eb
246.99823 26.35500 0.19002 -0.25696 -0.94756 eb
247.54113 56.89861 0.75686 -0.64500 -0.10556 eb
249.27866 40.99940 0.55091 0.81887 -0.16112 eb
250.29082 64.00784 -0.51431 -0.64492 -0.56530 eb
250.49532 28.98507 -0.62212 -0.68661 0.37620 eb
250.58869 44.91400 0.13730 0.01288 -0.99045 eb
250.63192 42.89792 0.56155 -0.79769 -0.21988 eb
253.30169 26.04334 0.30149 0.82601 0.47625 eb
254.96719 56.04890 -0.94438 -0.28481 -0.16443 eb
255.59679 36.56024 0.16497 0.21672 -0.96219 eb
256.73286 46.72967 -0.56808 -0.38630 -0.72667 eb
256.89602 23.60301 0.82048 -0.55957 0.11700 eb
258.88697 31.20014 -0.68641 -0.70507 -0.17808 eb
259.99021 50.26563 0.33072 -0.90836 -0.25592 eb
260.18222 55.31383 -0.53400 -0.52176 -0.66529 eb
261.27900 12.78260 0.01548 0.99988 -0.00040 eb
261.53827 16.61987 -0.29864 0.89783 -0.32361 eb
263.82136 26.13645 0.61891 0.40833 -0.67098 eb
263.90854 63.37518 0.22914 0.78484 0.57577 eb
264.00769 47.96419 -0.07396 -0.89639 -0.43706 eb
264.18663 59.83234 0.45930 0.88086 0.11456 eb
265.76439 16.08378 -0.78895 -0.27895 -0.54749 eb
266.20353 42.08483 -0.16394 -0.43833 -0.88374 eb
266.95549 39.72914 0.81189 -0.44672 -0.37588 eb
267.39831 22.74447 0.98599 0.16631 -0.01308 eb
267.58498 32.43836 0.29653 0.53505 0.79107 eb
268.18062 72.01968 0.43872 -0.14472 -0.88689 eb
268.52324 83.28874 0.66582 -0.58883 -0.45821 eb
269.21964 26.38708 0.89999 -0.34483 0.26668 eb
270.76469 22.45555 0.01773 -0.95945 0.28132 eb
271.81314 52.94129 -0.97214 0.22871 -0.05132 eb
272.20681 36.16387 0.08185 -0.77660 -0.62465 eb
275.64267 34.80029 0.05189 -0.80465 -0.59148 eb
275.96493 31.93988 0.92871 0.34360 0.13941 eb
276.09625 37.88218 0.83309 0.16744 -0.52719 eb
276.84915 41.99759 -0.49910 -0.70772 -0.50003 eb
277.19418 67.49236 0.84327 0.34475 -0.41236 eb
277.99873 85.12507 -0.48666 0.83855 -0.24494 eb
278.12097 13.23734 0.12677 0.75343 0.64519 eb
279.26202 21.82949 0.22655 0.77566 -0.58908 eb
279.94062 25.63430 0.80626 0.56541 -0.17393 eb
281.27226 29.24513 -0.44736 0.87713 -0.17470 eb
281.34004 38.23248 0.80895 -0.57058 -0.14156 eb
282.36358 34.90687 -0.13090 -0.62477 -0.76976 eb
282.99555 29.84558 -0.75308 0.55060 -0.36015 eb
283.61366 18.97919 0.99886 -0.00887 0.04682 eb
285.96208 52.23163 -0.87137 0.28411 0.39999 eb
286.68088 23.39274 0.17555 0.98138 -0.07797 eb
287.61007 66.43120 0.46213 0.87144 -0.16441 eb
287.65894 19.66660 -0.87663 0.42568 -0.22429 eb
287.91727 32.54422 -0.22809 0.94090 -0.25038 eb
289.14287 46.22212 0.49975 -0.55091 -0.66839 eb
290.08898 19.84689 -0.66201 0.32499 0.67537 eb
290.16789 19.81639 0.13057 0.66945 0.73129 eb
290.70274 45.66583 0.80689 -0.07350 0.58612 eb
290.92600 17.53557 -0.60598 0.03555 0.79469 eb
291.57813 25.97505 -0.34569 -0.82289 0.45093 eb
291.57876 47.57915 0.06598 0.83589 -0.54492 eb
291.96104 30.14913 -0.04601 0.92186 -0.38479 eb
291.98169 47.77513 0.63655 0.58697 -0.50026 eb
292.47360 15.57566 -0.35724 -0.90705 0.22282 eb
292.48851 45.68228 -0.00441 -0.49643 -0.86807 eb
292.49417 12.91334 -0.70865 0.03297 -0.70479 eb
292.80342 43.28659 0.66864 -0.67370 -0.31470 eb
293.60145 24.09424 -0.87035 0.12067 -0.47742 eb
294.75118 52.36740 -0.81603 0.36909 -0.44483 eb
295.67608 36.18378 0.82312 -0.53905 0.17857 eb
296.03950 70.13700 0.25499 0.18057 -0.94993 eb
296.53515 17.17034 0.57582 0.30440 -0.75879 eb
296.82764 38.35107 0.87599 0.35018 -0.33169 eb
297.05676 36.85770 -0.57268 -0.65991 0.48637 eb
297.11108 20.84791 0.86733 0.33104 -0.37168 eb
297.35513 80.63839 0.77859 0.58280 0.23269 eb
298.10212 85.67880 0.59339 0.76905 -0.23758 eb
298.35588 56.68200 -0.10564 0.55407 -0.82574 eb
298.39054 32.75928 0.75790 0.59855 -0.25948 eb
298.41257 21.47863 -0.81065 0.51008 -0.28752 eb
298.48527 22.22627 0.42860 -0.03566 0.90279 eb
298.66366 36.06907 0.55701 -0.21742 -0.80154 eb
298.72800 26.75997 -0.12142 0.54054 -0.83251 eb
299.70678 56.19737 0.35907 0.27032 -0.89330 eb
301.16149 23.25613 -0.10823 0.78448 -0.61064 eb
301.17228 34.80662 -0.36329 -0.91755 0.16160 eb
302.19970 9.52959 0.98383 -0.12280 0.13040 eb
303.19359 56.57200 -0.16356 -0.91415 0.37091 eb
303.38097 30.39854 0.95468 0.05877 -0.29178 eb
303.69904 51.75382 -0.30720 -0.16782 -0.93673 eb
303.95341 69.19805 -0.37381 0.09951 -0.92215 eb
304.08324 58.39341 -0.04244 -0.51064 -0.85875 eb
304.66425 35.38130 -0.35338 0.89744 -0.26407 eb
304.66865 36.59721 -0.27060 -0.20602 -0.94039 eb
306.58996 14.26354 -0.68194 -0.69326 0.23313 eb
306.96156 88.51578 -0.15879 0.87625 0.45494 eb
307.38575 22.03589 -0.92492 0.31266 0.21625 eb
307.77656 12.48968 -0.31929 0.67297 0.66720 eb
308.91699 46.53219 0.48827 -0.54287 0.68329 eb
309.30985 41.89052 -0.42314 -0.57331 -0.70162 eb
309.60563 50.00487 -0.35375 -0.70002 0.62035 eb
309.76606 46.59644 -0.05530 0.05575 -0.99691 eb
310.98185 47.95273 0.18388 -0.79177 0.58248 eb
311.37406 32.84762 0.79880 0.03711 -0.60045 eb
311.45883 23.16811 0.99093 -0.01395 0.13363 eb
311.48742 48.19457 -0.51773 0.83464 -0.18794 eb
311.51965 86.52174 -0.19025 0.71499 -0.67275 eb
311.72694 10.64332 0.85722 -0.46548 -0.22021 eb
312.28104 7.77214 -0.34624 -0.82933 0.43856 eb
312.53145 56.68034 -0.23364 -0.78443 -0.57453 eb
312.64672 31.00235 0.62569 -0.12740 -0.76960 eb
312.79850 44.41816 -0.29695 0.72104 -0.62604 eb
313.50480 59.00515 -0.94222 0.23893 -0.23481 eb
315.35854 57.41222 0.63978 -0.51487 -0.57060 eb
316.95924 37.66345 0.05405 -0.99492 -0.08495 eb
318.29531 77.31374 0.85077 0.18645 -0.49135 eb
318.37481 50.43508 -0.31131 -0.41542 -0.85470 eb
318.82594 50.16213 -0.41393 0.17930 -0.89248 eb
319.57940 40.38414 -0.88800 0.44862 0.10103 eb
319.77062 62.78391 0.12939 -0.32978 -0.93515 eb
319.98089 70.55013 0.16951 0.86537 0.47160 eb
320.35011 61.51647 0.85418 -0.05081 0.51748 eb
321.10148 59.05212 0.19857 0.00573 -0.98007 eb
321.24266 46.70358 -0.16346 -0.25342 -0.95345 eb
321.54975 39.72495 -0.16244 -0.60498 -0.77950 eb
321.58548 34.11517 -0.94914 0.30572 0.07535 eb
322.27125 43.63693 0.49585 0.84685 -0.19231 eb
323.78041 20.70340 0.19852 -0.30221 -0.93234 eb
324.25121 30.68571 0.89244 -0.33891 0.29780 eb
324.82366 71.27836 0.64229 0.69383 -0.32568 eb
324.88493 30.28841 0.20505 -0.14344 -0.96818 eb
325.79259 51.48751 0.97223 -0.17100 0.15977 eb
325.94161 56.17754 -0.37309 -0.23103 -0.89857 eb
327.41274 37.67502 -0.67745 -0.40111 -0.61658 eb
327.47358 24.31851 0.46261 -0.26279 0.84672 eb
327.50108 59.84586 -0.27261 0.04399 -0.96112 eb
327.64386 83.91363 -0.94451 0.32709 -0.03014 eb
328.29381 59.24242 0.99854 0.03462 -0.04145 eb
328.57246 25.51242 0.84863 -0.32301 -0.41892 eb
328.85420 51.07093 0.53079 0.18510 -0.82704 eb
330.75069 25.33568 0.14508 -0.97576 -0.16383 eb
331.34802 28.52675 -0.33753 -0.89981 0.27643 eb
331.60569 80.84989 0.54306 -0.66399 -0.51401 eb
332.27881 79.73325 0.68046 -0.66199 -0.31424 eb
332.33271 8.06933 0.63514 -0.08666 -0.76752 eb
332.71061 17.45940 0.86906 -0.49207 -0.05107 eb
333.13841 28.46040 0.91628 -0.27461 -0.29159 eb
333.66869 18.93920 0.02409 -0.90731 0.41977 eb
334.26413 29.94697 -0.77590 -0.62979 0.03660 eb
334.43401 34.64006 0.41555 -0.45153 -0.78958 eb
334.49133 88.15843 -0.91493 -0.30171 -0.26810 eb
334.58722 73.09915 0.32887 0.82981 0.45084 eb
334.88020 74.35390 -0.13374 -0.06901 -0.98861 eb
335.22241 63.87953 0.97645 0.21267 -0.03636 eb
336.10232 32.95979 0.83676 0.48294 0.25808 eb
336.21522 34.74836 -0.55461 -0.79080 -0.25893 eb
337.39119 53.63423 0.40482 -0.01755 -0.91423 eb
337.69544 18.05578 0.99904 -0.04366 -0.00420 eb
337.98584 72.55361 0.04132 0.82187 -0.56818 eb
338.28030 40.12217 0.53902 0.76924 -0.34312 eb
338.68152 11.83672 -0.62662 0.70579 -0.33047 eb
338.84641 42.46763 0.55763 0.14438 -0.81744 eb
339.64377 22.95588 -0.92127 -0.29978 0.24777 eb
339.65742 13.63633 0.96940 0.10615 -0.22133 eb
339.94762 71.35681 0.21385 -0.00245 -0.97686 eb
340.16206 39.44313 0.21628 0.88268 0.41725 eb
340.60336 36.81239 0.53719 -0.57818 -0.61411 eb
340.63564 35.12628 0.72928 -0.54408 -0.41488 eb
341.32305 59.63062 -0.94717 -0.09567 0.30614 eb
341.78378 39.29709 0.84967 0.52697 0.01928 eb
342.03779 22.26589 -0.20759 0.27553 -0.93861 eb
343.49484 40.18667 0.61385 0.08029 -0.78533 eb
344.31170 21.43483 0.47025 -0.62425 0.62384 eb
345.66895 39.79216 -0.16525 -0.71875 0.67534 eb
345.68028 22.34973 0.01679 0.46915 0.88296 eb
345.71663 20.59230 0.24806 0.86410 0.43794 eb
345.73754 15.52553 0.19202 -0.28779 -0.93825 eb
346.15351 33.32990 -0.59270 0.20008 -0.78017 eb
346.20690 35.83000 0.90149 -0.43240 0.01872 eb
346.31271 62.56583 -0.85750 -0.14368 0.49401 eb
347.26679 25.73518 -0.33621 -0.25181 -0.90750 eb
347.73232 37.63393 0.98865 0.11013 0.10214 eb
349.25060 38.60319 0.97037 -0.20881 -0.12156 eb
349.81354 48.25373 0.70769 -0.64826 -0.28093 eb
349.85654 44.76616 0.85212 0.14887 -0.50173 eb
350.16628 41.77508 0.36673 0.04820 0.92908 eb
350.50621 37.08018 -0.57838 -0.45740 0.67547 eb
350.64065 58.52263 -0.30884 0.85193 -0.42288 eb
352.16802 47.14319 -0.55892 -0.46100 -0.68927 eb
352.43944 9.92557 -0.49578 0.05406 -0.86677 eb
352.80204 16.22467 0.12497 -0.90524 -0.40610 eb
353.19881 38.98795 -0.31882 0.87609 -0.36168 eb
354.22358 39.58142 0.47868 0.55098 0.68358 eb
356.53788 66.90937 -0.25186 0.56549 -0.78536 eb
357.79480 41.63612 -0.81585 0.51510 -0.26278 eb
358.75115 25.26430 0.67912 0.27660 0.67991 eb
359.01029 23.25322 0.25335 0.00870 0.96733 eb
359.02469 32.06831 -0.62089 0.66991 0.40709 eb
360.67474 38.34228 0.07454 0.19682 -0.97760 eb
361.04382 49.42801 0.46786 0.53900 -0.70042 eb
361.36012 19.12241 0.48242 -0.42694 -0.76485 eb
364.04185 33.15891 -0.75834 0.50970 -0.40635 eb
366.14649 28.24955 -0.89276 0.36517 -0.26386 eb
366.15628 30.22835 -0.95722 0.27056 0.10256 eb
366.91850 31.36428 -0.95404 -0.12009 0.27457 eb
369.22307 24.89659 -0.40146 0.40687 -0.82054 eb
369.64353 65.32956 -0.12114 -0.42010 -0.89935 eb
370.24786 33.51258 0.31251 -0.94985 0.01126 eb
370.46843 26.79480 0.52081 -0.78022 0.34644 eb
371.14813 34.05819 0.58910 0.44868 -0.67204 eb
371.37253 38.53222 -0.67839 0.36962 -0.63496 eb
371.73058 37.26765 0.23195 0.68514 -0.69050 eb
371.88188 35.22653 -0.02533 -0.72913 -0.68391 eb
371.95099 43.76887 -0.84808 0.52279 -0.08630 eb
372.27039 55.11780 0.57810 0.10235 -0.80953 eb
372.43503 20.64601 0.28022 0.72218 0.63240 eb
374.07218 19.33102 0.23393 0.95875 -0.16150 eb
374.69455 37.43934 -0.34196 0.91646 -0.20775 eb
375.69755 34.05441 0.73175 0.13386 0.66830 eb
376.46219 19.39128 0.16156 0.74793 0.64382 eb
377.12509 69.92419 -0.42270 -0.37771 -0.82381 eb
377.55892 45.84164 -0.51611 -0.07761 -0.85300 eb
378.02985 29.03926 0.67400 -0.46114 0.57712 eb
380.30426 38.59420 0.89045 -0.23205 -0.39148 eb
380.70901 29.24149 0.56495 -0.43344 -0.70212 eb
382.08670 62.95512 -0.36111 0.82370 0.43718 eb
383.54951 23.40933 0.05586 0.73006 0.68109 eb
387.75425 33.15078 -0.72693 -0.44159 -0.52589 eb
388.21872 40.93763 -0.28338 0.90471 -0.31811 eb
389.13994 42.55157 -0.93241 0.34507 -0.10742 eb
391.92667 23.12803 0.52916 -0.10634 -0.84183 eb
393.41334 58.49979 -0.97458 -0.22157 -0.03308 eb
394.49742 67.67033 -0.99306 -0.08029 -0.08595 eb
394.65866 43.39623 0.03381 -0.11571 -0.99271 eb
394.99727 27.96952 0.97707 0.08717 0.19426 eb
405.37367 48.70129 0.37334 0.21728 -0.90189 eb
406.86272 80.00366 0.41217 -0.90716 -0.08473 eb
411.85432 63.26574 -0.43694 -0.77595 -0.45496 eb
412.99646 24.51193 0.03803 -0.87110 0.48963 eb
415.80124 38.83296 -0.71283 0.58587 -0.38554 eb
417.53294 38.92364 0.57776 0.34803 -0.73829 eb
418.41607 67.66701 0.52081 0.84577 -0.11588 eb
424.14489 18.57782 0.06359 -0.99501 -0.07690 eb
428.51378 37.82578 0.62836 -0.25832 -0.73378 eb
431.02612 33.36337 0.73527 0.63408 -0.23941 eb
431.49619 13.53942 0.64460 0.03460 0.76374 eb
432.70032 22.77387 -0.13988 0.28424 -0.94850 eb
433.57536 25.47482 0.46534 -0.60418 -0.64686 eb
454.52470 43.50834 0.94810 0.31230 0.05974 eb
456.48054 50.38594 0.53970 0.54878 -0.63840 eb
468.71149 19.21507 -0.70018 -0.55943 -0.44361 eb
472.35954 31.03964 -0.01913 0.85673 -0.51541 eb
479.12208 20.00991 -0.75881 -0.51166 -0.40301 eb
482.48144 10.01604 0.92441 0.02985 -0.38023 eb
488.72006 38.14415 -0.31921 0.14727 -0.93617 eb
492.17030 30.30474 -0.12290 -0.55488 0.82280 eb
500.56098 37.45753 -0.81535 -0.29863 -0.49600 eb
508.24963 50.09031 0.69936 -0.36012 -0.61742 eb
511.41387 52.09091 0.56135 -0.47657 0.67658 eb
558.45219 26.17959 -0.95263 0.30047 -0.04697 eb
561.92082 19.21890 -0.23801 0.94333 0.23125 eb
615.69627 24.01315 0.95271 0.26522 0.14835 eb
618.11166 29.25757 0.66835 -0.13386 -0.73171 eb
623.99665 14.73767 -0.14646 -0.58160 0.80018 eb
648.11371 23.99520 -0.72041 -0.63514 -0.27858 eb
655.28981 12.29545 0.62550 -0.38734 -0.67729 eb
661.88996 27.39469 0.53041 0.81029 0.24919 eb
718.09082 20.60936 -0.76819 0.14569 -0.62342 eb
765.88416 31.55079 0.35856 -0.57179 -0.73790 eb
816.68736 34.58200 0.27533 -0.85955 0.43053 eb
848.30993 9.14848 -0.44556 -0.63098 -0.63509 eb
859.08697 24.89045 -0.06265 -0.99483 -0.07989 eb
889.41883 7.86210 -0.83594 -0.47589 -0.27337 eb
893.52954 17.16579 0.05260 0.04527 -0.99759 eb
905.52157 16.12804 0.05793 0.98464 -0.16471 eb
963.97314 21.38197 0.97916 0.16223 -0.12215 eb
966.21118 21.83276 -0.26347 0.36520 0.89287 eb
1075.51178 28.33076 0.04503 0.70212 -0.71063 eb
1148.93489 10.65581 -0.80021 -0.42760 0.42051 eb
1167.56812 11.31019 0.83220 0.51049 -0.21646 eb
1283.46657 16.82481 0.87011 0.30741 0.38524 eb
1482.35298 21.73635 -0.07173 -0.33084 -0.94096 eb
1609.32164 27.38009 -0.65188 -0.67962 -0.33642 eb
1844.25917 15.53046 -0.99193 -0.11754 0.04764 eb
1894.23024 13.18673 -0.26972 0.35418 -0.89544 eb
2309.60212 28.64692 0.01081 -0.99994 -0.00101 eb
2849.87614 28.27553 -0.56173 0.17256 0.80912 eb
3026.59028 9.83018 0.01570 -0.30128 -0.95341 eb
3329.54910 15.18079 0.32422 0.13667 0.93606 eb
3721.40965 14.57015 0.49866 -0.18265 0.84734 eb
4049.70445 11.04694 -0.84281 0.41173 0.34662 eb
4228.23702 14.64529 -0.23162 -0.84715 0.47822 eb
4871.53068 25.12157 0.82535 -0.34349 -0.44812 eb
5361.70271 13.09403 0.35416 0.93464 -0.03199 eb
5729.87513 17.66688 -0.20825 0.55806 0.80325 eb
5888.18135 29.14298 -0.47834 0.84039 -0.25483 eb
6720.28090 24.11544 -0.15549 -0.53077 -0.83313 eb
7219.77157 18.69871 0.67076 -0.68139 -0.29289 eb
7856.81508 28.80718 -0.92849 0.37127 0.00795 eb
7885.35898 28.18023 -0.50784 0.21622 -0.83388 eb
9043.66839 31.63797 0.62719 -0.55622 -0.54521 eb
9240.11304 31.11731 -0.92195 0.03978 -0.38526 eb
10554.58003 8.90683 0.21759 -0.72060 -0.65832 eb
11285.65737 13.25308 -0.37233 -0.15866 0.91444 eb
11472.11653 25.45466 -0.41036 -0.02525 -0.91157 eb
12312.46426 27.89296 -0.67840 -0.68889 0.25535 eb
12320.84830 30.87688 0.62243 0.72128 -0.30388 eb
13496.45330 28.16804 -0.89909 -0.13300 -0.41708 eb
16988.49376 31.03483 -0.84311 -0.48191 0.23860 eb
19733.59224 10.48224 0.15145 -0.98641 0.06362 eb
