16.02307 47.75763 0.15047 -0.09368 -0.98417 e
17.35280 57.09071 -0.99635 -0.02446 -0.08183 e
17.68984 68.61147 -0.70440 -0.70252 -0.10140 e
18.00487 44.22144 0.07223 -0.44222 -0.89399 e
18.03992 39.46282 -0.90064 -0.26981 -0.34066 e
18.06045 27.34395 0.05630 -0.42818 -0.90194 e
18.31307 82.98787 -0.92032 -0.29244 -0.25977 e
18.39510 40.10182 0.94649 0.19700 0.25562 e
18.55452 26.36426 -0.72737 -0.68209 0.07540 e
18.60230 80.09264 0.19883 -0.17670 -0.96397 e
19.10384 36.19457 -0.29268 0.73271 -0.61439 e
19.30807 72.41417 0.58945 -0.58407 -0.55805 e
19.33464 26.40613 -0.30393 0.01859 0.95251 e
19.40594 66.97753 -0.01903 0.94604 -0.32348 e
19.55421 64.75858 -0.98037 0.17990 -0.08072 e
19.66352 46.65318 0.44398 0.88894 -0.11254 e
19.89116 49.60997 -0.59330 -0.46830 -0.65474 e
20.08559 63.89966 -0.64262 0.68108 -0.35095 e
20.20124 74.80790 0.46014 -0.88766 -0.01820 e
20.52208 82.38753 0.02487 -0.20175 -0.97912 e
20.55047 78.12519 0.81968 -0.57062 0.05011 e
20.61310 59.68337 -0.10369 -0.70436 -0.70223 e
20.75135 34.31182 0.11413 0.99178 -0.05782 e
20.81470 52.02975 0.72228 -0.44437 -0.52995 e
20.87871 49.55807 -0.70777 0.05426 -0.70436 e
21.12770 79.09521 -0.13773 -0.43839 -0.88817 e
21.38483 77.16057 -0.39885 -0.80438 -0.44033 e
21.56687 78.12023 -0.09290 0.05319 -0.99425 e
21.67444 52.60411 -0.32015 0.04014 -0.94652 e
21.72917 65.62470 -0.58945 0.39670 -0.70368 e
21.75877 72.52795 0.38499 0.88804 -0.25132 e
22.31412 70.59323 0.85238 -0.43460 -0.29081 e
22.32717 74.90087 -0.50805 -0.83062 -0.22794 e
22.49694 75.02621 0.56760 -0.70387 -0.42709 e
22.77356 57.46389 0.94225 0.09607 -0.32083 e
22.85993 66.24835 -0.03800 0.31876 -0.94707 e
23.19658 77.11460 -0.59812 -0.63291 -0.49161 e
23.64154 67.62013 0.93547 0.03027 0.35210 e
23.85267 67.55114 0.02828 0.98570 0.16609 e
23.86365 59.05060 0.97832 0.12164 -0.16760 e
24.23458 60.24180 -0.65844 -0.59903 -0.45565 e
24.34351 77.51721 -0.95726 -0.14588 0.24975 e
24.34464 48.00910 -0.88625 -0.25126 0.38914 e
24.39272 60.59085 -0.27549 0.90233 -0.33153 e
24.43072 56.75607 -0.58645 -0.30075 0.75208 e
24.52357 81.82492 -0.27533 -0.92810 0.25064 e
24.61102 68.21826 -0.35374 0.00245 -0.93534 e
24.86745 31.16792 0.14130 0.96571 -0.21780 e
25.08213 68.88037 0.27920 -0.50847 0.81456 e
25.16720 69.39439 -0.93327 0.28037 0.22449 e
25.23237 60.49117 -0.61006 0.66961 0.42361 e
25.47123 44.63229 0.67908 0.71147 -0.18073 e
25.89762 80.70573 -0.61556 -0.78546 -0.06429 e
26.03251 72.98849 -0.58568 -0.76686 -0.26248 e
26.07262 51.33600 0.95333 -0.10717 0.28229 e
26.25189 73.31972 0.21469 -0.95361 -0.21104 e
26.27835 68.00326 0.29568 -0.95505 0.02129 e
26.64618 77.32379 -0.61239 -0.75786 0.22502 e
26.76030 77.38283 -0.29584 0.09695 -0.95030 e
26.92590 52.87863 -0.04159 -0.48660 -0.87264 e
27.22592 66.33021 -0.22097 0.46305 -0.85834 e
27.24086 75.39077 -0.73071 0.63768 0.24379 e
27.48239 55.70981 0.17993 0.92840 -0.32512 e
27.54746 59.79287 -0.56815 -0.11652 -0.81464 e
27.57221 26.96147 -0.17485 -0.98459 -0.00213 e
27.61476 53.89783 -0.30460 0.55096 -0.77696 e
27.65454 43.25538 -0.87555 -0.33751 -0.34568 e
27.93598 78.62213 -0.13130 -0.98137 0.14023 e
28.17378 56.34700 0.82330 0.56736 -0.01669 e
28.39755 74.76150 0.09784 -0.95522 -0.27924 e
28.42520 63.07082 -0.97268 0.22215 -0.06747 e
28.90146 69.02078 -0.56435 -0.58383 0.58365 e
29.23204 71.65369 -0.25118 0.25054 -0.93495 e
29.38151 50.27238 0.88318 0.38684 -0.26524 e
29.70502 63.48124 0.33487 0.48696 -0.80668 e
29.89904 82.45165 0.03472 -0.10519 -0.99385 e
29.98743 76.97127 -0.92478 -0.20325 0.32168 e
30.00572 46.16704 -0.26192 -0.39938 -0.87857 e
30.18552 26.25495 0.89189 0.30623 -0.33280 e
30.30325 69.99726 0.77577 0.61774 -0.12873 e
30.31975 57.19448 -0.85120 0.49373 -0.17802 e
30.45802 44.50893 0.86207 0.50518 0.04044 e
30.68885 47.77724 0.16677 -0.97484 0.14793 e
30.79632 49.40663 -0.55931 0.62993 -0.53885 e
30.92862 39.37750 -0.01122 -0.03749 -0.99923 e
31.08351 63.57585 0.43178 0.88171 0.19012 e
31.19512 39.97581 0.85993 0.36958 -0.35204 e
31.44748 75.73232 0.10252 -0.27897 -0.95481 e
31.62487 46.13470 0.04025 -0.98296 -0.17938 e
31.70715 43.06352 0.80211 -0.58490 -0.12050 e
31.87725 31.51264 -0.54905 -0.63232 0.54655 e
32.04923 44.08421 -0.51037 0.85944 0.02984 e
32.33921 50.89070 0.92149 -0.34757 -0.17338 e
32.37931 71.92987 0.82639 -0.00735 0.56304 e
32.60764 61.92724 -0.04727 0.97235 -0.22869 e
32.98793 38.99733 0.92313 -0.33604 -0.18681 e
33.05855 41.07481 -0.85319 0.27664 0.44219 e
33.12035 68.13070 -0.23772 -0.14120 -0.96102 e
33.64443 42.96099 0.55926 0.81608 -0.14573 e
33.64845 62.10737 0.29777 -0.52497 -0.79733 e
33.65051 62.52235 -0.47418 0.36654 -0.80050 e
33.86278 49.76481 0.64100 -0.76068 0.10241 e
33.91150 22.34364 -0.42469 0.87545 -0.23069 e
34.02994 84.53383 -0.60028 0.76381 0.23719 e
34.03806 64.00600 -0.62366 -0.39055 -0.67713 e
34.34424 16.94662 -0.47221 -0.71956 -0.50917 e
34.40649 71.78124 -0.41507 -0.84344 -0.34107 e
34.52757 49.80809 0.82216 0.28211 -0.49443 e
34.54281 70.07650 0.68657 -0.09425 -0.72093 e
34.90549 69.59873 0.76899 -0.09943 -0.63148 e
35.07102 65.78713 0.59361 0.35189 -0.72374 e
35.13091 34.24384 0.92545 -0.03134 -0.37758 e
35.16891 49.27502 -0.59019 -0.74480 0.31136 e
35.18891 48.92676 -0.75005 0.65347 -0.10199 e
35.30043 46.10706 -0.03664 -0.66731 0.74388 e
35.44855 72.31219 -0.33226 0.73959 -0.58533 e
35.52648 12.15875 0.12250 -0.76257 -0.63521 e
35.78156 84.72043 0.55380 0.22637 0.80129 e
35.78679 77.21354 0.42066 -0.86183 0.28335 e
36.12981 81.74930 0.54449 0.57808 -0.60774 e
36.41616 69.00919 -0.24869 0.75126 -0.61136 e
36.43871 54.72850 0.01481 -0.99732 0.07165 e
36.46156 77.83177 -0.73848 -0.67413 0.01414 e
36.55568 68.58600 0.11130 0.99260 -0.04845 e
36.57900 63.84365 -0.61490 0.65876 -0.43351 e
36.79658 61.83509 -0.17103 -0.97504 0.14155 e
36.87455 59.42841 -0.86119 -0.46204 -0.21181 e
37.01345 72.70873 0.63054 0.11710 -0.76727 e
37.48190 80.29244 -0.46308 0.30976 -0.83043 e
37.62314 52.81959 -0.98895 -0.13917 0.05106 e
37.66237 67.48696 0.40904 0.67783 0.61092 e
38.02843 39.80198 -0.47830 -0.83937 -0.25823 e
38.19675 77.61290 -0.10966 -0.47459 -0.87335 e
38.53971 82.31701 0.77610 0.01733 -0.63037 e
38.78419 56.24274 0.50627 0.38489 -0.77172 e
38.88699 61.12843 -0.44322 -0.80036 -0.40370 e
39.28948 31.21632 0.03812 -0.92537 -0.37714 e
39.46567 73.37827 -0.70893 0.53177 -0.46329 e
39.48462 80.88879 -0.15489 0.14475 -0.97727 e
39.50259 74.43052 0.66196 -0.18173 -0.72718 e
39.61817 51.36040 -0.55143 0.12131 -0.82535 e
39.70028 66.88772 0.06163 -0.92683 -0.37040 e
39.73593 44.20896 0.39731 0.52880 -0.75001 e
39.78141 70.14600 -0.47175 0.81513 -0.33617 e
39.81846 37.57566 0.84440 -0.52696 -0.09642 e
39.84069 63.47217 0.96237 -0.25946 -0.08078 e
40.02999 42.50501 0.82883 0.18985 -0.52630 e
40.17103 53.13362 -0.66780 0.31722 0.67336 e
40.18192 75.82379 0.51078 0.54018 -0.66881 e
40.21338 59.48400 -0.86870 -0.19025 0.45735 e
40.22789 78.62391 0.79683 -0.14795 -0.58581 e
40.37915 16.57918 -0.51970 0.17944 0.83529 e
40.72101 43.34445 -0.47756 -0.87850 -0.01298 e
41.11651 79.38437 0.30157 -0.08399 -0.94974 e
41.22331 39.84623 -0.39605 0.50906 -0.76420 e
41.22784 59.46833 -0.61869 0.20760 0.75771 e
41.26355 68.59941 0.68956 0.68140 -0.24535 e
41.30981 80.48111 0.39904 -0.79337 -0.45970 e
41.75377 24.55005 -0.58102 -0.59956 0.55041 e
41.80500 67.01211 0.92570 0.00562 -0.37822 e
41.83378 34.27129 -0.43895 -0.81768 -0.37246 e
41.87362 44.64136 0.20739 0.01221 0.97818 e
42.17546 63.62126 -0.99287 0.03106 -0.11510 e
42.23346 79.63221 -0.45361 0.05303 -0.88962 e
42.41035 77.86794 -0.43674 0.04450 -0.89848 e
42.45160 39.42057 0.42745 -0.89605 0.11992 e
42.50357 84.89943 0.50677 -0.09115 -0.85725 e
42.54001 51.01516 -0.40753 0.56930 -0.71401 e
42.56789 76.78734 0.80799 0.04922 -0.58713 e
42.61821 25.71614 0.08517 0.51841 -0.85088 e
42.63909 51.37006 -0.44397 -0.12177 -0.88773 e
42.76365 74.47936 0.51058 0.81060 -0.28677 e
42.84148 30.46991 -0.13439 0.15740 -0.97835 e
43.11688 43.21439 -0.57609 -0.71620 0.39393 e
43.13626 33.22817 0.52453 0.14821 -0.83840 e
43.15282 75.44790 0.00718 0.09688 -0.99527 e
43.60034 66.55253 0.78615 -0.06904 0.61417 e
43.62324 61.18679 0.36458 0.72321 -0.58656 e
43.75595 65.98431 -0.62531 -0.71328 0.31658 e
43.87565 74.42305 0.67744 0.27953 -0.68039 e
44.06101 43.21091 0.42093 0.87867 0.22530 e
44.35602 80.05002 0.46233 0.10071 -0.88097 e
44.39224 52.35004 -0.64176 0.54257 -0.54199 e
44.39556 65.38431 0.81055 0.51955 -0.27030 e
44.57888 59.40746 0.78244 0.35493 -0.51167 e
44.67416 55.72369 0.51097 0.49994 0.69926 e
44.87675 80.34288 0.19032 0.93751 -0.29130 e
44.89775 44.13771 -0.31932 0.91230 -0.25642 e
44.95253 79.11733 0.48625 0.76531 -0.42174 e
45.01860 31.26843 -0.32915 -0.66802 -0.66739 e
45.20198 40.66649 0.85574 0.47345 -0.20868 e
45.30799 50.76989 0.11762 -0.46665 -0.87659 e
45.30895 47.40008 0.90718 -0.41543 -0.06662 e
45.31064 54.81702 0.66520 0.74552 0.04138 e
45.47819 49.63921 0.56378 0.65757 -0.49975 e
45.80071 74.17532 -0.57213 -0.58195 -0.57793 e
45.97100 56.85692 -0.12427 -0.96867 -0.21501 e
46.00468 65.43744 0.97735 0.19255 0.08783 e
46.01666 71.58227 0.31456 0.58385 -0.74844 e
46.07003 77.02020 0.60301 0.19975 -0.77232 e
46.13657 32.02621 0.41346 -0.19561 -0.88926 e
46.29851 65.52419 0.07022 0.58055 -0.81119 e
46.30587 72.48270 -0.60228 0.69849 0.38649 e
46.41824 61.65165 0.25466 -0.94281 -0.21509 e
46.45617 84.78487 0.18295 0.86928 -0.45922 e
46.56267 35.53039 -0.65368 0.75653 0.01895 e
46.59043 65.81034 -0.88858 0.07328 -0.45283 e
46.72634 36.49515 -0.41668 -0.55253 -0.72187 e
47.01634 82.16782 -0.21903 0.92570 -0.30839 e
47.03693 83.76604 -0.32075 -0.81763 0.47812 e
47.05282 61.51583 -0.83322 0.12165 -0.53939 e
47.06961 69.71222 -0.11493 -0.93985 -0.32166 e
47.08791 63.31884 -0.84283 0.36963 0.39117 e
47.12809 68.34957 0.89679 0.34023 -0.28286 e
47.18134 77.65954 -0.89227 -0.07317 -0.44553 e
47.32730 59.39817 0.77585 0.57912 -0.25037 e
47.36176 75.26060 -0.27032 0.53773 -0.79861 e
47.51796 60.49388 0.67388 0.01155 -0.73875 e
47.57044 62.44056 -0.94128 -0.18641 -0.28152 e
47.68772 53.20089 0.03604 -0.82003 -0.57119 e
47.80617 41.84376 -0.97061 0.19993 0.13393 e
48.18593 84.36244 0.94364 0.32353 0.06979 e
48.30311 24.98177 0.74471 -0.56171 -0.36040 e
48.39073 59.32511 0.76327 0.16106 -0.62568 e
48.44652 63.59137 0.47949 0.87335 -0.08573 e
48.62211 43.68185 0.15184 0.67037 -0.72632 e
48.65597 52.22938 -0.37497 -0.58933 -0.71561 e
48.67711 50.08733 0.65374 0.02631 -0.75626 e
48.68704 63.61877 -0.80730 -0.31216 -0.50083 e
48.76691 27.95778 0.54852 -0.67632 -0.49165 e
48.79715 57.01521 -0.57065 -0.02038 -0.82094 e
49.00867 65.19414 0.50108 0.86460 -0.03727 e
49.06395 44.85554 0.03322 -0.82833 -0.55926 e
49.19981 35.38163 0.17467 -0.85578 -0.48696 e
49.26297 68.23462 0.28443 0.08076 -0.95529 e
49.26826 82.07054 -0.55171 0.27630 0.78694 e
49.27887 35.32696 0.84112 0.31543 -0.43934 e
49.50091 64.68967 0.96208 -0.07241 -0.26300 e
49.61291 41.34922 0.64741 -0.10257 -0.75521 e
49.61996 56.32504 -0.73304 -0.01399 -0.68005 e
49.62922 74.98358 -0.89904 -0.00926 0.43777 e
49.80905 68.78409 0.21625 -0.79169 -0.57137 e
49.90423 75.33936 -0.09602 -0.00769 -0.99535 e
49.91457 45.37935 -0.36585 -0.59044 0.71940 e
50.27816 84.58291 -0.35745 -0.93322 -0.03630 e
50.28208 36.98611 0.55088 -0.20748 -0.80838 e
50.47398 71.49460 0.48056 -0.12423 -0.86812 e
50.53940 67.77133 -0.55724 -0.81788 -0.14338 e
50.65340 77.37063 0.29529 0.42564 -0.85536 e
50.70866 63.50848 0.48361 0.01791 -0.87510 e
50.80802 65.29421 -0.40469 0.90640 -0.12112 e
50.91655 30.36742 0.70322 0.46548 -0.53741 e
51.21526 56.27075 -0.50105 -0.86266 -0.06907 e
51.22562 71.39557 0.26567 -0.63350 -0.72670 e
51.36439 48.66799 -0.37033 0.92169 -0.11554 e
51.72623 49.94043 0.14491 -0.73258 -0.66508 e
51.77550 37.40330 -0.88201 -0.34391 -0.32216 e
51.92182 78.67903 -0.04554 -0.85801 -0.51161 e
51.94675 43.94255 -0.35877 0.22640 -0.90555 e
52.04650 65.56131 -0.15863 -0.30822 -0.93800 e
52.08532 56.87042 0.93480 0.09698 -0.34169 e
52.20694 60.69943 0.32280 -0.89512 -0.30750 e
52.65423 73.08105 0.00573 -0.95287 -0.30333 e
52.84731 67.39461 -0.15444 -0.74015 -0.65447 e
53.01911 52.36341 0.93312 -0.27316 0.23382 e
53.03969 69.06698 0.32435 0.58421 0.74397 e
53.09860 71.48837 -0.29602 0.60369 -0.74022 e
53.41354 84.64497 0.53854 0.66850 0.51291 e
53.62627 83.28903 0.03861 0.17201 -0.98434 e
53.79678 50.93390 0.45173 0.02840 -0.89170 e
53.83909 54.05836 -0.51952 -0.83190 -0.19504 e
54.09303 45.46605 0.75276 0.38516 0.53386 e
54.35965 54.27914 -0.82083 0.16444 -0.54699 e
54.45085 12.59712 -0.41424 0.02014 -0.90995 e
54.51124 63.82255 -0.92110 -0.30711 -0.23927 e
54.63425 46.50275 -0.53825 0.80337 -0.25472 e
54.71961 75.93918 0.47919 -0.79029 0.38188 e
55.05263 48.74171 -0.10949 -0.97096 -0.21272 e
55.08577 60.10319 -0.16754 -0.98378 0.06413 e
55.15702 62.22337 -0.49916 0.19208 -0.84495 e
55.16208 61.62204 0.88145 -0.33457 -0.33334 e
55.22256 69.98345 -0.05953 0.49219 -0.86845 e
55.61338 45.18251 0.54669 -0.75264 -0.36695 e
55.72477 65.16648 0.72605 0.01849 -0.68739 e
55.73612 81.94214 -0.62035 0.78226 -0.05681 e
55.81534 60.09619 -0.39933 0.89544 -0.19676 e
55.85936 65.60504 -0.54651 -0.76477 -0.34125 e
55.87105 54.44692 0.32963 0.59170 0.73569 e
55.93022 71.88511 0.88670 0.42474 0.18264 e
56.14423 65.85753 0.06767 0.90864 -0.41206 e
56.25823 29.73494 -0.20313 -0.92451 -0.32252 e
56.84280 68.83593 -0.44787 -0.39706 -0.80109 e
56.95731 45.86672 -0.56506 0.72928 -0.38581 e
56.98679 39.57459 -0.16798 0.96324 0.20963 e
57.02618 74.60176 -0.49796 -0.17105 -0.85016 e
57.09726 23.88158 -0.10919 0.40725 -0.90677 e
57.35131 75.67997 -0.06386 0.62709 0.77633 e
57.44752 64.40647 -0.18669 0.69457 -0.69478 e
57.59716 39.84416 0.21492 -0.82672 -0.51995 e
57.69739 83.17048 -0.07632 -0.99366 0.08260 e
57.92792 62.59129 0.01004 -0.08464 -0.99636 e
58.01074 26.89891 0.58178 -0.81206 0.04570 e
58.17704 42.28332 0.35652 0.39759 0.84547 e
58.29729 30.79178 0.48169 0.35296 -0.80212 e
58.34293 70.97467 -0.56651 0.80110 0.19313 e
58.35569 80.93292 -0.58435 -0.55971 -0.58759 e
58.45804 33.65496 -0.51134 0.60146 -0.61383 e
58.46210 57.74218 0.06546 0.93607 -0.34567 e
58.46691 44.55008 -0.05758 0.07415 -0.99558 e
58.87078 59.19960 0.57912 0.41558 -0.70136 e
58.91754 68.99469 0.52878 -0.84354 -0.09400 e
59.04192 60.29494 0.96625 0.06162 -0.25012 e
59.04462 78.36475 -0.32423 -0.90514 0.27494 e
59.47384 71.01099 0.80184 0.42777 0.41721 e
59.51721 26.80439 0.25580 -0.31038 -0.91555 e
59.58541 46.33852 -0.79881 -0.02419 -0.60110 e
59.84984 75.60890 0.96802 -0.07319 -0.23994 e
59.86183 23.65102 -0.29538 0.75123 -0.59026 e
59.92413 59.32589 0.35483 0.68426 -0.63709 e
59.92470 77.32627 0.28965 0.91166 -0.29152 e
60.32770 56.57992 0.07784 -0.62061 -0.78025 e
60.39055 54.04047 -0.14527 0.77811 -0.61110 e
60.40762 65.12283 0.38130 -0.31080 -0.87064 e
60.42840 40.33936 0.66799 0.66821 0.32754 e
60.53036 67.91388 -0.94088 -0.31794 -0.11685 e
60.77839 60.39738 -0.02847 0.68085 -0.73187 e
60.79234 42.85852 -0.89244 0.45037 -0.02688 e
60.86778 68.00156 0.38765 -0.34588 -0.85446 e
61.03843 49.87322 0.10009 -0.77720 -0.62125 e
61.16549 60.59396 0.51423 0.20572 -0.83261 e
61.21215 72.43415 0.58296 -0.12549 -0.80275 e
61.25592 26.02861 -0.29550 0.95464 -0.03666 e
61.25831 53.68456 -0.03174 0.98639 -0.16132 e
61.40954 39.10366 -0.46731 0.70081 -0.53897 e
61.43981 26.60389 0.35730 0.64299 -0.67742 e
61.45282 37.81290 0.23596 0.97140 -0.02671 e
61.52711 47.41930 -0.08691 -0.29892 -0.95031 e
61.71799 39.06534 -0.55859 0.80004 0.21889 e
61.78550 40.69833 -0.31100 -0.17831 -0.93353 e
61.87398 79.05199 0.61597 -0.78610 -0.05129 e
61.88519 40.30460 0.67772 -0.73468 0.03060 e
61.91226 49.06761 -0.66961 0.67034 -0.31979 e
61.95621 48.91942 -0.81020 -0.25967 -0.52549 e
62.34229 56.62207 0.27294 0.54226 -0.79465 e
62.59529 29.22281 0.19500 -0.65124 -0.73339 e
62.69499 31.59371 0.35133 -0.62341 -0.69851 e
63.10926 54.47226 -0.75060 0.18981 0.63291 e
63.12055 30.37121 0.44427 -0.30725 0.84156 e
63.16226 14.53022 -0.38406 0.52057 -0.76256 e
63.18467 42.50924 -0.99959 0.02661 -0.01081 e
63.21473 51.28673 0.62791 -0.32466 -0.70734 e
63.72312 69.75183 -0.18646 -0.09870 -0.97749 e
63.75144 68.19020 -0.76968 -0.09525 -0.63129 e
63.75313 35.30488 -0.39285 0.90354 0.17114 e
63.81094 76.00538 -0.95915 -0.20404 0.19595 e
63.90766 34.19114 0.80885 -0.11399 -0.57687 e
64.07337 51.13504 -0.01587 0.54215 0.84013 e
64.18834 41.77422 0.96982 -0.19298 -0.14903 e
64.21721 43.61843 0.18998 -0.98173 -0.01071 e
64.30241 54.06169 -0.49055 0.70153 0.51692 e
64.35750 68.07451 -0.09295 0.84093 -0.53309 e
64.49403 81.59594 0.62518 0.13007 0.76957 e
64.56244 75.52000 -0.72573 -0.65971 0.19521 e
64.66370 79.12382 0.55257 0.41750 -0.72136 e
64.87270 28.55377 -0.60187 0.79576 -0.06715 e
65.16874 70.81469 -0.49718 0.65118 -0.57339 e
65.48338 41.53198 0.45467 -0.07361 -0.88761 e
66.11478 38.19104 0.64758 0.39427 0.65207 e
66.16618 62.11856 0.81335 0.41110 -0.41164 e
66.30035 43.25879 0.94131 -0.20007 -0.27186 e
66.46670 34.49835 0.74254 0.59215 0.31303 e
66.49759 71.66609 -0.99528 -0.08231 0.05147 e
66.60196 52.79262 0.44909 -0.39767 -0.80011 e
66.85947 45.62301 0.55464 0.30234 -0.77522 e
66.91322 27.74902 -0.74055 -0.66754 0.07734 e
67.06363 45.27361 0.98604 -0.16446 0.02609 e
67.33805 25.61458 0.36066 -0.89205 -0.27233 e
67.92095 54.80091 -0.71282 -0.70014 0.04110 e
68.02678 48.87676 -0.81908 0.40757 -0.40373 e
68.21433 69.46447 0.90511 0.24560 0.34706 e
68.23660 28.39899 0.44589 0.80634 0.38858 e
68.58612 25.04248 -0.67873 -0.72442 0.12059 e
68.86639 39.91709 -0.17181 -0.41661 -0.89270 e
69.06685 66.87364 -0.93809 -0.18547 -0.29256 e
69.13690 44.07201 -0.00463 -0.99712 -0.07570 e
69.18155 54.97097 0.27764 -0.93197 -0.23311 e
69.63559 36.84477 0.15296 0.38923 -0.90835 e
70.05606 65.39809 -0.17761 -0.45194 -0.87419 e
70.20977 48.20450 0.68559 -0.50867 -0.52079 e
70.45880 51.82625 -0.37816 0.90338 -0.20222 e
70.46329 63.93039 0.41172 -0.34937 -0.84168 e
70.90344 68.93331 -0.42270 -0.80747 -0.41147 e
70.93489 49.21511 -0.56872 0.21226 -0.79467 e
70.94152 74.99250 -0.53912 0.31945 -0.77930 e
70.95570 65.24389 -0.71471 -0.22536 -0.66212 e
71.21333 26.62446 0.89738 0.44091 -0.01785 e
71.23313 62.44081 -0.35785 -0.86520 -0.35123 e
71.53890 24.05278 -0.69035 -0.58052 -0.43176 e
72.17249 42.34861 0.57076 -0.33455 -0.74988 e
72.24187 12.43378 -0.88619 0.03722 0.46182 e
72.91745 52.40794 0.93925 0.09975 0.32841 e
72.91937 46.64821 0.14445 -0.94668 -0.28798 e
72.92272 54.60367 0.25600 -0.43384 -0.86386 e
73.25205 21.06249 0.87496 0.48419 0.00022 e
73.32461 46.24617 -0.23988 -0.85724 -0.45563 e
73.77686 19.38766 -0.49474 -0.83687 -0.23426 e
74.08400 32.19740 0.00634 -0.74624 -0.66564 e
74.21046 32.29779 0.43226 0.62480 -0.65021 e
74.48794 70.71429 0.90620 -0.34838 0.23967 e
74.52860 50.45503 0.78494 -0.58834 -0.19425 e
74.58105 21.73384 -0.69654 0.34413 0.62961 e
74.75506 48.71696 0.36043 0.62298 -0.69425 e
75.02593 28.53735 0.11901 -0.15958 0.97998 e
75.11985 58.34398 0.76477 0.58986 -0.25922 e
75.38159 49.35070 -0.44604 -0.44700 -0.77540 e
75.55258 57.43850 -0.62677 0.01097 -0.77913 e
75.62502 37.93783 -0.72750 0.24949 -0.63914 e
75.81397 37.57117 -0.81810 0.06799 -0.57104 e
75.82296 79.00335 0.18767 -0.30341 -0.93420 e
75.98003 42.14275 0.31765 -0.87454 0.36645 e
76.04234 53.80322 -0.49065 0.82246 -0.28778 e
76.54832 59.97612 0.74557 0.58396 -0.32113 e
76.59930 44.39109 0.12450 0.98627 0.10851 e
76.63782 42.30946 -0.39480 -0.08746 -0.91459 e
76.79121 77.87743 0.14466 0.14097 -0.97939 e
77.22446 63.49144 0.37230 0.45356 -0.80974 e
77.33205 29.15360 -0.36354 0.86379 0.34886 e
78.11970 41.36489 -0.65099 0.59688 -0.46899 e
78.12745 62.00732 -0.35160 0.66091 -0.66300 e
78.47884 49.46460 0.80959 0.04305 -0.58541 e
78.71105 47.32301 0.66050 -0.59410 0.45912 e
78.84776 47.32108 -0.97221 0.19004 0.13676 e
79.53688 58.93376 0.51062 0.49448 -0.70339 e
79.59705 41.47497 0.43104 0.80064 -0.41614 e
79.67959 60.02093 0.18567 -0.68615 -0.70336 e
79.79908 82.38096 -0.85666 -0.43303 -0.28038 e
79.81840 47.64395 0.33834 -0.85841 -0.38556 e
79.83438 41.73558 0.05605 0.84857 0.52611 e
79.86767 40.89946 0.34137 0.38167 -0.85895 e
79.89252 84.23391 -0.69729 0.61774 -0.36357 e
79.95567 38.41661 0.49060 -0.58472 -0.64608 e
80.01864 55.34081 0.92707 0.30646 -0.21595 e
80.40796 28.26395 -0.54706 0.52246 -0.65404 e
80.46570 67.71871 -0.78877 -0.47265 0.39299 e
80.52091 48.41362 -0.63936 0.66821 -0.38042 e
81.01369 69.63315 -0.10435 0.90965 -0.40204 e
81.25518 72.69432 -0.45664 -0.84598 -0.27533 e
81.54158 59.23829 0.88669 0.01487 -0.46213 e
81.61707 80.38784 -0.62637 0.37418 -0.68384 e
81.72560 76.52195 -0.24743 0.94453 0.21596 e
82.82295 27.02453 -0.82777 0.05549 0.55831 e
83.67492 36.85819 -0.63790 0.74194 -0.20642 e
83.84606 54.69765 -0.01487 -0.56279 -0.82646 e
84.09225 65.00758 -0.02383 -0.74989 0.66113 e
84.38882 75.14441 -0.82146 0.36554 -0.43770 e
84.45037 20.42176 0.09279 -0.97540 0.19996 e
84.46139 27.83886 -0.31603 -0.94296 -0.10469 e
84.67707 75.83844 -0.13965 -0.84725 0.51251 e
84.85609 43.86650 -0.06292 -0.16690 0.98396 e
85.25626 41.41425 -0.20289 0.96957 -0.13701 e
85.51050 83.45349 -0.87613 0.47376 0.08916 e
85.79511 30.42792 0.58239 0.81123 -0.05223 e
86.30115 33.64536 -0.00896 0.24670 -0.96905 e
86.45877 51.07313 0.72631 0.26974 0.63223 e
86.49190 53.33957 0.91349 -0.37570 0.15618 e
86.52058 48.69217 -0.11799 -0.34944 0.92950 e
86.53315 25.92369 0.49106 0.82929 -0.26671 e
86.67255 78.78847 -0.77719 0.17805 -0.60356 e
86.68517 78.72772 0.15665 0.28850 -0.94458 e
86.74964 52.69182 -0.90626 -0.16583 -0.38883 e
86.89864 32.08169 -0.91581 -0.02977 -0.40050 e
87.23139 60.86036 0.17846 -0.97135 0.15694 e
87.44904 24.96538 0.18831 -0.66200 -0.72546 e
87.53477 43.84247 0.28845 -0.18387 -0.93967 e
87.61717 27.72710 -0.80440 0.46728 -0.36685 e
88.23589 74.95608 -0.38068 0.92463 0.01218 e
88.25278 40.79722 0.64363 0.05927 0.76304 e
88.57053 39.04681 0.30691 0.93799 -0.16116 e
88.86964 30.32751 -0.07609 0.74157 -0.66655 e
89.53861 79.30618 -0.85509 -0.44004 0.27419 e
90.02145 74.82638 -0.49066 -0.82368 -0.28428 e
90.02748 37.94204 0.81196 -0.47555 -0.33850 e
90.08448 33.82373 0.63507 0.59928 -0.48739 e
90.38498 78.61431 0.27453 -0.91681 0.28998 e
90.41048 45.47088 -0.35056 0.21592 -0.91131 e
90.85762 77.63728 -0.32679 0.63128 0.70334 e
91.11010 38.13161 0.88088 -0.37088 0.29409 e
91.24343 39.68338 0.69666 0.47384 -0.53865 e
91.47042 53.75129 -0.66435 0.22412 -0.71303 e
91.53033 27.09969 0.40032 0.25002 -0.88161 e
91.61854 42.45333 -0.17847 0.88180 0.43655 e
91.71861 42.88002 -0.21820 -0.96683 0.13275 e
92.33343 65.40957 0.43659 0.86046 -0.26268 e
92.34981 21.07124 0.77653 0.02599 -0.62955 e
93.27597 55.21803 0.94761 0.29842 0.11395 e
93.45191 18.49818 -0.34423 0.12202 0.93092 e
93.70120 79.31585 0.82767 -0.53790 0.16005 e
94.05193 35.01187 0.80274 0.23398 -0.54850 e
94.09868 16.49121 0.09910 -0.37815 0.92043 e
94.56802 52.44045 0.61357 0.64565 -0.45461 e
94.89019 43.50056 0.85567 -0.25240 -0.45179 e
95.01204 47.60426 -0.97599 0.08323 0.20128 e
95.03461 70.80626 0.22948 -0.37389 -0.89864 e
95.18420 24.56943 0.72177 -0.29369 0.62673 e
95.19738 82.39861 -0.68254 0.46592 0.56308 e
95.41534 72.19477 0.49951 0.30826 -0.80961 e
95.49864 60.99454 -0.70747 0.70422 -0.05960 e
95.50090 39.55708 0.32493 -0.88848 -0.32407 e
95.95504 55.87917 -0.51023 0.85834 0.05402 e
96.21548 15.58401 0.30144 -0.74875 -0.59034 e
96.21644 50.55439 0.09201 0.74160 -0.66451 e
96.46279 45.15014 -0.49295 0.32410 0.80744 e
96.65882 58.16778 -0.90242 -0.38069 -0.20179 e
96.78142 79.48984 0.03064 -0.99564 -0.08814 e
96.83807 34.64364 -0.66022 -0.66182 -0.35510 e
97.11689 58.18244 0.26346 -0.41506 -0.87081 e
97.51032 69.60654 0.70113 -0.70957 0.07027 e
97.65652 79.49851 0.68586 -0.72398 -0.07380 e
97.96124 34.52915 -0.04270 0.83941 -0.54182 e
98.56122 38.03767 0.28261 0.47017 -0.83610 e
99.04960 27.72682 0.48642 0.08112 -0.86995 e
99.60399 51.97522 -0.51284 -0.83319 0.20685 e
100.57078 79.35767 -0.55430 -0.78037 0.28945 e
100.74678 50.11600 -0.29191 -0.75058 -0.59280 e
101.47029 60.61857 0.52463 -0.05777 -0.84937 e
101.72635 36.37395 -0.46978 0.72779 -0.49963 e
102.24367 79.58869 0.56188 -0.81570 -0.13760 e
102.46699 54.48614 0.65627 0.62624 -0.42087 e
102.46717 63.46645 -0.56339 -0.47477 -0.67615 e
102.51531 27.14366 0.86293 -0.33610 0.37734 e
103.02576 48.19135 0.15157 0.68506 -0.71254 e
103.23505 53.26721 0.27304 0.23589 -0.93263 e
104.29937 81.77903 0.94407 0.16631 -0.28475 e
104.96138 50.27033 0.17729 0.64853 0.74025 e
105.57935 33.23063 0.57674 0.41896 0.70132 e
105.84470 52.59049 -0.65778 -0.37727 -0.65192 e
106.08536 59.81801 -0.36637 -0.68003 -0.63508 e
106.46057 52.82967 -0.26495 -0.95574 -0.12793 e
106.53023 42.21601 0.79687 0.58544 0.14917 e
106.78286 50.19189 0.02315 0.98411 0.17606 e
107.04194 28.12512 -0.17088 0.20607 -0.96350 e
108.09493 76.02265 0.61010 0.78100 -0.13349 e
108.17088 40.38947 -0.53781 0.61776 0.57370 e
108.72388 53.00548 0.74825 -0.59341 -0.29664 e
108.80240 24.81500 -0.41002 0.72538 -0.55291 e
108.81083 42.31464 -0.69680 0.17887 0.69460 e
108.84078 42.94265 -0.35920 0.54810 -0.75536 e
108.93515 37.69122 -0.61792 0.47474 -0.62673 e
109.21536 49.41436 0.34846 -0.78652 -0.50986 e
109.39949 79.56722 -0.11038 -0.44621 -0.88810 e
109.53790 34.44621 0.62303 0.37367 -0.68717 e
109.56477 65.59450 -0.48841 -0.59203 -0.64106 e
110.25554 72.51540 -0.28213 -0.95917 0.02001 e
110.26467 24.98212 0.23344 0.93203 -0.27719 e
110.49769 44.19638 0.85213 -0.36828 -0.37181 e
110.83812 69.41121 -0.48705 0.56850 -0.66302 e
111.09034 39.75631 -0.66621 0.04543 0.74438 e
111.30678 58.38063 0.01399 0.93659 -0.35014 e
111.78011 30.67307 0.72439 0.42279 -0.54453 e
111.89392 68.78464 0.37447 -0.87727 0.30029 e
112.01966 72.76027 0.58735 -0.25554 -0.76794 e
112.18965 36.77704 -0.79287 0.53921 -0.28393 e
112.82756 47.88815 -0.45269 0.31656 -0.83358 e
114.12187 57.47149 0.52765 -0.81223 0.24874 e
114.35921 42.37947 -0.56393 -0.82040 -0.09443 e
114.89050 81.96207 0.75769 0.62741 -0.17964 e
115.12370 43.97645 -0.21809 0.87955 -0.42287 e
115.59466 34.53989 -0.29736 -0.33669 -0.89343 e
115.72118 29.27128 -0.64438 -0.02345 -0.76435 e
116.11348 50.56361 0.10531 -0.84488 -0.52449 e
116.20148 73.84436 -0.34992 0.92368 0.15613 e
116.21691 42.63862 0.92087 0.27360 -0.27775 e
116.30746 41.48100 -0.52106 0.79629 -0.30728 e
116.58562 82.84718 0.17110 -0.54199 -0.82279 e
117.25245 30.40423 -0.42649 0.15848 0.89050 e
117.36410 34.91970 -0.55072 0.08162 0.83069 e
117.36788 40.87564 0.13002 0.15662 -0.97906 e
117.62521 29.86521 -0.23458 0.40601 -0.88325 e
117.72724 26.55263 -0.27025 -0.95975 0.07644 e
117.78380 30.71456 0.74415 0.66618 0.04950 e
117.79856 71.35915 -0.89732 -0.43940 -0.04187 e
118.02949 22.83382 0.88677 -0.33992 0.31320 e
118.13591 36.35472 -0.18795 -0.00367 -0.98217 e
118.37756 38.88843 0.11591 0.27387 -0.95476 e
118.70659 46.67751 -0.31793 0.83199 -0.45465 e
119.08449 60.87070 -0.19210 0.91852 -0.34558 e
119.09100 46.41716 -0.08098 0.22747 -0.97041 e
119.42664 42.14785 -0.26210 -0.58443 0.76795 e
119.52155 35.19357 0.82692 0.32328 -0.46010 e
119.55151 52.10070 -0.16630 -0.89411 -0.41583 e
119.67920 82.00391 -0.75183 -0.61022 0.24978 e
119.91773 61.69714 0.62369 -0.77819 0.07373 e
119.92196 73.99859 -0.15143 0.81386 -0.56099 e
119.99125 57.92130 -0.06151 -0.26580 -0.96206 e
120.19219 64.22722 -0.38467 0.91008 0.15424 e
120.45196 59.27838 0.41874 0.15327 0.89508 e
120.51263 21.16140 -0.34374 -0.12362 0.93089 e
121.30914 84.97817 0.72863 -0.60232 -0.32604 e
121.42297 40.33937 0.22762 -0.91107 -0.34372 e
121.62391 39.01615 -0.32154 -0.10435 -0.94113 e
122.45375 28.68127 -0.86190 -0.30124 -0.40789 e
122.94146 24.41833 -0.07587 0.47750 -0.87535 e
122.95855 82.76188 -0.58156 0.61330 -0.53447 e
123.03696 30.77112 -0.93984 0.05968 0.33636 e
123.04396 10.06183 0.19116 0.72631 -0.66025 e
123.84202 76.29546 -0.63040 0.60782 -0.48285 e
123.98860 39.34406 -0.77905 0.13341 0.61260 e
124.04108 58.03889 -0.50296 0.28719 0.81520 e
124.43338 51.66181 -0.56781 0.22921 -0.79061 e
124.81358 49.09066 0.68020 0.63471 -0.36671 e
125.10139 46.98914 -0.81579 -0.54428 0.19555 e
125.71516 47.87518 -0.57619 0.76588 -0.28537 e
125.88160 79.73000 0.19125 -0.60756 -0.77091 e
125.93081 78.84328 0.32714 -0.40435 -0.85410 e
126.31168 50.23267 0.41432 -0.35796 -0.83678 e
126.31270 21.11369 0.80588 -0.57599 -0.13710 e
126.38827 43.30453 0.40901 -0.86294 -0.29672 e
127.28922 50.19689 -0.12174 -0.30768 -0.94367 e
127.66282 17.48192 0.32115 0.34821 -0.88069 e
128.03449 64.74152 0.54146 0.01615 -0.84057 e
128.24367 49.91960 -0.20413 0.83188 -0.51605 e
128.25126 23.32488 0.43778 0.18625 -0.87958 e
128.40710 65.01535 -0.44632 -0.55873 0.69901 e
128.88125 74.82614 -0.97557 -0.07356 -0.20702 e
129.47078 55.43845 0.46505 -0.85020 -0.24677 e
129.72473 40.29471 0.58162 0.41389 -0.70030 e
129.81220 50.15016 0.65803 0.26306 0.70555 e
129.81444 18.47371 -0.58291 0.27706 -0.76384 e
130.04280 82.67372 0.55831 0.49981 -0.66218 e
130.20758 49.94102 -0.79280 0.58449 0.17272 e
130.22819 37.38330 0.75810 -0.53909 -0.36697 e
130.83226 23.16616 -0.70998 0.68161 0.17702 e
131.64535 62.04372 -0.57872 0.56275 -0.59025 e
134.47571 42.44351 -0.69812 0.68843 0.19668 e
134.67173 38.57690 0.65638 -0.47328 0.58751 e
135.10946 60.23202 -0.43185 -0.43039 -0.79264 e
135.44845 62.88478 -0.57747 -0.71960 -0.38563 e
135.49214 69.52272 -0.89859 -0.18028 0.40004 e
135.52550 28.09468 -0.55848 -0.79702 0.22989 e
135.62955 73.52161 -0.38988 -0.11622 -0.91350 e
136.20462 59.40423 0.85309 -0.14019 -0.50257 e
136.62889 57.30799 -0.05292 -0.82119 -0.56819 e
137.06154 67.19705 -0.26100 -0.95243 0.15735 e
137.16715 53.17506 0.99319 0.08761 -0.07674 e
137.94018 26.20638 0.04939 -0.68784 -0.72418 e
138.23550 20.68176 -0.65303 0.53067 -0.54031 e
138.61304 64.57413 -0.14220 -0.96102 0.23710 e
139.64815 29.71999 0.55156 -0.49467 -0.67163 e
139.73358 24.46601 -0.25351 0.83473 -0.48882 e
139.91730 62.10309 0.94551 -0.19391 -0.26155 e
140.71274 25.31613 0.33845 0.68043 -0.64997 e
141.24552 74.79565 -0.51262 0.83370 0.20533 e
141.32306 59.05896 0.66898 -0.73963 0.07359 e
141.97261 83.62786 0.17055 0.55319 0.81541 e
142.18487 64.40074 -0.37423 -0.83307 0.40737 e
142.54598 50.30711 0.44978 0.22226 -0.86504 e
142.92575 70.56245 0.08716 -0.76592 0.63700 e
142.96015 15.50764 0.37805 -0.87312 0.30779 e
143.04814 35.66234 0.88740 0.46091 -0.00899 e
143.39623 63.68661 -0.77496 -0.63026 -0.04709 e
143.52396 48.99637 -0.72914 0.12412 0.67301 e
143.83985 38.56842 -0.55884 -0.01425 -0.82915 e
144.56090 67.02165 -0.50745 0.64737 -0.56869 e
144.66986 62.60104 0.93341 -0.05684 0.35427 e
144.82026 49.51437 0.05129 0.80531 -0.59063 e
145.02099 40.04816 -0.11404 -0.64905 -0.75215 e
146.29440 41.86896 -0.62192 -0.73465 -0.27111 e
148.09893 62.17960 -0.16626 0.84887 -0.50177 e
148.12048 38.10549 -0.05598 -0.99181 0.11476 e
148.43310 57.11246 0.64787 -0.11027 -0.75373 e
149.15199 61.21438 -0.46572 -0.31218 0.82804 e
149.16316 33.96564 -0.86928 0.25205 0.42523 e
149.47263 74.07209 0.93475 0.15364 0.32037 e
150.06339 44.62507 0.43976 0.42262 -0.79247 e
150.18404 30.45030 0.32912 0.01735 -0.94413 e
150.43448 42.18051 -0.31193 -0.30312 -0.90045 e
150.46503 46.28690 -0.90704 0.37850 0.18444 e
151.06253 54.30494 -0.93540 -0.19292 0.29633 e
151.29950 24.56077 -0.82253 0.38181 -0.42151 e
151.50854 67.95516 0.03086 -0.93956 -0.34099 e
151.73162 69.13594 -0.39467 -0.83014 0.39383 e
151.89689 79.03622 -0.34681 0.32220 -0.88086 e
151.98910 30.73612 -0.85021 -0.41334 -0.32604 e
152.15302 57.31114 0.06886 0.01270 -0.99755 e
152.45201 61.21468 0.78118 -0.48498 -0.39313 e
152.47353 35.47298 0.28886 -0.83491 -0.46850 e
153.03234 52.45215 0.92391 0.09843 -0.36973 e
153.41238 45.29227 0.12384 -0.90495 -0.40710 e
153.54608 71.28047 0.12614 0.86675 -0.48253 e
153.97208 60.19554 0.85057 -0.29451 -0.43566 e
154.78419 29.68006 0.01124 0.33869 -0.94083 e
155.46294 28.99512 -0.69989 -0.63774 0.32163 e
156.01988 81.48094 -0.93462 -0.35518 -0.01823 e
156.95648 76.70401 -0.99406 0.08272 -0.07073 e
157.75913 56.40511 -0.05101 -0.77030 -0.63564 e
158.42752 31.27554 -0.85483 0.03334 -0.51783 e
158.43883 81.81930 0.25665 0.06241 -0.96449 e
158.54838 39.21957 0.80180 0.49704 0.33177 e
159.18393 25.03472 0.55625 0.34869 -0.75432 e
159.88898 53.18153 -0.20993 0.18040 -0.96093 e
160.24296 78.16316 0.88912 0.32915 -0.31801 e
160.83694 30.35825 0.73835 0.21186 -0.64027 e
161.44574 25.76043 0.78296 -0.21202 -0.58483 e
162.06228 69.42887 -0.44515 0.82536 -0.34731 e
162.21890 63.44352 0.52550 -0.67194 0.52186 e
162.42310 33.56592 -0.70716 0.58345 0.39939 e
162.49083 42.82600 -0.65318 -0.10290 -0.75017 e
162.93305 70.20176 0.13543 0.94547 -0.29622 e
163.40588 25.09870 0.86850 0.47908 -0.12721 e
163.76093 21.66390 0.24241 0.76632 -0.59497 e
164.21339 45.91239 -0.83487 0.41847 -0.35761 e
164.24311 65.55781 0.01298 0.45054 -0.89266 e
164.35281 40.89887 0.85443 -0.10211 -0.50943 e
164.56245 65.51285 0.34148 0.86788 0.36081 e
165.10824 54.96603 0.22771 0.91229 -0.34041 e
165.35462 35.53589 0.87802 0.39497 -0.27035 e
165.87393 65.75712 0.42998 0.24490 -0.86899 e
165.94782 26.53687 0.46968 -0.67912 -0.56409 e
166.40856 57.14350 -0.65498 0.40793 -0.63608 e
166.55234 29.03077 0.23550 -0.13406 -0.96258 e
166.56083 58.16904 0.63401 0.07241 -0.76993 e
166.96471 44.88255 -0.93535 -0.26482 -0.23451 e
167.28823 60.94083 0.18216 0.91327 0.36435 e
167.39963 34.13851 -0.18641 -0.58939 -0.78605 e
168.12807 48.57101 0.54522 0.82594 0.14336 e
168.71572 32.72656 0.60673 0.66754 0.43159 e
169.21239 31.49444 -0.64423 0.59704 -0.47803 e
169.45887 68.36812 -0.91771 -0.31543 -0.24148 e
169.96769 80.44688 -0.53988 -0.29864 -0.78699 e
171.25431 59.92416 0.90018 0.21694 -0.37765 e
171.27496 49.53113 -0.72988 0.09373 -0.67712 e
171.57003 34.86487 -0.12333 -0.65849 -0.74242 e
171.77944 52.12440 0.19360 -0.12724 -0.97279 e
172.81157 68.97493 -0.70949 0.24484 0.66081 e
174.12143 60.09802 0.16670 -0.02123 -0.98578 e
174.18438 21.74852 0.86130 -0.47241 0.18708 e
174.20129 57.11981 0.53960 -0.79073 -0.28909 e
174.28458 25.74481 0.72485 -0.05059 -0.68705 e
175.29036 83.32707 -0.26786 -0.66875 -0.69355 e
175.29743 28.45564 -0.53451 0.29116 -0.79343 e
175.36453 26.56624 -0.18009 0.69746 -0.69362 e
175.88307 67.08533 -0.38604 0.91622 -0.10732 e
176.30578 49.54919 0.05904 -0.99656 -0.05818 e
176.68302 31.97639 -0.80927 -0.33308 -0.48388 e
177.87467 36.30218 -0.88191 -0.21292 -0.42059 e
177.96332 21.11313 0.59714 0.68720 -0.41375 e
178.00367 30.90606 -0.28209 0.95599 -0.08062 e
178.13666 55.23842 0.61674 0.78716 -0.00294 e
178.14151 16.65682 -0.38654 -0.88252 0.26786 e
178.44065 82.98972 0.59910 0.70309 -0.38307 e
178.52488 67.82795 0.18748 -0.98102 0.04942 e
178.61695 25.51743 0.30378 -0.69429 -0.65243 e
178.73968 8.48554 0.22539 -0.73669 -0.63756 e
178.75901 47.47095 -0.81066 -0.44725 0.37789 e
179.34501 72.72640 -0.24611 0.63093 -0.73577 e
179.38426 49.71639 -0.41455 -0.56811 -0.71092 e
179.41717 24.44467 0.27884 0.34202 -0.89737 e
180.01055 54.82594 0.80298 0.50072 -0.32327 e
180.25965 33.68470 -0.70802 -0.70500 0.04090 e
180.82686 36.70194 0.80863 0.58526 -0.05982 e
181.81720 38.02048 -0.51826 -0.71234 -0.47327 e
183.32390 25.44316 -0.85237 0.42693 0.30198 e
183.83092 45.15456 -0.07595 0.26602 -0.96097 e
184.01492 79.73622 0.20239 -0.48293 -0.85195 e
184.19569 41.95787 -0.47987 -0.87619 0.04485 e
184.67894 20.71190 0.91969 0.37659 -0.11113 e
185.40709 69.27824 0.00414 0.95556 -0.29475 e
185.61558 60.46290 0.03681 -0.81149 -0.58321 e
186.31809 60.88580 0.73603 -0.34406 -0.58299 e
186.39646 35.84149 0.16702 -0.92613 -0.33822 e
186.44650 21.21048 0.07365 -0.45817 0.88581 e
186.56468 76.26896 -0.55367 -0.50761 -0.66013 e
187.33325 48.92733 -0.96035 -0.27774 0.02435 e
188.04647 30.11516 -0.14123 -0.82953 0.54030 e
188.12213 52.32370 0.70938 -0.67794 -0.19282 e
188.44150 45.22766 0.02396 -0.01294 -0.99963 e
188.52289 69.47476 0.19566 0.97907 0.05610 e
189.24023 79.08303 -0.81635 -0.56726 -0.10858 e
189.29674 78.71525 -0.94744 -0.11635 0.29802 e
189.42285 31.15941 0.37627 0.33249 -0.86480 e
190.52663 46.95740 0.68159 -0.45920 -0.56972 e
190.81081 47.39908 -0.31932 -0.94631 -0.05027 e
191.36915 19.99793 -0.81841 0.53597 -0.20724 e
191.37707 62.55632 -0.61948 -0.21863 -0.75396 e
191.53404 64.99874 -0.23358 -0.94393 -0.23331 e
192.00643 57.76600 0.79056 0.58420 0.18367 e
192.60337 18.73296 0.59203 -0.80586 -0.00993 e
192.95742 53.64188 0.14496 -0.45198 -0.88017 e
193.10425 17.34512 0.09350 0.84601 -0.52490 e
193.22814 54.46369 -0.66371 0.74786 -0.01396 e
193.35340 43.83720 -0.13656 -0.60251 -0.78634 e
193.85880 23.57823 0.88225 -0.31714 0.34793 e
193.93622 35.82609 -0.38125 -0.30077 0.87418 e
194.89832 23.43545 -0.04662 -0.37256 -0.92684 e
195.13211 84.02582 -0.86744 -0.26359 0.42199 e
195.89015 23.25485 0.09956 0.85612 -0.50710 e
196.52712 33.60080 0.38348 -0.20156 -0.90129 e
198.14642 26.28144 -0.40177 0.62218 -0.67192 e
198.39797 25.15026 0.12634 0.25772 -0.95792 e
198.59493 56.02672 -0.72483 -0.13076 -0.67640 e
199.46995 50.88075 -0.83825 -0.23469 0.49220 e
200.32195 24.91311 -0.84085 0.53464 0.08446 e
200.37656 35.19833 0.50489 -0.46034 0.73019 e
200.51558 84.43401 0.29444 -0.90800 -0.29806 e
200.65968 45.63937 -0.39061 0.87987 -0.27067 e
200.89751 24.81899 0.00599 0.92409 -0.38213 e
200.90261 32.66566 0.93295 -0.24329 -0.26537 e
200.92511 72.43209 0.40462 0.44757 -0.79747 e
200.98231 36.52586 -0.96535 -0.25399 0.05990 e
201.50405 23.63702 -0.27409 0.48861 -0.82833 e
201.64230 30.65460 -0.78086 -0.50031 0.37409 e
201.97313 41.86982 0.69295 -0.70453 -0.15316 e
202.39140 61.75722 0.98400 0.17751 0.01541 e
202.88570 70.25850 -0.24085 -0.91559 0.32200 e
204.14633 69.34159 0.57165 -0.61647 0.54147 e
204.31749 71.15863 -0.33165 0.82614 -0.45551 e
204.42698 62.07968 -0.26447 -0.34392 -0.90098 e
204.71512 79.45963 -0.70604 -0.49302 -0.50837 e
205.23437 78.64042 -0.18428 0.82529 0.53380 e
205.31008 38.39670 -0.34318 -0.27717 -0.89744 e
205.33302 31.59722 0.39700 0.87417 0.27967 e
205.44192 76.32204 0.68111 -0.72625 0.09301 e
205.63744 25.71088 -0.94919 0.31397 -0.02139 e
206.70578 43.46237 0.07869 -0.97087 -0.22632 e
207.41641 38.70626 0.50086 -0.80666 0.31376 e
207.87666 75.78429 -0.82376 0.42021 0.38059 e
208.08952 22.27659 -0.73898 0.14941 0.65695 e
208.21745 21.64774 -0.99773 0.01917 0.06463 e
208.24702 47.90073 0.77621 -0.23017 -0.58697 e
208.84713 64.94577 0.70811 -0.67788 0.19763 e
209.16279 35.85166 0.71052 0.21207 -0.67096 e
209.32299 61.48138 0.65903 0.51998 -0.54342 e
209.87277 48.07078 0.27809 0.63920 -0.71700 e
211.31040 83.62161 -0.97608 -0.21431 -0.03660 e
211.80130 23.48070 0.09456 0.84479 0.52667 e
212.15705 22.67099 -0.31199 0.20445 -0.92783 e
212.42571 60.92368 -0.97668 -0.20093 -0.07567 e
212.44305 40.40901 0.51363 -0.85790 -0.01402 e
212.79668 44.84719 0.14267 0.43804 -0.88756 e
212.99162 55.45963 0.32484 0.94417 0.05489 e
213.08690 49.49123 0.36991 -0.09102 -0.92460 e
214.12888 43.36107 -0.17494 -0.81430 0.55345 e
214.19275 73.54937 0.54230 0.80320 -0.24652 e
214.20698 22.60564 -0.40871 0.36321 -0.83728 e
217.28704 32.03687 -0.82065 -0.51665 -0.24413 e
217.93352 57.70905 0.11555 0.88890 -0.44328 e
217.97839 62.69441 0.15199 -0.01024 -0.98833 e
218.32112 39.22225 -0.57236 0.78199 -0.24678 e
219.49111 31.76155 0.55442 -0.66835 -0.49591 e
220.31354 35.71392 -0.57536 0.80770 0.12878 e
220.84515 26.11589 -0.82417 0.56412 -0.05017 e
221.12348 81.76971 -0.99673 -0.07273 0.03508 e
221.78590 46.67229 0.74133 0.66397 0.09784 e
221.98259 64.75387 -0.13818 0.06482 -0.98828 e
223.39273 52.02687 -0.25492 -0.77384 -0.57982 e
226.78883 29.23858 0.95651 -0.05209 -0.28702 e
227.38731 59.00444 0.22736 -0.60175 -0.76564 e
227.94610 29.81485 -0.58994 0.41912 -0.69015 e
228.21596 48.14731 -0.52656 0.26788 -0.80683 e
228.38455 37.07964 0.50102 0.22779 -0.83492 e
228.89186 77.85285 -0.94991 -0.18499 -0.25189 e
229.23760 59.95530 0.51568 -0.85658 -0.01857 e
229.48284 30.81814 0.22443 -0.37553 -0.89923 e
230.09709 51.86997 0.58758 -0.50992 -0.62828 e
230.95756 53.91068 0.38710 0.09274 -0.91736 e
232.23716 38.21298 0.12739 0.73439 -0.66666 e
232.89341 45.44471 -0.52446 -0.39486 -0.75434 e
233.41227 44.93998 -0.40513 0.78830 -0.46309 e
233.58414 76.68923 0.87417 -0.35461 0.33178 e
234.07071 51.91804 0.60011 -0.73723 -0.31042 e
234.43602 26.66659 -0.84860 -0.17709 -0.49852 e
234.53026 54.04170 -0.27093 -0.88403 -0.38090 e
234.87949 34.27813 0.90958 -0.33617 -0.24426 e
235.91945 68.20871 0.41802 0.83321 -0.36197 e
235.99456 55.98544 0.47593 0.69020 -0.54508 e
237.02661 68.27537 0.47632 -0.52852 -0.70270 e
239.19448 19.76571 0.39430 -0.02938 0.91851 e
239.23635 70.95567 -0.81066 -0.58129 -0.07025 e
239.46264 24.50236 0.26319 0.34455 -0.90112 e
239.97780 40.81405 -0.29964 0.95376 -0.02374 e
240.85604 35.77450 -0.76375 0.20986 0.61044 e
241.67222 57.16991 0.61213 0.43301 -0.66167 e
241.96478 23.20890 0.93709 -0.09602 -0.33563 e
242.41603 79.36890 -0.96365 -0.26692 -0.01165 e
242.99249 69.84757 -0.23030 0.16032 -0.95982 e
243.08602 46.49384 0.45096 0.61649 -0.64542 e
243.13005 30.96484 0.60175 -0.31125 -0.73554 e
244.06406 40.44717 0.02700 0.89893 -0.43725 e
244.45788 49.80717 0.26012 0.02158 -0.96533 e
244.55075 53.79224 -0.37536 -0.89631 0.23606 e
245.38521 50.82536 0.83943 0.40556 0.36177 e
245.59041 70.89315 0.12454 0.67962 -0.72291 e
246.43146 56.69055 -0.88015 -0.45697 0.12848 e
246.58428 48.18614 -0.64449 0.29419 -0.70575 e
247.91425 39.94259 -0.02833 0.94856 -0.31533 e
248.02649 56.97374 -0.11663 -0.87224 -0.47497 e
248.56727 40.19698 -0.75232 -0.64361 0.14065 e
248.65687 47.60585 -0.84688 -0.52086 -0.10720 e
248.69270 61.55370 0.99289 -0.03539 0.11367 e
250.34732 20.90954 -0.04547 0.26998 -0.96179 e
250.58377 56.01518 0.83319 0.09030 -0.54556 e
251.26439 27.83529 -0.73066 0.46757 -0.49751 e
251.37065 38.74655 -0.13527 -0.20840 -0.96864 e
251.69863 51.00419 0.88854 -0.02394 -0.45818 e
251.76566 74.52926 0.40295 -0.91389 0.04930 e
252.99520 9.27114 0.99132 0.09972 -0.08569 e
253.29414 22.48049 0.58663 -0.19716 -0.78549 e
254.36140 30.05238 -0.15534 0.96732 -0.20042 e
254.55810 33.10506 -0.79972 0.20751 -0.56337 e
254.92405 46.64371 -0.17325 -0.96918 -0.17514 e
254.94001 49.15291 -0.35714 -0.74205 -0.56729 e
255.44434 26.76904 -0.10557 0.59199 0.79900 e
255.76675 11.95587 0.42541 0.88650 0.18207 e
256.05472 56.29216 -0.74333 -0.47279 -0.47321 e
257.13018 62.63748 -0.10821 -0.87713 0.46790 e
257.14620 46.78858 0.88687 -0.27359 -0.37231 e
257.46715 19.93109 -0.91384 0.38992 -0.11338 e
258.13089 41.90006 0.72630 0.19763 -0.65836 e
258.32127 40.29694 0.78393 0.62000 0.03243 e
258.34042 35.42894 -0.50175 -0.01403 -0.86490 e
258.41310 61.53593 -0.07245 -0.81976 -0.56811 e
259.56815 27.65697 -0.74866 0.62969 -0.20735 e
259.59050 42.53479 0.05069 -0.98590 0.15947 e
259.60746 26.51278 -0.55264 0.22529 -0.80239 e
259.85727 52.88666 -0.41417 0.90714 -0.07454 e
260.04720 29.09600 0.85401 -0.30937 0.41829 e
261.30435 70.96436 0.39789 0.46204 -0.79259 e
261.48508 10.88579 -0.79106 -0.22378 -0.56934 e
261.67680 25.31934 0.21235 0.42900 0.87799 e
262.60590 65.32744 -0.25548 -0.92036 -0.29608 e
263.84070 84.28639 0.59563 -0.69879 -0.39613 e
265.54975 73.74423 -0.90155 -0.04661 -0.43016 e
265.64936 68.44970 0.38480 -0.82054 -0.42265 e
266.25660 74.07405 -0.87443 -0.33695 -0.34905 e
266.46798 66.91600 -0.28907 0.64195 -0.71017 e
266.56529 33.83726 0.00676 -0.29912 -0.95419 e
266.76803 81.86522 -0.75405 0.65545 0.04232 e
266.84178 41.44307 -0.33652 -0.17444 -0.92538 e
268.33898 37.03049 -0.72472 0.03911 -0.68793 e
268.37269 68.79600 -0.51598 0.25975 -0.81627 e
270.10408 65.77394 -0.39431 -0.21844 -0.89264 e
271.26334 82.12452 0.13863 0.29955 -0.94395 e
272.14285 53.92608 -0.50965 0.08487 -0.85619 e
272.22152 43.16867 -0.73544 -0.44713 -0.50912 e
272.61828 21.30732 0.42630 0.77799 -0.46152 e
273.32532 25.33842 0.87169 -0.48899 -0.03243 e
273.46173 56.65903 -0.95884 0.04247 -0.28075 e
273.55423 32.22095 0.29084 -0.59738 -0.74736 e
275.48769 37.00114 0.80772 -0.43723 -0.39550 e
276.07181 39.76127 0.30953 -0.57349 -0.75849 e
276.40985 50.14510 -0.07522 -0.11913 -0.99002 e
276.49268 58.90774 -0.78166 -0.60833 0.13761 e
277.11351 24.37196 0.50623 0.82011 0.26673 e
277.65023 53.59058 -0.02811 0.77384 -0.63276 e
278.95115 17.79131 0.28720 0.95673 -0.04668 e
278.97567 16.31488 0.19657 0.41577 0.88797 e
279.24739 73.58229 0.91584 -0.34644 0.20304 e
279.36514 60.61478 -0.14157 -0.68273 -0.71683 e
279.97292 29.05032 0.37595 -0.90182 -0.21304 e
280.49195 59.98641 0.06399 -0.93543 -0.34767 e
280.72637 45.93228 -0.09096 0.96307 0.25343 e
282.20160 48.95423 0.45548 -0.88994 0.02353 e
282.49604 61.35236 -0.97109 0.14550 -0.18926 e
283.04851 62.35747 0.44344 -0.64105 -0.62643 e
283.24996 70.03711 -0.99000 -0.13468 0.04198 e
283.45081 27.43329 0.15502 -0.16433 -0.97415 e
283.45646 43.89919 0.68322 -0.72306 -0.10194 e
285.49821 59.88419 0.83515 0.27314 0.47740 e
286.83551 63.70690 0.83607 -0.43421 0.33533 e
287.94265 38.67404 -0.18833 0.82955 -0.52572 e
290.78648 33.18320 0.47626 0.18751 -0.85908 e
292.45939 81.06923 0.60297 -0.58403 -0.54344 e
293.41724 52.43917 -0.95568 -0.21925 -0.19649 e
293.67540 46.62196 0.30189 -0.94960 0.08436 e
293.97397 57.70380 -0.16032 0.50378 -0.84883 e
294.10927 78.39588 0.12830 -0.54581 -0.82803 e
294.12153 16.96615 0.29105 -0.34332 -0.89299 e
294.47244 51.40115 -0.67271 -0.25917 -0.69303 e
294.77547 52.84804 0.95435 -0.14652 0.26029 e
295.89574 72.17075 -0.66589 -0.73237 -0.14221 e
298.17015 82.64843 0.29899 0.71063 -0.63687 e
298.63610 39.03139 0.33951 -0.68823 -0.64115 e
299.11709 27.78504 0.30169 0.77037 -0.56171 e
299.70638 73.40742 0.82119 0.54834 0.15803 e
299.72124 41.05910 0.65918 -0.55664 -0.50560 e
300.42556 34.80569 -0.52345 -0.83772 0.15564 e
300.76131 67.96819 -0.57620 0.47505 -0.66508 e
301.39169 26.21697 0.22787 0.37146 -0.90005 e
302.01489 83.53153 0.90785 0.41406 0.06610 e
302.34641 39.43190 0.60524 0.75792 -0.24338 e
302.60069 26.19246 0.09814 -0.27953 -0.95511 e
302.78992 75.63083 -0.95759 0.10628 0.26780 e
303.45679 22.98532 -0.99491 0.07897 -0.06253 e
304.26327 60.82952 -0.63813 0.72496 -0.25928 e
304.91693 35.17093 -0.21721 -0.60028 0.76973 e
304.91873 36.97303 -0.17417 0.94344 -0.28210 e
305.01639 71.02188 -0.29299 0.90389 -0.31166 e
305.55295 48.30813 -0.75762 -0.61212 0.22653 e
306.36408 40.69317 -0.41646 -0.25834 0.87168 e
306.42985 50.36606 0.50700 -0.70199 0.50016 e
306.70188 50.26954 0.40651 -0.53662 -0.73945 e
306.84011 76.30291 0.04858 0.36072 -0.93141 e
307.98783 53.48952 0.26173 -0.51145 -0.81848 e
308.31641 19.53048 -0.55560 -0.73558 0.38759 e
308.76580 39.44017 0.74939 0.49382 -0.44109 e
309.46226 50.61125 0.72584 0.51408 -0.45703 e
309.90734 70.18025 0.51180 -0.12089 -0.85056 e
310.80846 73.35024 0.96683 0.24433 -0.07442 e
310.86613 37.91923 -0.62345 -0.10841 0.77431 e
311.35982 53.66611 -0.10053 -0.16571 -0.98104 e
311.61999 60.96945 -0.42813 0.14257 -0.89240 e
312.41431 13.34809 -0.92300 0.23429 0.30527 e
312.53051 58.96069 -0.23129 -0.97072 0.06492 e
312.71547 50.81776 0.74014 0.09007 0.66639 e
313.07379 67.44847 -0.80037 -0.14749 -0.58108 e
313.28062 10.53089 0.44776 -0.07420 -0.89107 e
313.31402 58.65824 -0.93510 0.21493 0.28178 e
313.33481 49.32387 0.14928 0.37497 -0.91494 e
313.34898 77.35574 -0.96035 -0.07759 0.26778 e
314.37670 61.16404 -0.61098 -0.75847 -0.22677 e
314.86207 57.74202 0.49892 -0.67729 0.54070 e
316.04033 62.34108 -0.33566 0.94192 -0.01105 e
316.27565 43.69561 0.68101 0.72530 -0.10087 e
316.28419 38.60238 0.54611 0.19191 0.81544 e
317.31818 60.23224 0.87465 0.47272 0.10737 e
317.47944 19.42270 -0.90309 0.29452 -0.31256 e
317.75527 64.67282 -0.48917 -0.15830 -0.85770 e
317.93016 63.16811 -0.04521 0.89866 0.43631 e
318.21412 61.18032 -0.16088 -0.06849 -0.98460 e
318.22457 20.88054 0.85061 -0.52442 0.03810 e
319.84048 43.68485 -0.83128 0.46704 -0.30142 e
320.14017 55.40997 -0.58166 0.77958 -0.23220 e
321.86817 28.13369 0.50695 0.42775 -0.74835 e
323.11633 30.52556 0.93288 -0.33753 0.12574 e
323.53476 25.20471 -0.57570 -0.30350 -0.75925 e
324.08544 31.07285 -0.79280 -0.35722 -0.49382 e
326.24221 50.92197 0.94004 -0.22454 -0.25671 e
326.31757 59.03710 0.41598 0.47286 -0.77677 e
326.79909 32.67690 0.93179 0.17719 0.31681 e
328.80779 38.22225 -0.68978 -0.02260 -0.72367 e
329.52118 52.79618 0.48869 0.17164 -0.85541 e
330.52778 72.16722 0.06204 -0.44786 -0.89195 e
331.40624 74.71414 0.79319 -0.51716 -0.32155 e
333.05505 26.41720 -0.11393 0.48194 -0.86876 e
333.26788 51.87156 -0.98696 0.13426 -0.08882 e
333.59776 28.85560 -0.15960 -0.93301 -0.32253 e
334.37289 46.13670 0.30073 -0.10618 -0.94778 e
334.46550 39.51302 -0.67131 0.64710 -0.36141 e
334.78900 58.84299 -0.35033 0.91951 0.17826 e
334.90337 27.21949 -0.18760 0.28984 -0.93851 e
336.47744 41.77201 -0.05143 -0.40055 -0.91483 e
336.75335 54.18261 -0.80122 -0.14117 -0.58148 e
337.00135 31.43689 0.54724 0.77133 -0.32493 e
337.00548 50.29377 0.66443 0.69150 -0.28348 e
339.71140 72.03280 0.05292 0.73292 -0.67825 e
340.27341 59.19742 -0.43480 -0.41489 -0.79926 e
340.30729 39.92362 0.88562 0.09961 -0.45361 e
341.37235 46.48122 0.53080 -0.67362 -0.51429 e
341.45300 43.73893 -0.57443 0.04872 -0.81710 e
341.74947 55.54111 0.85068 -0.10305 -0.51549 e
343.11577 39.21032 -0.84092 0.15033 -0.51986 e
343.80353 46.50021 0.73787 -0.52493 -0.42426 e
343.89679 52.20470 0.48099 -0.87216 0.08939 e
343.98498 63.24837 0.06435 -0.17494 -0.98247 e
344.36185 36.20600 -0.46543 0.70360 -0.53696 e
344.44751 39.44167 0.57596 -0.29221 -0.76347 e
344.72634 39.05925 -0.94366 -0.06917 0.32361 e
345.53839 67.31629 -0.12393 0.98252 0.13891 e
345.91059 49.42952 -0.54131 -0.81054 -0.22363 e
347.23744 15.37591 0.69847 -0.22043 -0.68084 e
347.53821 49.27770 0.57364 -0.04380 0.81793 e
348.06647 52.40808 0.90291 -0.18643 -0.38728 e
348.58760 83.09001 -0.37457 0.92211 -0.09705 e
349.01764 43.46204 -0.21180 -0.42391 0.88059 e
349.60392 57.06267 0.46665 0.64173 -0.60863 e
350.18809 53.52394 0.34785 0.08146 -0.93400 e
350.86432 21.50560 -0.99279 0.10052 0.06522 e
352.38961 47.82684 0.68700 0.71310 0.13969 e
352.50435 82.73925 0.69941 -0.52626 -0.48360 e
352.68492 33.39134 0.83773 0.24308 -0.48901 e
352.88942 54.48862 -0.25848 -0.93098 0.25779 e
359.29857 30.79383 0.60433 0.55983 -0.56690 e
361.13181 60.32750 0.46371 -0.62511 -0.62786 e
361.35209 64.94077 0.83827 -0.50348 -0.20934 e
361.54646 33.45215 0.86596 -0.37667 0.32898 e
361.96016 32.82046 -0.49918 -0.02381 -0.86617 e
363.45049 36.57110 0.00144 0.79552 0.60593 e
367.25162 31.85857 0.88516 -0.21776 -0.41118 e
369.03550 77.83496 0.25192 0.96726 -0.03061 e
369.08706 44.77233 0.79373 -0.54738 0.26527 e
372.08075 67.39243 0.50712 0.72110 -0.47206 e
372.27951 28.81854 0.17513 -0.95968 0.21989 e
379.44545 44.39284 0.08860 0.51068 -0.85520 e
380.17755 70.03797 0.68781 -0.52437 0.50195 e
384.18871 45.35087 -0.85583 -0.47371 -0.20775 e
389.33022 26.63471 -0.45437 -0.84335 -0.28690 e
392.67172 63.55354 0.65449 0.66526 -0.35927 e
392.84422 38.01363 0.80388 0.35808 -0.47492 e
393.37578 68.20627 0.96292 0.21345 0.16501 e
394.38655 53.52449 0.04311 0.63358 0.77247 e
398.39025 45.00716 0.16148 0.86004 0.48400 e
399.66434 35.42766 -0.61144 0.73784 0.28590 e
405.36891 50.77424 -0.15372 0.62399 -0.76616 e
409.36451 25.08004 0.56266 0.78622 -0.25548 e
409.77088 37.40323 0.30766 -0.13521 -0.94184 e
411.64694 34.52104 -0.90371 0.07350 0.42178 e
421.45855 52.67614 -0.68755 -0.10212 -0.71892 e
426.22235 46.66874 0.86784 -0.43114 0.24693 e
426.25157 21.26614 0.83680 0.53530 0.11500 e
427.26528 24.64849 -0.77780 -0.05605 0.62601 e
430.95631 80.94405 -0.49110 -0.77151 -0.40447 e
444.88135 16.78476 0.82668 0.54422 -0.14292 e
447.50970 14.50139 -0.18946 -0.95857 0.21270 e
448.79461 42.67036 -0.90725 0.39132 0.15416 e
455.81992 73.27406 -0.17946 0.49850 -0.84811 e
457.72449 41.54046 -0.35620 -0.92895 0.10087 e
458.42226 52.53400 -0.91825 0.08627 -0.38649 e
472.77122 46.90656 -0.09794 -0.53559 0.83878 e
480.36729 29.09823 -0.76243 0.50710 0.40193 e
501.49720 21.09207 -0.26893 0.91409 0.30352 e
507.45745 14.43991 -0.94256 0.09830 0.31925 e
510.70025 26.53624 -0.03680 0.20788 -0.97746 e
519.09049 17.36703 -0.93997 0.33268 0.07609 e
544.13204 34.70530 -0.02081 -0.35936 -0.93297 e
559.63020 15.58946 -0.06341 -0.80773 -0.58613 e
568.45688 20.66365 0.86824 -0.13713 0.47682 e
585.74249 24.62295 -0.07865 0.56820 0.81912 e
598.32763 31.18677 -0.97258 -0.22105 0.07224 e
598.94467 18.40324 -0.19390 0.97514 0.10725 e
601.61093 27.74890 -0.85523 -0.50462 0.11807 e
603.95033 20.12541 0.96225 -0.23648 0.13475 e
607.44384 20.86409 0.26935 0.91646 0.29590 e
623.32455 21.78099 -0.13580 0.80372 0.57930 e
625.56695 23.82152 0.46656 -0.18238 -0.86548 e
637.73237 34.26321 -0.59665 -0.43412 -0.67495 e
638.50576 26.37722 0.53716 0.11756 -0.83525 e
654.14346 24.59533 -0.53275 0.50672 -0.67780 e
655.61422 17.16930 -0.23644 0.63810 -0.73276 e
682.47791 24.33546 -0.99575 -0.03428 -0.08546 e
686.73773 34.86309 0.80011 0.41863 -0.42962 e
713.52233 22.35474 0.30649 -0.79525 0.52310 e
727.47501 23.27670 -0.79722 -0.46241 -0.38810 e
765.45235 23.14247 -0.82571 0.40012 0.39763 e
783.44195 17.06634 -0.27744 0.95859 0.06433 e
794.07175 30.45438 -0.47457 -0.85906 0.19185 e
820.68643 25.71468 0.01227 -0.55775 -0.82992 e
827.50553 14.27215 0.50641 -0.85161 -0.13529 e
829.76188 58.80689 0.29776 0.24977 -0.92139 e
840.95426 23.14510 0.56914 0.79489 0.21033 e
916.80781 23.26506 0.21598 0.46746 0.85722 e
944.06872 22.26708 -0.14861 0.30976 -0.93913 e
987.54390 13.99336 -0.54129 -0.82818 -0.14532 e
990.70573 32.02483 -0.66570 -0.48308 -0.56874 e
1061.57067 31.74208 -0.53316 0.83894 -0.10920 e
1218.47600 14.97851 0.49098 0.46179 -0.73871 e
1454.61871 48.26778 -0.71282 0.65400 -0.25331 e
2232.89587 21.47504 -0.17202 -0.56697 -0.80558 e
2446.52707 15.11065 0.05807 0.79590 -0.60264 e
3214.54536 6.64478 0.97500 0.11818 -0.18815 e
3956.92484 28.56404 -0.62753 -0.36306 -0.68877 e
4225.61371 28.77043 -0.83570 -0.03555 -0.54804 e
4910.20934 29.52758 0.49450 0.62205 0.60706 e
6556.91698 19.70782 -0.88023 -0.44309 -0.16993 e
7144.65353 32.64542 -0.63796 0.23519 0.73328 e
7566.16472 10.58552 -0.74484 -0.64498 0.17091 e
9394.38326 79.79342 0.95486 0.08317 0.28519 e
10643.90744 26.03879 -0.89378 0.32130 -0.31293 e
10692.57321 74.61432 0.01230 0.62340 -0.78181 e
11297.54987 79.08594 0.91335 0.16832 -0.37075 e
11402.87975 15.94870 0.05213 -0.99759 0.04586 e
11591.93098 14.52291 -0.23615 0.57502 -0.78332 e
12945.06642 29.49141 -0.88265 0.44605 -0.14821 e
14875.72748 22.06501 -0.86698 0.49715 0.03429 e
