14.81554 43.42720 -0.14989 -0.85828 -0.49081 e
15.51294 71.22933 0.21205 -0.54874 0.80865 e
16.68123 44.94978 -0.40914 0.23698 -0.88116 e
18.02875 58.65377 -0.41750 0.69687 -0.58315 e
18.34974 47.64268 0.75335 0.23702 -0.61342 e
18.51259 54.64019 0.82918 -0.20087 -0.52164 e
18.79270 54.67451 0.75420 -0.56142 -0.34056 e
19.41487 44.56701 -0.24390 0.10915 -0.96364 e
19.42852 37.01575 -0.80832 -0.54470 0.22342 e
19.47758 63.94613 -0.85998 -0.19912 -0.46989 e
19.80541 52.48637 -0.71249 0.22764 -0.66373 e
19.83461 74.95182 0.44379 0.05424 -0.89449 e
20.14205 28.72927 -0.79317 -0.55209 -0.25704 e
20.21318 56.64442 0.13624 -0.94636 -0.29300 e
20.34252 55.48516 0.90379 -0.31718 -0.28733 e
20.74096 64.58086 -0.09039 0.98507 -0.14653 e
20.81829 80.67351 0.38618 -0.64619 -0.65826 e
20.95000 75.47507 0.80694 0.58995 -0.02851 e
21.15765 83.21469 0.59417 -0.67662 -0.43491 e
21.35770 60.14126 0.32535 -0.53814 -0.77753 e
21.73162 48.60022 0.36733 -0.39767 -0.84079 e
21.90855 70.79760 -0.10242 0.85388 0.51029 e
21.98836 62.73198 0.44137 -0.65121 0.61734 e
22.00720 33.24919 -0.94973 -0.27010 0.15828 e
22.09779 74.49916 0.31235 0.04026 -0.94911 e
22.09782 75.80428 0.94684 -0.28994 -0.13939 e
22.23570 79.74290 0.38986 -0.84230 -0.37221 e
22.30994 71.83482 0.30885 -0.95054 0.03295 e
22.58092 65.22333 0.81404 -0.57979 0.03442 e
22.60748 61.32830 -0.78195 -0.12455 -0.61077 e
22.80670 82.49841 -0.07596 -0.53176 -0.84348 e
22.85994 14.71776 -0.48992 0.51703 -0.70190 e
23.15127 58.65914 0.05214 0.99572 0.07637 e
23.20156 74.52312 -0.46146 0.26715 -0.84598 e
23.23928 69.34380 0.56936 -0.10506 -0.81534 e
23.32963 51.33898 -0.58824 0.46232 -0.66350 e
23.36974 63.48275 0.86197 0.00613 -0.50692 e
23.47003 48.25542 0.11540 -0.86048 -0.49625 e
23.58126 61.19844 0.65005 0.65441 -0.38623 e
23.64081 73.73410 0.25897 0.49346 -0.83032 e
23.76923 54.68243 0.46196 -0.25807 -0.84852 e
23.89806 45.07839 0.16511 0.94578 0.27973 e
24.10538 83.98414 0.85818 -0.20364 -0.47123 e
24.35439 26.70805 0.36840 0.87975 -0.30054 e
24.45423 50.72615 0.60330 -0.48856 -0.63035 e
24.50192 49.74908 0.34301 -0.70944 -0.61566 e
24.62359 35.71314 -0.59052 0.59230 -0.54815 e
24.73568 71.72769 0.40434 -0.91310 -0.05258 e
24.74125 52.40876 0.25574 -0.65860 -0.70770 e
24.95468 66.88696 0.61148 -0.60293 -0.51242 e
25.42175 61.65556 0.79866 -0.01484 -0.60160 e
25.74377 63.99539 0.20141 0.11470 -0.97277 e
25.84130 84.61975 -0.84957 -0.35685 -0.38843 e
25.86202 69.12886 -0.77676 0.48336 0.40374 e
25.89431 41.03877 -0.99559 -0.00188 -0.09383 e
26.07573 76.57657 0.70598 0.62722 0.32892 e
26.15509 83.90844 -0.45118 -0.04805 -0.89114 e
26.22255 48.62175 0.29610 -0.89214 -0.34120 e
26.22473 54.28233 0.06141 -0.43458 0.89854 e
26.36948 34.79211 -0.76176 0.58702 0.27410 e
26.37065 81.28561 0.43309 -0.36549 -0.82392 e
26.40443 55.96977 0.24474 -0.91913 -0.30871 e
26.55262 77.35655 -0.31494 0.90417 -0.28860 e
26.57865 43.32620 0.81853 -0.57380 -0.02762 e
26.62428 76.10457 -0.69635 -0.52427 0.49014 e
26.63386 60.43742 -0.71833 0.59658 0.35789 e
26.79120 32.27922 -0.65016 0.75877 0.03939 e
27.13881 46.56371 0.22726 0.33450 0.91458 e
27.24507 75.95384 -0.21233 0.01758 -0.97704 e
27.27194 43.24376 0.44274 0.73656 0.51133 e
27.41336 32.54124 0.71987 0.68677 0.10065 e
27.56649 81.39931 -0.11437 0.98029 -0.16110 e
27.91718 55.58175 0.77094 0.45432 0.44638 e
28.01869 53.69258 -0.31279 0.94725 -0.06985 e
28.02763 53.16758 -0.22687 -0.27045 -0.93562 e
28.10737 77.75174 0.20951 -0.93799 -0.27620 e
28.16285 80.51927 -0.96006 0.16517 -0.22584 e
28.19432 74.76992 0.45760 -0.54878 -0.69961 e
28.32568 51.33188 0.10518 0.96886 -0.22414 e
28.34996 44.86147 -0.09646 -0.98932 -0.10926 e
28.39789 62.33713 0.09711 0.99351 -0.05915 e
28.47413 72.94321 -0.06427 0.61132 -0.78877 e
28.62503 76.28783 0.16552 0.82607 -0.53870 e
28.89278 20.21043 -0.22048 0.82944 -0.51324 e
29.04751 42.41276 -0.52361 0.84215 -0.12894 e
29.44211 63.42000 0.55537 -0.28699 -0.78052 e
29.71118 48.26911 0.11201 -0.71959 -0.68531 e
29.75005 58.14892 0.09615 -0.85141 -0.51562 e
29.89792 83.67504 0.81311 0.55202 -0.18476 e
29.95068 55.51805 -0.56167 0.76597 0.31277 e
30.18277 77.57036 -0.69002 -0.06876 -0.72052 e
30.69760 74.21938 0.20424 0.75848 0.61886 e
30.88102 83.77978 0.32743 -0.05957 -0.94300 e
31.07263 47.65527 -0.25133 0.88690 -0.38762 e
31.09381 73.41935 0.44562 -0.88014 -0.16362 e
31.35759 68.88256 -0.12636 -0.87118 0.47443 e
31.58269 73.77124 -0.56383 0.77863 -0.27537 e
31.59555 69.79164 0.59645 0.37863 -0.70774 e
31.94896 59.71506 0.59067 0.17293 -0.78817 e
31.98617 41.39303 0.09650 0.73850 -0.66732 e
32.03458 65.10867 0.47239 0.75195 0.45981 e
32.03496 70.74912 -0.67225 0.44401 0.59240 e
32.15871 62.61285 0.97586 0.03449 -0.21567 e
32.18796 40.16182 0.23412 0.63827 -0.73335 e
32.47516 62.56213 0.27683 0.01714 -0.96077 e
32.68247 83.95332 0.51269 0.06519 -0.85610 e
32.74048 69.52914 0.07334 0.81448 -0.57553 e
32.79283 47.67481 0.45827 0.69328 0.55619 e
33.09850 64.29371 -0.47724 0.75974 -0.44163 e
33.17020 58.39753 -0.62495 -0.48403 0.61250 e
33.34858 46.60381 -0.69621 -0.48727 -0.52712 e
33.49944 33.67549 -0.02176 0.66720 -0.74456 e
33.76767 64.64842 0.45418 0.67395 0.58267 e
33.83616 65.86323 0.09723 0.21282 -0.97224 e
33.93630 34.95818 -0.84130 -0.40689 -0.35589 e
34.17844 51.18856 -0.14588 0.02428 -0.98900 e
34.93350 53.88155 -0.27600 -0.38742 -0.87962 e
35.14957 46.15247 -0.32525 0.50841 -0.79732 e
35.22583 27.62543 0.87507 0.46905 -0.11934 e
35.44241 81.03436 -0.06711 -0.55816 -0.82701 e
35.56413 77.63041 0.16059 -0.97568 -0.14920 e
35.87014 80.87891 0.21014 -0.46422 -0.86043 e
35.89862 63.55426 -0.10068 -0.87318 -0.47688 e
36.31759 84.41929 0.42411 -0.59504 -0.68268 e
36.44920 17.51145 0.50735 0.19341 -0.83975 e
36.45707 67.03054 0.95598 -0.29044 0.04177 e
36.51994 53.18540 0.51538 -0.19228 -0.83511 e
36.52694 55.13214 0.70607 0.70787 -0.01960 e
36.59361 82.78522 0.32417 -0.06040 -0.94407 e
36.59420 81.35928 0.60419 -0.58426 -0.54184 e
36.65020 75.45268 -0.67112 0.69351 -0.26199 e
36.85962 48.92010 -0.20183 0.83567 -0.51080 e
36.99067 51.74412 -0.41559 -0.04485 -0.90845 e
37.01938 84.95436 0.79051 -0.55943 -0.24927 e
37.07275 67.77331 0.89947 0.05144 0.43394 e
37.27955 69.67905 0.81378 -0.55034 -0.18680 e
37.33863 42.45883 0.83736 -0.42858 0.33933 e
37.42648 41.42893 -0.85865 0.46400 0.21775 e
37.45894 54.97068 0.04213 -0.71888 -0.69385 e
37.54569 66.54802 0.71348 0.33483 -0.61549 e
37.54984 83.60488 -0.52450 -0.59172 -0.61218 e
37.67415 54.14705 -0.76589 -0.09159 0.63641 e
38.03385 45.19992 0.88259 -0.23083 -0.40958 e
38.44156 45.10081 -0.60462 -0.78987 -0.10265 e
38.50894 26.73882 0.95244 -0.08434 0.29283 e
38.52565 47.48644 -0.88039 0.46299 0.10278 e
38.54810 73.82254 -0.06215 0.64964 -0.75769 e
38.58437 59.27748 -0.31595 0.75659 0.57249 e
38.63103 81.63879 0.12094 -0.33501 -0.93442 e
38.67157 80.44062 0.83952 -0.17403 0.51470 e
38.77169 60.62785 -0.45832 -0.52434 -0.71764 e
38.77754 38.43729 0.11290 0.99337 -0.02173 e
38.93688 49.61756 -0.01990 0.00184 -0.99980 e
38.96709 51.42321 0.80305 -0.58689 0.10326 e
39.02140 34.16327 0.62770 0.76498 -0.14420 e
39.49671 81.55367 -0.47790 -0.60334 -0.63843 e
39.77040 60.37901 0.43484 0.15721 -0.88668 e
39.81724 44.01804 0.15705 -0.98444 0.07881 e
40.00827 46.31943 0.97506 0.18513 0.12245 e
40.11082 83.00816 -0.87486 -0.12713 0.46740 e
40.12067 47.60354 -0.12717 -0.78534 -0.60586 e
40.23585 34.96412 0.88375 0.12291 -0.45153 e
40.28865 83.06328 0.09730 -0.47911 -0.87234 e
40.34778 50.63239 0.99111 0.12066 0.05604 e
40.60855 81.96636 0.65466 0.38598 0.64995 e
40.68031 67.77524 0.86746 0.28481 0.40792 e
40.93163 21.31473 0.69884 -0.47883 0.53136 e
40.97722 57.90087 0.79271 -0.60099 0.10213 e
41.03386 83.84910 -0.36042 0.92996 0.07257 e
41.11007 69.24181 -0.95352 -0.04537 -0.29791 e
41.18047 71.82326 -0.58534 0.42281 -0.69181 e
41.19936 22.66932 0.69070 0.12058 0.71302 e
41.27821 84.14072 -0.36678 0.59562 -0.71463 e
41.44885 52.70674 0.24709 0.09663 0.96416 e
41.47595 43.17607 -0.16364 -0.04773 -0.98536 e
41.58632 27.14097 -0.78010 0.43113 0.45341 e
41.60435 32.80949 -0.16638 0.07234 0.98340 e
41.62121 84.62048 0.87194 -0.11318 0.47635 e
41.69515 33.10520 -0.26267 -0.38609 -0.88427 e
41.70339 13.72971 -0.05553 -0.61628 -0.78557 e
41.80624 51.17469 0.03413 0.69716 -0.71610 e
41.80671 78.52541 -0.88303 -0.02556 0.46862 e
41.87798 57.26299 0.54094 0.30403 -0.78419 e
42.03494 57.57779 -0.58471 -0.69135 -0.42445 e
42.07875 74.72090 0.29668 -0.95070 -0.09028 e
42.26698 19.92323 0.31607 0.77408 0.54855 e
42.42639 63.39003 -0.91815 -0.29817 -0.26096 e
42.58836 21.04712 -0.85962 -0.36578 -0.35674 e
42.59870 45.59266 0.37037 -0.81574 0.44429 e
42.68642 52.86693 0.02833 0.29769 -0.95424 e
42.72270 84.64072 -0.07575 0.68885 -0.72093 e
42.73809 11.96941 0.87752 -0.13975 -0.45873 e
42.81948 52.96219 -0.73292 0.30175 -0.60974 e
42.86304 69.39132 0.05592 0.92974 -0.36395 e
42.96287 77.92621 -0.40897 -0.70217 0.58284 e
43.02927 13.68602 -0.37907 -0.61761 -0.68911 e
43.08422 60.47432 -0.27851 0.17794 -0.94381 e
43.13198 69.21988 -0.48652 0.49887 -0.71723 e
43.17347 47.25453 0.63033 0.74272 -0.22593 e
43.20526 44.90344 0.02664 -0.99623 0.08254 e
43.31330 37.10937 0.11077 -0.92382 -0.36645 e
43.34648 70.01572 -0.00023 -0.04965 -0.99877 e
43.56548 54.38651 -0.14531 0.97732 0.15405 e
43.85131 13.67100 0.84754 -0.40699 -0.34064 e
44.01799 70.73186 -0.42666 -0.82970 -0.35994 e
44.14690 65.22976 -0.20611 0.94990 -0.23497 e
44.18343 57.88609 0.36024 0.05199 -0.93141 e
44.19466 77.81679 0.75380 -0.56850 0.32952 e
44.34212 68.70942 -0.03541 0.85757 -0.51315 e
44.65772 40.76248 0.89659 -0.09808 -0.43187 e
44.66860 77.12226 0.49072 0.09725 -0.86587 e
44.66880 79.71464 0.57992 0.64885 -0.49263 e
44.87100 80.93617 0.06985 0.91730 -0.39201 e
45.08267 65.05846 0.28414 0.70625 0.64845 e
45.12144 73.69277 -0.33428 -0.53889 -0.77321 e
45.28944 43.65763 -0.86137 -0.36547 0.35282 e
45.49710 72.84217 0.62257 -0.78051 -0.05668 e
45.58745 60.24404 -0.63157 0.45291 -0.62928 e
45.69273 19.72447 0.81727 -0.48344 0.31363 e
45.69662 72.76431 -0.13208 0.96629 -0.22101 e
45.89445 34.62689 0.91041 0.24865 -0.33065 e
46.15403 22.87413 -0.17263 0.33497 -0.92628 e
46.21275 65.76046 0.28740 -0.38726 -0.87603 e
46.31672 17.50605 0.54932 -0.57011 -0.61092 e
46.31834 81.80526 -0.43675 0.63345 -0.63874 e
46.44844 78.27357 0.68060 -0.69327 -0.23697 e
46.45906 42.95490 -0.48622 0.75655 0.43730 e
46.69832 78.90697 0.04887 0.19311 -0.97996 e
46.77252 76.69792 0.13325 -0.77408 -0.61891 e
46.80780 45.81754 0.47915 -0.62544 -0.61582 e
46.97063 45.20334 0.37349 0.59456 0.71204 e
47.04816 64.11128 0.88296 -0.46783 0.03891 e
47.08332 65.83816 -0.84574 -0.45524 -0.27835 e
47.24142 64.80936 -0.44943 0.09104 -0.88866 e
47.45817 12.11303 0.50301 0.13282 -0.85401 e
47.47298 52.06959 -0.50628 0.21712 -0.83459 e
47.52311 39.82425 -0.45306 0.83180 -0.32069 e
47.58432 73.18721 0.45129 -0.80576 0.38351 e
47.61087 48.48408 -0.94313 0.19507 -0.26919 e
47.84605 80.42940 0.91770 -0.26100 -0.29950 e
48.42651 50.04209 -0.00031 0.09016 -0.99593 e
48.68222 74.82942 -0.73020 0.21458 -0.64866 e
48.93168 69.25114 0.60220 -0.71925 -0.34647 e
49.03649 37.31582 -0.89189 0.40206 0.20706 e
49.21428 71.92527 0.19325 0.90503 -0.37890 e
49.34648 64.41737 0.64630 -0.75546 -0.10758 e
49.37698 37.14170 -0.09754 -0.96130 -0.25765 e
49.40833 51.83569 0.18453 0.64858 0.73844 e
49.46479 48.97857 0.58353 0.80617 0.09787 e
49.48274 80.34255 0.05104 -0.94779 -0.31477 e
49.54497 47.01937 -0.27628 -0.19854 -0.94035 e
49.56578 61.23012 0.58121 0.05452 -0.81193 e
49.57874 56.74744 -0.87363 0.47649 0.09860 e
49.62349 21.86908 -0.95693 0.00591 -0.29026 e
49.77533 24.05374 0.74150 -0.07288 -0.66699 e
49.90325 11.64531 -0.60110 0.26335 0.75454 e
49.93924 35.38997 -0.48139 0.78824 0.38331 e
50.16219 54.51770 0.63977 0.28592 -0.71341 e
50.16462 50.87191 0.64890 -0.64048 -0.41076 e
50.31391 56.69546 0.11777 0.98170 -0.14964 e
50.41046 77.22294 -0.36429 -0.54362 -0.75615 e
50.49268 54.69133 -0.42027 -0.90314 0.08774 e
50.54506 74.96753 -0.66852 -0.28399 -0.68733 e
50.76841 28.97701 -0.70230 -0.52055 -0.48560 e
50.91486 50.37575 -0.63455 0.53260 0.56007 e
50.91555 72.94814 -0.34066 -0.14291 -0.92926 e
50.96271 63.54479 -0.57405 0.74771 0.33376 e
51.21407 44.58773 0.40872 -0.65881 -0.63160 e
51.27788 69.07657 0.03308 -0.17206 -0.98453 e
51.31635 66.12940 -0.02283 0.87480 -0.48394 e
51.51511 63.73797 -0.29051 0.56320 0.77357 e
51.66153 23.76252 -0.11858 -0.98550 0.12135 e
51.90419 76.62294 -0.34114 -0.82729 0.44634 e
52.08276 52.00910 0.40970 -0.03949 -0.91136 e
52.12080 70.03795 0.13395 0.35286 -0.92604 e
52.17374 48.82227 -0.14456 0.98563 0.08738 e
52.19157 66.50952 0.01792 -0.41002 0.91190 e
52.41004 50.83138 -0.51856 -0.84730 -0.11479 e
52.42182 64.80796 0.33663 -0.19669 -0.92087 e
52.55295 54.47178 -0.67623 -0.57565 0.45972 e
52.55701 50.58360 -0.91333 -0.23402 -0.33325 e
52.66231 79.12411 -0.10449 -0.41153 -0.90539 e
52.66945 79.70911 0.72568 -0.68667 0.04330 e
52.68374 82.56670 0.15678 0.05816 -0.98592 e
52.84460 51.72708 -0.69432 -0.20231 -0.69064 e
52.92342 77.07499 -0.42826 -0.19273 0.88286 e
53.04745 26.42069 -0.98644 0.15795 -0.04457 e
53.08274 32.66156 0.60630 0.29063 0.74022 e
53.39803 37.06436 0.91125 0.40336 -0.08320 e
53.56771 75.64310 0.56155 0.81249 -0.15663 e
53.57194 73.49928 -0.81188 0.21405 -0.54317 e
53.63693 83.73589 0.81454 -0.09412 -0.57242 e
53.63919 57.69307 0.25951 -0.94089 0.21769 e
53.78067 84.12184 -0.06752 -0.64267 0.76317 e
53.86125 45.72265 0.97420 -0.08123 -0.21055 e
53.90054 82.46327 -0.04941 -0.37755 -0.92467 e
54.14652 71.93783 0.61118 0.37304 0.69807 e
54.30153 67.27874 0.86165 -0.26648 -0.43191 e
54.42626 53.70767 -0.22017 0.78634 -0.57723 e
54.44495 69.67435 0.38140 -0.84157 0.38249 e
54.80511 69.66485 -0.61894 -0.22416 -0.75277 e
54.84508 57.39151 0.58447 -0.59726 -0.54924 e
54.96676 47.00466 0.46034 0.56874 -0.68163 e
55.42300 40.83102 0.29565 0.67346 -0.67753 e
55.44184 44.79625 0.01588 0.42304 -0.90597 e
56.08940 58.41902 -0.72168 -0.52164 -0.45505 e
56.41484 60.32923 -0.55987 -0.21961 -0.79894 e
56.47566 23.17737 -0.29011 -0.88165 -0.37220 e
56.57869 57.03922 0.19902 0.94042 -0.27568 e
56.75726 49.66378 -0.39187 -0.11630 -0.91264 e
56.86787 63.08938 0.79557 -0.28456 -0.53488 e
57.05164 83.27324 -0.18509 0.91870 -0.34890 e
57.13351 77.07843 0.26813 0.43462 -0.85978 e
57.37687 70.04057 -0.24080 0.92265 0.30122 e
57.43327 29.53802 0.06568 -0.98434 0.16358 e
57.63118 34.76591 0.16344 -0.77852 -0.60596 e
57.68488 65.22346 -0.54518 -0.72581 -0.41949 e
57.72134 43.41829 -0.41854 -0.30240 -0.85638 e
57.72922 42.23418 0.91495 -0.21685 0.34036 e
57.73488 62.47291 -0.51858 0.71503 0.46883 e
57.74685 56.31005 -0.97759 0.21054 0.00103 e
57.88872 43.38704 0.09173 0.29565 -0.95088 e
57.96899 51.19651 0.77315 0.58166 -0.25282 e
58.09333 77.26320 0.70187 -0.56244 0.43708 e
58.27397 84.94004 -0.36135 -0.92624 0.10727 e
58.33400 54.61257 -0.07154 0.43407 -0.89803 e
58.42723 63.86088 -0.00160 0.81346 -0.58162 e
58.72618 75.93078 -0.02199 0.89212 -0.45127 e
58.81616 59.46225 -0.02388 -0.05331 -0.99829 e
58.91963 38.66223 0.05803 0.74597 -0.66345 e
58.93057 43.07699 -0.60284 0.66081 -0.44713 e
58.95470 31.36537 -0.94717 -0.21148 0.24113 e
59.16892 70.37150 -0.06481 -0.42116 -0.90467 e
59.36689 79.95035 -0.11042 0.36248 -0.92543 e
59.37857 49.02409 0.71316 -0.00126 -0.70100 e
59.40212 55.02248 -0.59677 0.04983 -0.80086 e
59.62429 71.91126 0.89658 -0.44276 -0.01029 e
59.96410 69.46517 0.80596 0.26066 -0.53150 e
60.11061 82.07664 -0.54679 0.41798 -0.72547 e
60.14920 20.06320 0.49776 0.01057 -0.86725 e
60.26925 79.47057 -0.42202 0.67972 -0.59990 e
60.38613 46.64515 -0.83876 -0.14410 -0.52509 e
60.44878 56.28036 0.47072 0.18943 -0.86171 e
60.45607 29.42460 0.39512 0.90701 -0.14567 e
60.47466 48.01669 0.40506 -0.37656 0.83314 e
60.56110 59.94028 -0.92265 -0.01000 0.38550 e
60.61522 39.24816 -0.49367 0.66567 -0.55961 e
60.95367 43.70730 0.28169 -0.69921 0.65708 e
60.99801 55.09200 0.42703 0.13429 -0.89421 e
61.10317 74.14887 -0.19048 0.73544 -0.65027 e
61.24214 62.20072 0.91978 0.05465 -0.38862 e
61.26580 64.43395 -0.63323 0.44987 -0.62979 e
61.44734 64.58560 -0.39688 -0.81747 -0.41741 e
61.45192 59.13428 0.08011 0.03077 -0.99631 e
61.56713 79.26397 0.79561 -0.59066 -0.13463 e
61.64583 30.54320 -0.91406 -0.14671 0.37810 e
61.72373 82.28088 -0.08448 0.38192 -0.92033 e
62.06494 35.29244 0.44005 -0.88603 0.14600 e
62.26625 74.76771 0.58894 -0.65327 -0.47581 e
62.28045 34.63796 -0.01527 0.85510 -0.51825 e
62.34274 51.83166 0.06879 -0.84835 -0.52495 e
62.53400 12.74119 -0.08444 -0.98773 -0.13138 e
62.59638 27.90476 0.57892 0.03744 -0.81452 e
62.69200 47.27122 -0.11302 0.22118 -0.96866 e
62.86950 44.65262 -0.58092 -0.69630 0.42154 e
63.04760 61.16730 -0.16782 0.89756 -0.40771 e
63.23794 80.14836 -0.08341 -0.89830 -0.43138 e
63.46356 23.14161 0.07174 0.97352 0.21703 e
63.53512 75.38025 -0.57549 -0.81754 0.02074 e
63.77413 56.26059 -0.14554 -0.93543 -0.32216 e
63.81566 53.87203 0.93720 0.00532 -0.34876 e
64.13607 59.26742 -0.16264 0.76733 -0.62029 e
64.19339 67.82634 0.40238 0.69669 -0.59390 e
64.41569 30.53194 -0.19309 -0.08175 -0.97777 e
64.55626 66.52708 -0.78932 -0.59416 0.15473 e
64.56954 43.88034 -0.60962 0.37374 -0.69906 e
64.63615 62.67167 0.99988 0.00406 -0.01511 e
64.79242 67.78144 0.46514 0.65377 -0.59685 e
64.79868 54.59232 -0.50340 -0.85554 0.12099 e
64.90922 31.94688 0.18793 -0.82501 -0.53295 e
65.07886 26.57724 -0.72633 0.11559 0.67755 e
65.22383 39.44848 -0.95166 0.30125 0.05994 e
65.29333 43.90690 -0.89153 0.44289 0.09498 e
65.48854 68.55301 -0.05809 0.90120 -0.42949 e
66.04367 54.53840 0.89783 -0.43113 -0.08962 e
66.20213 75.49580 -0.37991 0.56845 -0.72975 e
66.70105 35.57640 -0.36510 -0.24085 -0.89927 e
66.77356 50.20637 -0.87641 0.33295 0.34793 e
66.78816 51.70035 0.54387 -0.15987 -0.82380 e
66.84932 71.90563 -0.89325 -0.19262 0.40621 e
66.91907 70.55811 -0.82647 0.28983 -0.48265 e
67.09834 51.83858 0.19107 -0.36154 -0.91257 e
67.17711 65.56524 -0.51827 0.54715 -0.65729 e
67.52447 53.97231 -0.80143 0.36383 -0.47471 e
67.76839 72.85914 -0.93174 -0.36141 -0.03535 e
68.20522 55.79939 -0.98125 -0.08427 -0.17331 e
68.46694 24.09687 0.58377 0.56880 -0.57939 e
68.70484 32.44888 -0.54170 -0.53200 0.65080 e
68.73382 34.93088 -0.23570 0.32027 -0.91753 e
68.76432 22.77930 -0.38201 -0.91823 0.10448 e
68.88445 39.74680 0.82826 0.47485 -0.29748 e
69.00668 44.10168 -0.36459 0.92109 -0.13664 e
69.25885 28.17221 0.33413 -0.55045 -0.76509 e
69.43459 42.28428 0.79175 0.53812 -0.28906 e
69.85507 27.82980 0.53681 -0.83687 -0.10715 e
69.96452 83.16528 0.45870 -0.86381 -0.20839 e
69.98219 81.53580 0.93123 -0.02011 -0.36387 e
70.08447 65.92856 0.50538 -0.82681 -0.24694 e
70.22364 29.19950 -0.38992 0.91852 0.06540 e
70.27138 70.23950 0.19308 -0.49931 -0.84463 e
70.45737 64.95229 -0.40047 0.01452 -0.91619 e
70.65263 16.15198 -0.93734 -0.34827 -0.01014 e
70.73736 64.02243 -0.66487 0.29750 -0.68515 e
70.90310 58.79832 0.44915 0.87393 -0.18577 e
70.95209 79.16925 0.63921 0.33523 -0.69213 e
71.19544 62.69307 0.80605 -0.56258 -0.18380 e
71.21447 21.14595 0.27557 0.86441 -0.42055 e
71.25944 57.43612 0.92029 -0.37858 0.09871 e
71.56648 73.34296 -0.63917 0.64489 0.41904 e
71.63912 79.91159 -0.68699 -0.69968 0.19619 e
71.72396 46.44065 -0.75292 -0.39825 -0.52394 e
71.85349 39.45480 -0.31764 0.93911 -0.13108 e
71.86517 68.36267 0.84038 -0.45417 0.29581 e
71.90739 37.81029 0.00206 0.17831 -0.98397 e
72.19509 71.96920 -0.31121 -0.43336 -0.84578 e
72.57933 79.41680 0.56953 0.75377 -0.32782 e
72.66819 56.11788 -0.45352 0.86463 -0.21617 e
72.72295 56.23643 0.92892 0.09304 0.35841 e
73.05499 17.00587 -0.12853 0.60016 -0.78948 e
73.27902 73.87787 -0.65742 0.71599 0.23487 e
73.53389 60.74730 -0.70219 0.23327 0.67269 e
73.66094 35.68846 0.85209 0.43471 0.29151 e
73.66653 82.07319 0.03832 -0.92705 -0.37298 e
73.74615 80.01163 0.88876 0.27860 0.36400 e
73.92927 80.56368 -0.02213 0.96256 0.27017 e
74.16848 67.30786 -0.50262 -0.13321 -0.85418 e
74.42255 65.20754 0.18440 -0.23787 -0.95363 e
74.43738 60.60791 -0.82759 0.53483 0.17045 e
74.45900 67.67295 -0.54080 -0.83871 -0.06401 e
74.50910 8.80890 0.63382 0.22736 0.73931 e
74.67726 58.35278 -0.12447 -0.66483 -0.73655 e
74.83531 45.78481 -0.18138 0.91573 -0.35853 e
74.86072 71.35440 -0.64096 0.67297 -0.36915 e
75.04110 70.15127 0.14676 -0.96342 -0.22422 e
75.22727 84.32517 0.40101 -0.76623 -0.50208 e
75.26274 78.80019 0.53261 -0.24654 -0.80965 e
75.35294 32.12035 -0.12044 0.66457 -0.73746 e
75.68099 54.19194 0.08106 -0.67521 0.73316 e
75.93779 38.02484 0.68602 -0.56175 -0.46240 e
76.00372 81.94276 -0.27775 -0.93763 -0.20907 e
76.05096 47.80408 -0.42379 0.33055 -0.84329 e
76.36030 43.21685 -0.63288 -0.28597 -0.71950 e
77.09317 24.66476 0.33766 0.74063 -0.58090 e
77.24963 54.73122 0.49536 0.86722 0.05047 e
77.27100 56.04525 0.65971 -0.40016 -0.63613 e
77.92091 76.48791 0.51242 0.50004 -0.69813 e
77.93359 69.14536 -0.96695 -0.19781 0.16088 e
78.20253 76.86760 -0.42067 0.38025 -0.82368 e
78.34288 37.18358 -0.49502 0.82836 0.26224 e
78.36768 56.40949 -0.99701 0.05275 -0.05645 e
78.40984 55.12235 0.06803 -0.94167 0.32958 e
78.71855 40.47984 -0.86773 0.09301 -0.48826 e
78.80015 60.12737 0.46094 0.87947 0.11860 e
78.88082 40.69623 -0.77410 0.61614 0.14539 e
79.14280 33.85861 -0.08705 -0.97721 -0.19360 e
79.15740 70.55237 0.12925 -0.98375 -0.12460 e
79.21487 50.30804 0.28754 0.27852 -0.91638 e
79.54189 73.46656 0.59426 -0.36059 0.71891 e
80.22424 37.35801 -0.31433 -0.94884 -0.02997 e
80.37237 64.36670 0.95215 0.26469 0.15278 e
80.48249 58.31611 0.17687 0.69203 0.69987 e
80.64633 56.63169 -0.32482 0.94083 -0.09663 e
80.69217 28.54546 0.95596 -0.28594 -0.06615 e
80.82659 69.19538 -0.50004 0.64447 -0.57847 e
80.86667 39.72216 0.18819 -0.34061 -0.92118 e
81.09776 38.38617 -0.82419 -0.43277 -0.36527 e
81.17341 49.40715 -0.71896 -0.04829 0.69337 e
81.20583 72.63982 0.90535 0.33081 0.26628 e
82.14229 80.73882 0.43276 -0.83439 -0.34134 e
82.28955 82.84313 0.81181 0.36717 0.45403 e
82.29246 13.15948 0.13512 0.99059 0.02188 e
82.47868 80.37527 -0.07441 0.13901 -0.98749 e
82.51996 33.24574 0.29427 -0.77202 -0.56337 e
83.12274 39.11453 -0.89215 0.12016 -0.43546 e
83.67047 57.20341 0.88881 0.31447 -0.33335 e
83.82800 55.09028 -0.91290 -0.34883 0.21199 e
84.29241 31.52969 0.14019 0.88233 -0.44926 e
84.91779 70.83829 -0.47486 0.70187 0.53093 e
85.16047 63.23417 0.83691 0.51523 0.18473 e
85.48296 35.89682 0.08852 -0.86817 -0.48831 e
85.70718 56.63588 -0.15415 -0.94884 -0.27558 e
85.79869 44.66600 0.39930 0.33002 -0.85536 e
86.01122 18.03260 0.30081 -0.91143 0.28072 e
86.18217 59.40190 -0.48361 0.86370 0.14196 e
86.21876 77.39628 0.82930 -0.23996 -0.50466 e
86.43901 15.24809 -0.19849 0.16374 0.96633 e
86.81089 34.77532 0.37652 0.54898 0.74623 e
86.87557 78.44686 0.31271 -0.76176 -0.56739 e
86.90032 65.86869 -0.42028 -0.29600 -0.85776 e
88.07048 78.40235 0.17748 -0.27937 -0.94364 e
88.16006 50.41525 0.21015 0.08576 -0.97390 e
88.23003 44.79564 -0.31512 -0.38153 -0.86899 e
88.57137 77.66197 -0.57055 -0.09468 -0.81578 e
90.16576 31.01240 -0.55670 -0.76356 0.32719 e
90.45413 79.54393 -0.54283 -0.52337 -0.65683 e
90.80503 54.37991 -0.34786 0.73528 -0.58168 e
91.00238 84.60152 0.29982 -0.95302 -0.04308 e
91.41088 39.02045 0.86941 -0.48775 -0.07892 e
91.65702 36.04891 0.84966 -0.49219 0.18926 e
91.69865 83.44364 -0.36354 -0.72357 -0.58676 e
92.02071 77.63606 -0.78833 -0.39801 -0.46917 e
92.50954 45.75365 -0.04508 0.95292 0.29985 e
93.50312 69.31655 0.60039 0.00403 -0.79970 e
93.50459 73.19236 -0.67598 -0.50457 -0.53708 e
93.77559 25.94938 -0.54910 -0.21230 -0.80834 e
93.80979 61.15995 -0.83490 -0.46189 0.29931 e
93.97595 26.27253 -0.77391 0.31970 -0.54668 e
94.64214 39.21392 0.11126 0.51257 -0.85140 e
94.84387 52.22844 0.39482 -0.91731 -0.05148 e
94.99629 70.77345 -0.04472 -0.99380 -0.10177 e
95.10734 81.77348 0.18542 0.30298 -0.93479 e
95.24159 48.02688 0.68690 -0.39795 0.60812 e
95.41417 62.16035 0.74216 -0.20353 -0.63857 e
95.88325 79.58774 0.01046 -0.71818 -0.69578 e
96.09369 57.33382 -0.47712 -0.64309 0.59900 e
96.28263 49.15734 0.61850 0.72733 -0.29741 e
96.39703 72.63666 -0.74511 -0.27332 0.60837 e
97.07794 53.66745 0.64661 -0.71191 0.27401 e
97.28366 38.71623 -0.02448 -0.82078 0.57072 e
97.69609 54.26416 0.41148 -0.90667 -0.09292 e
97.71137 58.55608 -0.38976 0.91126 -0.13305 e
97.71966 61.03917 0.76842 0.45749 -0.44748 e
98.02236 55.86375 -0.63756 -0.00333 -0.77039 e
98.39628 62.93187 0.26849 0.92767 0.25949 e
98.95183 41.42104 -0.19230 -0.86054 0.47170 e
99.29451 82.94039 0.01951 0.19679 0.98025 e
99.35964 61.70766 0.18995 0.64963 0.73614 e
99.93928 11.73339 -0.83142 -0.42327 -0.35999 e
100.03799 10.43199 -0.32941 -0.42658 0.84233 e
100.47605 31.73993 -0.18845 0.03939 -0.98129 e
100.54701 63.01828 0.22857 -0.95319 -0.19794 e
100.65843 79.87635 0.54508 -0.61096 0.57412 e
100.70403 76.23480 -0.09970 -0.28726 -0.95265 e
100.81288 58.75002 0.06312 -0.98131 0.18180 e
101.03026 56.71149 0.36526 0.31713 -0.87522 e
101.21659 47.99106 -0.33760 -0.16613 -0.92651 e
101.40380 71.26420 0.34047 0.90641 -0.25001 e
102.62752 42.37668 -0.56566 -0.71683 -0.40765 e
102.85242 35.12258 0.68395 0.33848 0.64625 e
102.86137 45.84206 -0.52272 0.25124 -0.81464 e
102.88412 77.27230 0.61784 0.76000 0.20166 e
103.00457 55.91882 -0.38502 -0.92288 -0.00690 e
103.00615 25.02065 0.80148 -0.12333 -0.58516 e
103.04313 70.13333 0.27913 -0.26411 -0.92322 e
103.16054 38.18255 0.56168 -0.60283 -0.56666 e
103.24343 71.25327 0.81683 -0.44948 -0.36159 e
104.15398 50.72518 0.41505 -0.84770 0.33037 e
104.46303 29.11034 -0.37999 -0.77998 0.49723 e
105.19235 56.91107 -0.87647 0.43162 0.21335 e
105.80909 65.69129 0.36611 -0.56220 -0.74155 e
106.13371 34.98236 0.24823 0.96529 -0.08122 e
106.53444 56.85101 0.96701 0.24982 -0.04972 e
106.90239 47.38723 -0.28174 0.28360 -0.91662 e
106.94727 46.35193 0.46098 0.63811 0.61670 e
107.12819 61.98395 -0.54409 -0.80547 0.23492 e
107.51829 50.90808 0.31400 0.74870 -0.58383 e
107.64035 74.98695 -0.56924 0.41185 0.71158 e
107.88086 40.36405 -0.61553 0.46451 -0.63667 e
108.40959 58.60231 -0.46924 0.82679 -0.31022 e
108.52950 41.72162 0.51431 0.74791 0.41966 e
108.96339 12.21778 0.18359 -0.48260 0.85639 e
109.51488 69.46252 -0.10173 0.55647 0.82461 e
109.73162 57.90482 -0.85124 0.51109 0.11908 e
109.82639 29.53838 0.04571 -0.58697 0.80831 e
109.96870 61.26849 0.19196 -0.36803 -0.90978 e
110.35680 70.85790 -0.49886 -0.54522 -0.67370 e
110.57443 26.12017 0.66829 -0.19402 0.71816 e
110.59899 73.38405 0.53410 0.20757 -0.81954 e
110.78940 21.45357 -0.17097 0.75698 -0.63067 e
110.84479 77.90700 -0.68823 -0.72081 -0.08222 e
110.85628 52.97317 -0.00816 0.35199 -0.93597 e
111.02997 23.59924 0.44555 0.65335 0.61206 e
111.94426 38.71039 0.85231 -0.51054 -0.11371 e
112.45328 66.13177 0.70160 -0.20122 -0.68356 e
112.57523 24.78056 -0.66888 0.03751 0.74242 e
112.73011 67.17607 -0.49380 -0.00445 -0.86956 e
112.79508 64.84662 -0.28514 -0.26445 -0.92128 e
113.27895 41.44791 0.69686 0.48198 -0.53111 e
113.56707 63.20108 -0.92195 -0.03013 0.38614 e
114.44752 46.17485 -0.46079 -0.04581 -0.88633 e
114.81985 48.73921 0.17060 -0.34979 -0.92116 e
114.85348 53.67508 0.74086 -0.18276 -0.64632 e
115.35493 60.03206 -0.52606 0.45116 -0.72092 e
115.43699 30.92828 -0.15226 0.98834 0.00309 e
115.55721 66.10790 -0.29086 0.82253 -0.48872 e
115.96098 39.32857 0.89156 0.45160 0.03434 e
117.47210 58.28469 -0.68430 0.42548 -0.59220 e
118.48978 57.46735 0.27850 0.78348 -0.55551 e
118.55352 78.45609 0.55853 0.60984 0.56226 e
118.65628 28.61514 -0.51335 0.40748 -0.75527 e
119.41843 24.27497 0.96806 0.24438 -0.05596 e
120.69650 33.50693 -0.16330 -0.63284 -0.75687 e
120.74545 46.15191 0.02802 0.99894 -0.03655 e
120.79188 67.00853 -0.78906 -0.61298 0.04035 e
121.02464 61.96414 0.03174 0.87300 -0.48668 e
121.78963 70.59136 -0.20940 0.53021 -0.82160 e
122.20277 30.00568 -0.06125 -0.59084 0.80446 e
122.62113 65.41319 0.70592 0.63731 -0.30906 e
122.81728 66.52042 -0.75825 -0.04579 -0.65035 e
122.90136 79.90533 -0.91714 -0.11199 0.38251 e
123.90780 49.99831 0.78523 0.17023 0.59534 e
124.28103 60.43502 0.01398 -0.97147 0.23673 e
124.28668 68.13332 0.03556 0.37738 -0.92537 e
124.30939 73.44370 -0.40521 0.71224 -0.57316 e
124.34494 50.09190 -0.31930 -0.13968 -0.93730 e
125.05371 54.31075 -0.90442 0.04309 -0.42445 e
125.06646 78.35803 -0.67079 0.38528 -0.63372 e
125.33289 37.80214 -0.66426 -0.31251 -0.67905 e
125.51989 32.03808 -0.16325 0.98653 -0.01087 e
125.69496 39.23536 -0.13047 0.83397 0.53616 e
126.09878 58.57071 0.70543 0.29848 -0.64287 e
126.34770 51.72880 0.85494 -0.47516 -0.20809 e
126.41909 72.78164 -0.73648 0.65824 -0.15595 e
126.45968 60.34575 0.65740 -0.40014 -0.63853 e
126.66122 45.65188 -0.02622 -0.48643 -0.87332 e
127.28129 43.46679 0.87288 0.47719 0.10184 e
127.86872 35.22749 -0.24576 -0.18796 -0.95093 e
127.98699 21.97715 0.38217 -0.23191 -0.89452 e
127.99677 57.02608 0.97392 0.20340 -0.10051 e
128.33695 55.12500 0.91309 -0.17798 -0.36687 e
128.40630 40.59355 0.61671 0.08364 -0.78274 e
128.63743 26.10591 0.22829 -0.72962 0.64462 e
129.96387 21.90220 -0.32713 -0.76275 -0.55785 e
130.25376 79.54246 0.18448 -0.74960 0.63566 e
130.84460 47.92591 0.03072 -0.74509 -0.66625 e
131.93540 48.98626 0.25063 0.31385 -0.91580 e
131.94610 59.56425 0.58609 0.33951 -0.73569 e
132.19599 31.83868 0.25917 -0.13209 -0.95676 e
132.37194 40.19999 -0.76830 -0.47116 -0.43328 e
132.42672 33.89408 -0.54639 -0.33502 0.76760 e
132.72300 83.50018 0.76529 -0.38824 -0.51342 e
133.39866 26.26568 0.98203 -0.04192 -0.18401 e
133.95046 42.88901 0.88323 -0.46885 0.00975 e
134.09626 81.40293 0.63462 0.66620 0.39169 e
134.20501 35.96688 -0.13701 -0.71317 -0.68747 e
134.75683 68.42704 -0.09353 -0.63171 -0.76955 e
134.78929 64.80591 0.25739 0.56972 -0.78049 e
135.46000 83.99996 -0.24447 -0.90152 -0.35707 e
135.54036 38.81258 -0.45421 0.89002 -0.03940 e
135.75143 25.03560 0.90673 -0.42035 -0.03379 e
135.91838 24.31179 0.78498 0.57783 -0.22343 e
136.10211 41.02667 -0.67854 -0.50009 -0.53805 e
136.12284 43.67930 -0.46157 0.17207 -0.87025 e
136.56430 33.72268 0.77320 -0.59699 -0.21393 e
136.82931 42.84165 0.96330 -0.25453 0.08521 e
137.10237 27.42606 -0.56164 -0.47346 -0.67852 e
137.33460 29.43396 -0.77348 0.61903 -0.13613 e
137.84201 46.58471 0.99283 0.06455 0.10064 e
137.99276 66.58994 0.33879 0.35946 -0.86949 e
138.00232 57.18283 -0.37668 -0.91748 -0.12781 e
138.90894 61.25133 0.58437 0.15238 -0.79705 e
138.96090 21.45237 0.54711 -0.12539 0.82762 e
139.01787 54.24325 0.35315 -0.77385 -0.52577 e
139.45118 43.94904 0.31100 0.93898 0.14697 e
139.92733 71.69900 0.41501 0.19874 -0.88785 e
140.14863 63.23997 0.11505 0.96081 -0.25222 e
140.21828 28.75067 -0.49934 -0.72741 -0.47068 e
140.22187 63.91577 0.56088 -0.74035 -0.37054 e
140.48068 17.05708 0.66144 -0.61088 -0.43510 e
140.53723 17.64266 0.72328 0.16179 0.67134 e
140.64541 35.18670 -0.77443 0.44687 -0.44785 e
140.85190 56.18640 0.28686 -0.95468 -0.07941 e
141.12554 51.19061 -0.51159 -0.82546 -0.23853 e
141.58838 18.28777 -0.41767 -0.13298 -0.89881 e
141.84561 19.62467 -0.01002 -0.59945 -0.80035 e
142.16716 68.07529 0.49722 -0.69196 -0.52341 e
142.42452 57.23723 0.38439 0.00763 -0.92314 e
143.51057 69.66237 0.25582 0.06442 -0.96458 e
143.86541 47.85887 0.11830 0.20934 0.97066 e
144.19668 63.71684 -0.97199 0.23326 0.02884 e
144.58329 38.44537 0.31346 0.94850 -0.04570 e
144.88055 26.17553 0.62574 0.19016 -0.75650 e
145.28605 77.31299 0.03509 -0.26842 -0.96266 e
145.92067 71.85654 0.51569 -0.56569 0.64347 e
145.98277 61.77403 -0.75803 -0.32824 -0.56361 e
146.52289 47.07626 -0.17335 0.18795 0.96676 e
146.70041 59.86908 0.95948 -0.16611 -0.22760 e
146.89383 25.49064 0.44647 -0.02722 -0.89438 e
147.67466 48.06459 0.10330 -0.94231 -0.31840 e
148.04583 47.00197 -0.66727 -0.27749 -0.69120 e
149.06568 35.76786 0.03495 0.71801 -0.69515 e
149.42552 55.53275 -0.33394 -0.94191 -0.03585 e
149.68743 18.90826 0.47368 0.86610 -0.15968 e
150.02217 58.31148 -0.37855 0.86730 0.32325 e
150.63382 50.65930 0.21968 0.21314 -0.95200 e
150.89000 64.28517 0.39503 -0.84230 0.36672 e
150.94878 37.40627 0.83155 -0.24218 -0.49988 e
151.01469 39.83780 -0.13910 -0.43881 -0.88775 e
151.04485 49.08644 -0.61005 -0.55928 -0.56129 e
151.43213 31.68315 0.31305 -0.55413 -0.77132 e
151.71264 42.50783 -0.09579 -0.99535 0.01028 e
151.90243 82.65404 -0.09304 -0.35398 -0.93061 e
152.11813 43.81284 0.65949 -0.27538 -0.69945 e
152.29877 48.68801 0.01076 0.75668 0.65369 e
153.12931 52.96656 0.24195 0.01666 -0.97015 e
153.17327 43.63090 -0.20591 -0.88317 0.42143 e
153.35721 75.73966 -0.98514 0.03879 0.16732 e
153.58647 77.00767 0.29559 0.89043 -0.34606 e
153.64372 44.28273 0.12113 0.18081 -0.97603 e
153.69142 29.94591 -0.08397 -0.19332 -0.97754 e
154.32523 28.51134 0.56497 -0.77672 -0.27842 e
154.36318 44.12195 0.88255 0.30041 -0.36173 e
154.77909 81.50778 0.10132 -0.91990 -0.37883 e
155.59940 18.89828 0.06717 -0.01601 -0.99761 e
155.72381 54.49034 0.71234 0.16657 -0.68179 e
156.14582 63.00068 -0.41142 -0.18221 -0.89305 e
156.59611 35.01890 0.67335 -0.71476 -0.18902 e
156.65223 37.09499 -0.61374 -0.64296 0.45817 e
156.76724 59.69941 -0.26661 -0.54784 -0.79296 e
156.76910 68.00694 -0.84139 0.52910 -0.11008 e
156.84405 36.40054 0.20342 0.97138 -0.12264 e
157.35659 64.37141 -0.68332 -0.65587 -0.32080 e
157.89974 44.34721 -0.72413 -0.40564 -0.55775 e
158.36519 36.75942 0.52037 0.29983 -0.79957 e
158.40018 33.75590 -0.40129 0.48847 -0.77483 e
159.11571 71.37571 0.20173 -0.95688 -0.20902 e
159.98105 69.20170 -0.26355 0.95224 -0.15422 e
160.60293 74.10478 0.62415 0.24300 -0.74256 e
160.95956 28.94536 0.65126 -0.57223 -0.49842 e
161.09618 78.60074 0.07980 0.98478 -0.15443 e
161.85649 50.77054 -0.34453 0.90389 0.25355 e
162.77782 47.91301 0.06594 -0.46839 -0.88106 e
163.58535 33.73529 0.46915 -0.57358 -0.67149 e
164.29043 63.51306 0.48684 -0.05012 -0.87205 e
164.85116 65.04308 -0.43891 0.87065 -0.22208 e
165.23881 81.88589 -0.48200 -0.64139 -0.59690 e
165.58355 23.17182 0.34081 0.62848 -0.69919 e
166.14626 30.90390 0.00824 -0.39040 0.92061 e
166.29534 38.09919 -0.89587 0.24279 -0.37212 e
167.06381 47.62542 0.90748 -0.38241 0.17391 e
167.54639 56.82668 0.97573 -0.17555 0.13088 e
167.55720 26.76253 -0.96872 0.14065 0.20447 e
168.53765 41.41445 0.62607 0.51987 -0.58118 e
168.57736 52.73797 -0.93783 -0.34423 0.04455 e
169.87624 66.53322 0.44954 -0.40894 -0.79415 e
171.12580 38.47022 0.83463 -0.54923 -0.04170 e
172.21617 57.35665 0.23039 0.88856 -0.39671 e
172.38983 41.65964 0.87341 -0.27259 -0.40354 e
173.13186 37.28813 -0.65800 0.12490 0.74259 e
173.14408 41.85548 0.29553 -0.76767 0.56863 e
173.96819 41.54952 -0.35372 0.86593 -0.35361 e
174.23363 36.82021 0.91641 0.08350 -0.39143 e
174.66948 64.50473 0.25895 -0.84668 -0.46484 e
174.69296 63.31663 0.57424 0.48916 -0.65648 e
174.93078 36.05157 0.12518 0.81005 -0.57285 e
175.06879 22.81625 0.96356 0.26712 -0.01420 e
175.81392 66.59172 0.65853 0.61767 0.42990 e
176.13966 64.64737 0.30357 -0.93845 0.16476 e
176.45463 78.39482 0.47171 -0.15282 -0.86841 e
176.45792 53.29968 -0.28939 0.44108 -0.84953 e
176.74746 34.76567 0.74795 0.54032 -0.38551 e
177.22442 62.28755 0.86160 -0.08260 0.50082 e
177.93452 79.92432 0.93121 0.16652 -0.32422 e
178.86396 67.87686 0.97851 0.04916 0.20026 e
179.07939 49.52799 0.60441 0.75215 -0.26259 e
179.21344 62.93374 -0.07164 0.55513 -0.82867 e
179.25504 31.84173 0.47239 0.66588 0.57745 e
179.40758 83.31711 0.23987 -0.34737 -0.90653 e
179.56701 51.70877 -0.76287 -0.19267 -0.61718 e
180.17906 40.93606 0.93916 0.21968 0.26404 e
180.68914 29.24140 -0.25352 -0.96706 -0.02309 e
181.35796 32.58723 0.63476 0.24159 -0.73397 e
182.19357 24.23480 0.64611 -0.42367 -0.63486 e
182.71550 20.88417 0.99847 0.05163 0.01990 e
182.87293 39.69362 -0.79998 0.23506 -0.55206 e
183.09306 43.87964 0.43177 0.72259 -0.53985 e
183.36274 59.67890 -0.26829 -0.85914 -0.43578 e
183.38235 52.96314 -0.05660 0.80313 0.59311 e
183.53729 56.93597 0.20291 0.94319 -0.26311 e
183.72554 20.97126 0.79905 0.17033 -0.57664 e
184.29340 39.36214 -0.27661 0.96063 -0.02589 e
184.36182 55.17801 0.42357 -0.70323 -0.57101 e
184.49520 78.01484 -0.43119 0.55396 -0.71218 e
184.57227 48.11661 0.68826 0.10550 -0.71776 e
184.64722 26.48087 -0.65205 -0.01803 -0.75796 e
184.68152 23.04648 -0.11853 -0.51535 -0.84874 e
184.70585 39.25087 -0.55240 -0.80197 -0.22738 e
184.91248 28.83083 -0.77714 -0.15655 0.60955 e
185.40959 57.39694 -0.21014 0.88658 -0.41209 e
185.66659 38.48875 -0.24586 0.96833 -0.04338 e
186.79111 81.75296 -0.88566 -0.15965 0.43603 e
187.19373 48.85076 0.70271 0.27666 -0.65549 e
187.24650 45.62005 -0.76593 0.56830 0.30064 e
187.81520 84.65533 0.59979 -0.59646 -0.53337 e
188.59695 45.49447 0.27575 -0.01488 -0.96111 e
189.05485 43.35671 -0.73818 -0.15951 -0.65547 e
189.08994 34.89381 -0.95982 -0.27832 -0.03595 e
189.11697 51.74726 -0.23916 0.76159 -0.60231 e
189.54023 60.05203 -0.80542 0.43803 0.39927 e
189.67075 27.87708 0.62934 0.62791 0.45789 e
190.63023 12.64677 0.15998 0.42164 0.89254 e
190.70494 58.97127 0.01385 -0.37371 -0.92744 e
190.96698 73.35783 0.60245 0.20681 -0.77090 e
190.99926 66.92466 -0.03852 0.79157 -0.60986 e
191.34941 69.08625 -0.02907 -0.98131 0.19020 e
191.38257 24.52303 -0.65942 0.32036 0.68010 e
191.44065 48.01980 0.19904 -0.69844 -0.68743 e
191.52909 42.52307 0.43104 0.43755 -0.78915 e
191.84360 23.62927 -0.04800 -0.03188 0.99834 e
192.14815 79.78046 -0.76777 0.52231 0.37110 e
192.26914 38.26757 -0.64483 0.73302 -0.21651 e
192.51670 75.19669 -0.68843 -0.60092 -0.40616 e
192.56522 48.15314 0.36055 -0.64667 -0.67218 e
192.92283 51.26265 -0.39325 0.91188 -0.11756 e
193.03286 33.77854 -0.70053 -0.51211 -0.49699 e
193.31910 65.13198 -0.06713 0.32848 -0.94212 e
193.58841 42.38269 0.10664 -0.57005 -0.81466 e
193.96084 32.79110 -0.01139 0.85989 -0.51035 e
194.15066 32.03132 -0.80838 0.05464 -0.58612 e
194.37451 54.24061 -0.03165 0.14970 -0.98823 e
194.60757 53.42104 0.33063 -0.90305 -0.27419 e
194.69520 83.91377 -0.13145 -0.03072 -0.99085 e
194.81954 60.59604 0.49459 0.72453 -0.48004 e
194.82046 53.27834 0.05344 -0.93824 -0.34184 e
195.26496 78.22092 -0.89853 -0.41073 0.15473 e
195.54742 75.28611 0.26312 0.17468 -0.94882 e
195.65337 67.91005 -0.24862 -0.93365 0.25786 e
195.78869 57.19017 0.96150 -0.26207 0.08267 e
196.11648 42.83377 -0.21671 0.95259 -0.21356 e
197.92853 56.02092 -0.31158 -0.25548 -0.91523 e
198.48152 58.64940 0.43628 -0.89461 0.09663 e
198.70039 32.98683 0.00659 0.52219 -0.85280 e
199.15653 55.13405 -0.78920 0.49787 -0.35958 e
199.79644 44.13534 -0.87783 0.09601 0.46926 e
200.90346 24.55777 0.25749 -0.43251 0.86408 e
201.03412 33.37132 -0.45993 0.82965 -0.31647 e
201.75353 37.56969 0.50963 0.45247 -0.73182 e
201.83550 34.88956 0.20672 -0.97492 -0.08246 e
202.05559 71.60152 0.57861 -0.72075 -0.38176 e
202.30407 76.95221 -0.79773 0.59306 0.10913 e
202.58407 27.25534 -0.88126 0.07286 -0.46698 e
202.97523 38.35971 0.25889 -0.18396 -0.94823 e
203.27416 52.03121 0.62299 -0.67252 -0.39950 e
203.47696 73.81443 0.21184 -0.96833 0.13214 e
203.51912 78.04422 -0.38584 -0.16481 -0.90773 e
203.64128 63.36927 -0.70998 -0.35605 -0.60758 e
203.83657 38.07201 0.29400 0.76186 -0.57718 e
203.99857 40.60801 -0.60329 -0.30678 -0.73616 e
204.34569 43.97067 -0.12515 0.70995 -0.69304 e
204.47915 31.33272 -0.52325 -0.23143 -0.82015 e
204.78535 36.20207 0.92141 0.37541 -0.10035 e
204.97154 19.12843 0.10284 -0.60431 -0.79008 e
206.20098 38.86523 0.78691 -0.39397 -0.47492 e
206.86184 69.91695 0.09393 -0.23484 -0.96748 e
207.18751 45.41134 0.45674 0.88108 0.12280 e
208.93809 43.34591 0.99767 0.06292 -0.02645 e
209.61760 61.15015 -0.85047 0.48286 -0.20870 e
210.02044 41.09296 0.45426 -0.74690 -0.48558 e
210.39967 29.44527 0.67235 -0.15721 0.72335 e
211.22041 58.36832 0.46320 -0.88245 -0.08206 e
213.23505 59.23074 0.53600 0.41837 -0.73326 e
214.35960 45.82680 0.83091 0.29845 -0.46959 e
215.34756 25.98787 0.33421 -0.15234 -0.93011 e
215.54118 77.38050 -0.08193 0.68433 -0.72455 e
215.87972 33.12626 -0.37805 -0.73434 -0.56376 e
217.16272 45.33657 0.37350 -0.02350 -0.92733 e
217.46958 27.32627 0.45452 -0.57354 -0.68152 e
217.67785 50.94600 -0.94587 -0.16069 -0.28199 e
218.85047 63.07372 0.36238 -0.66358 0.65448 e
219.31579 36.11451 -0.07092 0.46456 -0.88270 e
220.79684 62.93102 0.90170 0.07358 -0.42605 e
220.99274 58.56540 -0.30556 0.95203 -0.01635 e
222.83876 38.49620 0.74884 -0.48205 -0.45483 e
222.97635 35.48493 -0.56692 0.47372 -0.67394 e
223.30886 57.26185 0.41657 0.72824 -0.54419 e
223.89076 59.06925 -0.47785 0.87522 -0.07516 e
224.27046 31.47907 -0.98723 0.14994 -0.05388 e
224.46403 29.85750 0.79622 0.49062 0.35402 e
225.61493 35.99431 0.29621 0.62646 -0.72098 e
225.62248 43.98311 0.19791 -0.97776 -0.06946 e
226.33289 18.74934 0.13793 -0.95074 0.27760 e
226.96141 55.10470 -0.19522 -0.52123 -0.83079 e
226.97819 52.24185 0.52172 -0.32498 -0.78879 e
228.05460 20.07130 -0.58613 -0.64796 -0.48641 e
228.21161 61.84619 -0.15088 -0.76987 -0.62011 e
228.58110 83.33423 0.03829 -0.93041 0.36452 e
229.08476 73.31188 0.68009 0.72717 0.09328 e
229.23703 23.44226 -0.65852 -0.41632 0.62692 e
230.54132 57.07211 0.69873 -0.64927 0.30037 e
230.93822 60.36791 -0.33878 -0.26393 0.90309 e
231.17376 58.86467 0.99560 0.07621 0.05451 e
231.43389 58.38288 -0.30316 0.52704 -0.79393 e
231.96309 26.39442 -0.53445 -0.18879 0.82385 e
232.19969 52.82242 0.38287 -0.89046 -0.24594 e
233.04624 54.51901 0.56760 0.27128 -0.77733 e
234.89268 30.47593 -0.20257 0.16090 0.96596 e
235.01943 66.05585 0.82506 0.28426 0.48833 e
236.50909 39.72822 0.17377 0.86376 -0.47300 e
236.86110 79.37244 0.73040 0.50940 -0.45500 e
236.89986 64.26377 -0.49705 -0.86303 0.09006 e
237.10928 73.79352 0.21258 0.92432 -0.31692 e
237.46484 79.71080 0.76206 -0.59372 -0.25838 e
237.83013 69.25821 0.93366 -0.09970 0.34400 e
238.07202 29.91694 0.67599 0.73533 -0.04817 e
238.14594 54.67617 -0.84181 -0.48094 0.24506 e
238.47184 67.75200 0.08287 0.93931 0.33290 e
238.84144 49.79923 0.75412 0.32798 -0.56897 e
238.89344 48.78411 0.35024 0.59919 -0.71994 e
239.38576 43.91815 0.54903 0.56783 -0.61330 e
240.79999 67.86025 0.21916 -0.88143 -0.41839 e
240.80388 58.85762 -0.99826 0.04268 -0.04064 e
241.31362 68.19329 0.17849 -0.41737 -0.89103 e
241.33098 47.31017 -0.45907 -0.53603 -0.70847 e
242.16562 46.10194 -0.09694 0.17984 -0.97891 e
242.29774 49.95127 0.37625 0.86647 -0.32814 e
242.49325 55.56422 -0.30521 -0.79292 -0.52737 e
243.28063 43.55837 -0.65001 -0.68862 0.32139 e
244.50078 24.24113 -0.63765 0.50521 0.58152 e
245.02275 58.36939 0.38555 -0.43289 -0.81484 e
245.66158 80.83373 -0.03577 0.77393 -0.63226 e
246.16266 43.08478 0.34332 0.92178 -0.18014 e
246.73556 50.09358 -0.43342 0.15034 -0.88856 e
247.58230 45.70938 -0.46739 0.13141 0.87423 e
247.86300 51.37277 0.72848 -0.51965 -0.44641 e
248.51875 52.04213 0.09698 0.90020 -0.42455 e
249.56947 42.63713 -0.72351 -0.61064 -0.32195 e
249.98142 33.45915 0.32485 -0.25087 -0.91189 e
250.28611 49.13983 -0.89911 -0.32132 0.29723 e
250.52445 84.20504 0.80961 0.04054 -0.58557 e
251.34134 44.19611 0.20713 -0.01387 -0.97822 e
251.67614 62.27411 -0.96558 -0.04156 -0.25675 e
252.18120 64.22595 0.71842 0.60128 0.34978 e
253.09561 63.48060 0.64582 -0.64454 -0.40925 e
253.23664 36.88587 -0.30859 0.61709 0.72386 e
253.38996 22.32003 -0.69342 0.05683 0.71829 e
253.77337 32.47745 -0.60802 0.72738 0.31817 e
254.12451 29.00408 0.11812 0.80466 0.58187 e
254.16037 71.64983 -0.29914 0.07520 -0.95124 e
254.29922 73.58074 0.20587 0.65110 -0.73054 e
256.26476 21.41647 -0.97968 -0.17222 0.10276 e
257.00532 56.77037 0.09049 -0.36457 -0.92677 e
257.44249 68.54623 0.14751 -0.28796 -0.94621 e
257.64522 27.84057 0.09804 -0.71133 -0.69598 e
257.70503 24.80671 0.50406 0.67042 -0.54448 e
259.32554 29.36260 -0.21166 -0.71919 -0.66178 e
260.01530 25.44507 -0.97604 -0.09560 -0.19548 e
261.38646 68.70876 -0.45831 0.37156 -0.80740 e
261.48112 17.38518 -0.97585 -0.14249 0.16556 e
261.69833 74.52437 0.31772 -0.75383 -0.57515 e
262.30104 48.82154 -0.80313 -0.22598 -0.55129 e
262.55325 24.07397 -0.17300 0.73181 -0.65919 e
262.74424 52.07696 0.47236 0.86453 0.17166 e
263.33704 61.87990 -0.65267 0.38512 -0.65246 e
263.40027 30.85302 -0.44521 -0.07512 -0.89227 e
263.51276 31.32905 0.19989 -0.97939 -0.02912 e
264.98641 43.86623 0.08108 -0.27792 -0.95718 e
265.01880 19.82856 -0.22544 -0.32926 -0.91693 e
265.43973 18.32650 0.68157 0.49025 0.54324 e
265.57575 40.22389 -0.11965 0.91587 -0.38323 e
265.63670 31.57720 -0.34852 0.74919 0.56324 e
266.40429 32.83188 0.65603 0.18160 -0.73256 e
268.33381 39.95829 -0.77706 -0.50533 -0.37525 e
268.79166 51.63158 0.23888 -0.79932 -0.55138 e
270.15224 34.87395 -0.68084 -0.21621 0.69979 e
270.39718 38.88133 -0.55685 0.72062 0.41307 e
270.89479 34.32773 -0.17739 -0.97231 0.15214 e
270.92701 43.73268 -0.17049 -0.78421 -0.59662 e
271.30722 77.69622 0.24471 0.24329 -0.93858 e
271.67265 17.38421 0.17010 0.04639 0.98433 e
272.15455 56.78464 0.01373 -0.90042 -0.43480 e
272.18334 23.90550 -0.09903 -0.06708 -0.99282 e
272.21970 67.02386 0.71876 -0.01649 -0.69506 e
272.28990 36.88214 -0.78460 0.52621 -0.32787 e
273.35097 42.91371 0.99507 0.09611 -0.02429 e
273.62115 43.76231 -0.36629 -0.91532 0.16739 e
273.81097 54.68785 0.49835 -0.52804 -0.68762 e
274.54949 41.03167 0.12824 0.90736 -0.40032 e
274.56931 30.90455 -0.09742 -0.41740 -0.90348 e
274.93895 26.96968 -0.45938 0.51756 0.72188 e
275.86979 36.74990 -0.47774 -0.87041 0.11892 e
276.08293 25.17111 -0.65886 -0.42390 0.62146 e
277.66216 58.73831 0.15961 -0.60276 -0.78179 e
278.06621 52.36679 0.97825 -0.04712 0.20199 e
278.61676 63.68756 0.89241 -0.07179 0.44547 e
278.99016 62.31149 0.70697 0.01662 -0.70705 e
279.85320 76.29016 0.66793 -0.52577 0.52673 e
280.05110 24.96047 -0.67562 -0.65569 -0.33707 e
280.15638 54.98617 -0.78634 -0.46493 -0.40683 e
280.93114 40.77460 -0.92151 -0.28284 -0.26611 e
281.29880 61.98139 0.15117 0.74580 0.64879 e
281.52161 31.46243 0.16448 -0.94803 -0.27237 e
282.18882 47.69018 -0.42938 0.20933 -0.87853 e
283.08313 32.91786 0.95617 -0.29000 -0.04046 e
283.75742 56.74785 -0.17139 -0.90321 -0.39349 e
284.44825 74.94786 -0.02362 0.77164 -0.63562 e
284.90312 63.13682 0.39921 0.57749 -0.71214 e
285.38573 65.41045 0.74736 -0.42106 0.51397 e
285.88198 80.55454 -0.80210 0.18868 -0.56660 e
286.57097 43.80780 0.13108 -0.77187 -0.62212 e
287.06197 51.41556 0.09114 0.51617 -0.85163 e
288.58570 80.42258 -0.54528 0.60046 -0.58491 e
289.58437 59.45369 0.22350 -0.96844 0.11033 e
289.74225 46.63554 -0.56678 -0.35461 -0.74365 e
289.80806 52.56910 -0.92275 0.32855 0.20145 e
290.23291 63.16582 -0.80743 0.06028 -0.58687 e
290.56192 16.08853 0.28283 -0.15475 -0.94660 e
291.03178 32.18462 0.40142 0.21699 0.88982 e
291.06434 66.88050 -0.84302 -0.53591 -0.04612 e
291.71309 84.15527 0.77841 -0.50450 -0.37358 e
291.91578 48.55357 0.90339 0.42882 0.00247 e
292.78724 57.81002 0.10301 0.91861 -0.38151 e
294.04658 45.53832 0.29663 0.25248 -0.92101 e
294.27935 31.20855 -0.20532 -0.05035 -0.97740 e
294.53377 39.03519 0.58865 -0.59152 -0.55099 e
294.70388 60.30209 0.62288 -0.47810 -0.61922 e
294.76627 40.56332 0.37699 -0.88392 -0.27669 e
295.09527 62.28041 0.90162 -0.33769 -0.27027 e
295.79874 41.93527 -0.34821 0.47127 -0.81034 e
296.56205 63.18412 0.42459 -0.57175 -0.70201 e
297.39515 58.83882 -0.30918 0.21663 -0.92600 e
297.49791 62.22872 -0.63376 0.53836 -0.55545 e
297.76240 51.08591 -0.98610 -0.16607 -0.00493 e
297.78635 65.01220 -0.78731 -0.55598 -0.26651 e
298.33807 54.70424 0.52778 0.21721 -0.82114 e
298.35041 24.10442 0.23027 0.36843 -0.90068 e
298.49708 34.15056 0.61257 -0.63752 -0.46726 e
299.25901 34.34317 -0.87389 0.48581 0.01747 e
299.31264 62.32690 0.58182 -0.51815 -0.62690 e
299.32752 45.78346 -0.44436 -0.45507 -0.77166 e
299.33310 55.44843 0.98621 0.16172 -0.03505 e
299.56057 35.06447 0.27464 -0.22180 0.93562 e
299.77997 39.42824 -0.87155 0.21028 -0.44292 e
300.32468 32.18753 -0.08159 -0.70873 0.70075 e
301.58313 56.55989 -0.96863 0.17363 0.17780 e
301.75666 29.85241 -0.02449 0.28179 -0.95916 e
302.00541 76.60823 -0.13494 -0.78570 -0.60372 e
302.14946 35.90744 -0.55025 0.00497 -0.83499 e
302.20309 54.80484 0.27155 -0.38323 -0.88284 e
302.66387 81.48767 -0.82766 0.55027 -0.11040 e
303.56122 33.48126 -0.82680 -0.26810 -0.49449 e
303.67928 39.14079 0.96910 0.21021 -0.12910 e
304.08615 18.66380 -0.83801 -0.25034 -0.48484 e
304.75753 82.20566 0.33901 -0.05264 -0.93931 e
304.76483 57.18533 0.96997 0.05620 -0.23664 e
305.93686 19.89267 -0.26142 -0.86315 0.43201 e
306.13002 36.77462 -0.00285 -0.33514 -0.94216 e
307.07708 45.20784 -0.85552 -0.48397 0.18402 e
308.33572 26.22040 -0.67112 0.26679 0.69168 e
308.64128 66.07914 0.56852 -0.74026 -0.35889 e
309.37883 31.14268 0.58626 0.20698 -0.78324 e
309.44176 76.71088 0.95488 0.24783 0.16367 e
309.60691 70.79554 0.35228 0.65114 -0.67225 e
309.62695 67.62054 0.00495 -0.82360 0.56715 e
310.10246 60.03003 -0.98305 -0.15353 -0.10024 e
310.76655 48.88073 -0.88657 -0.45321 0.09272 e
311.60061 40.51727 0.69241 -0.51419 0.50615 e
312.23320 51.92865 0.12060 -0.36286 -0.92401 e
312.29700 32.93132 0.61393 0.40676 0.67649 e
313.07857 26.77302 0.25140 0.88212 0.39833 e
313.70954 84.47539 -0.16825 -0.38716 -0.90653 e
314.31108 56.68149 -0.37906 -0.31429 -0.87036 e
315.00257 77.48503 0.68819 -0.58236 -0.43273 e
315.99811 42.63573 0.32416 0.57342 -0.75240 e
316.44493 55.07598 -0.34013 0.46678 -0.81635 e
316.67936 80.34659 -0.33818 -0.86680 -0.36647 e
316.70069 35.55992 -0.19888 0.63731 -0.74450 e
316.75525 32.80519 0.13109 0.98676 -0.09549 e
317.37265 72.62756 -0.17439 0.21913 -0.95998 e
317.69413 33.37823 -0.21547 -0.97327 -0.07943 e
317.91172 33.29835 0.22381 -0.08182 -0.97119 e
318.70630 61.23648 -0.48345 0.78639 -0.38452 e
318.77163 26.14731 -0.59568 -0.76636 -0.24054 e
319.72394 48.66324 -0.91572 0.36956 0.15775 e
319.79320 38.29073 0.27607 0.59915 -0.75153 e
320.17125 68.54124 -0.33982 -0.71635 -0.60940 e
320.40044 50.85123 0.57123 0.17166 -0.80264 e
321.98956 56.31138 0.76791 0.47931 0.42494 e
322.98445 35.98358 -0.56556 0.63339 -0.52817 e
323.08890 37.12817 -0.42730 -0.85870 -0.28294 e
323.27392 26.81602 0.25775 0.75948 0.59729 e
323.40327 36.32311 0.04324 -0.39889 -0.91598 e
326.01062 82.44940 -0.29416 0.92692 -0.23302 e
327.71952 51.11474 0.53152 0.31836 0.78494 e
327.78794 51.67111 -0.45344 0.37841 -0.80697 e
328.89211 43.35498 0.88363 -0.33859 -0.32335 e
329.04014 49.00230 0.83279 -0.03857 -0.55224 e
330.05143 75.63862 -0.85257 -0.36195 0.37698 e
330.77080 33.39424 -0.08628 -0.24973 -0.96446 e
332.04302 81.45334 0.97045 -0.20435 -0.12835 e
332.04329 50.39447 -0.08591 -0.94553 -0.31400 e
332.65780 63.72568 -0.66839 0.59755 -0.44294 e
332.66184 33.05818 0.43009 0.60167 -0.67306 e
333.04657 66.05546 -0.80845 0.57029 0.14553 e
334.29549 82.94131 -0.75954 0.50552 0.40933 e
334.41590 46.36793 0.53293 -0.75609 0.37989 e
335.55953 34.98412 -0.06117 0.99788 -0.02242 e
336.53978 57.61249 0.49972 0.74363 -0.44418 e
336.56648 75.56314 -0.14846 0.35423 -0.92330 e
337.35069 58.36536 -0.83501 -0.53085 0.14475 e
337.55404 40.25912 -0.57905 -0.23724 -0.78001 e
337.64341 29.45408 -0.77498 0.62862 0.06506 e
337.83497 34.49872 -0.33165 0.93668 0.11241 e
338.19948 55.46707 0.76204 0.06683 -0.64407 e
339.01112 45.14772 0.93472 0.24114 0.26106 e
339.21597 56.47489 0.32488 0.80436 -0.49745 e
339.24547 38.73817 -0.88597 -0.45874 -0.06794 e
339.35768 50.85805 0.32593 -0.01855 -0.94521 e
341.28538 75.82699 0.12954 -0.74583 -0.65342 e
342.37410 39.21623 -0.67467 0.10127 -0.73114 e
342.67614 84.56709 -0.44619 0.23504 -0.86352 e
343.63887 26.22136 -0.94056 -0.29093 -0.17525 e
343.73111 61.16442 0.14106 -0.97997 0.14061 e
345.71793 54.23582 -0.11328 -0.31282 -0.94303 e
345.82696 41.63730 0.08791 0.81717 -0.56965 e
346.35522 53.61835 0.85734 -0.48718 0.16622 e
346.49161 58.11554 -0.94214 -0.31001 -0.12754 e
346.53635 84.27075 -0.41615 0.75634 -0.50475 e
347.09328 46.14141 -0.70553 0.68136 -0.19485 e
347.61407 44.50511 -0.25123 -0.71809 -0.64903 e
347.67721 33.69958 -0.63617 0.40485 -0.65680 e
348.22311 71.85242 0.05631 0.57627 -0.81532 e
348.39020 33.11783 0.51869 -0.06235 -0.85268 e
348.57962 39.91173 -0.12704 -0.47694 -0.86971 e
348.78648 19.40360 -0.19985 0.25446 -0.94621 e
349.34751 34.08056 0.89012 0.40108 -0.21640 e
350.86990 53.88417 -0.94137 0.24586 -0.23103 e
351.62547 63.68233 -0.10407 0.86106 -0.49774 e
353.86650 38.00449 -0.83307 0.55298 -0.01434 e
354.90065 60.24631 -0.74262 0.57015 0.35135 e
355.52392 40.27015 0.37953 -0.82892 -0.41091 e
356.03649 39.74652 -0.48244 -0.45970 0.74560 e
357.18502 43.05122 -0.51760 -0.78430 0.34200 e
357.74507 84.33372 -0.00709 -0.87575 -0.48272 e
358.70000 47.99444 -0.02329 -0.99017 -0.13794 e
359.16446 37.21233 -0.49472 0.85200 -0.17133 e
359.18473 26.66748 -0.30981 0.42652 0.84976 e
359.27136 37.66229 -0.92492 -0.32742 0.19320 e
359.33644 17.66930 -0.77472 0.42085 -0.47191 e
359.63556 38.66146 -0.61728 -0.78661 0.01471 e
360.37277 30.95605 -0.30073 0.13798 -0.94368 e
360.92504 69.17194 0.22358 0.80320 -0.55216 e
361.39950 57.12152 0.95247 0.29652 0.06980 e
361.58714 54.95645 -0.44269 0.21382 -0.87081 e
362.32204 79.62636 0.76085 -0.21391 -0.61266 e
362.41847 74.02921 0.59028 0.07964 0.80326 e
363.56313 57.79520 -0.63533 0.66482 0.39290 e
363.63317 71.74552 0.27281 -0.67117 -0.68928 e
364.15965 47.85336 0.27466 0.82063 -0.50112 e
364.63297 23.00937 0.41249 -0.22677 -0.88229 e
365.73394 60.75646 0.50440 -0.50308 -0.70178 e
365.99939 75.27998 -0.29249 0.38355 -0.87598 e
367.09064 37.79545 -0.01891 0.99902 0.04012 e
367.53005 41.26325 0.74442 0.65593 -0.12485 e
369.25504 59.73409 -0.42616 0.06982 -0.90195 e
369.75674 45.67621 -0.06270 0.80994 -0.58314 e
370.98110 58.08817 0.40065 0.85850 0.32007 e
371.00810 68.05341 0.35179 -0.02227 -0.93581 e
371.83124 40.42226 -0.11100 -0.98117 -0.15808 e
372.26561 47.82320 -0.63503 -0.03610 -0.77165 e
375.84872 47.85571 0.51342 -0.64982 -0.56048 e
376.57811 32.93663 0.86068 -0.46587 -0.20539 e
378.53124 43.35630 0.54922 -0.32864 -0.76835 e
380.06637 63.17302 -0.56264 0.73237 0.38350 e
380.39058 23.31780 -0.87336 0.48706 -0.00250 e
382.17257 41.57716 -0.06193 0.58434 -0.80914 e
385.17590 37.32812 -0.03224 -0.13832 0.98986 e
390.18465 28.14879 -0.48964 -0.40289 0.77326 e
395.39283 29.74271 0.90521 0.29619 -0.30474 e
396.89381 57.27074 -0.84520 -0.52574 -0.09608 e
397.03720 19.62233 0.27576 0.89053 0.36181 e
398.34846 61.18716 -0.47624 0.75340 -0.45341 e
399.04398 32.70471 0.77721 0.58683 -0.22713 e
403.04916 64.61375 0.59457 0.29301 -0.74875 e
405.01585 21.90647 -0.66351 0.20432 0.71973 e
405.35555 22.62681 0.04852 0.99773 -0.04668 e
409.93924 26.70506 0.55613 0.77378 0.30330 e
412.29628 23.12171 0.84919 -0.44720 0.28087 e
412.81523 17.96427 0.81708 0.12313 0.56322 e
418.11488 43.32181 -0.42074 -0.81081 0.40690 e
422.45722 28.67077 -0.81966 -0.08784 -0.56607 e
424.13410 20.62481 -0.11335 -0.47926 -0.87033 e
424.38025 19.69960 0.70614 -0.70014 -0.10565 e
428.94729 47.50026 -0.60974 0.31293 -0.72821 e
436.40209 67.74792 0.61719 0.33861 -0.71022 e
440.06484 22.60447 0.00796 0.32908 -0.94427 e
440.40672 16.55099 0.55052 -0.80000 0.23861 e
440.85239 19.05251 -0.05058 -0.41085 -0.91030 e
452.26219 19.88002 -0.28852 0.95716 0.02441 e
463.26931 15.71431 -0.53869 0.50270 -0.67610 e
470.13251 29.97150 0.50597 -0.79234 -0.34088 e
470.14756 14.34571 -0.18140 -0.54083 -0.82134 e
470.86720 19.84369 0.82649 -0.50101 -0.25674 e
474.37244 46.92443 -0.71562 -0.65867 -0.23247 e
475.26102 41.75657 0.44844 0.36450 0.81611 e
477.15247 22.24664 0.59580 0.55081 -0.58450 e
489.95182 18.54531 -0.95834 -0.08735 -0.27194 e
535.35960 31.40968 -0.07823 0.62242 0.77877 e
538.41814 26.04941 -0.08490 -0.22481 0.97070 e
558.73816 44.87232 -0.61965 0.77119 -0.14594 e
578.39583 44.08328 -0.81680 -0.56346 -0.12391 e
595.27253 45.56345 -0.62836 -0.70229 -0.33459 e
625.78172 24.79052 0.87334 0.04415 0.48511 e
653.51612 16.45721 0.81730 -0.39996 -0.41481 e
658.20446 20.54903 0.45898 -0.83104 0.31419 e
671.19695 29.41144 -0.26248 -0.76572 -0.58718 e
689.73719 22.06624 -0.97394 0.01685 0.22617 e
704.18274 39.35473 -0.84977 0.51075 -0.13051 e
712.07079 15.77621 0.98644 -0.15512 -0.05368 e
718.95750 17.35382 -0.86224 0.39890 -0.31213 e
735.52327 21.32840 -0.04757 -0.86348 -0.50213 e
738.18618 25.36660 0.64508 0.39953 -0.65134 e
739.62670 24.98650 -0.49874 -0.79003 -0.35652 e
782.73446 53.08675 0.45463 -0.83268 0.31616 e
785.72375 35.84303 0.77326 0.63407 -0.00488 e
796.90201 23.13329 -0.35524 -0.77204 -0.52703 e
802.73775 13.45205 0.30991 0.82921 -0.46515 e
831.98675 27.13982 -0.57612 -0.76252 0.29437 e
860.60275 20.24281 0.29095 -0.95177 -0.09734 e
865.69011 55.74452 0.32823 -0.25067 -0.91073 e
875.03648 24.39438 0.30073 -0.30130 0.90486 e
883.10129 24.00435 -0.45169 -0.87222 0.18765 e
897.03402 16.09811 0.69052 0.56351 -0.45346 e
911.48336 32.27523 -0.51609 0.08570 0.85224 e
983.14646 26.39393 0.34617 0.51203 -0.78613 e
1045.74448 16.80151 -0.12226 -0.94427 -0.30564 e
1055.42462 24.21402 0.08600 0.94484 -0.31605 e
1805.95667 24.79805 -0.52536 -0.78655 0.32455 e
2580.04674 46.85990 -0.56592 -0.09031 0.81950 e
2623.68158 18.77628 -0.04102 0.98914 0.14111 e
2882.24090 18.91363 0.71966 0.29848 0.62689 e
2893.03614 10.38508 -0.14281 -0.78545 -0.60222 e
2898.00918 14.84023 0.85243 0.37222 -0.36719 e
3293.70492 11.00468 -0.47015 0.74385 -0.47502 e
5556.33110 39.78493 -0.78095 -0.61794 0.09091 e
6851.54693 9.85836 -0.78193 -0.37667 0.49670 e
6983.18046 14.52868 0.45134 0.22326 0.86397 e
7389.94566 23.50767 -0.48536 0.03617 -0.87357 e
7584.12434 67.78243 0.01173 -0.91312 -0.40753 e
7808.83884 16.92491 0.77075 0.38517 -0.50753 e
8592.33200 29.11388 0.07332 -0.98358 0.16491 e
9390.81630 18.86052 -0.11801 -0.98045 -0.15748 e
9824.33741 30.66754 -0.98556 0.10192 0.13524 e
12090.30716 30.44815 0.20409 -0.80495 0.55714 e
15609.09104 11.98433 0.18468 -0.23962 0.95314 e
17261.71135 8.90048 0.89824 0.09723 -0.42862 e
18126.62633 17.59720 0.59076 0.11009 0.79930 e
