13.79660 23.40570 0.70504 0.63561 0.31452 e
16.10594 80.52083 0.87113 -0.48228 -0.09237 e
16.18984 66.09068 -0.01061 0.98207 -0.18823 e
17.42090 52.85690 0.72601 0.22404 -0.65017 e
17.78194 76.91365 0.34671 0.82099 0.45361 e
17.81654 64.27087 0.92883 0.22962 -0.29079 e
18.09764 57.15295 0.23892 0.46825 0.85068 e
18.20362 75.89553 -0.89953 0.26568 -0.34678 e
18.23331 76.07523 0.80839 -0.15192 -0.56871 e
18.24521 63.91422 0.68424 -0.66811 0.29231 e
18.36074 42.78469 0.72647 -0.66241 -0.18288 e
18.59014 83.44143 0.36841 0.84700 -0.38324 e
18.72625 56.60327 -0.21763 0.86488 -0.45235 e
19.09643 68.97654 -0.28737 -0.88507 -0.36615 e
19.52967 38.49228 -0.74949 0.56954 0.33749 e
19.83988 62.51887 -0.97805 -0.18086 0.10348 e
19.93708 61.16431 0.17803 -0.05622 -0.98242 e
20.11759 74.46610 0.78870 -0.61006 -0.07598 e
20.26953 48.67062 0.45321 -0.60040 -0.65888 e
20.41696 66.22305 -0.22156 0.50473 -0.83436 e
20.42834 84.37248 -0.16045 0.84992 0.50189 e
20.49623 55.05793 -0.61073 -0.71766 -0.33462 e
20.64916 80.83040 0.84641 -0.33930 0.41045 e
20.92338 82.21960 0.12751 0.34575 -0.92962 e
21.00476 64.65668 0.93810 0.01687 -0.34596 e
21.29948 77.91814 0.33921 -0.31100 -0.88782 e
21.42152 79.51502 0.49072 -0.86472 0.10703 e
21.76656 19.18709 -0.46798 -0.85704 0.21558 e
21.91876 69.65891 0.24726 0.50240 -0.82853 e
21.91900 74.22125 0.39991 0.15993 -0.90249 e
22.05582 70.38588 -0.07593 -0.77152 -0.63166 e
22.17688 79.37651 0.54959 0.55071 -0.62823 e
22.22943 66.29441 -0.75819 -0.64625 -0.08665 e
22.57360 65.32465 0.21219 0.97195 -0.10146 e
22.73051 36.68046 0.47790 -0.87162 -0.10907 e
22.78362 75.37936 0.34856 -0.81183 -0.46844 e
23.00467 76.19985 -0.39796 0.83603 -0.37773 e
23.01349 83.73000 0.68512 -0.42950 -0.58834 e
23.47176 38.21355 0.23382 -0.57805 -0.78178 e
23.95682 54.02783 0.02065 0.99768 0.06482 e
23.95822 44.83772 -0.26318 -0.76814 0.58370 e
23.98244 82.65769 -0.83476 0.42870 -0.34553 e
24.03065 77.88438 0.94023 0.30516 -0.15116 e
24.29813 74.15744 -0.06767 0.75044 -0.65747 e
24.37610 81.90253 -0.14695 0.98552 -0.08462 e
24.49710 76.13538 0.71051 -0.30449 0.63440 e
24.79958 68.59944 -0.65499 -0.75493 0.03265 e
24.95181 74.49818 -0.01755 0.22766 -0.97358 e
25.05785 23.46506 0.73938 -0.40425 -0.53842 e
25.08676 73.55746 0.38120 -0.09726 -0.91936 e
25.47093 53.98466 0.72342 -0.68911 0.04225 e
25.57223 76.41143 0.96925 0.22850 0.09134 e
25.62353 33.34377 -0.40811 -0.74783 -0.52364 e
25.90851 84.97656 0.59211 0.13707 -0.79411 e
25.92399 77.23830 0.48759 0.83585 -0.25222 e
26.19078 72.23330 0.35406 -0.81206 -0.46390 e
26.23580 72.48977 -0.05672 -0.97818 -0.19987 e
26.28383 49.63086 -0.20670 -0.97586 0.07051 e
26.34734 61.27972 -0.96155 -0.26651 0.06623 e
26.35657 82.37974 -0.44027 -0.87595 -0.19717 e
26.40520 81.11068 0.91397 -0.35962 -0.18797 e
26.48527 72.62370 -0.89148 0.39281 0.22574 e
26.75695 48.97082 0.24264 0.15106 -0.95828 e
26.77366 25.76052 0.26686 -0.95585 0.12306 e
26.82449 82.60769 0.74733 -0.46116 0.47836 e
26.87680 40.02298 -0.09698 0.89049 -0.44454 e
27.02829 83.36214 0.65410 0.31178 -0.68917 e
27.10797 77.69681 0.58540 0.74239 -0.32583 e
27.47767 16.07329 -0.34580 0.55974 -0.75307 e
27.52940 64.75735 -0.98696 -0.04935 0.15324 e
27.54370 32.79375 0.74086 0.44265 -0.50516 e
27.62695 76.79190 0.53188 0.84570 0.04355 e
28.16548 68.12249 0.70796 -0.70623 0.00585 e
28.45580 65.11057 -0.47862 -0.82220 -0.30809 e
28.49351 78.22992 0.48105 0.80909 -0.33757 e
28.54842 34.11128 0.34111 0.90959 0.23725 e
29.42397 39.58164 -0.54068 -0.75718 -0.36653 e
29.49951 49.14017 0.03923 0.23092 -0.97218 e
29.54983 77.33249 0.88902 -0.26317 0.37467 e
29.57746 81.87894 0.93073 0.36536 -0.01593 e
29.76893 66.64199 -0.68897 0.49619 -0.52830 e
29.77933 84.69928 -0.48239 0.10584 -0.86954 e
29.85507 51.94279 -0.50665 -0.71733 -0.47828 e
29.87390 65.86953 -0.69266 -0.41624 -0.58904 e
29.96973 47.34791 -0.85840 -0.37953 -0.34512 e
30.04825 82.63818 0.70458 -0.00119 0.70963 e
30.08774 84.70383 0.69692 -0.67046 0.25453 e
30.36935 54.00415 -0.86002 0.45315 0.23456 e
30.49689 48.45400 0.58180 -0.14470 -0.80036 e
30.59657 71.38934 0.76677 0.31742 -0.55796 e
30.81019 55.77689 0.69247 -0.72083 -0.02978 e
30.82651 42.86977 0.29075 -0.51308 -0.80760 e
30.91805 71.64301 0.78525 -0.61415 0.07876 e
31.00822 23.60269 0.16273 0.80893 -0.56493 e
31.19557 36.60063 0.12425 -0.03853 -0.99150 e
31.41192 80.16298 -0.88802 -0.06086 -0.45575 e
31.49223 34.07880 0.25806 -0.66834 -0.69766 e
31.54691 51.78693 0.90924 -0.32373 -0.26171 e
31.54834 81.34360 0.47112 0.81783 -0.33047 e
31.60742 69.90611 -0.63100 -0.40119 0.66399 e
31.65281 82.98718 -0.42930 0.19939 -0.88088 e
31.70039 50.96489 0.99754 -0.02345 -0.06609 e
31.78120 21.97120 0.16974 -0.94759 0.27066 e
31.79882 54.92397 0.85311 -0.45989 0.24638 e
31.81141 34.60825 0.89476 0.39748 0.20352 e
31.90463 38.14736 0.76363 0.61590 0.19377 e
32.13773 42.28990 -0.25248 -0.92224 -0.29279 e
32.28966 43.08799 -0.69668 -0.63943 0.32523 e
32.38691 73.98669 0.88284 0.07355 -0.46389 e
32.54917 56.54600 -0.11489 -0.51330 0.85048 e
32.93390 57.50108 0.57476 0.20499 -0.79223 e
32.97173 71.21977 -0.74594 -0.41242 -0.52295 e
33.01341 82.41302 -0.19619 0.78736 -0.58444 e
33.62388 69.93039 -0.67920 0.73255 0.04533 e
33.63910 27.52761 0.49432 0.85762 -0.14191 e
33.67540 81.00069 -0.36986 0.74758 -0.55166 e
33.88633 62.92598 0.99741 0.07070 0.01306 e
33.94808 54.63918 -0.85176 -0.08862 -0.51638 e
34.04032 82.06955 -0.13112 0.93513 0.32914 e
34.19673 41.20293 -0.19094 -0.95269 -0.23646 e
34.67701 65.20042 -0.73507 -0.63326 -0.24217 e
34.80213 35.96883 0.56850 0.78687 0.24007 e
34.92020 40.39695 0.60603 0.01587 -0.79528 e
35.02846 38.54707 0.13413 -0.94190 0.30794 e
35.04486 42.90875 0.79304 0.23988 -0.55995 e
35.07150 58.55215 -0.28073 0.74510 -0.60499 e
35.12864 45.99266 -0.34189 0.93043 -0.13196 e
35.58441 80.23816 -0.82865 -0.45377 -0.32779 e
35.81410 78.08731 -0.52989 0.59564 -0.60369 e
36.12308 41.08000 0.98248 -0.17888 -0.05235 e
36.29414 52.70238 0.26795 -0.96255 -0.04135 e
36.64229 49.68015 -0.06978 0.63811 -0.76678 e
36.65871 79.44145 0.91835 -0.25774 -0.30034 e
36.68069 40.39401 0.11305 -0.21366 0.97034 e
36.71682 67.75251 0.00505 0.97332 -0.22940 e
36.71734 47.76400 -0.26978 -0.52455 -0.80750 e
36.84955 49.79271 0.26375 -0.95542 0.13268 e
36.86754 83.77817 0.07197 0.90210 -0.42548 e
36.93208 53.79134 0.48673 -0.52601 0.69743 e
36.99644 50.78284 -0.41151 0.27059 -0.87031 e
37.02415 65.35831 0.24089 0.59242 -0.76877 e
37.14922 71.33118 -0.11284 -0.91092 -0.39686 e
37.40326 21.90838 -0.33973 0.04916 -0.93924 e
37.45826 57.13901 -0.10945 0.98261 -0.14997 e
37.57468 41.71683 0.16791 0.16855 -0.97129 e
37.64643 80.80060 -0.55270 -0.43497 -0.71086 e
37.75588 43.27320 -0.37010 0.37782 -0.84869 e
37.79342 61.91579 0.73518 -0.66119 -0.14946 e
37.86470 16.19916 -0.20058 0.17155 0.96454 e
38.07430 83.98407 -0.03742 0.71552 -0.69759 e
38.09609 36.92287 0.44409 0.47571 -0.75927 e
38.16035 65.13504 -0.53400 -0.84006 -0.09564 e
38.28765 42.68290 0.51356 0.17943 0.83908 e
38.43866 70.19738 -0.98434 -0.04723 -0.16983 e
38.48102 80.12790 -0.15392 0.74344 -0.65085 e
38.63934 34.48391 -0.82869 0.21326 -0.51748 e
38.71757 32.23177 0.75404 -0.13886 -0.64198 e
39.04206 43.06267 0.90201 0.42319 -0.08538 e
39.06616 76.66687 0.06116 -0.98352 0.17017 e
39.08224 37.03997 -0.85472 -0.51385 0.07350 e
39.14515 69.17333 0.87088 0.47805 -0.11417 e
39.19424 33.83782 -0.00502 -0.74672 -0.66512 e
39.19742 25.63421 -0.39461 -0.86980 -0.29619 e
39.20325 75.12857 0.36928 0.24892 -0.89536 e
39.21941 65.34771 0.51696 0.84753 0.12023 e
39.33858 74.55047 0.24045 0.84323 -0.48078 e
39.34077 50.05177 0.23474 -0.08266 -0.96854 e
39.60553 81.05407 0.03960 -0.45758 -0.88828 e
39.65846 32.00082 -0.92226 0.14754 0.35731 e
39.78814 79.34995 -0.56698 0.59084 -0.57397 e
39.89279 75.27735 -0.06308 -0.45191 -0.88983 e
39.90235 55.46526 -0.81366 -0.46698 -0.34625 e
39.93165 47.02685 0.92691 -0.31718 0.20059 e
40.01405 62.96782 0.01371 0.60992 -0.79234 e
40.05163 63.06234 -0.96182 0.09602 -0.25627 e
40.20514 67.07351 0.24499 -0.92206 -0.29964 e
40.56767 45.23263 0.76802 0.44090 0.46450 e
40.58417 65.00052 -0.48866 0.84820 0.20438 e
40.58482 56.81473 -0.73481 0.44018 0.51603 e
40.58910 72.03074 0.16860 -0.97639 0.13503 e
40.64695 39.71924 -0.71976 -0.69317 0.03813 e
40.73308 54.66819 -0.36488 -0.32177 -0.87369 e
40.85365 83.51733 -0.32631 -0.46975 -0.82028 e
41.01729 76.63344 0.05307 -0.99455 -0.08971 e
41.02402 67.45217 0.29290 0.51182 -0.80762 e
41.09067 81.00601 0.73848 0.35988 0.57021 e
41.11183 56.89943 -0.88552 -0.29322 -0.36037 e
41.12964 44.35238 -0.40322 0.10346 -0.90924 e
41.31794 51.00852 0.17082 -0.95278 -0.25107 e
41.38646 61.08920 0.34185 0.70038 -0.62659 e
41.49921 79.47611 0.90125 -0.04396 -0.43107 e
41.53507 36.77022 -0.55994 -0.66328 -0.49650 e
41.61284 76.23303 -0.09667 0.99143 0.08791 e
41.64788 79.17140 0.78944 0.25049 -0.56039 e
41.70493 56.15493 0.29280 -0.90235 0.31628 e
41.81675 18.41676 0.16121 -0.91925 0.35916 e
41.83018 80.81759 0.69417 -0.04771 -0.71823 e
41.86314 38.97134 -0.54936 -0.73615 0.39532 e
41.95222 40.09312 0.30303 -0.52931 -0.79246 e
42.08629 77.32616 0.33377 -0.81448 -0.47457 e
42.09027 72.41787 0.15623 0.83202 -0.53229 e
42.12018 76.43896 -0.96035 -0.12461 -0.24940 e
42.32344 53.10584 0.01272 0.10532 -0.99436 e
42.36119 60.65049 -0.91268 -0.25684 0.31788 e
42.66409 39.55698 0.76121 -0.44191 0.47463 e
42.78433 61.47843 -0.16804 -0.33765 -0.92615 e
42.81518 24.42792 0.13129 -0.54547 0.82778 e
42.95377 81.08662 -0.58896 -0.25574 0.76664 e
43.01408 65.83528 0.84644 -0.38015 -0.37286 e
43.02295 54.40660 0.62249 -0.59754 -0.50542 e
43.03440 65.55050 -0.70907 -0.55377 -0.43653 e
43.09905 34.03750 -0.59123 0.66355 0.45842 e
43.12943 46.45085 0.40435 -0.72623 0.55597 e
43.20352 80.87666 0.88374 0.41125 0.22335 e
43.20818 63.99743 -0.34704 -0.93203 0.10435 e
43.23427 55.18736 -0.10918 -0.00831 -0.99399 e
43.38485 84.44572 -0.19037 -0.33407 -0.92312 e
43.39240 52.18476 -0.92064 -0.10007 0.37738 e
43.40920 48.33508 -0.93475 0.35495 -0.01590 e
43.71607 64.91274 -0.92732 -0.23119 0.29434 e
43.77042 47.64529 -0.42969 -0.64900 -0.62783 e
44.31297 52.57629 0.18828 0.96482 -0.18353 e
44.40262 64.25846 -0.92856 0.34699 -0.13178 e
44.57318 45.21046 -0.19722 0.71841 -0.66708 e
44.84046 41.09580 -0.49650 -0.44273 -0.74664 e
44.84269 70.23021 -0.46234 0.88665 -0.00900 e
44.84675 45.73386 0.25072 -0.77134 -0.58496 e
44.88679 55.24634 -0.06070 -0.46807 -0.88160 e
44.96109 47.78827 0.52135 -0.51156 0.68301 e
45.01491 49.96666 -0.45516 0.01053 -0.89035 e
45.26344 57.15381 0.36727 -0.13387 -0.92043 e
45.31163 79.52470 0.34563 0.78238 -0.51809 e
45.36193 46.18490 0.26377 0.90134 -0.34353 e
45.61638 65.55336 0.51207 0.44124 -0.73694 e
45.77492 62.64779 -0.43778 0.53680 -0.72124 e
45.80851 83.26527 -0.99546 0.04880 -0.08176 e
46.01185 23.69039 0.51517 -0.80151 0.30360 e
46.04629 76.25669 0.15285 -0.94548 -0.28760 e
46.10538 69.01156 0.10700 0.55664 -0.82384 e
46.18013 41.29762 -0.93212 -0.34931 -0.09554 e
46.21630 22.90949 0.15661 0.08794 -0.98374 e
46.26047 44.76738 0.01661 -0.98950 -0.14358 e
46.68035 80.76779 -0.64354 0.55599 -0.52606 e
46.75112 31.38301 0.69178 0.68709 -0.22214 e
46.75345 77.42464 -0.29490 -0.92270 -0.24833 e
46.78982 78.90064 -0.63521 0.70074 -0.32475 e
47.05642 31.59466 0.63260 -0.73728 0.23714 e
47.06330 70.30051 0.38668 -0.16400 -0.90751 e
47.09727 73.32009 0.33462 -0.91244 -0.23553 e
47.24737 48.66017 -0.37217 0.39725 0.83886 e
47.29067 73.65519 -0.12585 0.48013 -0.86812 e
47.32862 36.25962 0.34561 0.76524 0.54311 e
47.36749 53.58078 0.26342 -0.86431 0.42846 e
47.41930 54.10939 -0.50583 0.28172 -0.81533 e
47.61782 66.67826 -0.45970 -0.47631 -0.74953 e
48.00905 65.26728 -0.64941 0.65864 -0.38007 e
48.10105 31.36886 0.20541 0.18102 -0.96179 e
48.14354 55.87219 0.72140 -0.09670 -0.68573 e
48.16954 55.25882 0.52895 0.39863 -0.74921 e
48.48408 57.69675 0.22070 -0.96309 -0.15413 e
48.53287 35.21116 -0.48795 0.17319 -0.85552 e
48.66521 72.13324 -0.33918 -0.11271 -0.93395 e
48.76937 75.54307 0.53861 0.83134 0.13697 e
49.13738 82.25387 -0.63672 0.16572 -0.75308 e
49.16986 65.87752 0.93141 0.32345 -0.16688 e
49.29599 39.73499 0.12965 0.83696 -0.53168 e
49.58777 40.56879 0.68583 -0.05910 0.72536 e
49.60762 52.51413 -0.79871 -0.57354 -0.18198 e
49.63278 83.01154 0.85804 0.43575 -0.27183 e
49.63530 59.07095 0.88507 -0.24396 -0.39641 e
49.72244 37.51517 -0.26320 -0.41545 -0.87071 e
49.81449 21.19754 -0.25569 0.96566 0.04606 e
50.02731 84.06038 0.83181 -0.00776 -0.55500 e
50.03392 64.00982 -0.03642 0.86637 0.49807 e
50.35291 57.44709 -0.56807 -0.76974 -0.29119 e
50.35324 75.34246 -0.33214 0.74675 -0.57623 e
50.36337 62.46304 -0.05116 0.97775 -0.20343 e
50.40396 47.12115 -0.37610 0.07107 -0.92385 e
50.44672 67.37944 -0.87788 -0.01870 -0.47851 e
50.53322 73.85205 0.49177 -0.83367 -0.25133 e
50.60385 41.66230 -0.21585 0.67046 -0.70985 e
50.63848 57.61525 0.01024 0.86092 -0.50863 e
50.72683 48.80187 0.40028 -0.78335 -0.47555 e
50.85319 78.33415 -0.29322 0.22781 -0.92851 e
50.89403 80.59964 -0.57225 0.76691 0.29050 e
50.89662 64.18202 0.12682 0.42630 0.89565 e
51.02934 45.74462 0.73318 0.55560 -0.39212 e
51.15073 64.94944 -0.56909 0.82027 -0.05740 e
51.50538 55.11219 0.70258 0.40545 -0.58480 e
51.65276 67.35227 0.39664 0.90675 0.14309 e
51.71534 69.03976 0.00921 -0.96192 0.27316 e
51.71683 81.37962 -0.03034 0.95341 -0.30014 e
51.99745 78.35195 0.82384 0.48632 -0.29117 e
52.04260 81.24117 0.71115 0.57125 -0.40980 e
52.17986 64.49875 0.47116 0.32696 0.81921 e
52.32670 79.56096 -0.58386 0.29425 -0.75665 e
52.64977 39.77431 -0.17025 -0.57724 -0.79863 e
52.71944 68.92781 -0.92541 -0.07643 0.37118 e
52.75518 50.46622 -0.17036 0.96800 -0.18425 e
53.34118 64.13168 -0.14048 -0.06704 -0.98781 e
53.50730 60.93194 -0.33204 -0.20819 -0.92000 e
53.93382 22.35229 -0.07535 -0.62851 -0.77414 e
54.01377 63.96133 0.10829 -0.97031 0.21625 e
54.07518 46.33725 -0.05840 0.31468 -0.94740 e
54.09716 30.96020 0.21056 -0.73057 -0.64956 e
54.39045 80.76349 0.57552 0.79949 -0.17200 e
54.53146 71.81549 0.02704 0.30794 -0.95102 e
54.58029 46.32076 0.59045 -0.43311 -0.68102 e
54.71445 79.02292 0.51878 -0.67533 -0.52421 e
55.18436 39.45810 0.44990 -0.80073 0.39549 e
55.26776 25.97797 -0.34177 0.34692 -0.87341 e
55.35058 27.84300 0.99149 0.00162 -0.13020 e
55.40151 26.48608 0.26286 -0.88692 -0.37984 e
55.45068 48.66598 -0.83402 -0.49400 0.24570 e
55.70894 22.98364 0.02610 -0.99694 0.07373 e
55.97440 81.23705 -0.26911 0.93392 -0.23533 e
56.06026 74.43055 -0.24743 -0.68657 0.68367 e
56.19675 72.57410 0.48772 0.70989 -0.50812 e
56.21631 81.55935 0.54115 0.58541 -0.60370 e
56.23877 28.34011 -0.76617 0.22171 -0.60318 e
56.24931 69.36602 -0.35177 -0.43652 -0.82807 e
56.25794 67.09643 -0.30864 -0.91714 0.25217 e
56.45941 32.32336 0.98829 -0.14549 0.04594 e
56.61974 50.93946 0.50534 -0.68812 -0.52069 e
56.70001 38.97275 0.23327 0.83195 0.50344 e
56.87485 68.21095 0.86195 -0.50378 -0.05698 e
57.43666 32.70361 0.72817 -0.38997 0.56364 e
57.66812 62.47166 0.97261 0.04423 0.22821 e
57.85800 39.45457 -0.36548 0.77815 0.51079 e
57.94828 35.51522 0.07097 0.66996 -0.73900 e
57.99680 81.09835 -0.25313 -0.10787 -0.96140 e
58.12782 55.31742 -0.32062 -0.91836 0.23197 e
58.21741 10.77228 0.04848 0.97681 0.20856 e
58.24866 63.50276 -0.12361 -0.65490 0.74554 e
58.33404 47.82747 0.69740 -0.60781 -0.37975 e
58.71893 20.60436 0.52662 -0.84720 0.07017 e
58.88225 61.03631 0.99593 0.07741 -0.04608 e
59.00761 52.18375 0.08016 -0.91908 0.38584 e
59.03343 43.15567 0.26334 0.88084 -0.39340 e
59.07133 71.76651 0.71230 0.15451 -0.68466 e
59.31845 46.66416 0.01235 -0.98108 -0.19321 e
59.37237 71.16736 -0.70600 -0.39834 -0.58557 e
59.60101 82.34892 0.73763 -0.42191 -0.52717 e
59.81965 46.16363 -0.99054 0.11413 0.07614 e
59.91045 46.43385 -0.10986 0.52675 -0.84289 e
60.05350 75.51677 -0.51830 0.23113 -0.82337 e
60.06098 53.64259 0.50866 0.59610 -0.62123 e
60.06341 61.05810 0.79926 0.44265 -0.40649 e
60.25195 44.42072 -0.51001 0.01981 0.85994 e
60.29514 79.57921 -0.39979 -0.62050 -0.67465 e
60.40678 38.19450 -0.27291 0.54155 -0.79513 e
60.41098 41.68335 0.98781 0.02676 -0.15335 e
60.47781 31.16585 0.97252 0.04166 0.22907 e
60.53917 39.95944 0.33341 -0.38632 -0.86000 e
60.56263 71.99202 0.74266 -0.46833 -0.47866 e
60.79392 83.98589 -0.62014 -0.74681 -0.24020 e
60.80638 54.30317 0.82205 -0.29233 -0.48866 e
60.84142 35.82797 0.57411 0.22457 0.78738 e
60.85627 17.33605 -0.30604 -0.94146 0.14141 e
60.98073 67.53193 -0.02485 0.79295 -0.60877 e
61.42061 51.68099 0.64667 -0.20017 -0.73603 e
61.54497 49.86660 -0.03749 0.98182 0.18607 e
61.59821 37.68154 0.06618 0.74029 -0.66903 e
61.66416 69.49612 0.07569 0.03230 -0.99661 e
61.70261 70.54664 -0.72825 0.23163 -0.64498 e
61.92034 68.71911 -0.76980 -0.55192 0.32061 e
61.96954 36.99179 -0.96451 0.25347 0.07393 e
62.02040 48.82360 0.33678 -0.37248 -0.86478 e
62.33669 74.25058 0.13650 -0.36092 -0.92255 e
62.44902 69.02504 -0.88260 -0.40086 -0.24561 e
62.47173 56.19814 -0.23885 -0.46511 -0.85242 e
62.62031 49.53825 -0.77248 0.20843 -0.59986 e
63.07512 69.70444 -0.17496 0.48853 -0.85482 e
63.12068 73.69543 -0.50257 -0.85618 0.11994 e
63.29940 24.90972 0.15385 0.23309 -0.96021 e
63.32876 34.50334 0.05434 0.99143 -0.11877 e
63.63993 48.96616 -0.01913 -0.84727 -0.53082 e
63.65588 39.49463 0.39644 -0.39008 -0.83107 e
63.86159 39.51157 -0.53213 0.84650 -0.01631 e
63.94133 53.62800 -0.06432 -0.97133 0.22887 e
64.02535 78.00770 -0.85658 0.13319 0.49853 e
64.10478 63.41359 -0.18064 -0.97774 0.10676 e
64.18137 59.80093 -0.17998 -0.62244 -0.76169 e
64.24355 26.79452 -0.88963 -0.22352 0.39824 e
64.30639 73.10239 0.95780 0.02849 -0.28601 e
64.42382 40.55775 -0.31243 0.44405 -0.83977 e
64.61272 77.44945 -0.40662 -0.90416 -0.13098 e
64.66457 27.98360 0.24040 -0.89563 -0.37423 e
64.89205 75.91864 -0.75142 0.29342 -0.59099 e
65.07405 66.07385 -0.32130 0.40447 -0.85625 e
65.49877 31.50352 -0.85731 -0.51407 -0.02747 e
65.55926 58.35450 -0.77219 -0.58434 -0.24952 e
65.69157 24.23811 0.70568 -0.10375 0.70090 e
65.97904 40.64609 0.22923 0.69098 -0.68556 e
66.22220 50.07598 -0.66022 -0.74719 -0.07620 e
66.24976 64.27267 -0.53505 -0.06084 -0.84263 e
66.44020 53.93498 -0.08016 -0.64312 -0.76156 e
66.82732 70.82615 -0.30791 -0.60841 -0.73146 e
66.95922 29.85269 -0.76057 0.34471 -0.55019 e
67.02600 54.72012 -0.55662 0.08135 -0.82678 e
67.19334 71.60497 -0.47876 -0.26530 -0.83690 e
67.29472 76.63782 0.98882 -0.13679 -0.05929 e
67.44286 62.45541 0.22630 0.29719 -0.92761 e
67.52527 77.70431 0.22174 0.03217 -0.97458 e
67.54960 74.92006 -0.91471 -0.15228 -0.37432 e
67.88927 66.36119 0.73494 0.57605 -0.35782 e
67.95883 72.54474 0.62158 0.75205 -0.21922 e
67.96173 39.85449 -0.50942 -0.50882 -0.69397 e
67.98433 52.38785 0.66084 -0.18005 -0.72861 e
68.04077 73.23853 0.84399 0.43892 -0.30827 e
68.11443 53.26779 0.27123 -0.67472 -0.68643 e
68.34623 59.77887 -0.83265 0.33975 0.43733 e
68.49393 26.68313 -0.34703 0.93775 0.01379 e
68.52931 63.31756 0.22169 -0.10872 -0.96904 e
68.68719 45.27023 -0.49500 -0.86301 -0.10095 e
68.96025 51.72289 -0.16873 0.57902 -0.79767 e
69.36386 45.23166 0.74521 -0.44509 0.49654 e
69.39471 40.32778 0.02353 -0.82248 -0.56831 e
69.53481 36.80267 -0.17457 -0.86271 0.47461 e
69.88427 61.16780 -0.89850 -0.36066 0.25025 e
70.04668 83.43338 -0.87772 -0.47721 0.04339 e
70.06425 77.19742 0.48632 -0.43178 -0.75965 e
70.41992 29.30342 0.11224 -0.58893 0.80035 e
70.62153 29.55537 -0.47129 0.69745 -0.53985 e
70.75617 66.90236 0.41295 -0.87712 -0.24522 e
70.79090 82.90982 0.11922 -0.62597 -0.77068 e
70.91447 74.30934 0.62486 0.59451 0.50608 e
71.07694 51.49369 -0.44019 -0.60032 0.66771 e
71.32261 21.86711 -0.53149 -0.05474 -0.84529 e
71.37227 82.73902 -0.90865 -0.41500 -0.04627 e
71.51278 74.79411 0.50595 0.83299 -0.22393 e
71.59322 84.31616 0.59669 0.73466 -0.32286 e
71.71488 49.90987 -0.12917 -0.76096 -0.63581 e
71.81939 57.84565 -0.76569 -0.54537 -0.34102 e
71.86760 59.85920 -0.83985 -0.50087 -0.20922 e
71.94313 43.43368 0.01665 0.58839 -0.80841 e
71.95298 46.72598 -0.94872 0.17826 0.26105 e
72.02680 69.19463 0.55113 0.58904 -0.59101 e
72.17890 54.77800 0.01943 0.19179 -0.98124 e
72.34999 60.18527 0.10096 0.67132 -0.73426 e
72.38684 66.01699 0.84451 -0.28043 0.45624 e
72.42923 79.91660 -0.48441 0.24072 -0.84107 e
72.43209 48.64432 -0.45285 0.68815 -0.56690 e
72.72510 25.45795 0.63608 0.57808 0.51110 e
72.79508 35.31003 -0.34413 -0.32856 -0.87956 e
72.88310 67.21995 -0.22726 0.62239 -0.74899 e
73.33154 77.50417 -0.87132 -0.08583 0.48316 e
73.56875 70.49751 0.69991 -0.54588 -0.46058 e
73.96782 46.17097 0.64018 0.74770 0.17639 e
73.99740 84.48869 -0.58202 -0.39832 0.70894 e
74.44692 38.08510 -0.74090 0.11966 0.66087 e
74.75901 53.66034 0.25059 -0.88338 -0.39604 e
74.86229 73.67046 0.01509 0.95844 -0.28488 e
74.87783 59.97307 0.31096 0.63887 -0.70367 e
75.09604 37.58691 0.93390 -0.33689 0.11977 e
75.22086 44.65117 -0.37344 0.77722 -0.50643 e
75.22661 21.66262 0.37305 -0.47157 -0.79903 e
75.51934 49.62287 -0.04734 -0.52953 -0.84697 e
75.75988 72.86180 0.42794 0.18204 -0.88528 e
76.20561 75.25076 0.56557 0.47331 -0.67536 e
76.38552 50.08105 -0.69992 0.20627 0.68378 e
76.60241 32.36656 -0.68322 0.45905 0.56787 e
76.62122 38.95825 -0.07425 -0.75595 0.65041 e
76.63928 61.22615 -0.42974 -0.40220 -0.80843 e
76.86999 49.90609 0.51261 -0.26236 -0.81756 e
77.05048 51.43480 0.02790 -0.04308 -0.99868 e
77.11218 40.06254 0.31769 -0.28187 -0.90533 e
77.41331 68.98623 0.66854 -0.14792 -0.72882 e
77.52545 57.18011 0.13880 -0.59300 -0.79315 e
77.59355 53.70786 -0.74302 0.34176 -0.57543 e
78.15735 49.66867 -0.02391 -0.12013 -0.99247 e
78.23961 42.98089 0.80191 -0.11110 -0.58702 e
78.37588 64.68447 0.51053 0.79494 -0.32776 e
78.45794 82.45061 -0.32002 0.28832 -0.90247 e
78.56940 53.15208 0.42394 -0.89899 -0.10995 e
78.78148 39.62028 0.42302 -0.86591 -0.26696 e
79.41914 42.45759 -0.21002 -0.93005 0.30150 e
79.99979 45.16166 0.48816 -0.75176 -0.44334 e
80.58967 84.12989 -0.47946 -0.11720 -0.86971 e
80.68154 57.58320 -0.80955 -0.58122 -0.08258 e
80.71473 40.71665 -0.54753 0.70648 -0.44844 e
80.73934 50.63096 0.85468 0.36110 -0.37301 e
81.09222 84.74607 -0.22759 -0.61034 -0.75874 e
81.17157 47.97400 0.94278 0.27977 0.18138 e
81.23803 60.39588 0.62486 0.68661 -0.37164 e
81.38562 42.62950 0.11730 -0.28990 -0.94984 e
81.54996 71.82014 0.78767 -0.14820 -0.59800 e
81.61892 32.72031 0.19906 -0.38386 -0.90168 e
81.70244 22.93218 0.36899 0.22433 -0.90195 e
82.22600 84.76298 -0.50136 0.14521 -0.85296 e
82.44229 74.35020 0.83244 -0.47860 -0.27927 e
83.07842 68.99196 0.16576 0.23645 -0.95740 e
83.36532 21.88403 -0.78837 -0.52231 0.32507 e
83.65639 52.95970 -0.05289 -0.93280 -0.35650 e
83.76487 44.60270 0.75429 0.65574 0.03237 e
84.25678 68.24033 -0.14224 0.41151 -0.90024 e
84.49647 50.84652 0.16500 0.85054 -0.49935 e
84.53209 37.13747 0.68363 0.54332 -0.48729 e
84.60607 60.95139 -0.08718 -0.93103 -0.35438 e
84.98630 37.59529 -0.49617 -0.54796 0.67347 e
85.29681 19.94630 -0.84673 0.45615 -0.27382 e
85.31448 81.78065 -0.67972 0.37363 -0.63118 e
85.36594 49.77397 -0.61405 -0.31665 -0.72296 e
85.58584 84.12186 0.97560 -0.00735 -0.21942 e
85.63311 33.00516 -0.45238 0.56699 -0.68839 e
86.10627 74.38734 0.15206 0.60303 -0.78309 e
86.28556 64.28960 -0.77175 0.21878 -0.59711 e
86.33235 69.40401 0.76846 -0.02692 -0.63933 e
86.39907 38.61336 -0.96346 0.02522 0.26667 e
86.86099 32.57870 0.72577 -0.65786 -0.20120 e
87.76369 74.79830 0.52248 -0.26813 -0.80940 e
88.39577 32.59532 0.75822 -0.63144 -0.16240 e
88.98315 41.52204 -0.71326 -0.39118 0.58159 e
89.42486 34.65008 -0.18313 0.51422 -0.83788 e
89.78621 72.97871 -0.99459 0.05767 -0.08643 e
89.95666 38.66137 0.71225 0.54408 -0.44348 e
90.00397 68.38537 -0.50625 -0.67935 0.53121 e
90.24548 35.36972 -0.78816 -0.31759 0.52721 e
90.29922 25.16603 0.13614 -0.93354 0.33161 e
90.33724 62.57408 -0.69795 0.69387 -0.17722 e
91.03061 45.00421 -0.94825 -0.21102 0.23727 e
91.16063 27.61869 -0.70644 -0.03386 -0.70696 e
91.17945 54.11907 -0.23749 0.46554 0.85257 e
91.20249 81.41111 -0.95694 -0.23676 0.16796 e
91.34229 62.88114 -0.17580 0.73577 -0.65401 e
91.62541 78.45872 0.78479 0.59644 -0.16841 e
91.67225 22.67625 -0.66939 -0.49400 0.55487 e
91.92528 45.91320 -0.98438 -0.01962 -0.17495 e
92.11270 17.69400 0.63280 0.25028 -0.73275 e
92.15090 81.92197 0.00113 0.99969 -0.02470 e
92.21603 35.22180 -0.85486 0.05099 0.51635 e
92.36775 67.95558 -0.91675 -0.33401 0.21912 e
92.72815 81.32272 0.80548 -0.50462 -0.31074 e
92.82013 70.22537 -0.04319 0.94675 -0.31906 e
92.88841 40.64069 -0.72481 -0.68197 0.09781 e
93.33897 76.31416 0.78252 -0.05710 -0.62000 e
93.53387 30.70002 -0.12024 0.22347 0.96727 e
93.76918 35.67856 0.05936 0.99367 0.09539 e
94.21000 46.40637 -0.69704 -0.19140 -0.69101 e
94.27636 62.24274 -0.66592 -0.45506 -0.59116 e
94.53983 55.80924 0.62136 0.75030 -0.22573 e
94.62781 57.08465 0.32611 -0.13021 -0.93632 e
94.82357 65.53024 -0.51064 -0.00163 -0.85979 e
94.85068 9.09179 0.48683 -0.79909 -0.35277 e
95.47205 59.74960 -0.01770 0.08373 -0.99633 e
96.38301 28.91992 0.63926 -0.16858 -0.75029 e
96.42060 31.56236 0.47078 -0.00554 -0.88223 e
96.58425 84.02898 -0.23630 -0.10162 -0.96635 e
96.89181 28.76423 -0.90533 -0.26517 0.33176 e
96.93710 51.57024 -0.06942 0.23488 -0.96954 e
97.54385 26.07048 0.34491 -0.85307 0.39155 e
98.29277 6.73977 0.44213 -0.81568 0.37307 e
98.64986 22.92888 0.63028 -0.74425 0.22099 e
98.82612 43.50034 0.69893 -0.71415 0.03846 e
99.01718 27.61467 0.84147 0.00670 -0.54027 e
99.25929 61.59329 0.09102 0.16322 -0.98238 e
99.30538 45.17549 -0.17146 -0.87006 0.46216 e
99.31601 23.25477 -0.79266 -0.48176 -0.37362 e
99.66309 46.75851 0.69040 -0.46797 -0.55168 e
99.79149 62.37554 0.64923 0.48426 -0.58651 e
100.24738 12.86936 0.77838 -0.18586 -0.59965 e
100.55670 44.95828 -0.81328 0.11518 -0.57036 e
100.58855 41.98358 0.95992 0.10464 -0.26001 e
100.66395 39.77367 0.56519 0.11860 -0.81639 e
100.94722 16.04073 0.56506 -0.80765 0.16855 e
101.18883 39.67626 -0.84693 0.53170 -0.00289 e
101.49528 27.67901 0.86262 0.49754 -0.09137 e
101.56899 63.75354 -0.38439 0.51787 -0.76424 e
101.63066 73.68427 -0.69010 -0.62063 -0.37226 e
102.04979 77.69536 0.59975 -0.55305 -0.57830 e
102.48891 49.30880 0.64114 0.00251 -0.76742 e
103.11251 33.16380 -0.58455 -0.70324 -0.40467 e
103.45234 51.77011 -0.38442 -0.86295 -0.32793 e
103.57162 83.66627 -0.00056 0.99575 0.09214 e
103.97507 43.16189 -0.37496 0.09572 -0.92209 e
104.16279 72.81213 -0.77228 0.51406 0.37325 e
104.25664 46.37541 0.34447 -0.28945 -0.89306 e
104.40799 68.64079 -0.12907 -0.99164 -0.00017 e
104.43203 45.46795 0.64553 -0.75854 -0.08889 e
104.48937 39.83247 -0.12044 -0.27606 -0.95356 e
105.60137 67.09183 0.90528 -0.08748 -0.41572 e
105.71268 30.77311 -0.25416 0.96716 -0.00142 e
106.19800 57.63051 -0.80206 0.52456 0.28554 e
106.59331 47.19017 -0.67043 -0.60529 -0.42913 e
107.85355 50.98847 0.96107 -0.16208 0.22377 e
108.56113 43.72984 0.92626 0.21260 0.31121 e
108.70717 34.47390 -0.35647 -0.82754 -0.43371 e
108.83644 69.47772 -0.42091 -0.06021 -0.90510 e
108.93509 62.91869 0.87141 0.48830 0.04694 e
109.00411 46.03182 -0.37713 0.40523 -0.83280 e
109.11500 76.69992 -0.12186 -0.86936 0.47893 e
109.12915 60.57599 -0.62487 0.66603 -0.40736 e
109.17064 19.91958 0.67609 -0.72766 0.11581 e
109.20467 13.16437 -0.93673 -0.33628 -0.09723 e
109.60069 81.36231 -0.66718 -0.43079 -0.60769 e
109.60587 47.17087 -0.86503 -0.27015 -0.42279 e
110.10569 22.68436 0.48275 0.62984 -0.60849 e
110.35870 27.87321 -0.42719 -0.41944 0.80099 e
111.05984 63.50183 -0.48853 -0.57345 -0.65764 e
111.77887 46.05555 0.49227 0.87042 -0.00655 e
111.89101 65.51201 -0.12874 -0.99132 0.02661 e
112.10695 20.31550 -0.87351 0.18431 0.45056 e
112.25253 33.54035 -0.22597 -0.39596 -0.89003 e
112.44061 35.72512 0.69131 0.52075 -0.50091 e
112.46165 43.14360 -0.77152 -0.27242 0.57493 e
112.68746 28.99445 -0.10518 0.02749 -0.99407 e
112.73796 47.10833 -0.96797 0.07380 0.23999 e
113.13072 39.35104 0.06874 0.98693 0.14577 e
113.47736 34.75862 -0.39527 -0.25597 -0.88218 e
115.34080 80.47653 0.86344 0.44857 -0.23075 e
115.43074 26.82642 -0.08215 -0.90273 -0.42230 e
115.44854 34.51357 0.15635 0.55601 -0.81634 e
115.59788 46.21657 0.18232 0.23909 -0.95373 e
115.67044 50.10717 -0.44667 -0.42948 -0.78488 e
115.83014 38.77678 -0.37037 0.77406 -0.51347 e
116.13498 55.13974 0.69832 0.32607 -0.63720 e
116.43304 14.38021 -0.55091 -0.45152 0.70187 e
116.63226 21.54525 0.00465 0.99993 -0.01076 e
117.14770 75.02833 -0.49512 -0.85967 -0.12581 e
117.22452 75.13946 -0.47471 -0.86870 -0.14143 e
117.41833 26.68392 -0.94082 0.01080 0.33874 e
117.84277 67.60254 -0.64640 -0.63437 -0.42395 e
118.57159 62.14110 -0.80330 0.59398 0.04358 e
118.90094 31.04937 0.34427 -0.83417 -0.43085 e
119.62916 25.72888 -0.65407 -0.68106 -0.32916 e
119.69446 51.77452 0.70751 0.17237 -0.68536 e
119.73375 37.15375 0.12480 0.91634 -0.38046 e
120.38203 45.52764 -0.64706 -0.51348 -0.56361 e
120.75021 38.82554 0.51019 -0.54577 -0.66471 e
121.10176 50.78576 -0.79351 0.08022 0.60324 e
121.44786 35.37534 -0.79005 0.59265 0.15679 e
121.73029 58.02168 -0.68643 0.56548 -0.45722 e
121.88882 19.14671 0.59997 0.07755 0.79626 e
122.61646 73.66455 0.95480 0.26156 -0.14122 e
122.69289 53.16118 0.77428 -0.31178 -0.55071 e
122.69382 33.98746 0.15348 -0.63327 -0.75856 e
122.70929 44.49382 -0.54135 0.11426 -0.83300 e
122.81715 60.10913 0.51495 -0.45268 -0.72795 e
122.97616 34.21631 0.61265 0.19768 0.76524 e
123.03671 33.04094 -0.53887 0.04028 -0.84142 e
123.41798 31.93910 -0.65437 -0.17784 -0.73497 e
123.65805 10.87313 0.44978 -0.89232 -0.03820 e
123.80804 84.26713 0.57525 -0.78689 -0.22336 e
123.81292 59.15820 -0.37651 -0.63957 -0.67022 e
123.89923 46.48191 -0.31927 0.07203 0.94492 e
123.91780 61.43980 -0.41511 0.53351 -0.73692 e
124.09088 32.64198 0.37146 0.78478 -0.49611 e
124.41990 46.54342 0.64937 -0.21768 0.72865 e
124.84920 73.04753 0.02068 0.99122 0.13056 e
124.89879 80.16622 -0.11405 -0.69393 -0.71096 e
124.94706 48.52919 0.94613 -0.28935 -0.14531 e
125.30714 19.01013 -0.37554 0.37412 -0.84794 e
126.85541 51.53148 -0.56108 -0.08036 -0.82385 e
127.22269 34.42195 0.77387 -0.61416 0.15471 e
127.50791 35.55445 -0.83611 0.47975 -0.26599 e
127.71122 42.99491 0.30373 0.65799 0.68905 e
127.80001 43.75884 -0.67815 0.40030 -0.61634 e
128.55072 44.35028 -0.19736 -0.90797 0.36965 e
129.05383 53.52691 -0.03805 0.87548 -0.48175 e
129.21805 55.07418 -0.44983 -0.08516 -0.88904 e
129.47758 83.35920 -0.02067 -0.07209 -0.99718 e
130.04599 34.24833 0.92449 -0.04066 -0.37903 e
130.09781 58.49860 0.29332 -0.84038 0.45577 e
130.47079 52.78133 -0.38552 0.02318 -0.92241 e
130.90557 82.02054 0.68648 -0.33459 -0.64559 e
130.97131 53.25207 -0.30126 -0.78534 0.54082 e
131.38895 53.53423 0.76459 0.48710 -0.42206 e
132.11337 37.54688 0.68655 -0.50382 -0.52423 e
132.88971 29.54854 0.27927 -0.15091 -0.94828 e
133.68082 54.87433 -0.13707 0.22151 -0.96548 e
134.53583 83.88681 -0.25123 0.09495 -0.96326 e
134.56836 77.02433 -0.20169 -0.45305 -0.86837 e
134.60226 64.95404 -0.70150 -0.22973 -0.67462 e
134.78577 46.08823 -0.03813 -0.99796 -0.05121 e
135.55366 27.95006 0.19807 -0.97069 0.13615 e
136.21936 70.61654 0.79529 0.50773 0.33126 e
136.30769 54.05940 0.54870 0.81983 -0.16372 e
137.26451 33.50284 0.37963 0.85991 -0.34123 e
137.31650 51.07508 -0.96194 -0.26098 0.08107 e
138.23932 62.29784 -0.21183 -0.86117 -0.46207 e
138.50284 56.92663 -0.28925 -0.42541 -0.85753 e
138.91571 65.87154 0.05940 0.31415 0.94751 e
139.36445 50.05724 0.57590 0.81727 -0.02016 e
139.43434 20.95325 0.40978 0.90443 0.11870 e
139.46517 75.81460 -0.22575 0.91420 0.33655 e
139.54746 59.02917 -0.08123 -0.99475 -0.06217 e
139.68108 43.45326 -0.70799 -0.04804 -0.70459 e
139.70857 54.02902 -0.91962 -0.10181 -0.37938 e
139.94307 37.92940 0.16404 -0.75052 -0.64017 e
140.14431 28.39750 -0.72481 0.60122 0.33643 e
141.16721 62.12493 0.15643 -0.97614 -0.15061 e
141.33862 66.91836 0.67408 0.70108 0.23259 e
141.34858 28.83750 0.29214 0.15243 -0.94415 e
141.84884 84.23510 -0.61731 0.23993 -0.74924 e
141.86770 51.55919 -0.85135 0.41981 -0.31457 e
142.35606 31.70253 -0.14647 -0.98545 -0.08621 e
142.40783 72.99292 -0.06685 0.82674 -0.55860 e
142.46647 56.96907 0.74565 -0.63775 -0.19308 e
143.21375 60.97919 -0.44766 -0.76422 -0.46430 e
144.07039 28.81181 0.48491 -0.41436 0.77018 e
144.12319 80.58825 0.94932 0.27646 0.14955 e
144.26067 49.31308 0.13507 0.04687 -0.98973 e
144.68691 41.58109 0.90017 0.42932 -0.07330 e
145.74131 34.48998 0.59028 -0.62739 -0.50789 e
145.75235 62.42390 -0.87840 0.13011 0.45988 e
146.14795 46.52136 0.63295 0.73702 0.23702 e
146.31076 37.48130 0.28326 0.67816 -0.67813 e
146.36546 84.96813 0.07567 0.64846 -0.75748 e
146.38243 33.99680 -0.16379 -0.92983 -0.32953 e
146.63192 78.38600 0.47933 -0.69331 -0.53812 e
146.65937 66.26034 0.30260 -0.94181 0.14639 e
147.12119 38.20057 -0.28329 0.94221 -0.17882 e
147.68331 36.11780 -0.72862 -0.19193 0.65748 e
147.85577 46.80960 -0.84478 -0.36008 -0.39585 e
148.17698 64.31520 -0.40785 0.03009 -0.91255 e
148.27603 52.17454 0.57564 -0.67360 -0.46358 e
148.41574 71.83516 -0.53096 -0.11958 -0.83892 e
148.62046 30.13834 0.06803 -0.34148 -0.93742 e
148.86546 40.38823 -0.20190 -0.61069 -0.76570 e
149.90525 59.07349 -0.46770 -0.06685 -0.88136 e
150.09778 40.37431 -0.54364 -0.44071 -0.71430 e
150.38929 79.45033 -0.12908 -0.63748 -0.75957 e
150.86300 57.04039 -0.41717 0.47225 -0.77650 e
150.87583 78.78738 -0.84775 0.00501 -0.53037 e
150.93612 50.72529 -0.63293 0.73481 -0.24382 e
151.04973 68.54899 0.69423 0.20585 -0.68969 e
151.08157 62.71912 -0.95345 -0.16729 0.25089 e
151.41569 46.17821 0.40204 0.46648 -0.78788 e
151.82690 36.43380 -0.37437 -0.34172 -0.86201 e
151.99431 28.42418 0.50931 -0.80518 -0.30378 e
152.29645 80.25492 0.76961 0.02740 -0.63793 e
152.69368 50.50810 0.61672 0.12734 0.77681 e
153.39702 59.91717 0.47887 0.69726 0.53339 e
153.54657 69.89351 -0.01339 0.73937 -0.67316 e
153.83087 57.18477 -0.95474 -0.15084 -0.25635 e
153.93845 35.63049 -0.30948 0.88973 -0.33557 e
154.23115 40.09075 0.21595 -0.76061 -0.61224 e
154.28533 52.77793 -0.62046 0.46848 -0.62893 e
154.73420 79.59744 0.85327 0.28379 0.43749 e
155.10275 45.07286 -0.25754 0.72185 -0.64234 e
155.23431 32.64673 0.74612 0.40006 -0.53222 e
155.33749 38.30972 -0.48515 0.85844 0.16645 e
155.70298 82.74196 -0.07526 -0.27786 0.95767 e
155.70302 74.59100 0.73232 -0.15866 -0.66222 e
156.28058 50.63064 -0.44173 0.22608 -0.86820 e
156.80375 60.84659 0.58583 -0.06382 -0.80792 e
157.44333 46.05839 -0.31688 0.89175 0.32307 e
157.65740 51.01273 0.76644 -0.47271 0.43487 e
158.12723 44.39196 0.18264 -0.78866 -0.58708 e
158.30337 41.85356 0.20199 0.84237 -0.49961 e
159.18677 78.60795 -0.48448 -0.40563 -0.77508 e
160.17149 32.87355 -0.14412 -0.82158 0.55158 e
160.31604 59.01215 0.54009 -0.70005 -0.46715 e
160.59064 60.14408 0.02587 -0.00705 -0.99964 e
160.64305 34.66685 -0.00002 0.26666 -0.96379 e
160.76450 71.28926 -0.33588 0.76725 -0.54636 e
160.92847 48.11932 0.65088 0.30479 -0.69532 e
161.00479 82.23431 -0.63345 -0.74955 -0.19214 e
161.04559 43.18845 -0.57753 0.81307 0.07339 e
161.17801 46.78172 -0.56401 0.42755 -0.70646 e
162.01272 45.26627 0.19410 0.41004 -0.89118 e
162.29304 33.35262 0.69057 0.66009 -0.29564 e
163.18338 53.74359 0.27183 -0.73934 -0.61602 e
163.31041 27.84327 0.39067 -0.65865 0.64309 e
163.62553 69.03085 -0.73066 -0.41258 0.54398 e
163.79704 36.67878 -0.71354 -0.65057 0.26002 e
163.86786 70.77300 0.69880 -0.39188 -0.59841 e
164.14467 23.11077 -0.32584 0.74212 -0.58573 e
164.96706 38.84178 0.57039 0.81543 0.09861 e
164.98475 71.23984 -0.45985 0.87432 0.15527 e
165.75946 81.63422 -0.00440 -0.69677 -0.71728 e
165.76439 83.83597 -0.21832 0.02470 -0.97556 e
165.98096 36.26399 0.03056 0.10948 -0.99352 e
165.99405 65.58628 -0.16262 0.05394 -0.98521 e
166.64056 22.27863 0.67644 0.59077 -0.43979 e
167.10066 32.56383 0.61293 0.78835 -0.05315 e
167.33046 79.10164 -0.74679 0.00448 0.66504 e
167.69736 79.63999 -0.17299 -0.90309 -0.39307 e
168.62400 50.64082 0.08310 0.99370 0.07516 e
169.27738 56.28524 0.30809 -0.88524 0.34847 e
169.30310 56.98982 0.93422 -0.09974 -0.34248 e
169.39919 26.72522 -0.12663 -0.02811 -0.99155 e
169.59195 60.65941 0.21162 -0.96561 0.15102 e
169.73028 38.37878 -0.34268 -0.77024 -0.53786 e
169.81072 69.34136 -0.38642 0.43262 -0.81457 e
170.33239 57.86961 -0.65085 0.10410 -0.75203 e
170.60019 13.55144 0.08931 -0.12991 -0.98749 e
171.04296 49.93578 -0.50902 0.70030 -0.50048 e
172.25646 57.13572 0.10843 0.08199 -0.99072 e
172.90079 43.96990 0.51715 0.40182 -0.75571 e
172.99532 43.00959 -0.59644 -0.18699 -0.78057 e
173.45139 71.12291 -0.93472 0.25247 0.25013 e
173.69711 74.21440 0.66274 0.15727 -0.73215 e
173.92474 30.83274 -0.07872 -0.92990 -0.35929 e
174.50434 60.56271 -0.81522 -0.51685 -0.26132 e
174.58887 29.16313 -0.98600 0.15653 -0.05748 e
174.88484 71.57891 0.74573 0.59851 -0.29271 e
175.78161 44.84492 0.96380 0.04439 -0.26289 e
176.93722 40.23092 -0.20858 0.97555 0.06931 e
177.19123 54.57415 -0.38493 0.89730 -0.21604 e
177.31389 46.71427 0.00951 -0.98249 0.18609 e
177.76511 50.26500 -0.39113 -0.90987 -0.13841 e
177.88501 21.21543 0.10198 -0.55134 0.82802 e
178.11735 83.26592 -0.63264 0.49599 -0.59478 e
178.75625 23.26088 0.19579 0.87353 0.44566 e
178.78637 52.44074 -0.95375 0.27308 0.12562 e
179.21602 46.95795 0.57079 0.31006 -0.76030 e
179.32934 33.37483 0.60737 0.33830 -0.71878 e
179.59571 29.14069 0.50982 0.57002 0.64433 e
179.60892 69.83074 -0.17394 0.18111 -0.96796 e
180.06259 55.25547 0.31694 0.22345 -0.92175 e
180.49328 35.95713 0.72720 0.61624 -0.30237 e
180.57606 35.67787 -0.61651 -0.00485 -0.78733 e
180.96892 49.78884 0.00791 0.82936 -0.55866 e
181.19934 35.19212 0.95136 0.14323 -0.27275 e
181.20544 60.58256 0.16345 -0.82836 -0.53582 e
181.49336 72.49417 -0.44890 -0.74084 0.49964 e
182.12465 38.22670 0.36924 0.52676 -0.76563 e
182.51362 69.77285 0.35088 0.09463 -0.93163 e
185.53931 32.62984 0.00350 -0.89453 -0.44699 e
186.84943 55.37910 -0.30826 0.55479 -0.77278 e
187.69722 12.41040 0.61566 -0.77563 -0.13917 e
188.57881 24.27257 0.86853 -0.19355 -0.45628 e
188.60585 16.43851 -0.45193 0.24151 0.85874 e
188.98963 35.73217 -0.20038 0.96882 -0.14575 e
189.24577 43.94340 -0.55872 -0.33687 -0.75786 e
191.00894 50.87536 0.30411 -0.16115 -0.93891 e
191.17178 70.72916 0.74837 0.07249 0.65930 e
191.32549 55.70856 -0.88576 0.42813 -0.17928 e
191.79234 78.18817 -0.96419 -0.12312 -0.23491 e
192.96090 49.77438 -0.98261 0.12343 0.13874 e
193.61522 45.78972 -0.17294 -0.28540 -0.94268 e
194.56299 18.71326 -0.25047 0.30501 -0.91882 e
194.75121 70.22129 0.78062 -0.39450 0.48478 e
194.92081 65.80798 0.58115 0.04390 -0.81261 e
194.95568 27.65110 0.47890 0.85561 0.19646 e
195.05724 31.41587 -0.93039 -0.18209 0.31814 e
195.69241 76.21812 -0.56092 -0.78046 0.27614 e
196.51253 38.85787 0.49905 0.06436 -0.86418 e
196.58492 81.96567 0.20492 0.46813 -0.85957 e
196.62581 45.08339 -0.77063 0.01055 -0.63720 e
197.30505 30.55274 0.12026 -0.53149 -0.83848 e
197.94725 26.49251 -0.01156 -0.93871 -0.34451 e
198.43282 29.86055 0.67473 0.67981 -0.28740 e
200.18473 29.83540 -0.04952 -0.19887 0.97877 e
200.20232 36.91362 -0.88105 0.47096 -0.04412 e
200.41682 56.16240 0.99576 -0.09123 -0.01174 e
200.82011 73.71418 -0.14007 -0.73200 -0.66676 e
200.99150 80.68335 0.92642 -0.37365 0.04611 e
203.16845 36.08909 0.39966 -0.78408 0.47485 e
203.30268 40.46759 -0.21074 -0.67989 -0.70238 e
203.32780 33.59457 -0.03775 0.85605 -0.51550 e
203.33843 54.64871 0.89435 -0.42338 0.14451 e
203.48062 45.69871 -0.08044 -0.95600 -0.28212 e
203.80404 51.76129 0.09734 0.99329 -0.06252 e
204.47058 28.59593 -0.39359 -0.40458 0.82547 e
204.86569 40.31848 0.66877 -0.70667 -0.23102 e
206.48627 36.30065 0.67126 -0.23741 0.70218 e
206.69352 63.97495 0.02870 0.32429 -0.94552 e
206.71463 41.40175 0.95341 -0.19996 -0.22588 e
208.75796 42.58469 -0.33699 0.82558 -0.45261 e
209.63389 26.04164 -0.16479 0.40821 -0.89789 e
210.35223 54.80079 0.62219 0.43920 -0.64806 e
210.66444 46.88847 0.40422 -0.90016 -0.16221 e
210.91175 65.86037 -0.47998 -0.83736 -0.26161 e
211.04520 55.38321 -0.15989 -0.93917 -0.30395 e
211.13250 81.70367 0.11177 0.61319 -0.78199 e
211.70469 42.55219 -0.86823 -0.12594 0.47991 e
211.91191 60.59194 -0.85531 -0.48874 -0.17196 e
213.10053 32.02811 0.87719 0.47785 -0.04686 e
214.33983 29.57466 -0.29495 0.08646 -0.95159 e
215.78388 38.98916 0.32846 -0.41582 -0.84806 e
215.98196 31.35821 -0.39627 0.52543 -0.75292 e
216.16804 56.27627 -0.54442 -0.67207 -0.50192 e
216.66710 83.74339 0.02025 -0.34479 -0.93846 e
216.74723 52.19143 0.79778 -0.58821 -0.13246 e
217.12277 60.57429 -0.09264 -0.07692 0.99272 e
217.47081 60.42484 -0.32214 -0.76499 -0.55768 e
218.38700 48.96131 -0.47410 -0.46153 -0.74981 e
219.71445 24.33471 -0.55040 -0.73537 0.39532 e
219.77743 53.19057 0.17112 -0.68264 -0.71044 e
221.05113 32.82910 -0.96636 -0.18832 -0.17517 e
221.99462 48.33985 -0.72302 0.66039 -0.20280 e
222.24967 69.55528 0.46519 -0.76270 0.44932 e
224.02865 30.83542 -0.97471 -0.20894 0.07922 e
224.27152 41.71460 -0.21580 -0.55197 -0.80545 e
224.89417 70.45774 -0.95310 -0.03161 0.30099 e
225.04143 27.06910 0.55232 -0.69699 0.45734 e
226.34019 28.34567 0.55862 0.77815 0.28710 e
226.79965 42.25758 0.67644 -0.53778 0.50321 e
228.22061 26.82052 0.98740 -0.12041 0.10270 e
228.44377 45.13837 -0.33814 -0.94041 0.03605 e
228.94127 31.65681 0.92428 0.14816 -0.35178 e
229.12841 70.07173 -0.64751 -0.10763 -0.75442 e
229.29051 29.81109 0.25657 0.78855 -0.55889 e
229.34589 37.79773 0.04575 0.78943 0.61214 e
229.45486 80.94160 0.20323 -0.36529 -0.90844 e
230.10122 72.11893 -0.46977 -0.62502 -0.62344 e
231.01620 42.18489 -0.00805 -0.28919 -0.95724 e
231.10646 66.33467 0.26495 0.93626 -0.23068 e
231.28279 76.98702 -0.67783 0.24475 0.69329 e
231.44503 32.52513 0.09008 -0.68382 -0.72407 e
231.88159 23.62321 0.79064 0.60301 0.10612 e
232.27827 48.37093 -0.50827 -0.10778 -0.85443 e
232.32604 45.12978 0.21472 -0.12481 -0.96867 e
233.40728 57.77877 -0.57290 0.80767 -0.13948 e
233.83301 30.22769 0.96060 0.09758 -0.26023 e
234.48456 62.49783 0.41699 0.43180 -0.79979 e
234.51884 35.73530 0.29378 -0.94736 -0.12726 e
234.75386 30.30194 0.48986 -0.44989 -0.74675 e
234.77147 39.26735 -0.65919 -0.01953 -0.75172 e
235.22822 50.92167 0.21666 0.95721 -0.19186 e
236.41726 62.13931 0.65068 0.00608 -0.75933 e
237.00534 50.78166 -0.20757 -0.88729 0.41186 e
237.74334 49.49780 -0.61980 0.77685 -0.11112 e
238.23465 39.61826 -0.46012 0.84342 0.27737 e
238.71411 42.46413 -0.50156 0.67696 -0.53867 e
238.96572 83.19719 -0.54556 0.30942 -0.77886 e
239.44095 22.10285 -0.20921 -0.81586 -0.53907 e
239.48115 41.84535 -0.40485 -0.09804 -0.90911 e
240.07753 48.68593 -0.36001 -0.59772 0.71633 e
240.13299 43.68016 -0.95612 0.02298 -0.29209 e
240.15607 77.71341 0.43835 -0.31317 -0.84248 e
240.62919 58.55809 0.41842 -0.15407 -0.89509 e
241.26301 39.23796 -0.23508 0.68754 -0.68704 e
241.50383 51.20794 -0.76973 0.42148 -0.47945 e
241.95373 29.49055 -0.85610 -0.12932 -0.50037 e
242.43404 42.29839 -0.23042 -0.87570 -0.42432 e
243.77302 56.56893 0.90736 -0.02817 -0.41942 e
244.34966 28.11256 0.47014 0.02211 -0.88232 e
244.85891 47.42444 -0.48466 -0.36628 -0.79432 e
244.88835 53.31113 -0.73796 0.64655 0.19336 e
245.05525 84.29379 -0.03081 -0.48065 -0.87637 e
245.23187 18.44287 0.10338 -0.69231 0.71415 e
245.27452 52.31564 -0.64355 -0.40123 -0.65181 e
246.39387 55.39314 0.50225 0.05491 -0.86298 e
246.43061 65.82070 0.44201 0.67287 -0.59319 e
246.52196 31.98840 -0.89859 -0.19480 -0.39319 e
246.63721 39.17989 -0.32770 -0.86114 -0.38865 e
247.13620 62.88710 0.87862 -0.24333 -0.41088 e
247.17201 80.55801 -0.57562 -0.65887 0.48431 e
247.57079 25.48831 -0.61796 0.03005 -0.78563 e
247.58174 45.65788 -0.57598 0.58880 0.56706 e
247.81483 44.15584 -0.66890 0.45488 -0.58793 e
248.00831 13.53920 -0.53217 -0.68556 0.49679 e
248.92809 39.59168 0.41261 0.21990 -0.88397 e
250.21962 40.78137 0.62593 -0.18776 -0.75694 e
250.44588 45.32658 0.61318 0.34538 0.71044 e
250.55556 38.17417 0.13160 -0.88126 -0.45395 e
250.79026 59.74330 -0.42195 -0.82145 -0.38365 e
252.74451 36.57220 0.89458 0.33052 -0.30080 e
252.98855 76.62674 -0.05098 -0.57191 -0.81873 e
253.22658 19.38588 0.24156 0.06971 -0.96788 e
253.93024 57.29568 -0.54177 0.27981 -0.79258 e
254.05588 72.33308 -0.75154 0.60969 -0.25193 e
255.40835 59.39254 0.01762 -0.70736 -0.70663 e
255.46851 78.17001 -0.11397 0.72799 -0.67605 e
255.47795 40.81230 0.89959 -0.37829 0.21824 e
257.45714 67.62133 -0.55570 -0.82937 0.05777 e
258.00954 59.04016 -0.42982 0.59963 -0.67506 e
258.10279 66.34341 0.77509 0.62983 -0.05044 e
260.20909 77.17693 0.34964 -0.81224 0.46692 e
260.23129 15.66332 0.02875 0.99881 -0.03951 e
261.19071 34.21276 -0.04122 -0.83455 0.54939 e
261.82665 66.16364 0.05760 0.88822 -0.45580 e
262.26216 32.31085 -0.75594 0.07435 -0.65040 e
262.64186 54.47579 -0.42131 -0.88900 -0.17935 e
262.85645 84.81051 0.31178 0.65072 -0.69236 e
263.06841 26.98531 0.23564 0.76967 0.59336 e
263.74264 44.45858 0.64614 0.69138 0.32326 e
263.91991 53.21863 0.80589 -0.56356 0.18149 e
267.23575 63.49331 -0.33087 0.67946 0.65488 e
267.44325 23.30673 0.63391 -0.09848 -0.76711 e
268.03941 68.43102 0.31247 0.34611 -0.88463 e
268.88785 44.50514 0.38708 -0.92005 -0.06065 e
269.38941 51.31051 -0.94726 -0.17861 0.26607 e
269.43958 62.40979 -0.75766 0.41272 -0.50558 e
270.07999 70.48851 0.08625 -0.22317 -0.97096 e
271.00957 75.10153 0.97746 0.11273 -0.17849 e
273.09492 55.23162 0.99390 0.02003 -0.10848 e
273.49614 52.50554 0.39563 -0.67059 -0.62752 e
273.75267 69.85445 0.23857 0.66881 0.70411 e
274.76340 69.46809 0.93480 0.33376 0.12148 e
275.37381 61.55200 0.83851 0.53227 0.11659 e
275.48223 54.26113 0.57580 -0.77372 0.26423 e
275.80380 72.51582 -0.50835 -0.62950 -0.58762 e
276.11543 58.60109 0.60187 -0.79125 0.10803 e
276.21531 55.81626 0.83887 0.20273 -0.50517 e
277.44735 72.85039 -0.77308 0.45455 -0.44241 e
278.34520 65.25850 -0.89881 -0.19924 0.39045 e
278.36138 70.81000 -0.74876 -0.15581 -0.64427 e
278.71812 32.51152 0.54594 0.58173 -0.60294 e
279.05412 46.14557 0.25812 -0.62449 -0.73715 e
280.25499 73.87718 0.61540 -0.09821 0.78208 e
280.27141 45.69902 -0.29931 -0.16134 -0.94042 e
280.47775 30.50412 0.39934 0.50778 -0.76333 e
280.60670 29.37324 0.79809 0.36379 0.48032 e
280.90567 46.41046 0.31656 -0.90861 -0.27242 e
281.84823 56.43440 -0.52826 0.84263 -0.10446 e
282.29358 35.75112 -0.66369 0.73980 -0.11051 e
282.43038 33.12918 -0.02440 0.10610 -0.99406 e
282.46563 56.64088 0.37614 0.60729 -0.69980 e
282.63403 67.02236 -0.38719 0.83712 0.38640 e
284.25693 38.19517 -0.72704 -0.16605 -0.66621 e
284.49323 76.96733 -0.22513 -0.63303 -0.74067 e
285.22984 79.30552 -0.88752 0.18404 -0.42242 e
285.50699 55.13708 0.91049 -0.20551 -0.35885 e
285.61804 58.08137 0.98938 -0.13200 0.06087 e
285.67304 72.68453 0.44697 -0.80643 0.38716 e
287.33254 69.49144 -0.53131 0.82355 -0.19869 e
288.76876 68.18398 -0.86722 -0.36741 -0.33606 e
288.77422 83.86374 -0.67271 -0.57300 -0.46811 e
291.55635 64.95071 0.43863 -0.66734 -0.60188 e
291.81845 32.96632 -0.26749 0.80379 -0.53139 e
292.47855 59.20725 0.77031 -0.02691 -0.63710 e
292.65923 84.85736 -0.48832 -0.75098 -0.44448 e
292.86159 24.15567 -0.52596 -0.47506 0.70547 e
292.96985 36.48625 -0.24114 0.18137 -0.95339 e
293.46575 39.91843 0.13947 -0.08073 0.98693 e
293.97317 73.47224 0.38460 -0.52898 -0.75648 e
294.42482 62.89769 0.82843 -0.49705 0.25817 e
295.40869 33.39584 0.77826 0.15519 -0.60846 e
295.50658 17.74520 0.05949 0.26892 -0.96132 e
295.91189 39.49080 -0.14145 -0.20747 -0.96796 e
296.93138 32.20796 -0.83968 -0.22745 -0.49316 e
298.11250 69.45943 0.89487 -0.36978 -0.24994 e
298.29112 57.27888 -0.14265 -0.97622 0.16324 e
298.52833 28.32303 -0.00933 0.06711 0.99770 e
298.88172 38.17434 0.24097 0.32536 -0.91437 e
299.54646 66.49133 0.94945 -0.01573 -0.31352 e
299.54716 17.03006 0.87144 0.11834 -0.47601 e
299.80144 39.31762 -0.43721 0.26012 -0.86092 e
301.12537 75.12662 -0.70730 0.07189 -0.70325 e
301.19471 50.16746 0.62879 -0.22880 -0.74315 e
301.96789 36.91372 0.10418 0.81012 -0.57694 e
302.46142 43.27277 -0.55640 0.38651 -0.73555 e
302.81583 67.31143 0.01391 -0.35452 -0.93494 e
302.88765 50.31035 0.28907 -0.64653 -0.70600 e
303.51663 38.12038 -0.21975 -0.91688 -0.33324 e
304.98760 28.57798 -0.43865 -0.82076 0.36597 e
305.41734 83.89078 -0.16399 -0.51350 -0.84227 e
305.94644 52.90000 0.12275 0.98083 -0.15132 e
307.93942 18.72430 -0.40577 0.03474 -0.91332 e
308.74518 35.23167 0.12569 -0.22602 -0.96598 e
309.24778 79.47340 -0.08215 0.63370 -0.76920 e
311.06544 35.26802 0.25110 0.42185 0.87120 e
311.71584 81.88944 0.92566 0.05021 -0.37501 e
312.30228 29.56323 0.32121 0.71407 -0.62203 e
312.56708 68.99177 0.60027 0.45520 -0.65762 e
312.99526 45.68538 -0.75317 0.57829 -0.31356 e
313.29467 49.15125 0.30149 0.86989 0.39037 e
313.75899 70.09081 -0.59913 0.13839 -0.78860 e
313.88031 40.93593 0.36467 0.33295 -0.86958 e
314.70127 63.65581 -0.11774 -0.00949 -0.99300 e
314.71157 32.50169 0.55003 -0.36752 0.74993 e
315.77405 45.00302 0.18473 0.62117 -0.76160 e
315.84825 57.61378 -0.40735 0.91298 0.02284 e
316.01819 54.25547 0.65282 -0.75751 0.00119 e
316.85663 74.42142 0.48404 0.65963 -0.57497 e
316.88160 60.08927 0.78336 0.35888 -0.50750 e
318.27682 84.42263 -0.63965 -0.45815 -0.61721 e
318.37601 78.36201 -0.98737 -0.04191 0.15280 e
318.68978 30.69222 0.05466 0.39081 -0.91885 e
318.82618 28.49612 -0.22161 -0.97000 0.09995 e
319.05827 28.60466 -0.23544 0.68548 -0.68898 e
319.16548 31.49346 0.89361 -0.31845 -0.31631 e
319.18743 60.21490 0.61434 -0.77065 0.16935 e
319.19811 55.59806 -0.91558 0.32759 0.23323 e
320.48515 48.53787 -0.54019 -0.84136 -0.01757 e
320.58302 44.02656 -0.14832 -0.25986 -0.95419 e
321.03495 71.10814 0.81335 0.51705 0.26668 e
322.07060 36.92367 0.34753 -0.90585 0.24218 e
322.15875 31.66447 0.21558 -0.31738 -0.92347 e
322.80570 22.82959 0.31191 0.00804 0.95008 e
322.98749 44.22024 0.67532 0.72056 -0.15725 e
323.66459 62.74820 -0.53778 0.81039 -0.23249 e
323.71509 62.82100 0.41019 0.86022 -0.30292 e
323.93909 31.08776 0.88838 -0.42002 -0.18538 e
324.46031 60.66859 0.92192 -0.24095 -0.30332 e
324.48564 40.12646 0.28506 0.95835 0.01765 e
324.66224 24.67853 -0.25179 -0.86904 0.42587 e
326.08937 49.68758 -0.45330 -0.00207 -0.89135 e
326.30567 37.56579 0.50748 -0.72146 -0.47112 e
326.49177 83.93533 -0.22788 -0.97344 0.02194 e
326.57326 62.76270 -0.83445 -0.09545 -0.54275 e
327.40593 45.72401 0.50564 0.77432 -0.38046 e
328.71947 79.04679 -0.05151 0.98358 -0.17295 e
328.82181 46.03073 0.16930 0.74487 -0.64537 e
328.92195 77.95717 0.36048 -0.85769 -0.36663 e
329.17910 40.64294 0.60312 -0.67491 -0.42514 e
329.18505 70.37087 0.53484 -0.17862 -0.82586 e
331.40793 29.06915 -0.57843 0.06492 -0.81315 e
331.95585 66.26461 0.65170 -0.11996 -0.74893 e
333.06137 45.71765 0.38345 -0.73012 -0.56559 e
333.33511 65.99408 -0.00465 -0.54649 -0.83745 e
333.38389 72.56168 0.59339 0.38064 -0.70922 e
335.76264 83.39176 0.47881 -0.85665 -0.19207 e
337.59379 59.83843 -0.55777 0.34176 0.75636 e
338.11791 35.40598 0.12291 -0.19239 -0.97359 e
338.13317 28.28436 0.65007 0.46077 -0.60424 e
338.80119 58.86932 -0.60988 0.23463 0.75696 e
338.93933 74.16247 -0.08874 0.35633 -0.93014 e
339.96687 50.91075 -0.01489 0.43652 -0.89957 e
340.19153 46.36076 -0.18295 0.76028 -0.62330 e
340.60163 60.35272 0.42878 0.52697 -0.73380 e
340.71306 25.32915 -0.10478 0.91104 -0.39879 e
341.54113 46.52428 -0.17660 -0.97151 -0.15804 e
341.83159 63.41383 0.67660 0.42635 -0.60036 e
344.14951 47.16782 -0.07178 -0.93747 -0.34059 e
344.99333 69.04576 -0.77341 -0.63384 0.00904 e
345.19069 31.66367 0.57603 0.80127 -0.16172 e
345.57591 38.20239 0.27313 0.66965 -0.69063 e
345.65484 47.58843 -0.47883 -0.84239 0.24718 e
346.46168 50.83255 -0.87207 -0.41772 -0.25495 e
346.81887 38.85833 -0.89658 0.30631 0.31988 e
347.10535 45.29305 0.10905 -0.99008 0.08858 e
347.21967 84.37851 0.20071 0.51909 -0.83082 e
348.01127 38.32314 -0.48309 0.66445 -0.57021 e
348.51308 35.57883 -0.81217 -0.51888 0.26672 e
348.65173 65.86471 0.56278 -0.82529 0.04672 e
349.68303 20.60655 0.71587 0.68421 -0.13922 e
350.17150 69.92484 0.56355 -0.48712 0.66718 e
351.00455 75.25298 0.13745 -0.16185 -0.97719 e
352.15945 51.64515 -0.38866 0.62352 -0.67836 e
352.39231 30.23580 0.28927 0.95485 0.06775 e
352.76960 28.22628 0.52533 -0.72158 0.45094 e
352.83131 27.08397 -0.13738 -0.31030 -0.94066 e
352.83404 38.47300 0.75188 -0.65555 -0.07029 e
352.92976 60.39864 0.10057 0.48786 -0.86711 e
353.78369 38.68448 -0.91249 -0.37223 0.16972 e
354.12210 71.15410 0.16166 0.53332 -0.83032 e
355.23982 78.36229 -0.43570 -0.56027 0.70446 e
355.49373 35.49803 -0.48287 -0.85225 0.20127 e
355.70796 21.75412 -0.65348 0.71139 -0.25863 e
356.02358 75.59686 -0.02604 -0.20248 -0.97894 e
356.32728 57.83864 0.65825 0.56901 -0.49288 e
357.21956 50.43306 -0.37472 0.35007 -0.85851 e
357.58695 30.64360 -0.71539 -0.69034 -0.10791 e
358.32005 22.28773 0.68950 -0.11461 0.71516 e
359.67614 56.56816 0.27028 0.58706 -0.76310 e
359.86547 51.45887 -0.72694 -0.62942 -0.27457 e
360.65752 82.11240 -0.40175 0.80252 -0.44108 e
360.87132 38.29278 0.69141 -0.45020 0.56504 e
360.97987 29.46723 0.02738 -0.99147 -0.12740 e
361.73412 76.38195 0.66578 0.69423 -0.27346 e
366.57115 39.67823 0.66828 0.70622 -0.23378 e
366.85149 33.46867 0.42090 0.17700 0.88967 e
367.00634 49.03070 0.93079 -0.33264 -0.15157 e
367.81273 42.14007 -0.46128 0.88675 -0.02991 e
371.93898 52.00343 -0.27776 -0.25013 -0.92752 e
372.74954 27.26520 0.33028 -0.68399 -0.65044 e
373.25875 38.21478 0.66450 -0.19676 -0.72092 e
374.21793 64.47934 0.15254 -0.87126 0.46652 e
375.64243 73.00742 0.67490 -0.25694 -0.69173 e
379.13033 63.71499 -0.47364 0.58964 -0.65421 e
379.29853 72.05619 -0.90475 -0.32090 -0.28009 e
384.20891 38.25510 -0.66478 0.66765 0.33512 e
385.23504 38.43556 0.74042 -0.67178 -0.02208 e
385.71120 78.21186 -0.54896 0.21996 -0.80638 e
385.76726 25.75372 0.40216 -0.61242 -0.68059 e
391.31967 74.92094 0.25187 0.12957 -0.95905 e
391.41741 38.76095 0.78638 0.50045 -0.36215 e
391.73582 21.61690 0.75996 -0.60693 0.23260 e
398.60165 27.14569 -0.07353 0.25480 -0.96419 e
400.13888 39.35777 -0.65594 -0.62032 -0.43005 e
407.00837 46.87880 0.15026 -0.96748 -0.20348 e
408.58710 28.74996 -0.56502 -0.82326 -0.05469 e
409.97050 39.07066 0.57569 -0.35482 -0.73667 e
412.37773 54.94553 0.10960 -0.72958 -0.67506 e
414.86204 33.72860 0.45471 -0.49546 -0.74011 e
418.99103 79.46664 -0.43233 0.12509 -0.89299 e
421.00376 20.49780 0.62470 0.35947 -0.69321 e
421.31424 44.43805 -0.63154 0.11860 -0.76622 e
423.40128 16.47096 0.87394 0.24178 -0.42164 e
429.58341 42.09865 -0.99949 0.01038 -0.03032 e
435.00066 35.37780 -0.25167 -0.51031 -0.82234 e
446.13637 33.83563 0.85682 0.48704 -0.16926 e
457.75850 56.87681 0.81502 -0.28180 -0.50629 e
460.97143 30.93499 0.85305 0.48545 -0.19143 e
469.72224 18.34886 0.99963 -0.02338 -0.01353 e
482.14310 39.56258 0.65035 0.04783 -0.75813 e
491.83318 36.47045 -0.90337 -0.27956 0.32523 e
494.90491 27.42837 0.23117 -0.19747 -0.95266 e
498.04381 7.07661 0.91002 0.39316 0.13147 e
498.89611 29.90972 0.72409 0.08831 0.68403 e
510.55008 25.38116 0.67173 0.60785 -0.42344 e
510.64592 28.59183 0.86411 -0.18325 0.46876 e
519.26277 41.42751 0.27743 -0.36459 -0.88888 e
536.88515 20.63520 -0.88335 0.44159 0.15716 e
550.75879 21.66901 -0.42445 -0.82814 -0.36609 e
556.03354 14.77520 -0.16217 0.59861 0.78445 e
623.66426 14.59478 -0.42511 0.38003 -0.82149 e
644.88829 16.71968 -0.93035 -0.11379 0.34858 e
656.97433 22.69706 0.18413 -0.41816 -0.88952 e
667.21516 32.18365 0.04510 0.91472 0.40156 e
668.65285 35.22082 -0.98740 0.12269 0.09998 e
745.14237 19.39826 -0.66623 -0.44484 0.59854 e
746.83724 32.35086 -0.96180 -0.26078 -0.08326 e
802.35602 33.10051 -0.17090 -0.98514 -0.01717 e
816.51798 21.38065 -0.22142 0.37242 -0.90126 e
821.06626 20.07280 -0.77507 -0.59270 -0.21904 e
847.91705 11.85508 -0.15361 0.91123 0.38217 e
863.82945 29.19301 0.80365 0.57398 0.15713 e
921.29773 34.40899 0.15082 -0.97258 0.17705 e
938.15889 19.70948 -0.68755 0.72511 -0.03859 e
939.24833 25.48496 0.60654 -0.63369 -0.48015 e
985.50378 24.75494 -0.15927 0.18114 -0.97047 e
987.24721 29.70397 -0.75400 -0.51128 0.41239 e
990.77553 20.46451 -0.59785 -0.25107 -0.76128 e
1148.27692 29.30419 -0.56829 0.05807 0.82078 e
1647.07841 26.91800 -0.85146 -0.49459 -0.17436 e
1896.29634 25.78344 -0.05074 -0.30994 -0.94940 e
2036.96739 25.05382 0.14468 -0.95873 -0.24476 e
2084.19041 29.79345 -0.30175 -0.95008 0.07932 e
2140.65698 50.63764 0.02582 -0.07650 -0.99674 e
2157.04690 9.71656 0.91549 -0.16766 -0.36576 e
4670.09759 27.14834 -0.61932 -0.61242 -0.49131 e
6219.77184 22.12521 -0.38226 -0.85105 -0.35999 e
6351.02199 13.46518 0.67831 -0.46202 -0.57134 e
6597.28285 20.62259 0.76557 0.39075 0.51108 e
6952.36883 11.63001 0.47049 -0.79253 -0.38798 e
7276.48587 19.74014 -0.31067 -0.01256 0.95044 e
8287.81588 20.00942 0.04165 -0.57755 -0.81529 e
9653.91681 23.93602 -0.03461 0.87688 -0.47947 e
9880.89724 28.44355 -0.96129 -0.26534 -0.07431 e
12550.46898 20.46909 -0.73970 -0.12877 -0.66051 e
