15.03956 51.77105 -0.03632 0.93796 -0.34483 e
18.86653 29.06358 0.44789 -0.48400 -0.75176 e
19.02550 63.10465 -0.87366 -0.10510 -0.47506 e
19.32156 43.70245 -0.64553 -0.24587 -0.72308 e
19.38381 74.20016 -0.44027 -0.89280 0.09522 e
19.44004 54.48836 0.22812 0.57455 -0.78604 e
19.49929 58.96670 -0.34210 -0.92790 -0.14819 e
20.00755 55.17189 0.66035 0.33344 -0.67287 e
20.09961 81.92540 0.64358 -0.44607 -0.62196 e
20.25637 76.07522 -0.86431 0.16423 -0.47540 e
20.45074 59.29075 -0.65591 0.00220 -0.75484 e
20.57833 79.56157 -0.83249 -0.12058 0.54077 e
20.88262 64.55544 0.56000 0.62225 -0.54700 e
20.98370 68.76486 0.14447 -0.85721 -0.49429 e
21.08198 84.32442 0.91131 -0.10186 -0.39891 e
21.15626 77.27966 -0.67567 -0.54312 -0.49848 e
21.49256 52.97737 -0.73216 -0.36258 -0.57661 e
21.57875 22.67283 -0.56416 -0.29318 -0.77186 e
21.63335 60.48556 0.07904 -0.99552 -0.05181 e
21.66459 77.34743 0.94368 -0.22144 0.24582 e
22.10525 73.26786 -0.44692 -0.32812 -0.83222 e
22.41453 81.64239 -0.41751 -0.20085 -0.88620 e
22.52295 62.62644 0.79559 -0.57496 -0.19094 e
22.61533 70.27300 0.50114 -0.86465 -0.03526 e
22.65184 75.20794 -0.94293 0.25287 -0.21666 e
22.87337 81.04320 -0.83410 -0.24449 0.49447 e
22.90664 70.08590 0.77303 -0.57334 -0.27148 e
23.23430 74.60796 0.71099 0.61869 -0.33425 e
23.85347 75.98601 -0.94948 0.30267 0.08296 e
24.15374 49.77299 0.42413 -0.78693 -0.44816 e
24.27449 74.76103 0.47620 0.69624 0.53711 e
24.58552 29.03332 -0.70959 -0.68936 -0.14579 e
24.77616 74.85003 0.71485 -0.42458 0.55562 e
24.97777 66.26110 -0.04900 -0.35829 -0.93232 e
25.03281 80.64891 -0.18649 0.95773 0.21905 e
25.13831 80.43804 -0.60660 -0.69148 -0.39229 e
25.22450 78.03294 0.46876 -0.05310 -0.88173 e
25.25725 46.38502 -0.96108 -0.25964 0.09438 e
25.28755 63.38210 -0.42458 0.23187 -0.87520 e
25.30509 77.60557 -0.12596 -0.73520 -0.66605 e
25.53924 45.34548 -0.80436 0.40621 -0.43358 e
25.55362 71.29131 0.09395 0.97596 0.19665 e
25.62222 63.48148 0.29952 0.02573 -0.95374 e
25.68001 84.71338 0.31064 -0.01425 -0.95042 e
25.75833 79.61335 0.50893 0.73096 -0.45462 e
26.01989 35.89538 -0.56531 0.76233 -0.31509 e
26.13654 65.30481 0.27812 -0.92332 -0.26483 e
26.15266 49.16417 -0.20647 -0.90809 -0.36435 e
26.44041 65.70388 0.48842 -0.71475 -0.50058 e
26.47401 84.86564 0.37339 0.90762 0.19184 e
26.53721 61.94686 0.65571 -0.64400 -0.39409 e
26.58896 72.05573 -0.97879 0.16455 -0.12207 e
26.64850 43.23019 -0.44663 -0.86050 -0.24508 e
27.23031 69.57469 0.63313 -0.76958 -0.08297 e
27.53476 77.34026 -0.42163 -0.25998 -0.86870 e
27.53826 69.00189 0.36724 -0.87388 -0.31853 e
27.58388 61.31145 -0.49704 -0.64403 0.58153 e
27.64347 84.92321 0.47872 -0.33220 -0.81270 e
27.81492 68.02858 0.57575 0.66605 -0.47422 e
28.01536 79.21486 0.64936 -0.07197 -0.75707 e
28.21818 70.65507 0.38838 0.87950 -0.27503 e
28.31116 63.06521 0.35220 0.87342 -0.33630 e
28.31938 44.00599 -0.23779 -0.97073 -0.03389 e
28.39744 62.27378 0.92476 -0.30105 0.23280 e
28.77564 72.34905 -0.25101 -0.31491 -0.91533 e
29.02572 84.86346 0.21828 0.96450 0.14864 e
29.34741 72.00308 0.70341 0.29592 -0.64626 e
29.59011 56.70053 0.75956 -0.08314 -0.64511 e
29.60136 50.70273 -0.50318 -0.50353 -0.70233 e
29.66459 33.22940 -0.64416 0.62830 0.43623 e
30.32142 59.88897 -0.10841 0.92535 -0.36328 e
30.39489 73.60893 0.69594 0.57757 -0.42670 e
30.68460 68.21832 -0.54779 0.81051 -0.20735 e
30.94930 84.79495 0.82038 -0.20275 -0.53467 e
31.02034 40.00240 0.36961 0.64511 -0.66874 e
31.03023 9.93566 -0.09274 0.49761 -0.86243 e
31.09551 63.99977 -0.04101 -0.90330 -0.42705 e
31.11160 47.01751 0.49871 -0.03275 -0.86615 e
31.41473 74.29540 0.77846 -0.26128 -0.57072 e
31.45796 66.68886 -0.32739 0.88396 -0.33381 e
31.61697 50.75394 0.70868 -0.68360 -0.17454 e
31.67528 22.84375 0.32750 0.94484 -0.00508 e
31.83883 44.44084 0.39404 -0.02593 -0.91873 e
31.87027 57.72677 -0.29827 0.92891 0.21946 e
32.40987 33.86751 0.15383 -0.83152 -0.53377 e
32.54190 55.46968 -0.62909 0.70889 -0.31894 e
32.70600 77.51995 -0.38032 0.31536 -0.86943 e
32.86093 38.97490 -0.87326 0.39060 -0.29127 e
32.86615 72.24941 0.92043 -0.12997 -0.36866 e
32.94421 40.66302 0.08805 0.32544 -0.94146 e
32.97314 33.90413 0.63352 0.48298 -0.60448 e
33.01510 47.62181 -0.62556 0.41487 -0.66073 e
33.24941 70.93111 -0.64264 0.59368 0.48430 e
33.27802 56.58500 0.98186 0.05587 0.18118 e
33.33259 41.82336 0.57809 0.27069 -0.76977 e
33.43678 40.53593 -0.50527 0.10800 -0.85618 e
33.60901 68.58047 0.12268 0.90598 -0.40516 e
33.81386 62.06705 -0.14635 0.48998 -0.85936 e
33.91603 34.76217 0.24018 0.88334 -0.40253 e
34.01692 28.15123 -0.14900 0.49991 -0.85316 e
34.05186 83.59604 0.62942 -0.77164 -0.09164 e
34.22475 74.62457 -0.09644 -0.79264 0.60201 e
34.29450 46.21278 -0.54601 0.70920 -0.44599 e
34.43852 45.26547 -0.60609 0.63739 -0.47580 e
34.51032 39.18217 0.50392 0.71441 -0.48547 e
34.55375 84.76758 0.18533 -0.78878 -0.58607 e
34.55751 34.52734 -0.00906 -0.97280 0.23145 e
34.67718 48.51020 0.98917 -0.14590 0.01630 e
34.95750 76.82709 0.47276 0.65963 0.58428 e
35.02855 35.57115 0.20251 0.80584 -0.55643 e
35.03920 73.44481 -0.95399 0.29702 0.04107 e
35.15210 65.31503 0.99461 -0.03570 0.09731 e
35.29044 60.97067 -0.62859 -0.09041 0.77246 e
35.29109 76.66987 0.73983 -0.24117 -0.62808 e
35.72941 71.54163 0.71579 -0.59914 -0.35872 e
36.18050 34.14733 -0.35973 0.93300 -0.01007 e
36.58855 78.43482 -0.01228 0.20473 -0.97874 e
36.60692 32.53935 -0.06490 0.99662 -0.05032 e
36.66891 56.49679 0.79421 0.29019 0.53387 e
36.73057 84.72834 0.45896 0.68679 0.56362 e
36.75172 56.35882 -0.85213 0.50830 -0.12449 e
36.80467 61.56439 0.98583 0.12679 0.10980 e
36.81571 84.99549 0.92097 -0.13579 0.36521 e
37.09656 52.93749 -0.43091 0.37444 0.82105 e
37.19194 80.05861 -0.80912 -0.39127 -0.43844 e
37.23577 76.04842 -0.56064 0.63622 -0.53002 e
37.25905 77.33399 0.50613 -0.65377 -0.56252 e
37.41683 30.95867 0.01842 -0.92675 0.37523 e
37.47745 65.20239 -0.68680 0.53718 -0.48964 e
37.71005 59.89014 0.11855 0.23314 -0.96519 e
37.73011 54.22207 0.61283 0.64207 -0.46065 e
37.74097 72.61355 0.73614 0.46737 -0.48955 e
37.76938 73.93536 -0.37180 0.42717 -0.82419 e
37.79190 57.31696 -0.51696 0.25572 -0.81692 e
37.81668 49.21095 0.76923 -0.62033 0.15322 e
37.84154 63.61449 0.62931 -0.75249 -0.19422 e
37.84788 81.83184 0.37427 0.91338 -0.16017 e
38.00427 73.33705 0.25878 0.39791 -0.88017 e
38.11501 55.78392 -0.88425 -0.21577 0.41417 e
38.34367 52.36127 -0.72133 0.32902 -0.60944 e
38.64509 68.63630 -0.97047 -0.24061 -0.01734 e
38.74132 54.74748 -0.22921 -0.18707 -0.95523 e
38.87401 74.89907 -0.09679 -0.96576 -0.24072 e
38.91133 74.26136 -0.67744 -0.25376 -0.69042 e
38.99525 71.75507 -0.27466 0.73797 -0.61641 e
39.08949 21.46909 0.99059 -0.12036 0.06512 e
39.10473 65.65772 -0.57389 0.05461 -0.81711 e
39.24106 67.79112 0.25859 0.22459 -0.93952 e
39.38691 51.60983 -0.75531 0.02728 0.65479 e
39.48155 39.39632 0.00179 0.55751 -0.83017 e
39.49768 32.07381 0.15714 -0.68311 -0.71321 e
39.50032 75.16396 0.15067 -0.36862 -0.91729 e
39.50085 79.72310 -0.57031 -0.79806 -0.19455 e
39.56921 28.57997 -0.12768 0.99179 -0.00682 e
39.62449 42.96703 0.09887 0.04059 -0.99427 e
39.92535 64.38482 -0.42009 0.70295 0.57392 e
39.97196 82.77559 -0.61096 0.10151 -0.78513 e
40.07476 55.45075 -0.95293 0.29828 -0.05435 e
40.11428 37.74385 0.21131 -0.59355 -0.77656 e
40.16736 38.84768 0.14038 0.44877 -0.88255 e
40.17415 45.13264 -0.99037 0.12091 0.06748 e
40.20140 60.24865 0.86916 0.49136 -0.05586 e
40.23812 61.38956 0.01244 0.99558 -0.09306 e
40.28196 36.24879 -0.31814 0.39742 -0.86072 e
40.28442 20.83884 0.34781 0.37832 0.85785 e
40.36261 63.60219 -0.71763 -0.52980 -0.45201 e
40.69188 20.23266 -0.19763 0.57868 0.79125 e
40.72471 62.94194 -0.56945 -0.43346 -0.69846 e
40.74355 82.06582 -0.11448 0.86020 -0.49695 e
40.83837 10.90855 0.32210 -0.53607 0.78031 e
41.04538 21.98990 0.36862 -0.78648 -0.49554 e
41.12040 82.22758 -0.21547 -0.26091 -0.94101 e
41.18480 40.35330 0.82614 -0.25597 -0.50197 e
41.32354 33.03334 0.53921 -0.73735 0.40689 e
41.39284 78.33490 -0.69049 -0.63596 -0.34464 e
41.40282 84.69073 0.44916 0.83873 -0.30787 e
41.65520 81.76263 0.39221 0.78734 -0.47567 e
41.70472 31.48247 0.32234 -0.86076 -0.39394 e
41.74817 73.04863 -0.00685 -0.45550 0.89021 e
41.78336 35.15505 -0.29665 -0.90181 -0.31422 e
41.83250 68.51926 -0.00693 -0.09285 -0.99566 e
41.87429 62.32524 0.26267 -0.72407 -0.63775 e
41.97141 70.13315 -0.16384 0.23470 -0.95816 e
41.99375 71.63427 0.54388 -0.14781 -0.82604 e
42.07730 84.57680 0.09335 0.80684 -0.58335 e
42.07957 38.71805 0.06748 0.48708 -0.87075 e
42.22040 39.90930 0.54352 0.07187 -0.83631 e
42.30357 45.19102 -0.35605 -0.86740 -0.34762 e
42.56592 63.34230 -0.26661 -0.90757 -0.32440 e
42.60360 44.17133 -0.86892 0.14449 -0.47340 e
42.63769 57.83349 0.11289 -0.13941 -0.98378 e
42.84883 34.87097 -0.75225 0.01670 -0.65866 e
42.85384 43.80981 0.88245 -0.46999 0.01972 e
42.95783 49.45221 -0.67036 -0.43909 -0.59818 e
42.99259 47.75695 0.75896 0.42670 -0.49184 e
43.15089 69.38072 0.00126 0.45650 0.88972 e
43.26143 59.55379 -0.93425 -0.35244 0.05446 e
43.30270 53.67705 0.77975 -0.23919 0.57860 e
43.55213 66.80382 0.67621 0.70740 0.20573 e
43.55674 71.93482 0.95283 -0.27768 0.12250 e
43.82241 72.67847 0.35097 0.81243 -0.46559 e
43.83168 52.91515 -0.94584 -0.11644 -0.30304 e
43.88298 27.65124 0.78473 -0.08975 -0.61331 e
43.92256 38.74083 -0.24641 0.74751 -0.61686 e
43.93410 55.62722 -0.49627 -0.79663 0.34510 e
43.99984 63.68801 -0.00954 -0.99632 0.08522 e
44.03396 78.64431 0.05414 -0.70308 -0.70905 e
44.21851 12.47239 -0.56226 -0.17555 -0.80811 e
44.33096 47.39969 0.68042 -0.46480 -0.56655 e
44.63825 36.37943 0.34404 0.11372 -0.93204 e
44.75497 82.47085 -0.88369 0.04904 -0.46551 e
44.85152 25.86684 -0.99022 0.08157 -0.11321 e
44.89355 36.88094 0.22323 -0.33422 -0.91568 e
44.90292 61.41627 0.91117 -0.40127 -0.09351 e
44.98944 36.22104 0.47322 0.87888 0.06024 e
45.04820 84.74305 0.86626 0.41250 -0.28184 e
45.29705 64.54557 -0.36022 -0.67790 -0.64085 e
45.49728 71.72911 -0.56793 0.70197 -0.42976 e
45.57702 84.01551 0.03298 0.84681 -0.53087 e
45.58056 49.31669 -0.25184 0.14464 -0.95690 e
45.63529 72.60238 0.71246 -0.65747 -0.24522 e
45.67537 28.80527 0.86575 -0.43674 -0.24441 e
45.86990 40.54588 -0.43952 0.66895 -0.59944 e
45.96094 79.77803 0.60062 0.35291 -0.71744 e
46.09922 45.05935 0.61760 0.64722 0.44685 e
46.21882 60.41017 0.24306 -0.96949 0.03195 e
46.28771 55.81072 0.17587 0.08241 -0.98096 e
46.44843 55.22300 0.98611 0.16175 -0.03767 e
46.51361 35.93935 -0.76153 -0.45229 -0.46424 e
46.59801 60.02480 -0.88201 -0.47113 -0.00940 e
46.86987 51.43841 -0.28430 0.60634 -0.74265 e
46.89983 45.80973 0.61207 -0.66509 -0.42781 e
47.00304 43.46509 -0.97833 -0.18991 -0.08254 e
47.01748 78.41269 -0.04805 0.87726 -0.47760 e
47.39725 82.93313 0.18522 -0.05284 -0.98128 e
47.45388 64.31201 -0.63142 0.50218 -0.59086 e
47.47278 27.82286 0.14665 0.97015 0.19316 e
47.49042 75.86766 -0.40540 0.67123 -0.62057 e
47.70595 42.24680 0.38354 0.33145 -0.86199 e
47.70710 34.25589 -0.30428 0.38264 -0.87236 e
47.85451 56.42927 -0.24470 -0.38408 -0.89028 e
47.97714 40.21887 0.52393 0.83809 -0.15200 e
48.06477 44.67510 0.93222 0.34304 -0.11525 e
48.10136 82.38130 0.37699 0.84898 -0.37028 e
48.47998 38.51281 0.43570 0.89705 -0.07391 e
48.50775 70.77065 -0.63592 0.59518 0.49129 e
48.51131 76.37031 0.07754 0.84239 0.53326 e
48.65175 30.92381 0.40915 0.71951 -0.56116 e
48.67747 30.94370 -0.20808 0.26399 -0.94181 e
48.87936 72.96717 -0.99406 -0.10815 0.01218 e
48.88632 51.84919 0.53000 0.53937 -0.65436 e
49.23601 78.56619 -0.23406 0.96319 -0.13223 e
49.25205 60.73375 0.71419 0.13533 -0.68675 e
49.38074 47.36010 0.01593 0.73915 -0.67335 e
49.47887 63.10565 0.66511 0.24294 -0.70612 e
49.61672 82.21637 -0.20168 -0.87281 -0.44444 e
50.25295 35.23874 0.69603 0.36928 0.61577 e
50.52239 22.31136 0.45668 0.88936 0.02214 e
50.54599 23.13216 -0.67919 -0.52099 0.51698 e
50.93653 60.24964 -0.22223 0.94982 -0.22013 e
50.99431 40.61498 -0.85413 -0.19840 -0.48072 e
51.01799 69.06139 -0.77246 0.63086 0.07293 e
51.12169 31.49288 -0.18097 -0.87800 -0.44314 e
51.39497 84.75081 0.64338 -0.62395 0.44356 e
51.44918 79.38724 -0.88795 -0.37906 -0.26050 e
51.61020 55.43502 0.09642 -0.72973 -0.67690 e
51.76979 76.12137 0.57819 0.25499 0.77503 e
51.77309 53.93196 0.07006 0.17167 -0.98266 e
51.84450 50.34634 -0.77754 0.18393 -0.60134 e
51.84700 80.91840 -0.19271 -0.38035 -0.90454 e
51.99388 80.22562 -0.44223 0.52603 -0.72645 e
52.06189 64.71275 0.57167 -0.15453 -0.80580 e
52.09950 64.86771 -0.24732 -0.42007 -0.87314 e
52.37473 64.93812 -0.19184 0.48421 -0.85366 e
52.76413 51.60102 0.59019 0.73936 0.32408 e
52.76631 66.09500 -0.67629 -0.22468 -0.70154 e
53.50079 68.65767 0.99952 0.02035 0.02350 e
53.53911 43.43278 0.96223 -0.06963 -0.26317 e
53.54135 72.89276 0.61756 -0.71541 -0.32682 e
53.57221 61.03506 -0.48086 -0.31275 -0.81912 e
53.74529 43.54462 0.77139 -0.20746 0.60160 e
53.82944 54.14395 -0.99690 0.06108 -0.04953 e
53.89436 79.43544 0.98473 0.13934 0.10435 e
53.95185 67.81129 -0.41008 -0.79989 -0.43819 e
54.04628 32.13273 -0.10060 -0.96805 -0.22971 e
54.10279 55.57383 0.04667 -0.94716 -0.31735 e
54.32554 44.42144 -0.23664 0.67697 -0.69693 e
54.36593 41.76777 -0.58218 0.62122 -0.52455 e
54.69919 45.84072 0.34396 0.25636 -0.90331 e
54.75820 75.16578 0.62791 -0.73543 -0.25470 e
54.80959 68.25603 0.78260 0.61651 0.08630 e
54.89489 82.79578 -0.34968 0.85294 -0.38758 e
55.08164 67.88017 -0.85783 0.28326 -0.42883 e
55.27860 82.06258 0.81701 -0.16678 0.55198 e
55.38404 80.17290 -0.37236 0.32541 -0.86917 e
55.57960 45.14270 0.87427 -0.34462 -0.34189 e
55.61421 57.76069 0.55319 0.56447 -0.61266 e
55.70691 71.87769 0.63446 0.36394 -0.68191 e
56.17519 41.60388 -0.35966 0.85877 -0.36492 e
56.34097 42.36812 -0.35081 0.90762 0.23058 e
56.35735 71.61860 0.40078 0.82374 -0.40104 e
56.84696 36.61086 -0.16139 0.63337 -0.75683 e
57.20056 72.42917 0.75196 0.62797 -0.20051 e
57.56292 78.81050 0.00035 0.44522 -0.89542 e
57.65848 61.33817 0.68821 0.38675 0.61384 e
58.20225 71.39572 0.37326 0.90516 0.20337 e
58.22747 38.00617 -0.45953 0.57884 -0.67363 e
58.37774 20.68255 0.15112 -0.77338 -0.61567 e
58.40015 47.34847 -0.64631 -0.26671 -0.71495 e
58.58924 44.55803 0.74129 -0.62285 0.25007 e
58.90666 72.97562 -0.72992 -0.63558 -0.25150 e
58.92921 66.23846 -0.82182 0.25093 -0.51152 e
59.05844 25.27711 -0.60225 0.08417 -0.79386 e
59.37852 82.62972 -0.94836 -0.29377 0.11962 e
59.89893 74.73897 0.84331 -0.43557 0.31480 e
59.90227 59.32650 -0.30147 -0.20458 -0.93127 e
60.00543 68.50670 0.85289 -0.51754 -0.06883 e
60.15656 83.67199 0.63854 0.33981 -0.69050 e
60.42401 49.17184 0.14431 -0.97324 0.17884 e
60.68108 54.37240 -0.18984 0.96013 -0.20521 e
60.85911 37.46428 0.91465 0.34786 0.20593 e
61.50092 75.37982 -0.26599 -0.57299 -0.77520 e
61.79041 42.95290 -0.74633 0.06769 -0.66212 e
61.86766 36.70075 -0.82141 -0.55819 -0.11704 e
61.94806 51.26863 -0.56500 0.67507 -0.47440 e
62.09205 58.70926 0.86666 -0.16057 -0.47235 e
62.19196 64.50338 -0.01209 -0.13990 -0.99009 e
62.30919 73.89742 -0.76023 0.62875 -0.16350 e
62.33862 70.24104 -0.94410 -0.12224 -0.30616 e
62.73228 72.09314 -0.28259 0.94137 -0.18427 e
62.79750 76.92679 -0.46479 -0.86251 -0.20010 e
62.92093 71.37671 0.62681 0.77887 -0.02161 e
62.94055 50.96773 0.50644 0.11491 -0.85458 e
63.16922 43.98955 0.14364 -0.75821 -0.63599 e
63.55837 51.46537 -0.06833 0.18928 -0.97954 e
63.77357 78.45516 -0.05107 0.90596 -0.42027 e
63.82803 71.80041 0.26178 -0.38952 -0.88303 e
63.98746 28.08585 -0.52751 0.29943 0.79503 e
64.79866 25.20585 -0.95094 -0.29822 0.08233 e
65.25334 54.32123 -0.73848 0.23416 -0.63231 e
65.81938 55.17149 -0.75323 -0.64981 -0.10200 e
66.68128 68.73976 0.29976 0.63672 0.71045 e
67.11796 39.95901 -0.32520 -0.74996 -0.57603 e
67.12361 70.66119 -0.04065 -0.27777 -0.95979 e
67.13407 48.58748 0.64431 0.71783 0.26380 e
67.22132 73.01857 -0.14305 -0.95739 -0.25087 e
67.65476 38.42281 -0.95887 -0.22211 0.17673 e
67.69445 70.00016 -0.65119 -0.73415 -0.19228 e
67.93984 53.36134 0.60890 0.76896 0.19480 e
68.14888 51.85550 0.98385 -0.14860 -0.09980 e
68.58751 24.44537 -0.11447 0.77266 -0.62442 e
68.60925 81.67317 -0.92997 0.03655 -0.36582 e
68.81330 84.14144 0.05150 0.83822 -0.54290 e
68.90054 27.67826 -0.19169 -0.29795 -0.93514 e
68.99335 44.91638 0.15630 -0.98756 -0.01744 e
69.02163 45.81195 -0.62549 -0.75872 -0.18196 e
69.03542 35.72664 -0.54185 -0.04861 -0.83907 e
69.14428 82.12508 -0.24875 0.81466 0.52388 e
69.77246 50.69297 0.73485 -0.63798 -0.23016 e
69.86638 42.65550 0.94994 0.12091 -0.28808 e
70.07653 54.04058 0.19921 -0.60238 -0.77295 e
70.22447 69.10370 0.30140 -0.63737 -0.70916 e
70.37734 41.35198 0.78151 0.38940 0.48746 e
70.38812 38.52803 0.58704 0.78403 0.20170 e
70.46857 46.11789 0.43079 0.40768 -0.80512 e
70.96143 78.84079 0.33493 0.27465 -0.90133 e
71.09233 62.97682 0.41422 0.85329 -0.31674 e
71.51094 76.79087 -0.36264 -0.85978 -0.35955 e
71.56141 69.81592 -0.18283 0.05010 -0.98187 e
71.73656 67.07611 -0.04017 0.02437 -0.99890 e
71.81806 33.62752 0.28953 -0.60141 0.74464 e
71.89801 67.04988 0.44690 -0.13114 -0.88492 e
71.91417 38.70461 -0.27896 0.84422 -0.45767 e
72.09172 74.04027 0.03567 -0.29803 -0.95389 e
72.26507 75.36740 0.08205 -0.48050 -0.87315 e
72.27103 50.31899 0.79940 -0.58805 -0.12309 e
72.49836 21.10422 -0.10309 0.39779 -0.91167 e
72.53090 55.39539 -0.01216 0.96661 0.25598 e
72.57937 53.74289 0.71053 0.69943 -0.07713 e
72.63203 65.51741 0.44442 -0.73756 -0.50842 e
72.83302 72.97914 0.12557 0.99077 -0.05098 e
72.96095 20.13445 -0.78323 -0.51324 -0.35090 e
73.09261 55.46369 -0.81335 -0.50845 0.28273 e
73.09392 68.26209 0.17813 0.80456 0.56653 e
73.13277 25.33255 -0.13220 -0.30414 -0.94341 e
73.47402 82.83702 -0.62755 0.30467 -0.71649 e
73.84936 34.87035 -0.26482 -0.95230 0.15162 e
73.89504 48.84369 0.99968 0.00901 0.02384 e
74.11127 70.35100 0.32048 0.86164 -0.39353 e
74.53668 53.37144 -0.40271 0.84359 -0.35523 e
74.83074 45.17322 0.25112 0.45075 -0.85660 e
74.84696 36.92140 0.83253 -0.54508 -0.09892 e
74.96256 78.07236 0.09098 0.99564 0.02051 e
75.18172 75.15735 0.10618 0.64354 0.75801 e
75.18743 77.03328 0.75313 -0.56592 -0.33546 e
75.24818 51.57597 0.55892 -0.30037 -0.77291 e
75.36214 38.12407 0.04055 0.98361 -0.17568 e
75.37581 81.67025 -0.23928 -0.96897 0.06199 e
75.52011 76.81767 -0.93135 0.24268 0.27145 e
76.08728 62.51689 0.05631 0.58106 -0.81191 e
76.10206 57.25604 0.26841 -0.14042 -0.95302 e
76.35290 55.62671 -0.97822 0.00654 -0.20746 e
76.49838 24.68908 -0.95165 0.03382 -0.30531 e
76.63467 45.48064 0.74181 -0.48291 0.46531 e
76.86079 72.56971 0.10461 -0.81096 -0.57567 e
77.03244 31.32959 -0.05982 -0.98630 -0.15372 e
77.15226 81.17930 -0.67914 -0.68528 -0.26299 e
77.39623 40.70855 -0.78640 0.23151 -0.57270 e
77.50054 49.68786 0.65052 -0.48158 -0.58729 e
77.52989 77.67869 0.85522 0.50111 -0.13227 e
77.64955 81.79692 -0.89390 -0.41771 -0.16266 e
77.87837 33.17120 -0.40092 -0.38408 -0.83172 e
77.98326 30.18212 0.91754 -0.05359 -0.39402 e
78.01773 30.90888 -0.07717 -0.67966 -0.72945 e
78.32810 44.98274 -0.87131 -0.48664 -0.06322 e
78.32999 21.73762 -0.64522 -0.53039 -0.54990 e
78.33271 59.28977 -0.50267 -0.26465 -0.82297 e
78.59664 27.20606 0.55307 0.76328 0.33394 e
78.80481 53.90271 0.10841 -0.98775 -0.11221 e
78.93325 42.01074 -0.58050 0.81359 -0.03298 e
78.95672 77.12442 0.75913 0.60752 -0.23378 e
78.99530 68.83995 -0.86005 0.26063 -0.43863 e
79.48244 66.31468 0.34086 0.82624 -0.44850 e
80.03893 58.25545 0.24844 0.61212 0.75072 e
80.27677 60.34758 0.38242 -0.66611 -0.64036 e
80.40532 62.87863 -0.42827 0.90123 0.06607 e
80.67229 22.91929 -0.41428 0.89244 -0.17869 e
80.98053 43.81021 0.36828 0.91389 -0.17079 e
81.20069 23.11407 0.88888 -0.14335 -0.43513 e
81.50529 64.41580 -0.06968 0.76902 -0.63541 e
81.51652 70.07052 0.53694 -0.23482 -0.81028 e
81.93538 79.39434 -0.59691 0.47360 -0.64761 e
81.95994 74.99219 -0.53264 0.41015 -0.74032 e
82.15150 78.16269 -0.27045 0.48918 -0.82919 e
82.67381 49.13084 -0.90004 0.12257 -0.41822 e
82.82900 70.77222 0.62359 0.78111 -0.03155 e
82.84218 29.39900 0.88725 -0.22941 0.40021 e
83.11705 20.98613 0.42125 -0.87648 -0.23309 e
83.88338 56.30257 0.28598 0.94244 -0.17329 e
83.98372 54.76630 0.62186 -0.41667 -0.66308 e
84.97531 22.70136 0.12369 0.55677 -0.82140 e
84.99115 64.95421 0.20247 -0.97908 0.02005 e
85.52082 72.36310 0.09065 -0.20922 -0.97366 e
85.72595 49.86334 0.65806 -0.34014 0.67176 e
85.78426 79.04673 0.23886 -0.68067 -0.69256 e
85.93528 55.11086 -0.95562 -0.28315 -0.08135 e
86.16722 30.82056 -0.44989 0.08102 -0.88940 e
86.17767 59.49678 0.55418 0.39673 -0.73177 e
86.26614 57.80739 0.57384 0.30836 -0.75870 e
86.30323 34.35693 -0.44775 0.86609 0.22230 e
86.72014 31.44865 0.49352 0.86951 0.01961 e
86.80372 43.90648 -0.11394 -0.47498 -0.87259 e
86.99109 30.84638 0.98003 0.02032 -0.19779 e
87.08437 61.10502 0.40171 0.78543 -0.47088 e
87.14276 37.28471 -0.35648 -0.88879 -0.28806 e
87.44808 46.08610 -0.14702 0.06550 -0.98696 e
87.84402 36.57389 -0.03355 -0.92661 -0.37452 e
87.90436 50.83951 -0.91573 0.28361 -0.28462 e
87.95270 75.90179 0.65961 -0.16622 -0.73300 e
87.95895 71.80621 -0.04307 -0.82004 -0.57068 e
88.13027 64.90944 -0.37813 -0.44264 -0.81307 e
88.25493 67.96178 0.20716 0.55876 -0.80304 e
88.73139 39.62192 -0.30021 -0.54225 -0.78476 e
88.88186 13.18506 -0.59082 -0.34016 -0.73159 e
88.99857 82.53100 0.68851 -0.42852 0.58508 e
89.04226 55.52043 0.16883 0.96975 -0.17629 e
89.15742 37.55930 -0.56845 0.32710 -0.75490 e
89.56974 75.32957 -0.79462 -0.06600 -0.60351 e
89.62443 67.62488 0.19575 -0.01053 0.98060 e
90.23454 70.76009 -0.06716 -0.73304 -0.67686 e
90.25640 52.37725 -0.19589 0.97958 0.04530 e
90.44577 72.80285 0.42784 0.50648 0.74862 e
90.88516 53.82979 -0.73448 0.33751 0.58874 e
91.04231 23.19566 0.14566 -0.86313 0.48353 e
91.25878 39.38716 0.69825 0.24254 -0.67351 e
91.66871 34.90126 0.01796 0.13051 -0.99128 e
92.17644 42.71421 -0.13006 0.83962 0.52737 e
92.53604 24.81887 -0.42312 0.34850 -0.83637 e
93.00403 41.30012 0.62617 -0.76775 -0.13588 e
93.01737 33.35676 -0.53964 -0.15255 0.82796 e
93.08698 64.23041 -0.05461 -0.21347 -0.97542 e
93.24613 44.75565 -0.18049 0.78273 -0.59562 e
94.08089 57.19167 -0.59275 0.77893 0.20472 e
94.26560 33.92131 -0.15985 0.58972 -0.79163 e
94.38910 39.77754 0.97649 -0.16816 -0.13485 e
94.46461 61.65594 0.90116 -0.31198 -0.30094 e
94.49249 46.98563 -0.52520 -0.74758 -0.40657 e
94.59968 63.76201 0.56256 0.37299 -0.73784 e
94.61675 44.35729 0.89602 -0.43521 0.08798 e
94.69438 49.83489 0.27109 -0.26341 -0.92581 e
94.71634 72.46543 -0.19069 0.16103 -0.96835 e
95.16360 70.01978 0.38711 -0.52698 0.75659 e
95.47337 50.97178 -0.83523 -0.07620 -0.54460 e
97.80985 75.88673 -0.90680 -0.39987 0.13353 e
98.00627 47.72002 0.06009 0.95557 -0.28856 e
98.27752 80.44193 -0.51213 0.63285 0.58071 e
98.30340 60.12416 0.11098 0.90191 0.41742 e
98.48702 71.76470 -0.30719 -0.73507 -0.60441 e
98.49364 32.35583 -0.48806 -0.82671 0.27992 e
99.19464 47.12239 -0.39541 -0.81911 -0.41558 e
99.32237 64.19640 -0.53427 -0.59189 -0.60350 e
99.40415 28.76420 0.76034 -0.41618 -0.49867 e
99.53085 32.93735 -0.17685 -0.90815 -0.37946 e
99.79365 54.71846 -0.62418 -0.76471 -0.16004 e
99.89791 13.30838 -0.84955 0.35951 -0.38602 e
100.87587 68.78557 -0.60068 0.21811 -0.76916 e
101.56286 54.85767 -0.50384 0.57444 -0.64510 e
101.56800 53.41193 0.75328 -0.15185 -0.63993 e
102.11614 50.04598 -0.86190 -0.30900 0.40205 e
102.52345 47.84641 0.68677 0.65764 -0.30960 e
103.04551 70.02781 0.28289 -0.70672 -0.64848 e
103.19685 35.01863 0.59996 -0.35695 -0.71598 e
103.40743 64.69788 -0.94658 -0.30109 -0.11542 e
104.34901 30.10729 0.73383 -0.67839 0.03580 e
104.46362 44.23047 -0.39224 -0.72269 0.56909 e
104.59036 73.31517 -0.36014 -0.14035 -0.92228 e
104.83343 34.93742 -0.87449 0.45911 0.15649 e
105.71393 70.58068 0.43929 0.75202 -0.49142 e
105.89025 78.31429 0.47127 0.11713 -0.87418 e
106.00906 65.32561 -0.25550 0.01278 -0.96673 e
106.06712 66.50573 0.86632 -0.36741 -0.33837 e
106.37667 63.35095 0.21784 0.94544 -0.24227 e
106.56807 18.68636 -0.82193 -0.46643 -0.32691 e
107.07375 83.20987 -0.98042 -0.11948 0.15652 e
107.24865 72.96792 -0.15131 -0.35045 0.92428 e
107.26188 61.20813 0.85675 -0.23369 0.45975 e
107.39207 58.12589 -0.31573 -0.87667 -0.36300 e
107.63621 68.59917 -0.80021 -0.48418 -0.35388 e
108.00378 44.34411 0.26838 -0.79714 -0.54087 e
108.04222 82.09287 -0.19641 -0.80824 0.55513 e
108.18033 46.15644 0.23662 -0.71027 -0.66297 e
108.48692 77.80335 -0.15801 -0.64207 -0.75019 e
108.57737 21.76188 0.67601 0.70054 -0.22860 e
109.00868 77.26549 -0.04371 -0.95544 0.29192 e
109.03066 78.06283 -0.55940 -0.41827 -0.71563 e
109.10832 39.53676 -0.04376 -0.98217 -0.18283 e
109.67352 66.70620 0.23014 0.41189 -0.88170 e
109.78500 21.84831 0.69372 0.71893 -0.04355 e
110.22440 60.88330 -0.61571 -0.69207 -0.37674 e
111.42672 74.58795 0.43342 0.27363 -0.85865 e
111.46108 64.53388 -0.75195 0.04078 -0.65795 e
111.46645 75.07267 -0.86524 -0.49838 -0.05457 e
111.48271 30.68307 -0.27934 -0.72809 -0.62598 e
112.42162 47.86731 -0.60978 0.18993 -0.76948 e
112.65471 83.62062 -0.61217 0.57799 -0.53961 e
113.42180 67.06510 0.80175 -0.54224 -0.25135 e
113.95258 31.62785 0.92319 -0.37955 -0.06056 e
114.13818 54.35373 -0.23405 -0.51176 -0.82663 e
114.25747 50.82867 0.11431 -0.95994 -0.25583 e
114.25898 66.10511 -0.54494 0.73040 -0.41177 e
114.28469 24.22676 0.55955 -0.82878 -0.00540 e
114.60307 40.06169 0.58772 0.80771 -0.04669 e
115.03968 19.32635 0.53141 0.22609 0.81639 e
115.07723 28.40301 -0.54723 0.82986 -0.10891 e
115.16986 19.44332 0.64176 0.35898 0.67770 e
115.30126 43.09558 0.04645 0.04156 -0.99806 e
115.32367 51.28838 0.21748 -0.95952 0.17894 e
115.38262 81.67424 -0.53802 -0.73879 -0.40586 e
115.40015 35.59043 -0.70281 -0.12437 -0.70042 e
115.67574 30.67581 -0.15096 0.70590 -0.69204 e
115.77964 69.35112 -0.21989 0.80651 -0.54880 e
116.04242 25.65281 0.15858 0.00799 -0.98731 e
116.19561 39.65318 -0.59765 -0.64854 -0.47139 e
116.22015 84.74052 0.49150 -0.77969 -0.38795 e
116.46120 47.80674 0.04708 -0.67230 -0.73878 e
116.66124 34.66016 0.48622 0.36086 -0.79584 e
117.31993 63.06202 0.40636 -0.55598 -0.72509 e
117.55235 65.25320 -0.24595 -0.58203 -0.77508 e
117.61359 59.73516 -0.12528 0.55142 -0.82477 e
117.80346 52.18460 0.39307 0.91914 -0.02595 e
117.84848 29.19183 -0.19832 -0.87638 0.43890 e
118.15354 32.55970 0.22954 -0.94027 0.25141 e
118.27600 18.33782 -0.11513 0.50529 -0.85523 e
118.78152 41.42922 0.30115 -0.64769 -0.69986 e
118.82154 77.84765 0.42717 -0.86681 -0.25724 e
118.85973 54.19090 -0.25722 0.93310 -0.25133 e
118.95757 73.17498 0.97194 -0.20620 -0.11322 e
119.24085 73.09787 0.21438 0.66223 -0.71798 e
119.41911 58.80955 0.94619 -0.32355 -0.00552 e
119.81235 69.74851 -0.56000 -0.37624 0.73814 e
120.13053 43.29096 0.23714 -0.54046 -0.80725 e
120.16410 42.55187 0.94623 -0.05497 0.31880 e
120.33603 67.73394 0.77039 0.41697 -0.48232 e
120.34161 79.89785 0.77603 -0.57368 -0.26206 e
120.58927 79.62829 -0.53331 0.70534 -0.46699 e
120.77731 44.13155 -0.53036 0.17783 -0.82891 e
121.28277 60.30377 -0.84563 -0.17757 -0.50337 e
122.00617 60.51050 0.71876 0.19347 -0.66780 e
122.29423 45.40077 0.42597 0.68743 0.58821 e
122.44723 72.12601 0.34149 -0.22378 -0.91286 e
122.78386 47.16984 0.19384 -0.94295 -0.27070 e
123.03858 29.87489 -0.37766 0.19109 -0.90601 e
123.74002 52.17782 0.91443 0.29412 -0.27803 e
124.15109 55.30308 0.15325 -0.95629 -0.24904 e
124.34106 30.24523 0.09733 -0.85077 -0.51644 e
124.56888 53.98648 0.68765 -0.14920 0.71055 e
125.07418 31.90423 0.68176 0.71668 0.14686 e
125.25875 77.64770 0.36114 0.92034 -0.15020 e
125.34262 63.36563 0.89461 -0.18390 -0.40726 e
125.43530 35.45812 -0.78293 -0.60135 -0.15940 e
125.65176 71.34046 0.08679 0.91462 -0.39489 e
125.77829 35.08873 -0.25636 -0.92646 -0.27559 e
126.98314 24.71919 0.04243 -0.98086 0.19005 e
127.38627 48.10992 0.42219 0.87167 0.24891 e
127.95629 39.06021 0.89797 -0.32169 0.30029 e
129.28915 24.44032 -0.64704 0.29990 0.70100 e
129.49640 80.49039 0.28462 0.10779 -0.95256 e
129.65002 78.10272 -0.22891 0.42008 -0.87814 e
129.73840 82.31661 0.37022 0.83108 0.41503 e
129.81134 46.85292 -0.70525 0.42922 -0.56427 e
130.29127 70.44980 -0.86126 -0.49471 -0.11614 e
130.32396 61.03942 0.91566 0.07134 -0.39558 e
130.54107 26.29650 -0.99676 0.01502 0.07897 e
130.57589 37.10483 0.74953 0.51124 -0.42052 e
130.63095 55.64715 0.22553 0.53021 -0.81732 e
130.74664 37.80922 -0.43366 -0.80207 -0.41063 e
130.86135 53.37539 0.48433 0.86287 -0.14446 e
131.83137 83.35855 0.90097 -0.01980 -0.43342 e
131.99000 77.44450 0.68646 0.41808 -0.59497 e
132.16834 58.22730 -0.55444 0.46457 0.69049 e
133.02995 44.00430 -0.85339 0.07852 -0.51532 e
133.38357 44.85935 0.72759 0.47738 -0.49266 e
133.45461 58.61696 0.53761 -0.82351 0.18111 e
134.43555 40.68880 -0.64611 -0.76287 0.02380 e
134.81323 28.22380 -0.65892 0.52425 -0.53943 e
135.01658 84.05995 0.03117 0.15056 -0.98811 e
135.02998 60.60461 0.87708 -0.07695 0.47413 e
135.30796 24.22348 -0.66160 -0.40129 -0.63344 e
135.75987 76.92904 0.65753 0.70244 -0.27246 e
136.14891 62.52431 0.34439 -0.39302 -0.85260 e
136.29134 76.93785 0.35137 0.11525 -0.92912 e
136.64876 15.47030 -0.32171 -0.26954 -0.90766 e
136.90056 83.54239 0.28144 0.67617 -0.68087 e
137.32827 54.39806 -0.36340 0.88823 0.28106 e
137.66614 72.30266 -0.99098 -0.13133 -0.02668 e
138.16501 83.88787 -0.92212 -0.34740 -0.17031 e
138.26488 43.13961 0.79857 -0.60002 -0.04764 e
138.30220 79.16473 -0.51002 -0.17364 -0.84246 e
138.49539 46.42634 0.08019 -0.60949 -0.78873 e
138.65945 49.12323 0.81243 -0.57660 0.08657 e
138.72445 30.02177 -0.56176 -0.71993 -0.40760 e
138.90962 55.03329 0.33043 0.18600 -0.92532 e
138.96336 47.69261 0.24020 0.56038 -0.79264 e
139.18369 44.63868 0.88029 -0.16399 0.44520 e
139.23175 27.45982 -0.78034 0.61053 0.13535 e
139.60774 43.52439 0.22317 -0.78600 -0.57654 e
139.65757 30.53663 -0.60241 0.17437 -0.77891 e
139.75843 57.36898 0.38318 -0.57759 0.72081 e
139.83749 56.65313 0.73061 -0.67059 0.12855 e
140.22637 54.70011 -0.08125 0.44102 -0.89381 e
141.13277 50.44869 -0.30588 -0.61720 -0.72491 e
141.26560 24.75939 0.01593 0.98682 0.16106 e
141.83569 36.85384 0.63378 -0.70108 -0.32682 e
141.84369 44.68677 -0.85059 -0.11393 -0.51333 e
142.48361 48.17612 -0.36989 0.29406 -0.88131 e
143.06994 84.86162 0.53151 0.69879 0.47874 e
143.54120 31.96331 -0.20473 -0.30033 -0.93160 e
144.24266 67.50599 -0.27375 -0.93609 0.22090 e
144.27534 50.35014 -0.53081 -0.21792 -0.81899 e
144.36152 62.83557 -0.99447 -0.03307 -0.09973 e
145.74834 61.87097 -0.88940 -0.42227 -0.17511 e
145.77093 21.68563 -0.35335 0.82863 -0.43418 e
146.13515 71.73602 0.29929 0.24532 -0.92209 e
146.53759 52.99954 0.29453 0.87209 0.39079 e
146.72890 58.44162 0.25876 0.24064 -0.93549 e
146.96660 45.19768 0.18740 0.85051 0.49145 e
147.05830 42.07121 -0.46430 0.88545 0.01983 e
147.36209 67.95448 -0.19437 -0.90600 -0.37602 e
147.89940 17.73762 0.54922 -0.29518 -0.78181 e
148.09150 84.31187 0.62736 0.60521 -0.49004 e
148.51500 43.02854 0.76260 -0.22110 0.60791 e
148.59967 35.00623 -0.58242 0.26269 -0.76927 e
149.23303 51.73741 -0.49507 -0.65944 -0.56573 e
149.60742 57.27927 -0.87596 -0.48103 -0.03606 e
150.30519 54.04893 0.98300 -0.15837 0.09286 e
150.45201 76.92742 0.17133 0.72593 -0.66609 e
150.64003 23.78020 -0.96777 -0.12140 -0.22064 e
150.74653 31.51950 0.25587 0.96563 0.04575 e
150.95379 52.62139 0.31129 0.94677 0.08199 e
150.99019 11.09661 0.05745 0.98682 0.15131 e
151.02963 37.69046 -0.50104 -0.85351 -0.14310 e
151.98943 71.06759 -0.75667 -0.64140 -0.12671 e
152.16949 56.60022 0.15985 0.98646 -0.03655 e
152.30572 47.17742 0.51065 0.27036 -0.81618 e
152.46544 41.61648 -0.65168 -0.74501 -0.14235 e
152.50721 59.90409 -0.83725 -0.02939 -0.54603 e
152.98935 25.70468 0.71095 0.69314 -0.11878 e
153.05896 41.44309 0.12364 -0.63547 -0.76216 e
153.34651 15.17214 -0.63983 -0.76824 0.02032 e
153.81118 63.69318 0.56992 0.82143 -0.02104 e
154.02188 58.19267 0.10816 -0.85708 -0.50370 e
154.79004 51.22121 0.27840 0.79218 0.54310 e
154.94128 47.80057 -0.09826 0.97155 0.21549 e
155.15080 81.47156 0.20859 -0.88465 -0.41699 e
155.17861 51.85822 -0.72716 0.55393 -0.40547 e
155.73737 38.29791 0.83383 0.44282 -0.32960 e
155.73974 40.01071 0.79334 -0.17551 -0.58294 e
156.15523 80.23233 0.61386 0.73593 -0.28563 e
156.65845 60.95712 0.02964 0.01215 -0.99949 e
157.00145 70.47223 -0.65524 -0.19795 -0.72903 e
157.14484 76.93786 0.31332 0.31510 0.89585 e
157.40999 45.33158 0.28734 -0.67515 0.67942 e
157.51510 50.92822 -0.38287 -0.16765 -0.90846 e
158.44979 27.16967 -0.08277 0.71878 0.69030 e
159.44423 27.63689 0.14399 -0.42244 -0.89488 e
159.49212 27.09625 0.91573 -0.09214 -0.39108 e
160.03045 28.51686 -0.06179 0.30800 -0.94938 e
160.89896 59.64925 0.90650 0.04960 -0.41928 e
161.01474 24.46628 0.86184 0.47988 0.16414 e
161.55260 61.86666 -0.15602 -0.54184 -0.82588 e
162.37395 46.38309 0.60795 -0.13993 -0.78155 e
162.77283 33.58732 0.36548 -0.68917 -0.62568 e
162.94262 42.11195 0.52487 0.61345 -0.59008 e
163.57382 29.67268 0.24387 -0.96796 0.05990 e
163.93760 58.03112 -0.04008 0.88727 0.45951 e
164.25731 70.15602 0.60976 -0.79137 0.04392 e
164.68711 39.59609 0.98507 0.09844 0.14122 e
164.91273 44.59361 -0.65455 -0.55799 0.51010 e
164.99552 45.83583 0.07885 -0.68324 -0.72592 e
165.40310 45.78562 -0.12546 -0.98883 -0.08051 e
165.42520 62.70118 -0.15900 -0.30459 -0.93912 e
166.53934 62.10543 0.66333 -0.74299 -0.08922 e
167.36332 38.40485 -0.97643 0.12415 0.17656 e
167.95084 28.39782 -0.26771 0.62380 -0.73431 e
168.20911 37.09747 -0.26959 0.38317 -0.88346 e
168.40909 41.34836 0.90157 -0.33524 -0.27347 e
168.93648 45.69388 -0.53440 0.72683 -0.43144 e
169.07469 32.48081 -0.89810 -0.16625 -0.40715 e
169.13022 64.75984 -0.57590 0.22143 -0.78696 e
169.17207 10.79739 0.35929 -0.88983 -0.28126 e
169.81530 35.87489 -0.71849 0.60874 0.33647 e
170.59135 66.59792 0.70849 -0.39779 -0.58293 e
170.98895 77.33099 0.24338 0.67322 -0.69824 e
171.09082 43.43990 0.97487 -0.21160 -0.06967 e
171.27014 53.86155 -0.03673 -0.99318 0.11062 e
171.30930 56.52720 0.45663 0.11894 -0.88167 e
171.74071 67.65247 -0.35738 0.64271 -0.67765 e
172.62557 30.36361 -0.17329 -0.95394 -0.24488 e
172.97875 62.16372 -0.46038 -0.25597 -0.85002 e
173.37607 82.64282 -0.90222 -0.28952 -0.31964 e
174.57094 41.07694 0.72234 0.56916 0.39278 e
175.64163 39.02506 -0.01953 -0.98935 0.14423 e
175.65914 29.91987 0.97146 -0.10479 0.21278 e
175.93178 63.60213 -0.29843 -0.69195 -0.65738 e
176.58960 53.73036 -0.01053 -0.96312 -0.26886 e
176.63469 40.40672 0.04418 -0.04416 -0.99805 e
176.69436 51.23830 0.65323 0.62090 -0.43333 e
177.54908 56.90985 -0.71611 -0.30883 -0.62595 e
178.36784 32.55071 0.46356 -0.48661 -0.74049 e
178.36874 74.36548 0.75340 0.02401 -0.65712 e
179.71846 79.44669 0.16535 -0.50184 -0.84901 e
179.83556 33.21809 -0.24162 0.56543 -0.78861 e
180.39694 21.92905 0.46799 0.24928 -0.84785 e
180.42020 37.37930 -0.40559 0.38656 0.82829 e
181.41896 50.83216 0.02878 0.40352 -0.91452 e
181.45968 67.89414 -0.58558 0.69594 0.41565 e
182.14400 28.99671 -0.32671 0.68317 -0.65310 e
182.60384 38.26352 -0.20337 0.89819 0.38974 e
182.62068 49.54494 -0.80545 -0.25717 -0.53396 e
182.68731 55.11245 0.41533 0.17653 -0.89238 e
182.73528 41.77962 -0.07674 0.20698 -0.97533 e
182.74382 45.21551 0.68976 0.68807 0.22536 e
183.05186 35.28402 0.18815 -0.92956 -0.31706 e
183.44939 74.83460 0.50866 0.86095 0.00531 e
183.59681 29.43012 -0.77191 -0.56598 -0.28951 e
183.63209 20.35085 0.22136 -0.76920 0.59944 e
183.79752 46.60005 -0.50319 0.31734 0.80380 e
183.82263 61.22997 -0.59466 -0.69619 0.40212 e
184.92094 61.48669 0.07411 0.98024 -0.18342 e
185.44794 84.24164 -0.79303 -0.24929 0.55584 e
185.73399 34.92544 -0.84606 0.27174 0.45862 e
185.94718 32.33407 0.47881 -0.08524 -0.87377 e
186.66685 22.91046 -0.42837 0.31563 0.84668 e
186.66815 25.11405 0.89160 0.42981 -0.14254 e
186.72632 75.29925 -0.35735 0.10607 -0.92793 e
186.76880 25.55464 -0.31320 -0.89885 -0.30656 e
187.71813 49.57527 -0.50145 0.85222 -0.14920 e
187.77054 25.48569 0.77774 -0.17630 -0.60336 e
188.04174 27.16070 -0.68593 -0.00963 0.72760 e
188.71164 78.41608 0.34022 -0.76804 -0.54256 e
188.89229 44.96000 -0.97441 -0.17460 -0.14158 e
189.04486 46.20821 0.67234 -0.59397 -0.44176 e
189.40640 68.62428 -0.82282 0.12572 -0.55422 e
189.75248 45.81841 0.12683 -0.83712 -0.53211 e
189.97142 27.95905 -0.03796 0.34903 -0.93634 e
190.20875 63.44847 -0.67546 0.43705 -0.59392 e
191.42231 36.58260 -0.56314 -0.64810 0.51267 e
192.60359 70.05978 0.16147 0.78963 -0.59196 e
194.56294 49.58738 -0.60748 0.76087 0.22814 e
194.85736 42.78734 0.89744 0.42673 0.11183 e
194.86578 41.70458 -0.93493 -0.03045 0.35353 e
194.92552 37.16040 0.38892 -0.83521 0.38881 e
195.18204 61.90724 -0.67786 -0.10488 -0.72767 e
195.34890 51.50054 0.24621 -0.95408 -0.17063 e
196.03280 50.03840 -0.62366 0.13556 -0.76985 e
196.29741 68.21487 -0.97408 0.07487 -0.21347 e
196.33668 18.73951 0.25229 -0.01075 -0.96759 e
196.58719 46.31258 -0.40225 0.80593 -0.43436 e
196.70933 30.45255 -0.15819 -0.17454 -0.97186 e
197.09744 58.19551 0.71875 0.10696 0.68699 e
197.71829 68.17976 0.97430 -0.09211 0.20555 e
197.83937 31.17522 0.49061 0.61985 -0.61244 e
198.03045 70.34138 0.16653 -0.33702 -0.92665 e
198.08954 40.95751 -0.97366 -0.12469 -0.19088 e
198.41739 22.95390 0.20899 0.42116 0.88258 e
199.29570 73.19494 -0.16475 -0.38954 -0.90615 e
199.47399 63.44660 -0.29243 0.91526 0.27710 e
199.58458 57.18185 0.62176 -0.77831 -0.08745 e
199.72625 44.68988 0.80094 0.55327 -0.22887 e
199.87296 65.50867 -0.83390 -0.54865 0.05987 e
200.51392 50.39995 0.66094 0.75040 -0.00761 e
200.55944 65.75252 -0.05973 0.39456 -0.91693 e
200.68980 67.17487 -0.93146 -0.35992 0.05328 e
201.00630 50.18179 -0.13996 0.96265 -0.23176 e
201.41505 16.91679 -0.85968 0.45934 -0.22349 e
201.44758 68.09115 -0.69630 -0.60912 0.37965 e
201.49478 54.52173 -0.86256 -0.48777 0.13442 e
202.13892 47.73426 -0.46161 -0.04330 -0.88602 e
202.31849 73.57333 0.92148 0.37580 -0.09821 e
202.32797 21.08769 -0.28719 0.29139 0.91248 e
202.40847 51.17299 -0.38283 -0.57380 -0.72402 e
202.42392 30.59806 -0.40361 -0.78751 -0.46575 e
202.44583 29.55631 -0.21438 0.30441 -0.92810 e
202.77285 49.99253 0.94608 0.03354 -0.32219 e
203.02271 26.64849 0.87276 -0.34928 0.34103 e
203.27701 32.63749 0.39405 -0.29672 -0.86987 e
203.33778 76.65464 -0.77179 0.37949 0.51022 e
203.71909 69.22935 0.13764 0.60843 -0.78158 e
203.98577 25.78326 -0.08374 0.78563 0.61300 e
204.07030 33.68876 -0.10656 -0.67194 -0.73290 e
204.49445 63.02270 0.49977 0.72691 -0.47099 e
204.82587 61.92864 -0.67454 -0.17562 -0.71704 e
205.26524 61.44531 -0.56343 0.79657 -0.21912 e
205.72464 70.22770 -0.91878 -0.37498 -0.12344 e
206.21111 34.67115 -0.18895 0.55807 0.80799 e
206.33093 62.69306 0.81793 -0.39795 -0.41548 e
206.73900 59.83562 0.14807 0.91232 -0.38178 e
207.53916 43.94465 -0.65968 -0.39169 -0.64141 e
207.82092 38.90532 -0.55838 0.79281 0.24426 e
209.53176 55.81897 0.38208 0.21910 -0.89778 e
209.71270 11.82970 0.81998 0.55395 0.14412 e
210.13717 70.69243 -0.97495 0.14510 -0.16858 e
211.29932 27.42795 -0.89190 -0.04468 -0.45001 e
211.63673 28.84246 -0.08899 0.96286 -0.25490 e
211.67335 33.01382 0.28389 -0.66026 -0.69532 e
211.95316 40.57223 -0.55081 -0.36046 -0.75278 e
212.09951 59.85672 -0.77524 0.61793 0.13105 e
212.11448 30.01261 0.48841 0.31674 -0.81310 e
212.23769 50.68462 -0.25654 -0.74226 -0.61906 e
212.43376 31.96458 0.31137 -0.10249 0.94474 e
212.45281 34.85280 0.04536 0.09380 -0.99456 e
213.65390 38.28704 -0.78277 0.18318 -0.59474 e
213.87285 67.47305 0.38172 -0.83144 -0.40373 e
213.96720 15.84438 -0.20688 -0.94319 -0.25999 e
214.75805 45.30419 0.60517 -0.69550 -0.38737 e
214.92916 52.93618 0.06191 -0.36776 -0.92786 e
215.45321 75.61386 0.56939 -0.70102 -0.42937 e
215.87560 49.03617 -0.82114 0.10495 -0.56100 e
215.93089 28.16715 -0.45606 -0.88546 0.08933 e
216.34508 64.38717 -0.87407 -0.46809 0.12998 e
217.10909 20.13632 0.78134 -0.60856 0.13845 e
218.01462 34.28788 -0.89070 -0.21291 -0.40165 e
218.10408 74.03412 0.98944 0.02302 0.14308 e
218.12856 9.22724 0.00585 -0.48371 0.87521 e
219.23875 36.15786 0.21206 0.97426 0.07642 e
219.60141 64.29708 -0.11286 0.06787 -0.99129 e
219.70945 30.34984 0.85277 0.05388 -0.51950 e
220.05971 36.91210 0.30068 -0.90436 0.30285 e
220.14015 26.04999 0.64604 -0.61078 -0.45780 e
220.82633 42.84606 -0.43701 -0.89819 -0.04779 e
221.46196 55.37461 -0.93687 -0.34873 -0.02553 e
221.67766 63.50241 -0.03894 -0.07172 -0.99666 e
221.78503 28.35533 0.56543 -0.26244 0.78193 e
221.99248 41.73304 0.86107 0.47730 -0.17536 e
223.82759 65.64905 0.76843 -0.34680 -0.53782 e
224.00707 80.66564 0.92236 0.37794 -0.08013 e
225.95457 20.02378 0.28247 0.69243 -0.66389 e
226.10431 71.48540 0.41918 0.75176 -0.50906 e
226.21493 61.34354 0.84636 0.24404 0.47341 e
226.36816 60.23166 0.02194 0.64286 -0.76567 e
226.39059 44.76459 -0.66570 -0.74593 -0.02078 e
226.51174 41.09538 0.84597 -0.29842 -0.44190 e
226.81163 31.61514 0.95214 -0.27521 -0.13299 e
227.23042 57.97186 0.08085 0.88108 0.46600 e
227.60613 48.70673 0.06795 -0.99755 -0.01666 e
228.65302 76.09211 -0.32259 -0.94199 -0.09270 e
229.01221 39.90651 0.55941 0.18810 0.80727 e
229.73750 62.91022 0.57623 -0.00508 -0.81727 e
229.90949 40.02630 0.51554 -0.08757 0.85238 e
230.06374 36.54552 -0.02514 0.96729 -0.25243 e
230.43527 21.64874 0.56949 0.04554 -0.82073 e
230.66925 40.08789 0.68904 0.13563 -0.71191 e
230.67594 58.79637 -0.82302 -0.25371 -0.50821 e
231.02996 34.71517 0.35142 0.57557 0.73839 e
231.12947 67.62440 0.86520 -0.29282 0.40704 e
232.14225 46.90910 -0.41047 0.78105 -0.47062 e
232.64773 62.54505 -0.51131 0.77990 -0.36100 e
232.83150 53.18355 0.46512 0.85837 0.21649 e
233.43349 53.14729 -0.44142 0.46019 0.77031 e
233.70944 71.34019 0.89770 0.03331 -0.43934 e
234.17227 54.10205 0.37684 0.68887 -0.61924 e
235.33984 53.29497 0.99780 -0.05603 0.03548 e
235.55460 52.95705 -0.52753 0.65477 0.54128 e
235.98191 51.17067 0.35558 0.72558 -0.58915 e
237.23503 32.93177 -0.65502 0.08722 -0.75056 e
237.27630 45.34773 0.14831 -0.85391 -0.49884 e
237.75449 50.23894 -0.63558 -0.71959 -0.27970 e
237.91172 31.94988 0.88703 -0.11056 0.44828 e
238.04425 81.89128 -0.03252 0.75884 -0.65046 e
238.10467 26.46992 0.45627 -0.79029 -0.40898 e
238.43469 27.02297 -0.55031 0.17766 -0.81584 e
238.71465 52.89247 0.61538 -0.76894 -0.17330 e
239.91118 47.49906 -0.08793 0.69269 -0.71586 e
239.96180 41.96391 0.37490 0.92707 -0.00003 e
240.23841 33.21954 -0.42086 -0.60306 -0.67764 e
241.35713 79.31540 0.97096 -0.06779 0.22943 e
242.40738 23.66192 -0.75764 0.55199 -0.34825 e
242.41379 57.67598 -0.18363 0.81997 0.54215 e
243.65230 19.51225 -0.99700 0.07660 0.01105 e
244.66548 67.77688 -0.30643 -0.78137 -0.54365 e
245.71270 24.01932 0.77085 -0.00787 0.63697 e
246.78431 23.53579 0.90114 0.42855 -0.06548 e
248.39086 32.59024 0.97259 -0.15265 0.17543 e
249.70853 67.75421 -0.42995 0.39812 -0.81034 e
249.72388 22.15946 0.24673 0.95879 0.14090 e
250.14239 71.39129 -0.27397 0.04954 -0.96046 e
250.16339 17.68320 -0.92147 0.16549 0.35143 e
250.33578 45.70453 0.38526 -0.64786 -0.65716 e
250.75163 35.33478 0.00381 0.93284 -0.36028 e
250.86603 15.96535 0.45772 0.86601 -0.20131 e
250.87182 37.97976 -0.54649 0.74249 0.38738 e
251.05506 48.00449 0.02602 -0.98326 -0.18035 e
251.60855 61.47334 0.44974 -0.89012 -0.07360 e
253.58574 40.61243 -0.58716 0.31598 -0.74525 e
253.69805 35.51871 -0.93672 -0.15702 -0.31288 e
254.23032 59.50554 0.89334 -0.04609 -0.44702 e
254.90690 17.26909 -0.30538 -0.40135 -0.86352 e
257.15787 44.49505 0.77096 0.60590 -0.19623 e
257.25993 69.79169 0.36274 -0.76282 -0.53529 e
257.31648 76.94745 -0.14503 -0.16899 -0.97489 e
257.31774 79.76157 -0.61178 -0.50384 -0.60981 e
257.85348 73.67367 -0.73006 -0.63226 -0.25935 e
257.87057 32.88922 -0.48344 -0.87358 0.05596 e
259.10668 65.93122 0.30123 -0.94982 0.08431 e
259.42777 21.97179 -0.72336 -0.14748 -0.67454 e
260.27697 32.48344 -0.76020 0.44146 -0.47667 e
260.79356 45.50878 0.52603 0.11249 -0.84299 e
261.98167 73.73701 -0.28969 -0.15597 -0.94433 e
262.41656 41.19194 -0.77165 0.26842 -0.57663 e
262.52600 82.39216 0.93057 0.21440 0.29678 e
262.97310 29.06364 0.16274 -0.90893 -0.38388 e
263.54850 29.75916 -0.21938 0.77735 -0.58957 e
263.60403 59.43717 0.62913 0.49580 0.59865 e
264.02123 44.55692 0.78562 -0.00863 -0.61865 e
265.02429 28.54563 -0.02122 -0.24241 -0.96994 e
265.28307 10.69766 -0.29573 0.41499 -0.86042 e
267.21999 42.66233 0.46738 -0.77114 -0.43232 e
267.28236 81.46465 0.18360 0.24931 0.95086 e
267.57759 37.07338 -0.54178 -0.43123 0.72147 e
267.71371 56.69461 0.75248 -0.47231 -0.45902 e
267.90280 49.33775 -0.99250 -0.06589 -0.10300 e
269.28083 67.12617 -0.49589 0.15980 -0.85356 e
271.89328 70.31152 -0.36619 0.21807 -0.90463 e
272.25260 30.42842 -0.42058 -0.52439 -0.74036 e
272.35129 72.66654 0.65486 -0.21757 -0.72376 e
273.83737 17.02990 -0.99455 0.05687 -0.08736 e
273.94636 28.08967 -0.41510 0.90620 0.08054 e
274.89976 62.61174 -0.77598 0.42781 -0.46350 e
275.25108 40.78930 0.42527 -0.67391 -0.60414 e
275.40591 72.01319 0.89176 -0.05248 -0.44946 e
276.63809 27.29574 0.90469 0.09943 -0.41432 e
276.64042 22.95006 -0.86600 0.47693 -0.15029 e
278.23811 33.52189 -0.65408 -0.72915 0.20128 e
278.39658 24.42014 -0.85500 -0.51706 0.04045 e
278.83051 56.14048 -0.86303 0.44270 -0.24330 e
278.84209 79.93741 -0.37266 -0.21000 -0.90389 e
279.28353 57.53393 -0.02074 -0.51846 -0.85485 e
280.07687 64.59152 -0.56101 0.49975 0.65994 e
280.24572 51.34764 0.76952 0.38638 -0.50847 e
281.08293 41.84300 0.41056 0.41267 -0.81311 e
282.72605 58.62522 -0.57483 -0.01967 -0.81803 e
283.55364 36.94828 0.38318 0.81527 -0.43417 e
283.69411 41.44889 -0.68217 -0.72763 0.07212 e
284.39264 52.27473 0.89519 -0.25494 -0.36557 e
284.95236 41.53477 0.84780 0.37013 -0.37979 e
285.45722 53.01336 0.97174 -0.20454 0.11782 e
285.77300 61.25935 0.37835 0.44286 -0.81285 e
286.98060 17.62237 0.44984 -0.84847 -0.27882 e
287.24052 31.85196 -0.58338 0.10128 0.80586 e
290.67228 59.94089 0.77475 0.53621 -0.33504 e
291.18618 84.55995 0.25202 0.37298 -0.89296 e
291.64356 20.80174 -0.22108 0.70863 -0.67005 e
295.83111 41.91319 -0.44710 0.32933 -0.83165 e
296.36067 42.56952 0.59127 0.80111 0.09281 e
298.67163 42.67239 0.75306 -0.57782 -0.31469 e
299.43529 44.07109 -0.01218 0.99471 0.10202 e
299.64076 27.58437 -0.25921 0.76937 -0.58386 e
300.05791 20.90581 0.41169 0.38996 -0.82368 e
300.14849 57.03250 -0.87217 0.26232 -0.41292 e
300.44692 39.94210 0.35381 0.93054 0.09447 e
300.54476 40.58616 -0.89331 0.43103 0.12734 e
301.11437 40.95872 0.46756 -0.59482 -0.65389 e
301.49951 63.09228 -0.26406 0.75668 -0.59808 e
302.34114 60.96448 0.11887 -0.73241 0.67041 e
302.48620 24.68259 -0.11624 0.98580 -0.12114 e
302.91651 45.05666 0.36240 -0.74975 0.55366 e
303.38643 27.37790 -0.61329 -0.30596 -0.72819 e
303.38875 38.63269 -0.86870 -0.22782 0.43983 e
303.39099 37.49300 -0.29884 -0.89455 -0.33239 e
303.62730 63.90263 -0.45062 -0.20527 -0.86879 e
303.72325 66.70506 -0.33636 0.43014 -0.83776 e
304.15642 24.81517 -0.10748 0.61930 -0.77776 e
304.46931 38.64887 0.52580 0.67408 -0.51880 e
304.74089 15.27591 0.84137 -0.23238 -0.48794 e
304.76793 57.14550 0.01308 0.21882 -0.97568 e
304.76820 79.38880 0.04349 0.90984 -0.41267 e
305.09424 28.46324 -0.19310 0.92402 0.33000 e
305.59029 36.38129 0.51187 -0.33774 -0.78989 e
305.72821 18.89285 -0.80170 -0.17682 -0.57097 e
305.83437 51.16484 -0.95220 0.30067 0.05401 e
306.67349 74.03967 -0.36604 -0.69279 -0.62134 e
309.05568 61.65621 -0.69577 0.64583 -0.31433 e
309.20112 26.04552 -0.68378 0.71660 0.13763 e
310.09367 34.13806 -0.09661 -0.45966 -0.88282 e
310.18623 72.45474 -0.52179 0.84757 0.09676 e
311.35952 51.58628 -0.23835 -0.68933 0.68412 e
312.40988 73.05718 0.99567 -0.08331 0.04112 e
312.91474 65.94940 0.92481 -0.35950 -0.12445 e
313.03391 35.88463 0.47507 0.39653 -0.78554 e
313.29618 17.42143 -0.93847 0.25573 -0.23212 e
313.78857 54.55411 -0.76249 0.39784 -0.51022 e
314.24411 65.38206 0.06741 0.94218 -0.32827 e
315.34664 36.93514 0.63714 0.76844 0.05969 e
315.62695 67.68436 -0.90207 -0.14680 -0.40585 e
315.72737 50.35485 -0.06534 -0.75049 -0.65765 e
316.63524 39.04123 0.78631 -0.07050 0.61379 e
317.21687 34.59797 -0.02624 0.01727 -0.99951 e
317.63304 72.46947 0.87378 0.48539 0.03015 e
317.70586 27.53091 -0.32409 0.74505 0.58297 e
317.81908 81.17218 -0.90232 -0.33238 -0.27448 e
318.05651 48.85042 0.61236 -0.53980 0.57761 e
318.08246 66.35308 -0.74924 -0.62049 0.23156 e
318.25589 41.18963 -0.78481 -0.60729 0.12361 e
318.85318 49.31151 -0.24755 0.74253 0.62238 e
318.88962 64.89427 -0.54714 -0.83426 0.06810 e
319.97046 52.04866 0.28773 0.15044 -0.94582 e
320.37856 52.22342 0.16193 -0.33499 -0.92820 e
320.89371 50.61511 0.84817 -0.35020 -0.39745 e
322.43740 63.04967 -0.54301 -0.81601 0.19816 e
322.82042 39.76845 -0.42042 -0.76713 -0.48453 e
323.52418 58.36022 -0.26084 -0.95502 -0.14110 e
324.38616 29.01450 -0.05474 -0.49570 0.86677 e
326.44261 44.18756 -0.41052 0.80845 -0.42176 e
326.88773 39.10429 0.93789 -0.05954 -0.34177 e
326.89751 44.14009 -0.04044 -0.95469 0.29486 e
326.96453 41.49763 0.32097 -0.63147 0.70584 e
327.57514 64.89334 0.49777 -0.82371 -0.27151 e
327.81573 63.02161 -0.50019 0.19664 0.84329 e
328.20927 33.99438 0.72679 0.47076 0.50016 e
328.57897 40.34759 0.00006 0.97897 -0.20399 e
328.58137 57.09518 0.66826 0.74207 0.05252 e
328.82772 61.40025 -0.61168 -0.28292 -0.73878 e
329.38314 24.89150 0.98022 -0.15214 0.12657 e
329.65852 66.14951 0.59687 -0.04465 -0.80110 e
330.52201 65.65720 0.85536 0.06067 -0.51446 e
331.93961 52.07150 0.91156 -0.27781 -0.30312 e
332.37907 33.08881 -0.65611 -0.08739 0.74959 e
332.42124 63.73108 -0.75971 0.53662 -0.36726 e
332.60242 37.06051 -0.29005 -0.47175 -0.83266 e
333.00766 50.02372 -0.71238 -0.36507 -0.59936 e
336.96470 22.74972 -0.79460 0.19379 -0.57538 e
338.25944 78.04471 -0.27295 0.15489 -0.94948 e
339.11659 68.36012 -0.39881 -0.91699 -0.00884 e
339.56474 41.16910 0.06369 -0.44436 -0.89358 e
339.83847 31.13678 -0.50991 0.09723 0.85472 e
339.95475 46.88401 -0.88129 0.34280 -0.32529 e
340.28763 62.18905 -0.50567 0.05041 -0.86125 e
340.33392 50.50435 -0.86137 0.45406 -0.22774 e
341.45796 75.17743 0.10391 -0.78631 0.60903 e
341.53099 78.33397 0.55493 -0.48410 -0.67653 e
341.85364 62.15389 -0.54223 0.20221 0.81554 e
342.26927 34.27708 0.32492 -0.83524 0.44363 e
342.33176 48.20290 0.56833 0.75875 0.31829 e
342.85164 65.03558 -0.97736 0.20714 0.04317 e
343.96255 68.13130 0.92634 -0.36216 -0.10360 e
345.16574 18.76830 0.48271 0.84934 0.21355 e
345.71526 50.12915 -0.25155 -0.93251 -0.25912 e
345.73128 29.59106 -0.43876 0.85663 0.27143 e
345.77932 51.55795 0.65241 0.02865 0.75733 e
346.96092 35.06263 0.63116 -0.00102 0.77565 e
347.87323 30.12303 0.28268 0.90583 0.31553 e
347.95882 54.82955 0.03156 -0.35152 -0.93565 e
348.72455 60.31412 -0.75606 0.03437 -0.65359 e
348.91598 26.32824 -0.79831 0.10305 -0.59336 e
348.94372 33.57214 0.96248 -0.22922 0.14524 e
349.06659 11.21863 -0.74367 0.45609 -0.48882 e
349.21827 47.91279 -0.59400 0.56386 0.57379 e
349.24702 73.92741 0.13901 0.19343 -0.97122 e
349.31114 36.41271 -0.83628 -0.44571 -0.31934 e
350.05535 77.45397 0.60008 -0.79287 0.10611 e
350.65167 51.16995 -0.08572 -0.88020 -0.46679 e
350.66046 68.13300 0.29450 -0.93415 0.20157 e
350.79546 18.74600 -0.80275 0.49965 -0.32550 e
351.15755 43.01333 0.31428 -0.81016 -0.49485 e
351.68288 32.62957 0.34245 0.17174 -0.92371 e
351.95737 48.55640 -0.35084 -0.39379 -0.84961 e
352.12686 27.84052 0.08776 -0.87513 0.47587 e
353.95996 64.03596 0.52119 0.64758 -0.55587 e
356.44187 64.98414 0.82067 -0.34288 -0.45710 e
356.51590 43.68390 0.04331 0.13173 -0.99034 e
357.48320 32.15379 -0.13162 -0.31833 0.93880 e
357.72134 55.41161 0.79944 0.58363 -0.14234 e
357.87846 73.16560 0.69667 -0.49174 -0.52235 e
359.11234 36.19508 0.16368 0.30535 -0.93807 e
360.47743 48.87992 0.98478 -0.14789 -0.09130 e
361.09898 51.90299 0.56336 -0.57609 0.59224 e
363.25479 25.65280 0.90556 -0.42416 -0.00730 e
363.56543 28.80444 0.63463 0.76052 0.13730 e
364.27369 77.87942 -0.80526 0.49477 -0.32675 e
364.54731 41.34631 0.23217 0.57001 -0.78815 e
364.63758 56.68900 0.94149 0.13971 0.30672 e
366.14372 34.93245 -0.80496 0.27049 0.52809 e
366.69380 16.09550 -0.28043 0.26907 -0.92139 e
369.73050 49.88741 -0.51545 -0.72506 -0.45672 e
370.57915 24.21591 -0.31120 -0.49172 0.81324 e
371.55305 32.62099 -0.88183 0.44951 0.14256 e
371.95091 74.66232 -0.97580 -0.19330 0.10221 e
372.34676 82.85475 -0.69672 0.68245 0.22101 e
372.81246 74.92907 0.21941 -0.45881 -0.86102 e
374.03207 81.27089 0.92635 0.37114 -0.06426 e
378.80819 41.78032 0.46633 -0.46328 -0.75360 e
379.38579 40.05409 -0.34175 -0.87062 -0.35387 e
380.89963 58.17379 -0.53882 -0.16020 -0.82705 e
385.41861 9.98302 -0.95729 -0.28616 -0.04128 e
385.66315 83.81520 0.19455 -0.64617 -0.73798 e
386.51121 43.51636 0.46343 -0.86241 -0.20366 e
392.78718 40.48090 0.38170 0.19608 -0.90325 e
393.44508 65.95718 0.93339 0.25985 0.24752 e
394.62891 39.26200 0.40369 -0.75067 -0.52301 e
396.37919 28.40760 0.62782 0.50979 0.58818 e
398.96703 17.41113 0.43647 0.55412 0.70883 e
400.00920 84.59137 0.69010 -0.31767 -0.65027 e
403.16416 51.18420 0.67501 -0.39945 -0.62032 e
404.42071 27.53530 0.79838 -0.13193 -0.58752 e
405.73371 27.76734 -0.46758 0.39550 0.79054 e
410.82237 24.30601 0.75085 -0.66011 0.02190 e
411.35167 32.14249 -0.70290 -0.12538 0.70015 e
416.27411 59.26164 -0.56455 -0.38225 0.73156 e
416.79154 32.88838 0.89264 0.22492 -0.39065 e
420.10524 35.02631 0.57950 0.74233 -0.33634 e
424.43120 27.75297 0.77762 -0.22681 0.58640 e
430.60079 25.61242 -0.77415 0.61637 -0.14414 e
430.67784 18.69874 -0.31787 -0.73044 0.60450 e
438.16574 11.46015 0.78765 0.06945 0.61219 e
439.86896 14.75542 0.18986 -0.14397 -0.97120 e
439.87690 41.76434 0.17438 0.98436 -0.02494 e
441.52057 24.35981 0.10367 0.63618 -0.76454 e
442.87907 39.02452 0.49935 0.74749 0.43807 e
447.29025 14.61621 -0.36530 0.67297 -0.64316 e
454.66599 46.05498 -0.54014 -0.72041 0.43505 e
464.44055 27.59580 0.23271 -0.97015 -0.06824 e
464.95955 21.50171 0.12272 0.99054 -0.06142 e
471.99849 36.65136 -0.45938 -0.34086 -0.82023 e
472.94019 9.69742 0.76855 -0.62542 0.13486 e
485.17742 24.13036 -0.86380 -0.26214 -0.43027 e
502.65721 13.02443 0.80932 -0.24682 0.53299 e
506.24415 22.39916 -0.52247 0.05792 0.85069 e
508.85172 25.30755 0.03427 -0.81338 0.58072 e
534.16450 36.14857 -0.76440 0.32248 -0.55830 e
563.82510 27.51964 -0.59494 0.61676 -0.51541 e
577.07487 17.09691 -0.75050 -0.36413 0.55151 e
579.70666 21.32733 0.15682 0.22183 0.96239 e
592.60969 64.75387 -0.99192 0.11073 -0.06195 e
600.79769 25.49164 -0.44603 -0.88619 -0.12539 e
603.13705 47.65927 0.24900 -0.79984 -0.54613 e
613.39835 28.01117 -0.62098 0.45666 0.63706 e
623.85039 16.49039 0.82906 0.13897 0.54161 e
626.62943 16.89925 0.34080 -0.01087 -0.94007 e
628.07056 17.07718 -0.40033 -0.03837 -0.91557 e
629.98606 8.67375 -0.36395 0.61136 -0.70270 e
636.21732 40.15297 -0.10065 0.96850 -0.22776 e
646.79778 25.82304 0.81962 -0.27428 0.50298 e
653.42717 46.82872 0.62598 -0.42901 -0.65123 e
669.27435 56.39726 -0.14619 0.19192 -0.97046 e
674.67247 10.15701 -0.56744 -0.46164 0.68184 e
702.11469 39.06502 0.89871 -0.41171 -0.15101 e
719.95920 29.46535 0.10063 0.63088 -0.76933 e
732.71183 28.07275 -0.50371 -0.86114 0.06868 e
748.86608 29.12249 0.96087 0.09034 -0.26185 e
759.40541 20.63784 0.38823 0.48304 -0.78483 e
787.58665 29.18375 0.45517 -0.87607 0.15912 e
789.23372 12.35771 0.41364 0.81853 0.39864 e
803.55321 28.06945 -0.65855 -0.36452 -0.65836 e
820.25429 44.73484 -0.07165 -0.34415 0.93618 e
820.83669 18.28080 -0.35764 -0.24779 -0.90039 e
946.77933 17.82927 -0.89789 -0.41190 -0.15535 e
950.98132 29.29024 0.61664 -0.44150 -0.65179 e
995.99202 30.28915 0.19614 0.35574 -0.91377 e
1264.12154 23.30148 -0.31699 -0.92831 -0.19433 e
1361.20345 21.90942 -0.80518 0.26015 -0.53291 e
1369.25321 26.00152 -0.65889 -0.39576 -0.63972 e
1382.72022 47.97040 0.53879 -0.80490 -0.24866 e
1452.64633 25.31694 0.22207 -0.97125 0.08576 e
1521.83869 39.17346 -0.69639 0.55208 -0.45853 e
1580.61863 31.20541 0.10313 0.98786 0.11614 e
1583.79541 33.33385 0.30875 0.91823 -0.24806 e
1677.37468 22.49727 -0.16228 -0.25163 -0.95412 e
1803.90549 36.96809 0.57906 -0.17073 0.79721 e
2248.69478 15.24939 -0.04852 -0.89562 -0.44217 e
2256.19622 19.20886 -0.95151 -0.25000 0.17926 e
3153.49914 25.07075 0.35271 0.03087 -0.93522 e
3261.49951 32.20133 -0.92030 -0.00723 -0.39115 e
3275.93438 29.64207 -0.83229 0.14085 -0.53615 e
4492.52635 33.46244 -0.36539 -0.21275 -0.90622 e
4713.30798 21.57775 -0.02533 -0.79291 -0.60882 e
4725.04747 22.83126 -0.57273 -0.81883 -0.03879 e
5095.28737 24.74506 0.39902 -0.90956 -0.11614 e
5213.47812 14.49270 0.41675 0.90900 -0.00585 e
5951.84268 35.55282 -0.41042 0.43566 -0.80109 e
6237.87151 34.18537 0.26876 -0.76521 -0.58500 e
7400.38638 16.51329 0.81435 -0.00658 -0.58033 e
7545.64536 25.44075 -0.10655 -0.05685 -0.99268 e
7658.14948 17.85012 0.00762 -0.06097 -0.99811 e
8118.11222 17.64743 0.81620 -0.56770 0.10740 e
12258.39778 25.01603 -0.82474 -0.24220 0.51101 e
12492.46440 11.54247 0.60768 0.61066 0.50775 e
15230.35033 21.12563 0.13940 -0.98290 -0.12032 e
16310.59271 10.76731 0.10515 0.77250 0.62625 e
