15.17421 30.44919 -0.97761 -0.18467 -0.10084 e
17.24354 47.92147 -0.24151 0.64459 0.72538 e
17.98073 82.06937 0.98410 -0.10518 0.14311 e
19.04850 55.19039 -0.12636 0.84846 -0.51395 e
19.17480 66.50117 -0.01277 0.05389 -0.99847 e
19.24459 25.87499 -0.24762 -0.06137 -0.96691 e
19.35561 65.74165 0.58486 -0.66956 -0.45785 e
19.89262 55.56011 0.86313 -0.32562 0.38597 e
20.43073 38.41572 0.56071 0.70744 -0.43026 e
20.74098 64.25398 0.52842 0.61749 -0.58265 e
20.87052 58.92542 -0.36706 -0.91512 -0.16677 e
20.88880 69.96948 -0.70357 0.63309 0.32278 e
21.09174 79.65540 0.69119 -0.71949 0.06775 e
21.55219 44.89049 -0.10717 -0.30030 -0.94780 e
21.61547 72.43559 0.16655 -0.57142 -0.80358 e
21.73779 22.84577 0.39845 0.25639 -0.88063 e
21.89157 81.01819 -0.68580 0.54067 -0.48719 e
22.26284 64.98115 0.38475 -0.92078 -0.06426 e
22.37765 81.19333 0.24525 0.75164 0.61228 e
22.44199 79.18649 0.93197 -0.22603 -0.28345 e
22.44905 42.67142 -0.88711 -0.37434 -0.27002 e
22.52878 43.76695 0.70176 0.00003 0.71241 e
22.70744 72.04791 0.43744 -0.86382 0.24991 e
22.71469 62.41029 0.39436 -0.08812 -0.91472 e
22.94238 51.27409 0.22189 -0.67048 -0.70797 e
23.01755 38.43165 -0.90754 -0.29589 -0.29802 e
23.17258 65.68065 0.10042 0.93664 -0.33558 e
23.33860 59.11887 -0.11455 0.15541 -0.98119 e
23.73029 48.25847 -0.72858 0.26862 0.63009 e
23.82232 47.26049 -0.27700 0.23250 -0.93232 e
24.17220 70.07419 0.72339 0.41150 0.55442 e
24.26829 27.83129 0.36778 0.02119 0.92967 e
24.45847 67.38893 0.78551 0.58033 0.21494 e
24.48514 42.50151 0.65357 0.69953 0.28897 e
24.64113 71.42953 0.56498 -0.01382 -0.82499 e
24.79233 83.05832 0.90199 -0.04577 0.42933 e
24.80790 68.94031 0.11760 -0.78661 -0.60615 e
25.64159 71.86237 -0.17514 -0.12481 -0.97660 e
26.13961 49.13267 0.13770 -0.27207 -0.95237 e
26.21535 71.01648 0.84772 0.13757 -0.51230 e
26.27395 40.83220 0.93520 -0.26470 -0.23523 e
26.49260 62.73343 -0.52635 -0.82022 -0.22403 e
26.62124 80.04391 0.30560 -0.89308 -0.33017 e
26.81635 66.63001 -0.19220 -0.37198 0.90813 e
26.94299 50.95442 0.81845 0.00803 -0.57453 e
26.95169 76.32867 0.19478 -0.53092 -0.82473 e
27.07299 39.27216 0.87801 -0.02278 0.47810 e
27.52860 70.72289 0.57346 0.81005 0.12235 e
27.62462 74.55139 -0.14412 -0.73776 -0.65950 e
27.63931 52.27522 0.09225 -0.88240 -0.46137 e
27.76247 59.88411 -0.25060 0.94416 -0.21392 e
28.04011 76.93681 -0.23604 0.32493 0.91581 e
28.14292 39.26636 0.64514 0.72855 -0.23024 e
28.17377 63.84422 0.12990 -0.75729 -0.64003 e
28.18923 45.08375 -0.28588 -0.50214 -0.81616 e
28.20456 82.24704 0.89642 0.27204 0.34988 e
28.23683 84.25870 -0.96106 0.27584 -0.01680 e
28.76608 70.05444 0.03723 0.56853 -0.82182 e
29.01133 50.49836 -0.79259 0.01775 -0.60950 e
29.01196 20.31319 0.18532 0.57371 -0.79782 e
29.08970 63.66635 -0.58271 0.79896 -0.14868 e
29.11522 69.17011 0.84589 -0.47608 -0.24046 e
29.55068 73.26609 -0.83597 0.28243 -0.47052 e
29.58119 44.64569 -0.54615 0.83753 0.01622 e
29.64504 58.07735 -0.58662 -0.80981 0.00923 e
29.78227 81.77992 0.09643 0.98619 -0.13467 e
29.94050 72.87329 -0.83201 0.35828 0.42356 e
29.94412 62.12152 -0.97928 0.08061 0.18580 e
30.05902 52.54390 -0.98937 0.08592 -0.11732 e
30.33056 79.58109 -0.25208 -0.41707 -0.87322 e
30.45773 57.90773 0.13008 0.16749 -0.97725 e
30.87071 60.76820 -0.59981 0.53213 0.59755 e
30.87192 83.92075 -0.27438 0.66850 0.69125 e
30.95132 76.89816 0.16542 0.82619 -0.53855 e
30.98632 83.77976 -0.35430 -0.84129 -0.40828 e
31.20228 70.45307 0.11858 0.83843 -0.53196 e
31.43709 76.07402 -0.36147 -0.93143 -0.04218 e
31.74057 49.83124 0.23291 0.95433 -0.18711 e
31.77391 73.90065 0.21086 -0.85733 -0.46959 e
31.97007 60.80508 -0.94069 0.03677 -0.33726 e
32.09576 37.20757 0.56652 -0.59701 -0.56801 e
32.26314 83.30623 -0.16042 -0.98597 -0.04605 e
32.36993 37.24016 -0.94327 0.07441 -0.32358 e
32.42436 82.01247 0.39154 -0.53160 -0.75106 e
32.48103 67.20354 0.57570 0.05927 -0.81551 e
32.49572 71.07835 0.11756 0.52530 -0.84276 e
32.67364 38.62693 0.27789 0.83457 -0.47568 e
32.74604 77.69993 -0.39295 -0.90566 -0.15930 e
32.81984 61.56858 -0.27037 0.93997 -0.20823 e
33.55105 52.07265 0.22717 -0.93296 -0.27924 e
33.58995 66.77023 -0.01636 0.11305 0.99345 e
33.89412 72.44404 0.74673 -0.39406 -0.53583 e
33.99182 78.21189 0.99306 -0.09495 -0.06937 e
34.04438 41.68907 0.56261 0.12249 -0.81760 e
34.08136 33.22436 0.70732 -0.68883 0.15877 e
34.16500 69.76801 -0.38894 0.50260 -0.77208 e
34.24242 65.98684 -0.28796 0.94802 -0.13540 e
34.24301 29.95305 0.71689 -0.68796 0.11303 e
34.27322 83.24320 -0.66199 0.20873 -0.71986 e
34.33921 44.91280 0.17410 -0.96408 -0.20061 e
34.40136 71.84702 -0.27484 0.93267 0.23366 e
34.51902 45.33083 0.83648 0.36391 0.40972 e
34.52786 69.99666 0.80184 -0.55762 -0.21474 e
34.66015 53.09723 -0.92536 0.10807 0.36337 e
34.78149 81.21631 -0.94478 -0.06200 0.32179 e
34.78291 67.68980 -0.16684 -0.98568 -0.02448 e
34.81386 76.66980 -0.45430 0.16600 -0.87525 e
34.85240 59.06277 0.50808 -0.81784 -0.27016 e
34.99109 38.73065 -0.00986 0.78276 -0.62225 e
34.99375 75.10812 0.34233 0.90655 0.24694 e
35.15163 71.55328 -0.19200 0.75258 -0.62989 e
35.40238 71.55708 -0.31037 -0.83635 0.45188 e
35.53630 16.06168 0.58741 0.46266 0.66400 e
35.58998 46.59093 0.53835 0.70693 0.45873 e
35.62017 63.49869 -0.81935 0.32630 -0.47138 e
35.72669 21.00142 -0.94548 0.32562 0.00673 e
35.75037 24.50551 0.97622 -0.21275 -0.04156 e
36.05892 62.87029 -0.95519 0.23624 -0.17832 e
36.40888 27.16151 -0.22206 0.00910 0.97499 e
36.88286 80.62255 -0.03834 -0.03831 -0.99853 e
37.01930 45.23466 -0.57143 0.05396 -0.81887 e
37.06468 80.85156 -0.59712 0.51031 -0.61889 e
37.13482 70.67655 -0.45243 0.73522 0.50473 e
37.53564 76.33267 0.65428 0.75611 -0.01490 e
37.59288 61.61110 -0.81506 0.45093 -0.36377 e
37.71504 39.78077 0.28392 0.78780 -0.54659 e
37.75578 44.31687 -0.48611 0.61414 -0.62172 e
37.82411 58.65912 -0.43351 -0.78147 -0.44875 e
37.87740 56.33413 0.02181 -0.50877 -0.86063 e
38.01679 79.61054 0.75332 0.35596 -0.55299 e
38.04066 75.60561 0.32012 -0.06139 -0.94539 e
38.04169 55.39544 0.85928 -0.19402 0.47328 e
38.06519 72.51818 0.99742 0.04525 -0.05573 e
38.19036 30.73053 0.34790 -0.19245 0.91757 e
38.20341 64.78621 -0.23358 0.36963 -0.89934 e
38.28289 63.59593 0.22267 0.97484 -0.01043 e
38.38772 44.61950 0.64017 -0.18508 -0.74561 e
38.40758 54.22657 -0.29123 -0.71326 -0.63753 e
38.69211 11.90521 -0.78794 0.25002 0.56271 e
38.75902 21.65083 0.66515 0.74669 -0.00461 e
38.76578 47.31807 -0.37439 0.44599 -0.81297 e
38.81569 42.94453 0.45609 0.84887 0.26720 e
39.10953 45.02626 0.10509 0.48845 -0.86624 e
39.46061 74.10865 -0.68283 -0.22047 -0.69652 e
39.50397 83.24995 0.15680 0.97722 -0.14303 e
39.57708 61.69077 0.97921 0.06058 -0.19360 e
39.71492 79.34593 0.51809 -0.30892 -0.79759 e
39.83021 56.99093 -0.95377 -0.28640 0.09111 e
40.02456 24.37872 0.61129 0.53617 -0.58211 e
40.10112 43.81183 -0.51802 -0.71185 -0.47427 e
40.55846 80.78705 0.94315 0.28254 0.17506 e
40.74652 33.10675 -0.03258 0.92943 -0.36756 e
40.75120 64.45473 0.06912 -0.23816 -0.96876 e
40.76446 81.69719 -0.09672 -0.82540 -0.55621 e
41.08719 62.41699 -0.05385 -0.83501 -0.54759 e
41.36864 80.99361 0.41505 -0.68235 0.60177 e
41.56899 66.57545 -0.19487 0.08611 -0.97704 e
41.84795 77.81389 -0.71104 -0.66021 -0.24198 e
41.96473 38.70850 -0.72588 0.60115 0.33424 e
42.25573 66.11646 0.64850 0.18255 -0.73900 e
42.29247 74.24453 0.54448 0.62703 -0.55711 e
42.72695 65.64435 0.15408 -0.65283 -0.74167 e
42.72761 21.20502 -0.98959 0.12202 -0.07637 e
42.91428 84.48089 0.05090 -0.30779 -0.95009 e
43.30007 74.81653 -0.45315 0.41463 -0.78914 e
43.35940 51.33439 -0.08602 0.72251 0.68598 e
43.59337 37.89184 0.41994 0.89677 0.13946 e
43.63398 53.99445 0.19103 0.16855 -0.96700 e
43.65234 71.04195 -0.31420 0.19591 -0.92892 e
43.71851 54.99534 0.36041 0.08312 -0.92908 e
43.98110 77.88952 0.19054 0.97623 -0.10330 e
44.16900 82.85196 0.33137 -0.38416 -0.86175 e
44.50408 53.46625 -0.44043 0.20099 -0.87500 e
44.53574 56.80603 0.11643 0.12241 -0.98563 e
44.54527 55.79038 -0.04705 0.31211 -0.94888 e
44.58051 48.06050 -0.06120 -0.29929 -0.95220 e
44.66756 77.85540 -0.66835 -0.53040 -0.52152 e
44.76105 72.24782 -0.31758 0.90418 -0.28564 e
44.80507 27.61896 0.94395 -0.16190 0.28766 e
44.92114 68.74223 0.00391 -0.99714 0.07552 e
44.92518 47.74277 0.67474 -0.03669 -0.73714 e
44.95520 24.98221 0.48878 -0.74674 0.45109 e
45.07743 75.21202 0.23410 0.63075 -0.73983 e
45.08042 40.78646 0.52644 0.83345 -0.16801 e
45.23077 55.85007 0.11919 0.72755 0.67563 e
45.29755 58.14756 0.60861 0.43953 -0.66061 e
45.33896 48.14385 0.59355 0.37407 -0.71257 e
45.47100 49.09310 -0.74490 -0.66349 -0.07009 e
45.49565 29.57774 0.01830 -0.96364 0.26658 e
45.58432 76.00283 0.41305 -0.68394 -0.60134 e
45.59172 69.34719 -0.27333 -0.43668 -0.85709 e
45.81186 31.00391 -0.45101 0.73638 -0.50432 e
45.87695 22.09400 -0.13553 -0.37501 -0.91706 e
45.93405 57.60876 -0.54003 0.66370 -0.51756 e
45.94430 65.81504 -0.93424 0.07488 -0.34871 e
46.17722 72.46454 0.82794 0.02748 -0.56014 e
46.20934 48.48473 0.28700 -0.67659 -0.67813 e
46.53565 53.72934 -0.21926 -0.86919 -0.44322 e
46.67134 67.57022 0.20976 0.14723 -0.96660 e
46.67796 71.86135 0.86409 -0.34631 -0.36526 e
46.87966 73.16811 -0.49266 -0.78503 -0.37550 e
46.97685 24.54402 -0.45897 -0.82632 -0.32639 e
47.20455 84.49927 -0.83610 0.02328 -0.54808 e
47.31306 44.65080 0.02675 -0.50766 0.86114 e
47.61210 34.96463 -0.24935 0.93551 0.25030 e
47.63511 63.09136 0.52910 -0.67480 0.51449 e
47.69779 38.20137 -0.51237 -0.59264 -0.62150 e
47.93215 72.77526 -0.63523 0.42830 -0.64268 e
47.99280 84.20679 0.66919 0.54633 -0.50369 e
48.09770 52.66490 0.30312 0.93040 -0.20608 e
48.22659 46.33980 0.93581 -0.22170 -0.27405 e
48.37173 57.18197 0.41773 0.90496 -0.08094 e
48.47558 54.59493 -0.08209 0.03567 -0.99599 e
48.50286 54.72808 -0.27532 -0.60757 -0.74502 e
48.55450 50.96033 -0.75394 0.63687 0.16119 e
48.79311 69.02620 -0.33992 -0.42842 -0.83721 e
48.82594 70.64715 -0.19958 0.79698 -0.57008 e
49.01173 49.31555 0.44519 -0.44089 -0.77937 e
49.26836 59.28352 -0.14124 -0.61182 -0.77828 e
49.41447 60.94369 0.39623 0.37039 -0.84013 e
49.45620 57.16951 0.00972 0.99985 -0.01448 e
49.70615 79.82063 -0.28823 -0.71637 -0.63540 e
49.89528 75.66788 0.69315 -0.71984 0.03717 e
49.94794 59.31327 0.60643 -0.17363 -0.77594 e
50.10323 78.40711 -0.39196 0.90154 -0.18331 e
50.23127 57.92718 -0.85780 0.04922 -0.51162 e
50.33762 42.86833 0.04709 -0.27045 -0.96158 e
50.47349 65.97692 0.89638 0.28910 -0.33605 e
50.55030 29.97948 0.81646 -0.51085 -0.26910 e
50.63647 37.65536 -0.33000 -0.02665 0.94361 e
51.06139 59.00750 0.81539 -0.06691 -0.57504 e
51.09351 34.06265 -0.54916 -0.08983 -0.83088 e
51.20278 83.40459 0.74681 0.58499 -0.31633 e
51.57851 50.69867 0.42693 0.10917 -0.89767 e
51.70073 69.49171 0.94115 0.07698 0.32912 e
51.79083 81.73396 0.67110 0.73334 -0.10881 e
51.81332 83.16717 -0.74172 -0.67061 -0.01182 e
51.91589 77.19907 0.01452 -0.77399 -0.63303 e
51.93449 74.25167 0.20489 -0.34582 -0.91566 e
52.05178 34.04749 -0.93220 -0.36133 0.02115 e
52.47801 65.14682 -0.65787 -0.12846 -0.74210 e
52.59529 57.63310 -0.40633 0.17640 -0.89654 e
52.68635 50.05746 0.32033 -0.30220 -0.89781 e
53.06844 51.26233 0.40018 0.26241 -0.87807 e
53.26338 78.35684 0.37372 -0.77332 0.51216 e
53.29754 19.06890 0.77112 0.61483 0.16539 e
53.37140 31.08863 -0.05709 -0.86470 -0.49904 e
53.50752 41.35807 0.65223 0.04366 -0.75676 e
53.56733 58.89503 0.70968 0.65710 0.25412 e
53.69114 51.38712 -0.94671 0.31241 -0.07836 e
53.80266 35.73355 -0.23361 0.86718 0.43980 e
54.07535 83.89957 -0.98176 -0.02862 0.18796 e
54.14616 22.61628 -0.74396 -0.17247 0.64558 e
54.20669 51.69185 -0.40851 0.86380 -0.29491 e
54.33296 46.84592 -0.15184 0.26464 -0.95232 e
54.37059 41.44771 0.45417 -0.66651 0.59119 e
54.39198 55.68815 0.67508 0.14970 -0.72240 e
54.56533 67.62132 0.23578 0.06478 -0.96965 e
54.97931 55.29163 -0.07212 0.77459 -0.62834 e
55.15203 78.17531 0.95708 0.28857 -0.02679 e
55.41005 52.85457 -0.32427 0.89950 -0.29282 e
55.53938 48.63358 -0.37992 0.88744 -0.26100 e
55.90331 58.05406 -0.13655 -0.70411 -0.69684 e
56.11184 46.64902 0.43609 0.84655 -0.30526 e
56.24331 59.42848 0.71293 0.31543 -0.62629 e
56.47361 35.34050 0.64503 -0.74567 -0.16709 e
56.56242 56.22375 -0.10962 0.68434 0.72088 e
56.70607 43.46129 0.73198 -0.26781 0.62649 e
57.14673 69.44263 -0.28503 -0.51238 -0.81008 e
57.48885 54.14960 0.60476 -0.55731 -0.56892 e
57.56256 49.27674 -0.14460 0.94629 -0.28918 e
57.73892 69.89409 0.02055 -0.08226 -0.99640 e
57.75317 74.73236 0.90413 0.12873 0.40742 e
57.81343 72.78060 -0.30611 0.76346 -0.56870 e
57.90461 53.34598 0.90322 -0.06917 -0.42357 e
57.92012 35.84405 0.54027 0.02472 -0.84113 e
57.98415 81.92289 -0.06261 0.03665 -0.99737 e
58.14527 61.22514 -0.80693 -0.58889 0.04558 e
58.36947 75.72447 -0.56254 -0.81823 -0.11851 e
58.41240 49.05785 -0.96946 -0.24247 0.03672 e
58.73943 27.65800 -0.28628 0.13285 -0.94889 e
58.77172 28.94590 -0.92104 0.05082 -0.38614 e
58.79278 65.24372 0.36994 0.80978 -0.45541 e
58.80763 79.74680 0.55970 -0.12516 -0.81919 e
58.86721 56.79272 0.83985 -0.48238 -0.24891 e
59.39477 82.65545 0.88143 0.14326 0.45006 e
59.47291 77.99664 0.94890 0.04749 -0.31197 e
59.60857 54.22606 0.15812 0.61171 -0.77512 e
59.62883 80.84849 -0.63329 0.75759 -0.15812 e
59.65968 79.53825 -0.70616 -0.65457 -0.26996 e
59.69289 72.09332 -0.44710 -0.72219 0.52778 e
59.90252 75.97234 0.25374 -0.38038 -0.88934 e
60.48364 80.52175 0.18909 -0.48581 -0.85336 e
60.67231 20.08616 -0.58044 0.61227 0.53686 e
60.68684 47.44933 0.41551 0.55366 -0.72167 e
60.71089 41.42986 -0.14504 -0.52716 -0.83730 e
60.95464 44.99276 0.58219 0.69936 -0.41467 e
60.95727 62.78371 -0.38591 -0.83260 0.39731 e
61.21348 65.74392 -0.28138 0.95296 -0.11266 e
61.51064 64.03759 0.13423 0.76946 -0.62443 e
61.66021 34.73714 0.06631 -0.15732 -0.98532 e
61.77865 49.29923 0.38443 -0.24659 -0.88961 e
62.05625 76.09833 0.32287 0.88217 -0.34284 e
62.13149 82.85040 -0.33878 0.20674 -0.91787 e
62.19392 59.07698 -0.78072 -0.00366 0.62487 e
62.27638 71.87218 0.93048 0.29711 0.21431 e
62.65249 84.39493 0.22326 -0.05817 -0.97302 e
62.84070 49.58915 -0.64644 -0.16011 -0.74598 e
62.84551 55.31662 0.63100 -0.11340 -0.76745 e
62.85116 47.27452 -0.44825 -0.89080 -0.07456 e
62.85592 79.91260 0.26237 0.57185 -0.77727 e
63.02141 59.21640 -0.32860 0.37465 -0.86698 e
63.46257 20.60572 0.46288 0.06010 0.88438 e
63.57990 33.50833 -0.93598 -0.27565 -0.21901 e
63.70025 66.89741 -0.85442 -0.15920 -0.49459 e
63.82682 20.11413 -0.38981 -0.72317 0.57015 e
64.01210 62.56966 0.94339 0.08192 -0.32141 e
64.81360 74.84274 -0.30623 0.75171 -0.58409 e
64.96685 33.29646 0.18714 0.87961 -0.43733 e
65.14893 57.10773 -0.58642 -0.45034 0.67328 e
65.15771 63.98812 0.86516 0.00083 -0.50150 e
65.22249 81.39436 0.52891 -0.45376 -0.71718 e
65.23059 67.88008 0.46255 0.88484 0.05574 e
65.27907 52.09656 0.78701 0.40911 -0.46179 e
65.42173 25.36160 0.28238 0.68544 -0.67115 e
65.63075 61.38841 0.68947 -0.61257 -0.38650 e
65.89236 83.70163 0.39465 -0.81013 0.43351 e
66.25223 58.80649 -0.14847 0.68364 -0.71456 e
66.72296 72.97378 -0.28128 0.95960 -0.00675 e
66.87162 34.19178 -0.01433 0.97341 0.22863 e
67.02272 74.08109 0.72516 0.45455 0.51724 e
67.12105 74.24233 0.98993 -0.10322 0.09685 e
67.29189 39.57949 -0.82663 0.48148 0.29132 e
67.36124 47.03872 -0.83657 0.27383 -0.47451 e
67.57159 58.74485 -0.57868 0.70973 -0.40176 e
67.76444 83.24140 -0.62701 -0.71886 -0.30016 e
67.86553 68.14180 -0.92218 -0.38493 0.03770 e
68.43353 81.98701 -0.14039 0.03735 -0.98939 e
68.64081 72.87441 -0.26740 0.51398 -0.81506 e
68.71829 63.23293 -0.19071 -0.88972 -0.41476 e
69.17136 79.19892 0.02356 -0.99919 0.03258 e
69.29560 57.93301 -0.59558 -0.33660 -0.72937 e
69.34346 53.67646 -0.78855 0.24257 -0.56511 e
69.37035 84.42646 -0.52241 0.36586 -0.77022 e
69.41504 37.82172 -0.14614 -0.97825 -0.14723 e
69.47474 57.70484 0.97458 0.11592 0.19173 e
69.50749 39.58304 0.94427 0.15567 0.29002 e
69.66194 34.82383 -0.87569 0.43810 0.20308 e
69.68032 81.39884 -0.04105 -0.36295 -0.93090 e
69.77151 65.67998 -0.42748 0.70463 -0.56635 e
69.96396 32.40144 0.25634 0.90534 -0.33859 e
70.34152 32.43295 -0.25909 0.78362 -0.56463 e
70.39247 61.93989 -0.11381 -0.21139 -0.97075 e
70.58275 39.76422 -0.09323 -0.88731 -0.45165 e
70.64189 66.09531 -0.21854 -0.35688 -0.90822 e
71.14940 50.13066 0.83013 0.29565 0.47272 e
71.25261 49.48711 -0.43991 0.66245 -0.60633 e
71.47298 75.26876 0.87255 0.44880 0.19299 e
71.84059 49.39635 0.57609 0.41103 0.70652 e
72.23798 33.27700 0.10746 0.88034 0.46200 e
72.44433 30.55595 0.32672 0.73613 0.59275 e
72.56411 79.94147 -0.71653 0.09771 0.69068 e
72.83885 30.64699 0.24883 -0.92789 -0.27767 e
73.09901 47.88322 -0.54782 0.16367 0.82043 e
73.27465 43.92402 0.30479 -0.38480 -0.87122 e
73.50468 78.63066 0.00507 0.67829 -0.73478 e
73.78907 83.24162 0.50530 -0.61559 -0.60475 e
73.87199 77.66390 0.18972 -0.32740 0.92564 e
74.15460 49.40354 -0.21908 0.80560 0.55047 e
74.26599 58.09310 -0.13172 0.19195 -0.97253 e
74.30719 52.95900 -0.56445 0.58561 -0.58177 e
74.38552 48.38710 -0.66293 -0.65404 -0.36437 e
74.39849 71.13146 -0.12043 0.93552 -0.33211 e
74.60654 29.18531 -0.98216 0.03030 0.18560 e
75.25954 61.81540 0.80372 -0.13935 -0.57845 e
75.64814 82.70830 -0.29098 0.67666 -0.67636 e
75.78747 43.26597 -0.79599 0.59153 -0.12846 e
76.13495 48.65826 -0.20059 -0.48900 -0.84891 e
76.15594 68.79133 0.48551 -0.63367 -0.60228 e
76.34688 81.35960 -0.42850 0.31167 -0.84809 e
76.48228 59.24683 -0.94306 -0.32671 -0.06245 e
76.53590 73.40267 0.74065 0.66705 0.08053 e
76.69631 30.58836 -0.11807 -0.49276 -0.86212 e
76.81570 51.63201 -0.74281 -0.59305 0.31068 e
76.88607 52.67305 -0.62263 0.70084 -0.34807 e
77.00981 65.34274 -0.35430 0.77605 -0.52175 e
77.26776 62.22989 0.73883 -0.56981 -0.35978 e
77.30303 46.02781 0.03190 -0.27244 -0.96164 e
77.51342 64.79669 0.34468 -0.52051 -0.78119 e
77.56029 44.18741 -0.19309 0.04415 -0.98019 e
77.84695 78.54444 0.82354 0.01953 -0.56692 e
77.85992 36.06790 -0.85355 -0.51583 0.07329 e
77.86761 63.81681 -0.76356 -0.30130 0.57113 e
77.93939 48.96771 0.80832 0.16297 -0.56573 e
78.05390 37.48878 0.72455 -0.24942 -0.64251 e
78.22380 31.71738 0.60408 -0.20812 0.76926 e
78.22539 77.53139 -0.67802 0.60983 -0.41036 e
78.32621 39.67852 0.76448 -0.61375 0.19718 e
78.73372 16.07000 -0.70656 0.03349 -0.70686 e
78.80576 50.89499 0.90292 0.24607 -0.35240 e
78.96802 54.41165 0.31798 -0.22748 -0.92040 e
79.19428 46.75721 0.46907 0.07010 -0.88037 e
79.45464 58.53867 0.41685 0.56056 -0.71554 e
79.72688 53.12783 0.52470 -0.84980 0.05027 e
79.78724 24.83073 -0.63375 0.74150 0.22029 e
79.99437 67.13154 0.33056 0.69595 -0.63748 e
80.30360 40.17472 0.71763 -0.38443 0.58070 e
80.35929 53.93016 -0.14782 -0.49816 -0.85439 e
80.80293 74.23342 0.33559 -0.04360 -0.94100 e
80.83184 58.80511 0.83680 0.49949 -0.22423 e
80.96173 34.03411 0.87138 -0.39809 -0.28673 e
81.29274 63.64191 -0.73356 -0.63300 0.24738 e
81.79885 65.39470 0.25561 -0.91287 -0.31833 e
82.14662 70.40583 -0.88424 -0.00121 -0.46704 e
82.41649 35.50721 -0.90157 -0.35499 0.24729 e
82.58090 39.92545 -0.85058 0.38194 0.36144 e
83.17301 38.94863 -0.41153 -0.90875 0.06941 e
84.34424 54.53431 -0.33714 0.60287 -0.72310 e
85.01670 37.76233 0.91224 0.40895 0.02387 e
85.07358 58.49767 -0.27644 -0.65133 -0.70664 e
85.64262 67.82510 0.77009 -0.54341 -0.33418 e
85.74021 31.67520 0.21749 0.79400 0.56768 e
85.80509 70.46868 -0.56698 -0.77391 -0.28214 e
85.87094 49.81915 0.65258 -0.75360 -0.07895 e
86.16953 16.76864 0.24532 0.83062 -0.49989 e
86.28671 52.74220 -0.97314 -0.03822 0.22700 e
86.33164 54.97912 0.21642 0.04316 -0.97535 e
86.34285 13.65832 0.42866 0.55593 -0.71218 e
86.52437 23.97221 -0.57130 0.01994 -0.82050 e
86.73875 33.81083 -0.73640 -0.67574 -0.03318 e
86.96539 79.26544 -0.21963 0.30813 -0.92565 e
87.21654 82.35669 0.29359 0.95243 0.08179 e
87.43223 34.79823 -0.72430 0.59000 0.35679 e
87.53640 61.06460 0.70635 0.59243 -0.38743 e
87.83758 46.24382 -0.70482 0.55094 -0.44686 e
87.96686 36.77485 -0.56201 -0.71097 0.42269 e
88.07037 34.04253 0.98551 0.14173 -0.09321 e
88.15528 20.25440 -0.08855 -0.98649 0.13782 e
88.20596 29.45373 -0.98347 0.01003 0.18078 e
88.24240 33.55006 0.58787 0.80864 -0.02279 e
88.62427 78.14260 0.05046 0.99819 -0.03259 e
88.68727 70.35328 -0.83442 -0.52507 -0.16747 e
88.76150 81.24994 0.23028 0.65964 -0.71543 e
88.83855 53.04876 -0.86965 -0.47682 0.12786 e
89.24505 34.83499 0.62929 -0.46466 -0.62296 e
89.96963 48.01770 0.55179 0.72349 -0.41483 e
90.22010 44.52631 -0.52637 0.21323 -0.82308 e
90.76608 26.70267 -0.80206 -0.34969 0.48416 e
90.80115 45.88213 -0.83496 -0.06508 0.54645 e
91.39886 24.29916 0.13819 -0.53782 -0.83165 e
91.88229 40.01235 -0.05416 0.12326 -0.99090 e
92.09531 25.94636 -0.38495 -0.42697 -0.81824 e
92.11483 25.76779 0.57371 0.48430 -0.66054 e
92.33706 78.62499 0.63833 0.08369 0.76520 e
92.62135 37.10964 -0.94833 0.19980 -0.24646 e
92.71110 25.41862 -0.68611 0.01227 -0.72740 e
92.99413 30.84274 -0.49993 -0.20360 -0.84180 e
93.39578 68.17461 -0.85159 0.51030 0.11995 e
93.81457 84.55451 -0.97719 0.17274 0.12354 e
93.82349 47.36221 -0.46689 0.12048 -0.87607 e
94.04952 52.45983 0.23204 0.58382 0.77802 e
94.09470 63.97495 0.17010 -0.98401 -0.05283 e
94.75049 71.98925 0.14313 -0.96331 -0.22705 e
95.19963 24.55473 -0.78091 -0.60678 -0.14830 e
95.27857 73.80422 0.42083 -0.57638 -0.70049 e
95.37486 28.57669 -0.97052 -0.21444 0.11004 e
95.59789 84.51470 0.37072 0.58793 -0.71896 e
96.12752 26.25962 -0.78991 0.61098 0.05249 e
96.26719 45.28039 0.79841 0.31726 -0.51174 e
96.31963 33.49961 -0.53275 0.82896 0.17029 e
97.63067 35.88114 -0.00106 0.36628 -0.93050 e
97.64769 57.19104 -0.54592 0.80258 -0.24049 e
98.03987 19.65158 0.83723 -0.27935 0.47012 e
98.58554 42.23554 0.34377 -0.05935 -0.93718 e
98.64476 51.54324 0.80424 -0.11564 -0.58294 e
99.02186 58.15474 -0.21223 0.33794 -0.91693 e
99.61445 51.28950 -0.31589 -0.89301 -0.32053 e
99.77686 46.25766 -0.82211 0.55844 0.11081 e
99.90865 47.11854 0.73816 -0.14779 -0.65824 e
100.46618 69.68493 -0.45475 -0.08125 -0.88691 e
100.51394 63.99693 -0.13779 -0.98997 0.03115 e
100.54462 67.83370 0.04646 -0.09732 0.99417 e
100.72568 38.39841 -0.13913 0.09817 -0.98540 e
100.83183 39.31403 -0.85586 0.50611 0.10657 e
100.83712 30.01902 0.84696 -0.32828 -0.41821 e
101.11273 74.45644 -0.85758 -0.21585 0.46687 e
101.14793 74.35169 -0.41552 -0.70250 -0.57779 e
101.22592 45.10032 -0.61509 -0.47372 -0.63028 e
101.29423 83.44201 -0.53991 0.32570 -0.77615 e
101.61292 59.51870 -0.67105 -0.74019 -0.04258 e
102.37060 78.07255 -0.51233 -0.85380 -0.09243 e
102.56063 52.64605 0.66064 0.56057 -0.49931 e
102.64976 54.60759 0.87146 -0.01319 -0.49029 e
103.23261 82.93910 -0.92538 -0.27730 -0.25843 e
103.26009 50.14869 -0.48730 -0.66375 -0.56742 e
103.77427 55.33747 -0.62793 -0.71391 0.30991 e
103.99369 84.00322 0.38474 -0.61434 -0.68889 e
104.22549 20.05797 0.03588 0.70588 -0.70742 e
104.43610 31.70186 -0.20130 -0.73514 -0.64734 e
104.47421 21.81172 0.24278 0.70288 -0.66860 e
105.35921 59.67331 0.01548 0.07043 -0.99740 e
105.96296 64.26756 0.93379 0.32364 -0.15265 e
106.06749 31.47760 0.21835 0.96218 0.16288 e
106.31356 68.52529 0.91492 -0.33234 0.22908 e
106.39120 63.56886 -0.01798 0.06766 -0.99755 e
106.43454 33.59546 0.81198 -0.21767 0.54159 e
106.63512 33.16352 0.27225 -0.89210 -0.36061 e
106.78927 29.92954 -0.12769 -0.98539 0.11270 e
106.82462 28.78406 -0.45428 -0.11172 -0.88383 e
107.14205 68.62781 -0.85284 0.18740 -0.48739 e
107.48022 40.46555 -0.80362 0.28060 -0.52485 e
107.70435 56.63385 -0.47507 -0.40202 -0.78274 e
107.81636 24.27664 0.18103 -0.55524 0.81175 e
108.12633 25.79153 -0.20755 0.59008 -0.78021 e
108.31137 53.31327 0.30563 -0.94954 0.07043 e
108.95440 76.67255 0.84536 -0.36921 0.38607 e
109.07860 57.42427 -0.36909 -0.59323 -0.71544 e
109.60971 29.97090 -0.40248 -0.89526 0.19111 e
109.76111 71.57942 0.07255 -0.99601 0.05187 e
109.90149 17.26074 0.87067 -0.30191 -0.38832 e
110.27471 61.03914 -0.40903 -0.04331 -0.91149 e
110.32666 35.68883 0.68887 -0.69661 -0.20049 e
110.34375 23.11468 -0.20490 0.31748 0.92586 e
110.52063 41.44095 -0.35552 0.89839 -0.25788 e
110.68812 44.10715 0.16275 0.45177 -0.87716 e
111.30143 55.41375 0.34518 -0.87074 -0.35023 e
111.39447 29.00776 0.87426 0.29977 0.38184 e
111.71659 40.34394 -0.54614 0.12169 -0.82881 e
112.47860 29.75747 0.49789 -0.59574 -0.63024 e
112.75335 51.45227 0.93629 0.13539 0.32408 e
112.87015 72.23486 0.30806 -0.95046 -0.04161 e
113.90489 59.55669 0.08108 0.36685 -0.92674 e
114.59301 26.34881 -0.54470 -0.79276 -0.27355 e
114.79112 42.12911 -0.12125 0.37946 -0.91723 e
114.87663 61.68075 0.81261 0.18181 -0.55372 e
115.54768 67.81296 0.49900 -0.58509 -0.63928 e
115.69510 62.44890 -0.23285 -0.37629 -0.89677 e
116.05704 62.25611 -0.65919 -0.57627 -0.48309 e
116.64876 42.20073 0.58139 0.37344 -0.72286 e
116.95325 61.69095 -0.83503 0.10100 -0.54086 e
116.95413 40.89802 -0.42775 0.01621 -0.90375 e
118.05819 54.26588 -0.56395 -0.31983 -0.76136 e
118.06748 14.71217 -0.76210 0.58479 -0.27789 e
118.14545 84.11085 -0.49910 -0.26327 0.82559 e
119.36447 73.76424 0.44577 -0.88927 -0.10244 e
119.86208 74.62592 0.87191 -0.47660 -0.11231 e
120.99451 54.90256 -0.73443 -0.36434 -0.57259 e
121.22701 74.32913 -0.51225 0.64224 -0.57020 e
121.24331 33.18591 0.78387 0.45120 -0.42658 e
121.80098 63.02310 -0.15863 -0.09147 0.98309 e
122.61251 35.12445 -0.01712 -0.46087 -0.88730 e
122.66021 80.85239 -0.21751 0.12498 -0.96802 e
122.80775 28.94795 -0.14974 -0.80383 -0.57571 e
123.08747 32.82709 0.79471 0.25600 0.55037 e
123.35666 20.93946 -0.04110 0.62445 0.77998 e
124.25215 56.35985 -0.76032 0.08290 -0.64424 e
124.37823 61.09988 0.59838 -0.59049 0.54153 e
124.41643 6.30804 0.07269 0.99476 0.07188 e
124.71780 46.34323 -0.43224 0.39092 -0.81262 e
124.85989 31.05156 -0.58937 0.36284 -0.72180 e
124.87641 65.92174 0.42889 0.55184 -0.71521 e
124.94564 77.91638 0.42933 0.09260 -0.89839 e
125.57071 36.13155 0.26030 -0.95803 0.12012 e
125.76348 75.79665 -0.82415 -0.30206 -0.47910 e
126.12746 32.05781 -0.56102 -0.26531 -0.78413 e
126.33046 25.45448 0.31353 0.07270 0.94679 e
126.36298 66.19642 0.56621 -0.80479 -0.17807 e
126.38230 72.94892 -0.00039 0.62493 -0.78068 e
126.54416 57.27638 0.87899 -0.45923 0.12839 e
126.68348 36.96892 -0.67984 -0.73238 0.03785 e
127.51487 68.33578 0.21017 0.89363 -0.39656 e
128.27868 62.67811 0.65625 0.07597 -0.75071 e
128.32411 49.62371 -0.31126 0.90534 0.28892 e
128.44203 28.83439 0.90136 0.01137 0.43291 e
128.47784 35.64247 0.79183 -0.60581 -0.07750 e
128.67438 49.38505 -0.76488 -0.04847 -0.64234 e
128.98919 55.62551 -0.85876 0.45288 -0.23965 e
129.06657 74.53821 0.85434 -0.28706 -0.43325 e
130.16186 66.81670 -0.07358 -0.86031 -0.50444 e
130.21612 35.96339 0.74442 -0.66710 -0.02844 e
130.28402 27.19226 0.21360 0.97593 0.04402 e
130.38226 41.69877 -0.14452 -0.18318 -0.97240 e
130.41605 36.43287 -0.28254 -0.95039 0.13016 e
130.47292 69.43191 -0.38168 -0.41232 -0.82723 e
130.69946 53.93370 -0.61275 0.79023 -0.00814 e
130.75410 43.15449 0.84375 -0.27505 -0.46090 e
130.78198 53.45672 0.08032 0.95211 -0.29502 e
131.14301 73.67383 -0.97448 -0.22083 0.04029 e
132.46882 58.90276 -0.21216 0.40763 -0.88816 e
132.62135 64.75628 0.29982 -0.68617 -0.66278 e
132.78820 28.84480 0.52305 -0.69387 -0.49493 e
133.07118 72.99901 -0.60843 -0.49320 -0.62175 e
133.59536 75.69156 -0.52722 -0.75968 -0.38070 e
134.66686 69.37462 -0.07882 0.96307 0.25747 e
135.02014 71.42234 0.70157 -0.70069 0.12974 e
135.05806 82.27759 0.27934 -0.51253 -0.81196 e
135.16358 46.45653 -0.28416 -0.95328 -0.10256 e
135.20456 32.47234 -0.32176 -0.37729 -0.86840 e
135.41764 61.92864 0.90684 -0.01815 -0.42109 e
136.25343 33.72697 0.21202 0.63025 0.74688 e
136.27040 63.16366 0.43330 0.87007 -0.23501 e
137.07804 38.25643 0.00381 0.34400 -0.93896 e
137.36300 17.83213 -0.00559 0.75172 -0.65946 e
137.39119 42.09984 -0.28662 -0.92025 -0.26642 e
137.98747 68.21450 0.95836 0.21319 -0.19001 e
138.80100 65.65368 0.86026 -0.50859 -0.03590 e
138.96006 40.90057 -0.67554 -0.49472 0.54671 e
139.17652 43.92955 0.98358 0.18041 0.00536 e
139.67003 18.91645 0.70719 -0.70278 0.07736 e
139.70961 72.37905 -0.57550 -0.49912 -0.64783 e
139.89527 29.23745 -0.84808 -0.48406 0.21549 e
139.95774 24.66355 -0.19141 -0.43674 0.87899 e
139.96120 52.59747 0.42438 -0.88458 0.19345 e
140.03135 50.21764 -0.46352 -0.23602 -0.85408 e
140.99968 70.88739 0.71053 -0.36040 -0.60436 e
141.38511 49.28898 0.34098 0.45303 -0.82371 e
141.55218 58.78124 -0.60000 0.77796 0.18648 e
142.91704 24.78070 -0.23987 -0.97029 0.03171 e
142.93153 74.65570 -0.58242 -0.60544 -0.54242 e
143.28539 82.12785 -0.24932 -0.40665 -0.87890 e
143.58533 29.86843 0.62003 0.28873 -0.72952 e
143.69345 63.23327 -0.96464 0.20623 -0.16412 e
143.81472 24.09079 -0.49351 0.02076 0.86949 e
144.25864 72.87564 0.28435 0.41858 -0.86252 e
144.89276 56.72850 -0.36596 -0.50695 -0.78043 e
145.19121 33.20219 0.58212 0.57435 0.57555 e
145.21778 40.18854 0.21147 0.68651 0.69569 e
145.26028 31.58703 -0.32768 0.89410 -0.30531 e
145.66253 33.12571 0.34880 0.52105 -0.77900 e
146.11302 54.96285 -0.08814 0.87567 -0.47479 e
146.14838 35.78693 0.80318 0.36324 -0.47219 e
146.46255 26.39792 -0.68167 0.58676 -0.43709 e
147.32253 43.57256 -0.48136 0.79933 0.35967 e
147.96373 40.22249 -0.61549 0.12734 -0.77779 e
148.82154 40.62184 -0.60198 0.36500 0.71021 e
148.84571 57.14117 0.67313 0.65429 0.34467 e
149.08069 74.72796 0.18544 0.98038 0.06677 e
149.10511 82.51914 -0.32914 -0.60367 0.72612 e
149.55515 31.63283 0.80227 -0.52538 0.28344 e
150.15101 21.00548 0.49419 0.06583 -0.86686 e
150.27496 69.21927 -0.79654 -0.37109 -0.47730 e
150.37267 73.83851 -0.67986 0.24569 -0.69097 e
150.39947 42.15453 -0.29873 0.47709 -0.82652 e
150.56420 43.67175 0.85264 -0.43954 -0.28251 e
150.57856 64.21284 -0.57196 -0.77998 -0.25394 e
150.62289 60.75164 0.56899 0.05225 0.82068 e
150.65610 30.57804 0.71056 0.63683 -0.29926 e
150.97624 32.96543 -0.25862 -0.57664 -0.77498 e
151.03419 53.02669 0.13381 -0.94107 -0.31060 e
151.44060 14.41509 -0.04084 0.16012 0.98625 e
151.72321 21.12030 0.65895 -0.44938 -0.60319 e
152.12666 54.09013 -0.41690 0.79622 -0.43844 e
152.70952 78.31778 -0.92507 0.34846 -0.15105 e
152.80105 42.53267 0.09582 -0.63601 0.76571 e
153.03067 21.66756 0.14851 0.98452 0.09306 e
153.28920 41.87188 0.13898 -0.98999 -0.02438 e
153.66274 64.79800 0.07660 0.36824 -0.92657 e
154.15641 81.25527 0.86143 -0.45459 -0.22646 e
154.22539 59.96815 -0.44547 0.86992 0.21165 e
155.16622 66.89334 -0.25342 -0.27070 -0.92871 e
155.21926 15.04102 -0.00018 0.56273 0.82664 e
155.53481 51.77753 -0.13565 0.87512 -0.46451 e
155.69484 62.62243 0.06611 0.98826 -0.13772 e
156.47513 71.33491 -0.28630 0.95813 0.00468 e
156.64563 21.31433 0.53346 -0.83173 -0.15379 e
157.41990 57.67125 -0.08978 -0.93654 -0.33888 e
157.43525 68.26987 0.85873 0.13476 -0.49440 e
158.50858 80.74418 -0.03028 -0.79841 -0.60135 e
158.82739 57.30936 0.94184 0.30250 0.14640 e
158.94640 26.22066 0.43269 0.82146 -0.37146 e
159.11165 44.67245 -0.63181 -0.46281 -0.62179 e
159.41601 64.08668 0.75758 -0.61943 -0.20588 e
159.41954 31.44588 -0.73718 0.66065 0.14178 e
159.62228 52.80907 -0.14232 0.51441 -0.84565 e
159.78476 27.24247 -0.76485 0.09138 0.63770 e
159.78511 36.71487 0.23502 0.96091 -0.14636 e
160.15241 44.60388 -0.74449 -0.36119 0.56149 e
160.21194 83.30087 0.24883 -0.61179 0.75086 e
160.35476 40.15011 -0.54159 -0.79337 0.27794 e
161.01231 33.74572 0.83494 -0.51765 0.18684 e
161.74161 69.59278 0.81473 -0.35117 0.46141 e
161.87572 41.50484 0.98878 0.13657 0.06052 e
162.12504 30.95537 -0.78356 0.39701 -0.47792 e
163.02928 74.40694 0.05665 -0.99464 0.08651 e
163.57930 64.06348 0.86953 0.35476 -0.34359 e
163.78597 34.03965 0.32609 -0.41438 -0.84968 e
163.79823 22.33125 0.75105 -0.65979 -0.02448 e
164.00809 83.83879 -0.74818 0.54410 -0.37971 e
164.61176 83.77635 -0.29950 0.46159 0.83501 e
164.77029 70.10069 0.38900 0.27418 -0.87949 e
164.81546 9.42244 0.13389 -0.51756 -0.84511 e
164.81807 44.65077 0.69489 0.71363 0.08865 e
164.88669 49.17221 -0.48506 -0.25047 -0.83784 e
165.22825 62.95477 -0.57254 -0.12756 -0.80989 e
165.36699 63.19260 0.95321 -0.00491 -0.30228 e
165.60720 24.02459 0.43718 -0.82074 0.36777 e
165.91635 31.96896 0.46887 0.40190 -0.78654 e
166.68196 36.02843 -0.20251 -0.54174 -0.81578 e
166.80046 38.62254 0.00397 0.80187 -0.59749 e
167.56886 53.40828 0.28972 0.56396 0.77331 e
167.64729 48.66090 0.67915 0.33416 0.65352 e
167.66561 69.62525 0.79722 0.60314 0.02548 e
167.69108 60.19580 -0.50167 -0.78960 -0.35336 e
167.86187 37.22918 0.58664 -0.79877 -0.13346 e
167.95754 30.35054 0.37313 0.03797 -0.92700 e
168.21434 15.34425 0.23232 -0.75129 0.61772 e
168.34897 22.79592 0.83066 0.36872 0.41719 e
168.65733 33.27927 -0.92522 -0.37907 0.01680 e
168.68874 49.12624 0.52811 -0.60722 0.59362 e
168.81531 22.79808 -0.42510 0.80369 0.41639 e
168.86374 62.75584 0.16567 0.78537 -0.59645 e
168.96277 33.02161 -0.95942 0.10566 -0.26145 e
169.18965 27.79856 -0.69424 0.47163 -0.54369 e
169.63215 74.73681 -0.79908 0.37832 -0.46727 e
169.76213 29.75578 -0.20605 -0.82517 0.52596 e
170.27117 76.94800 -0.70265 0.56041 0.43842 e
170.35051 50.14628 0.41930 0.87454 -0.24365 e
170.35791 28.17756 -0.17388 -0.88492 -0.43206 e
170.93079 67.96373 -0.22912 -0.96820 -0.10043 e
171.05784 62.62832 0.14716 -0.95545 -0.25583 e
171.17265 58.33099 -0.99133 0.04936 -0.12177 e
171.23364 58.83249 -0.99619 -0.04618 0.07402 e
171.91153 38.57690 0.49403 0.74444 -0.44916 e
172.62251 30.87390 -0.20653 -0.26122 -0.94293 e
172.78936 30.39472 0.83652 0.54678 -0.03554 e
173.07076 63.94657 -0.12532 -0.75107 0.64822 e
173.12272 67.04889 0.84383 0.17790 -0.50627 e
173.36448 28.00104 -0.22737 0.96898 0.09682 e
173.65261 61.39842 -0.76757 -0.38454 0.51280 e
173.88530 67.58168 0.64204 0.60141 -0.47549 e
174.45601 79.82861 -0.46780 -0.29325 -0.83377 e
174.48462 52.26911 0.83312 0.34555 -0.43187 e
174.62165 41.78582 -0.86212 -0.20794 -0.46207 e
174.87134 73.62559 0.32441 0.04313 -0.94493 e
175.66300 70.20934 0.42408 0.40314 -0.81095 e
175.69112 66.20528 -0.55230 -0.45633 -0.69766 e
176.21102 60.24567 0.36542 0.74531 0.55765 e
176.52978 40.16972 0.84079 -0.08954 -0.53390 e
177.00443 60.40078 -0.93535 0.33901 -0.10093 e
177.15208 61.63459 -0.08320 -0.43933 -0.89446 e
178.43420 39.87121 -0.89252 -0.35666 -0.27604 e
178.57073 28.78090 0.81908 0.47368 -0.32363 e
178.58561 19.13742 -0.95340 0.26193 0.14976 e
179.23405 27.82248 0.03206 -0.28911 -0.95676 e
179.60885 45.70063 -0.39692 -0.84279 0.36355 e
179.70955 25.10203 -0.43999 0.44440 0.78033 e
180.83384 24.32762 -0.58344 -0.78200 0.21924 e
181.06311 78.93382 -0.50973 0.61788 -0.59866 e
181.22684 20.24569 -0.09633 -0.45402 0.88577 e
181.46238 50.05059 -0.29968 -0.70295 -0.64502 e
181.55973 69.25147 -0.55325 0.17257 -0.81494 e
181.79035 28.46643 -0.43344 -0.52496 -0.73249 e
182.89116 22.91610 -0.02846 0.74700 0.66422 e
183.82396 24.30933 -0.84178 -0.26555 -0.46999 e
183.90622 31.80298 0.18917 0.97090 0.14690 e
184.04427 69.09334 -0.19277 0.96166 -0.19504 e
184.12199 37.55293 0.13569 0.14522 -0.98005 e
184.72101 42.04078 -0.21455 0.58729 -0.78042 e
184.85982 26.51715 0.29725 0.04677 0.95365 e
184.89295 60.73605 -0.36431 -0.42171 -0.83032 e
185.05087 47.54776 0.86317 -0.24681 -0.44047 e
186.86998 53.60084 -0.45832 0.11240 -0.88165 e
187.32920 84.84762 -0.29562 -0.31624 0.90145 e
188.60858 78.12791 -0.75845 -0.65159 0.01349 e
188.72911 50.97198 0.67334 -0.57662 -0.46273 e
189.55621 73.12523 0.86206 -0.40059 -0.31044 e
189.85920 41.37193 0.46258 0.88640 -0.01786 e
190.39743 63.19392 -0.20237 -0.71962 0.66422 e
190.42361 59.79894 -0.06093 -0.60703 -0.79234 e
191.04618 75.12456 -0.08179 0.99501 -0.05723 e
191.15614 44.10448 -0.87533 0.41487 -0.24835 e
191.82909 32.57606 0.47537 -0.75663 0.44892 e
192.05726 24.61302 -0.32500 -0.12455 0.93748 e
192.24761 37.23279 -0.69867 0.38898 -0.60046 e
192.83789 79.46324 0.13795 -0.78343 -0.60597 e
193.82161 29.46752 0.16723 -0.94111 0.29385 e
193.83545 79.11772 0.60839 -0.64062 0.46848 e
193.91156 57.54378 0.00418 0.86379 -0.50384 e
193.94119 50.14514 0.30843 0.94211 -0.13150 e
194.55022 33.56964 0.75370 0.32016 -0.57397 e
194.70189 43.94547 -0.16893 0.07213 -0.98299 e
195.02358 70.01937 0.75844 0.17299 0.62836 e
195.14729 31.97264 -0.33178 -0.89902 0.28581 e
195.18644 32.53907 -0.74538 -0.65447 -0.12683 e
195.72879 54.03745 0.27168 0.91706 -0.29188 e
195.89203 74.91985 -0.36247 -0.28035 -0.88883 e
196.26080 33.48376 0.42557 0.63944 -0.64032 e
196.35974 68.38904 0.09692 0.83045 0.54860 e
196.44026 63.41286 0.53266 -0.23549 -0.81291 e
196.70218 32.98878 0.15919 0.07252 -0.98458 e
198.06310 71.85337 -0.22503 -0.95830 -0.17613 e
199.47012 38.03163 -0.81180 0.47296 -0.34248 e
201.36138 40.70427 0.31511 -0.94883 0.02045 e
202.00025 42.64024 0.05958 0.01843 0.99805 e
202.30406 38.21786 0.78782 0.61543 -0.02418 e
202.39554 37.86688 -0.33349 -0.44914 0.82889 e
203.01321 50.17427 0.82742 -0.56137 0.01537 e
203.59462 36.94269 -0.05699 -0.93484 -0.35047 e
203.72224 50.79101 0.50211 0.86479 0.00555 e
204.00601 42.94311 -0.82565 -0.03883 -0.56285 e
204.22234 30.65702 0.84736 0.35383 -0.39595 e
204.50794 31.90563 0.90968 0.37121 -0.18622 e
204.52745 38.03510 -0.86345 -0.36782 0.34519 e
204.61336 44.61214 -0.04026 -0.97384 -0.22363 e
204.83037 55.45684 -0.05377 0.66840 -0.74186 e
205.48862 73.66479 -0.06235 0.36816 -0.92767 e
205.48869 53.34314 0.91781 0.26414 -0.29641 e
206.01672 34.19981 0.97043 0.23704 0.04559 e
207.57560 68.99934 0.02372 -0.94863 0.31551 e
207.61874 42.55669 -0.42195 0.89404 -0.15047 e
208.46913 82.17734 -0.97390 -0.09809 -0.20471 e
208.63740 44.98255 -0.30640 0.89056 0.33619 e
208.86709 37.14577 -0.20378 -0.97859 0.02879 e
208.94059 34.83445 -0.96758 0.17317 -0.18385 e
210.18463 23.37211 -0.26938 0.95959 -0.08134 e
210.59892 70.70265 -0.82997 -0.37389 0.41396 e
210.77883 38.84411 0.96730 0.25363 0.00321 e
211.11503 65.60738 0.47728 0.73910 -0.47532 e
211.35976 30.89499 0.30753 0.93193 0.19217 e
211.46133 36.83048 0.45631 -0.05752 -0.88796 e
211.87618 46.99350 -0.22349 -0.22086 -0.94936 e
212.02086 25.07515 -0.40492 -0.44098 -0.80098 e
212.40932 13.62736 0.03334 0.68816 -0.72480 e
212.62452 39.40326 0.20512 0.75846 0.61860 e
212.64066 76.61447 -0.68807 -0.54235 -0.48209 e
213.76973 52.50975 -0.54663 0.25469 -0.79770 e
214.71301 65.09251 -0.10762 0.89878 0.42498 e
214.88151 23.95827 -0.93336 0.07793 0.35039 e
215.06492 48.40766 0.36985 0.04266 -0.92811 e
215.45113 66.83622 -0.33565 -0.79268 0.50892 e
215.69228 56.23354 0.11336 -0.29890 -0.94753 e
216.09183 54.62519 -0.45054 -0.88546 0.11389 e
216.20490 32.92983 0.81619 -0.44479 -0.36878 e
216.74345 41.37113 -0.54472 -0.54262 -0.63941 e
216.97872 34.12488 0.31690 -0.93800 0.14047 e
217.39719 48.83808 -0.69345 0.25069 -0.67549 e
218.69201 62.09479 0.38198 -0.81914 -0.42791 e
219.81302 66.63642 -0.23694 0.84644 0.47686 e
219.95000 60.08873 -0.28266 0.94623 -0.15734 e
220.31263 63.82029 -0.26367 0.17316 -0.94894 e
220.38694 38.56050 -0.90582 0.23972 -0.34933 e
220.39697 55.13283 -0.96127 0.23922 0.13689 e
221.14842 35.48493 0.72022 0.64972 -0.24319 e
221.27698 50.53426 -0.92891 -0.05934 0.36552 e
222.46666 72.65500 -0.06088 -0.93726 -0.34326 e
222.78001 64.32380 0.70715 -0.60809 -0.36079 e
223.15877 62.85459 0.31138 0.30016 -0.90164 e
223.51512 26.26273 0.28745 -0.14648 -0.94653 e
223.92253 59.08809 0.64249 -0.74761 0.16818 e
223.95043 77.51131 0.96763 0.25179 0.01703 e
224.58030 81.56057 -0.99920 -0.03988 -0.00241 e
224.82666 33.51942 0.58791 0.35924 -0.72478 e
224.99679 37.13457 0.96100 0.17647 -0.21293 e
226.41914 59.80494 -0.33001 0.55746 -0.76179 e
226.57837 84.28636 -0.33424 -0.81522 -0.47298 e
226.85672 31.10878 -0.33051 0.02537 -0.94346 e
227.08585 79.25342 -0.78974 -0.61337 0.00949 e
227.86372 71.52828 -0.27378 -0.95871 -0.07691 e
227.88615 55.79695 -0.61819 -0.20032 0.76008 e
228.40089 26.61630 -0.73851 -0.38004 -0.55693 e
229.78301 41.21423 -0.64544 -0.76076 -0.06827 e
230.86521 41.26213 -0.62752 -0.72086 0.29426 e
231.04444 11.76831 0.76141 0.64731 -0.03533 e
231.54832 43.93716 0.23893 0.79723 0.55438 e
231.79953 9.11436 0.43820 -0.82528 0.35621 e
232.26978 48.82110 -0.98250 -0.03057 -0.18372 e
232.94347 35.21690 0.72409 0.02979 -0.68907 e
233.38756 67.71133 0.49176 0.85641 -0.15729 e
233.76900 76.54452 0.73949 -0.36365 -0.56650 e
234.06201 56.83088 0.92727 -0.19076 -0.32215 e
234.15046 39.23312 -0.69712 -0.18830 0.69179 e
234.22599 83.72543 -0.55885 -0.80442 -0.20150 e
235.10909 62.35353 0.91452 -0.01197 -0.40437 e
235.38723 84.07626 0.07191 -0.94876 0.30770 e
235.40185 57.41654 -0.30403 -0.83936 0.45060 e
235.71782 28.65693 0.27207 -0.72812 -0.62915 e
236.10494 21.92340 0.37933 -0.91693 0.12391 e
236.41292 42.42673 -0.00385 -0.61692 -0.78702 e
236.98120 46.83158 -0.85571 -0.51586 -0.04070 e
237.60834 69.82482 0.80193 0.19398 -0.56505 e
237.73860 47.60491 -0.89789 0.43500 0.06768 e
238.72480 76.68203 0.57659 0.41055 -0.70639 e
239.72563 50.81758 0.86853 -0.46541 0.17044 e
241.41442 42.63208 0.73647 -0.54693 -0.39810 e
241.83078 49.58188 0.87511 -0.24125 -0.41950 e
242.40039 45.05272 -0.90797 -0.04616 0.41648 e
243.67892 17.48865 0.23584 -0.27556 0.93191 e
243.87426 34.74545 -0.08333 0.98751 0.13370 e
245.07898 23.90775 -0.25090 0.85466 -0.45454 e
245.80493 9.94099 0.97570 -0.15850 0.15129 e
245.85964 44.53376 -0.57358 -0.70539 -0.41644 e
246.03256 72.35052 -0.59438 0.73384 -0.32893 e
247.52393 28.56308 0.95410 0.08411 -0.28745 e
247.96280 69.32189 -0.34127 0.86717 -0.36270 e
247.97106 27.60667 0.65828 0.12905 -0.74163 e
248.53492 47.10241 -0.70653 -0.70453 0.06679 e
249.61236 43.08434 -0.02696 0.18684 -0.98202 e
250.11309 48.91938 0.12829 -0.99161 0.01586 e
251.10093 25.93583 -0.04070 0.48348 -0.87441 e
252.47364 41.73130 -0.97386 -0.00362 -0.22713 e
252.61538 69.84842 0.47741 0.12381 -0.86991 e
252.98627 80.58550 -0.56347 -0.81783 0.11684 e
253.20553 42.71244 0.56134 -0.63979 -0.52494 e
254.13187 67.14970 0.17237 0.95393 0.24557 e
254.39109 29.03004 -0.38035 0.92469 -0.01685 e
254.50611 50.22675 -0.95747 -0.08071 -0.27701 e
255.48207 50.41167 -0.94346 0.31807 -0.09332 e
257.94287 60.81492 -0.64366 0.19275 -0.74064 e
258.24169 21.77732 0.08562 -0.99466 0.05763 e
258.52295 30.57222 -0.77826 0.37920 -0.50052 e
258.96249 17.59193 -0.39358 -0.77609 0.49272 e
259.15689 48.23163 -0.81873 0.45932 -0.34454 e
260.02222 73.67311 0.96118 -0.23539 -0.14398 e
260.06696 16.11894 0.45510 0.66393 0.59336 e
260.44912 34.52557 -0.06027 -0.87540 -0.47962 e
260.51127 57.62594 -0.28749 0.94063 0.18046 e
260.80845 65.08071 0.60231 0.62211 -0.50020 e
262.17547 16.71279 -0.76241 -0.05896 0.64441 e
262.21048 68.75423 -0.71899 0.04671 -0.69345 e
262.31971 42.22061 0.31221 0.39678 -0.86319 e
262.50756 70.56845 -0.55688 0.83007 -0.02944 e
263.43255 62.37938 -0.81588 0.26516 -0.51384 e
263.63061 63.38690 0.01838 0.68556 -0.72778 e
263.90612 72.58974 0.27243 -0.38896 -0.88005 e
264.85589 48.85316 -0.93313 -0.00892 -0.35944 e
264.98735 35.64499 -0.70933 -0.30573 -0.63512 e
265.37563 53.61024 0.55702 -0.36453 -0.74622 e
265.56479 66.03999 0.87937 -0.14264 0.45428 e
268.14624 42.89186 -0.05199 -0.97117 0.23267 e
268.35093 49.33690 0.73856 -0.67401 0.01536 e
268.40597 83.35930 0.60883 0.68623 0.39801 e
268.49644 78.76536 0.66577 0.01477 -0.74601 e
269.59636 16.36702 0.27110 -0.95165 -0.14447 e
270.13373 80.18365 -0.98297 -0.10484 0.15093 e
270.30078 65.53668 0.27521 -0.12985 -0.95257 e
270.80806 58.46044 0.54305 -0.76884 -0.33761 e
270.81457 40.59250 0.02887 0.78138 -0.62339 e
270.82729 24.94188 0.11192 -0.26869 0.95670 e
270.91833 72.39696 0.53967 0.27348 -0.79622 e
271.91072 46.14429 0.21890 0.69795 0.68187 e
272.21996 15.77968 -0.72593 -0.32109 -0.60822 e
272.37101 29.17480 0.75263 0.65415 0.07500 e
272.99050 33.82350 -0.35607 -0.89306 -0.27505 e
275.00055 47.70017 0.17057 0.78542 -0.59500 e
275.47587 20.06884 -0.33793 -0.92612 0.16763 e
275.57451 63.49759 -0.14729 -0.95814 0.24549 e
276.90605 79.01561 -0.15420 0.90674 -0.39249 e
277.21283 23.19140 -0.93981 -0.31638 -0.12911 e
277.82679 29.10017 -0.47633 0.02148 -0.87900 e
277.96812 20.35699 0.02561 0.99925 -0.02892 e
278.33019 49.05983 -0.19370 0.78616 0.58688 e
278.43414 17.54595 -0.89388 -0.41312 0.17412 e
278.45834 58.13775 -0.33089 -0.76393 -0.55401 e
279.05890 34.69809 0.15478 0.26640 -0.95135 e
279.46412 82.96790 -0.51826 -0.27167 -0.81093 e
279.50580 61.03602 -0.08120 -0.01351 -0.99661 e
280.09908 37.04873 -0.85655 -0.50173 -0.12080 e
280.27927 66.90851 0.18386 -0.89952 0.39631 e
280.33428 68.79397 0.43565 -0.50352 0.74611 e
280.76249 62.68476 -0.21961 0.95426 -0.20285 e
281.81263 37.20373 -0.76844 0.61874 -0.16327 e
282.33621 36.16557 -0.12577 0.79843 -0.58881 e
282.45089 44.77610 0.34987 -0.89540 -0.27541 e
282.70615 72.38986 -0.13842 -0.62068 -0.77175 e
282.78435 62.36623 0.04641 0.97858 -0.20057 e
283.49285 34.61026 0.96193 0.13879 0.23541 e
285.32878 50.36764 -0.82892 0.49754 0.25564 e
285.87463 15.20086 0.47196 -0.41934 -0.77550 e
287.63596 39.08119 0.92308 0.29674 -0.24469 e
288.37887 58.08240 0.69127 -0.70398 0.16296 e
289.34609 50.76764 -0.14007 -0.95994 -0.24269 e
290.19155 60.70287 0.50560 -0.18018 0.84374 e
290.49642 41.14742 -0.45906 0.88791 -0.02959 e
290.54390 71.02280 -0.02332 -0.22907 -0.97313 e
290.58211 54.38884 0.21304 0.97694 0.01445 e
290.67913 37.76928 0.07027 0.22791 -0.97114 e
291.20713 60.54156 0.48339 -0.35177 -0.80162 e
292.15216 37.74629 -0.73908 -0.62422 -0.25320 e
292.49624 62.15542 0.41587 0.41856 -0.80738 e
292.60518 28.41036 -0.72475 -0.00999 -0.68893 e
294.00113 59.63650 0.56933 -0.53336 0.62562 e
294.66237 23.86794 -0.42022 0.54227 -0.72757 e
295.71716 71.02581 0.43894 -0.89666 -0.05773 e
295.96966 38.09551 -0.25670 -0.93831 -0.23167 e
296.76224 24.58407 0.94043 0.31532 -0.12714 e
298.98584 44.80990 -0.69008 -0.28730 -0.66427 e
299.38998 54.58221 -0.66163 0.28839 0.69215 e
300.01303 48.24186 -0.09263 0.22149 -0.97075 e
301.24916 32.76500 -0.24266 -0.17154 -0.95483 e
301.85108 44.14368 0.36725 0.90647 -0.20842 e
301.87007 71.72415 0.71385 -0.00632 -0.70027 e
303.13152 29.88463 0.59350 -0.25895 -0.76204 e
303.13311 44.45377 0.64132 -0.37073 -0.67177 e
303.20815 36.34937 -0.35141 0.70008 -0.62161 e
303.49049 66.85870 -0.49021 -0.79597 -0.35515 e
303.74393 32.28514 0.45468 -0.85988 0.23210 e
303.90442 47.71495 0.82754 -0.43299 -0.35736 e
304.41450 47.75488 -0.17450 0.93957 -0.29455 e
304.70258 14.68149 0.03530 -0.90585 -0.42213 e
304.86734 49.65598 0.75297 -0.33289 -0.56765 e
305.08750 32.97240 0.40041 -0.76854 0.49902 e
305.14339 35.02013 -0.80911 0.50327 0.30341 e
305.37458 32.92343 -0.72533 -0.68390 0.07858 e
305.50188 64.92398 -0.22916 0.34574 -0.90992 e
306.54717 26.18534 -0.76914 0.63656 0.05680 e
307.38627 30.28083 -0.42239 -0.70860 -0.56522 e
307.67188 41.86347 0.24888 0.70020 -0.66916 e
308.05958 61.08628 0.87654 -0.41822 -0.23827 e
308.18071 42.32061 0.35243 -0.21325 -0.91122 e
308.36956 59.40411 0.36942 -0.18346 -0.91097 e
308.43144 61.01469 0.36403 -0.92657 0.09461 e
308.67524 52.11556 -0.25414 -0.95715 0.13886 e
308.90167 38.16801 0.14453 -0.90144 -0.40806 e
308.97737 51.57395 -0.53394 0.08252 -0.84149 e
308.99980 51.75658 0.50242 0.29603 -0.81237 e
309.34487 81.73704 -0.40459 0.91242 -0.06164 e
309.43862 78.14150 -0.76390 0.64281 0.05704 e
309.67186 74.20788 0.17008 0.35358 -0.91981 e
310.28326 27.57990 -0.60391 -0.07562 -0.79346 e
310.58141 59.96572 -0.81222 0.15892 -0.56128 e
311.08684 64.70192 -0.53612 -0.26322 -0.80206 e
312.30919 75.69837 0.05593 -0.62242 -0.78069 e
313.93531 41.06558 -0.43340 -0.81710 -0.38016 e
313.97000 44.17420 0.09131 -0.89984 -0.42655 e
314.64072 44.61469 0.81436 -0.36245 -0.45325 e
314.67096 57.35124 -0.84435 -0.52777 0.09239 e
315.02362 26.80800 -0.79086 0.51645 0.32837 e
315.19932 51.36792 0.98184 -0.15211 -0.11341 e
315.44074 58.31724 0.89029 0.21336 -0.40232 e
315.53694 45.67883 0.24935 -0.08617 -0.96457 e
315.77582 62.81208 0.29765 0.25281 -0.92059 e
315.89785 48.88340 -0.93140 0.13976 0.33609 e
316.48404 64.77211 -0.41556 0.77640 -0.47383 e
317.02787 66.80012 0.51547 -0.31976 -0.79501 e
318.95572 23.74333 -0.82310 0.18199 -0.53795 e
318.96099 35.79345 0.50038 -0.06158 -0.86361 e
319.44730 50.03982 0.99026 0.12724 0.05658 e
319.62702 71.87196 -0.74942 -0.39206 -0.53353 e
319.68234 74.15668 -0.80050 -0.59582 -0.06475 e
319.82547 75.63086 0.54097 0.37315 -0.75373 e
320.20568 26.38492 -0.53716 0.55609 -0.63421 e
320.24027 56.43406 0.19657 -0.00936 -0.98044 e
321.18996 72.03979 -0.78809 0.35698 -0.50147 e
322.03508 27.44723 0.96153 0.12271 0.24577 e
322.61675 72.06864 -0.21815 -0.80422 -0.55285 e
323.81643 25.91124 0.15525 -0.74616 0.64741 e
324.51777 41.75011 0.18943 0.37231 -0.90857 e
324.71299 29.65753 -0.73398 -0.58846 0.33910 e
325.72405 76.78462 -0.80112 0.42545 -0.42095 e
326.06030 78.04573 -0.49896 0.05704 -0.86475 e
326.19019 44.42678 -0.23632 0.82676 -0.51051 e
326.33006 56.42362 0.43841 0.89732 -0.05114 e
326.61676 66.64606 -0.79895 0.51334 0.31331 e
326.64117 37.14065 0.19780 -0.85681 -0.47618 e
328.27137 63.54645 0.33227 -0.65758 -0.67615 e
329.53316 53.63579 0.92586 0.02792 -0.37682 e
329.89830 40.46828 -0.81700 0.23160 0.52809 e
330.44773 74.70250 -0.22715 -0.58057 -0.78188 e
330.67938 40.58083 -0.31627 -0.52935 -0.78725 e
331.25742 14.39036 -0.77595 0.55485 0.30006 e
332.08003 41.57172 -0.86379 0.35479 0.35776 e
332.31311 42.50656 -0.97923 -0.20111 -0.02573 e
334.03208 71.15624 -0.10989 0.84713 -0.51990 e
334.45764 40.85007 -0.40851 -0.83735 -0.36327 e
336.12618 21.37217 0.91591 0.23703 -0.32393 e
337.71042 61.69186 0.82456 -0.56526 0.02423 e
337.72743 56.48069 0.41168 -0.19834 -0.88948 e
338.58475 56.08423 -0.67962 -0.47439 -0.55953 e
339.95477 38.57045 0.75636 0.60480 -0.24929 e
340.52422 69.69980 -0.92953 -0.36873 -0.00166 e
341.35694 30.17917 -0.46066 0.88756 0.00489 e
342.27124 84.14552 0.29344 -0.80217 0.52002 e
343.06753 33.10702 -0.58593 -0.34610 0.73273 e
343.52733 30.13070 -0.21253 -0.64539 -0.73369 e
344.20578 58.08988 0.09205 0.87866 -0.46850 e
345.23110 49.12181 0.80597 0.56678 -0.17078 e
345.39163 59.58757 0.22660 -0.74469 -0.62777 e
346.81398 49.86365 -0.39397 -0.09788 0.91390 e
347.50020 74.10584 -0.31809 -0.83254 -0.45353 e
348.16953 55.63602 0.75355 -0.60274 0.26242 e
348.30382 59.06577 -0.58898 0.79394 0.15090 e
349.12624 67.10854 0.71148 -0.43582 -0.55123 e
349.64558 73.33577 -0.18213 -0.67702 0.71307 e
349.92148 32.64692 0.10784 -0.58195 -0.80604 e
350.61188 50.17727 0.96594 -0.19797 -0.16666 e
350.62992 59.50144 0.70890 0.24173 0.66260 e
350.98389 37.77538 -0.96389 -0.26530 0.02290 e
351.31232 58.55646 0.03902 0.81343 -0.58036 e
352.26322 48.36899 -0.20535 -0.89364 -0.39905 e
352.64857 29.54875 0.85079 0.23367 -0.47070 e
353.60527 56.89736 -0.56300 0.36793 -0.74004 e
353.62855 46.08232 -0.51768 -0.24310 -0.82031 e
353.95943 16.63337 -0.88981 0.04581 -0.45403 e
355.20648 60.66664 0.63183 -0.64829 -0.42485 e
355.52780 21.24389 -0.80019 0.29455 0.52244 e
356.44563 42.50653 0.00233 -0.92035 -0.39110 e
358.14334 83.12034 -0.36950 0.89932 0.23388 e
358.49412 21.73492 0.79762 -0.35120 -0.49037 e
358.61212 32.48667 0.36355 -0.34346 -0.86595 e
360.54683 17.15336 -0.30206 -0.24525 0.92120 e
362.43256 54.90618 -0.94798 -0.26222 -0.18047 e
363.21397 37.86279 0.82768 -0.26586 -0.49424 e
365.36824 81.77854 0.23964 -0.30226 -0.92261 e
366.97495 84.79703 0.59968 -0.78704 -0.14475 e
367.06668 31.50857 0.60350 0.57275 -0.55474 e
367.64361 38.43537 0.68615 0.28455 -0.66950 e
368.52412 80.39832 -0.39267 -0.74120 -0.54445 e
368.55432 35.62467 -0.77911 0.03031 -0.62615 e
368.69945 57.75005 -0.90022 -0.42777 -0.08129 e
369.52211 38.17653 0.87940 -0.47577 -0.01751 e
372.28291 62.42276 -0.32146 0.18416 -0.92884 e
372.54945 36.91524 0.00096 -0.90648 -0.42225 e
372.83275 81.40543 -0.21347 -0.50439 -0.83667 e
372.97012 34.28008 0.95523 -0.01728 0.29537 e
373.36363 35.95739 -0.37697 -0.83351 -0.40393 e
373.73643 42.64158 -0.36315 0.16644 0.91675 e
373.88432 66.69931 -0.69435 0.58457 0.41970 e
375.38885 45.31100 0.29106 0.86726 -0.40391 e
375.45002 62.55094 0.19686 0.94152 0.27348 e
378.58007 21.21135 -0.83085 0.17852 0.52709 e
378.62650 80.97712 0.95259 -0.29249 -0.08381 e
378.90464 44.03850 -0.62219 0.77922 0.07550 e
385.22691 53.18377 -0.62758 0.76324 0.15367 e
385.28107 24.86257 0.94061 -0.14378 -0.30755 e
385.65266 50.00777 0.84107 -0.52341 -0.13653 e
388.99626 28.19496 -0.61798 0.78531 -0.03722 e
391.31214 43.38420 -0.73493 -0.44896 0.50824 e
392.56801 52.77281 -0.74406 0.36495 -0.55963 e
394.62027 46.32900 0.88637 -0.33800 -0.31640 e
395.18656 39.35323 0.38434 0.48505 -0.78550 e
395.48704 65.91038 -0.02450 0.45970 -0.88774 e
395.65853 84.50925 -0.74271 -0.00974 -0.66955 e
396.87729 41.99363 0.92880 0.29146 0.22887 e
397.59284 24.29883 0.53017 0.84676 0.04373 e
404.66014 26.60003 0.29152 0.47747 -0.82888 e
408.93503 84.23838 -0.61820 0.77845 0.10883 e
410.45520 69.86219 0.58716 0.78066 -0.21404 e
413.35854 12.07236 -0.41092 -0.53561 -0.73775 e
415.23909 47.18244 -0.27126 -0.89499 -0.35412 e
416.51784 48.28749 -0.25503 0.22491 -0.94041 e
416.82445 35.24196 0.92351 -0.37640 -0.07382 e
418.14697 16.91877 0.13136 -0.98859 -0.07379 e
419.01036 47.85594 -0.08321 0.61940 -0.78066 e
419.35035 81.93612 -0.37902 -0.88719 0.26314 e
427.02155 56.08427 0.33398 -0.62601 -0.70467 e
436.19475 40.20402 0.59213 0.64925 -0.47735 e
438.48696 32.61893 0.42454 -0.89067 0.16269 e
441.97796 21.87833 0.86237 -0.08362 -0.49933 e
444.17441 39.70761 -0.88843 0.45040 -0.08845 e
445.01723 29.23706 -0.62264 0.05601 -0.78050 e
448.26674 29.93839 -0.52752 -0.38247 -0.75858 e
459.65296 39.59859 -0.39513 0.12632 -0.90990 e
464.79864 29.23497 0.82239 0.23518 0.51804 e
467.37706 42.48800 0.39729 0.59144 -0.70169 e
470.35767 36.04482 0.52750 -0.83129 0.17524 e
480.37521 29.11314 0.13150 -0.49226 -0.86046 e
482.82241 17.99497 0.21578 -0.94158 -0.25858 e
491.66127 40.83695 0.04138 0.58229 -0.81193 e
526.20665 29.14970 0.20175 0.48453 -0.85119 e
530.65634 46.73580 -0.03847 -0.43618 -0.89904 e
551.32249 39.68874 -0.09837 0.94249 0.31942 e
570.66425 17.87060 0.01690 0.89101 -0.45366 e
576.84055 38.11358 -0.80450 0.58408 0.10790 e
588.33849 15.31010 0.11981 0.33690 -0.93389 e
590.70676 14.46898 -0.86294 0.46265 -0.20322 e
591.80150 25.34807 -0.89089 -0.45399 -0.01451 e
595.68359 53.18105 0.24217 0.96815 0.06364 e
604.63077 29.64729 0.14750 0.83286 0.53348 e
605.48979 30.80388 0.32512 -0.63159 -0.70384 e
607.87989 22.00185 -0.04974 0.76068 0.64722 e
609.60896 40.75187 -0.78422 -0.61853 -0.04919 e
611.70064 38.84863 -0.78739 0.57420 -0.22429 e
657.76791 34.78715 0.48094 0.78960 0.38108 e
678.06805 20.75660 -0.14691 -0.83332 -0.53291 e
682.97181 47.43009 -0.84977 -0.22451 -0.47696 e
689.42518 21.02726 0.11438 0.88567 0.45001 e
712.95300 29.43405 0.48561 -0.87378 0.02628 e
716.97579 28.47169 0.86747 0.48695 0.10185 e
727.21445 20.07755 0.89448 -0.32567 0.30634 e
743.80624 29.52492 -0.93219 -0.00435 -0.36194 e
744.00629 18.92974 0.05774 0.41349 0.90867 e
747.15610 17.33145 0.59844 -0.03441 0.80043 e
759.30574 20.16313 0.54460 -0.18936 -0.81704 e
765.83619 34.03820 -0.37881 -0.55657 0.73942 e
794.62412 25.44618 -0.76365 0.38507 -0.51823 e
809.31878 37.93223 0.61004 -0.15516 -0.77703 e
809.32097 28.26666 -0.70878 0.44628 -0.54632 e
813.78223 21.52864 -0.33585 0.94120 -0.03681 e
861.59837 19.68655 -0.88170 0.46630 -0.07193 e
871.19658 26.95851 0.22734 -0.65421 0.72133 e
885.63752 23.89319 0.43094 0.71388 -0.55197 e
907.47687 21.16773 -0.50625 0.66268 -0.55187 e
910.60091 14.57917 0.16663 -0.76677 -0.61992 e
912.48368 43.45446 0.20791 0.88866 -0.40872 e
927.05577 19.01090 -0.96977 -0.22473 -0.09512 e
951.56960 30.12232 0.55010 0.59611 -0.58485 e
961.60415 36.74263 0.40773 0.05828 -0.91124 e
970.30522 11.61683 -0.42480 0.90340 0.05845 e
1041.60086 37.92334 0.72840 -0.09270 0.67886 e
1071.47283 15.51277 -0.60819 0.23006 -0.75972 e
1074.67806 10.82038 -0.74565 0.63217 -0.21066 e
1140.40815 13.89556 0.35423 0.36535 -0.86084 e
1192.65412 27.32046 0.73619 0.58075 -0.34750 e
1342.76457 9.07956 0.27622 0.91102 -0.30619 e
1375.05226 15.73632 -0.78613 -0.50379 -0.35803 e
1432.65647 29.81277 -0.36883 0.16901 -0.91400 e
1657.51987 32.25485 0.19230 0.35403 -0.91525 e
1804.55098 13.64891 0.06413 0.97165 -0.22756 e
2209.68325 47.81715 0.10505 -0.51514 -0.85064 e
2488.80309 13.94974 0.61741 0.43753 -0.65374 e
2629.31448 20.51469 -0.16521 0.67540 0.71871 e
3338.63142 13.22278 0.59337 -0.64467 -0.48198 e
3491.31908 29.98947 -0.64449 -0.16288 -0.74707 e
3518.35588 33.91530 -0.53117 -0.61136 0.58659 e
3534.76291 11.66696 0.16266 0.98290 0.08636 e
4246.52098 31.03079 0.86254 -0.28058 0.42108 e
5096.98649 27.05245 0.99809 0.01899 -0.05876 e
6554.36110 12.84467 0.29751 -0.88726 0.35250 e
7618.42314 23.11162 -0.04038 0.94263 -0.33139 e
10957.08529 21.53601 0.84125 -0.53720 -0.06093 e
11306.00863 13.00749 0.44505 -0.65847 -0.60692 e
11372.32617 31.62241 -0.77552 -0.55404 -0.30266 e
13353.02911 23.90256 -0.88269 -0.34281 0.32147 e
