16.67772 33.99724 -0.27362 -0.21259 -0.93805 eb
19.46344 67.23128 0.28238 -0.87404 -0.39536 eb
20.13554 31.35863 0.01450 0.85553 -0.51755 eb
20.53860 40.58360 -0.32575 -0.43906 -0.83732 eb
21.52001 38.24855 0.22597 0.66195 -0.71467 eb
21.73519 58.73300 -0.17297 -0.44842 -0.87693 eb
22.19533 84.73876 0.67191 -0.50538 -0.54141 eb
23.34279 20.58408 -0.59297 -0.22590 0.77289 eb
23.43901 70.43067 -0.51262 -0.07427 -0.85540 eb
24.08634 36.14563 -0.07888 -0.78522 0.61418 eb
24.65001 58.16496 0.81031 0.12405 0.57273 eb
24.86114 72.54308 -0.77927 -0.35198 0.51850 eb
25.01782 72.72633 0.27218 -0.95974 -0.06935 eb
25.45155 24.57059 -0.82002 0.57207 0.01757 eb
26.29913 51.03044 -0.80627 0.58801 -0.06463 eb
26.64738 18.18375 0.81646 0.49377 -0.29931 eb
26.79755 37.52856 0.68259 0.28025 -0.67493 eb
27.07272 39.15001 0.62243 -0.24610 0.74298 eb
29.68800 49.28950 -0.15763 0.34005 -0.92710 eb
30.48154 84.04572 -0.05043 -0.51326 -0.85675 eb
30.88626 57.80149 0.59047 -0.80608 -0.03961 eb
30.96590 68.50144 0.15418 0.20393 -0.96677 eb
31.12856 85.98232 0.29937 0.80685 -0.50929 eb
31.31895 78.66144 -0.32768 0.92660 0.18450 eb
31.90387 64.17161 0.90742 0.13432 -0.39818 eb
32.81387 46.34560 0.05176 0.73354 -0.67767 eb
34.28844 38.44275 -0.39882 -0.86454 -0.30578 eb
34.95693 56.26913 -0.62742 0.21982 -0.74701 eb
35.00192 55.77638 -0.59489 -0.43041 0.67887 eb
35.01092 28.62385 -0.85840 -0.47287 0.19884 eb
35.30658 68.06013 0.83208 -0.48331 -0.27213 eb
35.67838 65.64825 0.36697 -0.79677 -0.48010 eb
36.17245 21.01897 -0.25750 0.58247 -0.77099 eb
36.43393 63.71077 -0.04615 -0.64006 -0.76694 eb
37.08021 29.17030 -0.20105 0.21689 -0.95527 eb
37.24379 88.08902 0.63723 -0.46454 -0.61493 eb
37.84849 45.03279 0.90912 0.40549 0.09533 eb
37.99110 70.84085 0.32594 -0.51477 -0.79296 eb
38.76584 76.67567 0.13707 0.95154 -0.27530 eb
39.35580 60.27945 -0.59342 -0.68955 -0.41519 eb
39.60284 69.52312 0.60619 0.15659 -0.77975 eb
39.89806 56.54795 -0.85693 0.51373 -0.04190 eb
40.52681 66.41802 0.33156 0.92319 0.19437 eb
41.40101 39.07628 0.19141 0.86034 -0.47241 eb
41.43404 30.28381 -0.89795 -0.39018 -0.20357 eb
42.36629 75.58836 0.23528 0.13791 -0.96209 eb
43.90688 19.88929 0.65963 0.10239 0.74458 eb
44.48545 69.07098 -0.00441 -0.86857 0.49555 eb
45.19743 55.63538 0.25914 0.87747 0.40359 eb
45.43372 69.86865 0.38102 0.06561 -0.92224 eb
47.80469 87.21753 0.67788 -0.61425 0.40395 eb
47.95568 55.40407 0.14617 0.85643 -0.49513 eb
48.11743 48.11081 -0.86790 -0.11005 -0.48440 eb
48.34481 72.54347 0.65694 0.64894 -0.38381 eb
48.64390 5.61148 -0.60834 0.77440 -0.17384 eb
49.00650 87.88092 0.94503 -0.00540 -0.32695 eb
49.93038 49.86026 0.92202 -0.17118 -0.34725 eb
50.30290 61.07931 0.39410 0.91069 0.12381 eb
50.50169 75.52073 -0.04234 -0.24506 -0.96858 eb
50.54165 43.01754 0.74296 -0.39667 -0.53914 eb
52.58158 43.89633 0.79803 -0.57498 0.18041 eb
53.07257 36.36112 0.81751 -0.47761 0.32183 eb
53.67131 85.17563 0.68131 0.16788 0.71248 eb
53.82889 44.58556 -0.31925 -0.46822 -0.82392 eb
54.04347 46.97818 0.33481 -0.94034 0.06053 eb
54.45263 37.77322 0.95543 0.21247 -0.20497 eb
55.13367 33.68493 0.92029 0.07892 0.38319 eb
56.63135 51.52108 -0.72305 0.30612 -0.61927 eb
56.96926 54.93916 -0.05319 0.78433 -0.61806 eb
56.97020 65.05609 0.40909 0.89866 0.15828 eb
58.01095 74.53600 0.68043 0.48877 -0.54601 eb
58.40897 83.87598 0.04917 0.31072 -0.94923 eb
58.65668 52.90843 -0.74831 -0.28857 -0.59729 eb
59.68422 30.40111 -0.83220 0.13294 -0.53831 eb
59.74409 44.12298 -0.48557 0.70701 0.51416 eb
60.22022 54.03967 0.17180 -0.72663 -0.66521 eb
61.66551 52.40298 0.82050 0.43746 0.36797 eb
62.34646 27.92330 0.96578 0.25934 -0.00418 eb
62.98418 17.99541 0.37312 0.61894 -0.69116 eb
63.26542 76.01036 0.57450 0.77771 -0.25517 eb
63.39229 19.16050 0.19181 0.84638 -0.49684 eb
64.70360 20.61053 -0.98446 0.04542 0.16963 eb
64.79396 63.29132 -0.62970 0.02578 -0.77641 eb
65.00465 38.76211 -0.44789 -0.66333 0.59949 eb
65.21441 28.63928 -0.93657 0.33592 0.09995 eb
65.90722 68.50106 -0.67078 -0.67308 0.31147 eb
68.59754 88.50884 0.28184 0.63294 -0.72108 eb
69.10791 66.00940 -0.54416 -0.82030 0.17607 eb
69.52761 17.02515 -0.06247 0.29258 -0.95420 eb
69.59642 83.28015 -0.87406 0.06607 -0.48130 eb
69.81212 85.46219 -0.02574 -0.19590 -0.98029 eb
69.96880 68.89236 0.66538 0.54660 0.50843 eb
73.39019 24.94355 -0.64655 -0.38477 -0.65874 eb
73.59079 59.03055 0.85931 0.29395 -0.41855 eb
73.66848 47.37291 -0.51369 -0.39221 -0.76308 eb
73.80972 81.74224 -0.70287 -0.71122 -0.01153 eb
74.44501 85.23026 -0.13749 -0.44268 -0.88608 eb
75.36624 46.53545 0.07573 -0.77412 0.62849 eb
75.46674 42.02157 -0.88461 0.39067 0.25463 eb
75.72092 88.31724 0.35731 0.64646 -0.67411 eb
78.41697 74.63009 0.65578 0.75455 0.02448 eb
79.12712 32.42499 0.50558 0.80859 0.30095 eb
79.26683 29.23572 0.76515 0.51820 0.38211 eb
80.79758 33.79436 0.48119 0.57235 -0.66398 eb
81.16102 63.11552 0.39228 -0.91965 0.01902 eb
81.51052 47.18345 -0.74056 -0.34902 -0.57425 eb
81.96264 35.10585 0.82043 -0.55521 0.13651 eb
83.69310 18.65910 -0.68875 0.33615 -0.64237 eb
83.86773 29.81428 -0.04295 -0.61934 -0.78395 eb
84.67973 54.56313 -0.33862 0.12482 -0.93261 eb
85.76087 41.07601 -0.39006 -0.69404 -0.60511 eb
85.86281 31.21589 0.98260 0.17040 0.07392 eb
86.23384 54.48509 -0.35011 -0.86947 0.34849 eb
86.38465 60.42366 -0.17812 -0.98399 0.00533 eb
87.04636 37.34584 -0.12732 -0.98847 -0.08191 eb
87.82144 56.19952 0.55129 0.10002 -0.82830 eb
88.20092 42.06605 0.59959 -0.79261 0.11070 eb
88.98270 54.52099 -0.78337 -0.36098 -0.50599 eb
89.79617 27.12188 0.31084 -0.93408 -0.17570 eb
90.40485 25.27232 0.11266 -0.99362 0.00487 eb
90.44855 62.56305 -0.13659 0.17969 -0.97419 eb
92.01696 60.98440 0.91645 0.25126 0.31141 eb
92.09865 54.44262 -0.73045 0.62589 -0.27332 eb
92.74633 40.70113 0.81122 -0.38653 -0.43877 eb
92.82966 45.93846 0.62098 0.75898 -0.19578 eb
93.28407 27.51984 0.18428 0.75134 -0.63366 eb
93.30881 51.15108 0.81588 -0.57669 -0.04195 eb
94.54533 41.80518 0.10386 0.81888 0.56448 eb
94.72161 35.05394 0.12781 -0.68836 -0.71402 eb
95.78252 29.35732 0.59370 0.43221 0.67876 eb
97.17818 85.58107 0.66723 0.09821 -0.73835 eb
97.85843 34.30894 0.25016 0.85913 -0.44645 eb
99.19855 58.59714 -0.55994 -0.31745 -0.76530 eb
99.81958 39.74657 -0.41496 0.86463 0.28325 eb
100.23436 72.90936 -0.77146 0.49991 -0.39361 eb
100.29359 29.16303 0.28965 0.94648 -0.14243 eb
100.52274 19.63536 0.41915 -0.07587 0.90474 eb
100.64123 19.30711 0.81114 0.39938 0.42725 eb
101.79104 40.99315 -0.76491 0.57555 -0.28922 eb
101.79492 22.13326 -0.75895 0.17544 -0.62707 eb
102.48211 30.89330 -0.38522 0.89876 0.20937 eb
103.02157 54.12913 -0.75057 0.18113 -0.63548 eb
103.45852 66.98494 0.08605 -0.55744 -0.82574 eb
103.55970 46.26422 0.10833 0.76614 -0.63347 eb
104.81462 44.11991 -0.96490 0.18856 -0.18278 eb
105.31388 62.67486 0.06840 0.27909 -0.95783 eb
106.29178 31.54500 0.19498 0.39029 -0.89981 eb
107.32135 35.56219 0.33572 0.34099 -0.87808 eb
109.64396 13.59590 0.05214 0.30402 0.95124 eb
111.46394 21.40413 0.12906 -0.57200 0.81004 eb
111.68933 56.66433 0.19123 -0.91343 -0.35926 eb
112.55111 26.61161 -0.65975 -0.26473 -0.70331 eb
114.02310 19.66306 0.65277 0.74403 0.14253 eb
114.11649 67.69028 -0.82598 -0.34512 0.44570 eb
114.62916 70.83292 0.85777 -0.37760 0.34879 eb
114.65715 66.86682 -0.66315 -0.68210 0.30817 eb
115.05089 50.83259 0.61624 -0.72487 -0.30791 eb
115.35204 85.40830 0.66575 0.33145 -0.66852 eb
116.43251 30.15178 -0.64224 0.67751 -0.35848 eb
116.79498 30.14556 -0.71793 0.03433 0.69527 eb
117.22541 21.81455 0.39224 0.68714 -0.61155 eb
119.32515 70.31348 -0.68769 0.61992 -0.37787 eb
120.88159 57.68306 0.27921 -0.31561 -0.90688 eb
121.73947 58.71879 -0.84525 -0.11945 -0.52085 eb
122.03585 72.51069 -0.72421 -0.30145 -0.62021 eb
123.29630 86.86536 -0.67489 -0.67256 -0.30362 eb
123.75956 21.21669 -0.85921 0.22976 0.45713 eb
124.30924 49.82117 0.82783 -0.51665 -0.21856 eb
124.61943 28.65519 0.72700 0.27775 -0.62795 eb
125.86552 57.30637 0.18740 0.96406 0.18831 eb
126.24008 19.70364 0.10978 0.97459 -0.19526 eb
126.27164 21.99920 0.14482 0.09160 0.98521 eb
126.91768 12.79477 0.18787 -0.89513 0.40429 eb
126.98207 54.08848 -0.51565 0.14128 -0.84507 eb
128.66374 47.32738 -0.47519 0.87861 0.04745 eb
128.67757 88.42314 -0.32205 0.48330 -0.81407 eb
129.65417 15.56478 -0.32135 0.75032 -0.57772 eb
129.77429 11.06379 0.29030 0.12185 0.94914 eb
131.06838 6.71679 -0.07084 -0.67322 -0.73604 eb
131.37361 17.85442 0.62814 -0.51084 -0.58692 eb
131.42982 32.63609 0.08145 -0.51703 -0.85208 eb
131.96046 12.98485 0.67760 0.12686 -0.72440 eb
132.41882 50.16889 0.01214 0.66477 -0.74695 eb
132.60829 79.63263 0.01490 -0.62113 -0.78357 eb
133.56720 13.34697 0.97891 0.05395 0.19706 eb
133.73089 28.55115 0.87254 0.44943 0.19152 eb
133.79814 15.78075 -0.48265 0.02313 -0.87551 eb
135.19521 47.61355 -0.32190 -0.71971 -0.61514 eb
137.90176 29.06405 -0.58055 0.64111 -0.50194 eb
139.44984 55.69391 0.67789 0.48412 0.55326 eb
139.67220 15.41875 0.28533 0.62671 0.72513 eb
141.86920 48.79616 -0.86932 0.45783 -0.18624 eb
142.58133 37.68493 -0.00411 -0.74646 -0.66542 eb
142.93575 61.42933 -0.00206 -0.99504 0.09941 eb
143.47483 21.92912 -0.64494 -0.70029 -0.30601 eb
143.94397 42.70052 -0.95398 -0.29245 -0.06633 eb
144.36528 45.80996 -0.30294 0.29827 -0.90513 eb
144.53512 39.82709 -0.29016 -0.82246 -0.48926 eb
145.28054 12.32614 -0.79880 0.43224 -0.41844 eb
145.49398 9.36580 -0.61674 0.40279 -0.67631 eb
145.89781 44.07892 0.29209 -0.38610 -0.87499 eb
147.04753 46.57333 0.59886 0.18960 -0.77809 eb
147.18576 65.55058 0.32884 -0.73115 0.59773 eb
147.59161 36.22540 -0.87182 -0.03348 -0.48867 eb
149.08009 34.12550 0.86415 0.50075 0.05000 eb
150.49914 39.35694 0.78478 0.33226 -0.52319 eb
150.58371 8.74390 0.99718 0.02729 0.06990 eb
150.58860 39.64597 -0.09804 -0.76988 -0.63061 eb
151.02419 33.56856 -0.52835 0.22914 -0.81752 eb
151.13870 30.67907 0.55191 -0.48794 -0.67625 eb
152.09121 47.78551 -0.57491 0.52689 -0.62599 eb
152.72417 32.31821 -0.43868 0.72338 -0.53318 eb
152.83292 71.31200 0.70475 0.60929 0.36345 eb
153.49945 25.23875 -0.68830 0.24713 -0.68203 eb
153.60807 55.27367 -0.27990 0.62262 -0.73075 eb
153.90652 53.60554 0.50280 0.84552 -0.17966 eb
154.09884 25.35018 -0.87510 -0.00769 -0.48389 eb
154.31604 43.50640 -0.88713 0.32458 -0.32808 eb
154.36257 40.81046 -0.33552 0.63469 -0.69612 eb
154.38965 25.16938 -0.67453 -0.28012 0.68304 eb
154.75063 30.17231 -0.17254 -0.94777 -0.26824 eb
155.12898 35.84246 -0.25776 -0.96515 -0.04524 eb
155.19126 37.29642 0.37301 -0.30854 -0.87503 eb
155.21315 76.56416 0.56342 -0.12161 -0.81717 eb
155.90733 11.60297 0.22244 -0.34577 -0.91157 eb
156.09672 38.64033 0.44640 -0.79186 -0.41677 eb
156.24031 45.57951 -0.18490 -0.88607 -0.42508 eb
157.43387 27.56707 -0.44143 -0.86667 -0.23243 eb
157.67147 10.79765 -0.36958 0.80898 0.45712 eb
158.31071 49.17600 0.03825 -0.16966 -0.98476 eb
159.57689 21.41554 0.63619 0.19005 0.74776 eb
160.15541 59.80054 0.14300 -0.64310 -0.75231 eb
160.24495 47.39603 -0.43547 -0.31810 0.84213 eb
160.60246 30.69695 -0.66960 0.69161 -0.27075 eb
161.33362 20.86024 0.67785 -0.69413 0.24229 eb
161.49742 37.67992 0.12804 0.17448 -0.97630 eb
161.56287 54.35341 0.32251 -0.71200 -0.62374 eb
161.90579 34.09046 -0.58270 -0.15048 -0.79864 eb
162.72672 51.79626 -0.40783 0.67699 -0.61266 eb
165.84909 40.59417 0.96663 -0.14984 0.20779 eb
166.67005 35.39415 -0.04441 -0.46407 0.88469 eb
168.46566 31.74773 -0.24214 -0.87118 -0.42710 eb
168.60541 30.16817 0.52164 0.83806 0.15986 eb
168.81756 20.84992 0.44910 0.27921 0.84874 eb
169.81356 17.47978 -0.18772 0.04914 -0.98099 eb
169.98343 41.88508 -0.51512 -0.67846 -0.52378 eb
170.02984 26.62494 -0.51913 0.83968 -0.15950 eb
170.04368 32.55410 0.31240 0.28144 -0.90730 eb
170.48237 53.54570 -0.98721 0.10466 -0.12023 eb
170.93093 36.64310 0.22930 -0.60868 -0.75956 eb
171.74922 54.57657 0.51870 -0.82778 0.21384 eb
171.80312 36.62050 -0.03353 -0.69426 -0.71895 eb
174.68010 28.15638 0.54219 0.18955 0.81860 eb
175.28147 53.69670 0.27866 0.42327 -0.86209 eb
175.59865 32.48507 -0.60762 -0.38773 -0.69315 eb
176.72504 32.10690 0.19669 0.24985 -0.94810 eb
176.77672 21.34320 0.57766 0.69378 0.43008 eb
176.96148 22.18050 -0.17406 -0.71172 0.68056 eb
178.09251 26.34988 0.84966 0.47818 -0.22231 eb
179.84266 45.12185 0.70419 -0.70974 -0.01965 eb
180.42687 27.95250 0.36369 -0.81360 0.45363 eb
180.72748 11.12146 -0.57943 0.79968 -0.15740 eb
181.05718 78.65155 -0.46489 0.14648 -0.87316 eb
181.28333 50.70602 0.42710 0.33585 -0.83951 eb
182.56060 12.63685 -0.32650 -0.06452 -0.94299 eb
182.67622 34.78794 -0.60518 -0.75937 -0.23898 eb
182.71387 46.91564 -0.05048 0.88429 -0.46420 eb
183.69113 57.06954 -0.09019 0.62331 -0.77676 eb
185.35702 15.60486 -0.71876 0.16793 -0.67468 eb
186.25670 37.94203 0.86150 -0.26636 -0.43229 eb
186.48698 70.24800 0.59520 0.65223 -0.46939 eb
186.52081 15.41114 0.74173 -0.12960 -0.65806 eb
186.68615 66.62538 0.28630 -0.73376 -0.61614 eb
187.16327 10.03217 0.30840 0.56302 -0.76674 eb
187.83613 24.28721 -0.95470 -0.28162 0.09607 eb
188.79046 34.97792 0.67916 0.72405 -0.12044 eb
189.16825 29.32197 -0.87715 0.43693 0.19926 eb
189.61140 30.78868 0.84000 0.52698 0.12920 eb
190.45705 39.93338 0.75040 0.65454 -0.09207 eb
190.84978 28.30638 0.58376 0.16353 -0.79529 eb
191.58489 45.98023 0.85613 -0.51199 -0.07010 eb
192.39491 56.72532 0.19630 0.22728 -0.95384 eb
193.71075 47.93410 0.54592 -0.52865 -0.65000 eb
193.79738 54.32525 0.87058 0.35126 0.34455 eb
194.45438 26.52967 0.16696 0.26423 -0.94990 eb
194.68756 39.47956 -0.82476 -0.50425 -0.25594 eb
195.65486 21.71921 0.20713 -0.96642 -0.15207 eb
196.71940 19.39829 0.28203 -0.19202 0.93999 eb
197.88947 52.29471 0.31541 0.92000 0.23263 eb
197.93375 28.73412 0.96021 0.08650 0.26554 eb
198.43451 64.96554 0.15468 -0.01191 -0.98789 eb
199.22320 37.83907 0.50217 -0.76022 -0.41218 eb
199.30981 69.88863 0.51147 -0.85863 0.03388 eb
200.05753 19.61120 -0.64337 -0.58822 -0.48996 eb
200.09935 24.82677 -0.05895 0.62522 -0.77822 eb
203.47490 47.42474 0.50011 0.51143 0.69881 eb
204.47301 74.10256 0.09029 0.09672 -0.99121 eb
205.37542 46.18553 0.29417 0.25423 0.92132 eb
205.56024 77.15961 0.23847 0.87641 -0.41836 eb
206.03495 18.86120 0.25232 -0.25697 -0.93290 eb
206.78092 52.89734 -0.96761 0.25159 0.02104 eb
207.08888 43.80290 0.75037 -0.63131 0.19596 eb
207.62310 77.41711 0.03061 -0.99142 0.12707 eb
207.76122 67.57360 0.84852 0.52839 -0.02852 eb
208.71584 41.59456 -0.34982 0.17156 -0.92098 eb
210.17571 68.09983 0.97342 -0.21541 0.07779 eb
211.49481 22.12525 -0.41585 -0.84997 -0.32344 eb
212.15915 33.08221 -0.09014 0.97046 -0.22378 eb
212.34090 50.86843 0.32007 0.92618 -0.19934 eb
212.85315 17.13821 0.58314 0.56861 0.58020 eb
213.85173 50.07101 -0.63745 -0.64765 0.41738 eb
214.12093 17.88758 -0.68827 0.20679 -0.69536 eb
214.73802 20.79552 0.74477 0.66026 -0.09679 eb
217.19669 62.29545 -0.18260 -0.89295 -0.41147 eb
220.31113 34.78594 -0.80158 -0.21236 -0.55890 eb
220.57801 25.41365 -0.68304 0.67914 0.26875 eb
222.43534 16.01911 -0.22907 -0.49581 0.83767 eb
222.57988 12.92064 0.25787 -0.93618 0.23891 eb
224.01301 26.23720 0.08961 -0.93751 -0.33621 eb
224.24886 35.94955 -0.10438 -0.99078 0.08635 eb
225.25392 81.57133 -0.96577 -0.04127 -0.25611 eb
225.43381 27.72335 -0.13121 -0.79461 -0.59277 eb
225.56253 31.30593 0.86376 -0.31683 -0.39184 eb
226.38301 26.58989 0.92812 0.33629 0.15971 eb
226.79034 37.67206 -0.73995 -0.67111 -0.04573 eb
226.92864 47.00507 0.53239 -0.02851 -0.84602 eb
227.15295 43.02445 -0.21967 0.12939 -0.96696 eb
227.17162 38.23582 0.90320 -0.34141 -0.26013 eb
229.24116 32.21453 0.79985 -0.23974 -0.55024 eb
229.38923 68.01107 0.70791 -0.43714 -0.55477 eb
229.56328 14.57744 -0.54943 0.28977 0.78368 eb
229.66481 34.20636 -0.46047 -0.31689 -0.82919 eb
230.57832 41.91257 -0.48180 0.72472 0.49259 eb
230.92931 15.09185 -0.73516 0.67035 -0.10083 eb
230.93394 34.98402 -0.63182 0.38952 0.67014 eb
231.78640 33.81653 -0.65808 -0.69013 0.30109 eb
232.19183 17.50379 -0.45596 -0.78773 0.41423 eb
232.24835 26.93446 0.32023 -0.59591 -0.73644 eb
232.31984 25.66342 0.01450 -0.98560 0.16850 eb
232.46614 72.70152 -0.23038 0.61059 -0.75770 eb
232.70570 19.56249 0.09741 -0.95766 -0.27093 eb
232.97463 84.35902 -0.71435 -0.60827 0.34599 eb
233.84588 55.06407 0.75541 0.29720 0.58398 eb
234.20693 37.95769 0.47649 -0.58750 -0.65406 eb
234.81248 34.44770 0.89904 -0.29955 -0.31936 eb
235.10689 20.26745 0.90053 0.39177 0.18859 eb
235.94225 46.51101 -0.81172 0.22448 0.53918 eb
236.00744 19.95991 0.33083 -0.49145 -0.80562 eb
236.79615 31.58522 0.58120 0.26744 -0.76856 eb
236.95112 38.18007 0.08930 -0.99133 -0.09642 eb
238.70021 21.72934 -0.94585 0.24368 0.21443 eb
239.71850 78.24238 -0.50387 -0.81994 -0.27169 eb
240.42000 24.26104 -0.67600 0.14364 -0.72277 eb
240.64168 42.80572 0.71864 0.22430 -0.65822 eb
241.71103 32.14876 -0.72350 -0.61793 -0.30776 eb
241.88741 36.30661 -0.38098 -0.81688 0.43309 eb
242.06498 39.07294 -0.61215 -0.76758 -0.18997 eb
243.28431 16.90993 0.42868 0.42683 -0.79627 eb
244.33216 41.44881 0.80070 0.59907 -0.00107 eb
244.35375 41.93908 -0.71721 0.19679 0.66850 eb
245.78174 26.04676 -0.94584 0.30989 -0.09672 eb
247.66129 68.34741 0.53801 -0.54732 -0.64108 eb
249.51651 36.27040 -0.35269 0.80897 0.47030 eb
250.07380 30.59426 0.53859 -0.50231 -0.67646 eb
250.08486 62.74652 0.47161 -0.66366 0.58064 eb
251.81970 64.72612 0.15653 0.92890 -0.33563 eb
252.55554 23.11617 -0.20926 0.19261 0.95870 eb
253.42683 15.27852 0.32329 0.26005 0.90987 eb
253.48327 22.57616 0.16423 -0.88062 -0.44446 eb
254.02930 30.43666 -0.63804 0.73477 0.23027 eb
255.83386 41.28749 -0.45891 0.83466 -0.30455 eb
256.55639 54.95884 -0.95708 -0.24642 -0.15258 eb
257.90093 72.04386 -0.79186 0.50493 -0.34351 eb
260.36199 64.86869 -0.95610 0.16890 0.23947 eb
260.93217 22.79057 -0.10505 -0.91683 0.38520 eb
261.44154 42.88795 -0.04731 -0.51723 -0.85453 eb
261.46862 35.99136 -0.29853 -0.95406 0.02536 eb
261.81778 75.97076 -0.38993 0.85813 0.33402 eb
261.82493 54.80523 -0.42750 -0.14004 0.89310 eb
262.21124 51.84102 -0.21651 0.87437 -0.43427 eb
263.20183 78.59617 -0.80025 -0.33981 -0.49409 eb
264.63664 54.28407 0.57320 -0.10138 -0.81312 eb
265.78381 15.91321 0.37466 -0.20771 -0.90360 eb
265.80000 67.88248 0.46586 -0.85149 0.24069 eb
265.90849 44.27116 -0.02710 -0.38490 -0.92256 eb
267.27794 54.19224 0.45184 -0.81677 0.35878 eb
268.07822 40.53571 0.22060 0.09030 -0.97118 eb
269.11563 24.88461 0.60881 -0.28374 -0.74084 eb
269.17973 40.54862 0.95199 -0.02164 0.30537 eb
270.73421 37.86954 0.82187 -0.56262 -0.08942 eb
270.99616 37.72691 0.85198 -0.37560 0.36476 eb
271.47669 46.18453 -0.96437 -0.14099 -0.22385 eb
271.50405 29.44344 0.65617 -0.74785 -0.10077 eb
271.98357 38.71561 -0.46821 -0.10958 -0.87680 eb
272.01494 33.99829 -0.53576 0.80931 0.24079 eb
272.09336 58.59099 0.12125 0.07707 -0.98962 eb
272.90938 21.48287 -0.18196 0.82830 0.52991 eb
273.84068 34.53825 0.28520 -0.08763 -0.95445 eb
274.40751 26.08839 0.80815 -0.58583 -0.06070 eb
274.94729 62.96065 0.21740 0.93796 -0.27011 eb
275.06555 69.83074 -0.83328 -0.55228 -0.02521 eb
275.45717 79.07410 -0.08392 -0.70102 -0.70819 eb
275.53997 41.31121 -0.43452 0.88829 -0.14879 eb
275.63644 50.48784 0.15374 -0.67482 0.72179 eb
276.29990 87.45380 -0.85521 -0.40142 -0.32784 eb
277.38050 52.35915 0.52360 0.24075 -0.81724 eb
279.62563 67.09774 -0.10480 0.98881 0.10620 eb
280.95893 85.31508 0.19107 -0.97435 -0.11890 eb
281.14568 30.85346 -0.04497 0.81882 0.57229 eb
281.86613 24.01953 -0.06278 0.06710 -0.99577 eb
282.05911 27.84159 -0.31475 0.39879 -0.86133 eb
282.22164 15.18523 -0.55747 0.76694 -0.31786 eb
282.33124 20.15863 -0.76175 -0.60245 -0.23829 eb
282.76937 31.31682 0.32793 0.53517 -0.77850 eb
283.65014 30.65049 0.63313 -0.69557 0.33961 eb
283.79312 57.78263 -0.29341 -0.56070 -0.77429 eb
284.07592 43.62056 0.90346 -0.38139 -0.19570 eb
284.27899 54.34761 0.96358 0.12738 -0.23513 eb
285.23113 20.88971 0.64537 0.03164 -0.76322 eb
286.21229 21.28400 -0.21639 -0.83158 0.51152 eb
286.71980 34.95979 0.94650 0.30192 -0.11391 eb
286.75892 49.52646 -0.61993 -0.43506 -0.65300 eb
286.76181 54.71341 0.15299 0.91948 0.36214 eb
287.03833 15.37837 0.11483 -0.95752 -0.26450 eb
287.17503 22.47173 -0.01939 -0.13485 0.99068 eb
287.63195 26.17812 -0.77507 0.63089 0.03515 eb
287.97522 60.33321 0.30277 0.55507 -0.77474 eb
290.46169 35.36842 -0.39545 -0.87150 0.29001 eb
290.55710 52.52059 -0.31661 -0.40460 -0.85794 eb
291.13004 60.05126 -0.74773 -0.26827 -0.60740 eb
291.55667 13.92941 -0.80353 -0.52851 0.27390 eb
291.79067 66.29277 0.52034 -0.80416 -0.28735 eb
291.95339 32.08925 0.79930 0.54549 -0.25209 eb
292.02389 57.69697 -0.15984 0.71514 -0.68046 eb
293.51238 33.50924 0.72762 0.09724 0.67905 eb
294.29555 17.93664 -0.29909 -0.94950 0.09478 eb
294.45174 35.13764 -0.97388 -0.13435 0.18306 eb
294.48360 65.11267 -0.80032 -0.13363 -0.58449 eb
294.81948 70.51985 -0.90932 -0.25014 0.33251 eb
295.04170 74.05783 -0.29531 0.95539 0.00528 eb
295.38182 36.68025 0.85993 0.38663 0.33322 eb
295.62728 41.25914 -0.75972 -0.44019 -0.47860 eb
295.71576 34.42639 -0.26459 0.82097 -0.50596 eb
296.52075 30.07550 0.42156 -0.31685 0.84964 eb
297.00384 51.27307 0.21694 -0.91451 -0.34148 eb
297.32289 49.05284 -0.21864 0.80152 -0.55657 eb
298.12923 70.58952 0.45933 0.13588 -0.87781 eb
298.53151 42.31731 0.59308 -0.24163 -0.76803 eb
299.71171 67.57774 -0.81405 -0.42874 0.39179 eb
299.97164 56.85061 0.21213 0.15974 -0.96410 eb
300.28494 38.06807 0.51460 -0.81545 0.26501 eb
303.41686 27.52128 -0.43654 -0.09259 -0.89491 eb
303.67990 67.72391 -0.59070 0.13937 -0.79477 eb
304.16333 35.33688 0.92207 -0.38696 0.00672 eb
304.45986 43.00045 -0.24913 -0.15421 -0.95611 eb
304.76783 35.39323 -0.67161 -0.71272 -0.20244 eb
306.12421 49.01485 0.66724 -0.55689 -0.49463 eb
306.78504 33.72056 0.38202 -0.47168 -0.79472 eb
308.18135 41.92666 0.62144 -0.53532 -0.57205 eb
309.40960 18.19698 -0.50871 -0.60408 0.61343 eb
310.44880 16.07200 0.13129 -0.76022 0.63626 eb
311.35630 80.11003 -0.23286 0.40642 -0.88352 eb
312.88774 45.69967 -0.86813 0.39716 0.29769 eb
317.09696 30.16628 0.00535 -0.88142 0.47230 eb
317.14019 44.00363 -0.16780 -0.73548 -0.65643 eb
318.16423 44.18725 -0.37982 -0.90369 0.19768 eb
318.22412 47.55345 0.01404 0.99944 -0.03039 eb
318.93486 38.39282 -0.39049 0.91996 -0.03450 eb
319.73425 48.17726 0.54889 -0.71135 -0.43898 eb
320.01043 43.39589 -0.27677 0.62540 -0.72957 eb
320.32882 26.60553 -0.12636 0.98740 -0.09527 eb
320.41872 15.96651 -0.02316 -0.79657 0.60411 eb
322.56013 76.08017 0.98042 0.12323 0.15358 eb
322.72772 39.53501 -0.30471 0.88390 -0.35479 eb
322.98611 49.79079 -0.56672 -0.82335 -0.03041 eb
323.05884 9.80543 -0.36959 0.12831 -0.92029 eb
323.92547 30.28306 -0.19286 -0.13915 -0.97131 eb
324.13657 73.63239 0.23939 -0.83235 -0.49989 eb
324.21531 60.87028 -0.88432 0.45724 0.09441 eb
324.52452 30.56855 0.56644 0.48923 -0.66317 eb
324.75370 60.98749 -0.31422 0.83080 -0.45938 eb
325.19553 30.56777 0.30265 -0.75483 -0.58193 eb
325.33980 41.50061 0.99639 -0.07114 -0.04637 eb
325.59927 27.12827 -0.07464 -0.99508 -0.06514 eb
325.66163 39.40977 -0.05463 -0.87221 -0.48608 eb
325.77231 19.49114 -0.31518 -0.31700 0.89452 eb
325.83197 87.91839 0.49084 -0.01837 -0.87106 eb
326.26590 45.43575 -0.33777 -0.04059 -0.94035 eb
326.59003 31.41909 -0.98231 -0.18670 0.01448 eb
327.94768 20.63484 -0.11979 -0.66705 0.73532 eb
328.91974 63.49616 -0.03032 0.96057 0.27637 eb
329.65749 69.03531 0.75222 -0.50973 0.41754 eb
330.53769 59.71792 -0.81707 -0.00075 -0.57654 eb
330.85858 32.40758 -0.59582 0.13050 -0.79244 eb
330.94694 30.45141 -0.60350 -0.27323 -0.74909 eb
331.17925 36.09478 -0.46968 0.81064 -0.34965 eb
331.26582 48.78248 -0.38128 0.91263 0.14741 eb
331.58161 85.35478 0.92390 0.32346 0.20442 eb
331.80995 39.35495 -0.19068 0.77149 -0.60700 eb
331.91397 25.35008 0.41489 0.83839 0.35350 eb
332.25258 48.96091 -0.93617 0.32133 0.14260 eb
333.68410 58.88160 0.14861 -0.96529 -0.21477 eb
334.09550 72.03717 0.76513 0.64387 0.00201 eb
334.52276 42.61949 -0.41981 -0.25160 -0.87204 eb
334.78495 44.42092 -0.20607 -0.84857 -0.48730 eb
335.02371 54.03855 -0.99467 -0.09496 -0.04028 eb
335.05941 22.21105 -0.70874 -0.70461 0.03469 eb
335.23272 72.24509 -0.53727 0.49931 0.67972 eb
336.13259 69.09652 0.36277 0.44121 -0.82081 eb
336.29418 17.75110 0.34500 -0.92463 -0.16136 eb
336.44811 35.64782 -0.35083 0.35639 -0.86597 eb
336.51710 46.31678 -0.42747 -0.43662 -0.79160 eb
336.77874 66.16952 0.72291 0.54931 -0.41911 eb
337.56185 35.42771 0.45183 -0.31124 -0.83605 eb
338.28677 32.92430 -0.92700 0.21964 -0.30402 eb
338.93410 53.07880 0.10685 -0.53617 -0.83732 eb
338.94580 27.29216 -0.38037 -0.65652 -0.65139 eb
339.22844 69.76342 0.25113 0.41411 -0.87490 eb
339.38539 34.86408 -0.43949 0.24638 -0.86380 eb
340.10282 20.28416 0.61628 -0.57030 -0.54310 eb
340.71992 12.98086 0.58576 0.06393 0.80796 eb
341.36112 57.17596 0.45029 0.72864 -0.51607 eb
341.44214 61.39955 -0.13387 0.82084 -0.55525 eb
341.96461 30.14175 -0.17941 0.52061 0.83473 eb
343.23934 12.53569 0.72835 -0.42047 -0.54103 eb
343.39835 36.67801 -0.41962 0.83435 -0.35748 eb
343.41784 39.38570 -0.75345 -0.41780 -0.50770 eb
343.74101 66.82147 -0.55008 -0.37591 -0.74572 eb
344.12930 51.98765 -0.93979 0.34176 -0.00053 eb
344.43017 72.78148 0.63137 -0.77464 -0.03626 eb
344.74682 26.18594 0.52452 0.68989 0.49892 eb
344.99643 48.98544 0.03412 -0.63104 -0.77500 eb
345.64066 40.38964 -0.33428 -0.09084 -0.93809 eb
345.64791 17.42008 -0.86511 -0.50128 -0.01734 eb
345.66088 48.09279 -0.95016 -0.12213 -0.28684 eb
346.17865 42.43812 0.99024 -0.10274 -0.09422 eb
346.85761 20.45021 -0.16027 0.62237 -0.76614 eb
347.21935 26.20245 0.26267 0.03856 0.96412 eb
350.21978 42.43862 0.26687 -0.41520 -0.86971 eb
350.40455 69.19701 -0.39116 0.49767 -0.77415 eb
350.58068 21.29746 -0.08251 -0.89450 -0.43938 eb
350.91118 57.41020 -0.06462 0.60781 -0.79145 eb
351.02688 38.97678 -0.80502 0.27541 -0.52544 eb
351.75367 45.15230 0.46954 -0.87666 0.10487 eb
351.98558 33.54737 -0.27510 -0.95676 -0.09446 eb
353.56920 48.38068 0.06791 0.07504 -0.99487 eb
353.74680 38.47938 -0.70090 -0.26002 0.66417 eb
355.17617 23.71642 -0.34227 -0.86831 -0.35900 eb
355.75978 20.07450 -0.81054 0.00357 0.58567 eb
356.12320 26.77159 -0.22459 -0.58669 -0.77804 eb
356.16224 37.04728 -0.54963 -0.24459 -0.79880 eb
356.76351 60.04383 0.64826 -0.59876 -0.47037 eb
357.56353 31.53697 -0.05145 0.77404 -0.63104 eb
359.39373 45.84497 0.31785 -0.93272 0.17030 eb
359.62429 62.82595 -0.53626 0.53779 -0.65055 eb
359.67570 85.32906 -0.80241 0.20271 -0.56128 eb
361.13062 55.37191 -0.07221 -0.96354 -0.25764 eb
361.85958 27.88496 0.32922 -0.93769 -0.11112 eb
362.89397 25.61491 0.14593 0.93503 -0.32315 eb
363.27888 46.81306 -0.54958 -0.67517 0.49204 eb
363.45382 25.13947 0.55677 0.75406 -0.34844 eb
364.68431 14.80642 -0.67553 -0.23821 -0.69779 eb
366.04606 28.75501 0.16637 -0.98335 0.07309 eb
369.70948 25.75618 0.20040 0.92047 0.33553 eb
369.83162 31.48596 0.35948 0.64038 -0.67874 eb
371.10557 30.70898 -0.09624 0.99498 -0.02751 eb
372.87890 33.21221 -0.06809 0.88341 -0.46362 eb
373.57230 10.07456 0.70735 0.53909 -0.45720 eb
373.63659 54.97501 0.14675 -0.38646 -0.91056 eb
374.26778 63.81446 -0.93990 0.08224 -0.33140 eb
378.04417 31.76133 0.11556 -0.80399 -0.58330 eb
378.31098 33.70836 0.37672 0.27115 -0.88576 eb
382.09612 17.80397 0.07471 0.83993 -0.53753 eb
382.11715 54.75826 -0.80227 0.47091 -0.36690 eb
386.08397 52.64347 -0.83195 0.50482 -0.23026 eb
386.11987 24.24418 -0.48218 0.25944 0.83677 eb
387.87313 42.34744 -0.84126 -0.38120 -0.38335 eb
388.10407 47.58497 -0.63063 0.77441 -0.05093 eb
389.91464 18.24683 0.32221 -0.92180 0.21556 eb
390.43930 45.35381 -0.10500 -0.15176 -0.98282 eb
390.83393 26.03067 -0.21765 -0.96902 0.11678 eb
392.23218 49.03908 0.71984 -0.48793 0.49371 eb
402.20261 24.89630 -0.10448 -0.76687 -0.63324 eb
406.44336 60.67678 -0.36793 -0.84541 0.38718 eb
408.54541 23.70203 -0.62483 -0.61258 -0.48407 eb
412.43787 53.05413 -0.98418 -0.15791 -0.08036 eb
416.19418 67.11622 -0.61397 -0.58592 -0.52890 eb
420.62081 52.04465 0.43168 0.90083 -0.04656 eb
431.65225 13.60317 0.70067 -0.50246 -0.50655 eb
445.53209 13.42618 -0.34673 -0.59692 0.72351 eb
455.26776 10.99999 -0.04764 0.55158 0.83276 eb
461.94107 14.06250 0.95843 -0.06223 0.27847 eb
471.12291 20.73189 0.80870 -0.55917 -0.18256 eb
473.25565 72.28772 0.03498 0.96564 0.25753 eb
476.70735 25.55816 -0.69346 -0.71063 0.11881 eb
487.66912 81.21600 0.11141 0.92958 0.35137 eb
505.41436 23.03764 0.06827 0.26929 -0.96064 eb
509.42431 37.36407 -0.84348 0.26998 0.46439 eb
516.96789 29.13711 -0.74383 0.66826 -0.01205 eb
517.01603 12.40952 -0.00324 -0.98588 -0.16742 eb
524.87240 41.29557 -0.78285 -0.57377 -0.24070 eb
541.19029 58.74596 0.08543 -0.86369 0.49672 eb
544.62487 23.27462 -0.76178 0.63833 -0.11051 eb
571.09441 28.34951 -0.92608 -0.36605 -0.09156 eb
615.92010 14.43474 -0.02442 0.42700 0.90392 eb
616.37490 19.23682 0.94134 -0.08661 0.32616 eb
661.75377 17.69922 -0.78826 0.38685 -0.47854 eb
708.51016 16.08331 -0.01801 0.46090 -0.88727 eb
723.97077 14.04852 -0.75828 -0.62620 -0.18135 eb
730.98372 30.64629 -0.23619 0.55944 -0.79451 eb
804.66831 20.47418 -0.12163 -0.95128 -0.28333 eb
808.49277 25.17635 0.32671 0.72435 -0.60711 eb
823.32930 10.59504 0.14993 -0.43227 0.88919 eb
856.02235 7.31272 0.24314 -0.68910 -0.68266 eb
885.84392 21.21824 -0.06977 0.02642 -0.99721 eb
941.90345 32.05191 -0.62148 0.74868 -0.23074 eb
951.35944 35.25707 0.18279 -0.16218 -0.96968 eb
964.41111 22.84051 -0.20348 0.06742 0.97676 eb
1004.49990 18.25698 0.48053 -0.00454 -0.87696 eb
1007.76145 22.94105 0.76950 0.41519 -0.48528 eb
1054.64090 18.98783 0.15173 -0.28034 -0.94783 eb
1397.46201 16.78693 -0.74912 -0.55370 0.36363 eb
1501.73581 13.07846 -0.89014 -0.45359 -0.04371 eb
1539.98566 33.38340 0.01604 0.54633 0.83741 eb
1576.73829 28.11537 0.47818 -0.43193 -0.76471 eb
1774.47748 16.84873 0.25330 0.77216 0.58276 eb
1811.45887 33.05214 0.66769 0.60389 -0.43532 eb
1813.18250 19.69787 0.43574 0.58240 0.68625 eb
1903.08693 21.31012 0.35042 -0.89025 0.29097 eb
2015.71769 30.78710 -0.38675 -0.52345 -0.75922 eb
2140.09635 22.52051 -0.79937 -0.29995 -0.52060 eb
2353.23279 19.28066 -0.07719 -0.26730 -0.96052 eb
2419.10476 24.20069 0.67762 0.16674 -0.71626 eb
3411.64173 12.00669 -0.25967 0.69183 0.67376 eb
3430.66192 31.80310 -0.95593 0.25501 -0.14550 eb
3930.51660 10.09614 0.81676 -0.53058 0.22667 eb
4057.34625 11.77017 -0.96547 0.24569 -0.08660 eb
4303.15657 19.14442 -0.36198 0.88869 0.28143 eb
4569.97863 20.75854 0.56603 -0.69027 -0.45070 eb
4778.21160 12.15410 -0.79662 0.56693 -0.20974 eb
4910.97898 12.97897 0.19551 -0.00296 -0.98070 eb
4952.41141 29.55441 0.86106 -0.12666 -0.49248 eb
5442.70976 27.40572 0.85959 -0.26759 -0.43532 eb
5756.99199 8.86235 -0.91524 -0.01787 0.40250 eb
6122.06055 12.51213 -0.62285 0.59477 0.50823 eb
6286.75923 20.66784 0.85564 -0.31239 -0.41266 eb
6747.87433 12.63349 0.25910 0.23867 -0.93590 eb
7307.43105 18.89850 0.00419 -0.64594 0.76338 eb
7406.76956 27.95968 -0.89309 0.37076 0.25481 eb
7706.46783 24.27863 -0.07121 0.77598 -0.62673 eb
7776.77539 15.99855 0.63039 0.18596 0.75368 eb
8436.20984 20.93908 0.35884 -0.79435 -0.49014 eb
8741.90066 21.08659 0.58565 -0.12260 -0.80124 eb
8803.79912 13.16611 -0.49101 -0.58112 -0.64901 eb
10527.45000 14.24331 -0.55128 -0.64095 0.53411 eb
10645.86774 20.45955 0.71853 0.08931 0.68974 eb
10663.09704 32.61393 0.29397 0.69609 -0.65501 eb
11952.34385 13.70192 -0.14785 0.70205 0.69661 eb
12920.82207 11.09599 0.72746 -0.56280 0.39250 eb
12925.12597 16.98054 0.48495 -0.60897 -0.62768 eb
