15.64495 66.86484 0.25263 0.01217 -0.96749 eb
16.55486 42.86004 0.65797 -0.35305 -0.66515 eb
18.68058 62.98137 0.80266 -0.51417 -0.30229 eb
19.13164 66.01534 0.49325 -0.16890 0.85333 eb
19.56942 39.05178 0.30847 0.75451 -0.57927 eb
22.54214 88.52563 0.40266 -0.30120 -0.86437 eb
23.59837 59.27039 -0.27926 0.80456 -0.52412 eb
23.79461 84.54687 0.36694 -0.33537 -0.86769 eb
24.25212 41.88628 -0.82511 -0.51801 -0.22551 eb
25.45200 27.19231 0.46678 -0.82904 -0.30791 eb
26.21466 66.19535 0.69638 -0.03561 0.71679 eb
27.97948 37.35518 0.22182 -0.69679 -0.68211 eb
28.31220 20.86879 0.52474 -0.43632 -0.73094 eb
30.28320 59.47298 0.48062 0.16833 -0.86062 eb
31.71365 81.49191 0.34029 0.62476 -0.70277 eb
32.82273 48.86485 0.06986 0.77326 -0.63023 eb
34.55758 52.73801 -0.61415 -0.68209 -0.39695 eb
37.14467 27.88021 -0.66585 -0.70410 -0.24676 eb
37.69484 53.95207 -0.51726 -0.16239 -0.84028 eb
38.24183 45.61033 0.87297 0.40345 -0.27413 eb
39.24024 60.86279 0.19906 -0.97011 0.13876 eb
39.31079 75.24446 0.09990 0.83380 0.54295 eb
40.08940 41.78038 0.63904 0.35521 -0.68225 eb
40.55134 32.97203 0.46239 0.64064 -0.61301 eb
42.06900 77.22678 -0.01813 -0.99917 0.03648 eb
43.58180 46.85521 -0.92280 0.17771 -0.34185 eb
43.84646 67.47589 -0.34323 -0.54120 0.76766 eb
43.89643 33.22704 -0.97960 0.17746 0.09425 eb
44.06798 26.79826 0.09535 -0.23932 -0.96625 eb
45.32084 47.89416 -0.22727 0.80664 0.54560 eb
45.84500 41.04385 -0.41196 0.32242 -0.85225 eb
46.39356 70.94795 -0.56639 -0.69157 -0.44826 eb
46.69341 85.79548 0.19499 0.65878 -0.72663 eb
46.78094 24.62906 0.47968 -0.16241 -0.86228 eb
47.45744 59.71869 -0.15438 0.53183 -0.83266 eb
48.75119 29.89571 0.90483 -0.34953 0.24315 eb
50.52542 16.97514 -0.42336 0.64350 0.63771 eb
50.66709 11.57378 -0.25474 0.86458 0.43315 eb
51.78384 54.55190 0.76243 -0.11771 -0.63627 eb
53.35465 73.42172 0.11613 -0.93652 0.33082 eb
53.82147 49.94647 0.47220 -0.69286 -0.54495 eb
54.04167 66.40701 0.51435 -0.63182 -0.57987 eb
54.65706 70.22095 0.44116 0.87630 -0.19362 eb
54.82630 64.93981 0.05682 0.52874 -0.84688 eb
55.60285 53.39387 -0.20496 0.21768 -0.95426 eb
55.90139 46.21235 0.45857 0.32231 0.82815 eb
56.00674 75.94517 0.91022 0.36945 -0.18708 eb
56.22360 64.00974 -0.18259 -0.98286 -0.02556 eb
56.41066 27.79655 0.60909 0.61290 -0.50335 eb
56.47226 49.94193 -0.77333 0.35531 -0.52509 eb
59.31493 61.21320 0.36579 0.24230 -0.89861 eb
60.53139 27.08646 -0.60477 -0.79591 0.02808 eb
61.22570 55.91440 -0.06462 0.69821 -0.71297 eb
61.73451 59.59361 -0.38536 -0.63917 -0.66555 eb
62.93220 60.35742 -0.43832 -0.77021 -0.46331 eb
62.98362 66.47426 0.62627 -0.76642 0.14281 eb
63.24211 13.45517 0.62322 -0.73776 -0.25944 eb
64.79417 81.38065 -0.71659 -0.68925 0.10691 eb
65.15504 35.81412 -0.33103 0.90629 0.26277 eb
68.75544 41.01469 0.15950 0.01806 -0.98703 eb
68.83687 53.41368 -0.32858 0.91286 0.24231 eb
69.47767 33.80231 -0.14208 -0.51614 -0.84463 eb
69.56759 51.45884 0.90075 -0.36023 -0.24266 eb
69.66110 70.41141 -0.27697 -0.63899 0.71762 eb
70.43141 32.26727 -0.19030 -0.97967 0.06355 eb
71.70293 66.04244 0.87331 -0.46508 0.14502 eb
72.00648 51.59111 -0.77509 0.43433 -0.45890 eb
73.98175 56.00850 -0.95443 0.02163 0.29764 eb
75.86965 33.30645 0.22808 0.44366 -0.86668 eb
76.49372 41.77204 -0.29189 0.66444 -0.68798 eb
78.48898 33.87922 -0.99793 -0.00329 0.06419 eb
78.77165 68.18372 0.34884 0.58397 -0.73300 eb
78.88754 28.95029 0.69732 -0.68127 -0.22274 eb
79.78851 80.29584 0.45041 -0.66508 -0.59565 eb
79.89418 59.07893 -0.32604 -0.36896 -0.87038 eb
80.70700 23.71267 0.96191 0.27122 -0.03428 eb
81.96275 23.85860 0.09643 0.62305 -0.77621 eb
82.26204 12.38734 0.94649 0.18811 0.26226 eb
82.33568 43.57454 -0.73049 0.55596 -0.39661 eb
83.57209 39.64633 0.66530 -0.67519 0.31859 eb
83.80481 78.01892 -0.10591 -0.33358 -0.93675 eb
83.85377 62.68115 0.56355 0.80260 -0.19558 eb
83.93064 30.63660 -0.79196 0.42070 -0.44250 eb
84.00575 85.65098 -0.22343 0.84264 -0.48993 eb
84.33491 39.29401 0.18797 -0.19993 -0.96161 eb
85.00370 32.37652 -0.84369 0.19275 -0.50104 eb
85.17466 29.43021 -0.71001 0.65817 -0.25040 eb
86.28893 24.14374 -0.18866 -0.64485 -0.74066 eb
86.33084 64.58638 -0.15761 -0.76695 -0.62205 eb
86.66748 33.07929 0.65873 0.73986 0.13664 eb
86.84478 69.04441 -0.60556 0.73548 0.30390 eb
86.88845 67.50531 -0.88195 -0.02018 0.47090 eb
88.00135 68.23227 0.28874 0.95594 0.05302 eb
88.21619 79.10805 -0.28836 0.91165 -0.29280 eb
88.22419 21.70460 0.46418 0.83883 0.28444 eb
88.60170 46.27126 0.31374 -0.94430 -0.09930 eb
89.25675 42.91537 -0.80821 0.58831 0.02621 eb
90.12278 28.18816 0.40835 -0.87192 -0.27019 eb
90.97108 38.60555 0.29266 -0.37701 0.87876 eb
91.57544 64.62056 -0.74960 -0.65191 -0.11454 eb
92.17171 26.08925 -0.21226 0.07393 -0.97441 eb
93.38621 37.53747 -0.00448 0.24970 -0.96831 eb
94.19633 46.77651 0.33914 -0.38687 -0.85751 eb
94.28254 81.12753 0.35446 0.91499 0.19275 eb
94.90285 22.13616 -0.11246 0.74275 0.66005 eb
95.14479 53.61478 -0.71278 0.63323 0.30161 eb
96.34778 14.23165 0.17445 -0.67543 0.71649 eb
96.66303 43.09741 -0.05827 -0.39765 -0.91568 eb
97.19291 56.58105 0.67348 0.24460 0.69757 eb
98.35992 36.64194 0.94244 0.21567 -0.25552 eb
98.82379 28.77296 0.51206 -0.83586 0.19784 eb
99.42118 60.22987 -0.42453 -0.90513 0.02278 eb
99.53649 24.25056 -0.45960 -0.57370 -0.67797 eb
100.21951 48.97215 0.51776 0.51302 -0.68464 eb
101.09363 27.72415 0.53587 0.71492 -0.44914 eb
102.04110 68.71404 -0.55288 0.31867 -0.76992 eb
103.20998 25.52998 -0.40376 -0.31794 -0.85785 eb
103.37921 34.85137 0.62912 -0.44966 -0.63405 eb
104.02959 29.56593 -0.26536 0.41980 -0.86796 eb
104.43519 67.52156 0.45633 -0.88545 -0.08796 eb
104.64129 34.46885 -0.00126 0.38011 -0.92494 eb
104.85950 14.88245 -0.66112 -0.74690 0.07108 eb
104.97674 88.27418 -0.94809 0.27182 -0.16505 eb
105.90957 79.16598 -0.13524 -0.24291 -0.96057 eb
106.76459 50.39738 -0.43558 -0.01652 -0.90000 eb
106.93096 49.58927 0.61305 -0.78668 0.07284 eb
108.18592 51.07770 0.14477 -0.25089 -0.95713 eb
109.56912 34.53481 -0.45923 0.01089 -0.88825 eb
109.93208 32.70346 -0.60830 0.25376 0.75205 eb
111.53994 48.36672 -0.75950 -0.62562 0.17819 eb
111.93112 84.88508 -0.48194 0.03686 0.87543 eb
112.06287 88.34579 -0.46203 0.76727 -0.44477 eb
112.67718 40.46948 -0.04959 0.60658 -0.79347 eb
113.02375 24.93524 0.96686 -0.10057 -0.23467 eb
114.26375 52.93276 0.22908 0.97155 -0.06009 eb
114.29509 20.00969 0.26901 -0.94586 0.18159 eb
114.51778 26.43544 0.91084 -0.15775 0.38144 eb
115.55492 48.24024 -0.85183 0.46316 0.24467 eb
117.80467 35.77233 -0.37279 -0.67208 -0.63979 eb
118.12167 46.99079 0.21739 0.93861 -0.26788 eb
118.25341 24.34376 0.31336 0.56388 -0.76410 eb
118.47293 54.29638 -0.84471 -0.11639 -0.52242 eb
119.00107 56.87598 0.91223 -0.35624 -0.20232 eb
120.05455 23.98885 0.11903 -0.13199 -0.98408 eb
120.06771 85.70363 -0.55190 0.72561 -0.41098 eb
120.33661 42.29680 0.55748 -0.74537 -0.36558 eb
120.34479 75.56842 0.71406 0.25080 -0.65362 eb
121.06112 37.66972 0.24277 0.26940 -0.93192 eb
122.11316 67.44766 -0.27361 0.74162 -0.61248 eb
122.27265 45.41580 0.28871 -0.89843 -0.33087 eb
124.04888 69.19203 -0.45493 0.70065 -0.54966 eb
124.49969 30.48393 0.88574 -0.17862 0.42843 eb
124.61744 34.37181 0.51566 0.49526 -0.69915 eb
124.90188 62.27013 0.75006 0.65124 -0.11535 eb
126.08849 13.30793 0.53260 -0.53280 -0.65762 eb
126.39427 35.48258 0.48215 -0.78301 -0.39298 eb
126.63795 13.39705 0.92404 -0.38119 0.02909 eb
127.10704 18.68671 -0.96654 -0.18185 0.18093 eb
127.28867 15.24293 -0.14143 0.28610 -0.94770 eb
128.12667 17.44832 -0.34960 -0.87574 0.33295 eb
128.27888 28.92604 -0.92599 -0.28728 0.24498 eb
128.53668 53.07028 -0.07803 -0.50913 -0.85714 eb
128.68807 14.37506 -0.24653 -0.76278 -0.59781 eb
128.81471 44.39381 -0.14939 0.80062 -0.58025 eb
129.34292 28.54722 -0.11906 0.59256 -0.79668 eb
129.69224 57.75392 -0.59171 -0.28580 -0.75379 eb
130.04803 68.22261 -0.57387 -0.10624 -0.81203 eb
131.28056 44.94050 -0.51879 0.71304 0.47163 eb
131.96023 70.85663 -0.77396 0.18861 0.60449 eb
135.24083 47.15422 0.41814 0.05851 -0.90650 eb
135.28287 46.33039 -0.26937 -0.89214 -0.36267 eb
135.33933 28.74428 0.16056 -0.98685 -0.01869 eb
135.34154 36.27110 0.91801 0.19567 -0.34493 eb
135.51538 48.31141 -0.79336 0.60553 -0.06257 eb
135.95847 39.01528 -0.47848 0.10255 0.87209 eb
136.57580 27.69830 0.13601 0.91046 0.39060 eb
138.36614 19.09601 -0.41474 -0.82478 -0.38435 eb
139.66929 10.56105 -0.93114 -0.35270 0.09260 eb
140.28536 52.75999 -0.42109 0.83332 -0.35815 eb
142.36072 59.93993 0.34939 0.10395 -0.93119 eb
142.74834 29.71889 0.42863 -0.06724 -0.90097 eb
143.06601 32.99513 0.27751 -0.00364 -0.96072 eb
143.61496 35.17532 0.30417 0.02650 -0.95225 eb
143.62970 67.53586 0.81888 0.27031 0.50632 eb
144.53303 68.34140 -0.02542 0.85153 -0.52370 eb
144.75283 49.11480 -0.27369 -0.37307 -0.88652 eb
145.57279 52.08586 0.59687 -0.12517 0.79251 eb
145.95826 48.84051 0.80104 0.44220 0.40348 eb
147.04314 28.40248 -0.07142 -0.26691 0.96107 eb
148.64622 21.72010 -0.64511 0.55289 0.52739 eb
148.65800 26.43780 0.88082 -0.20764 0.42549 eb
149.15453 64.71090 -0.43561 0.81072 0.39112 eb
149.32896 22.11719 0.97975 0.00185 -0.20020 eb
149.68217 33.19568 0.79829 0.03507 -0.60125 eb
149.77474 46.60712 0.87760 0.42622 -0.21944 eb
150.36157 31.70773 -0.17355 0.88369 0.43472 eb
150.39779 46.02028 0.58937 -0.45850 -0.66515 eb
152.69700 22.17548 0.37438 0.49133 0.78640 eb
153.22318 62.39088 0.11527 -0.64554 -0.75498 eb
153.83088 51.03279 -0.48781 -0.15559 -0.85897 eb
153.97899 29.85452 0.39685 0.88778 -0.23315 eb
154.55093 36.48884 -0.22041 -0.82666 -0.51773 eb
154.94315 37.25957 0.33539 0.93221 -0.13601 eb
155.19282 48.45575 0.78315 -0.23895 0.57408 eb
155.84938 32.17949 0.57594 -0.11847 -0.80886 eb
156.07246 78.32920 0.18158 0.95100 -0.25025 eb
156.19894 19.36100 -0.84898 -0.16912 0.50062 eb
156.33353 55.07904 0.75949 0.64047 0.11393 eb
156.56116 61.52006 0.69426 -0.29761 -0.65531 eb
156.59781 21.47203 0.20231 -0.60483 -0.77023 eb
156.71288 24.29439 -0.87022 -0.37698 -0.31718 eb
157.27195 70.80776 -0.04593 0.95152 0.30414 eb
157.78191 54.86613 0.38843 -0.15390 -0.90853 eb
158.60646 21.52889 0.67743 0.63054 -0.37883 eb
158.72664 11.69545 -0.79494 0.31288 0.51979 eb
159.31264 26.05208 -0.30615 0.24861 0.91895 eb
160.58774 35.69897 -0.19792 0.97927 0.04316 eb
160.74939 61.38931 -0.52682 0.83203 0.17377 eb
161.06696 41.19821 -0.15673 0.96935 -0.18917 eb
161.34842 55.75149 -0.72971 -0.68348 -0.01944 eb
161.37262 69.96732 0.86905 0.18090 -0.46046 eb
161.39827 27.09368 -0.76751 -0.36154 -0.52935 eb
163.16844 86.31095 0.43526 -0.87855 0.19674 eb
163.26133 32.52061 -0.19459 -0.62101 -0.75926 eb
164.20470 28.51766 -0.95910 -0.27947 -0.04509 eb
164.27040 60.93238 0.76349 0.61144 0.20793 eb
164.27463 34.23000 -0.24437 0.89238 0.37940 eb
164.82478 11.87814 -0.14052 0.47523 0.86857 eb
165.14251 36.34548 -0.17863 -0.06705 -0.98163 eb
166.19090 24.05498 -0.53661 -0.83157 0.14333 eb
166.30151 40.96991 0.85735 -0.03079 -0.51381 eb
167.08390 58.54195 0.54354 -0.78366 -0.30074 eb
169.81765 35.25385 -0.89167 -0.16615 -0.42110 eb
170.03466 48.33881 0.79287 -0.58269 0.17841 eb
171.83336 74.68380 0.13078 0.98388 -0.12199 eb
171.91665 65.84010 -0.89055 0.44804 0.07863 eb
171.95650 20.86241 0.75716 -0.39336 -0.52152 eb
171.97549 61.04585 0.15729 0.23610 -0.95891 eb
172.74725 20.81579 -0.94759 -0.31512 0.05263 eb
173.06158 47.44264 0.30262 -0.85760 -0.41586 eb
176.67811 18.70761 -0.97585 -0.03687 0.21529 eb
176.87291 22.49077 0.76992 -0.63655 0.04501 eb
178.28835 23.95526 -0.46032 -0.28258 -0.84158 eb
178.35521 37.49185 -0.54236 0.02989 0.83961 eb
178.62713 26.78740 -0.52779 -0.83337 0.16410 eb
179.11177 49.47673 -0.50478 0.51271 -0.69450 eb
179.18314 32.52120 0.47574 -0.16884 0.86323 eb
181.68077 47.82772 -0.35882 -0.48699 -0.79630 eb
181.96776 20.12694 0.23111 0.93001 0.28577 eb
182.89706 33.91554 -0.94158 -0.10479 -0.32008 eb
184.91562 25.45216 0.49927 -0.40354 -0.76674 eb
185.29215 54.17193 -0.44588 0.17617 0.87758 eb
185.59623 51.76998 0.11203 0.69540 -0.70983 eb
185.79053 15.54223 0.04996 0.59825 -0.79975 eb
186.05929 41.38226 -0.30640 0.49390 -0.81375 eb
186.73871 16.69975 0.50466 0.35039 -0.78901 eb
186.86395 18.06312 0.91189 0.20962 -0.35288 eb
186.95547 25.56156 -0.32487 0.88959 -0.32108 eb
187.05830 31.45590 -0.13374 -0.74810 -0.64997 eb
187.47754 80.06238 0.86550 0.18399 -0.46590 eb
187.53384 18.40770 0.77537 -0.50747 -0.37586 eb
187.66176 34.59325 -0.95243 -0.30465 0.00833 eb
188.26049 28.66739 -0.80419 0.02149 0.59399 eb
190.25275 15.04633 0.67589 0.64329 -0.35966 eb
190.38896 19.36920 0.44989 -0.79107 0.41450 eb
190.53150 18.96251 0.64279 -0.76488 -0.04223 eb
192.08660 75.18109 0.18828 -0.75385 -0.62950 eb
192.43217 16.76273 0.23276 -0.04841 0.97133 eb
193.07903 30.54919 -0.48812 0.76254 -0.42458 eb
194.89402 17.55386 -0.11889 0.96999 -0.21212 eb
197.01515 31.16755 -0.57795 0.80483 0.13501 eb
197.14741 19.94211 0.69235 0.47919 -0.53947 eb
198.51428 28.23198 -0.55064 -0.82442 0.13086 eb
198.78014 40.71863 0.82051 0.13435 0.55561 eb
199.90227 58.36113 0.79323 0.09466 0.60152 eb
200.34270 86.50805 -0.12562 -0.76408 0.63278 eb
201.30409 31.61386 -0.92699 -0.25363 -0.27633 eb
201.56226 24.20760 0.73360 0.01724 -0.67937 eb
203.60270 25.27341 -0.17731 -0.13527 0.97482 eb
203.60537 27.68968 0.27702 0.65126 -0.70648 eb
204.20423 41.56638 -0.51782 0.62207 0.58728 eb
204.41438 48.28200 0.66695 0.73249 -0.13651 eb
206.60851 23.68222 -0.04713 0.25444 -0.96594 eb
208.72459 31.30507 -0.62230 0.56533 0.54143 eb
209.27196 53.15427 -0.85157 0.09256 -0.51600 eb
209.63394 34.75003 0.51187 0.84400 -0.16014 eb
210.51560 16.85244 0.01261 0.67349 -0.73909 eb
210.67114 43.89543 -0.83383 0.10565 0.54182 eb
210.76484 37.32196 -0.80465 0.18226 -0.56509 eb
211.21817 39.58738 -0.06501 -0.92134 0.38329 eb
212.84477 10.09485 0.66098 0.73653 0.14362 eb
212.98567 26.51798 -0.62633 0.38687 -0.67679 eb
213.08347 63.46061 -0.11112 0.64130 -0.75920 eb
215.77714 84.96442 -0.40797 0.91297 -0.00720 eb
216.00424 73.12200 -0.57500 -0.39480 -0.71660 eb
217.01016 85.68137 0.66271 0.70960 -0.23935 eb
217.37057 15.26438 -0.50422 0.21814 -0.83557 eb
217.71463 33.21699 -0.03450 0.82448 -0.56484 eb
218.67666 74.74084 0.63658 0.73008 0.24849 eb
218.72198 84.28792 0.22434 -0.33518 -0.91506 eb
219.77559 21.79529 0.55416 -0.38758 0.73667 eb
220.32655 36.92260 -0.95082 -0.30795 0.03334 eb
220.50522 31.42890 0.24314 -0.94751 -0.20760 eb
221.45298 10.71336 -0.50144 -0.53709 0.67830 eb
221.97160 74.29278 -0.38844 -0.31895 -0.86452 eb
222.49611 20.07196 0.79827 -0.57894 -0.16613 eb
222.78714 36.79782 0.21893 0.58267 -0.78266 eb
222.83560 57.15263 0.18564 0.97887 0.08570 eb
223.34758 31.50951 0.29157 -0.89536 0.33664 eb
224.02831 50.07651 0.43585 0.68838 0.57980 eb
224.05199 32.14163 0.62063 -0.67154 -0.40479 eb
224.19927 30.28725 0.67012 0.68088 -0.29552 eb
227.21297 35.56334 -0.75394 0.16517 -0.63584 eb
227.54678 79.23604 -0.33002 -0.45404 -0.82760 eb
227.65356 39.21651 -0.29127 -0.53026 -0.79623 eb
230.41891 58.44569 -0.04147 0.44907 -0.89253 eb
230.79196 84.09593 -0.08407 -0.95219 -0.29371 eb
231.34906 22.14853 -0.53730 0.24333 -0.80753 eb
232.39913 52.65039 0.26757 0.95018 0.15986 eb
233.92842 30.99560 0.90061 -0.18819 0.39177 eb
235.27139 60.17872 -0.85401 0.48123 0.19768 eb
236.12679 35.15084 0.36868 -0.92341 -0.10669 eb
236.14007 18.69177 -0.83102 -0.09624 -0.54785 eb
236.96847 21.16417 0.32607 0.93050 -0.16690 eb
237.07092 12.99750 -0.82043 0.19019 0.53918 eb
238.52436 29.75790 -0.97534 0.21109 0.06450 eb
239.12010 21.54057 -0.21958 0.83596 0.50294 eb
239.90741 21.95540 0.07435 0.29418 0.95285 eb
240.54468 22.87320 0.65693 0.20946 -0.72427 eb
240.81487 42.45826 -0.95803 -0.25041 0.13955 eb
240.82807 76.82544 0.11262 0.94754 -0.29914 eb
241.61921 30.68311 0.49487 0.84375 0.20784 eb
243.55662 82.41245 0.90447 -0.16017 -0.39532 eb
244.08548 21.12006 -0.70136 0.36831 0.61028 eb
245.30248 28.42998 -0.38067 0.85993 0.34002 eb
246.72425 88.34627 -0.65712 -0.72338 0.21191 eb
247.08235 48.28978 -0.23178 -0.23435 -0.94412 eb
247.25492 77.10136 0.33418 0.63050 -0.70057 eb
247.55441 22.04917 0.79945 -0.44248 -0.40631 eb
247.71838 64.03688 0.81893 -0.23539 0.52340 eb
247.78635 61.99641 -0.39898 -0.87037 -0.28856 eb
249.12942 21.47695 -0.86581 0.49392 -0.08014 eb
249.59959 47.56070 -0.91998 -0.39188 -0.00764 eb
250.50848 34.67428 -0.69573 0.23443 -0.67897 eb
252.17372 19.95324 -0.71774 -0.55492 -0.42061 eb
255.08564 37.93880 0.38292 -0.29610 -0.87504 eb
255.77699 58.77656 0.20190 0.96122 -0.18785 eb
256.40204 53.64427 0.99355 -0.10004 0.05336 eb
257.41446 16.35809 -0.02855 -0.47171 0.88129 eb
258.64491 15.79118 0.26371 0.19810 -0.94404 eb
258.68484 61.51648 -0.13479 0.67025 -0.72979 eb
259.37935 20.79028 0.61980 -0.01782 0.78456 eb
259.61515 53.88796 0.80606 0.53615 0.25061 eb
260.15400 39.77801 0.12769 -0.41182 -0.90227 eb
261.04663 18.10613 0.72308 -0.56356 0.39944 eb
261.86764 50.41265 0.76879 0.31411 -0.55704 eb
262.36607 64.13798 -0.09755 -0.80836 0.58056 eb
263.50285 61.22511 -0.43389 -0.12472 -0.89229 eb
263.72887 42.30722 -0.07285 0.95047 -0.30216 eb
263.94619 28.65831 0.61761 0.31862 -0.71906 eb
265.40939 50.11374 0.69729 0.09673 0.71023 eb
265.59855 31.77392 -0.39439 0.49341 -0.77525 eb
265.81685 72.89977 0.89525 0.24783 -0.37028 eb
266.42126 36.23148 -0.89781 0.26541 -0.35141 eb
267.03647 48.36379 0.47444 0.20686 0.85564 eb
267.32993 27.25712 -0.80367 0.34110 -0.48761 eb
267.58019 31.08185 -0.28532 -0.26800 0.92020 eb
267.65469 25.93037 0.55947 -0.77384 -0.29694 eb
267.92703 20.93757 -0.49838 0.84711 -0.18447 eb
268.02706 28.27473 0.60502 -0.79546 0.03463 eb
269.42344 16.59587 -0.96720 0.00269 -0.25400 eb
270.55887 45.36558 -0.57171 0.80568 0.15498 eb
270.76880 63.85647 -0.99147 0.09154 0.09279 eb
270.92086 19.53735 -0.21033 0.74409 -0.63410 eb
270.92502 22.19773 0.23978 0.63943 -0.73050 eb
271.36833 36.41791 0.31282 -0.93633 0.15945 eb
271.45369 54.86192 0.57794 0.24963 0.77697 eb
271.73633 17.18650 -0.74921 -0.65946 -0.06165 eb
272.29463 23.62035 0.87775 -0.13154 -0.46070 eb
272.75674 72.38285 -0.27443 -0.70383 -0.65522 eb
273.09307 30.66291 0.80060 0.03695 -0.59806 eb
273.55369 58.45729 -0.83969 -0.50613 -0.19685 eb
273.58599 28.81151 -0.47734 -0.45803 0.74990 eb
273.86034 62.20671 -0.74454 0.64378 0.17666 eb
274.16887 42.33384 -0.41532 -0.37518 -0.82870 eb
274.49307 35.80065 -0.78494 -0.11979 0.60788 eb
274.63796 13.11304 -0.99324 -0.08328 0.08087 eb
274.84955 19.40043 -0.25675 0.73500 -0.62758 eb
275.19284 33.73974 0.07856 -0.09455 -0.99242 eb
275.91873 53.04001 0.55180 -0.05187 -0.83236 eb
276.11452 29.82592 0.20825 -0.84554 0.49162 eb
276.24917 47.06643 0.01256 -0.47754 -0.87852 eb
276.41310 26.73962 0.44621 -0.88905 -0.10237 eb
276.72164 52.31039 0.60859 -0.71963 -0.33429 eb
278.66501 58.30062 -0.94352 0.16864 -0.28517 eb
278.89397 28.88351 0.65874 0.21843 -0.71996 eb
280.01065 35.22725 0.15866 -0.25006 0.95514 eb
280.08833 47.04612 -0.95206 -0.29142 -0.09298 eb
280.23656 19.72858 0.96429 0.22521 -0.13936 eb
280.93407 54.04801 0.27166 0.24414 -0.93091 eb
281.40896 69.71878 -0.51238 0.29136 -0.80782 eb
281.84129 44.79708 -0.61001 0.64710 0.45732 eb
281.97596 32.12120 -0.07181 0.99588 0.05534 eb
282.48999 67.04478 0.17061 -0.86759 -0.46710 eb
282.76067 45.50331 0.46123 0.36999 -0.80646 eb
283.12428 38.92502 0.00749 0.39573 -0.91833 eb
284.13408 43.61094 0.53578 -0.51266 0.67092 eb
284.70897 11.97969 -0.52895 -0.41407 -0.74078 eb
285.93136 53.07471 -0.02381 -0.93055 -0.36539 eb
287.13290 32.56815 -0.38295 -0.91971 -0.08648 eb
287.14981 25.69535 0.18547 0.03799 0.98192 eb
287.20217 43.98072 0.99576 -0.07501 -0.05319 eb
287.86247 17.39108 0.38282 0.80827 0.44738 eb
289.26115 22.83720 0.80074 0.13241 -0.58420 eb
289.37594 19.16789 0.09676 0.89357 -0.43837 eb
289.99715 33.86654 0.49904 0.07780 0.86308 eb
290.56459 15.33886 -0.68649 0.63468 -0.35483 eb
291.23711 44.32749 -0.88126 -0.44286 -0.16511 eb
291.23886 40.42379 -0.34231 -0.91817 -0.19949 eb
291.60285 34.70089 -0.55778 0.57250 -0.60094 eb
292.22830 59.70386 -0.41323 0.66972 -0.61702 eb
292.91811 45.14246 0.39477 -0.72495 -0.56445 eb
292.97686 49.99811 -0.08010 -0.17166 -0.98190 eb
293.82381 45.47880 0.69523 -0.15246 -0.70243 eb
294.68151 25.44092 0.82186 0.28347 -0.49416 eb
294.89287 56.14513 -0.65995 -0.48542 -0.57344 eb
295.17528 39.57479 0.26067 -0.95916 0.10987 eb
295.87883 31.86168 0.37629 0.25906 -0.88955 eb
295.99912 27.66229 0.98497 -0.08859 -0.14826 eb
296.36857 51.07455 0.44008 0.21863 -0.87094 eb
297.75757 47.68633 -0.60683 -0.71818 -0.34054 eb
297.91101 50.05464 0.48345 -0.31524 0.81664 eb
297.97545 85.30610 -0.60151 -0.75092 0.27258 eb
298.65775 34.83365 -0.06290 -0.48933 -0.86983 eb
298.69212 24.44966 -0.75164 0.65154 0.10265 eb
299.55834 68.46945 0.67576 -0.32125 -0.66344 eb
300.63401 47.09936 0.45539 -0.03328 -0.88967 eb
303.60365 40.06623 0.64711 -0.69891 0.30457 eb
304.56717 17.55067 -0.17461 -0.61844 0.76619 eb
304.70011 65.74562 0.64306 -0.15019 -0.75095 eb
305.33191 12.81811 0.76881 0.12041 0.62803 eb
306.19783 57.17248 -0.43497 -0.57854 -0.68999 eb
306.43771 30.52893 -0.20805 -0.60688 0.76708 eb
306.96010 15.61303 0.01864 -0.73665 -0.67602 eb
307.02744 69.74314 0.84845 0.42860 -0.31055 eb
308.76889 66.58812 0.98566 -0.08721 0.14446 eb
309.86890 51.03528 -0.50706 0.51188 -0.69345 eb
309.99816 22.57255 -0.61586 -0.53761 0.57593 eb
310.16924 72.13362 0.94445 0.06698 0.32176 eb
311.08823 23.74360 0.39314 0.51380 -0.76253 eb
311.66466 34.33974 0.47140 0.52810 -0.70632 eb
313.00985 47.60069 0.19751 0.97851 0.05924 eb
313.12004 62.73722 0.86824 -0.31093 -0.38664 eb
314.10430 43.65539 0.53770 0.47137 0.69907 eb
314.23968 50.07333 0.82725 0.13862 -0.54446 eb
314.38542 40.49331 -0.99197 0.04879 -0.11672 eb
315.50859 35.70448 -0.40411 -0.33192 -0.85236 eb
315.50956 23.37039 -0.28665 0.16595 -0.94355 eb
316.03303 65.76470 -0.67881 0.73205 -0.05761 eb
316.43414 38.72270 0.95026 -0.20071 -0.23818 eb
316.52731 42.32988 -0.33071 0.21540 0.91882 eb
316.53357 48.73262 -0.70538 0.45749 -0.54143 eb
316.65257 76.21652 -0.59038 0.17914 -0.78700 eb
317.28379 49.25178 0.04568 0.02513 -0.99864 eb
318.60365 19.78897 0.60901 -0.70757 0.35842 eb
321.04728 34.93981 -0.43461 0.83709 -0.33227 eb
321.40268 65.13640 0.42229 -0.88798 0.18212 eb
321.97229 60.51165 0.52917 -0.81443 -0.23808 eb
322.61160 15.82928 -0.51983 0.70065 -0.48873 eb
323.12752 27.49539 0.28080 -0.61078 -0.74034 eb
323.14424 24.55670 0.23203 -0.46277 -0.85557 eb
323.68727 36.23762 0.76464 0.32939 -0.55392 eb
323.91319 39.94850 0.79707 -0.31033 0.51806 eb
324.01923 75.75041 -0.20726 -0.90874 -0.36226 eb
324.20419 26.80142 0.91363 -0.37707 0.15200 eb
325.25986 60.22332 0.30363 0.43773 -0.84628 eb
326.27202 44.41925 0.19803 0.48098 -0.85408 eb
326.74917 39.81817 -0.47726 -0.42644 -0.76836 eb
327.02209 19.36709 -0.71426 0.40763 -0.56891 eb
327.29731 40.02854 -0.03459 -0.92684 0.37387 eb
328.93019 34.96023 0.68812 -0.15350 -0.70918 eb
329.16562 31.54332 -0.38904 0.87282 0.29468 eb
329.76722 15.01697 0.77838 -0.56389 -0.27594 eb
330.51905 27.11352 0.47817 -0.44441 -0.75753 eb
330.74601 50.66142 0.77136 -0.16977 -0.61333 eb
331.10325 46.79139 -0.14555 -0.95854 0.24500 eb
331.67705 60.98861 -0.36165 0.84577 -0.39227 eb
331.81701 42.22378 0.89878 0.24148 0.36591 eb
331.90024 46.77326 0.46239 0.84375 -0.27255 eb
331.94360 56.11548 -0.09942 -0.36873 -0.92420 eb
332.01197 24.38006 0.44742 -0.63932 0.62536 eb
332.49596 43.85366 -0.28019 0.38555 0.87911 eb
334.79563 26.46803 -0.19717 -0.67129 -0.71449 eb
334.80050 67.29208 0.99884 -0.04434 0.01871 eb
335.73202 50.09496 -0.16811 0.03628 -0.98510 eb
336.16750 25.97944 0.81352 -0.13017 0.56678 eb
336.69906 47.18357 0.08779 -0.70325 -0.70550 eb
336.82421 32.52899 0.78661 0.49153 0.37369 eb
337.80948 77.18655 0.22813 -0.42614 -0.87542 eb
338.23295 30.59234 -0.06407 0.66557 -0.74358 eb
338.55141 53.67945 0.00789 -0.25462 -0.96701 eb
338.95507 7.56784 0.70547 -0.68789 -0.17064 eb
340.69510 20.67546 -0.99161 -0.07749 -0.10342 eb
341.18580 48.45494 -0.70550 0.26352 -0.65790 eb
341.40421 46.38853 0.68607 -0.02585 -0.72708 eb
342.00246 77.71395 0.33153 0.93217 0.14540 eb
342.50139 19.94040 -0.41528 0.78121 0.46610 eb
342.64983 70.15023 -0.33203 -0.63025 -0.70181 eb
342.80018 74.23069 -0.30341 -0.84053 -0.44885 eb
343.27498 16.75105 0.65801 -0.12124 -0.74318 eb
344.24564 34.35603 -0.47489 0.03997 -0.87914 eb
345.33245 56.31280 -0.30023 0.71153 -0.63528 eb
345.42354 55.31647 -0.97340 -0.16280 0.16119 eb
345.46548 62.90751 0.90940 0.33088 -0.25201 eb
345.48164 12.88685 -0.64095 -0.01406 0.76746 eb
345.68346 21.29436 -0.59843 0.49163 -0.63259 eb
345.93865 14.26980 -0.76379 -0.10940 0.63613 eb
346.01146 84.29551 -0.41097 0.21659 -0.88555 eb
347.12471 18.88314 0.18254 0.79085 0.58415 eb
349.25880 32.29399 0.69757 0.59868 -0.39366 eb
349.50417 27.96704 -0.41650 -0.27218 0.86744 eb
350.47252 62.51857 0.96265 0.13998 0.23175 eb
350.59491 40.31597 -0.76507 -0.60285 0.22637 eb
352.43039 16.60275 0.11661 0.23027 0.96612 eb
353.67347 42.27347 0.81554 0.56933 0.10369 eb
353.93479 42.47452 -0.41144 -0.51745 -0.75030 eb
354.32122 23.59003 -0.94765 -0.27835 -0.15648 eb
355.46909 30.08380 0.45248 0.86511 0.21643 eb
357.63989 56.46931 -0.64209 -0.66582 -0.38001 eb
358.69454 29.54700 -0.15691 0.55923 -0.81403 eb
360.45171 26.28194 -0.30637 -0.94980 -0.06336 eb
360.87595 27.25657 0.57407 0.47206 -0.66903 eb
361.59207 44.07683 -0.00109 0.89238 0.45128 eb
361.60930 28.95430 0.16757 -0.72297 0.67025 eb
362.74705 40.98733 -0.42786 0.88010 -0.20580 eb
363.72649 45.85064 0.08338 -0.98820 0.12851 eb
364.05950 34.47714 -0.41717 -0.79479 0.44077 eb
365.70802 11.29589 0.61908 -0.66776 0.41331 eb
366.63682 28.93451 -0.50180 -0.75756 -0.41749 eb
367.18204 20.42606 -0.68810 0.72438 -0.04231 eb
367.39929 35.75512 -0.99332 0.06284 0.09679 eb
367.41584 45.88993 0.23024 0.44478 -0.86554 eb
368.44886 48.40398 -0.58057 -0.79821 -0.16060 eb
370.05478 55.72900 -0.03634 0.39327 -0.91870 eb
370.26621 32.22719 0.48474 0.51771 -0.70498 eb
371.88043 25.65950 0.08785 0.74412 0.66225 eb
374.03218 58.54036 -0.49589 0.86153 0.10895 eb
374.58265 41.57369 -0.55367 0.50189 -0.66450 eb
375.59206 84.99964 0.78061 0.28029 -0.55865 eb
375.91500 49.91642 -0.03687 -0.50395 -0.86294 eb
377.33274 30.47560 0.08042 0.84508 -0.52856 eb
377.83276 28.71364 -0.82423 0.00019 -0.56626 eb
378.44185 36.83529 0.80474 0.31776 -0.50141 eb
378.95961 84.89800 0.33775 0.71860 -0.60789 eb
382.52736 36.91618 0.79794 -0.31799 -0.51203 eb
385.56037 41.11966 -0.47194 0.26414 -0.84113 eb
386.35158 34.51444 -0.39108 -0.61640 -0.68345 eb
387.03405 40.15344 -0.76240 -0.00758 -0.64706 eb
388.82976 17.78250 0.34671 -0.77641 -0.52628 eb
397.98589 66.62741 -0.85244 0.27992 0.44159 eb
399.81294 65.73932 0.35004 0.14586 -0.92531 eb
402.76854 23.95193 0.58156 -0.51733 -0.62782 eb
407.44842 65.71127 -0.79071 0.35405 -0.49943 eb
409.77185 18.49741 0.00631 -0.64682 -0.76262 eb
417.41023 67.50753 -0.40720 -0.18348 -0.89472 eb
421.38957 37.63035 0.05172 0.89867 0.43556 eb
426.06992 14.57928 -0.64172 0.76623 -0.03297 eb
428.37640 73.64463 -0.85048 0.21781 -0.47879 eb
432.07037 34.07505 -0.93967 0.09313 -0.32916 eb
433.27910 16.01342 0.78604 -0.01844 -0.61791 eb
436.06087 17.87509 0.95251 -0.30203 -0.03874 eb
441.10541 47.62875 -0.19510 -0.94009 -0.27959 eb
442.49050 42.90614 -0.34542 0.88944 -0.29930 eb
450.87698 50.99883 -0.32002 0.79611 0.51362 eb
467.26823 22.91340 -0.75070 0.63165 -0.19355 eb
476.14729 77.15603 -0.81142 0.57941 0.07670 eb
478.89283 41.93741 -0.36891 0.29754 0.88056 eb
513.15628 40.96136 -0.24619 -0.95072 -0.18846 eb
541.23600 21.42654 0.41986 -0.90351 -0.08594 eb
569.84053 10.19974 -0.48851 0.07375 -0.86944 eb
602.32376 11.67178 0.49675 0.77539 0.38988 eb
655.80185 15.08948 0.15901 -0.97015 0.18310 eb
768.17901 20.48144 0.16853 0.18440 -0.96830 eb
790.39529 24.62602 0.12307 0.54502 -0.82934 eb
899.06077 25.44159 0.39454 -0.90004 -0.18512 eb
899.35070 30.31488 0.04137 -0.98956 -0.13803 eb
977.07990 29.91212 -0.67895 0.73142 -0.06365 eb
1064.33772 9.77709 -0.62202 0.28995 -0.72734 eb
1146.48543 24.07905 0.29779 0.42357 0.85552 eb
1155.29887 24.44324 -0.02240 0.93476 0.35457 eb
1272.90458 20.30406 -0.17726 0.60946 -0.77275 eb
1286.60571 21.08473 0.05710 0.14843 -0.98727 eb
1411.38224 27.90224 -0.47966 -0.32551 -0.81484 eb
1461.67222 13.91003 -0.77225 0.58740 -0.24205 eb
1585.62405 13.59792 -0.31408 -0.44663 -0.83778 eb
1604.31241 29.61903 0.17502 -0.59709 -0.78285 eb
1609.63338 18.09116 -0.22664 -0.86738 -0.44304 eb
1616.23784 18.91143 -0.44893 -0.49974 -0.74075 eb
1636.02376 35.78946 -0.89637 -0.09040 -0.43399 eb
1656.42335 12.18018 -0.04271 -0.59000 -0.80627 eb
1762.12977 20.52046 0.82744 -0.55430 -0.09001 eb
1830.03200 20.92171 -0.61244 0.27018 -0.74291 eb
1867.55843 15.62976 0.19708 -0.69548 -0.69099 eb
1889.04406 36.82204 0.84518 -0.37071 -0.38502 eb
1904.30597 24.47863 0.06347 -0.90910 0.41171 eb
2104.28821 37.71235 0.30450 0.88064 -0.36297 eb
2122.36884 14.49069 -0.93312 -0.10074 0.34515 eb
2202.65087 8.57561 -0.91578 0.24767 -0.31624 eb
2230.06369 20.73973 -0.16851 0.93170 0.32179 eb
2339.32157 10.24310 0.25826 0.78709 0.56017 eb
2402.03416 21.33617 -0.06731 -0.78055 -0.62145 eb
2577.90169 12.99369 0.48993 -0.72291 0.48721 eb
2831.23972 30.78432 0.60143 -0.77027 -0.21205 eb
2932.44802 20.90020 -0.91983 -0.22163 -0.32372 eb
2972.00131 21.77163 0.57734 -0.47837 0.66170 eb
3233.73122 16.90669 0.18011 0.97161 -0.15342 eb
3265.59763 25.30111 0.49547 -0.39642 -0.77289 eb
3440.46661 17.72455 -0.61889 -0.36401 -0.69604 eb
3513.50431 25.35377 -0.89380 0.44117 0.08053 eb
3624.75476 19.42425 -0.67999 -0.32453 -0.65749 eb
3868.35862 39.36412 -0.63913 0.70824 -0.29986 eb
3903.92992 38.41147 -0.68020 -0.07491 0.72919 eb
4016.87324 32.87637 0.82103 -0.43985 -0.36392 eb
4081.37501 4.78281 -0.07169 -0.97926 -0.18951 eb
4607.41459 18.76815 0.21120 -0.94453 -0.25153 eb
5149.26175 32.15679 0.79293 -0.13754 0.59359 eb
5172.23372 13.62837 -0.13742 0.89012 -0.43451 eb
5428.11600 26.30615 -0.31589 0.45285 -0.83375 eb
5980.97624 12.03258 -0.69402 0.69128 -0.20115 eb
7446.59822 20.68059 0.52967 0.30090 -0.79304 eb
7742.99325 13.81203 -0.11019 0.67670 -0.72796 eb
9719.56108 15.25778 0.62088 0.77925 -0.08530 eb
9860.91297 20.67836 0.76808 -0.41622 -0.48664 eb
10402.23142 23.84434 0.20724 0.48451 -0.84988 eb
13006.28259 29.40347 -0.05912 -0.90306 0.42543 eb
13210.25661 25.85878 0.69032 -0.63620 -0.34453 eb
