17.37054 2.14906 0.08726 0.58586 0.80570 eb
20.11841 9.78362 0.18778 -0.15625 0.96970 eb
23.57142 12.25351 0.12709 -0.19929 0.97166 e
25.01561 2.95116 -0.29277 0.39468 0.87092 eb
25.58770 4.32756 0.16224 0.37170 0.91407 e
26.20261 37.11343 0.02216 -0.02074 0.99954 e
27.27697 7.99738 -0.20926 0.19667 0.95788 e
27.50352 15.65476 -0.06417 0.16111 0.98485 e
28.93178 8.03140 -0.26852 -0.14965 0.95158 e
29.36542 9.75749 0.20132 -0.15228 0.96762 eb
29.45641 39.69944 -0.05324 0.02609 0.99824 e
29.56813 6.31392 0.14058 0.05268 0.98867 e
30.03939 10.49794 -0.20208 0.11293 0.97284 x
30.38893 12.78502 0.14150 -0.03938 0.98915 xb
31.47024 23.26816 -0.13397 -0.00048 0.99099 x
31.75495 20.13422 -0.19464 0.03477 0.98026 e
32.35519 6.32820 -0.03032 -0.28823 0.95708 e
33.34153 4.52282 -0.34719 0.06068 0.93583 xb
33.46030 1.49430 0.28386 -0.64165 0.71254 e
33.72070 3.19695 -0.46751 0.06583 0.88154 e
34.66719 10.72251 0.19197 0.08389 0.97781 e
35.97828 3.11430 0.05161 -0.44075 0.89614 eb
36.32467 1.60453 -0.63512 -0.21889 0.74075 e
37.21603 9.65958 -0.24442 0.02984 0.96921 eb
37.41002 5.64489 -0.17518 0.01007 0.98449 e
37.92694 5.18386 0.20970 0.25425 0.94413 eb
39.23121 20.25107 0.08164 -0.13163 0.98793 e
39.26497 5.46500 -0.32559 0.01725 0.94535 e
39.51369 4.06193 -0.04275 -0.40980 0.91117 eb
39.96021 23.70623 0.00525 0.02724 0.99962 e
40.83960 2.79902 0.47168 -0.21706 0.85464 e
42.60009 38.56123 0.05214 0.02053 0.99843 e
42.63331 15.30601 -0.06628 -0.11935 0.99064 e
42.70002 14.83891 0.16207 -0.05643 0.98517 e
42.99004 52.53378 0.08557 -0.02799 0.99594 eb
43.51732 10.14418 0.22335 0.11577 0.96784 e
43.57136 5.45787 0.10631 0.27071 0.95677 e
43.98519 9.25731 0.07572 -0.04037 0.99631 e
44.23958 2.46926 0.12076 -0.52264 0.84396 xb
44.48969 8.54407 -0.13592 0.02088 0.99050 e
44.51133 21.31562 -0.11297 -0.07057 0.99109 e
44.75349 20.51699 -0.03180 0.08990 0.99544 e
44.94082 21.02377 0.13683 0.05840 0.98887 x
45.79513 1.46450 -0.05746 -0.69917 0.71264 e
46.01870 21.72231 0.09949 0.08306 0.99157 e
46.35759 8.44070 -0.04579 -0.24915 0.96738 e
46.39529 47.26084 0.10439 -0.01388 0.99444 x
46.73590 12.20243 -0.20838 0.12829 0.96960 e
46.82594 1.01715 -0.66999 -0.44638 0.59317 eb
46.92090 6.12953 0.15606 -0.29379 0.94305 x
46.92803 6.01430 0.29994 0.19132 0.93458 x
47.27073 36.14492 0.00797 -0.05415 0.99850 e
47.54264 2.34432 -0.13662 -0.53182 0.83577 eb
47.82666 4.46555 0.31672 0.29491 0.90151 e
48.43170 4.86154 -0.17204 0.36238 0.91601 e
48.51736 30.20440 0.08466 0.03653 0.99574 e
48.52549 9.14874 -0.26066 0.04698 0.96429 e
48.75657 32.68143 -0.02263 0.08285 0.99631 e
48.79589 1.53481 0.64815 -0.20333 0.73387 e
49.24490 10.29021 -0.20764 0.04628 0.97711 e
49.87676 2.69575 0.40008 0.32128 0.85832 e
50.53617 3.17839 0.25301 0.42043 0.87133 e
51.07888 3.32303 -0.46798 -0.07809 0.88028 x
51.37857 5.98267 0.04129 0.36275 0.93097 e
51.63364 32.92022 0.06967 0.02931 0.99714 e
53.80881 14.00939 -0.15880 -0.00658 0.98729 e
54.28654 2.11153 -0.34842 0.49859 0.79373 eb
54.40827 10.12727 0.25931 -0.04795 0.96460 x
54.57169 21.10276 -0.02630 0.14300 0.98937 e
54.86077 4.12442 -0.21524 -0.39241 0.89425 e
55.38673 3.01267 0.43274 0.18308 0.88273 e
55.40792 5.88940 -0.11084 -0.20487 0.97249 e
56.32856 13.80694 0.05048 -0.11104 0.99253 e
56.34063 3.21385 0.44043 -0.24189 0.86459 e
56.35019 20.55876 -0.06503 0.09259 0.99358 e
56.64997 5.70910 0.20874 0.29410 0.93270 e
56.84809 6.64364 -0.04475 0.03020 0.99854 x
57.44910 20.26409 0.01497 0.17026 0.98529 x
58.05137 2.63148 0.51536 -0.20889 0.83112 e
58.51588 5.24973 -0.31562 -0.12314 0.94086 xb
59.30136 12.09984 0.04587 -0.13562 0.98970 e
59.65086 50.11817 -0.02595 -0.05579 0.99811 e
60.00573 5.56012 -0.07133 -0.36063 0.92998 x
61.30462 7.00170 -0.12500 0.27868 0.95222 xb
61.49495 1.51312 0.09515 -0.68677 0.72062 e
61.50130 3.28003 -0.03514 0.49779 0.86658 e
61.64005 8.66905 0.01331 0.26547 0.96403 e
61.73916 9.67401 0.15787 0.11125 0.98117 e
61.89436 15.70718 -0.15218 -0.03506 0.98773 e
62.87147 2.53978 0.08503 -0.55860 0.82507 e
62.91516 9.35360 -0.18957 0.08900 0.97783 e
63.52301 15.81105 -0.07753 0.00530 0.99698 e
63.71569 10.14012 0.21304 0.05041 0.97574 e
63.81754 5.17633 0.33620 -0.10666 0.93573 e
64.37606 36.27528 -0.01708 0.05044 0.99858 e
64.59264 7.79802 0.27052 -0.06051 0.96081 e
65.46886 2.57445 -0.46073 0.26432 0.84727 eb
65.50355 0.79756 0.82469 0.30392 0.47699 e
66.24116 4.23060 -0.36418 -0.14360 0.92019 e
66.31375 15.74865 0.12026 -0.01575 0.99262 xb
66.58102 2.16323 0.58804 -0.10863 0.80151 eb
66.80151 2.40533 -0.45309 -0.29798 0.84019 eb
67.22560 20.68145 0.13305 -0.03824 0.99037 e
68.08433 0.82752 -0.80705 -0.31201 0.50133 eb
68.36110 39.98967 0.03365 0.11821 0.99242 e
69.00594 2.93791 -0.50818 0.03798 0.86041 e
70.00934 19.47306 -0.05438 -0.09750 0.99375 e
70.01761 8.12153 -0.14443 0.23368 0.96153 e
70.27943 13.94180 -0.06862 0.17389 0.98237 e
70.52500 47.06413 -0.03568 -0.03078 0.99889 e
71.13185 9.48104 -0.12636 0.22308 0.96658 x
71.89760 2.92244 0.48310 0.01300 0.87547 eb
72.19373 11.02067 -0.03530 0.15658 0.98703 x
72.52319 16.06464 0.05425 -0.13439 0.98944 e
72.81785 10.28302 0.09840 -0.15646 0.98277 e
73.03021 10.19123 0.08110 -0.15993 0.98379 xb
73.56763 22.74896 0.03504 0.04652 0.99830 e
74.40575 1.73746 0.43241 -0.44703 0.78306 x
74.79432 23.71460 0.00396 0.09289 0.99567 e
74.93421 13.45778 0.15445 -0.03049 0.98753 e
75.53484 6.10279 0.30894 -0.00868 0.95104 eb
76.67940 1.38734 0.47894 -0.49912 0.72215 eb
77.74853 1.82768 0.22895 0.57377 0.78636 xb
77.82478 12.06303 -0.11115 0.22820 0.96725 e
78.32537 14.27268 0.05310 -0.11695 0.99172 e
79.31801 14.19148 -0.18964 -0.03568 0.98121 eb
79.78286 4.26897 -0.21932 0.32998 0.91816 e
80.35725 7.47662 -0.08829 0.12310 0.98846 e
80.65140 4.09124 -0.37054 -0.21249 0.90418 x
81.56842 11.14706 0.02969 0.12577 0.99162 e
81.64497 20.12457 0.12661 -0.07517 0.98910 e
82.09429 8.88750 0.30507 0.00160 0.95233 e
82.13197 13.73840 -0.02861 -0.00662 0.99957 xb
82.96586 3.11698 -0.43647 -0.17535 0.88247 eb
83.08504 19.47831 0.05091 0.08026 0.99547 e
83.83928 7.88434 -0.15492 0.03127 0.98743 e
84.64374 23.71373 0.15537 0.05880 0.98610 e
86.41355 6.09104 0.29230 0.21741 0.93129 x
87.11352 9.44945 0.05947 -0.16897 0.98382 eb
87.59472 5.19297 -0.30039 0.23578 0.92421 e
87.77319 3.40334 0.42445 0.10348 0.89952 eb
87.80181 4.22124 0.24976 -0.31430 0.91588 e
88.12233 4.13456 -0.41464 0.17026 0.89392 eb
88.32803 4.12544 0.05217 -0.41434 0.90862 xb
88.44273 14.54734 0.08406 -0.04983 0.99521 xb
88.63192 20.70352 -0.15019 -0.05336 0.98722 e
89.25116 1.11776 0.52377 -0.47460 0.70740 xb
89.49609 15.56773 0.06016 0.00182 0.99819 eb
90.30938 21.78676 0.14164 -0.06307 0.98791 e
90.57314 37.00261 -0.09465 0.02664 0.99515 e
90.79825 5.36045 0.36346 -0.02778 0.93120 x
90.83029 15.47710 -0.08779 0.03220 0.99562 eb
90.95057 5.98958 -0.09361 -0.16257 0.98225 e
91.47273 9.43811 -0.13395 -0.06684 0.98873 e
91.63547 1.85251 0.34334 0.48954 0.80154 xb
91.91855 20.17075 0.01672 -0.07672 0.99691 e
91.97371 6.00573 0.30268 -0.02964 0.95263 e
92.42823 25.89232 -0.11022 -0.02323 0.99364 e
92.72293 4.08646 0.17603 0.25466 0.95088 x
92.97159 9.60867 -0.17650 0.10436 0.97875 eb
93.21552 7.13694 -0.31556 -0.00469 0.94889 xb
93.53553 2.07850 0.59356 -0.16743 0.78718 e
93.80335 7.79530 0.05671 0.17417 0.98308 xb
93.95901 11.35015 0.11288 -0.18477 0.97628 x
95.00998 23.42494 0.03607 0.05124 0.99803 e
95.77322 1.78492 -0.44704 -0.40385 0.79816 eb
97.56089 2.04560 0.56429 0.20199 0.80048 eb
98.40937 2.30518 0.40811 0.39857 0.82133 eb
98.67024 5.59027 -0.20459 -0.31270 0.92756 e
98.89180 0.79351 0.87650 -0.01321 0.48122 eb
99.60087 10.48341 0.10693 -0.16495 0.98049 eb
99.79485 13.57533 -0.09811 -0.20586 0.97365 x
99.88081 3.26877 0.07830 0.42382 0.90235 e
100.28708 10.07891 0.19279 0.03334 0.98067 e
100.81207 3.19402 0.19954 -0.42709 0.88192 e
100.92373 3.54367 -0.42918 -0.16692 0.88766 e
101.64758 8.97369 -0.19543 0.14062 0.97058 e
101.81080 1.53126 -0.67471 0.19236 0.71257 e
102.05636 20.40176 0.00529 0.10559 0.99440 e
102.70082 25.85403 -0.04553 -0.11246 0.99261 x
103.12206 1.03352 -0.44621 -0.66363 0.60040 eb
103.64363 5.40875 0.36851 -0.07383 0.92669 x
103.77253 1.96076 -0.33041 -0.52063 0.78725 eb
104.16481 22.90687 0.14397 -0.02337 0.98931 eb
104.70173 7.09770 -0.24792 0.20209 0.94747 e
104.75575 4.00398 -0.33722 0.26364 0.90376 e
105.19588 3.07932 -0.44675 0.11868 0.88675 xb
105.27119 24.32341 0.11441 -0.05893 0.99168 e
105.42355 2.83444 -0.44079 0.21303 0.87196 eb
105.67943 25.60078 0.04126 -0.14400 0.98872 e
105.76908 21.88569 0.01207 -0.08717 0.99612 x
106.10819 9.08626 -0.19452 0.15613 0.96839 x
106.49142 2.34785 -0.19229 -0.53678 0.82152 e
107.18449 15.53060 -0.20335 -0.06652 0.97684 e
108.60972 13.28860 -0.16834 0.06468 0.98361 e
108.82403 14.67718 -0.01537 0.12448 0.99210 e
109.74655 9.65561 0.23579 -0.00894 0.97176 eb
110.28491 5.99015 0.04130 0.33984 0.93958 eb
112.05371 4.30863 0.28943 0.15697 0.94424 eb
112.71977 0.94026 -0.39264 0.73642 0.55093 e
113.52103 18.05700 -0.12749 -0.08308 0.98835 eb
113.69334 12.32240 0.02788 -0.15213 0.98797 e
114.57111 26.07748 0.14609 -0.02616 0.98893 e
114.60757 11.98048 0.18499 -0.13774 0.97304 e
114.62777 9.96564 0.10586 -0.21059 0.97183 e
114.92387 7.01513 -0.34138 -0.01415 0.93982 e
115.10716 3.76779 0.25619 -0.13795 0.95673 eb
115.14531 55.24168 -0.01873 -0.03585 0.99918 e
115.31810 8.14339 -0.12801 0.27245 0.95362 eb
115.81534 5.10503 0.01167 0.39315 0.91940 e
116.39379 10.34132 0.08493 0.11802 0.98937 e
117.40614 9.37108 -0.16271 0.18168 0.96980 e
117.89434 10.39035 -0.01550 -0.19741 0.98020 e
118.83518 0.95367 -0.80165 -0.20606 0.56116 e
119.01846 20.69091 0.03361 -0.04199 0.99855 e
119.23021 2.89900 0.35064 -0.38574 0.85338 e
119.54657 5.01762 0.29284 -0.20435 0.93407 xb
120.08135 29.20671 -0.05401 -0.08899 0.99457 e
120.65923 1.12896 0.16358 0.76685 0.62063 eb
120.89541 4.04927 -0.01068 -0.43299 0.90134 xb
121.35836 1.47868 -0.56845 0.41160 0.71236 e
121.44421 10.03647 0.01903 0.23012 0.97298 xb
122.70191 19.46393 0.01481 0.08036 0.99666 e
122.96182 28.46807 0.11246 -0.07145 0.99108 e
123.07735 13.44068 -0.08556 -0.13658 0.98693 e
123.32686 7.66100 -0.05325 0.15110 0.98708 eb
123.42979 3.02578 -0.47896 -0.10292 0.87178 e
123.60635 3.15632 0.27474 0.02828 0.96110 xb
123.69083 6.51657 -0.26863 -0.04035 0.96240 xb
125.03390 11.22076 0.17808 0.01468 0.98391 eb
125.48272 21.80108 -0.18628 -0.01329 0.98241 e
125.87174 12.65824 0.10334 0.02398 0.99436 e
127.13057 8.54411 -0.12407 -0.18847 0.97421 e
128.45712 2.04075 0.59511 0.13992 0.79137 eb
128.93538 2.37402 -0.00879 -0.54246 0.84004 xb
130.05295 23.93943 -0.04128 -0.10018 0.99411 e
130.09103 0.96447 -0.39879 0.65272 0.64415 e
130.11886 13.70110 0.00973 0.11824 0.99294 e
130.78844 21.91548 -0.02813 0.05398 0.99815 e
131.06920 2.46321 -0.38435 -0.42006 0.82208 e
131.24645 11.80427 0.08171 0.09823 0.99180 e
132.04885 9.13515 0.26947 0.01234 0.96293 e
132.75535 16.11212 -0.00085 0.13066 0.99143 e
132.78011 1.06881 -0.24508 0.74076 0.62547 e
134.22641 1.52270 -0.59959 0.31915 0.73392 eb
134.97310 3.95412 -0.14582 -0.39532 0.90689 e
135.15209 4.16984 -0.06548 -0.32407 0.94377 eb
135.21572 7.93871 0.24928 -0.11483 0.96160 e
135.50518 12.22778 0.16975 0.00128 0.98549 e
135.53262 13.59884 0.04395 0.13266 0.99019 e
135.93786 6.38456 0.22024 -0.12830 0.96697 x
136.46657 1.79814 0.63863 0.02682 0.76904 eb
136.62210 2.36251 -0.02706 -0.56156 0.82699 eb
136.80623 12.18589 0.15134 0.13448 0.97929 e
138.02050 17.45556 -0.08488 -0.01763 0.99624 e
138.64039 3.13705 -0.39816 -0.29609 0.86821 eb
139.57302 17.42959 -0.01181 -0.08206 0.99656 eb
140.30312 9.70067 0.10812 0.18847 0.97611 eb
141.79919 8.44354 -0.09095 -0.20630 0.97425 e
141.94599 5.54309 0.03657 -0.36366 0.93081 eb
142.33749 4.55914 0.27332 0.20243 0.94038 e
142.39305 7.61919 -0.07816 -0.28898 0.95414 e
142.47881 6.37026 0.05784 -0.27753 0.95898 eb
143.04456 1.10915 -0.56102 0.53653 0.63038 eb
143.22888 3.66869 0.21843 -0.36516 0.90495 e
143.95476 8.17222 -0.21681 -0.13521 0.96680 e
144.24395 3.05513 -0.12596 0.48780 0.86382 e
145.05735 2.31758 -0.56935 0.02054 0.82184 e
145.16832 1.79674 0.11338 0.64104 0.75909 eb
145.53631 14.80910 0.07084 0.19636 0.97797 eb
145.58276 33.55153 0.07859 -0.00797 0.99688 eb
146.11515 9.17601 -0.14934 -0.08969 0.98471 x
146.76679 13.30047 -0.03642 -0.09755 0.99456 e
147.03246 3.61002 -0.37655 -0.25070 0.89183 e
147.30893 17.66906 0.01797 -0.05145 0.99851 eb
147.31683 2.32330 -0.51224 0.12710 0.84939 e
147.47047 2.95995 0.11023 0.31819 0.94160 e
147.73719 20.27073 0.04684 0.11443 0.99233 e
148.03493 1.63753 -0.23370 0.62936 0.74114 x
148.19497 32.50174 0.05969 -0.09808 0.99339 e
148.41178 20.87903 -0.06190 -0.08409 0.99453 e
148.69807 34.56118 0.06705 -0.06187 0.99583 e
149.17543 4.44569 -0.32622 -0.16929 0.93001 eb
149.90409 4.76424 -0.29526 0.22534 0.92846 e
150.03328 24.09991 0.09025 0.05351 0.99448 eb
151.24481 10.62214 0.03391 -0.23789 0.97070 xb
151.35886 3.18444 -0.10715 0.49002 0.86510 eb
151.36107 18.86683 0.12886 -0.00099 0.99166 eb
152.00465 5.91713 -0.19154 -0.31533 0.92945 x
152.09979 11.38045 0.25683 -0.08153 0.96301 e
152.54002 0.91996 0.49905 0.67668 0.54134 e
152.78122 5.89831 0.32606 0.12413 0.93717 xb
153.09207 14.70359 -0.08330 0.11297 0.99010 e
154.43921 1.44255 -0.00586 -0.70575 0.70843 e
154.49142 13.56739 -0.02955 -0.23397 0.97179 e
154.52698 41.84971 -0.02902 -0.05582 0.99802 e
155.46445 12.59871 0.08683 -0.21625 0.97247 e
156.02585 1.45376 -0.53301 0.44858 0.71741 eb
156.24942 15.23986 0.06696 0.02864 0.99734 eb
156.40733 1.27780 0.40622 0.61861 0.67254 eb
156.68642 6.89160 -0.15326 0.04714 0.98706 e
156.69164 2.65387 -0.35048 -0.41583 0.83919 eb
156.86412 4.41676 0.38548 -0.00490 0.92270 eb
156.88964 5.24557 0.34782 -0.12800 0.92878 x
157.08876 3.27264 0.40227 -0.24072 0.88331 eb
157.27721 10.79455 -0.15209 0.15120 0.97673 xb
157.55001 1.26916 0.61542 0.42813 0.66179 e
157.82672 3.04347 0.39748 0.30058 0.86699 xb
157.91744 7.26249 -0.30138 0.10156 0.94808 xb
159.42304 7.50017 0.08143 -0.22330 0.97134 e
159.63190 12.17863 -0.18137 0.00130 0.98341 e
160.42564 20.58594 -0.05135 0.05220 0.99732 x
160.72606 43.10784 0.08044 -0.01679 0.99662 e
160.79888 17.29673 0.01045 -0.05389 0.99849 eb
161.03699 3.39132 -0.25858 0.19207 0.94670 eb
161.31849 5.17173 0.34333 -0.02583 0.93886 e
161.44259 23.84565 0.07638 0.05493 0.99556 e
161.67175 41.42005 0.03350 -0.10283 0.99413 x
162.80577 5.79506 -0.32444 -0.21588 0.92094 x
163.70136 3.15383 -0.44337 0.17379 0.87933 eb
163.71937 3.08778 -0.05347 -0.43894 0.89692 eb
163.87353 16.28726 0.14945 0.03897 0.98800 x
163.98988 5.55338 -0.09304 0.31675 0.94393 e
164.33861 5.19490 0.35940 -0.10915 0.92678 e
165.07862 11.42655 -0.14979 0.00126 0.98872 e
165.17541 6.51792 0.32728 -0.09200 0.94044 eb
165.21097 0.80772 0.86141 -0.15064 0.48506 xb
165.36930 8.58528 0.05614 -0.19480 0.97923 e
165.43168 5.92716 0.29412 0.03827 0.95500 e
166.24337 5.94535 0.13331 0.33463 0.93287 x
167.71755 11.94531 -0.20343 -0.11794 0.97196 eb
167.82497 1.03530 -0.80422 0.01178 0.59421 eb
168.48329 1.39352 0.61004 -0.34672 0.71248 eb
169.36615 1.96468 -0.62243 -0.02204 0.78236 x
170.01439 3.56662 -0.48317 -0.01593 0.87538 e
170.80625 5.30367 -0.11962 0.29370 0.94838 eb
170.92855 1.32353 -0.72965 0.04060 0.68262 eb
171.81519 31.45569 0.05247 -0.04327 0.99768 e
172.97803 5.95270 -0.00044 0.07290 0.99734 e
173.01274 6.47280 -0.08657 -0.33414 0.93854 e
173.07571 2.14926 0.59558 0.08431 0.79886 e
173.61408 2.70541 -0.40269 0.31564 0.85919 eb
173.67948 1.74587 -0.63152 -0.13698 0.76316 x
173.68040 3.54963 -0.15424 0.10791 0.98212 e
174.62697 10.81394 0.14553 -0.00479 0.98934 e
175.51018 2.33291 -0.03864 0.55692 0.82967 eb
175.56973 6.34960 -0.28046 -0.20327 0.93810 eb
176.08631 3.87604 -0.27034 0.33951 0.90092 e
176.84370 13.38741 -0.16434 -0.14096 0.97628 e
176.86713 14.29468 -0.09180 -0.11401 0.98923 e
177.64858 1.35508 -0.72110 -0.14052 0.67843 eb
177.92217 7.13107 0.14562 -0.25030 0.95715 eb
178.74023 1.43520 -0.30532 -0.64400 0.70146 eb
179.62464 10.10328 0.08586 0.18520 0.97894 eb
179.75903 7.51070 0.30058 0.04694 0.95260 eb
179.99789 9.72953 -0.24142 0.04800 0.96923 eb
180.39115 12.63130 -0.09257 -0.11027 0.98958 eb
180.85730 2.25251 -0.19079 0.55232 0.81151 e
180.97069 2.66617 0.53641 -0.07910 0.84024 eb
181.29808 1.51336 -0.57768 -0.34140 0.74144 eb
181.54725 15.49548 -0.09823 0.02803 0.99477 xb
181.66270 11.82535 0.06034 -0.15296 0.98639 eb
183.10438 1.86360 -0.51126 0.38327 0.76923 eb
184.08767 6.81813 0.12834 -0.28379 0.95026 e
184.19622 26.67291 -0.02669 0.03625 0.99899 x
184.81254 13.37529 -0.10090 -0.15607 0.98258 eb
185.29372 31.75732 0.00421 -0.08267 0.99657 xb
186.28783 8.66378 -0.11451 0.17602 0.97770 eb
186.74211 13.07036 0.11943 -0.04906 0.99163 x
186.87847 8.30897 -0.10499 -0.23776 0.96563 eb
188.02630 10.09694 0.14293 -0.15667 0.97725 e
189.02129 2.81959 0.05905 -0.51195 0.85698 xb
189.09971 6.78286 -0.27361 0.15388 0.94945 eb
190.22384 14.88749 0.08529 0.01817 0.99619 xb
190.22790 6.20281 -0.32627 0.10703 0.93920 eb
190.23430 1.40242 -0.14884 -0.68388 0.71425 e
190.45475 10.74304 0.03325 0.24358 0.96931 e
190.67239 1.26467 -0.21951 0.71483 0.66395 xb
191.32811 8.84711 -0.08978 0.26371 0.96042 e
192.34635 1.44953 0.32424 0.61837 0.71588 e
192.74926 6.29615 -0.30026 -0.03010 0.95338 e
192.90937 2.08255 -0.26806 0.50548 0.82014 eb
193.12866 3.59836 0.13653 -0.46035 0.87718 e
193.41787 12.93068 -0.09889 -0.19830 0.97514 e
194.39634 5.08764 0.12857 -0.32327 0.93753 eb
194.58890 14.62654 0.14266 0.11898 0.98259 e
194.70946 3.26200 0.33947 -0.36443 0.86715 eb
194.77303 4.74741 0.19598 -0.33616 0.92119 eb
196.19935 9.83013 0.23993 0.08869 0.96673 xb
196.34456 2.30246 -0.56673 0.09933 0.81789 eb
196.35174 7.44150 0.11656 -0.31292 0.94260 e
196.49726 1.90710 -0.40609 -0.47322 0.78177 eb
196.87409 74.00118 0.03734 -0.00599 0.99928 eb
197.67844 3.86886 0.31804 0.18414 0.93002 e
197.91416 26.65726 0.02828 0.04008 0.99880 e
198.34508 3.02762 -0.39194 -0.26329 0.88151 xb
198.36995 1.57991 0.65663 -0.16494 0.73595 eb
198.49556 22.62514 0.03285 0.08841 0.99554 x
198.57515 2.24526 0.42330 0.33215 0.84291 eb
198.85363 4.37344 0.08579 -0.38805 0.91764 e
199.04148 22.01735 -0.09488 -0.10879 0.98953 x
199.26450 6.21731 -0.16924 0.31826 0.93278 e
199.66608 3.82361 0.10753 0.31827 0.94188 eb
199.74796 3.81945 -0.03140 -0.45383 0.89053 x
199.97243 9.22771 -0.19277 0.17373 0.96574 eb
201.06193 11.40307 -0.00368 0.13076 0.99141 e
201.36945 19.90816 -0.00529 -0.14351 0.98963 e
201.48035 10.56858 0.06631 -0.13980 0.98796 eb
201.55807 23.25776 -0.02670 -0.07230 0.99703 e
201.87448 10.65476 0.01284 0.21481 0.97657 xb
201.93106 11.02936 0.16285 -0.15622 0.97421 e
205.52864 3.07002 -0.40775 0.20100 0.89070 x
205.55879 3.72190 -0.03592 -0.41175 0.91059 e
206.39382 3.92482 0.21410 0.06393 0.97472 e
206.42181 2.74355 0.22178 0.49307 0.84124 e
206.64804 9.78716 -0.10304 -0.20755 0.97278 eb
207.09679 6.27307 -0.09415 0.21330 0.97244 e
207.19773 6.08460 0.03512 -0.14713 0.98849 x
207.53192 3.86331 0.06584 0.44375 0.89373 eb
209.69770 3.30708 -0.04380 -0.46703 0.88315 eb
209.78329 2.37599 0.46769 -0.34745 0.81274 e
210.90080 1.98546 -0.55965 -0.20980 0.80174 eb
211.54400 22.85845 0.10845 0.10976 0.98802 e
212.33224 0.78596 -0.10925 0.87069 0.47954 eb
212.43279 1.27859 0.73871 0.05443 0.67182 eb
213.03927 6.45207 0.05282 0.30626 0.95048 eb
213.50081 8.07466 -0.04966 0.24730 0.96766 e
213.56116 12.95097 0.07777 0.10657 0.99126 e
213.94288 8.13164 -0.01020 0.31826 0.94795 eb
213.95283 12.27622 -0.20071 0.01126 0.97959 e
214.39692 6.72010 0.12226 -0.32054 0.93931 e
215.16811 5.92374 0.17209 0.30119 0.93791 eb
215.39756 16.26832 -0.09892 -0.05289 0.99369 e
216.06038 7.98407 0.18196 0.19504 0.96377 eb
216.66914 15.58623 -0.05684 -0.07788 0.99534 e
217.25962 4.28797 0.38540 0.15256 0.91005 e
217.27846 0.83424 0.37876 0.77562 0.50493 x
218.25207 12.49983 -0.14950 -0.10815 0.98283 xb
218.43390 3.22354 0.36561 -0.30025 0.88101 e
218.84838 58.45305 -0.05055 0.01675 0.99858 e
219.34213 14.82606 -0.12596 0.04381 0.99107 eb
220.86389 11.61429 -0.04983 -0.20543 0.97740 eb
220.93187 7.62928 0.31160 -0.02979 0.94975 e
221.45675 2.49383 0.19679 -0.51421 0.83478 eb
221.54739 26.83110 0.08583 0.03183 0.99580 x
221.68212 3.27706 0.43381 -0.12668 0.89206 xb
222.23218 2.37986 -0.44450 0.34220 0.82784 x
226.37023 14.89927 -0.02656 -0.18731 0.98194 e
226.66637 2.79308 0.23773 -0.46571 0.85241 eb
226.99960 5.35781 -0.21113 -0.28718 0.93432 e
228.73289 1.98322 -0.51048 -0.37490 0.77386 eb
229.03311 3.04930 -0.31874 0.40870 0.85520 e
230.63273 6.57511 0.30791 -0.12312 0.94342 eb
230.87366 14.20006 -0.12114 -0.03541 0.99200 e
230.87934 6.79441 -0.26466 0.00683 0.96432 e
230.89579 1.76139 -0.63889 0.12256 0.75948 eb
231.79883 5.03962 -0.34062 -0.16510 0.92559 eb
232.89949 9.06411 -0.08140 -0.26476 0.96087 e
233.68653 9.56159 -0.01201 -0.14007 0.99007 e
233.73406 32.04103 0.03499 -0.06789 0.99708 e
234.32739 1.91593 0.33691 -0.53549 0.77443 eb
236.02365 10.66746 0.19485 0.09036 0.97666 xb
237.16258 2.10062 0.38801 -0.44419 0.80755 xb
237.46964 14.70823 0.11705 0.12293 0.98549 e
237.97223 2.42082 -0.02629 -0.56512 0.82459 e
238.24637 16.67350 -0.07023 0.14930 0.98629 eb
238.41887 5.29764 0.30098 -0.23665 0.92380 eb
238.49928 5.85520 0.16863 -0.31428 0.93423 x
239.36728 10.48575 -0.03832 -0.25895 0.96513 x
239.53618 8.40461 -0.08169 -0.07961 0.99347 e
239.73711 6.28125 -0.07648 0.03759 0.99636 e
239.94628 16.82951 -0.01534 0.13939 0.99012 x
239.99048 9.73821 -0.01523 -0.07595 0.99700 e
240.86175 9.35168 -0.26769 -0.05735 0.96180 eb
243.03794 15.85083 -0.19802 -0.07421 0.97738 e
243.31203 2.21560 0.38725 0.42208 0.81969 xb
243.43654 8.85104 0.16455 -0.13662 0.97686 e
243.89369 3.39666 0.13681 -0.44853 0.88323 x
244.06581 20.68892 -0.07192 -0.00025 0.99741 e
244.22974 0.77991 -0.68956 0.54592 0.47590 eb
244.62428 2.81940 0.26795 -0.31011 0.91216 e
245.02641 16.20877 0.10600 0.10573 0.98873 x
245.05065 9.36800 0.19160 0.20124 0.96062 x
245.06701 1.06746 0.75084 -0.24486 0.61342 e
245.32848 6.36617 0.15167 0.24334 0.95801 e
245.59141 29.93715 -0.04595 0.02625 0.99860 xb
246.37583 16.22561 -0.09521 -0.05736 0.99380 e
246.46664 17.14796 0.03546 -0.01498 0.99926 eb
248.52087 14.47393 -0.03998 0.18305 0.98229 e
250.60291 8.14240 -0.25412 0.04722 0.96602 e
250.88407 6.91365 0.11737 0.29199 0.94919 e
252.45153 30.15371 0.05830 0.02278 0.99804 e
253.55115 1.30026 -0.73740 0.05246 0.67341 e
253.98638 15.07315 -0.04358 0.19600 0.97963 eb
254.56433 6.51039 0.16920 0.19992 0.96509 e
255.64114 2.90355 -0.17565 0.43977 0.88077 eb
255.80635 3.19156 0.11142 -0.46665 0.87740 eb
256.35435 6.22630 -0.35281 -0.05905 0.93383 eb
256.41145 1.83214 0.61322 0.18101 0.76890 e
257.53379 1.41684 -0.51645 -0.49396 0.69949 eb
257.61525 8.70313 0.22559 0.03688 0.97353 eb
258.52829 8.06963 0.20243 -0.13897 0.96939 e
259.79086 2.23118 -0.57421 0.10566 0.81186 eb
261.67659 8.81659 0.24632 -0.03566 0.96853 e
263.96393 1.17629 -0.15074 -0.75685 0.63597 e
264.90591 7.87449 -0.10628 0.27417 0.95579 e
265.06305 9.10396 0.20391 0.12901 0.97045 eb
265.35680 20.46636 -0.02863 0.09103 0.99544 e
265.36915 19.95066 -0.13609 -0.09472 0.98616 e
265.43250 5.36687 0.27459 0.19858 0.94083 eb
265.74932 15.82040 -0.06830 -0.09798 0.99284 e
267.26458 8.13324 -0.26776 0.03184 0.96296 xb
269.78621 2.57374 0.45582 0.19309 0.86887 e
274.05173 1.83112 -0.59127 0.23472 0.77156 e
274.57928 5.55538 -0.25285 -0.24644 0.93559 eb
274.69617 4.26826 -0.02823 -0.40863 0.91226 eb
275.02437 6.09109 -0.05204 -0.32698 0.94360 e
275.37819 7.52533 -0.30100 -0.00835 0.95359 e
275.84310 8.48995 0.24745 -0.15481 0.95645 e
276.30314 5.95616 -0.08352 0.29682 0.95127 xb
276.35715 17.21198 -0.04486 -0.13258 0.99016 e
277.32947 4.65448 -0.27851 0.25179 0.92684 e
280.60308 1.77532 -0.64603 0.06629 0.76043 e
281.25992 4.61394 0.24105 0.32302 0.91518 e
282.03179 23.76872 -0.09962 0.06458 0.99293 e
282.41190 3.75376 -0.41011 -0.11103 0.90525 e
283.17696 9.69428 0.00615 -0.12355 0.99232 e
284.41599 9.55604 0.19925 0.11389 0.97331 eb
284.73305 7.40329 -0.17583 -0.24908 0.95239 x
285.24118 11.45926 -0.11305 -0.11851 0.98650 eb
286.31071 3.61504 0.38443 -0.24750 0.88936 eb
286.39697 8.91592 -0.24537 0.02663 0.96906 e
287.02020 1.81998 0.14323 0.58859 0.79564 eb
287.80086 7.95061 -0.02756 -0.30574 0.95172 eb
287.91562 1.23222 0.72742 0.19959 0.65652 eb
289.38875 17.23596 -0.08145 0.04679 0.99558 e
290.20648 26.77583 0.04015 0.15250 0.98749 e
290.48165 2.88221 -0.47827 0.18667 0.85815 e
290.78666 15.52176 0.08573 0.09839 0.99145 xb
291.28367 13.04037 -0.10372 -0.01899 0.99442 e
292.76303 37.87127 -0.07016 0.09645 0.99286 e
292.88983 5.44419 -0.02890 -0.36981 0.92866 e
292.99229 3.99516 0.44665 -0.11462 0.88733 e
293.04876 6.74376 0.32684 0.05206 0.94364 e
293.97115 4.39444 0.00772 -0.29595 0.95517 eb
295.04140 10.19731 -0.19231 -0.12527 0.97331 eb
295.22281 1.86448 0.48879 0.29569 0.82076 eb
296.15120 4.12211 -0.16942 0.35250 0.92035 eb
296.48024 1.84880 -0.23345 -0.57600 0.78341 eb
297.49976 31.72641 0.05492 0.02777 0.99810 e
298.03609 9.96171 0.18682 -0.05171 0.98103 e
298.15107 3.34325 -0.45340 -0.15307 0.87807 xb
298.43506 7.11428 -0.21233 0.26282 0.94119 eb
298.43552 1.92037 0.27190 -0.54856 0.79067 eb
298.71952 20.18809 0.11737 -0.08607 0.98935 eb
299.43256 7.88074 0.27665 0.01894 0.96078 e
299.74786 10.36898 -0.18940 0.18874 0.96359 eb
300.66344 18.03784 -0.05859 -0.13120 0.98962 eb
300.72613 24.70327 -0.15737 0.03246 0.98701 e
300.98066 1.84926 0.50436 -0.37488 0.77787 eb
302.44156 42.30652 0.03347 0.02336 0.99917 e
302.68052 21.18622 -0.11993 0.14813 0.98167 e
304.07534 2.74068 0.49852 0.17436 0.84916 e
307.93297 5.81568 -0.15702 -0.32453 0.93275 eb
309.69955 12.10031 -0.07319 0.19538 0.97799 eb
310.15449 1.10271 -0.17452 -0.75550 0.63148 e
312.51469 2.51132 0.44069 0.35836 0.82302 eb
312.64017 2.42254 -0.53587 -0.01752 0.84412 e
313.31619 3.17857 0.06718 -0.48774 0.87040 e
314.05776 17.75038 -0.07696 0.07884 0.99391 e
315.19409 12.41732 -0.00099 -0.18067 0.98354 xb
315.74522 3.17427 -0.07250 0.48680 0.87050 e
317.12631 10.90861 -0.21226 0.01301 0.97713 eb
317.61075 10.49602 0.23049 0.06974 0.97057 e
318.46442 0.95166 0.27948 0.75075 0.59855 eb
319.14204 5.78443 -0.02973 -0.25764 0.96578 e
319.15708 1.59677 0.11717 -0.60099 0.79062 e
319.39469 7.02519 -0.30826 0.12163 0.94349 eb
319.99448 5.08244 -0.31818 -0.16261 0.93398 e
320.34758 14.79230 -0.05507 0.18191 0.98177 eb
320.76536 11.57586 0.15034 0.17275 0.97343 xb
321.85176 5.06036 0.21086 -0.31888 0.92404 eb
321.88765 3.49608 -0.27178 0.40547 0.87277 e
322.07871 4.39459 -0.28411 0.17271 0.94311 x
322.34902 14.51884 0.02328 0.13891 0.99003 eb
322.72863 29.99235 -0.09016 -0.06806 0.99360 eb
322.73969 3.09514 -0.08004 -0.49784 0.86357 eb
323.16621 3.97075 0.16657 -0.11252 0.97959 e
323.56092 27.84706 -0.07793 0.10766 0.99113 e
323.97072 3.77290 -0.07656 0.44844 0.89053 eb
325.53069 7.37452 -0.01481 -0.27233 0.96209 eb
326.71734 13.81105 -0.06757 0.07849 0.99462 e
328.52890 19.58119 -0.06634 -0.13662 0.98840 e
328.85801 3.88289 0.25312 -0.32466 0.91133 eb
329.00922 19.75184 0.14822 0.04057 0.98812 xb
329.29097 14.09276 0.09914 -0.16968 0.98050 e
329.68435 1.94100 -0.52327 0.30582 0.79540 eb
330.81995 9.23361 0.11878 0.26341 0.95734 eb
330.84902 5.42668 0.31745 -0.19059 0.92893 eb
333.15822 7.06255 -0.04785 0.27637 0.95986 e
333.70530 3.35186 0.47466 -0.01526 0.88004 e
334.67279 1.85708 -0.63075 0.11542 0.76735 e
334.73455 8.05104 -0.25508 0.09189 0.96254 e
335.72767 12.65014 -0.12121 -0.17757 0.97662 e
336.42903 2.00608 -0.50769 -0.30403 0.80611 x
336.78976 4.18180 -0.41748 0.14072 0.89772 eb
337.34397 3.42778 -0.33849 0.34947 0.87367 eb
339.70272 3.56839 -0.16554 0.45676 0.87405 eb
340.67965 20.20574 0.07658 -0.08185 0.99370 e
341.75653 21.09162 0.02532 0.13265 0.99084 x
342.53536 7.82062 0.06808 0.28023 0.95752 eb
343.06007 10.58646 -0.08625 0.12703 0.98814 e
343.71077 17.32963 -0.11963 -0.06190 0.99089 xb
343.94744 2.70580 -0.44339 -0.31036 0.84088 e
344.21902 3.31865 -0.25542 -0.35225 0.90038 eb
344.97630 5.99292 0.04707 -0.31531 0.94782 e
347.70136 2.73639 -0.36070 0.40092 0.84211 e
348.60619 12.26247 -0.09412 0.18732 0.97778 e
349.42569 1.41078 -0.70336 -0.03356 0.71005 eb
350.07976 7.64737 0.26595 0.17548 0.94788 xb
350.71501 30.00151 0.01387 -0.11430 0.99335 e
351.27875 10.11179 -0.21311 0.07309 0.97429 e
351.67627 6.74513 -0.28663 0.00277 0.95804 xb
352.24863 8.66923 -0.17418 0.20701 0.96271 eb
356.50969 16.36607 -0.00709 -0.15651 0.98765 e
356.59341 3.10730 -0.36146 0.34001 0.86818 e
357.19363 6.00436 0.14172 0.32405 0.93536 e
358.50389 21.91818 -0.06509 -0.05746 0.99622 e
359.92839 1.67874 0.66638 0.05891 0.74328 eb
359.94485 19.60640 0.09612 0.10769 0.98953 e
359.95560 12.20109 -0.03585 0.06726 0.99709 xb
361.65440 6.50669 0.30187 -0.00327 0.95334 eb
362.41559 28.23799 0.09340 -0.08380 0.99210 eb
362.68067 1.05574 -0.44972 0.65420 0.60809 eb
363.38509 3.40749 0.35086 -0.21984 0.91026 xb
363.80362 10.50302 -0.07206 0.04599 0.99634 e
365.13269 1.59464 0.39087 0.55360 0.73536 eb
365.24030 3.26214 0.34932 -0.33209 0.87618 eb
366.17594 10.90112 0.17009 0.08679 0.98160 eb
367.37190 9.90644 0.26127 -0.02956 0.96481 eb
367.43604 3.02140 0.04716 -0.50747 0.86038 eb
368.82297 2.25872 0.19002 -0.51474 0.83602 xb
369.13896 5.29314 -0.30320 0.12427 0.94479 e
370.27531 15.00205 -0.05970 0.06675 0.99598 eb
373.02030 4.93681 -0.09299 0.05937 0.99390 eb
373.77139 5.17296 -0.28241 0.29166 0.91388 e
377.36404 13.10521 0.09874 -0.19574 0.97567 eb
378.12002 2.03258 0.57984 0.04673 0.81339 eb
378.75396 9.29957 -0.05619 0.22787 0.97207 eb
380.49163 12.13262 0.01307 0.22198 0.97496 e
381.52530 2.27733 -0.19044 0.54940 0.81357 eb
382.99787 3.29480 -0.34304 -0.32013 0.88308 e
385.55872 8.68000 0.15400 0.12940 0.97956 eb
387.29116 9.01301 -0.24671 -0.01397 0.96899 e
391.49405 4.67014 0.00458 -0.38612 0.92244 e
392.94390 15.24759 -0.13189 -0.07288 0.98858 e
393.48736 8.49240 0.16903 0.21537 0.96179 eb
395.97757 33.16487 0.02363 0.00368 0.99971 e
398.80606 6.95484 0.25762 -0.17922 0.94948 x
399.98267 6.69869 0.19207 -0.19795 0.96121 eb
402.98571 5.95085 0.02175 -0.33355 0.94248 eb
404.78815 11.37994 -0.09785 0.16360 0.98166 e
406.08009 2.00299 -0.46632 0.39266 0.79269 x
410.01795 2.36418 -0.40542 -0.39105 0.82626 e
413.14994 33.35146 -0.02663 -0.02483 0.99934 e
416.05606 15.94004 0.11166 0.00338 0.99374 e
418.44697 5.04753 -0.09472 -0.38742 0.91702 e
418.52471 2.86002 -0.40622 -0.27235 0.87224 e
419.24586 8.49981 -0.14607 0.22967 0.96225 e
419.55815 1.35211 0.62650 -0.34173 0.70051 eb
420.14525 5.71921 0.08939 0.19970 0.97577 eb
420.70948 14.08150 -0.03915 0.01345 0.99914 e
424.29226 2.57314 0.38152 0.38523 0.84026 e
426.87870 7.16927 0.00959 0.33021 0.94386 e
435.79630 6.13637 -0.10338 0.31667 0.94289 eb
437.71387 20.94509 -0.00350 0.12195 0.99253 e
439.04709 7.63003 -0.02080 -0.31770 0.94796 e
443.14833 9.59586 0.02094 -0.05087 0.99849 e
443.55879 6.43854 0.04200 0.31907 0.94680 e
444.34396 11.52172 -0.01979 -0.00427 0.99980 e
446.67888 8.48072 0.27008 -0.02640 0.96248 xb
449.89764 4.45491 0.20342 0.34519 0.91622 eb
450.34071 16.92408 0.18100 -0.03385 0.98290 e
450.88172 5.78337 0.16091 -0.30289 0.93934 xb
452.10040 4.64664 0.08206 -0.31532 0.94543 e
456.19030 7.97320 0.20946 0.08398 0.97420 e
466.87064 5.64778 0.14159 0.32100 0.93643 eb
467.86912 19.54789 -0.09056 -0.07036 0.99340 x
468.14086 2.79586 0.40049 -0.10689 0.91004 e
469.23259 10.63345 -0.00982 0.14626 0.98920 x
469.62506 2.12562 -0.58437 -0.11215 0.80370 eb
469.65604 7.82382 0.01840 0.17241 0.98485 xb
474.87100 3.03733 0.48815 0.04689 0.87150 e
484.02197 14.73169 0.08539 0.03409 0.99576 e
490.83457 14.50811 0.03339 0.08718 0.99563 e
491.56621 1.94089 -0.43385 0.34916 0.83058 x
494.53241 1.86806 -0.11167 -0.48587 0.86687 eb
495.69150 1.28988 0.40487 -0.61664 0.67516 e
495.83458 1.00452 -0.73849 -0.33671 0.58418 eb
498.38612 4.55191 -0.06870 0.37119 0.92601 e
503.96263 1.87973 -0.43689 -0.43164 0.78919 eb
506.38025 2.67967 0.00761 0.50119 0.86530 xb
508.92111 3.52563 0.38280 -0.21725 0.89792 e
514.21121 15.55347 0.04618 0.12055 0.99163 e
514.85344 4.72918 0.15558 0.29041 0.94417 xb
515.89134 2.49148 -0.34741 -0.38123 0.85672 xb
517.05627 5.90702 0.23576 0.23472 0.94304 eb
518.52165 2.94807 -0.23942 -0.43306 0.86899 x
521.13919 34.37896 -0.03444 -0.02433 0.99911 e
521.97541 8.35108 -0.24996 -0.10073 0.96300 e
529.20819 10.99912 0.14783 0.15218 0.97724 e
530.13754 10.90922 0.19590 0.11028 0.97440 e
530.67297 19.85592 0.00676 0.05744 0.99833 e
532.29132 2.80752 0.28400 -0.42690 0.85855 e
533.86925 6.67071 -0.16052 -0.01590 0.98690 e
534.72770 19.04215 0.02859 -0.06286 0.99761 e
542.62973 1.66541 -0.60054 0.22410 0.76754 eb
543.29217 18.56102 0.09399 0.05253 0.99419 e
543.32348 18.39028 0.10508 0.08318 0.99098 e
543.63266 1.27727 -0.67254 0.30989 0.67205 eb
543.75392 6.93797 0.03390 -0.32267 0.94590 e
544.48838 3.47291 -0.18447 0.40696 0.89462 eb
547.19075 6.26104 -0.10649 -0.27455 0.95566 eb
548.87581 1.27765 0.70479 0.08044 0.70484 x
559.09911 1.69438 -0.36389 0.51209 0.77805 eb
563.10546 8.11517 -0.19976 0.14319 0.96933 eb
563.83779 9.04511 -0.07232 0.19619 0.97790 e
567.78754 2.77432 -0.17601 0.08067 0.98108 e
569.05954 15.90085 0.09479 0.05898 0.99375 e
569.52651 10.05907 -0.26298 -0.06826 0.96238 e
573.10886 13.42033 0.19053 0.10437 0.97612 e
573.84335 15.67591 0.02094 0.06976 0.99734 e
574.48404 12.17383 -0.06338 0.09768 0.99320 e
578.79493 6.80570 0.02980 -0.09940 0.99460 e
581.19431 9.03138 -0.23282 0.00460 0.97251 eb
591.54147 10.01422 0.05296 0.19643 0.97909 e
592.12927 10.73485 0.13125 -0.00634 0.99133 x
594.24102 2.09439 -0.48774 0.27648 0.82805 e
596.50319 8.66437 -0.25130 -0.05455 0.96637 e
599.00337 11.30715 0.16702 -0.01187 0.98588 e
602.32128 2.87878 -0.47417 -0.11989 0.87223 x
602.79261 4.67464 -0.02044 -0.21733 0.97588 e
603.25385 3.71097 0.27875 -0.35958 0.89051 e
605.82605 14.17579 -0.06714 0.08845 0.99382 e
612.34484 1.44836 0.37256 -0.57240 0.73045 e
612.75984 4.36540 0.18425 0.35071 0.91818 x
615.78701 1.83686 0.09020 0.61790 0.78106 xb
616.13408 11.77283 -0.02946 -0.00217 0.99956 e
618.83274 9.73421 0.08375 -0.09761 0.99169 e
620.43329 7.71036 -0.23728 0.14521 0.96053 e
623.70762 6.08481 0.08482 0.32900 0.94051 e
629.23755 3.28013 0.11433 -0.43350 0.89387 e
633.05093 13.27346 0.08212 0.13496 0.98744 e
633.17220 2.78388 -0.05260 0.50690 0.86040 e
634.27252 6.37038 -0.04742 -0.27015 0.96165 eb
636.10291 3.06920 0.37772 0.25505 0.89010 eb
640.44018 6.57886 0.20975 -0.19796 0.95751 e
641.63485 17.39331 0.09253 -0.13447 0.98659 x
644.71641 19.06249 -0.02151 0.01680 0.99963 e
645.22854 3.55416 0.22193 -0.37760 0.89898 x
647.39810 1.68847 0.55006 -0.30603 0.77703 eb
649.30504 1.76378 -0.53792 -0.35246 0.76578 xb
653.05100 13.85848 -0.20427 -0.03402 0.97832 e
659.78362 5.84521 0.15995 -0.16218 0.97371 eb
661.51202 2.48531 0.44605 -0.28153 0.84958 e
663.00954 25.24642 -0.09365 -0.05885 0.99386 x
663.38761 9.00068 -0.06943 -0.12651 0.98953 e
665.48704 1.93884 -0.54192 -0.28056 0.79222 e
670.80235 14.30248 -0.06158 -0.00573 0.99809 xb
674.23716 8.03818 -0.23270 0.11701 0.96548 e
677.17877 12.96190 0.16576 -0.14131 0.97599 e
679.40588 5.60862 0.29493 -0.00516 0.95550 e
682.88657 2.95965 -0.33761 0.35380 0.87227 eb
695.31917 11.33088 0.17631 0.05865 0.98259 xb
697.39027 2.41624 -0.25370 0.49959 0.82828 e
700.92130 3.64208 0.44453 0.08452 0.89177 e
701.18981 9.59304 -0.09798 -0.07251 0.99254 e
701.72475 6.73303 -0.27483 -0.03458 0.96087 e
720.17490 6.71893 -0.16758 0.11351 0.97930 e
724.39681 7.19052 0.17145 0.24744 0.95361 eb
732.50159 2.18708 0.20471 -0.50905 0.83604 e
743.38785 14.84916 0.12905 0.03249 0.99111 x
746.19583 1.40796 0.57500 -0.07495 0.81472 e
747.47879 15.77198 0.06585 -0.16211 0.98457 e
748.37932 2.78330 -0.17620 -0.48807 0.85483 eb
755.48055 1.00769 -0.75240 -0.30211 0.58534 x
758.68396 1.25555 0.48174 -0.54177 0.68877 xb
759.14173 9.91466 0.00976 0.16605 0.98607 e
763.11216 24.98005 0.03947 0.05222 0.99786 e
764.94467 15.47993 -0.09629 -0.05586 0.99379 e
771.12018 1.90135 -0.31476 -0.53952 0.78093 eb
783.81339 2.46931 -0.54971 0.14244 0.82312 e
785.12654 16.02851 0.06921 0.03199 0.99709 e
791.27543 1.07807 -0.75172 -0.20003 0.62841 eb
793.90587 13.86384 0.07197 -0.06824 0.99507 xb
797.62563 5.59159 -0.27569 0.21280 0.93740 e
798.39371 4.95245 -0.25259 0.29070 0.92287 eb
799.48466 5.87537 0.23880 0.14110 0.96076 e
803.78563 4.10201 -0.05670 0.41828 0.90655 eb
807.78227 19.42097 -0.07224 0.08058 0.99413 eb
812.26899 2.48672 0.02329 -0.54249 0.83974 e
812.58457 9.69407 0.15202 0.15832 0.97561 e
813.46397 32.87930 -0.08505 0.05325 0.99495 e
813.64423 3.62262 -0.40524 0.15962 0.90017 e
814.00216 1.55185 -0.49578 0.47761 0.72532 eb
814.43806 1.41649 0.37487 0.57048 0.73077 eb
815.90450 6.87929 0.08523 0.10156 0.99117 e
826.54336 10.98749 0.15707 -0.13284 0.97861 e
833.57990 3.39505 0.41893 -0.18808 0.88833 x
833.78297 2.68986 -0.11167 -0.47805 0.87120 e
836.70129 10.94306 0.20277 0.04566 0.97816 eb
836.91529 1.45156 -0.15274 0.68254 0.71471 e
838.51285 12.42585 -0.24198 -0.02193 0.97003 e
841.32949 6.03255 0.29425 -0.12314 0.94776 eb
846.88696 7.12812 -0.12779 -0.28816 0.94902 e
847.52315 2.50624 -0.02650 -0.50582 0.86223 xb
852.08895 7.38436 -0.16264 0.08610 0.98292 eb
861.20583 9.38767 -0.21386 0.03484 0.97624 e
864.79705 8.12113 -0.21021 0.00044 0.97766 e
865.12889 5.36275 0.14258 0.27162 0.95178 eb
866.77561 1.28017 -0.42505 0.39757 0.81319 eb
878.48882 6.37264 0.19554 0.20752 0.95849 eb
878.97618 8.61469 -0.14440 -0.08419 0.98593 x
881.93605 20.78476 0.14728 -0.07168 0.98649 eb
882.81940 3.88549 -0.44420 0.01421 0.89581 e
885.42217 11.83615 -0.12772 0.03403 0.99123 e
889.29431 8.07731 -0.00967 0.25097 0.96795 e
895.14026 16.53094 0.01926 -0.05362 0.99838 xb
895.77029 1.54776 0.55631 -0.30235 0.77402 x
895.80736 16.65030 0.10419 -0.11047 0.98840 e
897.42239 1.58316 0.24670 -0.61949 0.74524 x
902.49960 12.62625 0.13906 -0.10503 0.98470 e
909.16445 5.68810 0.28072 -0.10858 0.95363 x
918.64075 5.00962 -0.22444 0.11643 0.96751 xb
918.90293 2.07661 -0.52235 0.05094 0.85121 xb
923.22168 5.41304 0.09394 0.08482 0.99196 e
924.20476 4.97108 -0.23512 0.22877 0.94466 e
925.06743 4.32270 0.28016 -0.31222 0.90776 e
932.29876 12.63006 0.18465 0.03293 0.98225 e
932.33426 1.24780 0.74246 -0.05826 0.66736 eb
937.50389 2.45156 -0.41767 -0.30011 0.85760 xb
938.55527 2.25043 -0.57016 -0.07824 0.81780 eb
947.51067 7.78882 0.02973 -0.20857 0.97756 e
964.11358 4.48209 0.35630 0.11118 0.92773 e
964.83411 3.11102 0.39831 -0.28507 0.87183 eb
965.23935 17.69168 0.05573 0.02205 0.99820 e
966.88922 4.04068 0.23483 -0.34392 0.90916 e
971.61668 5.63934 0.32060 -0.16755 0.93228 e
985.48208 3.41722 -0.35555 0.02184 0.93440 eb
995.80629 1.49892 0.68515 0.09187 0.72258 e
999.71121 3.84547 -0.21016 -0.17810 0.96131 e
1000.73260 1.13523 0.05796 0.74904 0.65999 e
1000.96626 5.46857 -0.25674 0.11190 0.95998 x
1003.30960 10.47140 -0.03824 0.01182 0.99920 eb
1003.78767 3.24431 -0.08189 -0.49156 0.86699 xb
1012.11262 11.06537 -0.20010 -0.05635 0.97815 x
1014.48297 9.60419 -0.10230 -0.19035 0.97637 e
1016.57167 5.81753 -0.15094 0.14459 0.97791 e
1022.55615 7.39083 -0.10384 -0.08185 0.99122 e
1026.14882 10.43398 0.01282 -0.17023 0.98532 xb
1028.18586 1.11549 -0.74437 -0.05748 0.66529 eb
1033.29288 1.44888 0.53798 0.37164 0.75661 e
1052.46833 1.39293 0.61880 -0.31994 0.71744 xb
1052.49194 17.67175 0.05432 -0.08363 0.99502 xb
1053.78996 10.36137 -0.12295 0.04853 0.99123 xb
1059.22047 13.96882 0.06102 0.02579 0.99780 x
1061.88343 8.25294 0.10959 -0.23000 0.96700 e
1065.21327 7.40802 0.16742 -0.20300 0.96476 e
1067.02617 1.03611 0.78429 0.02452 0.61991 eb
1073.35927 9.50436 -0.04062 0.25666 0.96565 e
1076.81622 1.64500 0.44635 -0.47095 0.76091 eb
1076.95064 11.03971 0.19020 0.00465 0.98174 e
1086.82307 2.77073 0.42411 -0.24742 0.87116 e
1091.54788 9.17229 0.05857 0.13906 0.98855 x
1092.93720 13.28813 0.03055 0.14536 0.98891 e
1102.74546 6.75192 -0.19716 0.19979 0.95980 xb
1105.08819 9.35900 0.06821 -0.15114 0.98616 eb
1105.27337 13.13396 0.19538 0.00703 0.98070 e
1107.57149 5.05960 -0.33762 -0.13969 0.93086 e
1108.81380 9.85445 0.10811 0.10527 0.98855 x
1110.48592 8.23282 -0.18339 0.16939 0.96834 xb
1120.90076 12.22024 -0.18592 0.10480 0.97696 x
1121.31295 4.59775 -0.28746 -0.20438 0.93573 eb
1123.67291 12.23965 0.03982 -0.17272 0.98417 e
1129.48928 0.90554 -0.75606 0.36398 0.54396 eb
1130.70460 9.02600 -0.06859 0.15868 0.98494 xb
1144.67756 7.26019 -0.07917 0.24052 0.96741 xb
1145.06846 1.98658 0.55815 0.09210 0.82461 eb
1145.10795 9.82077 -0.11088 -0.14894 0.98261 eb
1146.41866 5.70777 -0.08976 0.29079 0.95257 eb
1149.90124 23.67268 0.02207 0.02978 0.99931 eb
1160.19376 1.91620 0.25790 -0.56208 0.78585 eb
1161.51827 12.40892 -0.03237 -0.03569 0.99884 e
1162.37293 6.93016 0.01121 0.28768 0.95766 e
1166.03178 2.34573 0.50378 -0.20820 0.83836 e
1167.70275 1.19801 -0.58640 0.36111 0.72507 x
1171.61982 3.80322 0.13981 0.25647 0.95639 x
1183.37836 2.72543 0.20570 -0.23755 0.94935 eb
1186.67262 0.98569 0.11122 -0.79576 0.59531 xb
1192.33955 4.98127 0.10641 0.34225 0.93356 e
1192.71183 16.62413 0.09155 -0.13534 0.98656 x
1192.92153 5.87659 0.19326 -0.10031 0.97601 e
1195.20064 5.86039 -0.08274 0.27866 0.95682 e
1200.18060 6.71102 0.25000 -0.11413 0.96150 e
1202.07149 2.93284 -0.26763 -0.00967 0.96347 e
1202.86015 4.12857 -0.01219 0.28573 0.95823 xb
1208.26316 3.02943 -0.24403 -0.44385 0.86223 xb
1213.00052 23.44004 -0.01047 -0.03624 0.99929 eb
1214.00236 6.35254 -0.20162 0.22722 0.95274 xb
1214.91481 5.81234 -0.05803 0.19086 0.97990 x
1219.20928 2.16315 0.54984 0.01853 0.83507 x
1219.86673 8.30065 -0.28117 0.03721 0.95894 x
1222.17594 7.51838 -0.26713 0.07378 0.96083 x
1229.74228 7.78568 0.20111 0.06954 0.97710 e
1230.40643 0.83105 -0.04093 -0.85698 0.51373 xb
1238.62392 6.69003 -0.19581 0.07130 0.97805 eb
1241.29473 13.91599 0.10252 -0.06175 0.99281 e
1248.49868 8.47188 0.06934 0.02741 0.99722 e
1252.22874 3.85303 -0.42891 -0.09793 0.89802 eb
1259.16937 7.27739 0.07141 -0.06040 0.99562 e
1270.35093 7.97894 0.24335 0.05696 0.96826 x
1271.59691 1.74187 0.55094 -0.29401 0.78104 eb
1273.64180 1.11962 0.60385 -0.31216 0.73343 eb
1274.92912 6.79272 0.12098 -0.05883 0.99091 e
1277.58477 2.64681 -0.40224 0.31173 0.86083 e
1278.94209 3.73417 -0.37493 -0.13296 0.91747 xb
1290.34457 3.05216 0.07451 -0.32017 0.94443 e
1290.85668 1.83895 0.50291 0.30688 0.80802 e
1291.11358 0.98454 -0.71288 -0.38697 0.58485 eb
1301.96205 4.57600 -0.32232 -0.05248 0.94518 e
1317.76083 8.52829 -0.08579 0.03562 0.99568 e
1319.89001 17.81460 0.07238 0.04815 0.99621 x
1324.14537 5.47577 0.31071 -0.14555 0.93929 xb
1328.56383 7.79287 0.14442 0.22680 0.96317 e
1334.36932 7.01419 -0.06013 -0.27509 0.95954 eb
1337.14230 3.64053 -0.33920 0.19595 0.92008 eb
1339.09271 24.50069 -0.01919 0.09784 0.99502 x
1340.63311 11.38510 0.00581 0.05960 0.99821 e
1343.36194 5.57806 -0.25155 -0.04528 0.96679 e
1343.45504 7.75574 0.15055 0.18340 0.97144 x
1350.84480 7.50592 0.09762 0.15658 0.98283 e
1352.62232 1.69092 0.61233 0.09908 0.78437 xb
1358.20830 1.12356 -0.42304 -0.63701 0.64441 eb
1358.51792 3.43932 -0.22584 -0.33385 0.91517 xb
1360.78246 4.84672 -0.32395 0.03047 0.94558 eb
1363.47141 15.84528 -0.09000 0.02346 0.99567 e
1364.15542 4.50215 0.36668 -0.02946 0.92988 eb
1365.60890 1.07567 -0.71034 -0.33510 0.61897 eb
1374.35420 4.54984 -0.35359 -0.13322 0.92587 x
1378.37708 3.32511 0.37688 0.17305 0.90995 x
1384.37329 3.93548 -0.35513 -0.12321 0.92666 e
1386.01276 1.47459 0.47176 -0.48786 0.73446 eb
1387.38953 3.04283 -0.12843 -0.47529 0.87041 e
1390.31695 3.55050 0.31881 0.20343 0.92573 eb
1391.27582 10.15928 0.00881 0.15983 0.98711 xb
1395.55378 1.03134 0.75493 0.12467 0.64384 eb
1397.18424 17.61005 -0.03909 0.12043 0.99195 xb
1397.96121 9.35737 0.01104 -0.15246 0.98825 xb
1399.64363 7.10249 0.12941 0.26849 0.95455 eb
1409.31319 6.01508 -0.07541 -0.19977 0.97694 e
1411.90928 3.33183 0.46700 -0.01837 0.88407 xb
1415.05762 7.84490 0.24075 -0.04588 0.96950 x
1420.99046 1.63121 -0.53111 -0.38965 0.75239 eb
1423.85662 2.19558 -0.01197 -0.51057 0.85975 eb
1424.19078 5.92655 0.29467 0.06126 0.95363 e
1428.84656 29.59731 0.05425 -0.00005 0.99853 e
1429.07532 6.53355 0.25125 -0.11887 0.96059 e
1430.95090 5.77324 0.13039 0.18151 0.97471 e
1440.13120 1.99853 0.46952 -0.36956 0.80185 e
1448.34120 4.89511 -0.23828 0.29874 0.92411 xb
1454.11658 3.95848 -0.17708 -0.36999 0.91200 e
1454.54835 21.47285 0.01914 0.09949 0.99485 e
1454.61950 8.63110 -0.03154 -0.16853 0.98519 e
1455.75713 15.77660 -0.05835 -0.14542 0.98765 xb
1455.76461 4.34817 0.15524 0.30429 0.93985 e
1467.72345 9.96002 0.23552 -0.05110 0.97053 xb
1477.68460 4.42253 0.00559 0.30590 0.95205 e
1478.77669 8.04994 0.20074 0.11487 0.97289 e
1479.07131 2.29474 0.46903 -0.26254 0.84326 eb
1484.77153 2.83107 0.18469 -0.37193 0.90970 e
1486.04457 1.25927 -0.70266 0.16659 0.69175 eb
1489.57614 3.79592 0.31745 -0.24927 0.91492 eb
1492.33895 11.78294 0.05086 0.12856 0.99040 e
1493.63499 13.03937 -0.11242 0.11721 0.98672 x
1509.63010 10.85795 0.09030 0.18018 0.97948 eb
1511.52571 19.44781 0.06738 0.03506 0.99711 x
1513.00207 26.48012 0.02577 0.10154 0.99450 xb
1516.31044 2.74930 0.11671 -0.48422 0.86713 eb
1517.80753 14.86455 -0.09659 0.05077 0.99403 x
1519.95871 11.54693 0.07406 -0.05207 0.99589 xb
1526.50443 0.77601 -0.61658 -0.62404 0.48000 xb
1529.32723 8.15467 0.11373 0.25017 0.96150 e
1530.84803 3.12680 -0.11304 0.47970 0.87012 eb
1533.48338 1.80457 0.60921 0.01039 0.79294 e
1533.59108 22.64286 -0.04474 -0.12948 0.99057 e
1534.63594 28.82998 0.04764 -0.06456 0.99678 e
1535.06284 3.40078 -0.11322 -0.41086 0.90464 xb
1535.28244 4.88871 0.01665 -0.23199 0.97258 eb
1549.99019 6.30548 0.06525 -0.11779 0.99089 e
1550.83596 4.20069 -0.30645 0.28303 0.90884 eb
1555.04235 2.34375 0.13382 -0.27438 0.95227 e
1555.66287 10.51795 0.03619 -0.07360 0.99663 e
1556.07318 1.30143 -0.06439 0.73109 0.67924 xb
1556.93595 2.02632 -0.28372 -0.34950 0.89294 e
1570.78425 10.32721 0.01180 -0.03030 0.99947 eb
1575.25582 6.34002 0.14930 0.16854 0.97432 e
1589.13716 6.91106 0.20327 -0.22846 0.95210 x
1591.65256 5.10750 -0.21129 -0.32145 0.92305 x
1591.81546 4.90968 0.06061 0.33839 0.93905 e
1595.55197 1.08402 0.20005 0.74674 0.63432 eb
1610.90869 20.92203 0.10577 -0.04489 0.99338 e
1616.91009 5.90528 0.03115 -0.32482 0.94526 xb
1617.68270 2.24111 0.03052 0.54017 0.84100 e
1623.50037 10.53727 0.14818 0.04231 0.98806 e
1624.11877 25.70703 -0.06192 0.02195 0.99784 x
1632.11594 3.21596 0.37642 0.32794 0.86647 e
1645.59930 2.38726 0.06517 0.51071 0.85728 e
1650.91513 1.34796 0.02468 0.67385 0.73846 x
1654.21494 6.10570 0.02581 -0.30023 0.95352 eb
1658.64041 3.17318 0.14478 0.47082 0.87027 xb
1660.66899 6.88334 -0.19616 0.05258 0.97916 xb
1674.98760 6.80359 -0.02655 -0.19399 0.98064 x
1676.52926 2.68425 0.28158 0.36761 0.88633 eb
1677.67028 4.10691 -0.42488 -0.03608 0.90453 eb
1677.69798 4.72060 -0.04172 -0.29912 0.95330 eb
1678.63246 3.13000 0.48064 0.06762 0.87431 eb
1680.30540 1.79228 0.10972 -0.62097 0.77611 xb
1683.07648 2.01898 0.43610 -0.28551 0.85341 eb
1686.65797 6.90839 -0.15041 -0.17825 0.97242 e
1688.51784 3.17539 0.32618 -0.29689 0.89748 eb
1689.23914 2.85296 0.39998 -0.34754 0.84808 x
1690.61064 2.05119 0.35685 0.44982 0.81873 e
1694.21660 7.37485 0.04058 0.24754 0.96803 e
1695.72977 18.56447 0.06411 -0.05526 0.99641 x
1699.66726 5.83680 0.14180 -0.19982 0.96952 e
1704.47502 1.91484 -0.09659 -0.62776 0.77239 eb
1704.78273 15.36791 -0.06000 -0.07439 0.99542 x
1709.99502 4.57848 -0.36526 -0.07724 0.92770 eb
1717.96927 1.13865 -0.67046 -0.23872 0.70249 e
1718.07156 6.83196 0.21886 -0.18019 0.95897 eb
1720.60390 10.24417 -0.02051 0.18182 0.98312 e
1727.05497 6.32793 -0.14623 0.31350 0.93826 e
1729.55017 0.77090 -0.56141 -0.67927 0.47266 xb
1747.80385 3.50713 0.25946 -0.33073 0.90736 eb
1748.16150 1.18954 -0.70862 -0.08408 0.70057 xb
1748.25219 10.20817 -0.06413 0.24692 0.96691 e
1750.75964 6.76109 -0.09266 0.31767 0.94366 xb
1751.37086 0.99472 0.16467 -0.79312 0.58638 xb
1752.62939 17.06937 0.11715 -0.09428 0.98863 e
1753.97066 2.24877 -0.50106 -0.28219 0.81811 xb
1757.68120 3.33227 -0.35991 0.22613 0.90517 xb
1768.29374 3.64587 -0.27342 -0.18180 0.94456 x
1779.07648 8.78626 0.20277 -0.06207 0.97726 eb
1790.91691 7.87642 0.09240 -0.28438 0.95425 x
1793.91980 1.84441 0.09295 0.22150 0.97072 e
1795.30101 4.97450 -0.32874 -0.07951 0.94107 e
1802.66570 13.25900 0.03031 -0.00727 0.99951 e
1804.07670 4.38351 0.18788 0.30805 0.93263 xb
1806.82662 4.38772 -0.25219 0.31446 0.91516 x
1813.16713 5.71548 0.34397 -0.05372 0.93744 e
1817.06303 13.75312 -0.00396 -0.15849 0.98735 eb
1821.08930 8.00962 0.15068 -0.09997 0.98352 e
1823.11706 2.01395 -0.57722 -0.00137 0.81659 eb
1826.30134 8.20007 0.17565 -0.02548 0.98412 e
1826.97994 12.40815 0.12468 0.13308 0.98323 e
1830.42959 1.26085 -0.66207 0.27165 0.69848 e
1834.28429 1.27255 0.32433 0.61059 0.72249 e
1835.29318 4.31679 -0.29165 0.08041 0.95314 x
1835.72111 1.54977 -0.63661 0.19482 0.74618 e
1835.88566 1.84327 -0.62652 0.06364 0.77681 e
1844.80166 7.53024 0.22382 0.12229 0.96693 x
1855.25061 9.56546 0.06540 -0.18510 0.98054 e
1859.06570 5.03583 -0.02605 -0.14914 0.98847 e
1868.08587 2.18059 0.11216 0.52810 0.84174 e
1878.35533 5.57317 -0.24683 0.23309 0.94061 x
1878.54272 8.54516 -0.05584 -0.11967 0.99124 x
1884.25513 14.64547 -0.09383 0.12108 0.98820 e
1891.36406 8.30325 -0.08289 0.19324 0.97764 e
1899.70238 2.04318 0.10069 -0.55261 0.82734 e
1904.69800 15.83815 -0.05729 -0.13899 0.98864 xb
1908.83157 5.86153 0.11064 -0.02733 0.99348 e
1915.33458 1.49925 -0.24664 -0.64801 0.72059 xb
1919.18526 12.05117 0.05854 0.15541 0.98611 xb
1930.77221 11.24240 0.02187 0.02914 0.99934 e
1933.93417 9.41837 -0.08443 -0.14174 0.98630 e
1935.18331 9.99756 0.07114 0.13280 0.98859 x
1935.55048 18.52547 0.11830 0.05094 0.99167 e
1945.51599 4.15747 0.16070 0.28086 0.94620 x
1949.10532 10.10100 0.03266 0.23163 0.97225 xb
1955.19288 9.89138 0.18173 -0.00158 0.98335 e
1955.27883 5.07467 -0.30551 -0.23031 0.92392 e
1958.92453 1.73354 0.63594 -0.14430 0.75812 eb
1960.57813 1.25607 0.04071 -0.74161 0.66960 e
1964.49418 2.46875 -0.47848 -0.23671 0.84559 x
1966.51117 2.20691 0.58293 0.00209 0.81252 xb
1977.38508 2.23916 0.38600 0.34628 0.85504 e
1982.98561 20.52421 -0.03817 0.06115 0.99740 x
1997.68437 7.87946 -0.23181 0.16917 0.95794 eb
1999.72800 17.33716 0.04816 0.03646 0.99817 xb
2003.90871 1.66453 0.05903 -0.66758 0.74219 e
2008.70827 31.23342 0.10090 0.01583 0.99477 eb
2010.29459 1.33103 -0.63878 0.31801 0.70060 e
2023.84510 6.76574 -0.08350 -0.24029 0.96710 e
2029.24581 8.33121 -0.11915 0.25117 0.96058 e
2040.25969 0.93526 0.78504 -0.22177 0.57838 eb
2051.02488 9.49932 -0.00554 0.01626 0.99985 e
2058.33590 4.10398 0.09352 0.36135 0.92773 xb
2063.72299 7.93230 0.12110 -0.07887 0.98950 e
2074.86950 13.51530 0.12071 0.10683 0.98692 eb
2088.33025 3.54296 0.17791 0.39758 0.90015 e
2090.22909 4.91936 -0.12309 0.27793 0.95268 e
2100.56546 0.80250 0.78849 0.36911 0.49197 eb
2101.40323 6.58130 0.05371 -0.27609 0.95963 e
2106.31293 3.05010 0.07163 -0.48744 0.87021 x
2107.07000 9.94020 -0.01123 -0.00001 0.99994 e
2117.28027 7.09205 0.06005 0.18040 0.98176 xb
2125.72184 0.78191 -0.05258 0.87159 0.48741 e
2128.47482 2.67468 0.27273 -0.06649 0.95979 xb
2128.52307 3.30586 0.30774 -0.22479 0.92453 xb
2133.56318 1.01409 -0.71818 -0.24984 0.64946 x
2136.63397 4.42641 -0.20474 0.25983 0.94370 e
2143.69003 14.03283 0.08624 -0.01857 0.99610 xb
2149.92884 4.92674 -0.30229 0.16065 0.93958 xb
2151.77746 0.91627 -0.74763 0.36634 0.55394 xb
2160.09463 5.38451 -0.23053 0.23558 0.94412 e
2166.93831 7.77726 -0.19878 -0.06806 0.97768 e
2176.39928 1.95258 -0.55538 0.15183 0.81762 e
2178.93234 1.68108 -0.51989 -0.40914 0.74988 xb
2184.28019 1.85707 -0.24183 0.59073 0.76978 eb
2187.40099 4.26399 0.20294 -0.36419 0.90895 eb
2207.41929 2.45379 -0.01659 -0.52580 0.85044 e
2212.12170 2.50049 0.41500 0.27319 0.86784 e
2213.24732 11.48322 0.07050 -0.15372 0.98560 x
2215.29250 4.66414 0.28674 0.17697 0.94152 xb
2222.65374 4.37746 -0.11490 0.39051 0.91340 eb
2233.40491 1.58291 0.60477 0.27845 0.74614 e
2235.73140 5.22213 -0.22170 -0.30499 0.92619 eb
2238.05559 2.11383 0.58324 0.01943 0.81207 xb
2250.65036 3.48544 0.27071 0.06011 0.96078 x
2254.32918 6.52555 0.02271 -0.32387 0.94583 xb
2277.68212 9.73911 0.04880 -0.03797 0.99809 x
2278.05187 8.60178 0.21775 0.05951 0.97419 e
2285.78943 1.54535 -0.32416 -0.56912 0.75566 e
2295.14274 5.38384 0.08125 -0.21031 0.97425 e
2299.84103 2.32584 -0.10029 0.55583 0.82522 e
2311.69676 1.04213 0.68685 0.41178 0.59889 eb
2312.16134 9.01389 -0.27031 0.05677 0.96110 x
2314.30170 6.96577 0.00099 -0.05331 0.99858 e
2316.16100 5.14180 0.04053 0.35685 0.93328 x
2324.25391 12.24001 -0.19457 -0.02969 0.98044 x
2324.58211 8.35517 0.22296 -0.08806 0.97084 e
2328.47421 1.54155 -0.53343 -0.43966 0.72260 x
2338.07640 3.25155 -0.22283 0.38755 0.89451 x
2347.14809 20.26493 0.05066 0.00759 0.99869 x
2362.90439 6.24219 0.09500 0.21813 0.97129 x
2366.16150 2.25181 0.56236 -0.11691 0.81859 e
2369.62393 12.00869 0.13728 -0.15880 0.97772 e
2373.23738 5.62084 -0.10734 -0.26826 0.95735 e
2373.28051 1.29751 0.62078 0.36159 0.69561 x
2374.87320 5.92548 -0.06173 -0.07008 0.99563 e
2376.45041 4.26497 0.05741 -0.34491 0.93688 e
2377.27571 14.89604 0.07405 0.12627 0.98923 x
2377.85169 7.59381 -0.09941 -0.29500 0.95031 e
2383.41418 1.31241 -0.68022 0.11457 0.72400 xb
2387.64437 3.17480 -0.06565 -0.48137 0.87405 xb
2394.25243 1.69340 -0.24711 -0.58220 0.77458 e
2395.89317 3.94160 -0.15198 -0.38721 0.90938 x
2396.16067 1.11605 -0.09114 0.77015 0.63132 eb
2403.06241 5.86635 -0.14624 -0.15819 0.97652 e
2406.93571 4.59118 0.32939 0.00478 0.94418 x
2429.46240 11.46217 -0.19133 -0.10419 0.97598 x
2441.06687 3.90556 -0.13925 0.41001 0.90139 xb
2446.46381 2.40352 -0.34542 0.41244 0.84296 e
2449.97479 10.50343 0.15569 0.09563 0.98317 xb
2455.35940 2.87218 -0.46652 -0.13179 0.87463 eb
2460.72756 6.11219 0.25814 0.21269 0.94240 xb
2462.47383 2.86385 0.50210 -0.06587 0.86230 xb
2470.65946 13.79144 0.13989 -0.13863 0.98041 xb
2473.11095 2.43732 0.23617 -0.43188 0.87046 e
2484.18491 10.69634 -0.17556 0.03239 0.98394 x
2484.25713 15.60936 0.02267 -0.10075 0.99465 x
2495.19732 0.95112 -0.15917 -0.80410 0.57278 eb
2499.82337 8.03610 -0.09590 -0.04817 0.99422 xb
2510.34741 18.04109 -0.09141 0.00423 0.99580 e
2517.83510 4.60564 0.27351 0.31040 0.91041 e
2526.03516 9.93076 -0.12032 0.20972 0.97033 xb
2535.08014 2.95535 -0.48203 -0.09509 0.87098 xb
2537.78260 7.96952 -0.05990 0.24508 0.96765 eb
2543.29821 1.54303 -0.59391 0.29441 0.74873 e
2546.15763 3.20581 -0.28342 -0.33867 0.89720 e
2552.25241 3.50207 -0.30259 0.33811 0.89113 xb
2558.09932 2.03297 -0.54432 0.27301 0.79321 e
2561.57495 4.20839 0.21660 -0.30143 0.92856 e
2573.87802 7.63510 0.09105 0.17240 0.98081 e
2584.16777 13.12548 -0.13342 -0.07947 0.98787 x
2585.49631 8.04277 0.15761 0.04347 0.98654 e
2590.50145 6.94506 -0.22353 -0.00961 0.97465 e
2591.55172 12.05863 -0.09740 0.12550 0.98730 eb
2591.77577 3.86838 0.44898 -0.07116 0.89071 e
2604.75056 2.91965 -0.09073 0.45877 0.88391 eb
2615.89178 3.77534 -0.13587 0.21221 0.96773 x
2624.33913 3.38695 -0.15296 -0.34652 0.92549 e
2635.58847 2.66080 0.29387 0.44802 0.84435 eb
2640.14565 2.47464 0.40584 -0.19126 0.89371 eb
2647.40366 1.54190 0.17260 -0.54466 0.82070 e
2666.33883 12.65503 -0.06609 0.04583 0.99676 e
2677.09051 6.25308 -0.07500 -0.21185 0.97442 e
2677.22393 2.75905 0.29874 0.35610 0.88541 xb
2681.23400 5.83166 -0.22476 -0.27480 0.93486 xb
2684.66578 2.77441 -0.36668 -0.10200 0.92474 xb
2689.70548 9.27472 -0.10409 -0.12639 0.98650 x
2701.32287 9.41963 0.11079 0.05370 0.99239 eb
2706.49209 1.57072 -0.23244 0.58813 0.77465 eb
2710.80442 7.74472 0.15542 0.09933 0.98284 e
2733.14314 7.32475 0.14386 0.18621 0.97192 eb
2738.14874 1.22970 -0.64116 -0.37202 0.67121 xb
2741.38812 14.57043 0.07053 0.09537 0.99294 xb
2768.08365 2.62352 -0.49848 -0.13673 0.85605 x
2768.85038 3.68381 0.12923 0.14318 0.98122 e
2769.80990 6.90170 -0.31954 0.09823 0.94247 e
2799.85572 12.84798 0.14430 -0.05710 0.98789 e
2800.35894 6.32489 -0.05591 0.09339 0.99406 eb
2806.13503 2.72067 0.38664 -0.38079 0.83994 x
2807.74145 4.43599 0.26086 -0.24826 0.93291 e
2809.99416 7.83944 0.00547 0.11724 0.99309 x
2846.15636 1.83061 -0.29952 0.50247 0.81106 e
2854.86993 6.93111 -0.12495 -0.21129 0.96940 e
2861.15034 14.90512 0.03806 0.13646 0.98991 x
2862.47852 24.64909 0.03359 -0.09352 0.99505 e
2874.48557 3.64781 -0.42215 -0.07091 0.90375 e
2877.38668 3.93238 -0.10047 -0.22366 0.96948 e
2880.44115 0.77002 -0.35474 -0.81145 0.46444 e
2886.53781 4.65569 0.18308 -0.30973 0.93303 x
2892.85258 2.24394 -0.52734 0.08948 0.84493 e
2894.83832 3.53181 0.40437 -0.00824 0.91456 e
2908.88480 5.14788 -0.28608 -0.03004 0.95773 xb
2911.35459 6.54946 -0.24213 -0.03904 0.96946 xb
2924.62174 2.57825 -0.03256 0.50502 0.86249 e
2933.38092 1.50992 0.45823 0.43186 0.77687 xb
2934.01392 9.38259 0.04145 0.07275 0.99649 e
2944.61723 2.28111 -0.22102 0.53651 0.81444 x
2955.11291 5.39005 -0.28727 -0.11052 0.95145 e
2960.21165 2.13305 0.30722 -0.51867 0.79787 e
2984.41285 13.46785 0.08828 -0.05170 0.99475 e
2989.51986 3.71818 -0.43920 -0.05560 0.89667 e
3004.87907 10.35879 0.10480 0.07988 0.99128 e
3021.47085 11.12470 -0.11938 -0.03499 0.99223 x
3026.79744 1.10256 -0.55709 0.53845 0.63224 xb
3031.86618 17.05366 0.06793 -0.01681 0.99755 e
3032.84940 7.08530 -0.26576 -0.13181 0.95498 xb
3034.24947 11.19866 -0.13642 -0.14815 0.97951 x
3038.80206 4.73664 -0.24216 0.22199 0.94450 e
3043.01527 6.99727 -0.04185 -0.10283 0.99382 x
3045.40593 4.37698 0.21020 0.28995 0.93368 xb
3054.08004 17.52755 -0.02385 0.13738 0.99023 e
3078.36250 10.92479 -0.05878 -0.01431 0.99817 e
3082.19839 1.09684 0.54160 0.53596 0.64762 e
3082.87094 1.44992 0.10736 0.66532 0.73879 x
3089.20602 15.55391 -0.00648 0.12513 0.99212 x
3110.66935 1.69275 -0.00896 0.63384 0.77342 xb
3112.00862 0.79768 -0.30169 0.81265 0.49859 eb
3125.30530 11.98630 -0.03319 0.11750 0.99252 e
3125.78347 19.63067 -0.08130 -0.00332 0.99668 x
3127.04778 8.88161 0.13016 0.16910 0.97697 xb
3130.01062 2.92803 -0.21342 -0.43145 0.87653 e
3140.11852 1.42060 0.61354 -0.34795 0.70887 e
3149.51296 3.70947 0.35282 0.09337 0.93102 x
3164.86265 2.74985 -0.14989 0.46689 0.87152 xb
3165.56501 3.21027 -0.47847 0.07656 0.87476 e
3183.25394 3.58020 0.43231 0.14674 0.88971 eb
3186.02761 7.32653 0.19671 0.06648 0.97821 e
3187.76663 2.44810 0.46068 0.22074 0.85968 eb
3207.47122 19.33574 0.03117 -0.11322 0.99308 eb
3207.82614 7.60824 0.22209 -0.01920 0.97484 xb
3208.55009 1.12176 -0.49730 0.60121 0.62549 eb
3226.04553 1.10661 0.78592 -0.03232 0.61748 xb
3233.26047 1.04147 0.24394 0.75569 0.60781 x
3246.06208 11.00609 0.06434 0.01670 0.99779 e
3252.49035 11.51094 0.12614 0.05865 0.99028 e
3253.29397 12.98834 -0.11018 0.04409 0.99293 e
3254.10704 4.39021 0.20295 0.36103 0.91020 e
3256.24424 5.58411 -0.23378 0.23788 0.94274 e
3256.86936 0.91488 0.06538 0.82966 0.55443 x
3266.56882 1.51698 0.43028 -0.50891 0.74556 eb
3285.18312 2.41700 0.09275 -0.55124 0.82917 e
3307.74165 5.57196 -0.25497 0.22619 0.94012 eb
3312.93954 11.13977 0.12809 0.16284 0.97830 eb
3323.31195 4.66331 -0.12448 -0.30583 0.94391 eb
3349.68149 4.68459 -0.09957 0.21453 0.97163 e
3359.88648 13.58100 -0.00776 0.01549 0.99985 e
3362.06384 9.74343 -0.10103 0.09848 0.99000 e
3370.87815 2.68470 -0.16022 0.42998 0.88851 e
3381.12238 1.14348 0.48927 0.51878 0.70106 eb
3386.70432 7.00513 0.24343 0.10304 0.96443 x
3387.89177 6.35041 -0.18356 -0.18413 0.96561 xb
3394.13872 4.50916 -0.12250 0.03687 0.99178 xb
3397.67286 1.02446 0.07990 0.79769 0.59775 xb
3414.89821 1.11727 0.74719 0.20013 0.63376 eb
3414.90916 1.59710 -0.16501 0.51670 0.84012 eb
3425.92161 4.41923 0.28371 0.18046 0.94178 eb
3448.29004 4.32965 -0.01287 0.38484 0.92289 eb
3455.98652 8.52804 -0.06968 -0.03560 0.99693 e
3456.82260 8.26903 0.17951 -0.21180 0.96069 eb
3460.81001 1.23617 0.36979 0.62150 0.69065 eb
3477.32962 2.01549 0.54446 -0.23163 0.80617 xb
3479.25167 2.49053 0.38516 0.35848 0.85038 eb
3481.48944 9.01241 -0.01727 -0.07071 0.99735 x
3498.04758 3.94911 -0.40080 -0.02228 0.91589 e
3500.44981 6.95219 0.21808 0.13196 0.96697 e
3500.64219 2.01324 0.27481 -0.52153 0.80776 e
3504.72758 8.99407 -0.07027 0.20509 0.97622 eb
3506.82782 1.58532 0.09464 -0.66165 0.74381 e
3510.19826 11.30846 -0.01242 -0.09790 0.99512 e
3515.24995 3.79148 -0.28475 -0.12535 0.95037 e
3522.74770 11.55240 -0.04753 0.05148 0.99754 e
3523.62718 1.91696 0.42472 0.29663 0.85535 xb
3525.08856 3.24846 0.48831 0.01870 0.87247 eb
3535.52858 6.06896 0.25635 -0.06430 0.96444 e
3536.44813 0.77500 0.56736 -0.64582 0.51090 e
3568.90666 3.56860 0.12154 -0.35505 0.92691 e
3585.06339 16.20008 -0.10643 -0.01578 0.99419 e
3593.02484 5.82689 0.27396 -0.15130 0.94977 e
3601.44377 1.72591 0.21907 -0.58559 0.78045 e
3606.10525 10.64631 -0.02946 0.07021 0.99710 x
3622.63946 6.88833 0.11625 -0.12175 0.98573 e
3629.36700 2.48913 0.02934 -0.47785 0.87795 eb
3630.61820 0.98250 0.73988 -0.07558 0.66848 xb
3636.89438 2.75314 0.40405 -0.20873 0.89060 e
3638.57518 2.03452 -0.28913 -0.42329 0.85862 x
3644.12283 2.35049 0.41711 -0.35578 0.83633 x
3651.99371 5.50922 -0.09713 0.29115 0.95173 e
3652.12200 3.89179 -0.21462 0.36778 0.90481 e
3660.48087 9.23565 -0.02633 0.15927 0.98688 xb
3672.93581 2.98710 0.46437 -0.07444 0.88251 x
3675.98396 2.53372 -0.53901 0.09727 0.83667 x
3676.36661 7.00013 0.18851 -0.03855 0.98131 x
3683.08183 1.95374 -0.15747 0.49936 0.85196 e
3688.96685 6.41576 0.26995 0.16335 0.94892 e
3705.93977 2.57674 -0.27291 -0.26401 0.92511 e
3712.43313 14.85773 0.12143 0.04161 0.99173 e
3713.97548 11.67885 0.05067 -0.11073 0.99256 x
3720.46836 19.59319 -0.07776 -0.07640 0.99404 e
3725.44282 6.51420 0.14014 0.08187 0.98674 xb
3726.84594 5.56741 -0.17362 -0.03582 0.98416 e
3741.59664 4.36703 -0.08078 0.37647 0.92290 eb
3752.44742 24.19285 -0.05862 0.08976 0.99424 xb
3752.78678 12.39182 0.14640 -0.08237 0.98579 x
3755.65727 5.73687 -0.30308 -0.02791 0.95256 e
3757.97270 2.71022 0.50480 -0.10311 0.85706 xb
3766.60970 2.03593 -0.54018 -0.26345 0.79925 eb
3771.67493 11.04029 0.02895 0.02529 0.99926 x
3773.16836 8.52341 0.14486 0.03975 0.98865 x
3780.61851 12.79106 0.09011 -0.10306 0.99059 e
3794.43513 30.00584 -0.02918 -0.09511 0.99504 xb
3806.14756 6.49002 0.28765 -0.16125 0.94406 x
3821.50337 2.23116 0.01704 0.54258 0.83983 e
3834.74453 1.11498 0.18011 0.73881 0.64940 e
3836.95784 15.84454 -0.12629 -0.12691 0.98384 xb
3844.66063 4.26541 -0.28037 -0.15062 0.94800 x
3845.13429 20.52571 0.05332 -0.08561 0.99490 e
3849.80888 8.65962 -0.20793 0.05066 0.97683 e
3863.12670 5.44568 0.17088 0.28113 0.94433 e
3868.96926 2.74501 0.28726 0.37325 0.88214 xb
3897.39258 1.12472 -0.04712 -0.75375 0.65547 e
3915.57569 2.22153 0.19734 -0.49171 0.84810 eb
3917.15518 0.86269 -0.63544 0.56281 0.52864 eb
3941.17985 3.45354 0.19471 -0.14049 0.97075 x
3981.28379 8.07603 0.20092 -0.10067 0.97442 x
3995.89496 3.44431 0.32462 -0.28213 0.90279 xb
4007.84760 1.50692 -0.60546 -0.32824 0.72504 eb
4017.46427 3.61482 0.13784 -0.37092 0.91838 eb
4018.89440 3.84348 0.17196 -0.36024 0.91687 e
4024.86132 9.82932 0.13988 0.15827 0.97744 e
4031.49875 1.92284 -0.55679 0.18775 0.80916 e
4071.51520 7.14309 -0.11968 0.27621 0.95362 xb
4076.66950 0.99215 0.69743 0.40275 0.59278 e
4078.38708 4.95266 0.29095 0.10242 0.95124 e
4079.87060 10.10949 0.02987 0.04970 0.99832 eb
4083.70047 3.53399 0.22483 -0.39740 0.88968 xb
4085.25013 6.51377 -0.01084 -0.09475 0.99544 e
4087.41387 1.75596 -0.49726 0.33879 0.79872 e
4102.02614 4.76376 -0.26121 0.23868 0.93531 e
4116.87164 3.90873 -0.29060 -0.19355 0.93706 e
4126.82034 4.88830 -0.04719 0.17734 0.98302 e
4140.31446 2.60044 -0.52223 0.13634 0.84184 x
4140.99534 4.63465 0.33501 -0.00083 0.94221 e
4145.02368 14.99317 0.06161 -0.16625 0.98416 x
4149.90886 7.30126 -0.17612 -0.04914 0.98314 e
4160.81546 20.62922 0.00644 0.04905 0.99878 xb
4162.98897 8.43735 -0.04686 -0.10037 0.99385 e
4171.17870 3.58879 -0.15197 -0.39912 0.90422 e
4174.14376 18.98617 -0.10836 0.09832 0.98924 xb
4183.10216 5.78892 -0.02465 -0.28357 0.95863 e
4190.17600 2.55307 -0.35302 -0.29533 0.88778 eb
4217.11556 10.25680 0.14575 0.12502 0.98139 e
4232.25633 3.20319 0.17755 0.31918 0.93091 x
4254.36155 1.30274 -0.56089 -0.44983 0.69502 xb
4259.92217 7.77601 -0.08224 0.06092 0.99475 x
4276.36476 1.23223 -0.28435 0.68668 0.66904 xb
4281.32603 1.61547 0.61411 -0.19837 0.76388 e
4285.70540 1.52748 -0.57467 -0.38005 0.72479 e
4307.43991 4.04833 0.28696 -0.25359 0.92377 x
4307.62159 5.10632 0.10696 -0.34365 0.93299 eb
4340.34823 11.32194 0.06461 0.13751 0.98839 x
4342.71357 3.64430 -0.28901 -0.33246 0.89774 xb
4364.14049 6.34128 0.06553 -0.29514 0.95320 eb
4368.10293 10.02568 -0.16728 -0.11915 0.97868 e
4384.50912 1.82817 -0.07064 0.52815 0.84621 xb
4403.50601 7.50025 0.04613 0.03293 0.99839 e
4405.19455 5.98442 -0.05994 -0.33170 0.94148 x
4406.89104 10.04730 -0.19411 0.09799 0.97607 e
4422.64825 5.63973 0.17621 -0.27418 0.94539 eb
4429.38205 0.96166 -0.11572 -0.73210 0.67130 eb
4434.26114 25.20528 -0.01582 0.06032 0.99805 e
4442.94548 1.09560 -0.45083 0.62863 0.63370 xb
4448.71321 7.38134 0.24390 0.00880 0.96976 e
4458.11205 4.31590 -0.35012 -0.08347 0.93298 e
4460.48732 2.99871 -0.31670 0.37256 0.87230 eb
4468.03999 6.31312 -0.07605 0.34458 0.93567 e
4473.75027 9.63234 0.06959 -0.15657 0.98521 x
4486.56632 4.45249 0.15798 0.26866 0.95019 e
4486.74992 18.68053 -0.00077 -0.07097 0.99748 e
4506.41991 8.80358 -0.05499 -0.17129 0.98368 e
4525.17550 3.12918 0.41861 -0.26259 0.86937 x
4528.35925 1.18717 -0.75608 0.00388 0.65447 eb
4532.96602 7.71253 0.03225 -0.20578 0.97807 xb
4544.42194 8.04609 0.17072 0.13076 0.97660 e
4548.41049 1.36160 0.57908 0.38697 0.71758 e
4552.40992 18.56555 0.02962 -0.03037 0.99910 eb
4553.61142 1.31158 0.11017 -0.70636 0.69923 e
4581.09280 20.87971 -0.07906 -0.08589 0.99316 xb
4600.08279 13.63009 0.05186 -0.12038 0.99137 xb
4611.50397 16.69452 0.04589 -0.00113 0.99895 x
4613.87943 2.18632 -0.50567 0.17730 0.84431 x
4617.39075 0.94583 -0.54799 0.60345 0.57927 e
4620.66366 17.88526 0.03524 0.13354 0.99042 e
4623.14832 2.89440 -0.00078 0.50935 0.86056 xb
4629.81504 14.29728 -0.10564 -0.09275 0.99007 e
4631.28552 1.48902 0.44516 -0.48880 0.75027 x
4632.66381 2.88134 -0.40326 0.11295 0.90809 e
4644.10647 4.40414 0.38700 -0.03046 0.92158 eb
4670.74009 3.63161 -0.19109 -0.04650 0.98047 e
4717.37425 9.50627 0.22859 0.01344 0.97343 xb
4718.86071 6.88870 -0.30238 -0.04203 0.95226 eb
4723.91649 7.61911 0.09707 0.10417 0.98981 e
4727.15884 2.71310 0.37403 0.34816 0.85959 x
4732.19402 25.12566 0.05804 0.10967 0.99227 x
4737.70778 6.11170 0.27731 0.00733 0.96075 x
4741.28452 1.07724 -0.53833 -0.57476 0.61633 eb
4754.22945 0.86761 0.27068 -0.80886 0.52199 e
4771.19755 1.33689 -0.68509 0.16539 0.70944 eb
4794.57044 2.01764 0.48320 0.27672 0.83063 xb
4803.49885 16.90832 0.08603 -0.04382 0.99533 x
4815.33072 3.86009 0.29968 0.25383 0.91965 x
4821.88772 7.50986 0.16829 0.06131 0.98383 xb
4824.99292 4.42491 0.33239 -0.17733 0.92632 xb
4828.28997 11.74889 -0.08385 0.01167 0.99641 eb
4839.21733 1.14328 -0.08528 0.74438 0.66229 e
4839.85950 7.14036 0.19256 0.00383 0.98128 x
4840.71388 3.06101 -0.33690 0.37056 0.86555 x
4863.82418 11.67455 -0.01769 -0.02376 0.99956 e
4867.93430 8.49547 -0.11532 0.09258 0.98900 x
4875.74279 15.66679 -0.19617 -0.05414 0.97907 xb
4890.83770 16.10616 0.07089 0.10926 0.99148 x
4899.61140 2.39358 0.08631 -0.53851 0.83819 e
4902.33327 11.24221 0.17119 -0.01876 0.98506 e
4912.84933 5.86132 -0.28531 0.02206 0.95818 e
4919.58741 4.83919 0.05134 -0.20798 0.97679 xb
4921.09036 5.01746 -0.34523 0.00670 0.93850 xb
4921.28718 13.95679 -0.05514 -0.13140 0.98980 xb
4929.62115 1.64304 -0.61093 -0.06471 0.78904 e
4937.10792 11.32408 -0.03447 -0.11213 0.99310 e
4937.40984 14.03669 -0.10860 -0.15798 0.98145 eb
4940.22629 7.22030 -0.02001 0.31206 0.94985 e
4961.19303 0.91575 0.67219 0.44788 0.58954 eb
4994.18978 15.49144 -0.04242 0.12147 0.99169 xb
5014.89655 9.34291 -0.08338 0.18713 0.97879 x
5068.10807 2.23616 0.48208 0.24296 0.84176 e
5104.75364 6.09579 -0.26854 0.12543 0.95507 x
5116.59851 2.46137 -0.32740 0.39719 0.85735 e
5123.79091 1.43342 -0.06700 0.68119 0.72903 x
5125.12864 6.81241 -0.01930 0.13490 0.99067 x
5143.22629 19.65045 -0.04594 0.07565 0.99608 xb
5160.80936 1.31454 0.64071 0.01858 0.76756 x
5178.84014 8.42102 0.23075 0.10891 0.96690 e
5236.14041 2.24010 -0.21004 -0.50046 0.83989 e
5262.31955 4.68416 -0.15086 0.33911 0.92857 eb
5262.57537 6.59655 -0.21140 -0.22750 0.95056 eb
5291.96695 1.88042 -0.32385 0.52960 0.78399 xb
5303.86532 1.59228 0.26004 -0.57680 0.77439 x
5305.26270 3.28872 0.23355 -0.33325 0.91345 xb
5319.45895 8.81481 0.06223 -0.24883 0.96655 e
5322.03596 7.73724 0.10247 -0.26530 0.95870 e
5338.63238 1.56136 -0.43879 -0.41256 0.79828 x
5343.21361 2.45314 0.43851 0.23102 0.86852 e
5343.39814 6.02927 -0.14317 0.33651 0.93073 xb
5369.27148 7.53944 -0.04168 -0.23393 0.97136 e
5405.85538 3.01498 -0.17558 -0.44222 0.87956 e
5430.71579 7.73993 -0.23000 -0.05477 0.97165 x
5471.41307 4.35748 0.24535 0.17439 0.95362 e
5478.49045 14.29752 -0.06048 0.16199 0.98494 xb
5479.82154 2.40305 -0.45850 0.08915 0.88421 e
5534.46560 1.37091 0.09349 0.69852 0.70946 e
5541.21305 3.69182 -0.36926 0.22992 0.90044 eb
5564.08596 10.75312 0.04223 -0.17693 0.98332 x
5569.72336 7.75087 0.04939 0.25946 0.96449 xb
5572.67039 11.00049 -0.22418 -0.03924 0.97376 x
5588.27172 1.56590 0.63057 0.09648 0.77011 eb
5589.04642 4.02942 0.27676 -0.21183 0.93730 e
5589.30816 19.18728 -0.10738 0.07180 0.99162 x
5601.92308 7.30425 -0.09568 0.20396 0.97429 xb
5648.90746 1.72223 0.46975 0.43578 0.76774 eb
5654.07543 4.22245 -0.03893 -0.39466 0.91800 e
5695.72810 1.02584 -0.03612 -0.77492 0.63102 eb
5704.13636 1.49145 0.20300 -0.60170 0.77250 xb
5754.67801 7.75125 -0.29534 0.08651 0.95147 e
5763.42930 9.52340 0.23413 0.04476 0.97118 eb
5768.71864 9.61212 -0.07757 0.00162 0.99699 e
5786.22861 10.41830 -0.03355 -0.16901 0.98504 e
5789.95177 13.85261 -0.00077 -0.04170 0.99913 e
5857.36590 4.90161 0.10536 0.30997 0.94489 e
5869.08817 2.91217 0.35761 0.27591 0.89218 e
5879.33941 8.08990 -0.06949 -0.15502 0.98546 e
5888.19926 1.92318 -0.33539 -0.50476 0.79545 x
5888.56163 2.68865 0.32889 -0.31389 0.89068 e
5890.81170 2.41145 0.15887 0.49333 0.85521 e
5894.61086 2.50254 0.06966 -0.50191 0.86211 e
5909.21173 7.93330 0.23696 -0.08717 0.96760 xb
5911.29087 2.27257 0.25860 -0.44431 0.85774 xb
5911.82451 11.13706 0.02641 0.20510 0.97839 x
5950.99147 21.61163 0.06001 0.04118 0.99735 e
5960.48079 7.31167 0.07161 0.19838 0.97751 eb
5967.09733 5.43496 -0.36563 -0.04361 0.92974 e
5968.44835 5.69224 -0.21168 0.22046 0.95215 x
5970.14537 8.66339 0.11341 0.03610 0.99289 e
5982.17742 1.47645 0.62428 -0.28048 0.72911 e
5985.60086 2.88712 -0.49853 0.05677 0.86501 e
6003.82966 2.32254 0.50474 -0.19934 0.83994 e
6007.98715 5.44003 -0.27274 0.09048 0.95782 e
6023.89323 5.93267 0.04962 -0.19694 0.97916 e
6030.01309 2.69008 -0.44937 -0.26237 0.85395 xb
6038.91866 9.56607 0.11399 -0.20628 0.97183 e
6042.06033 6.12582 -0.26445 0.09071 0.96012 x
6081.11644 10.80487 0.09944 -0.15428 0.98301 e
6091.50378 0.89112 0.07483 -0.78289 0.61765 x
6098.23086 4.04222 0.18384 -0.32602 0.92731 xb
6122.23902 1.80774 0.49941 -0.38552 0.77586 xb
6138.27014 7.15612 0.11110 0.19844 0.97380 e
6146.43820 2.86034 -0.23193 0.33021 0.91497 e
6190.32499 3.62876 0.06339 0.05699 0.99636 e
6190.33967 6.01755 -0.15474 0.22928 0.96098 e
6194.66780 1.01608 -0.20580 -0.77308 0.59999 eb
6194.91300 5.37825 -0.24658 -0.07100 0.96652 e
6213.17154 5.25883 0.09796 -0.23918 0.96602 e
6226.25456 2.03167 -0.45829 0.38042 0.80328 eb
6231.12467 1.36805 -0.39437 0.57424 0.71744 xb
6237.50885 10.20987 0.03410 0.09959 0.99444 xb
6255.38773 18.54245 0.04619 -0.08914 0.99495 x
6256.34562 8.15184 -0.14663 -0.05833 0.98747 e
6261.25056 4.40691 -0.25625 -0.04492 0.96557 eb
6275.07060 4.81471 0.36605 -0.03245 0.93003 x
6275.92392 13.83159 -0.13514 -0.01802 0.99066 x
6308.87101 1.79598 0.02681 0.61074 0.79138 xb
6310.25910 1.69036 0.18457 0.63555 0.74967 eb
6318.45274 6.35070 -0.24003 -0.00842 0.97073 e
6326.80057 2.02252 -0.31986 0.25170 0.91342 x
6343.42181 7.80267 -0.05006 -0.00370 0.99874 xb
6348.10856 3.14887 0.20006 0.43267 0.87907 x
6375.90878 0.92211 -0.42589 0.68961 0.58572 e
6382.97861 1.16785 0.39431 -0.64723 0.65239 eb
6402.84609 6.64314 0.16181 0.26012 0.95192 eb
6410.13360 11.35996 -0.04758 0.21551 0.97534 xb
6420.94712 2.55314 0.44951 -0.26296 0.85369 e
6429.76498 2.03121 0.43106 -0.36668 0.82446 xb
6430.19634 3.51977 -0.15894 0.37672 0.91259 x
6434.01517 12.35983 0.00228 -0.06682 0.99776 e
6449.07192 2.38786 -0.08916 -0.53956 0.83721 eb
6461.14496 14.74808 0.01863 0.07739 0.99683 x
6465.79185 2.31476 0.04771 0.49898 0.86530 x
6478.96925 10.08922 0.18019 -0.16724 0.96931 x
6482.13210 10.54841 -0.11569 -0.03906 0.99252 x
6492.98971 10.17709 0.15309 -0.14786 0.97709 e
6495.29295 11.87632 0.00529 -0.02653 0.99963 x
6499.75044 10.66260 0.13085 0.02176 0.99116 x
6513.58079 0.91694 -0.82486 0.02293 0.56487 x
6543.17860 14.25294 -0.07653 -0.08264 0.99364 e
6554.36888 1.72392 0.43264 -0.30986 0.84665 e
6558.27176 8.79452 -0.05915 0.17401 0.98297 xb
6567.38622 2.99562 -0.39870 -0.22566 0.88888 e
6573.88479 13.20068 0.00027 0.09029 0.99592 e
6589.30559 2.14384 -0.32738 -0.50075 0.80129 xb
6595.29508 4.83950 0.31448 0.16400 0.93499 eb
6600.84766 8.84689 0.21257 0.03273 0.97660 x
6621.15126 3.67778 0.04826 0.21378 0.97569 e
6646.17810 4.30535 -0.14410 -0.37840 0.91436 eb
6668.23963 9.04445 -0.19066 0.15452 0.96942 xb
6693.91057 11.46882 -0.09333 -0.00457 0.99563 x
6733.19575 6.08285 0.06326 -0.07293 0.99533 e
6738.00715 1.53534 -0.47242 0.28545 0.83387 e
6749.91243 1.05688 0.15092 0.77826 0.60954 x
6776.95841 12.23300 -0.09700 0.16438 0.98162 e
6831.26546 5.09931 -0.06138 0.36821 0.92771 eb
6835.48462 10.22166 0.14637 0.10721 0.98340 e
6837.63541 0.97950 -0.64096 -0.47494 0.60299 e
6854.24169 7.52852 0.20098 -0.15133 0.96784 eb
6873.38152 9.34580 -0.12915 0.02669 0.99127 e
6884.42384 5.97443 -0.28912 0.00986 0.95724 eb
6922.15942 1.15159 -0.45264 -0.59134 0.66741 e
6923.38532 8.62719 0.14072 0.07388 0.98729 x
6942.39297 8.89164 0.09729 0.05859 0.99353 x
6942.65416 14.59322 0.10922 -0.05529 0.99248 xb
6949.07678 2.90806 0.23775 -0.39231 0.88857 e
6952.47329 4.59947 -0.16283 -0.27705 0.94696 e
6961.61723 1.68892 0.63147 -0.11802 0.76637 e
6976.91038 12.49671 -0.07064 -0.08916 0.99351 x
6978.99304 0.86906 -0.13926 -0.82465 0.54823 e
6995.41702 4.44535 0.06968 -0.32933 0.94164 e
6999.32438 7.64911 -0.08854 -0.25361 0.96325 xb
7042.97340 0.78789 -0.84450 -0.20039 0.49666 e
7043.17075 14.37735 -0.10108 -0.05844 0.99316 xb
7104.89391 1.20485 -0.56950 0.47861 0.66829 e
7118.79295 14.62942 0.11354 -0.03167 0.99303 eb
7130.61171 6.09045 -0.32123 -0.04466 0.94595 xb
7164.18381 12.74332 0.12012 0.16895 0.97828 x
7166.45469 6.34672 0.17032 0.00008 0.98539 e
7172.14232 2.13780 0.05555 -0.53733 0.84154 eb
7187.13703 11.61417 -0.01207 -0.22311 0.97472 eb
7224.02179 2.89526 -0.11274 0.21011 0.97116 x
7227.83578 14.24776 -0.09820 0.10194 0.98993 e
7270.31243 2.98845 -0.45072 -0.14842 0.88024 x
7301.76336 7.50170 0.10680 0.10057 0.98918 e
7302.65763 12.70335 -0.01675 -0.13687 0.99045 x
7348.40680 7.81513 -0.25535 -0.08475 0.96313 x
7354.52699 14.21153 0.02491 -0.09374 0.99529 xb
7355.44990 5.97751 0.07149 0.11681 0.99058 e
7356.24237 11.02593 -0.07881 -0.14177 0.98676 x
7359.77722 8.78098 0.17124 -0.18376 0.96794 eb
7364.62694 1.21355 -0.14495 0.72216 0.67637 x
7366.87715 5.62587 0.27067 0.05429 0.96114 e
7377.19961 8.97299 -0.07639 -0.21822 0.97290 xb
7383.13449 7.00556 -0.10222 -0.05944 0.99298 e
7385.10472 2.69248 -0.51226 0.02454 0.85848 eb
7399.54333 3.20754 -0.02336 -0.41972 0.90735 e
7400.08974 5.34987 0.13825 0.20688 0.96855 e
7427.36576 6.96550 0.16520 -0.20856 0.96396 eb
7432.99823 4.58067 0.00777 -0.05837 0.99826 xb
7440.59502 8.70894 0.06793 0.09476 0.99318 e
7445.76819 1.54974 0.11035 0.62436 0.77330 x
7461.94689 1.26408 -0.01947 -0.72310 0.69047 eb
7461.94771 0.81003 -0.83287 0.23686 0.50023 e
7462.70839 2.68307 -0.43516 0.26819 0.85948 eb
7479.48702 2.80099 0.26998 -0.43026 0.86139 e
7487.12945 16.50151 0.01810 0.11394 0.99332 x
7519.59344 6.66329 -0.15340 -0.06043 0.98631 x
7520.52798 11.09137 -0.06545 0.16105 0.98477 xb
7525.32474 1.95689 0.34130 0.43877 0.83126 e
7551.57543 10.18657 -0.21311 0.04877 0.97581 eb
7559.30941 10.42618 -0.09498 -0.10933 0.98946 x
7570.95376 1.22292 0.43856 -0.60489 0.66466 xb
7577.93631 4.26653 0.17746 0.32446 0.92910 e
7582.87623 1.49835 0.11385 0.62011 0.77621 xb
7592.47550 2.05477 -0.47980 0.34161 0.80814 e
7593.30646 5.16566 0.30985 -0.04659 0.94964 x
7633.73986 3.79417 -0.07991 0.43179 0.89843 x
7653.37672 2.38741 -0.13844 0.52895 0.83729 eb
7654.49201 5.43599 -0.07040 0.17114 0.98273 xb
7664.46296 8.24724 -0.05690 0.01651 0.99824 e
7679.08880 17.53925 0.05916 0.01180 0.99818 x
7680.25662 2.37761 0.12112 0.50259 0.85600 e
7683.61803 7.83497 0.05865 -0.24219 0.96845 e
7691.56905 2.37452 0.54249 0.08135 0.83611 eb
7694.88150 0.83811 -0.42578 0.73368 0.52955 eb
7703.52542 2.73603 0.27194 -0.33232 0.90311 xb
7781.28585 6.47058 0.18904 -0.20655 0.96000 e
7788.63243 5.02301 0.08969 -0.24593 0.96513 eb
7875.37718 2.63475 0.18171 -0.48042 0.85801 e
7892.16230 6.22625 -0.23980 -0.18860 0.95233 e
7915.31100 2.90350 0.42064 0.22419 0.87909 eb
7915.83065 1.47118 -0.56124 -0.05196 0.82602 e
7927.93467 11.21927 0.05454 0.03471 0.99791 x
7929.74868 1.16520 -0.28633 -0.70841 0.64512 eb
7931.27928 10.19384 -0.04704 0.01468 0.99879 xb
7943.75824 2.57202 0.34795 0.26046 0.90061 eb
7945.40170 1.93488 0.60635 -0.03307 0.79451 eb
7959.92463 5.99544 0.14381 -0.01740 0.98945 e
7975.22114 0.96974 0.00881 -0.72780 0.68573 eb
7995.74055 4.49102 -0.27790 -0.24733 0.92822 x
8008.85744 4.14669 -0.22593 -0.22717 0.94729 e
8035.72665 6.76485 -0.08783 -0.25476 0.96301 e
8052.10204 6.84803 -0.21232 0.01865 0.97702 e
8084.39057 3.92610 -0.39017 -0.18650 0.90166 e
8084.98395 8.23572 0.09912 0.03109 0.99459 xb
8103.39780 3.12942 0.27929 0.35799 0.89098 eb
8121.59817 3.33117 0.00189 0.36158 0.93234 eb
8132.41177 6.06814 -0.35230 -0.05715 0.93414 xb
8158.39818 6.06092 -0.09009 -0.31067 0.94624 x
8170.19962 2.19982 -0.38329 0.19929 0.90187 x
8214.94515 7.49919 0.16687 0.07542 0.98309 e
8246.33663 1.27207 -0.29961 -0.66474 0.68437 eb
8248.14984 3.59300 -0.30603 0.32798 0.89374 x
8266.04662 4.82212 -0.34261 -0.00395 0.93947 e
8268.90201 2.33349 0.04029 -0.54759 0.83578 e
8268.97811 4.89384 -0.19851 -0.05795 0.97838 e
8286.09513 18.45374 0.02314 0.08423 0.99618 e
8297.09307 8.44986 -0.14262 0.17591 0.97402 eb
8327.43070 1.05595 0.00336 0.78787 0.61584 xb
8340.22442 2.23262 0.51638 0.12880 0.84662 e
8354.89062 3.82174 -0.25430 -0.34248 0.90445 xb
8405.13235 6.39500 -0.02149 0.21023 0.97742 x
8409.35101 6.00880 -0.17630 0.02715 0.98396 e
8413.17230 3.99177 -0.37995 0.24246 0.89266 e
8413.97716 2.25804 -0.52614 -0.22849 0.81913 eb
8421.82454 8.60581 0.08060 -0.06001 0.99494 x
8428.61331 28.20757 0.00235 0.06877 0.99763 x
8449.20697 4.02382 -0.27168 0.20590 0.94010 x
8461.75978 5.99325 -0.02804 -0.16945 0.98514 e
8464.28331 4.09954 -0.42526 0.07625 0.90185 xb
8488.95545 11.82276 -0.15546 0.11822 0.98074 xb
8499.66376 3.06306 0.38871 0.04891 0.92006 e
8516.81633 1.16693 -0.60234 0.40100 0.69021 eb
8537.67437 0.83913 -0.06293 -0.82369 0.56354 xb
8538.11072 9.83044 -0.01665 0.19709 0.98024 e
8538.97805 14.04231 -0.04581 -0.01814 0.99879 e
8543.95530 4.51019 -0.08463 -0.34609 0.93438 e
8561.09627 13.18797 -0.01445 -0.15880 0.98721 xb
8562.59230 6.16366 -0.11317 0.01228 0.99350 x
8583.69677 2.38479 0.27889 -0.45344 0.84653 xb
8624.84627 5.68379 0.27848 0.03892 0.95965 x
8634.21767 1.11577 -0.73369 0.02250 0.67911 eb
8635.24291 3.96912 0.21173 -0.30844 0.92738 xb
8650.55796 2.43537 -0.34663 -0.41208 0.84264 eb
8658.10264 3.40570 0.37799 0.19478 0.90509 eb
8664.06206 2.12124 -0.39505 -0.39879 0.82759 eb
8670.79068 12.05361 -0.16705 -0.08971 0.98186 e
8682.13951 0.86439 0.69617 -0.44250 0.56527 x
8732.28085 4.16264 0.31483 0.12582 0.94077 e
8781.28355 11.94062 -0.13246 0.04266 0.99027 xb
8781.72202 10.51937 -0.15385 -0.09584 0.98343 x
8788.90214 3.46624 -0.23055 0.38976 0.89159 x
8820.92718 3.97202 -0.35796 -0.18362 0.91550 e
8825.60090 2.04575 -0.58761 0.12543 0.79937 x
8827.92429 1.57048 -0.64525 0.05455 0.76202 eb
8864.95054 3.90869 -0.29140 0.11105 0.95013 xb
8940.58171 2.07193 0.15248 0.56797 0.80880 e
8955.88884 4.75995 0.03681 0.34818 0.93671 xb
8966.03904 4.98373 0.13392 0.20863 0.96878 e
8981.62054 13.40613 0.01051 -0.14479 0.98941 xb
8984.39130 7.56984 0.25057 0.04783 0.96692 e
9005.53113 4.44946 -0.30181 -0.11256 0.94670 x
9006.71401 7.68758 -0.10772 0.13551 0.98490 e
9021.57166 4.23888 0.19844 0.37082 0.90726 xb
9023.00209 2.38650 -0.49538 0.22382 0.83934 e
9024.09567 13.35846 -0.01754 0.14962 0.98859 e
9040.77708 2.89233 -0.47344 -0.07624 0.87752 eb
9049.17649 13.62973 -0.06595 -0.08150 0.99449 e
9050.85317 3.89725 -0.18959 -0.10274 0.97647 e
9066.23970 9.68810 -0.09126 0.13557 0.98656 x
9074.15068 2.83975 -0.38514 0.30256 0.87185 eb
9074.32206 7.30482 0.05759 0.22522 0.97260 e
9093.47377 5.68062 -0.07432 -0.09548 0.99265 e
9125.34812 3.42799 0.33179 -0.31221 0.89019 eb
9148.16072 4.02109 -0.08975 0.32908 0.94003 eb
9185.64371 2.12465 -0.26594 -0.50497 0.82114 e
9189.24985 13.69828 -0.07127 -0.04667 0.99636 x
9208.84210 11.45196 -0.02312 -0.00698 0.99971 xb
9226.29831 11.17787 -0.00229 -0.07719 0.99701 xb
9226.56728 0.89088 0.64303 -0.52161 0.56074 e
9241.41889 10.18271 0.01655 0.15727 0.98742 e
9276.01661 1.36241 0.69670 0.00484 0.71734 xb
9286.32314 1.78921 -0.36136 -0.12704 0.92373 eb
9322.50019 2.07178 0.26924 0.21390 0.93902 e
9330.53333 4.41680 -0.15460 -0.32776 0.93203 e
9341.79358 26.96078 -0.07334 0.03779 0.99659 e
9356.93448 1.71039 -0.49328 0.41769 0.76303 e
9357.80239 3.47390 -0.17231 -0.32054 0.93143 e
9434.40582 3.85432 -0.04473 0.42744 0.90294 eb
9446.60561 3.11601 -0.06359 0.27567 0.95915 e
9466.97080 11.62716 -0.06572 0.05363 0.99640 e
9501.87017 1.67606 -0.17156 -0.43173 0.88554 x
9507.86508 5.02964 0.26568 0.26351 0.92735 e
9553.66414 4.96050 0.31444 -0.06840 0.94681 x
9574.60067 1.40689 -0.33903 0.57139 0.74737 eb
9595.26532 6.71714 -0.29052 -0.10487 0.95110 e
9596.08169 2.54941 0.28208 -0.10192 0.95396 e
9636.06432 6.88680 -0.26199 0.07946 0.96179 x
9636.80632 5.65432 0.11500 0.00194 0.99336 e
9649.16021 2.57860 -0.13092 -0.48911 0.86234 x
9675.59266 2.30672 -0.01081 -0.53240 0.84642 e
9696.48143 2.34378 0.33935 -0.42967 0.83679 x
9727.52348 3.42811 -0.29523 0.32512 0.89841 xb
9751.44196 15.22215 0.04952 -0.13663 0.98938 x
9775.73942 0.86907 0.76347 -0.34497 0.54600 eb
9778.64375 3.75034 -0.33517 0.03840 0.94138 eb
9778.70782 6.33854 0.04515 -0.09014 0.99491 e
9797.30317 7.19100 0.20677 -0.18690 0.96037 x
9847.55833 6.73593 -0.00271 0.18737 0.98229 e
9895.95186 12.50149 -0.09909 -0.07013 0.99260 xb
9899.34241 9.72154 -0.21020 -0.01632 0.97752 e
9901.63375 4.97980 -0.04165 -0.27112 0.96164 e
9932.64707 3.43338 0.14148 -0.44090 0.88634 e
9946.39889 5.78275 0.28802 0.06360 0.95551 xb
9975.03897 2.69880 -0.49337 -0.04776 0.86851 eb
9993.45639 9.98442 0.03492 0.04614 0.99832 x
9998.76443 3.98017 0.24423 0.34139 0.90764 xb
10001.49918 21.19753 0.00260 0.06951 0.99758 e
10012.95305 1.87772 0.44172 0.41757 0.79405 xb
10051.34029 1.53283 -0.58832 0.34201 0.73274 xb
10052.16291 6.20342 -0.19507 0.16936 0.96606 x
10145.89781 3.41886 0.08948 -0.39321 0.91509 x
10156.23553 3.13231 0.05854 -0.45014 0.89104 eb
10159.27820 8.39339 -0.13519 0.16881 0.97633 e
10165.77499 5.87027 -0.08098 0.24622 0.96582 x
10171.21913 5.16255 -0.36809 -0.00685 0.92976 x
10193.40502 1.17785 0.19195 -0.65672 0.72929 eb
10193.68088 10.87155 0.11706 0.02245 0.99287 e
10240.97114 4.70774 0.21640 0.24875 0.94409 x
10254.21536 13.85418 0.04779 0.01668 0.99872 e
10273.75879 11.39487 -0.04656 -0.16777 0.98473 e
10311.66800 2.42837 0.16641 -0.36799 0.91482 e
10320.74021 7.44048 -0.00649 0.14635 0.98921 xb
10337.15917 3.25510 -0.27406 -0.40256 0.87341 xb
10339.29067 1.96785 -0.00385 -0.58681 0.80971 e
10356.84485 7.98296 0.17432 0.06618 0.98246 e
10380.22036 1.36146 -0.54439 -0.35377 0.76058 e
10422.35985 1.52720 -0.66303 -0.08943 0.74323 xb
10504.64330 7.20955 -0.28185 0.05557 0.95785 e
10575.99652 7.33782 -0.03556 0.06820 0.99704 x
10589.47238 4.15877 0.31859 -0.20767 0.92486 eb
10594.37743 7.66867 -0.06689 -0.01631 0.99763 e
10612.00315 5.21667 0.00399 0.23761 0.97135 x
10621.39157 2.13445 0.12040 -0.54630 0.82889 xb
10623.21043 6.03808 0.09893 -0.24950 0.96331 xb
10624.92536 2.58818 -0.08260 -0.50276 0.86047 xb
10708.93633 5.66099 -0.21176 0.13605 0.96781 e
10732.03156 1.13234 0.67759 0.35333 0.64501 eb
10737.91317 0.93252 -0.74297 -0.34104 0.57592 eb
10818.87654 1.52814 0.61494 -0.15449 0.77329 eb
10820.92572 5.94735 0.00767 -0.09487 0.99546 e
10858.98143 9.02059 -0.15015 -0.02875 0.98824 eb
10879.10246 5.08725 -0.29055 0.06330 0.95476 x
10892.07931 0.92565 -0.09300 0.82888 0.55164 x
10907.94004 4.18784 -0.26087 -0.27886 0.92422 xb
10920.06096 2.85628 0.16098 -0.44034 0.88328 e
10947.43758 5.65792 0.34809 0.07713 0.93428 x
10955.79363 10.42606 -0.02559 -0.07729 0.99668 e
10962.58707 1.68353 -0.40314 0.46946 0.78555 eb
11001.40429 11.36708 -0.09070 -0.02696 0.99551 x
11001.81389 7.23769 0.02085 0.18855 0.98184 x
11007.55996 1.73739 -0.33992 -0.40882 0.84695 eb
11076.14033 10.00831 -0.19029 0.11140 0.97539 x
11081.02846 8.19544 0.03636 0.12552 0.99142 x
11115.09326 3.43414 -0.14079 0.04539 0.98900 e
11117.55683 8.21900 0.07800 0.05634 0.99536 eb
11174.16755 1.12414 0.05608 -0.78100 0.62200 x
11196.94104 15.28175 0.09987 -0.00872 0.99496 xb
11230.35720 15.65039 -0.01479 -0.03315 0.99934 e
11244.60810 3.69571 -0.09796 -0.36604 0.92543 x
11348.91612 6.94132 -0.12094 0.14912 0.98140 e
11362.05212 8.66621 -0.11961 0.06404 0.99075 e
11362.66255 1.50140 0.66120 0.03119 0.74956 e
11380.24159 2.18307 0.18018 0.51618 0.83731 e
11413.55137 1.14584 -0.27709 0.71105 0.64624 x
11423.45327 9.36747 -0.04748 -0.02644 0.99852 xb
11442.31639 3.24037 -0.07965 -0.40494 0.91087 e
11447.42957 1.97004 0.49332 0.06829 0.86716 e
11450.54788 1.08270 0.59539 -0.28899 0.74967 xb
11469.17772 4.50487 0.13225 0.26993 0.95376 eb
11507.19856 1.00964 0.24683 -0.75650 0.60563 x
11517.27344 4.97559 -0.19321 -0.06652 0.97890 eb
11517.63634 0.95022 -0.61336 0.53864 0.57763 xb
11530.14048 3.84924 0.28767 0.32162 0.90211 x
11563.49488 10.27740 0.04639 0.08605 0.99521 x
11576.66049 6.31884 -0.13059 -0.24596 0.96044 e
11613.78720 10.09912 -0.02034 0.23240 0.97241 x
11628.03806 5.41804 0.01952 0.32160 0.94667 e
11646.92271 3.83838 0.33021 0.09452 0.93916 e
11646.96878 3.81141 0.42361 0.00805 0.90581 xb
11730.81558 7.98237 0.24804 -0.07616 0.96575 xb
11773.53934 2.66246 0.39199 0.28956 0.87321 eb
11802.19490 7.52869 0.24508 0.09732 0.96460 x
11802.36146 4.80642 0.02401 -0.26190 0.96480 e
11812.79311 3.70257 0.12750 -0.35105 0.92764 x
11847.83520 3.72544 0.34284 -0.28949 0.89368 e
11850.93278 4.07285 -0.31401 0.24368 0.91761 x
11943.89348 12.15979 0.09981 -0.04464 0.99401 x
11948.35635 3.67850 0.40919 -0.00175 0.91245 xb
11954.40413 5.64668 -0.04725 0.14376 0.98848 eb
12036.12995 4.61514 -0.06744 0.36458 0.92873 xb
12147.48261 2.25944 0.46895 -0.08640 0.87899 e
12219.11009 0.80832 0.59109 0.62923 0.50466 eb
12248.46663 3.00566 -0.23543 0.35820 0.90347 x
12258.59255 8.83283 0.17573 0.19042 0.96585 e
12286.06424 3.86101 0.24113 -0.22895 0.94310 eb
12286.63502 6.91192 0.13510 -0.21039 0.96824 x
12316.58168 3.35369 -0.41625 -0.18686 0.88984 e
12332.98925 2.89144 0.40555 0.23577 0.88314 x
12340.77465 1.54833 -0.59476 0.19097 0.78089 eb
12367.90279 2.89891 -0.07161 0.45126 0.88952 eb
12446.44395 4.49251 -0.30810 0.20780 0.92838 x
12448.74662 8.02653 0.11077 0.20602 0.97226 e
12483.73146 10.38530 0.18920 0.01536 0.98182 xb
12540.54246 2.60242 -0.42404 0.31887 0.84765 eb
12542.02427 2.05841 0.44041 -0.35661 0.82393 x
12546.01531 1.13437 0.15067 -0.75229 0.64138 xb
12582.99066 9.96379 -0.06919 -0.10777 0.99177 e
12583.77022 5.64192 0.24319 0.18714 0.95176 x
12597.36424 7.75582 -0.07885 0.19514 0.97760 e
12609.79390 1.08924 0.14911 -0.74407 0.65125 eb
12615.65671 1.00452 0.55662 -0.55242 0.62050 xb
12638.65412 9.92858 0.06835 0.10028 0.99261 x
12643.89803 3.02131 -0.09628 0.37713 0.92114 eb
12674.07889 4.22603 0.24360 -0.21227 0.94636 e
12682.72448 2.95984 0.21203 0.43669 0.87427 eb
12690.33053 3.36673 -0.42236 0.05284 0.90489 e
12710.32499 2.13822 0.26087 0.54480 0.79696 eb
12751.98236 2.18087 0.11715 0.49050 0.86353 e
12767.99645 4.20276 -0.21849 0.32085 0.92158 x
12768.00179 1.66131 0.51294 -0.24659 0.82225 e
12782.91482 1.95162 0.60082 -0.03913 0.79843 x
12783.91880 1.53951 -0.55187 -0.40195 0.73067 e
12795.83874 5.40318 -0.10790 0.19164 0.97552 xb
12823.90843 18.71679 -0.04190 -0.14934 0.98790 e
12873.18985 5.74079 0.26724 -0.06317 0.96156 x
12902.46999 3.07767 -0.31596 0.32217 0.89240 x
12947.56656 8.77405 0.26381 0.02092 0.96435 xb
12962.15110 11.61876 0.10972 -0.13333 0.98498 x
13036.80600 1.76412 -0.39114 -0.37909 0.83863 e
13045.30918 4.97560 0.26950 0.04672 0.96187 xb
13165.00865 2.53325 -0.48632 -0.06762 0.87116 eb
13174.57407 4.59253 -0.08675 -0.32913 0.94029 e
13192.34355 7.71399 0.20135 -0.14507 0.96872 e
13208.80946 4.51345 0.25571 0.02821 0.96634 xb
13216.85416 2.61612 -0.22338 0.44828 0.86553 eb
13227.14357 2.71961 0.10268 0.41127 0.90571 x
13259.60585 2.70137 -0.28261 0.43384 0.85552 xb
13263.69121 2.94233 -0.09061 0.24366 0.96562 e
13268.38814 5.30693 0.00972 0.33587 0.94186 x
13276.89437 5.49249 -0.18542 0.13579 0.97323 e
13310.38990 4.06163 -0.38083 0.16900 0.90907 xb
13351.37640 5.74841 -0.19043 -0.19480 0.96218 eb
13368.48266 1.76674 -0.35206 0.48227 0.80216 x
13427.52591 10.13812 0.01537 -0.19191 0.98129 eb
13588.05469 13.36729 -0.10800 0.13108 0.98547 e
13604.45723 3.35262 -0.22204 0.11020 0.96879 e
13612.97435 6.63190 0.07037 0.05738 0.99587 xb
13677.91335 9.16214 0.07577 -0.06506 0.99500 xb
13680.32821 5.26801 -0.11409 -0.18031 0.97697 eb
13695.28215 1.01712 -0.30636 -0.70163 0.64331 x
13725.94209 1.23696 0.25664 -0.64088 0.72347 e
13754.37525 3.07868 0.27093 -0.38644 0.88162 e
13770.42474 7.36342 0.14512 0.18127 0.97267 e
13802.47588 13.60236 0.11746 0.00106 0.99308 e
13832.08613 3.19741 -0.45650 0.19720 0.86759 xb
13867.14107 9.08290 0.23566 0.10769 0.96585 xb
13877.97626 1.85781 0.25141 -0.57259 0.78034 e
13913.05527 4.61936 -0.35917 -0.12057 0.92545 x
13916.67479 5.31249 -0.11542 -0.29145 0.94960 x
13925.51487 1.76959 -0.14128 0.62200 0.77017 xb
13961.38315 7.09781 -0.17938 0.18994 0.96527 x
13962.63862 5.79396 -0.23252 -0.05422 0.97108 x
14008.73909 14.75959 0.13994 0.06648 0.98793 xb
14039.61645 1.07295 -0.14217 0.77172 0.61987 e
14055.17951 2.29169 -0.41640 -0.23073 0.87942 eb
14117.97987 2.77962 0.10182 -0.49189 0.86468 xb
14191.14648 7.26373 0.20744 -0.18884 0.95985 x
14192.18690 10.74393 -0.12737 0.05247 0.99047 e
14197.21704 6.70238 -0.20540 -0.03758 0.97796 e
14219.49399 20.43011 -0.06648 0.02449 0.99749 xb
14234.39605 1.64099 0.51417 -0.24277 0.82261 e
14285.86594 5.71619 0.31582 -0.12766 0.94019 xb
14306.58216 3.80444 0.25564 0.17842 0.95017 xb
14317.02071 12.61012 -0.05602 0.07025 0.99596 x
14379.49540 3.49013 -0.25806 0.37391 0.89084 eb
14445.87018 2.71553 -0.08784 -0.38111 0.92035 e
14447.54018 6.38867 0.27511 0.00508 0.96140 eb
14540.44075 4.69846 0.04807 0.25724 0.96515 eb
14606.41003 2.72476 0.12058 0.49379 0.86118 x
14641.63726 1.52921 0.20122 0.16541 0.96548 e
14642.59407 6.42919 0.07433 -0.23964 0.96801 eb
14693.32313 7.67713 0.02058 -0.21415 0.97658 xb
14733.49480 5.15203 0.20746 0.09036 0.97406 e
14766.67634 4.71634 -0.32502 0.06316 0.94360 x
14823.97734 6.43403 0.11497 0.25389 0.96038 xb
14826.60574 18.63389 -0.01258 -0.08818 0.99602 xb
14887.49444 10.01321 0.13879 -0.11859 0.98320 e
14940.36697 13.75777 0.10603 -0.02038 0.99415 e
14943.42526 2.96190 -0.11689 -0.42871 0.89585 e
14951.44494 11.01211 -0.16387 0.03445 0.98588 eb
14957.38923 1.11799 0.72151 0.19643 0.66396 e
15036.81607 3.69419 0.01629 -0.25177 0.96765 xb
15056.99315 0.78042 -0.60311 -0.56096 0.56709 xb
15144.03870 8.45614 -0.13096 -0.03676 0.99071 e
15164.28599 1.60320 -0.62440 -0.13594 0.76918 eb
15189.19845 4.37512 -0.02311 -0.34444 0.93853 e
15201.72045 1.96802 0.58997 -0.19078 0.78456 x
15255.45142 5.09497 -0.05592 0.28767 0.95610 e
15256.72546 4.63436 0.30810 0.12669 0.94288 e
15280.87156 3.64979 -0.40255 -0.11690 0.90790 e
15294.42397 7.15951 -0.29232 -0.08531 0.95251 x
15329.30352 5.58556 0.06844 0.01879 0.99748 e
15399.53688 0.90478 0.27359 0.78539 0.55526 eb
15456.80006 2.00902 -0.16623 -0.24798 0.95440 eb
15478.02656 1.64105 0.22558 0.49270 0.84045 e
15478.96252 7.56615 0.23545 -0.16052 0.95854 xb
15493.46226 3.70930 0.23861 0.32890 0.91372 e
15509.88734 0.94586 -0.73799 0.23425 0.63284 e
15551.07592 5.60890 -0.06464 -0.04041 0.99709 x
15649.70382 0.92189 0.44267 -0.68747 0.57570 eb
15656.68774 6.27850 0.01837 0.31717 0.94819 x
15669.68684 7.41253 -0.18295 -0.18180 0.96617 e
15678.54701 10.28297 -0.06794 0.08238 0.99428 x
15716.03186 6.45225 -0.04338 -0.28963 0.95616 e
15887.85033 7.24910 -0.20462 -0.03660 0.97816 x
15927.74720 11.80697 -0.21153 0.04558 0.97631 e
15948.04645 5.61950 -0.31173 0.08347 0.94650 x
15952.05154 19.08133 -0.05824 0.03891 0.99754 xb
15997.25541 2.52978 0.15880 0.51934 0.83969 eb
16046.72697 1.73119 -0.04581 -0.59019 0.80596 eb
16111.35208 0.96059 0.53817 0.60712 0.58462 e
16151.76516 8.82872 -0.13062 -0.02926 0.99100 e
16153.18681 7.03865 0.15860 0.21890 0.96277 xb
16156.46486 9.98977 -0.14422 0.14876 0.97830 eb
16166.72284 5.07716 0.28997 0.15347 0.94465 e
16200.24613 0.89035 0.71374 0.32007 0.62300 x
16211.09342 2.57739 -0.37047 -0.19889 0.90730 xb
16249.78954 12.07040 -0.05222 0.20530 0.97731 e
16255.46875 5.56295 0.25614 0.16686 0.95213 e
16321.41442 2.17958 0.51801 0.17678 0.83691 x
16335.41658 5.86515 -0.06137 0.33474 0.94031 xb
16353.56721 1.21929 0.23666 0.65476 0.71783 x
16462.67445 13.17379 0.02581 0.16391 0.98614 e
16479.93394 11.48596 -0.10164 0.01471 0.99471 eb
16540.46504 1.35682 0.07428 0.66820 0.74026 e
16540.58253 7.52801 0.04898 -0.16371 0.98529 eb
16621.32949 7.16065 -0.00702 0.20559 0.97861 x
16708.67187 8.37570 0.12885 0.13059 0.98303 xb
16768.49290 1.54727 0.31282 0.59600 0.73954 xb
16773.80461 3.42495 0.09049 0.35132 0.93187 e
16817.03556 5.22354 -0.25686 -0.18813 0.94796 x
16839.13905 2.14637 0.58134 -0.03673 0.81283 xb
16848.35982 2.07193 -0.10428 0.53325 0.83951 eb
16910.35412 3.85811 0.10157 0.31151 0.94480 e
16923.19132 4.21070 0.02441 0.37843 0.92531 e
16965.87417 5.81921 -0.10189 0.06168 0.99288 eb
16992.86605 2.98756 -0.04963 0.28231 0.95804 xb
17230.10977 10.25909 0.14451 0.13544 0.98019 xb
17266.55837 14.74366 0.00798 0.06859 0.99761 x
17347.01809 5.10917 0.17516 -0.23807 0.95532 xb
17366.13287 0.92842 0.72670 -0.37813 0.57352 x
17387.91406 3.91802 -0.27662 -0.07373 0.95815 e
17395.78558 2.09097 0.39474 -0.40125 0.82655 xb
17410.56374 0.82029 -0.48384 0.69971 0.52564 x
17429.95002 7.63286 -0.05180 -0.13700 0.98922 e
17451.22709 1.69020 -0.34392 -0.52380 0.77933 e
17453.51989 11.72541 -0.07948 -0.07443 0.99405 e
17489.39587 2.27183 0.35404 -0.28473 0.89083 e
17532.11757 1.94668 -0.54278 -0.22038 0.81045 eb
17554.02279 2.24219 0.27626 0.16167 0.94739 e
17595.32126 1.66623 -0.25196 0.58208 0.77311 x
17618.22102 4.04502 0.09660 -0.01409 0.99522 e
17671.17348 3.73125 0.11673 -0.44631 0.88723 x
17677.51548 5.46603 -0.25054 -0.03117 0.96760 e
17682.39905 13.82298 0.16030 -0.05083 0.98576 e
17689.66141 2.67604 0.02133 0.39055 0.92034 e
17711.50998 6.25604 -0.23621 -0.14890 0.96023 eb
17754.27379 0.80199 0.50415 -0.70813 0.49435 xb
17906.45424 9.16643 0.08953 0.24971 0.96417 e
17915.57626 0.83108 -0.30332 -0.76323 0.57050 eb
18023.82337 4.66423 0.06495 0.34767 0.93537 e
18035.65397 3.67727 -0.06577 0.27569 0.95899 eb
18043.38658 21.87226 -0.05594 -0.05495 0.99692 xb
18186.35011 3.81511 -0.09532 0.42703 0.89920 eb
18307.28197 0.92045 0.66978 -0.39898 0.62627 e
18324.72832 2.34248 0.45528 -0.24906 0.85480 e
18325.24592 6.29713 -0.10377 -0.11142 0.98834 e
18416.07620 10.35930 -0.08981 -0.19123 0.97743 x
18445.85252 1.62635 -0.47336 -0.29115 0.83136 e
18500.27060 7.42516 0.05184 -0.05062 0.99737 e
18527.38283 2.81779 0.28693 -0.37589 0.88112 xb
18529.51974 5.62409 0.09147 -0.10772 0.98996 e
18574.26493 7.12083 -0.07448 -0.21527 0.97371 x
18577.19407 3.67930 0.24548 0.37163 0.89534 xb
18616.93131 1.79559 -0.43401 0.42194 0.79600 e
18639.90944 4.33909 0.13650 0.25558 0.95711 x
18700.09309 1.37283 -0.16972 0.68315 0.71028 x
18745.16032 12.93885 0.05298 0.19284 0.97980 eb
18800.72447 7.27046 -0.04022 0.14465 0.98867 xb
18801.19668 1.85659 0.56967 -0.13291 0.81105 xb
18835.16657 6.68460 -0.06589 -0.26790 0.96119 x
18855.89766 8.10430 -0.04012 -0.26879 0.96236 e
18864.25319 0.89878 0.65363 0.42828 0.62398 xb
18981.97042 2.93259 0.45438 0.00792 0.89077 xb
19035.53644 13.13117 0.10095 0.02206 0.99465 xb
19111.77740 2.84934 0.02523 -0.40913 0.91213 x
19127.70784 4.96846 0.21221 0.30113 0.92967 xb
19143.38987 3.81938 -0.03406 -0.22644 0.97343 e
19151.05728 3.06916 0.30287 -0.34572 0.88812 x
19171.04405 7.05390 0.01837 0.11950 0.99266 e
19206.37479 5.03799 -0.05907 -0.33837 0.93916 e
19318.81583 3.17930 -0.08406 -0.44745 0.89035 xb
19325.94539 3.64775 0.10550 0.39082 0.91440 e
19422.20290 5.24284 0.09786 0.00102 0.99520 x
19426.39591 9.09347 -0.08051 0.24035 0.96734 e
19477.53236 2.08521 0.12860 0.46415 0.87637 x
19569.61671 3.49384 -0.20955 -0.38927 0.89697 e
19630.07574 2.96590 0.24239 0.04487 0.96914 xb
19646.63102 1.21213 -0.05361 -0.73325 0.67784 xb
19721.76787 11.06497 0.11913 0.12430 0.98507 e
19770.46368 8.42600 0.07716 0.11717 0.99011 e
19799.34261 4.88321 -0.32866 0.15470 0.93169 x
19843.88227 4.74731 0.26774 -0.02360 0.96320 e
19856.67401 3.08399 -0.31723 -0.17739 0.93161 e
19885.05488 3.36372 0.35761 0.17022 0.91823 x
19907.07483 2.82762 0.39185 0.20779 0.89626 e
19943.17293 1.95233 0.50297 -0.09843 0.85868 e
19978.83976 6.12553 -0.01821 0.06456 0.99775 eb
19982.88365 0.80144 -0.50029 -0.71439 0.48924 e
