17.07914 53.68236 0.09691 0.41025 -0.90681 e
18.08518 50.63487 0.16119 -0.69091 -0.70474 e
18.22241 59.06710 0.91300 0.24685 -0.32479 e
18.31456 69.05690 -0.04949 0.90266 -0.42750 e
18.63308 39.95991 -0.18753 -0.22434 -0.95630 e
19.31068 80.24575 -0.73556 0.67190 0.08666 e
19.63904 75.79620 -0.57560 0.81286 -0.08914 e
19.90697 60.41124 -0.03371 0.68856 -0.72440 e
20.00226 83.60745 -0.45670 -0.78495 -0.41867 e
20.10735 81.50810 0.18742 0.75300 -0.63077 e
21.02234 64.88116 -0.53621 -0.15197 -0.83029 e
21.06827 44.69292 -0.62828 0.75709 -0.17912 e
21.10100 58.46186 -0.20192 0.81118 -0.54883 e
21.28675 78.68135 0.05097 -0.60329 0.79589 e
21.41984 49.80532 -0.31288 0.57521 -0.75581 e
21.69103 68.96706 -0.81871 -0.28256 -0.49988 e
21.79662 64.61944 -0.97126 -0.01578 -0.23750 e
22.19343 37.46685 -0.98346 0.10659 -0.14642 e
22.26958 57.40417 -0.71277 0.34383 -0.61135 e
22.58232 50.70976 0.43935 0.86831 -0.23025 e
22.63387 57.54554 0.35327 0.64721 -0.67551 e
22.87666 15.13626 0.56016 0.45347 -0.69324 e
22.89830 34.89797 -0.04912 0.86995 0.49068 e
22.91246 38.71102 -0.27319 0.51942 -0.80967 e
22.96427 82.46145 0.97766 -0.20441 0.04907 e
23.00132 81.22775 0.23151 0.96320 -0.13654 e
23.11667 63.37953 0.92913 0.36920 -0.02009 e
23.17000 82.41885 0.67626 -0.01667 -0.73647 e
23.31702 71.96460 -0.75941 -0.59601 0.26089 e
23.39955 72.82252 -0.08533 0.87862 -0.46984 e
23.56930 57.22244 0.18509 -0.88421 -0.42885 e
23.89300 55.58658 -0.13389 0.89756 -0.42006 e
23.96915 66.00343 0.78167 0.17300 -0.59922 e
24.01189 82.27149 -0.07087 -0.65914 -0.74867 e
24.04931 79.28893 -0.30608 0.42899 -0.84987 e
24.16237 39.16205 -0.89117 0.42176 -0.16714 e
24.19332 72.26795 0.75997 -0.60701 -0.23235 e
24.52769 56.02572 0.41602 -0.72907 0.54350 e
24.88881 82.55863 0.88682 -0.06736 -0.45717 e
24.98959 78.24282 0.94135 -0.22290 0.25332 e
25.01862 63.16296 -0.26957 0.37138 0.88849 e
25.22426 80.22547 0.70507 -0.54249 0.45670 e
25.25639 79.70831 0.17529 -0.56922 -0.80328 e
25.35455 55.14290 -0.25483 0.94291 -0.21442 e
25.42660 50.33695 0.64055 0.75962 0.11262 e
25.60222 69.68894 -0.69039 -0.60489 -0.39683 e
25.61913 61.14686 -0.61709 0.70148 -0.35653 e
25.66942 66.16227 -0.06185 -0.49968 0.86400 e
25.72926 53.34200 0.65397 0.33662 -0.67751 e
25.95846 76.02861 -0.58172 0.34770 -0.73533 e
26.09045 66.33926 -0.84057 0.54158 0.01205 e
26.23194 60.55098 0.05600 -0.96418 -0.25927 e
26.42084 79.21657 -0.95716 0.00445 -0.28954 e
26.65883 82.08299 0.94841 0.07913 -0.30702 e
26.70447 77.69416 -0.66911 0.73598 0.10307 e
26.94144 33.27151 -0.52371 -0.38274 -0.76108 e
26.96699 71.24782 0.14825 -0.91203 0.38239 e
27.01961 82.68680 0.32751 0.79896 0.50437 e
27.07540 78.17076 -0.20171 -0.92990 -0.30756 e
27.25111 60.40871 -0.23700 -0.96788 -0.08392 e
27.38078 34.00512 0.34750 0.82251 -0.45024 e
27.74866 70.28206 -0.97474 0.14888 -0.16650 e
27.87133 50.08976 -0.86889 -0.01008 -0.49490 e
27.93780 60.07179 0.87318 0.43474 0.22035 e
28.00838 74.29862 -0.95176 -0.30651 -0.01438 e
28.08169 37.71028 0.68587 0.72709 -0.03042 e
28.50934 76.77387 0.70918 0.67245 0.21183 e
28.56083 60.16599 -0.74158 -0.49461 0.45324 e
28.77639 81.32975 0.57424 0.57520 -0.58257 e
28.79732 63.17059 -0.13205 0.33616 -0.93250 e
28.84993 70.21332 0.29125 0.67445 -0.67844 e
28.93601 37.38463 0.23753 -0.82061 0.51979 e
29.05261 61.26439 -0.96726 -0.07813 0.24146 e
29.35159 32.35182 -0.01573 -0.37868 0.92540 e
29.46521 65.88227 0.89501 -0.25748 -0.36423 e
29.48774 63.68554 -0.11478 0.94292 0.31261 e
29.62077 66.36327 -0.70751 -0.65650 -0.26161 e
29.74999 30.80636 0.12082 -0.24155 -0.96284 e
29.76735 82.90481 0.78315 -0.49737 -0.37323 e
30.00994 66.68037 -0.61017 -0.40666 -0.67994 e
30.08832 52.34679 -0.76270 0.35926 0.53779 e
30.40330 50.90308 0.23723 0.07642 -0.96844 e
30.44199 84.29071 -0.50885 0.25940 0.82084 e
30.59971 64.27715 0.59644 0.42165 -0.68298 e
30.81647 79.86171 -0.84815 -0.48140 0.22115 e
30.81678 61.26027 -0.45377 0.43693 -0.77665 e
30.85821 14.48236 -0.95089 -0.12915 0.28130 e
30.95491 38.09946 -0.48483 -0.83035 -0.27469 e
30.98532 84.58204 0.39298 -0.73917 -0.54699 e
31.38852 53.86122 -0.92004 -0.17561 -0.35027 e
31.51763 77.47125 -0.63641 -0.61149 -0.47018 e
31.63065 39.05390 -0.88387 -0.04298 -0.46575 e
31.75612 17.78657 0.09931 0.91954 0.38025 e
31.89212 84.14766 -0.66080 -0.44872 -0.60166 e
32.36898 77.60789 0.52689 0.78857 0.31708 e
32.39926 34.57332 -0.67938 0.71244 -0.17568 e
32.55538 76.30034 -0.78512 0.25126 -0.56608 e
32.58265 84.06508 -0.89195 -0.34392 -0.29351 e
32.89484 83.97449 0.50399 -0.84648 -0.17164 e
33.00508 80.34992 0.59865 -0.16858 -0.78307 e
33.05430 22.57545 0.06665 -0.68011 0.73007 e
33.27978 68.86970 -0.20851 0.97685 -0.04788 e
33.38975 34.92842 -0.90414 0.42176 -0.06825 e
33.43600 82.69985 -0.33851 -0.43519 -0.83428 e
33.46741 35.38653 -0.90793 -0.17359 -0.38149 e
33.49840 76.84426 -0.93046 -0.34968 0.10941 e
33.55711 50.58075 -0.55311 0.38785 -0.73732 e
34.06801 47.93125 0.70919 -0.43422 -0.55543 e
34.07305 54.47709 0.50632 -0.18304 -0.84270 e
34.29157 37.58966 -0.22601 -0.97389 0.02128 e
34.30579 84.99838 0.43143 -0.84678 -0.31118 e
34.44114 57.09153 0.63195 -0.68604 0.36055 e
34.58108 57.81748 -0.68271 -0.69364 0.22973 e
34.63592 26.14968 0.34090 0.63662 -0.69174 e
34.89062 59.35941 0.39067 0.06273 -0.91839 e
34.89826 51.38469 0.70903 0.42836 0.56017 e
35.07296 81.10366 -0.58391 -0.74377 -0.32535 e
35.07596 74.58383 -0.70580 0.38314 -0.59586 e
35.18291 65.42590 -0.82400 -0.45154 -0.34227 e
35.20631 38.28461 0.72878 -0.66886 0.14663 e
35.50853 72.10612 -0.63732 0.74082 -0.21213 e
35.54310 68.42375 -0.91839 -0.09692 -0.38363 e
35.76513 66.20204 0.37830 0.92196 -0.08291 e
36.02947 82.48727 -0.08468 -0.96586 -0.24484 e
36.08030 73.99636 -0.33945 -0.10649 -0.93458 e
36.14996 71.43129 0.74198 0.30460 -0.59723 e
36.50310 60.88909 0.20403 0.62329 -0.75490 e
36.81116 76.34658 0.20508 -0.84969 -0.48577 e
37.03756 51.20369 0.78194 0.38072 -0.49358 e
37.35986 74.09854 0.74885 0.62217 0.22832 e
37.39917 32.66695 0.33314 -0.35180 -0.87479 e
37.43537 76.55845 -0.49603 0.43800 -0.74974 e
37.43702 63.96817 0.61401 -0.16538 -0.77178 e
37.87106 50.38966 0.01858 0.99831 -0.05507 e
38.05648 70.58683 0.10764 -0.81238 -0.57310 e
38.22528 83.26255 0.05025 -0.79079 0.61002 e
38.52413 67.60152 -0.30716 -0.81861 -0.48532 e
38.66740 53.29638 0.67639 -0.28913 -0.67742 e
39.06651 63.83977 -0.17061 0.57643 -0.79914 e
39.16116 76.59753 0.36293 -0.92790 -0.08537 e
39.19453 13.20017 -0.41729 0.62457 -0.66013 e
39.23646 43.69083 -0.69259 -0.17491 -0.69980 e
39.26252 55.47406 0.12002 0.63633 -0.76202 e
39.38684 75.41022 0.88137 0.33800 -0.33007 e
39.48950 19.80778 -0.68812 0.66770 -0.28402 e
39.72649 59.11647 0.15419 -0.98535 -0.07293 e
40.30983 33.98780 0.35646 -0.87451 -0.32890 e
40.37400 46.37203 -0.23029 -0.00723 -0.97310 e
40.37942 65.58326 -0.52145 0.64894 0.55404 e
40.46854 53.84921 -0.04595 -0.70869 -0.70402 e
40.69512 42.28896 0.47039 -0.43770 -0.76626 e
40.82960 58.45344 -0.65178 -0.60708 0.45457 e
40.91475 83.00312 0.45865 0.33150 -0.82447 e
41.07916 74.66609 0.64398 0.69664 -0.31621 e
41.16011 81.75415 -0.51293 -0.67648 -0.52846 e
41.19741 58.78439 0.43850 0.52413 -0.73007 e
41.55956 48.59295 -0.39607 0.70390 -0.58962 e
41.57949 81.88968 -0.48929 0.76180 -0.42456 e
41.59985 63.70195 -0.97730 0.11551 0.17757 e
41.77150 47.18157 -0.17283 0.13318 -0.97591 e
41.97429 52.60914 -0.79260 0.15028 -0.59094 e
41.97723 76.94010 -0.15704 0.83865 -0.52155 e
42.24700 74.31111 -0.48118 -0.55695 -0.67696 e
42.76787 62.94668 -0.91376 0.39561 0.09240 e
42.90570 81.82664 -0.78576 -0.54237 -0.29734 e
42.96020 56.06432 -0.40471 -0.82617 0.39197 e
42.96072 24.83346 -0.27050 0.81883 0.50631 e
42.99395 35.13217 0.28980 0.25100 -0.92359 e
43.16012 77.40989 -0.64940 -0.41406 -0.63784 e
43.17253 57.50525 -0.62047 -0.70768 -0.33795 e
43.36163 44.16964 0.26335 -0.20817 -0.94197 e
43.39311 59.63870 0.95590 -0.05351 0.28877 e
43.57065 69.75026 -0.72303 0.67040 -0.16673 e
43.69469 41.63260 -0.36467 -0.73954 -0.56576 e
43.75495 30.51153 -0.21695 -0.96559 0.14342 e
43.80457 68.12773 0.09022 -0.91026 -0.40408 e
43.82286 63.06100 -0.42124 0.03464 -0.90629 e
43.90989 45.45536 0.16182 -0.81423 -0.55754 e
43.91632 62.48607 0.57947 -0.59809 0.55363 e
43.91674 75.86682 0.42139 -0.21574 -0.88084 e
44.10611 41.29998 -0.20883 0.95574 -0.20726 e
44.12952 84.43340 -0.44125 0.56423 0.69781 e
44.15286 44.63223 -0.10508 -0.38115 -0.91852 e
44.31682 35.41508 0.57767 0.45822 -0.67552 e
44.35085 65.48256 0.05598 -0.87533 -0.48028 e
44.37786 59.65206 -0.72226 -0.44838 -0.52660 e
44.38035 82.63102 0.16015 0.19074 -0.96849 e
44.40582 63.98344 -0.05931 0.15394 -0.98630 e
44.58350 59.12413 -0.06374 -0.16490 -0.98425 e
44.87793 30.59641 -0.61705 0.25895 -0.74310 e
44.89192 48.73266 0.15515 -0.97598 -0.15293 e
44.91754 21.53019 0.34553 0.93784 -0.03260 e
45.26171 82.74232 -0.64565 -0.08734 -0.75862 e
45.41951 54.83575 0.11140 -0.99044 -0.08139 e
45.88600 47.98307 -0.00544 0.65243 0.75783 e
45.94878 66.42302 0.12035 -0.55944 -0.82009 e
45.99907 62.18662 -0.10391 0.59043 -0.80037 e
46.08715 29.71983 -0.81356 0.57581 -0.08108 e
46.12240 62.75155 -0.50481 -0.55496 -0.66120 e
46.26499 48.40053 0.72891 0.50466 -0.46261 e
46.33860 60.02782 -0.23503 0.16044 -0.95866 e
46.35464 72.17731 -0.95657 0.05231 -0.28676 e
46.69283 77.90838 0.01560 -0.60951 -0.79263 e
46.74303 56.30243 -0.84744 -0.41412 0.33218 e
46.76955 83.18874 0.69233 -0.62434 -0.36177 e
46.77672 76.13277 0.82036 0.26705 0.50567 e
46.78572 81.26522 0.92697 0.34608 0.14476 e
46.81971 62.31606 -0.12953 -0.60208 -0.78786 e
46.93119 26.99023 0.03071 -0.94390 -0.32879 e
47.40259 51.36579 -0.44362 -0.49306 0.74839 e
47.45158 69.65475 -0.69796 -0.34261 -0.62886 e
47.51298 40.58997 -0.92418 -0.24859 -0.28998 e
47.71057 72.97886 -0.63454 -0.57790 -0.51322 e
47.73056 33.56431 0.34394 0.93896 -0.00776 e
48.41662 32.48186 -0.54091 -0.13471 -0.83022 e
48.49437 50.41129 0.50861 -0.05853 -0.85900 e
48.60266 46.95050 -0.69729 -0.18502 -0.69250 e
48.63222 71.57767 0.67104 -0.07267 0.73785 e
48.69264 77.08503 -0.86673 0.27097 -0.41876 e
48.78968 48.49042 0.94398 0.03819 -0.32778 e
48.95180 70.50227 -0.69115 -0.43484 -0.57726 e
49.05087 39.28028 0.35557 0.45713 -0.81523 e
49.17682 83.87403 0.52989 0.78424 -0.32278 e
49.22837 51.26175 0.96357 0.17757 -0.20002 e
49.29013 70.08632 0.64883 0.68463 -0.33211 e
49.48245 74.31893 -0.39042 -0.40239 -0.82804 e
49.51608 83.03391 0.61222 0.64676 -0.45485 e
49.59167 83.55080 -0.77505 -0.46769 -0.42494 e
49.70261 48.41140 0.58509 -0.59790 0.54790 e
49.83415 49.71606 0.28037 -0.03129 -0.95938 e
49.83879 44.03164 -0.24634 0.95134 -0.18513 e
49.84639 60.12475 -0.32414 0.94597 -0.00859 e
50.23156 57.21854 0.32258 0.92283 0.21056 e
50.26148 75.11965 -0.49759 -0.86444 -0.07175 e
50.46520 79.69465 -0.31362 0.02927 -0.94910 e
50.90057 39.83178 -0.03615 -0.99901 0.02599 e
51.00545 73.37233 -0.74154 0.34231 -0.57702 e
51.23723 81.67939 0.74985 -0.36222 -0.55365 e
51.25794 80.83106 -0.22046 -0.49234 -0.84202 e
51.35917 61.41887 -0.11803 -0.98645 -0.11394 e
51.59409 70.11903 0.43669 -0.85070 0.29260 e
51.90319 42.93767 0.19568 -0.75721 -0.62317 e
52.22773 74.69930 0.23393 -0.97199 0.02271 e
52.38816 55.36173 -0.65833 -0.39609 -0.64009 e
52.70225 79.05164 -0.91198 -0.39761 0.10097 e
52.73588 45.11476 -0.47776 0.51673 0.71045 e
52.76430 83.88738 0.28732 0.91721 0.27600 e
52.79874 18.81220 0.26886 0.71039 -0.65044 e
52.84518 41.75794 -0.63074 0.12706 -0.76552 e
53.01469 71.33694 0.18282 0.65397 -0.73410 e
53.07368 27.35769 0.34023 -0.24374 -0.90820 e
53.13748 83.73585 -0.04995 -0.05955 -0.99698 e
53.18784 65.93889 0.07242 0.33262 -0.94028 e
53.22143 72.70119 -0.19658 -0.48019 -0.85485 e
53.34275 58.75487 0.55847 0.02264 -0.82922 e
53.39947 70.06257 0.02720 -0.86956 -0.49307 e
53.44876 69.02666 -0.55839 -0.79098 0.25009 e
53.63987 28.28931 0.72688 -0.50164 -0.46904 e
53.71535 52.87357 0.16704 -0.97777 0.12675 e
53.74084 71.69071 0.02669 0.80743 0.58936 e
53.98793 55.99622 -0.86159 -0.40855 -0.30125 e
54.10803 70.32607 -0.46030 -0.87793 -0.13179 e
54.34319 45.00882 -0.22430 0.93620 -0.27060 e
54.53448 71.39890 0.02867 -0.94835 -0.31592 e
54.69577 76.65672 -0.96652 -0.19719 0.16418 e
54.84713 70.79787 -0.93768 0.34744 0.00677 e
55.00069 58.16036 0.50108 -0.01304 -0.86530 e
55.01797 62.09219 -0.71047 0.31963 -0.62695 e
55.22456 59.96733 0.79236 -0.34079 -0.50599 e
55.26225 77.76418 -0.05551 0.88749 -0.45747 e
55.30345 75.59148 0.01194 0.94678 -0.32166 e
55.47543 69.33634 -0.28665 0.31163 -0.90593 e
55.53599 43.48704 0.28249 0.03964 -0.95845 e
55.56402 50.79700 0.57238 0.48696 -0.65973 e
55.64772 40.29418 -0.23761 -0.65141 0.72056 e
55.77328 49.86156 0.74558 0.13150 0.65332 e
55.86153 67.56869 -0.33984 -0.61810 -0.70884 e
56.11021 48.47784 0.77073 0.33782 -0.54023 e
56.27748 60.75055 0.43881 0.74938 -0.49585 e
56.87046 71.36644 -0.65950 0.75128 0.02521 e
56.88403 18.29412 -0.20501 -0.95418 0.21797 e
57.01345 64.35615 0.11730 -0.92334 0.36562 e
57.05924 22.08418 0.13839 0.60433 -0.78462 e
57.20352 78.16208 -0.29547 -0.10199 -0.94989 e
57.22802 22.78331 -0.54312 0.63861 0.54516 e
57.27460 78.04960 -0.58414 -0.60387 -0.54233 e
57.29981 20.09605 -0.67269 0.16987 -0.72016 e
57.49010 38.28790 0.16960 0.33685 -0.92616 e
57.55236 82.75662 -0.12317 -0.92091 0.36979 e
57.57974 53.18357 -0.71117 -0.44049 -0.54790 e
57.74858 61.97560 0.63975 -0.11313 -0.76021 e
57.75331 50.85718 0.88688 -0.14254 -0.43946 e
58.00222 24.53527 0.08213 0.14566 -0.98592 e
58.02651 61.48389 0.15786 0.98262 -0.09768 e
58.03960 65.69213 0.30861 0.83167 0.46160 e
58.11905 78.43577 0.58685 0.79600 -0.14832 e
58.19726 81.11803 0.49370 -0.86906 0.03141 e
58.25761 22.81086 -0.04463 0.10386 -0.99359 e
58.31012 43.45601 -0.27306 -0.04668 -0.96086 e
58.49067 48.56403 -0.70611 -0.53250 -0.46674 e
58.58708 51.04856 -0.71485 -0.29840 -0.63241 e
58.59471 72.53429 0.26233 0.35012 -0.89922 e
58.63951 36.69229 0.45718 0.85296 -0.25187 e
59.07969 33.39863 -0.92942 0.17304 -0.32593 e
59.17660 49.41564 -0.78177 0.45807 0.42309 e
59.33505 15.88648 -0.23394 0.88469 0.40322 e
59.46564 77.17257 0.53227 0.49392 -0.68756 e
59.47391 49.67079 -0.49479 -0.44513 -0.74635 e
59.54577 74.88358 0.96189 -0.23761 -0.13533 e
59.65495 68.79606 -0.90698 0.10713 -0.40733 e
59.83560 60.26713 -0.39140 -0.88579 0.24937 e
59.88149 47.98738 0.60189 -0.00198 -0.79858 e
59.88957 34.07328 0.44366 0.09200 -0.89146 e
59.93335 69.42106 -0.94351 -0.30138 -0.13770 e
60.05924 43.76063 0.93319 0.33760 -0.12323 e
60.24144 68.73556 -0.35882 -0.90014 -0.24696 e
60.25630 67.66361 -0.43317 -0.87868 -0.20071 e
60.48531 62.96242 0.77730 0.58858 -0.22222 e
60.95889 74.50492 -0.06811 -0.24799 -0.96636 e
61.01050 76.60261 0.98870 -0.08529 -0.12331 e
61.08940 46.96556 0.47285 0.71711 0.51203 e
61.22442 35.79847 0.07633 -0.95561 -0.28459 e
61.34457 47.46831 0.39324 -0.72805 -0.56152 e
61.55975 15.44155 0.37137 -0.32225 -0.87077 e
61.82847 62.20935 0.07619 -0.09366 -0.99268 e
61.83301 46.03325 -0.96237 -0.07388 -0.26150 e
61.83778 45.15904 0.35670 -0.26577 -0.89562 e
62.22101 71.92683 -0.95666 -0.16764 -0.23813 e
62.24580 74.24725 0.46544 0.75485 0.46214 e
62.48791 69.08267 0.17190 -0.72835 0.66330 e
62.49007 40.99644 0.36001 -0.56527 -0.74220 e
62.81382 45.57916 0.38628 -0.54708 -0.74262 e
63.23717 37.53332 -0.98937 -0.07972 0.12165 e
63.30916 65.08144 0.15442 0.53307 -0.83186 e
63.65329 23.61381 -0.77475 0.59374 0.21736 e
64.34583 71.06579 0.04056 -0.92552 -0.37652 e
64.42357 41.74711 -0.62896 -0.65877 0.41283 e
64.47463 44.82365 -0.91469 0.28378 0.28776 e
64.50774 54.06788 0.36375 -0.02676 -0.93111 e
64.92144 22.00547 -0.35046 0.13071 -0.92741 e
65.44123 30.24027 0.05251 0.85698 -0.51266 e
65.51787 13.50350 -0.28687 0.84103 -0.45866 e
65.73883 46.75028 -0.24648 -0.56786 -0.78535 e
65.84914 54.26032 0.22526 -0.91673 -0.32995 e
65.93627 52.47998 0.58198 -0.50363 -0.63848 e
66.34409 80.04443 0.34372 -0.00370 -0.93906 e
66.41739 54.06245 -0.48878 -0.81538 -0.31024 e
66.85971 62.21391 -0.93149 -0.30809 -0.19340 e
66.90962 34.07839 -0.67718 0.61184 -0.40876 e
66.98708 62.65763 -0.16334 0.21315 -0.96327 e
67.29476 57.73297 0.77108 0.02160 -0.63637 e
67.52791 43.52091 0.98921 0.05385 0.13628 e
67.76056 47.05177 -0.76116 -0.61719 -0.19926 e
68.23028 80.78179 -0.28095 -0.36668 -0.88691 e
68.31985 71.04953 -0.59542 -0.54432 -0.59093 e
68.49548 72.53171 -0.14293 -0.65173 -0.74486 e
68.50472 45.79321 -0.86620 0.23937 -0.43864 e
68.55513 28.12791 -0.22863 -0.57730 0.78387 e
68.68705 33.45586 0.97818 0.20729 0.01381 e
69.06439 35.34233 0.48011 0.83379 -0.27257 e
69.07179 33.50454 0.79552 0.30581 -0.52310 e
69.14882 42.48221 0.12481 -0.91034 0.39460 e
69.50520 51.65591 0.09632 -0.91938 0.38139 e
69.53442 39.91029 0.34133 0.90904 -0.23902 e
69.84427 32.48465 0.19223 -0.89747 0.39698 e
69.93901 43.93595 -0.06753 -0.96918 0.23691 e
69.95746 63.15263 -0.61692 0.58751 -0.52368 e
70.01915 56.50493 -0.18084 0.56159 -0.80741 e
70.03024 65.12136 0.98863 -0.07472 -0.13046 e
70.11423 38.09421 0.75441 0.24383 0.60944 e
70.34532 53.00973 0.70723 0.62696 -0.32672 e
70.56712 45.86992 0.77751 -0.62885 -0.00560 e
70.79647 54.21530 0.19943 -0.64660 -0.73630 e
70.92410 73.30473 0.09256 0.86330 0.49613 e
71.20932 59.50327 -0.85666 0.38688 -0.34126 e
71.30656 51.21920 0.13947 0.20179 -0.96945 e
71.33013 64.60317 0.84309 0.52047 0.13535 e
71.91488 65.43332 0.09569 0.08763 -0.99155 e
72.04324 64.98813 -0.51141 -0.84483 -0.15725 e
72.12789 76.44620 0.56098 0.17458 -0.80921 e
72.32621 68.91118 -0.36081 -0.64015 -0.67825 e
72.52293 73.06412 -0.73811 -0.37723 0.55937 e
72.53303 68.79524 0.31562 0.41567 -0.85300 e
72.60403 55.00659 -0.01598 0.54136 -0.84064 e
72.69527 17.92664 0.53378 -0.83975 -0.09949 e
73.46285 29.81260 0.77160 0.17939 0.61028 e
73.47893 42.24090 0.53418 -0.25995 -0.80441 e
73.57082 73.10499 0.87219 -0.20846 -0.44252 e
73.72538 24.62603 0.07329 -0.46177 -0.88397 e
74.11989 44.96198 0.03370 -0.09874 -0.99454 e
74.15728 40.82448 0.93857 0.14677 -0.31231 e
74.42555 49.36563 -0.63203 0.38680 0.67151 e
74.55564 26.16353 -0.73851 -0.62015 -0.26459 e
74.67188 41.00635 -0.45011 -0.77475 -0.44403 e
74.75180 81.92325 -0.25252 -0.96617 -0.05241 e
75.04867 74.66993 0.18036 -0.94679 0.26657 e
75.06817 47.46949 -0.67426 0.65372 -0.34355 e
75.95772 15.57281 -0.57395 -0.61579 -0.53980 e
76.14128 18.82369 0.54122 0.02309 0.84057 e
76.17737 39.29749 0.52910 -0.44328 0.72357 e
76.27717 71.78645 -0.47221 0.81798 -0.32853 e
76.34252 63.18071 0.85110 -0.34093 -0.39924 e
76.77408 40.78637 0.37199 -0.77076 -0.51725 e
76.92076 41.80191 -0.11260 0.25139 -0.96132 e
77.25716 79.88455 0.37561 -0.92615 -0.03419 e
77.57764 51.26860 -0.80000 -0.59327 -0.08964 e
78.07889 68.60582 0.30614 -0.02655 -0.95161 e
78.61005 32.95833 -0.52196 -0.29047 -0.80199 e
78.72212 76.91621 0.74858 -0.43418 -0.50112 e
78.72886 51.86956 0.43952 0.71373 -0.54535 e
79.26994 60.19459 -0.37712 0.31120 -0.87231 e
79.35991 43.44452 -0.01595 -0.90148 -0.43252 e
79.37997 33.14099 0.19080 -0.95942 0.20763 e
79.47982 37.03978 -0.55399 0.56266 0.61360 e
79.83491 79.16496 -0.50118 0.39120 -0.77187 e
79.97450 68.43311 -0.89875 0.38310 0.21325 e
80.16824 47.87674 0.04704 -0.85386 -0.51837 e
80.80478 42.47088 -0.50188 -0.45856 0.73338 e
81.33811 69.95341 -0.82423 -0.22947 -0.51768 e
81.65481 25.88135 0.13126 -0.47051 0.87258 e
81.90067 41.69311 -0.72466 -0.12818 0.67708 e
82.00726 79.17020 0.29110 0.92210 -0.25493 e
82.02768 59.52182 0.08413 -0.94336 -0.32093 e
82.35670 72.88793 -0.13728 0.66454 -0.73454 e
82.57753 26.15672 0.56788 -0.29426 -0.76871 e
82.59014 58.70298 0.39745 -0.90261 0.16533 e
83.17613 52.52368 -0.78964 0.20813 -0.57719 e
83.22136 73.53167 -0.21786 -0.33097 -0.91815 e
83.29215 15.49155 -0.75641 0.40639 -0.51253 e
83.35158 33.55084 0.74971 0.27105 0.60372 e
83.37407 49.47147 -0.35208 -0.64306 -0.68009 e
83.41631 64.84109 0.28283 0.95915 -0.00536 e
83.43345 69.07761 0.13297 0.68884 -0.71261 e
83.74563 71.32285 -0.02583 0.53625 -0.84367 e
83.94282 78.59737 0.98481 0.12045 0.12507 e
84.01487 57.67034 0.29066 -0.58213 -0.75937 e
84.40722 10.66183 0.81522 0.54389 0.19902 e
84.63910 83.88469 0.65700 0.61917 -0.43009 e
84.65414 39.60163 0.00690 0.98284 -0.18431 e
85.02849 51.72932 -0.93717 -0.27164 -0.21891 e
85.37095 80.29312 -0.36807 -0.77276 -0.51707 e
85.58484 30.35729 0.77729 0.58670 0.22716 e
85.89878 46.67675 -0.51096 0.84321 -0.16711 e
86.09348 43.17153 -0.45937 0.80644 -0.37234 e
86.17417 82.63047 -0.95312 -0.21057 -0.21730 e
86.26460 55.82251 0.35991 -0.41761 -0.83430 e
86.64225 20.87413 0.09250 -0.96279 -0.25392 e
86.64810 78.35861 0.99944 -0.01457 -0.03013 e
86.64928 43.25307 -0.30921 0.66253 -0.68223 e
86.83283 66.22216 0.06664 -0.76242 -0.64364 e
87.21601 31.20239 -0.63005 -0.63352 0.44910 e
87.54478 57.69158 0.77568 0.63012 -0.03571 e
87.64657 27.56775 0.90413 -0.38898 0.17676 e
87.68198 81.53854 -0.40098 -0.63946 -0.65598 e
87.74524 53.09470 -0.81728 0.12719 0.56203 e
87.94780 64.56323 0.53433 -0.83876 -0.10478 e
88.29353 51.79800 -0.62318 -0.52371 -0.58084 e
88.41791 28.74947 0.75357 0.47094 0.45864 e
89.18831 61.83161 0.43293 -0.79462 -0.42563 e
89.20006 72.90571 -0.00906 0.33036 -0.94381 e
89.29134 43.22179 -0.52478 -0.63019 -0.57225 e
89.63147 47.99542 -0.91108 -0.33749 -0.23673 e
90.03299 59.88227 0.28696 -0.27415 -0.91788 e
91.54426 53.81793 0.62056 -0.33179 -0.71051 e
91.91706 77.83008 -0.47478 0.46248 -0.74879 e
92.60286 51.19982 -0.67295 0.73113 0.11219 e
92.61253 25.26705 -0.87968 -0.41478 0.23265 e
92.67159 71.61260 -0.81135 -0.21390 -0.54402 e
92.99427 44.30226 0.09115 0.98720 -0.13088 e
93.01995 68.68581 -0.09589 -0.99131 -0.09010 e
93.68342 63.76337 0.08477 -0.20106 -0.97590 e
93.75589 48.15721 0.37274 0.92793 -0.00271 e
93.90844 72.29233 0.77812 0.12268 0.61602 e
94.25062 28.11040 0.37260 -0.31106 -0.87430 e
94.34103 68.05549 -0.58316 0.36481 -0.72583 e
94.37353 18.37260 0.22989 -0.15463 0.96085 e
94.37850 37.58111 0.26305 -0.91218 0.31422 e
94.42066 41.29124 0.75745 0.29651 -0.58168 e
94.57227 84.15765 -0.75890 0.23717 0.60647 e
94.72673 66.10643 -0.35352 -0.31372 -0.88125 e
94.90459 54.47989 -0.26534 -0.92853 -0.25967 e
95.22923 50.63947 0.24709 -0.17718 -0.95266 e
95.26291 27.91677 -0.53089 0.69972 -0.47807 e
95.46960 69.17182 -0.68252 0.68880 -0.24437 e
95.57117 46.59241 0.35143 -0.12389 -0.92798 e
95.80153 34.40814 -0.42454 -0.13146 -0.89581 e
95.92992 74.28624 0.03010 0.64438 -0.76411 e
96.04292 33.82826 -0.30654 -0.14297 0.94106 e
96.15115 76.26143 -0.25566 -0.04773 -0.96559 e
96.16987 44.89604 0.76487 -0.25694 -0.59073 e
96.43810 35.12618 -0.38299 -0.10653 -0.91759 e
96.46632 81.03335 0.78762 -0.59045 0.17612 e
96.58799 57.81003 -0.90919 -0.24531 -0.33644 e
96.67715 55.04026 0.21210 0.86523 0.45430 e
96.75503 27.89509 0.33546 0.29553 0.89450 e
96.77568 56.80717 0.73094 0.48048 0.48463 e
97.05220 22.04151 0.36713 -0.48433 0.79413 e
97.33181 45.81613 -0.66271 -0.25201 0.70520 e
97.59117 41.11791 -0.66965 0.71013 -0.21743 e
98.26595 65.32986 -0.31353 -0.46398 -0.82851 e
98.26661 53.48413 -0.63904 -0.41075 0.65031 e
99.00379 44.00236 -0.11597 -0.62786 -0.76964 e
99.03604 76.52823 0.65061 -0.70268 0.28802 e
99.19229 59.12134 -0.69672 0.44028 0.56634 e
99.19257 77.18189 0.27270 0.72924 -0.62757 e
99.25875 63.76622 -0.58250 -0.24297 -0.77567 e
99.36300 67.12692 -0.84738 0.48892 0.20712 e
99.36476 79.77132 0.99808 0.03667 0.04995 e
99.64097 76.40773 -0.85448 -0.51283 0.08291 e
99.74476 71.74709 0.14973 -0.68832 -0.70979 e
99.99031 84.35279 0.38915 -0.75203 -0.53199 e
100.03723 67.65180 -0.46229 0.03986 -0.88583 e
100.45822 46.18759 -0.92281 -0.37642 -0.08201 e
100.64513 15.50313 0.35790 0.81928 -0.44797 e
101.14147 59.75366 0.83467 -0.01691 -0.55049 e
101.29156 52.16901 -0.97470 0.15610 0.16000 e
101.34151 31.99539 0.81182 -0.01719 -0.58366 e
101.39953 46.59903 -0.32093 0.49182 -0.80939 e
101.71571 56.80268 -0.90833 -0.32908 -0.25815 e
101.85459 26.43136 0.81819 -0.51095 -0.26360 e
102.06406 42.32258 0.72868 -0.63382 0.25941 e
102.23918 53.95550 0.10522 0.96409 -0.24384 e
102.33574 43.09376 -0.14516 0.95217 0.26888 e
103.52446 54.06115 -0.16047 -0.77656 -0.60926 e
106.15182 60.85424 0.75089 -0.55239 -0.36198 e
106.15787 37.95862 0.70723 0.12867 -0.69517 e
106.45827 37.83662 -0.16100 0.01580 -0.98683 e
106.50013 35.47155 0.62007 -0.76526 -0.17288 e
106.72193 63.33043 -0.59784 -0.38700 -0.70201 e
107.05286 64.40059 -0.06554 -0.32244 -0.94432 e
107.24658 19.21586 0.70335 0.05618 -0.70862 e
107.34844 45.22118 0.76458 -0.63585 0.10541 e
107.99582 75.04813 -0.83958 0.33870 -0.42472 e
108.28427 25.72786 -0.90664 0.38466 0.17335 e
108.69875 54.39840 0.18279 0.89003 -0.41765 e
108.72423 41.26115 0.06202 0.92536 -0.37399 e
108.73989 35.51798 -0.67217 0.59839 -0.43603 e
108.82953 16.53968 0.28976 -0.93663 0.19690 e
108.84163 19.38572 0.86673 -0.30059 0.39802 e
109.17494 71.15641 0.72780 -0.49704 -0.47250 e
109.46548 28.61156 0.69238 0.15918 -0.70375 e
109.62389 63.28841 -0.69631 -0.71743 -0.02112 e
109.99644 49.98026 0.92803 0.29457 0.22800 e
110.00210 41.88147 0.71326 0.05974 -0.69835 e
110.45861 49.60975 -0.78479 0.61873 -0.03592 e
110.70821 35.15380 0.01242 -0.60142 0.79884 e
110.73103 82.76143 0.22018 0.14298 -0.96492 e
110.84045 56.47895 0.22081 -0.55947 -0.79890 e
111.16024 72.41868 0.68255 0.32866 0.65277 e
111.17967 42.89057 -0.23543 -0.41392 -0.87934 e
111.31238 43.23331 -0.84077 -0.14264 -0.52227 e
111.99202 59.75210 -0.08318 -0.69311 -0.71601 e
111.99963 66.46617 -0.07555 -0.87407 -0.47990 e
112.22206 55.33333 -0.50148 0.79040 -0.35184 e
112.41403 36.25327 -0.71521 -0.37991 -0.58664 e
112.48986 74.99742 -0.40310 0.43500 0.80516 e
112.94873 29.04951 0.77647 0.19336 -0.59975 e
113.32735 48.06224 -0.73078 0.52066 -0.44145 e
113.47834 37.26695 -0.23567 -0.83640 -0.49487 e
113.71225 31.13329 0.68809 0.68555 -0.23782 e
113.77024 22.46721 0.91735 0.09888 -0.38560 e
113.93098 47.86956 -0.28302 0.77393 -0.56650 e
114.09078 13.39716 0.51050 -0.59527 0.62051 e
115.31468 39.56652 -0.89375 -0.44838 -0.01303 e
115.31516 59.99595 0.09337 -0.97445 0.20425 e
115.33183 29.03691 0.45014 0.13962 -0.88197 e
115.44626 51.31619 -0.41558 -0.67622 0.60829 e
115.75876 40.93295 0.59339 0.43009 -0.68038 e
116.75058 22.16648 -0.47243 0.87475 0.10779 e
116.81909 58.67550 0.92019 0.22282 -0.32186 e
117.35005 45.25782 -0.07502 0.04560 -0.99614 e
117.37389 72.98798 -0.46691 0.20442 -0.86035 e
117.59673 60.62411 -0.10847 0.93837 -0.32818 e
117.81655 40.78162 -0.38984 -0.06798 -0.91837 e
118.17011 69.30150 -0.51998 0.47480 -0.71006 e
118.42605 62.51296 -0.87199 0.25953 0.41506 e
118.48862 57.61113 0.56895 -0.64910 -0.50494 e
118.70442 20.47775 0.52876 0.16278 -0.83302 e
118.88022 35.63810 -0.93288 -0.22074 0.28463 e
120.39472 30.97992 -0.02164 -0.13368 -0.99079 e
120.41835 40.53747 -0.57407 0.43965 0.69076 e
120.58838 41.96506 0.24059 -0.80016 0.54942 e
120.82089 24.95484 -0.62684 0.06591 -0.77636 e
120.96140 49.42929 -0.22910 0.56093 -0.79553 e
120.96381 59.81645 -0.07518 -0.79239 -0.60536 e
121.01944 30.77432 0.37190 -0.00620 -0.92825 e
121.36477 64.81215 -0.64888 0.02997 -0.76030 e
121.82979 45.38404 0.56734 0.64200 -0.51571 e
122.05961 35.39581 -0.06892 -0.99234 -0.10256 e
122.14909 60.31416 -0.69836 0.64136 -0.31773 e
122.23102 30.69362 -0.22060 -0.79164 -0.56978 e
122.34610 39.82968 -0.03178 0.11102 -0.99331 e
122.99780 40.03763 -0.61234 0.17167 -0.77173 e
123.41097 63.67514 0.92413 -0.38049 0.03488 e
123.41874 47.58529 0.36040 0.35052 -0.86443 e
123.46938 34.00972 -0.60465 0.32581 -0.72681 e
123.47263 15.86188 0.60435 -0.31682 -0.73101 e
123.79751 70.10758 0.39748 0.81706 0.41764 e
123.81957 29.44303 0.55545 0.52101 -0.64810 e
124.03351 29.35686 0.20853 -0.06583 0.97580 e
124.05631 48.88353 0.29270 0.83180 -0.47163 e
124.40035 71.44336 0.22487 0.41707 -0.88062 e
125.18542 53.45463 -0.23075 0.96966 0.08065 e
125.58997 38.94541 -0.33112 0.93028 0.15793 e
125.92616 63.75468 -0.21506 -0.71613 -0.66400 e
126.06517 16.93762 -0.63582 0.37519 0.67451 e
126.16523 28.42516 -0.91074 -0.02919 -0.41195 e
126.33712 51.05328 0.75368 -0.60824 0.24902 e
126.62406 31.95677 0.86718 -0.09351 -0.48914 e
126.67655 27.27742 -0.05914 0.34426 0.93701 e
127.12450 59.63719 0.35818 0.10305 -0.92795 e
127.37064 43.88124 0.26936 0.48839 -0.83001 e
127.61595 60.29765 0.99875 0.04976 -0.00397 e
127.96279 21.50688 -0.02821 -0.98254 -0.18391 e
129.33443 56.45788 0.22468 -0.36098 -0.90510 e
129.48915 41.99172 0.39775 0.80601 -0.43834 e
129.50238 57.34067 0.56993 -0.76857 0.29065 e
130.02688 59.70540 0.29618 0.87874 -0.37430 e
130.13904 39.68926 -0.19026 0.32744 0.92552 e
130.37764 28.80112 -0.86443 -0.15560 -0.47807 e
130.82451 46.85349 0.54852 -0.79079 0.27163 e
130.91336 31.58324 0.56477 0.82162 0.07730 e
131.03263 78.74995 -0.80047 -0.49749 -0.33429 e
131.08989 68.60207 -0.12097 0.64024 -0.75859 e
131.17879 36.76749 -0.22398 -0.00116 -0.97459 e
131.50868 48.32786 -0.15953 -0.92280 0.35071 e
131.51296 59.51170 -0.92892 0.04952 0.36695 e
131.54654 37.17100 -0.63044 -0.62421 -0.46142 e
131.60701 55.86203 0.09801 -0.79316 -0.60108 e
131.64161 46.44945 0.68476 0.60495 -0.40637 e
131.72319 53.99604 -0.79140 -0.44884 -0.41501 e
131.84796 73.53553 -0.63252 0.71037 -0.30869 e
131.96385 40.72842 -0.30471 0.82871 -0.46946 e
132.02332 54.91727 -0.19783 -0.82987 -0.52170 e
132.65868 28.87152 0.62833 -0.06935 0.77485 e
132.67080 60.60394 0.55740 0.71245 -0.42629 e
132.83839 19.75222 -0.37732 0.02084 -0.92585 e
133.44886 41.05034 0.51304 -0.08159 -0.85448 e
133.87778 41.60085 0.91954 -0.36307 -0.15043 e
134.24360 41.28216 0.57084 -0.22397 -0.78993 e
134.34644 8.46765 0.42914 0.90258 0.03464 e
134.85399 35.84141 -0.14730 0.49792 -0.85462 e
135.14111 63.15675 0.15916 -0.66167 -0.73271 e
135.77300 34.42089 0.43390 0.39793 0.80832 e
135.96043 25.07667 -0.99725 0.07347 0.00971 e
135.96220 50.42072 -0.39054 -0.92051 -0.01197 e
136.96589 61.00448 0.10598 -0.96716 0.23102 e
137.05620 36.58447 0.97606 -0.05068 -0.21152 e
137.13509 55.15054 -0.91617 -0.34752 0.19964 e
137.30317 50.88859 -0.62283 0.74625 -0.23494 e
137.76433 41.63501 0.59010 0.63849 -0.49407 e
138.01253 25.11765 0.84153 -0.46631 0.27273 e
138.21878 51.60955 0.39696 -0.44242 0.80417 e
138.32847 36.32082 -0.15796 -0.32127 -0.93372 e
138.54369 50.60501 0.34421 -0.76750 -0.54080 e
138.61861 55.04414 -0.55478 -0.81884 0.14739 e
139.04898 24.14701 -0.48360 0.09767 -0.86983 e
139.40654 63.35580 -0.41525 0.49124 -0.76567 e
139.65301 38.75687 0.59843 0.00515 -0.80116 e
139.67264 25.98777 -0.72120 -0.64398 0.25526 e
139.76208 54.00801 -0.14457 0.73549 -0.66194 e
139.84109 29.51967 0.70683 -0.45123 -0.54477 e
140.16562 55.07082 0.38460 -0.03768 0.92231 e
140.20045 36.91699 0.40075 0.36753 -0.83924 e
140.54159 50.15358 -0.06467 0.42415 -0.90328 e
140.56785 56.07580 -0.45583 -0.64031 -0.61824 e
140.67514 70.22444 0.25970 0.51909 -0.81431 e
140.69099 54.39447 0.60339 -0.79305 0.08360 e
140.83512 71.17868 0.25130 0.05426 -0.96639 e
141.20545 50.11326 0.58539 -0.67417 -0.45036 e
141.25421 54.66442 0.04881 -0.57192 -0.81885 e
141.58566 73.02558 0.41418 0.74338 -0.52521 e
141.75993 44.11374 0.12497 0.84080 -0.52673 e
143.09346 35.08881 0.41471 -0.74774 -0.51855 e
143.11735 47.07854 0.90887 0.35394 -0.22065 e
143.12808 54.05890 0.74329 0.11244 -0.65945 e
143.92202 38.27654 0.69663 0.71647 0.03708 e
144.35219 51.13982 -0.28075 -0.63646 -0.71840 e
144.52808 38.37316 0.99235 0.10312 0.06793 e
144.72028 55.32684 0.23311 0.77232 -0.59091 e
145.33959 43.94943 -0.39593 -0.16690 -0.90298 e
145.43379 54.15668 -0.85047 0.27009 -0.45140 e
145.49926 42.81508 -0.62328 0.73311 0.27217 e
145.53198 61.20242 -0.46325 0.87326 -0.15103 e
145.56081 61.26979 0.71626 0.32343 -0.61836 e
145.65011 18.96931 0.88544 0.45940 -0.07042 e
145.68446 24.73057 -0.18863 -0.88568 0.42425 e
145.90327 24.29655 -0.37373 0.73924 -0.56022 e
146.30523 55.93401 0.46746 0.74910 -0.46940 e
147.30267 19.10492 0.61165 0.79112 0.00298 e
148.55708 15.31474 0.87835 -0.13948 -0.45722 e
149.11062 63.91366 0.53898 0.29919 -0.78739 e
149.19847 61.35186 0.93153 0.35722 0.06812 e
150.26852 32.06706 -0.05427 -0.99828 0.02199 e
150.30002 45.29503 -0.16770 0.33514 -0.92712 e
150.78987 63.48552 0.67280 0.73896 -0.03567 e
151.27561 47.20728 0.40367 0.73191 0.54896 e
151.40136 46.31935 0.64852 -0.41160 -0.64031 e
151.81325 31.34050 0.84262 0.44098 -0.30908 e
151.95231 67.52267 0.93576 0.22835 0.26871 e
152.87359 16.14634 0.27226 -0.61125 -0.74313 e
153.00883 61.98022 -0.52905 -0.70735 -0.46880 e
153.05007 80.01665 -0.53455 -0.54654 -0.64463 e
153.13592 64.86868 -0.40993 0.90408 0.12085 e
153.14005 41.12954 -0.84123 0.42654 -0.33227 e
153.23690 54.74509 0.98739 0.13439 -0.08362 e
153.35557 31.81427 -0.43553 -0.56403 -0.70156 e
153.64933 51.37866 -0.63256 0.77211 -0.06097 e
153.78912 82.35613 -0.50975 -0.80195 0.31151 e
153.93046 53.53346 -0.42414 -0.85657 0.29392 e
154.13080 82.84689 0.83966 -0.53546 0.09085 e
154.96347 34.38613 0.67624 -0.64267 0.36011 e
155.44889 75.25739 -0.30627 -0.08990 -0.94769 e
155.69071 80.74292 -0.29356 -0.22945 -0.92799 e
156.03495 60.07395 0.64582 0.58140 -0.49487 e
156.06270 66.80163 0.82098 0.00607 0.57092 e
156.11628 54.78539 0.65208 0.56794 0.50223 e
156.11939 49.03083 0.84050 -0.16264 -0.51683 e
156.24606 45.77258 -0.49711 0.28624 0.81912 e
156.34525 58.62282 -0.42678 0.09580 -0.89927 e
156.39876 58.65152 -0.81987 -0.41941 -0.38975 e
156.43146 58.02398 -0.35369 -0.86408 -0.35814 e
156.66336 66.45741 0.03962 0.03837 -0.99848 e
156.89277 76.29173 -0.94520 0.01961 -0.32591 e
157.33070 40.80710 -0.32506 -0.73992 0.58894 e
157.49071 26.93096 0.03996 0.85220 -0.52169 e
158.01663 49.82357 -0.98016 -0.15239 0.12672 e
158.20303 63.15918 0.71907 -0.07339 -0.69105 e
158.25462 32.34804 -0.63257 0.77326 0.04389 e
158.43160 27.86541 -0.67250 -0.52850 -0.51810 e
158.55068 66.12199 0.66290 -0.58119 -0.47200 e
159.45435 52.39606 0.14122 0.19651 -0.97028 e
159.59105 29.47250 -0.37936 0.82293 -0.42293 e
159.59938 56.11288 0.84555 -0.51947 0.12323 e
159.86444 75.68858 0.03784 -0.98774 -0.15146 e
159.99690 65.95509 0.91189 -0.40844 -0.04051 e
160.25033 31.94793 -0.66686 -0.43501 0.60504 e
161.31281 40.48287 -0.22129 0.80488 0.55063 e
161.37596 41.35322 -0.78346 0.52278 -0.33599 e
161.83870 55.65203 -0.85884 0.06580 -0.50800 e
161.92517 31.84932 0.65428 -0.08671 -0.75126 e
161.98272 71.43814 -0.13220 -0.73555 -0.66445 e
162.03037 61.05452 0.72927 0.42191 -0.53866 e
163.49600 84.10049 0.51951 0.25816 -0.81453 e
163.61027 27.64644 0.26370 -0.92278 0.28097 e
164.59052 27.39410 0.55846 0.51180 -0.65283 e
165.53627 70.94727 -0.82271 -0.10971 -0.55778 e
165.64818 43.40407 -0.82767 0.56031 -0.03188 e
165.76165 32.72679 -0.08774 -0.42157 -0.90254 e
165.77774 26.68969 0.03201 0.99843 -0.04593 e
165.84415 31.12566 0.62628 0.56611 -0.53600 e
166.15143 73.17770 -0.47623 -0.17910 -0.86089 e
166.26191 44.83440 0.94549 -0.17461 0.27489 e
166.32033 73.83449 -0.71562 0.43807 -0.54404 e
166.49978 72.95400 0.31568 -0.94476 -0.08819 e
166.55169 21.59823 0.00160 -0.87241 0.48876 e
167.20176 73.79139 0.35588 0.93335 -0.04706 e
167.35583 71.87217 0.86889 -0.36915 0.32978 e
167.74209 29.58631 0.77996 0.60742 0.15069 e
167.80092 81.25753 0.05346 -0.33060 -0.94225 e
167.80284 53.38357 0.57689 -0.35836 -0.73401 e
168.13464 45.52375 -0.05658 -0.77407 -0.63056 e
168.16513 73.52229 0.83544 -0.50730 -0.21141 e
168.94298 50.23057 -0.94210 0.23344 -0.24072 e
169.94401 36.75958 -0.50375 -0.85309 0.13591 e
170.29972 51.77161 -0.48468 0.76408 0.42576 e
170.97997 48.12846 -0.62972 0.77678 0.00820 e
171.30135 71.62527 0.38156 -0.91693 -0.11685 e
171.38540 49.84889 0.34052 0.15901 -0.92670 e
172.06609 44.66960 0.41871 0.90079 -0.11516 e
172.94575 35.95141 -0.94730 0.12756 -0.29387 e
173.37229 49.51565 -0.21749 -0.05212 -0.97467 e
173.73969 39.96925 0.35796 0.72477 0.58871 e
174.55727 41.25645 0.51391 -0.22641 -0.82742 e
174.58767 50.81312 -0.57989 -0.63605 -0.50908 e
174.65872 19.52744 0.40237 0.06730 -0.91300 e
174.69898 37.05290 0.42552 -0.17574 -0.88772 e
175.03554 57.47115 0.47375 -0.82164 -0.31697 e
175.37273 45.29544 0.93233 0.08808 -0.35070 e
176.25364 82.22557 -0.54308 -0.75708 0.36317 e
176.47771 46.34732 -0.50533 -0.86036 0.06654 e
177.02318 31.68817 0.03151 0.38973 -0.92039 e
177.58174 18.02055 0.65796 0.25891 0.70715 e
177.63759 39.31800 0.68239 -0.24031 -0.69036 e
177.98378 53.70550 -0.62299 0.25816 -0.73840 e
178.15561 26.53357 -0.67524 0.60802 0.41757 e
178.97815 34.84170 0.15597 -0.91272 0.37764 e
179.02821 76.17214 0.42622 -0.84704 -0.31758 e
179.26433 46.74050 -0.73838 -0.47173 -0.48194 e
179.83511 53.80505 0.70282 -0.47811 0.52674 e
180.07628 28.14432 -0.28453 -0.95863 -0.00873 e
180.43144 80.81331 -0.89090 0.14464 0.43056 e
180.62962 55.16791 0.68456 0.49753 -0.53277 e
181.04923 75.61350 0.32561 -0.10354 -0.93982 e
181.10054 60.65884 -0.03156 -0.77149 0.63545 e
181.65922 63.08942 0.08060 0.81430 0.57483 e
182.08342 29.25045 -0.04908 -0.02087 -0.99858 e
182.20824 79.53512 0.21254 -0.69667 -0.68518 e
182.37087 55.74623 0.77199 -0.63315 -0.05618 e
182.69038 82.08741 -0.45465 0.80671 -0.37750 e
182.69098 47.62282 0.39880 0.91428 -0.07112 e
182.99849 69.02154 -0.99972 0.02359 0.00194 e
183.10918 19.19005 0.54730 -0.41505 -0.72677 e
183.29092 16.99543 -0.75000 0.21098 0.62688 e
184.93193 45.83731 0.34725 0.82628 0.44349 e
185.00836 62.84887 0.72620 -0.05468 -0.68530 e
185.75415 80.42119 0.66964 -0.38805 -0.63324 e
185.91798 30.71031 0.71466 0.01403 0.69933 e
186.29724 75.52462 0.01218 0.84134 -0.54036 e
186.52472 43.91909 0.97384 -0.22390 -0.03888 e
186.74067 73.34971 -0.82753 -0.43847 0.35064 e
186.83515 68.61219 0.28572 -0.90029 -0.32839 e
187.06715 39.64725 -0.98321 0.17883 0.03626 e
187.10951 29.22183 0.71205 0.32669 -0.62149 e
187.58343 57.57539 -0.99871 0.05000 0.00895 e
188.17871 59.98673 -0.47207 0.03292 -0.88095 e
188.44285 13.14100 -0.79064 0.55159 -0.26578 e
188.48683 61.40402 0.12109 0.96712 -0.22364 e
188.57192 64.72020 0.19902 -0.39489 -0.89691 e
188.86434 34.50487 0.27038 -0.73784 -0.61846 e
189.09767 31.74565 0.41086 -0.90936 -0.06524 e
189.54492 70.71193 0.60466 -0.32034 -0.72922 e
189.86844 67.16159 -0.15453 -0.92100 -0.35760 e
189.87864 63.17907 -0.14934 -0.67395 -0.72353 e
189.88018 73.22603 0.90455 0.42628 -0.00903 e
189.92270 59.15929 0.30498 0.92634 -0.22111 e
190.03668 29.78613 -0.35198 0.27154 -0.89575 e
190.07187 67.87343 -0.52284 -0.67353 -0.52249 e
190.30203 71.31353 0.66443 -0.65816 -0.35406 e
190.98428 28.90628 0.03809 -0.95712 0.28717 e
191.17280 49.74845 -0.50240 -0.17718 -0.84629 e
192.16932 81.06162 0.47211 -0.47398 -0.74328 e
192.19689 75.85904 -0.02256 -0.98974 -0.14108 e
192.41656 70.12189 0.00818 0.52824 -0.84906 e
192.74405 40.88267 0.54637 -0.10815 -0.83053 e
193.08285 82.38830 0.61651 0.16923 0.76894 e
193.53508 62.78643 -0.46301 0.88619 -0.01694 e
194.71689 58.59198 -0.73294 -0.22616 -0.64160 e
195.50240 65.68898 -0.80396 0.48061 -0.35022 e
195.52054 56.38871 -0.92039 -0.28871 0.26368 e
195.62816 53.33053 -0.12537 0.98712 -0.09939 e
197.28569 32.47826 0.66843 0.52722 -0.52464 e
197.62117 57.02878 -0.05494 0.99477 -0.08606 e
197.91917 69.59659 -0.51959 0.77824 -0.35267 e
198.02821 52.74129 0.23793 0.84498 0.47896 e
199.11834 52.69487 0.11112 0.94849 0.29669 e
199.45549 67.52756 0.56904 0.67318 -0.47225 e
200.13867 37.39300 -0.54190 0.81328 0.21193 e
200.95684 29.23150 0.32837 0.19201 -0.92483 e
201.09683 50.17179 -0.26373 -0.79543 -0.54565 e
201.12930 31.74630 -0.23139 -0.97174 0.04665 e
201.15729 77.63637 -0.55619 -0.75385 -0.34980 e
201.48861 42.50093 0.29197 0.48052 -0.82695 e
203.23338 47.55208 0.84750 -0.41696 0.32846 e
205.29390 46.74982 0.45435 0.84591 0.27928 e
205.61487 52.94616 0.33079 0.01453 -0.94359 e
206.30842 40.56154 0.97996 0.12198 0.15746 e
206.79609 23.20498 0.52696 0.84579 -0.08342 e
207.43399 40.24784 0.02279 -0.42882 -0.90310 e
208.27018 51.04137 0.47557 0.69182 -0.54334 e
208.34369 47.82545 -0.76845 -0.02280 -0.63951 e
208.91617 39.33459 0.24387 0.91821 -0.31212 e
208.98600 67.20911 -0.69077 -0.70826 0.14561 e
209.20682 30.94709 -0.54095 -0.45054 -0.71020 e
209.50914 31.41637 0.78396 0.48549 -0.38691 e
210.13242 23.85030 0.75793 -0.02968 -0.65166 e
210.71689 30.56340 0.84951 -0.43182 -0.30307 e
210.80883 79.09615 -0.33192 0.03243 0.94275 e
210.82646 77.76124 -0.94465 -0.23821 -0.22560 e
211.08743 44.16827 0.71991 0.51953 0.46023 e
211.70792 61.98622 -0.77030 0.53151 -0.35233 e
212.14920 37.70203 0.06236 -0.27723 -0.95878 e
213.00379 26.74303 0.56703 -0.49376 0.65930 e
216.02864 30.83934 -0.37199 0.77724 -0.50747 e
216.07146 42.63055 -0.46837 0.09673 -0.87822 e
216.12610 44.86957 -0.58858 0.79834 -0.12741 e
216.72211 39.38522 0.63247 -0.00572 -0.77456 e
218.08317 37.60797 0.55291 0.67782 -0.48462 e
218.16288 78.46949 -0.00749 -0.99886 -0.04716 e
219.32054 32.02937 0.09305 -0.36789 -0.92520 e
219.81231 62.04546 0.72195 0.39161 0.57046 e
219.98970 40.12043 -0.97409 0.19880 -0.10781 e
220.62227 47.05334 0.88209 -0.38135 -0.27657 e
222.04329 36.60107 -0.52256 0.36889 -0.76867 e
222.35544 26.92367 -0.33227 -0.52513 -0.78348 e
222.71732 47.34485 -0.40443 -0.89415 -0.19219 e
222.80247 30.37325 0.58608 0.81013 -0.01413 e
223.39233 49.19609 -0.81708 -0.05804 0.57359 e
223.42197 50.97097 0.49600 -0.56252 -0.66148 e
223.85232 22.89040 -0.29569 0.87074 -0.39291 e
223.96273 44.19635 -0.81702 0.49923 0.28853 e
224.52651 46.82010 -0.23399 -0.93434 0.26882 e
226.20275 26.30792 -0.54709 -0.24589 -0.80014 e
226.96033 41.48662 0.45652 0.71211 0.53337 e
227.42670 39.72305 -0.45981 -0.86862 -0.18460 e
228.02485 63.04853 0.40119 0.64611 -0.64930 e
228.05616 84.91745 0.83595 -0.49699 -0.23277 e
228.12270 43.12618 -0.12659 0.54562 -0.82842 e
229.33301 42.68320 0.95206 0.30590 0.00145 e
230.09291 35.36834 -0.16689 -0.85853 0.48485 e
230.67045 35.64823 -0.82045 -0.05821 -0.56875 e
230.99579 65.84830 0.93356 0.35608 -0.04078 e
231.09726 69.41052 -0.46766 0.87377 -0.13348 e
231.54246 59.30450 -0.95014 0.15693 -0.26947 e
231.60003 41.59887 -0.76144 -0.43700 -0.47879 e
231.77305 64.53797 -0.33028 0.68796 -0.64624 e
232.08790 48.62890 0.74851 -0.43340 -0.50189 e
232.16989 33.37348 0.89439 -0.19618 0.40197 e
232.27788 67.70391 -0.56191 -0.82704 -0.01604 e
232.29105 55.37225 -0.53928 -0.30076 -0.78659 e
232.52202 35.47500 -0.58068 0.71849 0.38287 e
233.25598 70.44011 -0.15094 -0.75293 -0.64056 e
234.21024 50.34441 0.35790 -0.73675 -0.57368 e
235.21272 57.32906 0.10770 0.19847 -0.97417 e
235.53644 75.08754 0.11171 -0.29236 -0.94976 e
235.89928 56.82154 0.04730 0.17128 -0.98409 e
235.95662 36.74818 0.96536 0.25995 0.02227 e
236.93431 46.41338 0.46985 0.57596 -0.66897 e
237.16653 45.10608 -0.85341 -0.46220 0.24097 e
237.27779 16.96150 0.82445 -0.12053 0.55295 e
237.35544 38.83269 0.72924 0.66996 0.13918 e
237.58422 36.96878 -0.02810 -0.68806 0.72511 e
237.84734 72.65967 0.62522 -0.10456 0.77341 e
239.23132 30.79383 0.09110 0.63669 -0.76572 e
239.46709 59.92674 -0.60933 -0.35490 -0.70906 e
239.58014 50.15914 0.73269 -0.64288 0.22331 e
239.59892 50.14556 -0.92627 0.26637 0.26660 e
240.26674 31.20268 -0.70803 -0.51607 -0.48204 e
240.30339 12.12378 0.34220 -0.49899 0.79619 e
240.52422 47.00109 -0.89415 0.02486 -0.44708 e
241.60651 72.87504 0.42094 -0.84981 0.31721 e
242.32582 68.66753 0.91375 0.40507 0.03136 e
242.55545 38.13963 0.60983 0.31294 0.72813 e
242.80923 83.70807 -0.08715 -0.31532 -0.94498 e
243.26222 23.76052 0.83998 -0.44737 -0.30708 e
243.89255 18.41170 -0.94930 -0.10638 -0.29582 e
244.03179 30.71038 0.99346 -0.11420 0.00129 e
244.51298 57.50208 -0.12038 0.74943 -0.65105 e
244.61462 22.15235 -0.39906 -0.55954 -0.72641 e
245.62641 60.53679 0.14274 0.24301 -0.95946 e
245.68627 43.20303 0.68882 0.25209 -0.67968 e
245.74811 60.77226 0.01688 -0.60654 -0.79487 e
246.04154 83.23848 -0.92200 -0.27700 0.27054 e
246.14429 40.78923 0.42687 -0.67851 0.59784 e
247.32946 61.11219 0.11428 0.37538 -0.91980 e
248.00293 39.46004 0.62237 0.51438 -0.58997 e
249.90259 49.73106 -0.15372 0.86348 0.48038 e
249.92004 48.88486 0.33495 0.58069 -0.74203 e
249.96551 24.70680 -0.95382 -0.23765 -0.18370 e
250.17271 46.07507 -0.63420 0.74985 -0.18845 e
250.27644 57.67661 0.56301 -0.68615 0.46067 e
250.31092 46.31379 -0.17651 -0.78661 0.59169 e
250.44540 41.56029 0.81200 0.04067 -0.58223 e
250.48104 54.95678 0.94203 0.27164 -0.19694 e
253.65910 71.73714 0.50324 0.82794 -0.24752 e
253.73500 58.95615 0.78906 0.60567 0.10272 e
253.85938 32.21890 -0.76130 0.58068 -0.28850 e
254.22192 28.57634 -0.37119 -0.51156 0.77494 e
254.55454 53.22564 -0.94543 -0.13644 -0.29589 e
255.18768 72.00044 -0.76749 0.04533 -0.63945 e
255.67779 54.37944 -0.22784 0.84112 -0.49051 e
256.90268 72.41962 0.44265 0.89466 0.06044 e
257.12206 50.30636 0.41396 -0.89357 -0.17369 e
258.58451 28.45121 0.20849 -0.90568 -0.36915 e
258.72739 76.01182 0.14057 0.19010 -0.97165 e
258.88292 50.04033 -0.34878 0.92880 -0.12520 e
258.95460 31.24952 0.89098 -0.45235 0.03910 e
260.19682 82.04503 -0.66823 -0.71999 -0.18729 e
260.20164 76.29507 0.51914 0.01012 -0.85463 e
260.23759 78.30535 0.19739 -0.78868 -0.58226 e
260.83901 29.06786 -0.71074 0.05789 0.70107 e
261.15151 49.25799 -0.34520 0.84758 0.40305 e
262.35295 28.99057 -0.78393 0.02142 -0.62048 e
262.67190 77.83467 -0.22650 0.26610 -0.93696 e
262.80458 67.78686 -0.05121 -0.63413 -0.77153 e
262.81420 53.05837 -0.95858 0.28186 0.04091 e
263.18355 34.47989 -0.37599 0.41821 0.82688 e
263.22240 31.98965 0.84705 -0.30563 -0.43486 e
263.90967 50.56474 0.11190 0.53874 0.83501 e
264.97796 14.64124 0.01176 -0.36416 -0.93126 e
264.99703 40.71861 0.27561 0.75150 -0.59941 e
265.03386 32.20695 -0.10203 0.41070 0.90604 e
265.05423 33.30830 -0.26943 -0.89787 0.34819 e
265.21548 24.14361 -0.33884 -0.60192 -0.72311 e
265.22400 38.95612 0.81212 0.34886 -0.46771 e
265.68210 29.06904 -0.29569 -0.87444 -0.38460 e
265.78894 55.99079 -0.71902 0.68882 0.09243 e
266.60936 54.87443 0.01673 0.99969 0.01841 e
268.59774 40.56591 -0.10088 -0.26576 -0.95875 e
268.98605 40.61082 -0.58462 -0.52311 -0.62014 e
270.81442 23.27892 0.55459 0.82686 0.09343 e
272.39077 26.24293 0.73993 0.66604 -0.09432 e
273.22009 53.73830 -0.77932 0.47256 -0.41151 e
273.87869 42.77185 -0.17434 0.97995 0.09646 e
274.10301 40.24010 -0.64341 0.46737 0.60630 e
274.69348 21.97746 0.77481 -0.36374 -0.51707 e
274.99246 61.44713 0.00428 0.36535 -0.93086 e
275.29722 73.24011 0.00391 -0.61334 -0.78981 e
275.32716 84.65361 0.80024 0.55341 -0.23098 e
276.06860 75.33848 -0.13998 0.04552 -0.98911 e
276.12669 42.58555 0.01950 0.98939 -0.14400 e
276.51526 21.12313 -0.42851 -0.51966 -0.73914 e
276.87063 42.91310 -0.26521 -0.81744 -0.51133 e
277.04730 57.15402 0.28903 0.95541 -0.06046 e
277.21354 42.60028 0.34126 0.78885 0.51114 e
277.67615 63.39549 -0.21658 0.94813 0.23270 e
277.89599 39.53546 -0.16914 0.49279 -0.85355 e
278.79340 40.67805 0.58157 0.14157 -0.80108 e
279.32026 71.76725 -0.49300 0.19364 -0.84821 e
279.59291 32.71331 0.13652 0.94891 -0.28449 e
279.73948 80.79708 0.90149 0.21187 -0.37739 e
279.79265 40.99745 -0.69562 0.28065 -0.66133 e
280.53347 61.11531 0.75654 0.36031 -0.54573 e
280.89325 82.67538 0.23345 0.95738 -0.17005 e
281.63757 41.12304 0.99687 0.04052 -0.06791 e
282.01429 71.80746 -0.95437 -0.08780 -0.28541 e
282.51935 28.43467 -0.45211 0.20964 -0.86698 e
283.25955 44.11676 -0.60960 -0.59796 -0.52041 e
283.43904 34.33768 0.11587 0.64257 -0.75742 e
283.50242 58.06230 0.76316 -0.51204 -0.39421 e
283.65871 61.97521 -0.42884 -0.75443 -0.49692 e
283.76901 50.04844 0.58963 -0.50027 -0.63409 e
284.09095 21.72323 0.56287 -0.80872 0.17073 e
284.45991 46.09131 0.50138 -0.45148 -0.73809 e
284.57343 30.71263 0.07941 0.99438 -0.07002 e
284.68816 47.12643 0.77089 -0.57430 0.27552 e
285.23290 80.67463 -0.12686 0.36807 -0.92110 e
286.01123 18.06582 -0.21328 -0.30672 -0.92760 e
286.05223 32.30121 0.35048 0.74992 -0.56105 e
286.09813 46.49564 0.00506 0.89833 -0.43929 e
287.17115 33.94126 0.05606 -0.99835 0.01262 e
287.38332 69.70427 -0.91656 0.05493 0.39611 e
287.85985 53.82240 -0.14163 -0.98983 -0.01362 e
287.98449 42.36442 -0.76873 0.63666 0.06093 e
288.22888 28.71697 -0.71074 -0.18725 -0.67808 e
288.74193 29.04687 0.61573 -0.68943 0.38152 e
289.54199 70.11362 0.45015 0.86077 -0.23758 e
290.88238 26.78759 -0.97384 -0.19525 -0.11627 e
291.72036 61.84141 -0.14772 0.31455 -0.93768 e
292.01069 63.59948 0.22761 0.79871 -0.55701 e
292.38918 47.18581 -0.10295 0.88055 0.46264 e
292.66486 83.39994 0.37829 0.77463 -0.50680 e
294.00763 55.03254 0.54118 -0.76262 -0.35430 e
294.26407 60.10317 0.25969 0.59498 -0.76063 e
294.31699 15.12285 -0.03663 -0.99050 0.13258 e
294.58895 81.14818 -0.21695 -0.64711 -0.73088 e
294.90000 39.61327 0.38194 -0.19625 -0.90311 e
294.92072 44.81235 0.84401 0.09087 -0.52857 e
296.03267 55.54763 -0.64520 0.03370 0.76327 e
297.29234 32.11459 0.31841 -0.58603 -0.74510 e
297.55225 35.60624 0.34440 0.58839 -0.73157 e
297.85325 44.50798 0.45180 0.50846 0.73303 e
298.60210 18.97653 0.33253 0.42279 -0.84301 e
301.63605 80.16509 0.20002 0.54290 -0.81563 e
301.74373 39.02619 -0.99324 -0.11588 -0.00618 e
302.30317 68.01914 -0.80932 0.58106 -0.08585 e
302.43955 70.13094 -0.38714 0.92119 0.03910 e
303.32520 17.88998 0.23859 -0.72980 -0.64068 e
303.43398 43.00542 0.39502 -0.05293 -0.91715 e
303.50079 31.15325 0.81494 -0.57841 0.03620 e
304.92600 44.35694 0.91941 -0.09687 -0.38118 e
305.46608 47.40895 0.34741 0.91023 -0.22536 e
305.62475 67.49511 -0.45935 -0.88688 -0.04935 e
305.91059 81.34735 -0.37793 -0.57563 -0.72514 e
307.53968 74.24816 0.05072 -0.25167 -0.96648 e
308.00078 75.29688 -0.32982 0.89547 -0.29893 e
308.56411 47.23897 -0.09487 -0.49050 0.86626 e
309.19386 30.68796 -0.76785 0.61905 0.16487 e
309.56235 43.98866 -0.92913 -0.13197 0.34540 e
310.57323 45.18883 -0.15867 -0.85481 -0.49409 e
310.62995 72.34033 -0.28630 -0.81001 -0.51178 e
311.36523 61.41140 -0.48871 -0.83071 -0.26660 e
311.45303 48.53303 -0.39290 -0.39619 -0.82986 e
311.92724 51.53584 0.80557 0.59186 -0.02753 e
312.07321 52.97682 -0.62687 -0.59865 -0.49864 e
312.47294 19.19844 0.83206 -0.27053 0.48423 e
312.65131 84.53096 0.58735 0.57293 -0.57164 e
312.88456 64.28294 0.15723 -0.97562 -0.15308 e
313.41301 67.43582 -0.84652 0.46599 -0.25740 e
314.25306 48.68747 -0.50019 0.45226 -0.73842 e
314.28498 35.22542 0.20156 0.97874 0.03789 e
314.76060 64.60892 0.86400 -0.18600 -0.46788 e
315.56092 77.18432 0.31794 0.06581 -0.94582 e
315.62825 75.46178 -0.81093 -0.29429 -0.50575 e
316.14847 39.66600 0.56598 -0.06686 -0.82170 e
316.24077 39.41899 0.34385 -0.01812 -0.93885 e
316.37105 45.89787 0.98875 0.11816 -0.09173 e
316.51579 53.23299 -0.13621 -0.56881 -0.81111 e
316.73046 22.04530 0.01604 -0.98355 -0.17991 e
317.55153 70.07358 0.09816 -0.43389 -0.89560 e
319.47506 29.77350 0.16964 0.93511 -0.31112 e
319.91679 53.82474 0.01871 0.99942 -0.02862 e
320.08450 74.38837 -0.48425 -0.82983 -0.27727 e
321.10723 78.73496 -0.85698 0.13627 -0.49701 e
321.63704 83.82437 0.94095 -0.09960 0.32356 e
321.94407 80.51027 -0.38793 -0.42462 -0.81805 e
322.30495 76.05610 -0.03517 -0.43189 -0.90124 e
322.71489 77.27035 -0.62630 0.69783 -0.34753 e
322.79636 64.59888 -0.21993 0.54119 -0.81163 e
323.96228 79.33344 -0.71522 0.69341 -0.08748 e
324.82928 81.82807 -0.41478 0.23933 -0.87788 e
325.17616 33.78030 0.56843 0.75859 -0.31850 e
325.29038 68.93209 -0.15921 0.19215 -0.96837 e
325.39940 58.62331 0.13649 -0.88397 0.44718 e
325.54928 33.81499 -0.81473 0.25924 0.51866 e
326.06588 64.25006 -0.45084 -0.88380 -0.12506 e
326.87556 79.93672 0.75143 0.63019 0.19547 e
327.60740 34.20301 -0.45144 0.19116 -0.87159 e
328.05427 43.57337 -0.36201 0.89670 0.25470 e
329.55531 50.80711 0.25891 0.71050 -0.65434 e
331.02263 35.27598 -0.02569 -0.71649 0.69712 e
331.30463 20.84952 0.93562 -0.20702 -0.28593 e
332.06045 42.72038 -0.26293 -0.96481 0.00344 e
332.76165 67.25722 -0.13073 0.85335 -0.50469 e
333.31263 22.95147 -0.16777 0.64898 -0.74208 e
333.41545 28.64745 0.40107 0.75089 -0.52470 e
333.69243 53.50619 0.76755 -0.62291 0.15116 e
333.91203 67.38783 0.02264 0.45280 -0.89132 e
334.48413 54.56812 0.24389 0.95319 0.17871 e
334.81662 64.64063 -0.32464 0.33231 -0.88554 e
334.87108 84.48825 0.83626 -0.39169 -0.38374 e
335.05273 29.07581 0.41399 -0.74127 0.52833 e
335.39468 42.89508 -0.25546 -0.95018 -0.17861 e
335.63357 74.74326 -0.36577 0.88104 -0.29997 e
335.84313 54.24082 -0.69921 0.54189 -0.46633 e
336.20994 48.63027 -0.43893 0.30340 -0.84575 e
336.36237 57.94960 0.62987 -0.70775 -0.31992 e
336.79691 50.26806 0.31726 0.47627 -0.82007 e
338.89195 36.18439 -0.97926 0.14354 -0.14299 e
339.10245 81.67797 -0.12609 -0.01240 -0.99194 e
339.49484 71.92347 0.10598 -0.57046 -0.81446 e
339.82877 76.83219 0.16633 0.11675 -0.97913 e
340.63356 84.72196 0.28826 0.85400 -0.43312 e
340.85577 78.79110 0.70859 -0.54306 -0.45055 e
341.04860 23.17278 -0.43515 -0.89715 0.07596 e
341.41735 25.49077 0.27385 0.61209 -0.74186 e
341.43519 33.61538 -0.75862 0.37508 -0.53275 e
342.55647 60.62706 -0.10421 0.35496 -0.92906 e
342.60522 82.49982 -0.01459 0.99332 -0.11447 e
342.68738 32.34232 -0.58225 0.75749 -0.29528 e
342.99605 42.62976 0.53631 -0.48827 -0.68845 e
343.10799 38.55291 0.17552 -0.14045 -0.97440 e
344.15399 37.34146 0.03148 0.49797 -0.86662 e
344.22122 64.54583 -0.62115 0.74833 -0.23274 e
344.64427 84.04945 -0.71156 0.35023 -0.60911 e
344.72003 58.40467 0.71666 -0.59638 -0.36158 e
344.84462 21.57592 0.30688 -0.56822 -0.76351 e
345.42581 24.08403 0.76417 -0.55585 0.32722 e
345.67271 43.29259 -0.79111 0.02801 0.61103 e
347.24656 33.88661 0.20339 0.29496 -0.93361 e
347.64717 21.59339 0.46379 -0.88371 -0.06286 e
347.71152 65.62053 0.37091 0.85619 0.35968 e
348.87805 51.01005 -0.79370 -0.33312 -0.50899 e
349.11733 28.77857 0.08069 0.47859 -0.87432 e
350.32943 35.40548 0.99803 -0.00651 0.06244 e
350.74941 12.47113 -0.24168 0.12163 -0.96270 e
351.39085 39.63172 0.01349 0.37784 -0.92577 e
351.64985 32.20460 -0.12625 0.96435 0.23257 e
352.37963 62.92078 -0.13722 0.65589 -0.74228 e
352.71042 14.70748 0.97947 -0.05776 -0.19313 e
353.47847 32.72073 0.52018 -0.54614 0.65662 e
355.01711 39.72423 -0.24752 0.96658 0.06684 e
355.25957 66.87444 0.75551 -0.16556 -0.63387 e
356.93553 81.34160 -0.11384 0.86474 0.48914 e
359.91953 78.08877 0.56378 -0.56928 -0.59840 e
360.68695 27.13719 0.82613 0.41557 0.38054 e
361.71543 34.35631 0.35556 -0.53248 -0.76814 e
362.07333 42.78384 -0.94847 -0.31671 0.01040 e
362.08172 78.92219 0.42774 -0.85569 -0.29126 e
363.19443 40.53527 -0.12541 -0.98912 0.07687 e
364.05732 70.75537 -0.63594 -0.51478 -0.57496 e
365.26914 13.76062 -0.84773 -0.20856 -0.48770 e
365.38041 64.46445 0.73992 0.67246 0.01756 e
365.81444 61.59083 0.39229 -0.22121 -0.89285 e
365.87770 31.64502 -0.66343 0.62363 0.41345 e
367.45828 47.16787 0.04830 0.70713 -0.70544 e
368.58520 32.61892 0.08364 -0.13587 -0.98719 e
370.15463 33.04539 0.51916 -0.00568 -0.85466 e
371.99247 52.39075 0.14908 -0.80956 0.56780 e
376.19268 56.24605 0.60898 0.66704 0.42919 e
378.00959 29.19328 0.61165 0.78978 0.04612 e
378.28047 78.36405 -0.15873 0.96655 0.20148 e
379.22594 51.09766 -0.73620 -0.15840 -0.65797 e
380.93129 39.18380 -0.44679 -0.02127 -0.89438 e
380.96502 23.25106 -0.12136 0.75662 -0.64249 e
381.38901 33.46676 -0.95801 -0.25245 -0.13596 e
383.34429 34.03512 -0.40445 0.61033 -0.68111 e
384.62070 30.01578 0.58790 0.57859 -0.56533 e
384.94811 52.15389 -0.30104 0.80142 0.51681 e
386.78040 79.76028 -0.48139 -0.77063 -0.41760 e
390.57700 13.10822 -0.73406 -0.16935 0.65763 e
391.26180 24.06767 0.78689 -0.53179 0.31307 e
392.67728 10.09700 0.09563 -0.50594 -0.85725 e
395.09030 37.52546 -0.65876 0.48652 0.57388 e
396.25601 22.96977 0.18022 -0.73883 0.64935 e
400.35984 40.94930 -0.03478 -0.96994 -0.24085 e
402.12445 15.79012 0.89213 0.34412 -0.29272 e
409.46262 57.00600 0.11270 -0.98538 0.12773 e
409.61486 67.74798 -0.42753 0.88950 -0.16128 e
410.32800 18.74146 0.13281 -0.90319 -0.40817 e
424.64261 75.10548 0.05298 -0.15053 -0.98718 e
462.85304 22.56116 -0.24377 0.72701 -0.64189 e
472.23685 36.64079 -0.84066 0.39445 -0.37108 e
489.39554 37.59341 0.92656 -0.05344 -0.37232 e
497.25249 34.85229 0.47212 -0.85558 0.21234 e
497.84319 25.74057 0.49799 -0.55450 0.66673 e
499.92061 28.23752 -0.90386 -0.31216 0.29256 e
527.19286 34.20605 0.29583 0.92837 -0.22496 e
529.76226 77.07427 -0.79050 0.15419 0.59273 e
538.60893 38.63911 -0.35777 0.49181 0.79380 e
545.45038 30.58700 -0.97672 -0.12673 0.17307 e
561.73074 31.94727 0.51142 0.18251 -0.83972 e
572.05457 17.91482 0.20001 0.54598 0.81357 e
572.06659 23.43848 -0.99982 0.00335 -0.01879 e
574.15164 17.06796 -0.30604 0.20206 0.93033 e
581.54611 14.91262 -0.69902 0.70227 -0.13487 e
589.43089 22.07461 -0.43083 0.64228 -0.63393 e
601.31921 15.64248 -0.53383 0.74264 -0.40437 e
617.00977 46.87875 0.40855 -0.47486 0.77948 e
620.47146 26.38164 0.63510 -0.04517 -0.77111 e
625.69629 34.28299 0.16242 0.11319 -0.98021 e
630.30398 22.16275 -0.51588 -0.48117 -0.70876 e
672.73212 13.81435 0.22871 -0.15900 -0.96042 e
675.35304 25.83313 -0.67079 0.25671 0.69581 e
716.94712 21.18867 -0.94880 0.26596 0.17042 e
735.73751 35.03020 0.88807 -0.18555 -0.42059 e
761.15968 31.85097 -0.56632 -0.82310 -0.04236 e
775.29143 23.77751 0.26903 -0.72619 -0.63267 e
786.66552 12.22676 -0.96779 0.08394 -0.23737 e
800.34909 41.85053 0.65477 0.35408 -0.66776 e
818.57662 25.09344 0.03145 0.83013 0.55668 e
853.49964 25.73219 0.79850 -0.02613 -0.60143 e
911.76633 37.19739 0.18939 -0.67292 0.71506 e
940.79372 10.03591 0.22692 -0.88436 -0.40795 e
960.29167 23.00362 0.19010 -0.10465 -0.97617 e
973.77270 31.44966 0.72181 0.66394 -0.19535 e
984.06406 16.35457 0.27581 -0.26774 -0.92317 e
1032.60507 15.20329 0.54764 0.27629 -0.78978 e
1036.97034 20.99466 -0.66783 0.33835 0.66296 e
1042.84370 35.25027 -0.74097 -0.48003 -0.46962 e
1045.24371 21.32170 0.96036 -0.06845 0.27024 e
1072.67598 36.58596 0.49228 -0.16761 0.85415 e
1179.36878 36.33269 0.38979 -0.31034 -0.86704 e
1271.00396 31.01465 0.72776 0.25268 -0.63759 e
1283.54767 36.01268 -0.24182 -0.14538 -0.95937 e
1425.75469 13.83004 0.65359 0.64433 -0.39707 e
1456.96864 31.65355 0.51850 0.73808 -0.43173 e
1489.00031 27.14662 0.72968 0.06183 -0.68099 e
1578.79439 19.19687 0.96652 0.12024 0.22666 e
1693.67002 12.05453 0.04011 -0.97177 0.23250 e
1753.22811 28.45824 -0.61859 -0.64942 -0.44227 e
1785.48569 31.94129 -0.22213 -0.23411 -0.94649 e
1871.64904 16.18383 0.17505 0.03861 -0.98380 e
2155.87129 18.13333 -0.04839 0.95529 -0.29168 e
3016.00097 32.31845 0.07331 0.32846 -0.94167 e
3300.50829 27.65174 -0.41214 -0.87659 0.24848 e
3637.27709 22.78387 0.47366 0.88033 0.02588 e
3843.51529 36.48375 0.38968 -0.07837 -0.91761 e
4067.98797 28.29826 0.47924 0.86789 -0.13072 e
4098.27227 28.09194 0.11885 -0.97891 0.16616 e
4666.88341 27.06655 -0.94609 0.05435 0.31931 e
4962.00210 33.51869 0.22851 0.73627 0.63694 e
6189.79029 28.91897 -0.68793 -0.19151 -0.70005 e
6201.00369 11.77070 0.63482 0.11848 0.76353 e
6442.91134 9.15428 0.50237 0.84769 -0.17044 e
7978.84748 20.57576 -0.91291 -0.04424 0.40576 e
8077.52008 21.65600 0.50070 -0.86057 0.09335 e
10352.77261 27.80184 0.82055 -0.50378 -0.27000 e
11880.84497 18.63438 0.39955 -0.17088 -0.90064 e
14129.04984 51.49348 -0.78037 -0.59299 -0.19843 e
