14.50151 3.47909 0.40740 0.21823 0.88680 e
16.10826 6.31825 0.20100 0.08645 0.97577 eb
17.20135 11.29726 0.09952 0.15864 0.98231 e
17.94590 1.84484 0.64014 0.02723 0.76777 eb
21.17613 15.38289 0.01543 0.00510 0.99987 e
21.19533 7.53972 -0.26410 0.10522 0.95874 e
21.86822 11.75847 -0.08290 0.12272 0.98897 e
22.47765 6.31735 0.09630 -0.31891 0.94288 e
25.17508 25.91606 -0.13982 -0.02095 0.98996 e
25.65348 3.92952 -0.41013 0.15752 0.89832 eb
25.78065 4.68076 0.20074 -0.31578 0.92735 e
26.21469 5.75358 0.13646 -0.33578 0.93200 eb
26.94432 31.34051 -0.10959 -0.04967 0.99273 e
26.99568 4.74551 -0.32923 0.23985 0.91328 eb
27.79589 3.17058 -0.36901 -0.20440 0.90667 eb
28.14053 2.36099 0.10172 -0.53173 0.84078 eb
28.42447 16.42424 -0.06734 0.07039 0.99524 e
28.48924 2.95518 0.50345 0.14107 0.85243 eb
28.66591 4.19501 0.19733 0.35435 0.91406 eb
29.09832 7.20430 -0.16725 0.17004 0.97114 e
30.05939 12.93896 0.12154 0.18697 0.97482 eb
31.33348 13.44221 -0.08034 -0.10397 0.99133 e
31.50011 15.64636 0.17311 0.05176 0.98354 xb
31.90722 1.53215 -0.30695 -0.46942 0.82791 e
33.26609 15.20487 0.05450 -0.05277 0.99712 e
33.34986 28.83836 0.08998 -0.02652 0.99559 e
34.30608 19.12693 0.13712 0.06175 0.98863 eb
36.45045 3.18869 -0.28305 0.36977 0.88496 e
36.89435 40.46973 0.09997 0.01145 0.99492 x
36.94189 5.53156 -0.26355 -0.29716 0.91773 e
36.96833 12.36082 0.23905 -0.02443 0.97070 e
38.00264 20.78028 0.10347 -0.06279 0.99265 e
38.11671 2.32450 -0.54481 0.17438 0.82023 eb
38.25964 1.58494 -0.09131 -0.67832 0.72908 eb
38.27659 11.58139 0.22278 0.06053 0.97299 x
39.31115 3.70046 -0.39479 0.13213 0.90922 x
39.40490 10.69955 0.16020 -0.18129 0.97029 x
40.10206 10.28187 -0.16905 -0.10798 0.97968 e
40.14812 6.67994 -0.30479 0.04422 0.95139 e
40.38322 11.73043 0.03826 -0.18635 0.98174 e
41.17126 16.71701 0.00812 0.10240 0.99471 e
41.88496 10.84460 0.10113 -0.21362 0.97167 e
41.92647 13.31928 -0.11841 0.18433 0.97571 e
42.97580 1.64956 0.18162 -0.61434 0.76786 e
43.48246 6.68732 -0.28192 0.12066 0.95182 eb
44.57383 2.01443 -0.48926 0.25813 0.83306 eb
44.87120 8.79028 -0.10707 0.04612 0.99318 e
45.04399 2.45821 -0.40482 -0.31973 0.85668 eb
45.54581 63.72201 -0.00459 -0.06929 0.99759 e
45.64104 55.43817 0.03089 0.03423 0.99894 e
46.60784 7.15414 0.27704 0.17309 0.94514 e
47.10031 16.83062 -0.14096 -0.01095 0.98995 e
47.95302 2.98620 -0.42529 0.28644 0.85854 eb
48.01288 56.55535 -0.03759 0.03973 0.99850 e
48.12690 6.94324 -0.05908 0.29324 0.95421 e
48.55359 5.16631 0.09371 -0.27037 0.95819 e
49.38511 2.09302 -0.34599 -0.49515 0.79694 eb
49.69706 28.27255 0.09544 0.00106 0.99543 e
51.87920 1.21320 -0.11003 -0.74710 0.65554 e
52.20022 0.99875 0.76983 -0.25696 0.58423 eb
52.60437 8.16876 -0.08284 0.02555 0.99624 e
52.93162 1.00764 -0.49218 0.65046 0.57850 x
53.03710 1.14479 -0.76977 0.02539 0.63781 eb
53.18934 28.55620 0.06649 -0.03656 0.99712 e
53.46721 7.02060 -0.27651 -0.14760 0.94961 e
53.52455 20.42920 -0.01815 -0.04787 0.99869 e
53.69496 14.83165 -0.13986 0.05084 0.98886 e
53.93078 3.61204 -0.00705 -0.44942 0.89329 x
54.11113 8.04407 0.21665 -0.19507 0.95656 x
54.88021 23.20008 0.02692 0.13288 0.99077 e
55.11679 10.99821 -0.00884 0.08207 0.99659 e
55.18782 7.75014 0.18938 0.05176 0.98054 e
55.63133 13.04246 0.17468 0.00168 0.98462 e
56.61823 7.83018 -0.26056 0.11710 0.95833 e
57.00633 2.45264 0.55772 0.08848 0.82530 eb
57.04460 7.68839 -0.30566 0.03828 0.95137 x
57.23044 20.01150 -0.06302 -0.11233 0.99167 e
57.47593 26.58546 -0.00889 -0.09478 0.99546 x
57.90423 1.16383 0.04011 -0.76747 0.63983 e
58.27046 7.41078 -0.17733 -0.24368 0.95351 eb
58.34387 7.11959 -0.10439 -0.31751 0.94249 e
59.71056 2.74230 0.43302 -0.29085 0.85317 xb
60.22004 5.13276 -0.31308 0.10334 0.94409 eb
60.51952 16.28412 -0.04754 0.03524 0.99825 e
60.83832 29.30549 -0.00399 -0.07382 0.99726 e
60.94408 25.03706 -0.04248 0.04370 0.99814 e
61.07578 12.02540 0.14868 -0.09323 0.98448 e
61.51443 8.59192 0.03132 0.25151 0.96735 eb
61.55867 8.12143 0.04029 -0.08870 0.99524 e
61.98578 2.04822 0.54358 0.26089 0.79778 e
63.07263 14.79701 -0.01910 -0.17645 0.98413 xb
63.18179 6.61212 -0.08011 -0.33924 0.93728 e
63.85409 3.43439 0.01418 -0.42771 0.90381 eb
64.04539 12.78506 -0.13420 0.10105 0.98579 x
64.53523 49.59813 -0.00623 0.00310 0.99998 e
65.50479 10.73518 0.19058 0.09474 0.97709 e
65.63289 9.73174 0.03850 -0.22632 0.97329 e
65.82534 9.21176 0.15071 0.17273 0.97337 e
65.95617 11.29217 -0.24417 -0.05585 0.96812 e
66.07035 0.84850 -0.50697 -0.67873 0.53132 e
66.34337 4.79195 0.30221 0.12565 0.94492 eb
66.49254 0.77619 -0.27790 -0.84054 0.46505 xb
67.51802 18.89134 -0.01499 0.11226 0.99357 xb
67.80708 1.41901 0.35837 0.51399 0.77935 eb
67.91648 35.58677 0.01623 -0.08908 0.99589 e
68.28253 3.96894 -0.28659 0.24679 0.92572 e
69.58686 6.79165 0.07992 -0.19229 0.97808 e
69.65439 13.86294 -0.13697 0.08148 0.98722 x
69.72473 45.99526 -0.08428 0.01159 0.99637 e
71.14868 10.67110 -0.00947 0.24047 0.97061 e
71.53772 13.38028 0.20662 0.11076 0.97213 e
71.68814 4.18484 0.25514 0.35705 0.89856 eb
71.69457 13.84870 0.00775 -0.05881 0.99824 e
72.44550 22.07009 -0.11246 0.09656 0.98895 xb
72.87694 4.18504 0.05784 0.43542 0.89837 e
73.08019 4.11242 0.02851 -0.37384 0.92705 eb
74.11113 6.11341 -0.05516 -0.34252 0.93789 eb
74.14928 4.82620 0.24299 -0.27648 0.92979 e
74.58175 10.21274 0.21334 -0.10685 0.97112 e
74.78906 3.87682 -0.24033 0.32958 0.91303 eb
75.92818 16.29008 0.04005 -0.13652 0.98983 xb
76.72334 26.67019 0.06417 0.07097 0.99541 x
77.30763 16.83387 0.12121 -0.04971 0.99138 e
77.43127 12.94168 0.18803 0.04721 0.98103 e
77.53201 3.79312 -0.25564 0.35836 0.89790 xb
77.57226 14.06979 0.10638 -0.05971 0.99253 e
78.46636 7.75153 -0.24058 0.03742 0.96991 e
78.70268 9.35759 -0.21090 0.12235 0.96982 e
78.70567 17.00440 0.10025 -0.09277 0.99063 eb
79.14051 6.50499 0.29817 0.05740 0.95279 eb
79.49666 9.58315 0.08842 -0.25840 0.96198 x
79.82760 1.27971 -0.08533 -0.72476 0.68370 e
80.10727 14.21179 0.12580 -0.01117 0.99199 e
80.87430 33.92106 -0.09284 0.01123 0.99562 e
81.13230 50.93273 -0.00086 0.06155 0.99810 e
82.26037 9.29371 -0.25620 -0.07384 0.96380 e
82.40559 16.69092 0.04141 -0.03114 0.99866 e
84.15665 6.09072 0.28302 0.08455 0.95538 e
84.50708 4.46045 0.13840 -0.38157 0.91392 e
84.75027 6.25572 -0.26322 -0.01677 0.96459 e
84.95467 2.72455 0.33159 -0.39197 0.85814 eb
85.12597 3.51953 0.22114 -0.42390 0.87830 e
85.57238 19.45846 0.03666 -0.05089 0.99803 e
85.70399 1.95380 0.30440 0.54158 0.78360 eb
85.86790 1.69878 -0.53724 -0.37167 0.75712 e
85.90185 7.75349 -0.10030 -0.25631 0.96138 e
86.51051 3.82138 -0.13671 -0.42194 0.89626 eb
86.77826 5.53515 -0.31286 -0.17072 0.93433 x
86.90887 10.61402 0.16326 -0.05969 0.98478 e
86.94690 2.85226 0.08604 0.41253 0.90687 eb
87.01841 2.83023 -0.42664 -0.27563 0.86140 xb
87.09762 0.86918 0.31973 0.79059 0.52225 eb
88.20950 6.72817 0.00604 0.32044 0.94725 e
88.32328 3.37981 -0.35083 0.24793 0.90302 x
88.53693 4.69685 -0.20582 -0.03184 0.97807 e
88.58664 3.76028 0.42702 -0.11148 0.89734 e
88.95961 0.77296 0.58975 0.65088 0.47808 e
89.09305 3.02570 0.16497 0.46406 0.87031 x
89.83489 16.68591 0.00800 -0.13715 0.99052 eb
90.67767 14.81845 0.02911 0.23003 0.97275 x
90.80779 3.62773 0.29567 -0.35168 0.88820 eb
92.50855 7.22618 -0.00963 0.15439 0.98796 e
92.64295 6.55306 0.21032 -0.21123 0.95454 eb
92.74185 4.34946 0.03024 0.42545 0.90447 e
92.86835 9.37575 -0.10168 0.11142 0.98856 e
93.09615 9.73961 0.14270 -0.15272 0.97791 eb
93.24283 3.57239 0.42960 0.04731 0.90178 x
93.64040 15.39028 0.05840 0.07676 0.99534 x
94.46959 7.55231 0.17428 0.22537 0.95856 e
95.04744 1.20057 0.18704 0.72903 0.65844 eb
95.05189 14.58706 -0.02782 -0.13881 0.98993 e
95.12329 13.19462 -0.13904 -0.04333 0.98934 e
95.63372 8.27344 0.07259 0.21690 0.97349 eb
96.07458 4.54654 -0.04485 -0.38199 0.92308 e
96.54848 1.92344 -0.21335 0.56294 0.79849 eb
96.75880 11.49174 -0.04123 -0.15543 0.98699 e
96.93097 1.84270 0.57073 -0.22375 0.79007 eb
97.33080 4.38979 -0.07850 -0.34420 0.93561 e
97.90885 2.46764 0.45939 -0.11662 0.88055 eb
97.98076 6.00699 -0.30625 0.09573 0.94713 eb
99.03956 9.41258 -0.08616 0.15878 0.98355 e
99.65189 32.36163 -0.07239 0.03714 0.99668 e
99.81234 11.69599 0.07334 -0.21399 0.97408 e
99.92216 3.79461 0.41233 0.17903 0.89327 eb
100.12427 25.24740 0.06510 -0.07159 0.99531 e
100.26062 17.95117 -0.18095 0.06028 0.98164 e
100.27864 4.46103 -0.00391 0.43869 0.89863 e
100.52616 4.18144 0.21481 0.33031 0.91910 eb
100.57796 9.37298 -0.13835 0.12904 0.98194 x
101.43474 18.75734 0.00714 0.04459 0.99898 e
102.33803 5.40558 -0.22353 -0.27419 0.93533 x
102.88242 7.01699 -0.21499 0.23330 0.94834 e
102.99292 4.45350 0.12267 -0.29924 0.94626 e
103.07003 23.95157 -0.02854 -0.03833 0.99886 e
103.20189 25.42681 -0.10598 0.05647 0.99276 eb
103.69814 6.54291 -0.20309 -0.21761 0.95467 eb
103.97230 28.14891 -0.08998 -0.09524 0.99138 xb
104.48619 11.29519 -0.02593 0.22815 0.97328 e
105.69543 12.53765 0.06839 -0.02956 0.99722 e
105.71192 32.42001 0.07219 -0.00296 0.99739 eb
106.76802 2.60928 -0.23751 0.40558 0.88266 eb
107.07594 2.05246 -0.52579 0.32203 0.78730 eb
107.09991 11.44547 0.11060 -0.17790 0.97781 e
107.63738 8.12276 0.28650 -0.13120 0.94906 xb
107.65405 10.02491 -0.14538 0.18963 0.97103 e
107.66596 32.12549 0.09204 0.04869 0.99456 e
108.14653 0.85822 -0.77066 -0.37677 0.51393 e
109.16571 9.25814 0.10806 0.19472 0.97489 x
109.48685 2.52356 -0.41934 -0.35184 0.83688 eb
109.54942 19.78034 -0.03448 0.03176 0.99890 eb
109.67287 9.21726 -0.11107 0.10448 0.98831 e
110.61068 18.50718 -0.07381 -0.08685 0.99348 e
111.01797 7.24912 0.31513 -0.04230 0.94810 e
111.13276 6.99754 -0.01686 0.27964 0.95996 eb
111.91096 4.01739 0.14996 0.35737 0.92184 e
111.92255 8.35404 -0.10712 -0.21513 0.97069 x
112.01607 12.97103 -0.11739 0.07161 0.99050 eb
112.29852 6.10035 0.32979 -0.09640 0.93912 eb
112.63393 4.55151 0.17633 0.22002 0.95943 e
112.89550 13.48770 0.06224 -0.09263 0.99375 xb
113.28737 6.19736 0.07144 -0.24710 0.96635 eb
113.67713 1.71234 0.65472 -0.06907 0.75271 e
114.63424 14.87492 -0.17478 0.11911 0.97738 xb
114.69319 12.03530 -0.02435 -0.15087 0.98825 xb
114.80271 3.44377 -0.20401 0.41192 0.88809 eb
114.93557 36.71536 0.00826 -0.06268 0.99800 xb
114.98631 1.42608 0.48381 0.51403 0.70831 eb
115.37072 10.43424 0.26450 -0.03330 0.96381 eb
115.49152 4.74967 0.32361 -0.12011 0.93854 e
115.67987 3.62396 -0.29999 -0.24013 0.92323 x
116.72478 4.57151 -0.08717 -0.38061 0.92062 eb
116.82273 1.72653 -0.59022 -0.19950 0.78220 x
117.52554 1.03003 -0.43624 -0.59390 0.67599 e
118.09017 16.05332 0.10557 0.19563 0.97498 xb
118.74713 9.72628 0.14960 0.13056 0.98009 xb
119.12102 27.64719 0.00539 0.08438 0.99642 e
120.77596 5.40243 -0.36388 -0.04158 0.93052 eb
120.94339 6.87316 0.07075 -0.28404 0.95620 e
121.61198 45.42853 -0.00828 0.09090 0.99583 e
121.62701 12.27199 0.09449 0.04046 0.99470 e
122.79966 1.39242 0.48092 0.53657 0.69341 eb
122.96932 11.67288 0.13912 -0.07941 0.98709 e
123.02021 16.14073 0.11096 0.06735 0.99154 xb
123.10492 3.18435 0.49002 0.03438 0.87103 x
123.30516 16.15873 0.08941 0.09968 0.99099 xb
123.93669 3.34653 0.31544 0.34758 0.88300 eb
124.01146 4.11637 -0.12066 0.40092 0.90813 eb
124.31442 29.70522 0.13443 0.07441 0.98813 eb
124.78143 10.59466 -0.04012 0.20454 0.97804 xb
125.04834 1.85824 0.09168 -0.63407 0.76782 x
126.08248 4.23589 -0.11370 0.42245 0.89923 eb
126.38296 2.24592 0.30869 -0.50425 0.80650 x
126.81239 6.56187 0.00442 0.34328 0.93922 e
127.66614 9.52035 0.13710 -0.18334 0.97344 eb
128.93037 2.06509 -0.44339 0.32012 0.83721 e
128.98498 6.94453 -0.02383 0.26596 0.96369 eb
129.33206 29.32304 0.05079 0.03020 0.99825 eb
129.55446 0.92141 0.82852 0.08478 0.55351 e
129.66534 20.55396 0.00889 -0.02178 0.99972 e
130.20658 6.16190 -0.10269 -0.14439 0.98418 eb
130.47051 3.61037 -0.42949 -0.15028 0.89048 eb
130.58197 10.73339 -0.09427 0.25123 0.96333 e
130.72553 16.72892 -0.11383 -0.06171 0.99158 e
130.74600 1.72612 0.62746 0.01501 0.77851 xb
131.00690 16.18402 -0.03792 -0.17494 0.98385 e
131.87901 1.09164 0.16898 0.76831 0.61737 x
131.94941 24.16627 0.03363 -0.02229 0.99919 eb
133.03479 10.75734 0.01019 -0.22400 0.97454 e
133.93438 9.84917 0.12193 -0.22183 0.96743 e
134.04818 5.73329 0.12230 0.27255 0.95434 eb
134.65400 41.29423 -0.02210 0.07954 0.99659 e
137.34621 4.36452 0.33425 0.23816 0.91190 e
139.18901 2.50847 -0.46889 0.26152 0.84365 eb
139.38650 10.57300 0.21757 0.13586 0.96654 e
139.67915 6.82777 0.29926 0.08417 0.95045 e
139.67935 13.73825 -0.17821 -0.01172 0.98392 e
140.31639 4.84807 0.30553 0.10244 0.94666 x
140.67316 4.76130 -0.04950 0.33722 0.94012 e
141.12831 7.08046 -0.12542 -0.26391 0.95636 eb
142.07223 3.69518 0.30493 0.29709 0.90485 eb
142.49546 24.12260 0.12749 0.00855 0.99180 e
143.34456 1.49986 -0.56498 -0.41127 0.71530 e
144.02460 22.92834 0.00414 0.10372 0.99460 x
144.48687 6.16125 -0.20492 0.10392 0.97325 e
144.68163 1.14771 -0.39898 0.66214 0.63434 eb
145.44873 10.45030 -0.11841 0.22424 0.96731 e
145.97137 3.40418 0.16295 0.40728 0.89865 e
147.00603 14.30872 0.11634 -0.08231 0.98979 e
147.08923 7.03711 0.24460 0.17321 0.95403 e
147.70293 2.57723 0.05284 0.52327 0.85053 eb
148.06716 6.40846 0.19344 0.07907 0.97792 e
148.36400 1.55215 -0.48161 -0.46817 0.74086 e
148.56718 1.42177 -0.70717 -0.04709 0.70547 x
148.94406 12.51504 -0.15676 -0.15927 0.97471 eb
149.19505 6.51544 -0.13905 0.26275 0.95479 eb
149.56391 14.95455 0.10983 -0.11559 0.98721 e
150.24276 4.71657 0.36209 -0.10479 0.92623 eb
150.35976 1.68102 0.09564 -0.66334 0.74218 eb
151.89362 16.52060 0.02035 -0.03661 0.99912 x
152.46083 6.04769 -0.09209 0.31578 0.94435 e
152.91700 2.12549 -0.40104 0.44769 0.79922 eb
153.02270 3.11576 -0.23503 -0.42284 0.87520 eb
154.17580 8.24540 0.25580 -0.10776 0.96071 e
154.72393 1.45501 0.10022 0.68724 0.71948 x
155.26080 10.70418 0.18129 -0.07046 0.98090 e
157.21089 11.49348 0.17387 0.00573 0.98475 e
157.63486 1.30666 0.00466 0.74136 0.67109 x
157.89725 35.49441 0.10225 -0.06889 0.99237 e
158.12246 34.41299 0.07546 0.05916 0.99539 e
159.60094 12.23397 0.15623 -0.17426 0.97223 eb
159.72358 8.08867 -0.02831 0.28216 0.95895 e
159.92375 8.67886 -0.12742 0.24428 0.96130 eb
160.97759 9.25407 0.24246 0.13349 0.96093 e
162.63446 66.20071 0.02757 0.01305 0.99953 e
162.82867 2.96672 -0.07663 0.47439 0.87697 e
163.08893 8.72858 -0.00690 0.29854 0.95437 e
163.13304 7.15027 -0.28206 -0.05566 0.95778 eb
163.36061 14.21791 -0.09839 -0.09844 0.99027 e
163.52023 7.29409 -0.05906 -0.05981 0.99646 e
164.45798 12.52493 0.05290 -0.11850 0.99154 x
164.45897 11.17350 0.05392 -0.22428 0.97303 eb
164.54803 4.78751 0.35604 -0.15727 0.92114 eb
166.83633 7.29942 -0.28138 -0.01241 0.95951 eb
167.71834 13.34135 0.00064 -0.00092 1.00000 e
167.83726 25.41880 -0.04643 -0.09568 0.99433 e
168.18506 12.29588 -0.22749 0.00988 0.97373 eb
168.33441 6.72302 -0.10416 0.28955 0.95148 eb
168.33680 12.25184 0.05048 -0.01684 0.99858 e
169.44047 24.05726 0.01583 -0.09973 0.99489 e
169.44208 23.13242 -0.00767 0.00601 0.99995 e
169.60321 2.57053 0.41444 0.30633 0.85697 eb
170.80401 1.48427 0.61963 0.28173 0.73259 e
170.95196 15.30415 0.06032 0.15140 0.98663 e
171.72400 7.75193 -0.23994 -0.15997 0.95752 xb
172.08226 7.72131 0.09579 -0.19203 0.97670 e
172.20526 11.11346 0.08072 -0.09587 0.99212 eb
172.41898 8.35862 0.11190 0.26617 0.95741 eb
172.66476 32.88721 0.07200 0.05353 0.99597 e
174.01114 8.38401 0.25344 0.15265 0.95523 xb
174.26927 18.32211 0.05671 0.07918 0.99525 e
174.42016 8.25057 0.22254 -0.12254 0.96719 eb
174.74987 3.76874 -0.30806 -0.23460 0.92199 x
176.25102 12.34955 -0.16186 0.10105 0.98163 e
178.44673 10.51049 0.16282 -0.02364 0.98637 e
178.61492 7.62988 -0.08424 0.30267 0.94936 e
178.68364 21.74783 0.10736 -0.04965 0.99298 xb
178.92762 14.35856 -0.00405 0.02474 0.99969 e
180.13237 23.63303 0.01060 -0.11886 0.99285 eb
180.57780 22.92769 0.07360 -0.01331 0.99720 xb
180.63563 16.71856 -0.05637 -0.14200 0.98826 xb
180.69590 3.27174 -0.31529 0.35884 0.87854 eb
181.18094 4.47384 0.19365 0.15181 0.96925 xb
181.27652 6.33026 -0.13715 -0.32890 0.93435 xb
181.55848 1.70519 0.51376 0.37376 0.77224 eb
181.71031 12.45854 -0.14144 0.10929 0.98390 e
182.08442 1.46774 0.58700 0.38108 0.71429 e
182.20908 5.51920 0.24634 0.22733 0.94215 eb
183.35734 18.26769 -0.15684 0.07417 0.98483 e
183.59815 11.25343 -0.13909 0.15095 0.97871 eb
183.98621 6.57897 -0.09582 -0.21676 0.97151 eb
184.75914 6.61810 0.05707 0.03324 0.99782 e
185.98741 4.95755 -0.37748 0.12915 0.91697 e
186.58046 4.81783 0.11999 -0.07228 0.99014 e
188.53469 18.92744 -0.01843 0.13650 0.99047 e
188.80234 9.16765 -0.17801 0.15886 0.97112 eb
191.19202 3.41530 0.44327 0.14663 0.88431 e
191.61375 13.27701 0.04859 0.13218 0.99003 e
192.19864 12.23179 0.00682 0.02704 0.99961 e
193.51163 13.45494 0.08558 0.00780 0.99630 e
193.95419 17.74875 -0.07316 -0.02576 0.99699 e
194.71525 6.39762 -0.19430 -0.18918 0.96253 e
195.74601 39.55684 0.01104 -0.03665 0.99927 e
195.94904 2.31656 -0.52912 -0.24891 0.81122 e
196.86868 9.58114 -0.17134 -0.00142 0.98521 xb
197.20040 2.21383 0.25245 -0.53868 0.80380 eb
197.68609 37.90250 0.07272 -0.02525 0.99703 eb
197.70604 0.90837 0.12330 0.82560 0.55061 eb
197.80048 21.04660 0.06783 -0.14079 0.98771 e
197.84844 8.26890 0.16717 0.16125 0.97265 eb
198.91140 3.65504 -0.08649 0.45093 0.88836 eb
198.97425 7.59144 0.13360 -0.23531 0.96269 eb
199.41574 8.84872 0.28614 -0.08111 0.95475 e
199.68554 4.68994 0.36562 -0.03157 0.93023 xb
200.31163 16.19138 -0.08516 -0.17616 0.98067 eb
202.39163 9.09481 0.23936 -0.14831 0.95954 e
202.41232 11.20566 -0.16114 0.05933 0.98515 eb
202.96730 5.78520 0.35267 0.01360 0.93565 e
203.64120 2.61284 -0.35517 -0.41776 0.83626 e
203.78409 15.06497 -0.09437 0.14920 0.98429 xb
203.91700 13.63480 0.04972 -0.20318 0.97788 e
204.03815 29.91686 -0.10440 -0.07880 0.99141 e
204.04314 9.98316 -0.00351 0.11659 0.99317 x
204.30555 12.30578 0.24238 -0.06027 0.96831 eb
204.38450 6.46660 -0.15693 0.25145 0.95506 e
205.35737 4.33213 -0.33004 0.08267 0.94034 eb
207.13891 12.29810 0.13087 0.03321 0.99084 x
207.63975 25.00424 0.15239 -0.03233 0.98779 xb
208.09644 3.49839 -0.41223 -0.21999 0.88412 eb
208.40113 7.91584 0.22932 -0.13503 0.96394 eb
209.26854 2.53140 -0.55283 0.02735 0.83284 eb
209.33716 24.47431 0.03272 -0.00530 0.99945 x
210.37212 15.09365 0.09294 -0.17587 0.98002 e
211.66033 16.88776 0.09887 -0.10834 0.98918 e
212.26473 21.17380 -0.03662 -0.07954 0.99616 xb
212.37844 6.58996 0.15786 -0.14394 0.97691 e
212.43609 3.08165 -0.44256 -0.26054 0.85805 eb
212.90334 6.72379 0.28175 -0.20792 0.93669 e
213.38441 11.97761 0.09304 0.03484 0.99505 x
213.44341 12.32308 -0.05769 -0.21128 0.97572 eb
213.65445 4.11035 -0.25980 0.29878 0.91828 e
213.79225 20.07756 -0.10344 0.01207 0.99456 eb
214.80135 24.83190 0.09896 -0.01234 0.99501 e
215.25923 13.15172 0.09563 0.14857 0.98427 e
217.14009 7.76921 0.26657 0.13919 0.95371 eb
218.18105 0.85448 0.82966 -0.17338 0.53066 eb
218.80658 8.59825 -0.05789 0.26243 0.96321 e
219.27834 4.88106 -0.04214 -0.30172 0.95247 e
220.21268 3.96801 0.41390 -0.14418 0.89883 e
220.57152 19.88899 0.10260 0.07781 0.99168 e
221.66021 7.86718 0.19448 0.18513 0.96328 xb
221.94250 5.62626 -0.27844 -0.09805 0.95544 e
223.62914 4.88792 0.11920 -0.31325 0.94216 eb
224.16491 9.10778 0.13938 0.18488 0.97283 eb
224.62497 18.30928 0.09408 0.11435 0.98898 e
224.73662 0.97082 -0.42327 0.70429 0.56992 e
225.91853 3.96360 -0.30298 -0.30913 0.90147 eb
225.93862 25.62867 0.11583 0.04131 0.99241 x
226.48760 1.25522 -0.14499 0.72172 0.67683 e
226.51388 20.76030 -0.14444 -0.00371 0.98951 eb
227.64789 18.81025 0.11229 -0.00512 0.99366 xb
229.75945 4.13693 -0.39956 -0.13682 0.90644 e
231.22543 4.58846 -0.12981 0.21067 0.96890 e
231.81575 1.21309 0.74885 -0.10318 0.65466 e
234.15194 10.58194 0.11218 -0.12214 0.98615 e
235.90268 18.95812 0.02112 0.12427 0.99202 e
236.34933 12.31719 0.10948 -0.02594 0.99365 e
236.63290 11.00194 -0.17688 -0.00891 0.98419 eb
236.78009 20.71118 0.03227 -0.02238 0.99923 e
237.20958 2.60454 0.26782 -0.48763 0.83096 eb
237.62434 11.40164 -0.04194 -0.19015 0.98086 eb
240.03969 5.87143 -0.30873 -0.17469 0.93497 eb
240.76654 21.86383 0.08225 -0.04581 0.99556 x
240.84498 1.02442 0.31905 0.72854 0.60616 e
243.01720 9.26009 -0.27268 -0.04918 0.96085 eb
243.47733 12.84295 -0.07797 -0.10674 0.99123 e
244.59876 23.16616 -0.03094 -0.05941 0.99775 e
245.14141 11.05203 -0.11251 0.20718 0.97181 xb
245.17412 3.00834 -0.46163 -0.17811 0.86901 eb
245.31089 2.62119 0.52688 0.14356 0.83772 xb
246.23835 1.98380 -0.39026 0.46084 0.79707 e
246.32038 2.26126 0.57246 -0.12273 0.81069 e
246.60437 1.16138 -0.05802 0.76005 0.64727 eb
246.86558 7.31413 -0.26343 -0.02901 0.96424 eb
246.90030 34.86655 0.08010 -0.04901 0.99558 x
247.18055 3.11211 0.03654 0.44626 0.89416 e
247.63633 1.99086 -0.11162 0.60030 0.79195 e
247.70045 18.17114 0.11737 0.00636 0.99307 e
248.22071 20.48795 0.13334 -0.01175 0.99100 e
249.31999 4.67735 -0.36947 -0.10125 0.92371 e
249.99963 1.27320 -0.23012 0.69555 0.68063 e
250.70114 27.74279 0.01528 -0.11869 0.99281 eb
250.87365 1.30194 -0.30041 -0.67271 0.67618 e
253.36127 2.80465 0.14087 0.50180 0.85343 e
253.44673 18.08248 -0.13695 0.04713 0.98946 x
254.27394 14.61651 -0.08079 -0.09592 0.99210 eb
254.84406 14.58430 -0.04014 0.03487 0.99859 e
255.49195 2.27202 0.26931 0.49153 0.82817 eb
255.69904 5.06181 0.07861 0.34961 0.93359 xb
255.93340 8.52897 0.28481 0.09367 0.95400 eb
256.20673 16.76275 -0.18401 -0.04158 0.98204 e
256.64616 4.71808 -0.36412 0.00140 0.93135 eb
257.27459 4.71055 -0.39208 0.08034 0.91642 eb
258.38871 8.05427 -0.28783 -0.03647 0.95699 eb
260.24329 10.82030 0.01374 0.19267 0.98117 eb
261.97146 11.39573 -0.14932 0.15381 0.97675 xb
262.39469 3.58675 0.46045 0.02961 0.88719 eb
262.47504 22.32859 0.13324 0.06531 0.98893 e
262.60498 2.88195 0.44827 -0.24703 0.85909 e
262.91715 8.96060 -0.13508 -0.20388 0.96963 e
263.14401 29.88860 0.07029 0.00212 0.99752 x
264.26947 20.74330 0.10225 -0.02534 0.99444 e
264.38229 5.93070 -0.13655 0.15140 0.97900 e
264.76051 10.16440 -0.09033 -0.10837 0.99000 e
264.82709 21.69922 0.07623 0.08750 0.99324 e
264.87051 11.22379 -0.24693 -0.07861 0.96584 e
266.42303 6.67106 -0.19244 0.27341 0.94245 eb
267.77202 7.68674 0.07102 0.16755 0.98330 x
267.87724 31.97954 0.05611 -0.01120 0.99836 eb
269.60397 7.48707 -0.12651 0.27633 0.95270 xb
269.87687 1.93447 0.11416 -0.58686 0.80160 e
270.28807 12.78524 0.16468 0.12609 0.97825 e
270.65849 12.75351 0.09321 -0.17141 0.98078 e
271.12235 4.73589 0.06007 -0.38461 0.92112 eb
271.51710 8.56832 0.12182 -0.16332 0.97902 e
272.08058 19.23582 -0.09106 0.12022 0.98856 e
273.33201 26.52570 0.11548 -0.08116 0.98999 e
274.94092 1.36453 -0.31907 0.63071 0.70739 eb
275.72155 4.33538 0.22681 0.32673 0.91750 e
276.52929 18.38827 -0.07111 -0.10351 0.99208 eb
276.88201 19.36981 -0.01903 0.08079 0.99655 eb
276.98680 6.11689 -0.14262 0.28190 0.94878 eb
277.63876 2.42293 0.52734 -0.11288 0.84212 eb
278.98181 5.19123 0.39733 0.02106 0.91744 eb
279.24973 2.87688 0.30436 0.40597 0.86171 e
279.44282 6.56041 0.28935 -0.13228 0.94804 e
280.59444 2.94631 0.41449 0.28963 0.86274 e
281.77469 11.50816 0.12652 -0.02026 0.99176 eb
281.78700 0.91611 -0.68956 0.47528 0.54646 e
282.11360 14.87476 -0.11419 0.07957 0.99027 e
282.16880 2.73940 -0.51756 0.02986 0.85513 eb
283.81109 4.11365 -0.07174 0.40568 0.91120 eb
284.05723 4.80171 0.30640 -0.24938 0.91865 eb
284.61276 8.36717 -0.27907 0.03074 0.95978 x
286.26884 11.05344 0.00812 -0.19244 0.98127 e
286.86754 3.59116 -0.10664 -0.42662 0.89812 eb
287.30297 29.25949 -0.13618 -0.05220 0.98931 eb
288.92761 8.76142 0.10753 0.15302 0.98235 eb
289.28665 1.63616 0.42608 -0.52428 0.73728 e
289.34576 2.31331 0.19176 -0.52985 0.82613 eb
289.39578 2.84502 -0.35007 0.33441 0.87500 eb
289.42125 2.08799 -0.56174 -0.15433 0.81279 e
290.33540 3.01815 -0.44762 0.07609 0.89098 e
291.20562 3.27904 0.30072 -0.32186 0.89776 eb
291.40989 17.85603 -0.03124 -0.17153 0.98468 x
291.86010 7.00046 0.01609 0.32709 0.94486 e
292.69416 10.44938 0.16342 0.11261 0.98011 e
294.39214 1.86178 0.38395 -0.51679 0.76519 e
294.67918 11.57688 0.24425 -0.02955 0.96926 eb
297.13872 0.93268 -0.61105 0.55060 0.56873 eb
297.45064 9.93105 -0.13000 0.18517 0.97407 e
298.05808 8.25144 -0.03732 0.20445 0.97817 e
300.72906 19.74117 -0.01434 -0.14580 0.98921 xb
302.14089 1.00038 -0.66837 -0.42940 0.60736 e
302.17511 13.70902 0.14347 0.17000 0.97494 eb
302.79325 23.31356 -0.02080 -0.07359 0.99707 e
303.29438 6.01248 0.21173 0.06472 0.97518 e
303.33363 16.93801 -0.07553 -0.07718 0.99415 e
303.44032 20.13829 0.15444 -0.04775 0.98685 xb
303.85729 2.37947 -0.45957 0.26421 0.84793 eb
303.97025 3.03251 -0.41182 0.28688 0.86493 e
304.13136 6.76509 0.24562 0.18237 0.95206 e
306.77572 36.63022 -0.08105 -0.05240 0.99533 e
307.20540 28.62711 0.06442 0.12724 0.98978 e
307.44664 4.10324 -0.16410 0.39731 0.90289 eb
307.80817 4.48058 -0.08796 -0.40535 0.90992 e
308.96127 1.48562 0.51119 -0.47518 0.71617 x
309.04748 8.21380 -0.02517 -0.14278 0.98943 e
309.21886 5.89980 0.29365 0.17198 0.94032 e
310.15917 8.02628 0.30025 0.00404 0.95385 eb
310.68671 3.01133 -0.46414 -0.18324 0.86660 e
310.83714 21.70472 -0.00945 0.05887 0.99822 e
311.84741 8.28886 0.18099 0.22938 0.95636 xb
311.98837 4.96908 0.33885 0.15934 0.92725 e
312.48070 2.35260 0.34221 0.40902 0.84593 e
313.85989 4.18275 -0.35008 0.13285 0.92725 eb
316.01481 5.62579 0.23263 -0.25591 0.93829 eb
316.48276 18.20013 0.16324 0.09949 0.98156 e
316.51427 5.52456 0.12673 0.16994 0.97727 e
321.15293 6.56560 0.27839 0.11780 0.95322 eb
321.66924 6.36354 0.02211 0.22146 0.97492 e
322.02252 7.52001 -0.25914 -0.02449 0.96553 eb
323.84614 2.99768 -0.14756 -0.50566 0.85002 eb
324.74384 19.19458 -0.12175 -0.02939 0.99213 e
324.74883 16.60480 -0.07221 -0.17646 0.98166 e
325.15877 8.86336 0.10490 -0.18280 0.97754 e
326.14126 7.59361 0.12307 -0.12004 0.98511 e
326.38220 23.01379 -0.07617 0.10448 0.99161 e
327.48368 7.36908 -0.21035 0.19158 0.95867 xb
329.03628 10.69284 -0.13398 -0.08541 0.98730 e
330.34648 9.85795 0.19712 0.05885 0.97861 e
330.53757 5.31853 0.23295 -0.25962 0.93719 e
331.15039 11.59491 -0.06436 0.22665 0.97185 e
333.84529 18.19853 0.14760 -0.02345 0.98877 eb
335.05411 1.02357 -0.37514 -0.71795 0.58636 eb
335.07808 22.00131 -0.06092 -0.06991 0.99569 e
335.23605 5.43840 -0.36777 0.11999 0.92214 e
336.92257 15.77254 -0.03092 0.16244 0.98623 eb
337.27750 17.15123 -0.05783 0.05212 0.99697 e
337.68262 4.63171 0.39540 0.04021 0.91763 x
338.23415 0.98593 0.43508 0.57469 0.69314 e
339.04766 5.03404 0.37920 -0.08200 0.92167 e
340.04163 1.09383 -0.72805 -0.13218 0.67266 xb
340.52959 22.46169 0.09216 0.05305 0.99433 e
341.19179 3.23752 -0.36320 -0.07444 0.92873 e
341.95838 10.14466 0.19699 0.15567 0.96797 e
342.02888 9.30423 0.21933 -0.10161 0.97034 eb
342.69914 3.09240 -0.30510 0.26017 0.91609 x
343.11226 26.97166 0.01263 0.13499 0.99077 xb
343.33286 12.63940 -0.03552 -0.16174 0.98619 eb
344.26206 15.27071 0.10190 0.01863 0.99462 x
344.41222 3.07787 0.46728 0.19026 0.86340 xb
344.45261 9.54577 0.14493 -0.20017 0.96898 xb
345.78445 2.56463 0.38221 0.15559 0.91088 e
347.87905 8.45238 -0.21627 0.07781 0.97323 eb
348.03537 4.77706 0.40971 0.05527 0.91054 eb
350.51811 3.89236 -0.22608 0.38558 0.89455 e
350.97946 5.73404 -0.23469 0.02018 0.97186 e
351.03654 22.54029 0.04094 -0.15244 0.98746 xb
352.42739 15.35982 -0.22680 -0.02512 0.97362 e
353.95188 18.26595 -0.03601 -0.07860 0.99626 e
354.75297 13.30038 0.18464 -0.06817 0.98044 xb
355.27186 1.44285 -0.40236 0.56967 0.71665 x
355.56382 10.84709 -0.10707 0.00032 0.99425 e
355.83740 23.93722 -0.06700 0.10146 0.99258 eb
357.40341 7.84688 0.12399 0.28570 0.95026 eb
358.20869 1.90359 0.63615 0.01952 0.77132 e
358.80548 11.83793 -0.09703 0.15366 0.98335 eb
359.00557 1.81077 0.51968 -0.37177 0.76923 e
359.09103 15.00619 -0.11640 0.11069 0.98702 e
359.53490 1.05608 -0.63710 -0.19843 0.74480 x
361.91481 9.21164 -0.18613 -0.20253 0.96142 eb
365.95395 9.06849 -0.10225 0.05249 0.99337 x
366.59319 3.14236 -0.00577 -0.50658 0.86217 x
367.33242 11.69752 -0.07371 -0.04555 0.99624 e
368.80969 10.08952 -0.15985 -0.15586 0.97476 e
369.86291 3.12498 -0.37621 -0.34584 0.85957 eb
373.98109 8.44401 0.19660 -0.21203 0.95728 e
374.10432 8.42708 -0.08953 0.17913 0.97974 e
374.38388 5.17674 -0.19701 -0.30167 0.93284 e
375.33018 12.15918 0.04223 0.19431 0.98003 e
377.62988 6.07571 0.12514 -0.17514 0.97656 e
380.46723 2.07460 0.02174 -0.59458 0.80374 eb
380.87243 4.77440 0.25661 0.22842 0.93913 xb
383.05710 2.44398 -0.43518 0.36923 0.82115 eb
386.42020 34.87885 0.11119 -0.01451 0.99369 xb
386.78561 4.26788 -0.09405 0.36926 0.92455 e
388.15051 1.71833 -0.65154 -0.04855 0.75705 x
392.74078 13.41082 0.11026 0.13828 0.98424 x
393.88590 1.63279 -0.44206 -0.49711 0.74663 eb
395.50179 5.38306 -0.34091 0.13849 0.92984 e
395.86809 5.83451 0.25866 -0.01380 0.96587 e
396.18057 3.49270 -0.39848 0.22573 0.88897 xb
396.75776 4.52120 -0.24669 -0.18698 0.95088 eb
396.98246 3.16168 -0.12872 0.46509 0.87585 xb
399.60940 9.45995 0.24821 0.09238 0.96429 e
400.47505 0.89756 -0.65244 0.49173 0.57665 x
401.75877 19.35231 -0.06071 0.13234 0.98934 eb
402.34880 3.74957 -0.41792 -0.14181 0.89735 eb
403.91916 14.54580 0.03493 -0.04916 0.99818 e
410.30057 19.24419 0.06306 0.13140 0.98932 e
410.87545 4.33921 0.07736 -0.01713 0.99686 xb
411.20624 2.35880 0.18717 0.54225 0.81910 e
411.91570 12.21326 -0.08015 0.17151 0.98192 xb
414.38851 11.86111 0.15956 -0.07121 0.98462 e
415.09703 4.19956 0.29443 -0.30592 0.90539 e
417.21273 1.48900 -0.68878 -0.05766 0.72267 e
417.45265 26.79701 -0.06571 -0.09631 0.99318 e
420.09706 3.55056 0.24501 -0.28115 0.92786 e
429.93820 12.00580 -0.17016 -0.08429 0.98180 e
430.29371 12.64526 0.19085 -0.02453 0.98131 eb
431.31933 13.35181 -0.15428 -0.04827 0.98685 x
431.43941 18.03043 0.13078 0.08945 0.98737 e
431.63824 1.76053 0.62389 0.20510 0.75412 x
432.68782 7.40537 -0.24975 0.12723 0.95991 e
436.92768 2.04418 0.59184 -0.17748 0.78628 e
439.66744 23.45122 -0.03248 0.04729 0.99835 x
440.34716 20.20693 0.00602 0.08587 0.99629 x
440.92707 5.73309 -0.11460 0.21648 0.96954 eb
447.63031 14.49553 -0.16901 0.03025 0.98515 e
448.72157 4.23063 0.08369 -0.09911 0.99155 e
451.60927 6.14800 -0.12273 0.01482 0.99233 e
451.82293 5.57229 0.16053 0.33213 0.92947 e
454.45238 26.85091 0.07237 -0.00041 0.99738 x
455.59435 1.16649 -0.56767 -0.50771 0.64806 e
462.85022 1.44980 0.27837 0.61768 0.73552 e
464.05872 4.90521 -0.06281 0.24005 0.96873 e
464.74671 1.64616 0.52822 0.39658 0.75080 eb
465.01362 10.28575 -0.04352 -0.20932 0.97688 eb
466.28266 19.74745 0.02378 -0.06624 0.99752 e
466.47467 5.85062 -0.05117 0.08664 0.99492 e
467.13064 9.35477 -0.15410 0.06536 0.98589 e
468.44988 1.73198 -0.43719 -0.48433 0.75782 eb
476.81750 1.43391 -0.27358 -0.55808 0.78339 x
477.36796 8.68275 0.18878 -0.12145 0.97448 xb
481.44360 4.41073 0.09258 0.12026 0.98842 e
483.88842 8.80062 -0.28140 0.03055 0.95911 eb
484.07541 0.82924 -0.70583 0.49640 0.50537 e
485.92466 18.13316 -0.07747 -0.02060 0.99678 e
486.79054 7.50178 -0.02938 0.28330 0.95858 e
487.74564 6.94805 -0.23938 0.09857 0.96591 e
491.45109 0.77983 -0.58917 -0.65570 0.47216 eb
494.69973 5.96961 0.04161 -0.30438 0.95164 e
497.80656 15.68058 -0.07600 -0.07768 0.99408 e
498.15714 11.67781 -0.05339 0.15767 0.98605 e
500.58776 14.00895 0.03717 -0.10426 0.99385 e
501.05147 9.21768 -0.14986 -0.17817 0.97252 e
501.13331 14.75641 -0.00450 0.14303 0.98971 e
501.74368 1.97267 -0.28880 0.54339 0.78824 e
504.15306 6.01043 -0.11608 -0.16759 0.97900 e
504.17338 4.87110 -0.20065 0.22984 0.95232 eb
504.29128 1.40858 -0.47691 -0.45945 0.74930 xb
504.54472 14.44646 -0.01049 -0.15336 0.98812 e
505.59254 14.02392 0.10027 0.07129 0.99240 x
512.43303 3.41425 0.20179 0.39622 0.89571 e
516.53765 14.37883 -0.14361 0.08075 0.98633 e
518.68822 41.63181 0.03318 -0.03644 0.99878 e
520.91872 7.66723 -0.17514 0.10797 0.97861 e
525.15904 5.96014 0.21517 0.05433 0.97507 e
528.58021 3.86010 0.03646 -0.22174 0.97442 e
528.95478 21.81927 0.04028 0.01755 0.99903 x
533.61944 2.32465 0.55700 0.02127 0.83024 eb
534.42018 17.30950 -0.02849 0.13368 0.99062 e
537.05528 12.42524 0.14274 -0.06742 0.98746 e
537.32946 24.94577 0.00685 -0.15039 0.98860 e
538.15595 1.19250 -0.44419 0.59530 0.66956 e
539.12561 4.33891 -0.33175 0.26233 0.90616 e
539.25249 1.89402 -0.14204 -0.61764 0.77353 e
540.80151 4.73368 -0.08127 -0.33279 0.93949 xb
542.76619 1.08772 0.72585 0.30456 0.61675 e
545.17834 4.50525 0.12969 -0.38887 0.91212 e
547.43912 10.39584 -0.05038 0.15628 0.98643 e
550.32196 8.66081 -0.01466 -0.13567 0.99065 e
552.08949 3.41542 0.20933 0.22168 0.95239 x
556.90765 11.09517 -0.10910 0.18482 0.97670 eb
559.03058 20.20490 0.13074 -0.01304 0.99133 e
559.81025 4.18188 -0.02555 0.13602 0.99038 e
560.56081 2.54228 -0.21662 0.39357 0.89341 e
564.56538 17.98911 0.13846 -0.03078 0.98989 e
569.42731 1.61186 0.64302 -0.15291 0.75043 eb
571.11471 4.64137 0.35332 -0.07856 0.93220 eb
576.17036 11.84167 0.16116 -0.12613 0.97884 e
580.28287 2.99142 -0.30273 -0.32939 0.89435 e
580.70745 1.00254 0.51184 0.62877 0.58538 eb
582.66315 2.52791 0.18183 -0.52560 0.83107 e
584.27839 2.09863 0.33010 0.48237 0.81139 e
584.58329 22.19306 0.06162 0.01645 0.99796 e
585.25251 3.60316 -0.36079 -0.28111 0.88928 eb
589.68839 14.48274 0.06293 -0.03344 0.99746 e
589.93977 4.86025 0.11877 0.28429 0.95135 e
590.91349 2.88461 -0.31148 -0.38489 0.86881 e
591.05875 7.22396 -0.21007 -0.16006 0.96450 e
591.87959 3.27435 0.25090 -0.36030 0.89846 e
593.06732 1.62837 -0.28967 0.60020 0.74555 e
597.13621 8.83706 0.23404 0.01854 0.97205 xb
599.21358 0.83980 -0.22857 0.82731 0.51313 eb
599.76093 2.29274 -0.07786 0.57398 0.81516 eb
607.97449 8.25636 0.22315 -0.16953 0.95993 x
608.66994 2.46577 0.30357 -0.47931 0.82348 eb
609.08820 8.52920 -0.12315 0.09633 0.98770 e
611.17947 2.52908 -0.45087 0.31390 0.83557 eb
613.79368 5.20808 0.04904 0.35941 0.93189 eb
615.06030 11.17778 0.20398 0.01155 0.97891 e
624.55188 4.76712 0.23836 0.25039 0.93834 e
626.40314 17.56446 0.03690 -0.01786 0.99916 e
628.13167 13.11037 0.02964 0.00363 0.99955 xb
635.01302 6.92322 0.00427 0.32320 0.94632 x
644.79981 8.76385 0.15801 -0.01861 0.98726 e
645.44831 6.36724 -0.11852 0.18254 0.97603 e
646.17905 3.54301 -0.38787 -0.12581 0.91309 e
646.66241 7.72817 0.12735 0.27626 0.95261 xb
650.55279 14.63287 -0.12730 0.07640 0.98892 e
651.97751 2.92769 -0.16246 -0.44065 0.88286 eb
653.83309 10.35773 -0.23076 0.01499 0.97289 x
654.29672 1.91135 -0.18710 0.60313 0.77539 e
658.10957 5.88122 -0.07983 0.14245 0.98658 e
659.85342 6.09523 -0.10924 0.31452 0.94294 x
668.44991 0.94666 0.08889 0.80171 0.59107 e
673.08017 1.08244 0.56844 -0.54191 0.61904 e
674.35754 10.40309 -0.00039 -0.08882 0.99605 x
687.10332 15.94761 0.07604 -0.00373 0.99710 e
687.71042 3.49486 0.33205 0.30870 0.89132 e
690.82650 4.50522 -0.33660 -0.13223 0.93232 x
694.40109 3.60673 0.36290 0.00056 0.93183 eb
697.03250 8.55802 0.06095 0.27510 0.95948 x
697.41890 1.48195 -0.22848 0.62884 0.74321 eb
701.37989 3.56433 0.39926 0.24880 0.88243 e
703.03908 6.34793 0.31213 -0.12032 0.94239 eb
705.94098 8.34970 -0.05419 0.10556 0.99293 eb
706.16650 10.12641 0.08062 -0.20102 0.97626 e
706.32469 1.34234 -0.57506 0.11066 0.81059 e
709.48981 1.01503 -0.49204 0.63831 0.59199 xb
709.96587 4.00332 0.40966 -0.09200 0.90759 e
717.53110 2.36082 0.15510 0.50947 0.84639 x
724.07859 6.01843 0.27352 -0.20577 0.93960 e
727.42366 10.62912 0.18763 0.13094 0.97347 xb
728.49904 11.24321 0.07539 -0.06145 0.99526 xb
731.88066 4.43707 -0.08892 -0.28908 0.95317 x
733.28746 6.19527 0.34361 -0.02930 0.93866 eb
734.49901 7.67762 0.21165 0.21061 0.95438 eb
735.74369 21.22493 0.12081 -0.05738 0.99102 xb
740.03786 1.88976 -0.23516 -0.57401 0.78436 xb
744.40321 4.14986 0.30384 0.29395 0.90624 e
749.96537 10.50743 0.00085 -0.23918 0.97097 xb
752.92596 1.32007 -0.16672 -0.69677 0.69765 e
758.77666 8.29658 0.09520 0.22602 0.96946 x
760.99713 10.12879 -0.01374 0.10582 0.99429 e
761.85812 6.64103 -0.33390 0.10039 0.93725 e
764.20352 7.57363 0.00046 -0.14446 0.98951 e
764.84274 1.16212 0.73476 -0.17866 0.65438 eb
766.73301 14.12754 -0.09349 -0.18412 0.97845 x
766.86633 14.45595 -0.00208 -0.16759 0.98585 e
771.87546 1.64931 -0.59689 0.28445 0.75021 xb
777.38237 1.23936 -0.30650 0.68730 0.65854 eb
777.69257 17.27873 -0.06099 -0.01824 0.99797 e
788.37572 20.16220 0.04431 0.09078 0.99489 e
789.35906 1.37367 -0.51826 -0.33175 0.78826 x
789.76989 3.98501 0.30901 0.26403 0.91368 e
790.95257 10.44261 -0.14205 -0.00947 0.98981 xb
794.27436 2.84452 -0.45230 0.02934 0.89139 e
795.65809 7.07140 -0.19378 0.20067 0.96030 x
801.81311 2.71999 0.50147 0.05334 0.86353 xb
801.97701 15.68022 -0.05829 0.13505 0.98912 xb
806.52107 1.23348 -0.30055 -0.67904 0.66975 x
808.87661 11.86248 -0.06884 0.14503 0.98703 e
809.05503 2.22082 -0.54423 0.11842 0.83053 e
809.77626 8.25952 0.07161 0.14015 0.98754 e
822.51206 24.31856 -0.11689 0.03033 0.99268 e
824.83829 3.72241 0.44411 -0.05302 0.89440 e
826.41465 11.63122 0.07606 -0.16159 0.98392 eb
831.48332 6.32105 -0.33776 -0.02531 0.94089 e
836.48686 1.50164 0.63200 0.24570 0.73499 e
837.90405 7.38017 -0.22084 -0.13159 0.96639 e
843.14301 13.15838 -0.05267 0.18500 0.98133 x
846.19328 2.43034 0.43147 -0.35162 0.83078 e
849.92753 3.96258 -0.18424 -0.38610 0.90387 x
859.72624 17.95737 -0.03167 0.04051 0.99868 e
860.86997 4.79859 -0.36257 -0.14178 0.92111 eb
863.39683 1.94204 0.49961 -0.37917 0.77886 e
873.98557 3.21540 0.19691 0.45785 0.86695 eb
875.88762 3.09120 -0.22739 0.36466 0.90295 e
876.05508 5.17986 -0.13672 -0.32908 0.93435 eb
876.12007 8.11821 -0.01091 0.01908 0.99976 x
881.62297 8.05163 -0.16969 0.01276 0.98541 e
888.15001 1.21702 0.67791 -0.24671 0.69252 e
888.47057 7.92333 -0.02693 0.21510 0.97622 e
889.80247 5.00330 -0.12662 0.01839 0.99178 e
895.08856 22.75348 0.02881 -0.13664 0.99020 e
898.80081 8.71109 -0.26100 -0.04382 0.96434 x
901.81551 5.90559 -0.13624 -0.19913 0.97046 eb
902.20451 15.14288 0.04989 -0.13849 0.98911 eb
913.93537 9.44144 -0.04894 -0.15249 0.98709 x
918.53218 3.27875 -0.17573 -0.44003 0.88062 e
922.66713 4.81760 0.28892 0.25919 0.92160 e
924.87498 7.78362 -0.06601 0.04610 0.99675 e
932.16571 4.32368 -0.16396 -0.24390 0.95584 eb
941.61222 9.37848 0.21360 -0.10715 0.97103 e
941.76775 15.35086 -0.05896 0.08528 0.99461 e
945.50908 1.68918 -0.66161 -0.07514 0.74607 eb
951.33546 2.36906 0.16052 -0.52903 0.83328 e
952.00072 16.50721 -0.01268 0.10742 0.99413 e
955.04717 18.71380 -0.12102 -0.03055 0.99218 e
957.41404 24.60754 0.08229 0.09042 0.99250 e
959.64130 2.54029 0.26766 -0.39263 0.87989 e
963.19456 5.86584 0.24130 -0.21236 0.94693 eb
977.70709 9.96942 -0.09781 -0.16928 0.98070 e
984.20156 7.77395 -0.20380 -0.12451 0.97106 e
985.70297 3.08034 0.48714 -0.06086 0.87120 eb
986.17288 6.87342 -0.14290 0.26025 0.95491 xb
987.61043 5.91329 -0.03984 -0.10459 0.99372 x
990.50874 6.35009 -0.31846 -0.09544 0.94312 e
990.71812 1.34257 0.31846 0.65174 0.68834 xb
991.10684 2.64933 -0.16789 0.45241 0.87586 eb
1001.12402 4.23141 0.34412 -0.09013 0.93459 e
1005.46048 2.49542 0.53899 0.08396 0.83812 eb
1006.22029 1.23871 0.46022 -0.57028 0.68043 eb
1010.53430 7.67238 0.02900 0.22673 0.97353 x
1012.28520 1.46048 0.47466 -0.51824 0.71142 eb
1015.83599 1.39436 -0.70176 0.14102 0.69832 eb
1026.53618 7.91825 -0.01441 0.11985 0.99269 e
1033.43163 10.27384 -0.19187 -0.00687 0.98140 e
1036.98228 1.99358 -0.54067 -0.25497 0.80166 e
1046.28986 17.27950 0.06413 -0.00338 0.99794 e
1047.85872 1.88564 0.32087 0.53072 0.78446 e
1049.98998 11.78330 -0.11948 0.06933 0.99041 e
1050.36592 0.93192 0.76529 0.31012 0.56405 e
1051.58722 3.36595 0.42528 -0.03073 0.90454 eb
1057.66000 2.56450 0.05441 -0.49628 0.86645 xb
1064.87265 6.03612 0.14744 0.04083 0.98823 e
1065.56540 5.85531 -0.22463 0.22196 0.94883 e
1067.90728 8.66077 0.11664 -0.01680 0.99303 eb
1073.63412 5.55245 0.26732 0.02342 0.96332 e
1075.21459 4.35056 -0.20634 -0.28134 0.93716 e
1081.23425 8.48907 -0.25266 0.03552 0.96690 xb
1082.20092 6.48143 -0.28779 -0.05290 0.95623 eb
1083.81240 2.42327 0.42247 -0.09553 0.90133 e
1092.87311 5.13704 -0.22337 0.13367 0.96552 e
1094.80855 3.05783 0.15060 -0.43514 0.88768 eb
1102.39696 4.86744 0.24228 -0.09721 0.96532 e
1104.62228 6.91157 -0.00408 0.25500 0.96693 e
1107.88138 4.95379 0.16959 -0.05264 0.98411 x
1107.94047 9.72743 0.00878 0.15445 0.98796 e
1110.11543 19.88984 -0.14024 0.09764 0.98529 x
1111.25269 4.93771 0.10070 0.30701 0.94636 e
1114.95090 17.76306 0.11928 -0.07512 0.99002 e
1115.15606 9.04068 0.21183 0.15882 0.96432 eb
1115.17580 2.89443 0.05200 -0.47507 0.87841 xb
1116.04528 1.50993 0.65717 0.24252 0.71366 xb
1117.14040 1.91915 0.61256 -0.04358 0.78922 e
1118.40212 10.87326 0.20160 -0.03357 0.97889 xb
1119.19163 2.89237 -0.44980 -0.01666 0.89297 xb
1126.54265 12.30896 0.13150 -0.19924 0.97109 e
1126.63248 3.56137 0.19409 -0.39999 0.89573 xb
1128.61247 7.99853 0.21273 0.04093 0.97625 xb
1129.88804 4.72731 -0.32390 -0.10923 0.93976 x
1137.84882 3.42892 -0.36347 0.26332 0.89362 xb
1147.23333 12.84839 0.11535 -0.18137 0.97663 e
1149.57369 1.26002 0.61477 -0.40143 0.67891 e
1154.35592 2.03828 0.26818 0.54423 0.79492 e
1157.40667 10.46594 0.08681 0.10291 0.99090 e
1165.35438 6.46204 -0.07914 -0.10163 0.99167 eb
1166.61155 16.97324 0.00907 0.04918 0.99875 xb
1168.12283 11.93062 0.04525 0.11192 0.99269 eb
1168.81120 2.29051 0.23680 0.52573 0.81703 x
1168.97305 6.55638 -0.08288 0.12083 0.98921 e
1171.16446 8.22594 -0.22837 -0.10893 0.96746 e
1183.25179 10.29711 0.08669 0.05831 0.99453 e
1192.22308 6.04956 0.01314 0.23780 0.97123 x
1193.46426 5.55461 -0.08324 -0.26631 0.96029 e
1198.51234 0.95101 -0.47044 0.65809 0.58788 eb
1209.73966 1.62439 -0.28917 -0.60410 0.74259 eb
1214.74906 10.90401 -0.19421 -0.01489 0.98085 xb
1216.44574 8.59218 0.26743 -0.05014 0.96227 xb
1220.69702 3.45524 -0.08383 -0.34195 0.93597 x
1223.59358 3.30076 0.07968 0.34437 0.93545 e
1231.82970 1.95942 0.07463 0.33023 0.94094 e
1232.39149 2.20057 0.33511 -0.48246 0.80928 e
1232.63760 20.49253 0.10082 -0.00910 0.99486 x
1233.22570 1.35235 -0.33544 0.64828 0.68353 x
1233.90421 0.83953 0.81809 0.23060 0.52684 e
1238.95950 3.57971 0.01289 0.44824 0.89382 e
1240.44911 7.35231 -0.25496 0.12197 0.95923 e
1241.67038 2.19264 0.48575 0.09564 0.86885 e
1242.41006 4.45688 0.00753 0.39909 0.91688 xb
1245.95216 1.73583 0.41249 0.07013 0.90826 xb
1250.51859 6.59762 -0.22588 -0.16003 0.96092 x
1257.54541 5.67828 -0.28091 -0.20322 0.93797 xb
1262.78276 3.08701 -0.33994 -0.26628 0.90196 e
1266.89516 4.20230 0.25984 0.21727 0.94089 e
1274.76426 3.65404 0.15155 -0.30435 0.94043 e
1282.18991 0.89453 0.26593 0.78127 0.56470 e
1285.89633 17.47710 0.09528 -0.00123 0.99545 e
1287.82359 3.75349 0.28535 -0.26923 0.91983 eb
1289.11721 1.23541 0.06293 0.64455 0.76197 x
1292.59900 13.35085 0.04988 0.10669 0.99304 x
1293.05984 10.45547 0.17367 0.17213 0.96964 x
1296.33416 4.41530 0.40330 -0.11837 0.90738 e
1298.16177 15.16781 0.07088 0.02140 0.99726 e
1306.27854 7.00022 0.03127 0.22106 0.97476 e
1308.79295 5.49307 -0.06415 0.22958 0.97117 e
1321.00341 1.37013 0.62904 0.34857 0.69484 x
1322.83928 2.84412 -0.38179 -0.29271 0.87668 e
1328.42091 15.65792 -0.04065 0.06237 0.99722 e
1334.12417 6.75200 -0.12118 -0.19106 0.97407 e
1334.26137 18.28838 -0.10676 -0.01235 0.99421 e
1335.04260 11.75333 0.06837 0.00984 0.99761 e
1341.09688 3.49675 -0.34488 -0.20566 0.91584 eb
1350.46588 1.70546 -0.10506 0.61001 0.78540 xb
1352.08571 3.89032 0.09557 -0.35200 0.93111 e
1354.72043 5.39202 0.32428 0.09097 0.94158 eb
1355.04927 17.75098 0.04413 0.15796 0.98646 xb
1357.70716 16.03093 0.09264 -0.05144 0.99437 xb
1358.13388 2.71755 -0.28570 0.37692 0.88108 x
1358.47885 8.28452 0.13757 0.12611 0.98243 x
1362.77277 4.13893 -0.18725 0.37734 0.90695 xb
1374.65892 2.09779 0.49565 0.31798 0.80822 eb
1395.11568 4.52938 0.10233 0.33799 0.93557 e
1397.26965 10.81820 -0.06487 -0.08196 0.99452 x
1411.62387 4.11519 0.26808 -0.23043 0.93543 e
1414.15605 11.21197 0.02931 -0.05903 0.99783 e
1415.35885 5.18413 -0.14075 -0.29268 0.94580 e
1422.75450 1.55415 -0.29510 0.61650 0.72996 xb
1427.32494 2.05254 -0.43998 -0.30789 0.84358 e
1428.53323 1.68585 0.53042 -0.32453 0.78316 e
1438.30271 9.53862 0.02021 0.21946 0.97541 x
1440.14366 23.83788 -0.03505 -0.02613 0.99904 x
1444.26079 6.53738 -0.00379 0.22006 0.97548 e
1448.47314 4.66277 0.23565 0.31844 0.91819 e
1454.37887 5.82134 -0.12033 -0.09390 0.98828 xb
1455.32536 5.50228 0.12973 -0.15086 0.98001 e
1455.50406 2.81883 0.46775 0.12592 0.87485 eb
1458.62527 12.41799 -0.15863 -0.03742 0.98663 eb
1459.84313 11.70478 -0.04219 -0.02453 0.99881 x
1459.94722 3.81911 -0.42198 0.11395 0.89942 e
1461.07954 5.95636 -0.08551 -0.12691 0.98822 xb
1463.93181 3.26831 -0.25708 0.35386 0.89927 e
1465.93624 6.60087 -0.05208 0.04200 0.99776 e
1469.73705 6.47075 -0.15687 -0.14911 0.97630 xb
1472.29859 6.12615 0.27760 -0.08193 0.95720 x
1477.35912 4.58274 -0.04509 0.37485 0.92599 e
1482.92362 16.25604 0.10411 -0.01474 0.99446 e
1491.04327 25.67428 -0.03855 -0.01614 0.99913 x
1491.29610 11.12744 0.20505 -0.07516 0.97586 xb
1506.34909 1.60358 0.66121 -0.06272 0.74758 eb
1516.72559 1.67117 0.37139 -0.50385 0.77988 e
1518.11465 1.75677 -0.22035 -0.61008 0.76108 x
1521.93352 1.93419 -0.52123 0.26726 0.81049 e
1528.00577 4.39876 0.31321 0.12329 0.94165 e
1528.37653 3.45231 -0.36115 0.19217 0.91249 e
1534.68643 3.13024 0.43694 -0.21828 0.87260 e
1538.39081 7.63524 -0.06443 -0.14467 0.98738 eb
1542.35463 17.80757 0.09255 0.00759 0.99568 e
1546.89308 2.66156 0.02538 0.50271 0.86408 e
1550.11175 11.33900 0.20629 -0.06262 0.97648 x
1555.36367 13.53953 -0.03408 -0.06362 0.99739 e
1557.52397 12.34371 0.00753 -0.21154 0.97734 e
1559.71968 1.25882 -0.03547 0.73192 0.68047 xb
1559.95139 3.93845 0.14370 0.34975 0.92576 eb
1563.97480 8.28709 0.20596 0.14296 0.96806 x
1571.03741 5.40056 0.06977 0.32090 0.94454 e
1587.09938 3.14846 -0.21530 0.34011 0.91541 xb
1587.44741 7.63058 0.01681 -0.21781 0.97585 x
1587.83345 21.15966 -0.02464 -0.04373 0.99874 xb
1589.28629 5.83186 -0.33091 -0.03522 0.94301 e
1593.50089 1.71219 0.61390 0.02402 0.78902 e
1598.51401 9.50142 0.18370 -0.21473 0.95924 e
1600.92698 1.26432 0.19661 -0.69618 0.69042 e
1604.79562 18.54720 -0.05834 -0.03649 0.99763 e
1606.10456 2.12938 -0.29443 0.44636 0.84503 xb
1613.29010 8.25923 0.07679 0.01943 0.99686 e
1622.02620 3.91412 0.27213 0.20549 0.94006 e
1623.29240 1.62893 0.27275 0.57143 0.77400 e
1624.31819 11.98205 0.06469 -0.06415 0.99584 e
1634.52130 4.15044 -0.20300 -0.36858 0.90716 eb
1639.02378 11.72631 -0.15752 -0.08495 0.98386 eb
1648.52508 19.90769 -0.09150 0.00878 0.99577 xb
1654.92483 0.97897 -0.08186 0.79649 0.59909 e
1660.52647 11.40585 0.12830 -0.06109 0.98985 e
1660.83608 3.59629 0.04198 -0.41475 0.90897 xb
1662.78128 4.91190 0.38574 0.09371 0.91784 x
1672.88382 21.29453 0.07975 0.05011 0.99555 e
1673.00262 8.28085 0.25546 -0.08276 0.96327 x
1684.29309 0.97754 0.29546 -0.73668 0.60828 e
1691.75746 5.56137 0.05135 -0.16321 0.98525 xb
1692.87218 5.71189 -0.33320 0.03084 0.94235 eb
1703.03897 8.01828 0.04242 -0.23709 0.97056 e
1707.47140 11.32041 -0.16332 -0.09907 0.98159 xb
1720.56122 6.79413 -0.07098 0.26735 0.96098 e
1723.38877 5.24219 0.32255 -0.01965 0.94635 eb
1723.97663 5.16142 -0.28511 -0.05231 0.95707 x
1729.82299 1.37174 0.46674 -0.52795 0.70952 e
1740.89243 10.57761 -0.00418 -0.18173 0.98334 e
1754.84414 0.96682 0.27990 0.76345 0.58206 e
1756.75733 3.34919 -0.45440 0.08558 0.88668 xb
1763.87497 8.41120 -0.26636 -0.03422 0.96327 xb
1766.62943 13.73360 -0.07455 -0.11981 0.98999 eb
1773.43497 1.80559 -0.27246 -0.53690 0.79844 eb
1785.69761 14.80911 0.02266 0.08739 0.99592 e
1786.02977 3.89090 0.18227 0.32850 0.92675 e
1789.95751 3.83311 0.36859 0.16622 0.91461 x
1791.25015 1.11757 0.62264 -0.40519 0.66943 e
1801.24728 1.30587 -0.70687 -0.19148 0.68093 x
1810.24904 7.63218 -0.21010 0.02614 0.97733 x
1813.09188 6.16465 0.24054 0.17295 0.95511 e
1832.51533 1.51833 -0.02409 -0.66427 0.74710 e
1833.41247 4.59370 -0.03024 -0.39380 0.91870 e
1836.17638 20.04450 -0.00787 0.10941 0.99397 x
1841.47176 4.58243 0.38953 0.08142 0.91741 e
1844.28788 2.75958 -0.50054 0.14123 0.85412 x
1845.85274 4.31542 0.31943 -0.01799 0.94744 eb
1852.56290 6.19783 -0.26132 -0.13018 0.95643 e
1852.89948 5.12030 0.34169 0.07449 0.93685 x
1856.00265 11.51341 0.08935 -0.17529 0.98045 x
1868.90782 3.89136 0.41399 -0.15215 0.89748 eb
1882.22305 9.48707 0.24631 -0.03879 0.96842 xb
1886.58038 2.94892 -0.12840 0.28989 0.94841 e
1907.80700 1.32756 -0.57640 -0.44178 0.68745 eb
1916.44991 9.71723 -0.09381 0.03364 0.99502 x
1916.47439 1.72912 -0.62144 0.08618 0.77871 x
1918.79816 1.62417 -0.24011 -0.55987 0.79303 x
1927.86457 11.85797 -0.19474 -0.06336 0.97881 eb
1933.87129 17.65298 -0.08667 -0.00725 0.99621 e
1937.92138 12.73625 -0.07001 0.09454 0.99306 x
1945.82510 0.79848 -0.17809 0.85018 0.49546 eb
1950.59587 1.49912 0.34432 0.58526 0.73410 e
1950.84261 10.21501 0.08984 -0.15276 0.98417 e
1959.66703 32.48802 0.01837 -0.04433 0.99885 xb
1960.31211 2.53634 -0.10152 -0.51058 0.85382 e
1964.68190 6.89966 0.21139 0.06784 0.97504 x
1965.13137 4.52350 -0.09647 -0.32160 0.94195 eb
1965.66502 4.22826 0.28559 0.14275 0.94766 xb
1979.53734 23.88224 -0.03616 0.06662 0.99712 e
1982.89689 1.50602 -0.40218 -0.14753 0.90360 xb
1990.52849 2.00055 -0.43634 0.42214 0.79461 e
1996.44134 14.38712 -0.13289 0.13999 0.98120 eb
1997.01873 6.55909 0.03461 0.20123 0.97893 e
1999.90235 2.75392 0.06575 -0.48140 0.87403 xb
2013.41053 4.94832 0.29610 0.15093 0.94316 xb
2015.70692 17.93954 0.04380 -0.15478 0.98698 x
2020.30325 3.57012 -0.10102 0.36975 0.92362 x
2029.29310 7.90691 0.14609 0.09957 0.98425 x
2030.27637 6.11710 0.04611 0.32409 0.94490 eb
2036.82310 25.09321 -0.04329 -0.02219 0.99882 xb
2038.16320 8.38642 0.05050 0.01117 0.99866 xb
2048.50067 3.63322 -0.01734 0.29166 0.95636 e
2059.36372 5.35248 -0.04709 -0.34318 0.93809 x
2063.68507 1.94407 0.30907 0.44491 0.84055 e
2079.87041 3.85034 0.13507 -0.32195 0.93707 eb
2088.43514 1.91399 0.45781 -0.23567 0.85725 e
2090.16956 33.36796 0.09917 -0.01173 0.99500 xb
2102.86653 1.83786 0.27295 -0.54131 0.79529 x
2103.43858 1.76993 0.62543 0.04149 0.77917 e
2103.83491 4.28523 -0.19492 -0.29669 0.93487 e
2109.48780 2.39363 -0.54771 0.02318 0.83635 xb
2113.72158 17.22106 -0.08494 0.10795 0.99052 e
2116.38740 10.89069 0.05180 0.01144 0.99859 x
2119.79568 2.50145 0.13224 -0.50960 0.85019 eb
2122.50361 9.85257 0.10394 0.09231 0.99029 e
2122.51974 7.36048 -0.05850 -0.22183 0.97333 eb
2144.29976 19.38560 -0.09938 0.00933 0.99501 e
2149.32167 8.17323 -0.15734 0.01527 0.98743 e
2160.12431 1.55731 0.65780 -0.15695 0.73666 eb
2163.06805 4.33104 -0.21911 -0.06342 0.97364 e
2163.71931 1.09843 0.14374 -0.76650 0.62596 x
2167.84595 4.29737 0.08137 0.35913 0.92973 e
2172.59683 1.01579 0.73784 0.32633 0.59084 xb
2179.74374 4.97571 0.29519 -0.20418 0.93337 xb
2187.92797 10.68343 0.13921 0.06888 0.98786 e
2200.67999 3.88156 0.39170 0.15465 0.90700 xb
2209.98965 2.55167 0.46662 0.27574 0.84038 e
2212.97729 6.72912 0.20649 -0.19151 0.95952 x
2220.02086 5.95333 -0.20896 -0.22281 0.95220 x
2222.79677 3.19082 0.22143 -0.38188 0.89729 e
2227.12739 2.93086 -0.39094 0.30034 0.87003 x
2230.43553 14.87101 -0.08138 0.14984 0.98536 xb
2234.80346 3.92665 0.06137 0.35489 0.93289 e
2235.55940 12.59776 -0.10347 0.00547 0.99462 e
2237.37447 12.05627 -0.12636 -0.13547 0.98269 x
2239.87865 23.81645 -0.09321 -0.04666 0.99455 e
2244.16805 1.00737 -0.06471 -0.79667 0.60094 xb
2244.40867 8.74829 0.16067 -0.18909 0.96873 xb
2264.90039 5.32300 0.20824 -0.28270 0.93633 eb
2269.76729 16.01514 -0.06876 0.14342 0.98727 e
2287.17645 1.13444 -0.70171 -0.25832 0.66399 e
2291.22063 0.77467 0.29988 -0.82721 0.47518 xb
2293.53354 9.08224 0.23737 0.10920 0.96526 x
2295.48737 5.76682 -0.29429 0.05112 0.95435 x
2300.70501 2.55693 -0.51177 0.10555 0.85261 e
2307.77953 2.16273 0.03298 -0.49078 0.87066 e
2307.98552 18.52463 0.01650 -0.03011 0.99941 x
2320.79747 5.92953 -0.15406 -0.30043 0.94128 x
2330.97720 4.97094 0.19317 -0.27547 0.94170 eb
2332.34996 4.98846 0.20858 -0.09289 0.97358 xb
2365.52383 8.48171 0.15211 0.15014 0.97689 x
2372.14629 16.47010 0.02776 0.05896 0.99787 x
2380.23748 6.46755 0.21943 -0.04065 0.97478 e
2382.86726 7.21339 0.06107 0.22868 0.97158 xb
2397.55197 3.18298 0.36376 -0.31387 0.87702 e
2398.51106 14.26216 0.15657 -0.07772 0.98460 e
2407.60286 11.68341 -0.16108 0.04596 0.98587 x
2408.05593 5.28409 0.11366 0.02281 0.99326 x
2410.99258 1.10842 0.35424 -0.68704 0.63442 eb
2419.70822 3.16862 -0.03020 -0.49006 0.87117 e
2425.34529 9.81667 0.03702 -0.14920 0.98811 x
2427.76839 5.77763 -0.09493 -0.14962 0.98418 e
2429.50765 6.65146 -0.12405 0.15685 0.97980 e
2429.77598 5.12890 -0.29985 -0.21077 0.93041 eb
2430.30775 4.59646 -0.36722 0.06019 0.92818 xb
2430.66121 6.76199 -0.24103 -0.12105 0.96294 eb
2443.56428 7.86295 -0.07223 0.06206 0.99546 e
2446.36663 1.93940 -0.07486 0.59591 0.79956 xb
2451.21801 4.54185 -0.07278 0.39804 0.91448 e
2467.56565 2.11983 0.37520 -0.45516 0.80750 eb
2493.21984 3.79356 0.25721 0.34895 0.90115 x
2507.28504 5.78797 -0.18769 0.13436 0.97300 xb
2514.10373 14.96914 0.14353 -0.09123 0.98543 x
2516.02834 4.96120 0.24852 0.22712 0.94162 x
2517.93110 2.29981 0.00789 0.42292 0.90613 e
2534.29752 2.19133 -0.36452 0.41342 0.83439 e
2542.41662 8.60519 -0.21713 0.12876 0.96761 x
2543.32846 3.20250 -0.31559 0.37523 0.87155 xb
2545.35560 4.24301 0.38224 -0.01164 0.92399 xb
2552.52721 7.14877 0.02022 -0.18917 0.98174 e
2563.05919 9.52258 -0.24789 0.01804 0.96862 e
2563.57646 15.03620 0.09201 0.10972 0.98970 x
2564.50118 6.64428 -0.04118 -0.21263 0.97626 e
2567.99605 14.67701 0.10472 -0.08135 0.99117 xb
2569.98008 3.07814 0.18038 0.04139 0.98272 xb
2574.63795 1.71203 0.55012 0.13082 0.82478 e
2589.19405 6.03252 0.18086 0.12446 0.97560 e
2594.61600 21.59314 0.01761 -0.01647 0.99971 e
2603.10023 3.66985 -0.42902 0.11535 0.89590 eb
2609.32221 2.39481 -0.39291 0.34308 0.85318 eb
2621.65563 7.74711 0.15272 -0.01054 0.98821 e
2621.70193 24.37665 -0.04721 0.00178 0.99888 x
2629.90896 0.96847 0.56581 0.58301 0.58306 e
2635.51524 1.15306 0.58532 -0.47758 0.65522 xb
2636.51020 5.58522 0.11065 0.33714 0.93493 xb
2637.42233 2.74606 -0.44515 0.25987 0.85692 x
2643.18548 5.63946 0.12348 0.26145 0.95729 e
2652.76106 10.75871 -0.03551 -0.10327 0.99402 e
2660.63099 6.80201 0.20267 0.01518 0.97913 e
2666.52566 10.05005 -0.06168 0.13523 0.98889 xb
2670.80497 7.87963 -0.29195 -0.01734 0.95628 x
2670.94665 8.77938 -0.14126 -0.20204 0.96914 e
2673.10449 9.81662 0.21619 0.08334 0.97279 eb
2674.70528 21.63288 0.01075 0.15925 0.98718 x
2678.95451 5.80025 -0.03637 0.35037 0.93590 eb
2682.15617 4.52550 -0.33527 -0.08802 0.93800 x
2683.67563 12.94300 0.02935 0.15022 0.98822 e
2684.25842 8.52159 0.10044 -0.09328 0.99056 x
2690.13152 1.09815 -0.67350 0.34885 0.65169 x
2690.73063 7.69750 0.12308 -0.06127 0.99050 x
2691.90530 11.05633 0.04253 0.10214 0.99386 xb
2695.91973 1.80012 -0.17551 -0.40637 0.89669 e
2696.39088 6.10538 -0.01377 0.19758 0.98019 e
2699.67634 31.26427 0.02865 -0.00240 0.99959 e
2712.85981 1.33039 -0.05388 -0.70260 0.70954 eb
2714.08929 8.66060 0.23626 -0.10172 0.96635 xb
2717.11795 2.04880 0.31032 0.51017 0.80214 x
2737.86782 14.14299 0.03735 -0.07725 0.99631 e
2744.07106 7.54931 -0.24758 0.04021 0.96803 eb
2746.38913 6.20052 -0.01712 0.28025 0.95977 x
2747.48083 5.68273 0.17301 -0.27142 0.94678 eb
2749.99618 5.46330 -0.15931 0.30822 0.93788 eb
2760.40259 3.84313 0.20347 -0.39830 0.89440 eb
2764.37101 8.00857 -0.14372 -0.17821 0.97344 xb
2769.71994 2.88673 -0.23987 -0.46482 0.85229 x
2773.99368 10.73047 0.04135 -0.17150 0.98432 x
2784.40120 3.15415 -0.11641 -0.29198 0.94931 e
2787.74254 2.89070 -0.26113 0.43850 0.85996 xb
2789.03768 3.01157 0.44042 0.10259 0.89191 e
2789.29962 1.05666 -0.74206 0.03623 0.66936 x
2789.84192 4.70788 0.38049 0.09829 0.91955 e
2793.67062 1.55742 0.60635 -0.14078 0.78263 e
2793.72781 5.90267 0.29013 -0.12276 0.94908 e
2801.70241 1.80656 -0.15288 0.61306 0.77510 x
2807.19709 14.35411 -0.19658 0.06227 0.97851 x
2807.46212 2.96809 0.31723 0.24947 0.91495 x
2808.02470 4.72301 -0.33830 0.00504 0.94102 e
2836.38470 0.77027 -0.06751 0.88236 0.46570 eb
2837.81386 1.23351 0.72940 -0.16918 0.66284 xb
2850.17286 8.41442 0.01781 0.23010 0.97300 e
2861.96416 4.22727 -0.12736 0.28408 0.95030 xb
2864.74270 7.28515 -0.13135 -0.06888 0.98894 e
2865.77538 2.59258 0.06929 -0.51115 0.85669 xb
2869.94473 1.09504 -0.13966 0.73141 0.66748 x
2877.47545 5.20499 0.33485 -0.04225 0.94132 e
2888.06622 5.02405 0.17010 -0.27180 0.94720 x
2889.06211 3.93670 -0.33126 -0.26350 0.90600 eb
2900.97142 4.66599 -0.12272 -0.39087 0.91223 e
2912.17935 12.18612 0.15179 0.03461 0.98781 e
2926.26496 13.81199 0.01446 0.06315 0.99790 x
2931.22928 11.77119 -0.08533 0.05364 0.99491 x
2933.96665 1.30466 0.39858 0.60354 0.69056 eb
2941.90615 3.49806 0.32232 0.17788 0.92977 x
2963.03967 9.33508 -0.13133 0.06250 0.98937 xb
2984.51800 1.74320 -0.17172 0.63324 0.75466 eb
2989.47518 4.91761 -0.32891 -0.08319 0.94069 eb
2997.11204 5.12810 0.38184 0.05740 0.92244 x
3000.16372 4.92587 0.13301 0.25930 0.95659 e
3002.28166 5.77136 0.11386 -0.24027 0.96401 e
3008.42071 1.28687 0.57088 0.38779 0.72368 eb
3010.24648 3.98815 0.40833 -0.03003 0.91234 xb
3024.89351 4.79131 0.26438 0.22237 0.93843 xb
3025.13383 1.05100 -0.54127 0.56726 0.62068 e
3035.66738 20.21122 -0.11124 -0.01642 0.99366 xb
3047.32067 4.23906 0.35018 -0.14271 0.92575 eb
3061.23729 5.44277 -0.27871 -0.03709 0.95966 x
3074.59884 2.50384 0.02810 -0.47180 0.88126 eb
3078.72962 0.97495 -0.35892 0.73259 0.57834 e
3079.66403 10.51978 0.05882 -0.04879 0.99708 x
3082.71146 0.95473 -0.50579 0.59563 0.62401 eb
3086.98432 4.96954 0.04598 0.33261 0.94194 eb
3099.77921 10.11473 0.21023 -0.12390 0.96977 eb
3112.39367 2.62485 -0.06652 0.51189 0.85647 xb
3117.20520 3.94770 -0.43056 0.05670 0.90078 xb
3117.58127 3.95343 -0.43443 0.02486 0.90036 xb
3123.55165 6.38774 0.26275 0.06503 0.96267 x
3132.74865 6.18198 0.17490 0.28903 0.94121 x
3139.94716 4.67115 0.08994 0.20075 0.97551 e
3149.37388 3.35044 0.29418 0.28517 0.91222 eb
3150.70219 2.32676 -0.27445 -0.46688 0.84066 e
3156.98924 4.12346 -0.15867 0.39737 0.90384 e
3172.10426 4.39989 0.18897 -0.30014 0.93499 e
3179.70788 4.11499 -0.31486 -0.26983 0.90998 eb
3183.58124 1.28864 0.49962 -0.51801 0.69429 xb
3188.36129 3.60874 -0.19803 0.36619 0.90922 e
3199.25661 4.59252 0.36039 -0.01814 0.93263 eb
3202.63402 2.27463 -0.26500 -0.49392 0.82814 e
3206.25952 3.05376 0.01767 0.41309 0.91052 x
3217.14354 1.98393 0.34974 -0.44745 0.82308 eb
3220.00530 1.37663 -0.67486 -0.15643 0.72117 xb
3227.83002 1.13601 -0.47628 -0.59789 0.64474 eb
3227.88408 1.74159 0.02386 -0.61135 0.79100 e
3240.77505 11.65302 -0.05665 0.08604 0.99468 eb
3242.47543 5.59938 -0.33420 -0.02364 0.94220 e
3243.55483 30.21696 -0.01124 0.09703 0.99522 xb
3244.18689 7.01549 0.09904 -0.26407 0.95940 eb
3246.49263 1.77498 0.13162 0.60740 0.78341 eb
3256.23213 3.48705 0.39464 -0.17634 0.90176 xb
3256.26033 2.48137 -0.49984 -0.16321 0.85060 e
3265.64068 4.28108 0.35482 -0.02927 0.93448 e
3268.45825 8.41369 0.07926 0.12409 0.98910 x
3271.08721 1.15119 0.73563 -0.17958 0.65315 e
3272.25611 2.82460 -0.21135 -0.38505 0.89837 e
3305.27282 14.02333 0.01999 0.13059 0.99124 xb
3308.99131 1.79603 0.22633 0.53567 0.81353 e
3311.78861 1.48340 0.52813 0.44488 0.72330 eb
3312.04953 5.29384 -0.09298 0.24034 0.96622 e
3334.33535 20.33044 0.05075 0.00240 0.99871 x
3337.80803 16.42517 0.01050 -0.11865 0.99288 xb
3339.10615 2.74892 0.13877 -0.46655 0.87354 xb
3345.34407 8.16714 -0.18801 -0.12333 0.97439 eb
3347.69698 5.36004 0.21307 -0.15505 0.96466 x
3353.17250 0.93140 0.44623 0.70318 0.55355 e
3370.01291 6.10824 0.30758 -0.01463 0.95141 e
3387.86030 6.33467 -0.20269 -0.02156 0.97901 x
3391.62174 7.34737 0.10691 -0.16609 0.98030 x
3391.97308 9.49809 -0.21700 -0.01912 0.97599 e
3396.14826 19.21594 -0.10029 -0.01792 0.99480 e
3411.72044 7.93008 0.21249 -0.01887 0.97698 e
3412.55562 4.69743 -0.19411 0.21671 0.95674 e
3425.95957 6.19226 -0.31059 -0.09474 0.94581 e
3426.39392 10.03826 0.10916 0.06234 0.99207 xb
3443.48159 4.36929 0.16721 -0.08168 0.98253 e
3476.05627 5.56646 -0.27810 0.04928 0.95929 e
3490.14473 0.80199 0.84719 0.14952 0.50982 e
3491.92244 1.09151 0.73999 -0.22816 0.63274 e
3492.49942 4.97172 -0.08283 -0.28432 0.95514 eb
3492.82245 5.55534 -0.21061 -0.25657 0.94330 eb
3502.64142 2.50959 0.42519 0.26745 0.86469 e
3502.73989 7.97184 -0.17739 0.02828 0.98373 xb
3517.93028 11.17740 0.08268 0.16332 0.98310 x
3526.88918 1.76260 -0.14280 0.62168 0.77014 x
3532.73626 5.47331 0.32758 -0.13331 0.93537 eb
3539.57306 6.44524 -0.25776 0.11170 0.95973 e
3550.12187 1.27597 0.61021 -0.42969 0.66559 e
3551.83442 11.10974 0.10422 0.14750 0.98356 e
3556.92942 3.71191 -0.26090 -0.15572 0.95272 e
3571.47020 14.37370 0.11918 0.01694 0.99273 e
3578.20237 10.45008 -0.00166 0.06639 0.99779 x
3612.83023 5.95995 0.26040 0.02796 0.96510 e
3625.25252 2.75606 -0.47791 -0.11447 0.87092 x
3632.47007 10.44055 -0.03144 -0.14268 0.98927 x
3640.49929 3.50801 -0.25543 -0.26882 0.92871 e
3662.60074 7.53930 0.06907 -0.26777 0.96100 x
3678.01610 1.09524 0.57810 -0.49858 0.64592 e
3678.74190 1.23079 0.37343 0.60327 0.70471 eb
3679.20017 4.80404 0.02852 0.33919 0.94028 x
3679.61639 15.16957 -0.07312 0.04208 0.99643 xb
3698.37765 14.06645 -0.13059 -0.06283 0.98944 e
3718.31560 5.21310 0.09400 -0.01381 0.99548 x
3719.11494 7.11959 0.16652 0.01957 0.98584 xb
3720.15452 2.55238 -0.53989 0.01643 0.84157 xb
3722.53071 5.30014 -0.12253 -0.12544 0.98451 e
3724.20169 18.34876 -0.01745 0.06541 0.99771 e
3727.30598 6.16805 -0.28751 -0.13861 0.94770 e
3727.96974 4.97553 0.23800 -0.13479 0.96187 xb
3741.93391 5.13114 -0.03072 -0.27329 0.96144 e
3744.90106 2.19793 0.25728 -0.52132 0.81366 e
3749.78546 1.95536 0.12388 -0.38932 0.91273 e
3754.59422 25.77619 -0.00340 -0.05561 0.99845 x
3765.69489 2.25622 -0.36230 -0.45158 0.81536 eb
3774.15468 3.58407 0.26970 0.37038 0.88886 xb
3774.70094 4.14978 -0.25583 0.29385 0.92098 x
3778.63915 5.32054 -0.26823 -0.10322 0.95781 e
3782.10706 4.66076 -0.04265 0.34755 0.93669 e
3790.17439 11.31083 -0.10398 -0.16272 0.98118 x
3794.90423 1.04775 0.71168 0.32569 0.62245 eb
3796.13008 9.69841 0.01170 -0.06553 0.99778 e
3798.63981 2.55035 -0.38229 -0.13844 0.91361 eb
3855.79085 16.48317 0.03317 -0.16132 0.98635 e
3855.91565 1.30897 -0.68015 0.07855 0.72885 e
3871.45619 7.47131 0.24077 -0.08220 0.96709 eb
3891.70603 1.62337 0.49762 0.28574 0.81898 e
3909.33624 8.79081 -0.24746 -0.07829 0.96573 eb
3941.67382 8.08903 0.00846 -0.13919 0.99023 x
3969.61167 6.07746 -0.14413 -0.32423 0.93493 e
3970.41126 4.91981 0.26125 -0.21543 0.94092 x
3971.76571 11.45539 0.00978 -0.10033 0.99491 xb
3972.75924 2.31451 0.45673 -0.01107 0.88954 eb
3973.08426 12.53173 0.12973 0.06954 0.98911 e
3978.76522 3.69078 -0.37703 -0.23927 0.89476 eb
3987.25993 10.01969 0.12565 -0.16318 0.97856 x
3992.86824 8.06613 -0.06682 -0.14671 0.98692 x
4010.10892 7.28011 -0.11293 0.12052 0.98627 e
4011.35800 1.36855 0.10578 -0.68128 0.72434 e
4017.44341 5.81905 0.05453 0.23282 0.97099 e
4017.51369 4.79976 -0.36341 -0.17313 0.91540 e
4020.05583 4.28396 0.05224 -0.33069 0.94229 xb
4031.65224 4.50301 -0.05189 0.18718 0.98095 e
4032.49268 1.10211 0.27926 -0.70664 0.65014 eb
4034.14742 8.68990 -0.00328 0.20152 0.97948 x
4037.24325 7.10212 0.16383 0.26069 0.95142 e
4041.12221 4.49845 -0.20293 0.35766 0.91154 eb
4056.66855 1.94349 -0.37349 -0.48835 0.78868 xb
4075.36347 4.17867 -0.26487 0.24111 0.93366 e
4080.66467 7.29823 0.30390 0.01963 0.95250 e
4083.49487 6.21473 -0.01809 -0.16388 0.98631 x
4087.32530 5.98965 0.27143 0.11665 0.95536 eb
4102.55035 3.46642 -0.42363 0.14746 0.89375 eb
4111.28904 8.09521 0.15457 0.19930 0.96767 x
4111.33960 4.06245 -0.13215 -0.35196 0.92664 e
4111.43836 1.80639 0.07613 -0.63138 0.77173 xb
4113.70921 0.97869 0.61041 -0.49483 0.61851 x
4131.33698 1.80660 -0.30453 0.51619 0.80051 e
4135.46870 5.75908 0.34258 0.06542 0.93721 x
4142.35357 8.01367 0.04500 -0.15439 0.98699 x
4149.90253 7.32980 0.19590 0.18491 0.96303 eb
4175.25105 8.47316 -0.14905 0.12277 0.98118 e
4182.57965 3.64397 -0.24659 0.32004 0.91475 eb
4186.24510 7.69647 0.09421 0.29499 0.95084 xb
4203.39434 6.87849 0.18889 0.16882 0.96738 xb
4203.74049 8.76021 0.02847 -0.12228 0.99209 e
4211.63089 2.05258 -0.42006 0.33990 0.84144 e
4225.96139 4.36278 -0.05824 0.25597 0.96493 e
4230.16429 4.53862 -0.32172 -0.23943 0.91606 e
4251.43365 1.43985 0.65145 0.18353 0.73616 eb
4258.34695 1.32495 -0.71299 0.15101 0.68472 xb
4270.53246 3.56638 0.16532 -0.39930 0.90179 xb
4274.78633 6.73208 0.25899 0.17006 0.95079 eb
4276.51743 10.43044 0.00545 -0.05862 0.99827 x
4283.82846 9.54878 0.14654 0.11416 0.98259 x
4303.71732 1.43630 -0.68626 -0.15219 0.71126 eb
4307.76467 10.70963 -0.06430 0.11678 0.99107 xb
4313.66567 12.75804 -0.03102 0.11052 0.99339 eb
4323.75539 4.66181 -0.26511 0.23908 0.93411 e
4324.08077 5.71544 0.16827 0.11768 0.97869 x
4326.93476 9.34225 -0.02659 0.09699 0.99493 x
4360.82765 2.22070 -0.43145 0.27640 0.85875 e
4366.34684 5.26751 -0.24170 0.29070 0.92578 xb
4379.80029 5.98014 0.02605 0.33435 0.94209 xb
4384.17765 2.74071 0.21809 -0.48324 0.84789 xb
4385.44158 4.27855 0.41481 0.13854 0.89930 xb
4402.33736 2.74964 -0.35154 0.40132 0.84579 eb
4408.68901 8.39675 0.10423 -0.09849 0.98966 e
4426.67743 2.72190 0.44004 0.12397 0.88938 xb
4446.61433 9.59095 0.00292 -0.00718 0.99997 e
4455.44963 5.03513 0.13303 -0.35334 0.92599 eb
4463.29005 5.99368 0.20591 0.06658 0.97630 e
4469.86881 7.65871 -0.09534 -0.25394 0.96251 x
4473.84255 4.69357 -0.10248 0.12005 0.98747 x
4475.97082 3.45400 -0.36203 0.28495 0.88754 xb
4482.20926 11.36612 -0.00946 0.13645 0.99060 e
4485.42328 9.88743 -0.11134 -0.06685 0.99153 xb
4491.48212 7.06780 -0.23581 -0.17091 0.95665 eb
4493.58779 5.14814 0.27956 0.02922 0.95968 e
4504.28803 3.31309 -0.22889 -0.20497 0.95163 e
4518.39199 1.30388 0.48430 -0.55226 0.67857 eb
4524.54008 4.56957 0.07331 -0.18441 0.98011 x
4534.85939 3.97477 -0.22486 0.31515 0.92202 x
4535.43308 6.58214 -0.15357 -0.10461 0.98259 x
4556.00739 1.10154 0.37382 0.66119 0.65045 e
4571.02232 9.62721 0.02185 -0.23025 0.97289 e
4587.84421 5.34219 -0.19349 0.25089 0.94848 x
4628.06704 3.83111 -0.38489 -0.20671 0.89952 xb
4632.98972 1.49082 0.45210 -0.53895 0.71073 xb
4638.35289 7.62678 0.23194 0.07315 0.96998 eb
4646.40452 6.69696 -0.24176 -0.01834 0.97016 eb
4655.83221 10.19655 -0.16271 0.00251 0.98667 x
4657.80101 2.97272 -0.47350 0.08013 0.87714 xb
4688.76854 1.87179 -0.42156 0.46918 0.77599 x
4699.97254 6.40441 0.14935 0.11121 0.98251 e
4712.65228 9.17981 0.21756 -0.00048 0.97605 xb
4717.85347 10.40177 0.22903 0.01243 0.97334 x
4759.77096 24.94096 0.00426 -0.04860 0.99881 x
4769.22058 8.03530 0.03759 0.22624 0.97335 eb
4775.11446 8.22388 0.24205 0.12428 0.96227 e
4783.71193 8.50322 0.00353 -0.19178 0.98143 x
4810.56449 1.10367 -0.25971 0.71361 0.65063 e
4814.01998 20.40988 -0.11040 -0.02919 0.99346 e
4815.51082 3.07958 0.04867 -0.44995 0.89172 eb
4833.88464 2.11483 -0.20324 -0.51899 0.83027 eb
4836.31512 3.20109 -0.16147 -0.39951 0.90240 e
4844.22304 1.68755 0.62128 0.17600 0.76356 eb
4845.35011 11.72918 -0.08951 0.18011 0.97957 x
4867.01196 6.08576 -0.31335 -0.07290 0.94684 xb
4870.09070 2.87187 0.34010 0.17009 0.92488 xb
4902.80299 3.72941 0.04833 0.34204 0.93844 xb
4903.11852 3.18026 0.23278 -0.31218 0.92106 e
4906.84513 6.22122 -0.19926 -0.28446 0.93775 xb
4915.64174 1.84596 0.45084 0.40714 0.79435 e
4925.12126 5.14932 -0.35199 -0.00528 0.93599 e
4927.07256 6.71829 0.00309 -0.16590 0.98614 xb
4928.52764 5.02181 -0.29846 0.16931 0.93929 xb
4959.84809 1.22039 -0.47882 0.57316 0.66500 e
4975.12067 4.48442 -0.26690 0.32041 0.90890 e
4998.50475 8.56471 0.02332 -0.20477 0.97853 eb
5007.52501 16.94282 0.00444 0.18327 0.98305 e
5009.51578 5.23098 -0.36408 -0.01607 0.93123 e
5035.96440 1.22868 -0.63479 0.27984 0.72023 eb
5038.73916 6.77486 0.22931 0.11673 0.96633 x
5039.94919 1.63361 0.60649 -0.24742 0.75561 e
5051.95098 2.30259 -0.21057 0.42532 0.88020 eb
5053.06022 6.73888 0.21726 0.11655 0.96913 eb
5054.05585 11.63284 -0.06288 -0.11746 0.99108 x
5059.63555 3.89972 -0.35962 -0.09678 0.92807 e
5070.14640 6.15953 0.29422 0.05584 0.95411 xb
5079.88614 3.66031 0.34055 0.27431 0.89932 xb
5085.41720 1.69361 0.62899 0.14490 0.76379 eb
5089.35981 4.03022 -0.35862 0.00610 0.93346 x
5089.46358 12.11884 -0.08488 -0.08303 0.99293 eb
5092.92592 1.30515 0.04597 0.72994 0.68196 e
5134.15685 3.63575 -0.45320 -0.04541 0.89025 e
5141.64076 8.42174 -0.05965 -0.28102 0.95785 xb
5145.83254 14.82851 0.02760 0.11589 0.99288 x
5179.01944 1.40673 0.70539 -0.13006 0.69679 eb
5197.15698 12.32622 0.01151 -0.12180 0.99249 e
5203.39810 5.37127 0.29842 0.02174 0.95419 xb
5206.91885 1.35850 -0.26678 -0.55978 0.78452 xb
5210.11222 8.23078 0.22122 -0.01637 0.97509 e
5215.36029 1.76118 -0.44772 0.28604 0.84719 xb
5219.65560 4.47933 0.32281 -0.17129 0.93083 eb
5250.99590 7.51596 0.11988 -0.04332 0.99184 x
5252.79815 10.30766 0.09069 -0.13025 0.98732 e
5267.48137 7.44058 0.02853 0.11227 0.99327 xb
5280.96125 4.28060 -0.01809 -0.24223 0.97005 e
5296.24231 7.56093 0.07690 -0.20543 0.97565 eb
5307.21851 5.76765 0.26249 -0.19181 0.94568 xb
5334.21620 3.62387 0.42368 -0.15819 0.89189 e
5337.90134 3.13256 -0.35825 0.16982 0.91805 e
5344.99385 1.10631 -0.74343 -0.01879 0.66855 xb
5367.70360 1.95012 0.07131 0.55769 0.82698 e
5371.54394 1.05293 0.72498 0.12029 0.67819 eb
5410.46718 1.00608 -0.44819 -0.63204 0.63218 eb
5418.43992 5.39691 0.17060 -0.21003 0.96270 e
5449.70734 2.52409 -0.01249 -0.51389 0.85777 xb
5461.43103 3.33758 -0.31859 0.32916 0.88890 eb
5462.73994 12.76246 0.01488 -0.22085 0.97519 xb
5497.77317 1.46621 -0.00315 0.54019 0.84154 eb
5512.35055 7.90436 -0.13490 -0.24479 0.96015 e
5513.63822 2.36413 -0.25532 0.50594 0.82391 x
5527.54808 1.58555 -0.53080 0.38887 0.75301 xb
5538.31420 2.48415 -0.09060 -0.45119 0.88781 e
5553.61841 25.91538 -0.05847 0.02633 0.99794 e
5555.76038 2.15687 -0.07421 0.57414 0.81539 x
5560.49906 1.60105 0.66102 -0.01116 0.75028 eb
5585.15585 5.24511 -0.03094 0.14508 0.98894 x
5587.14602 2.90290 -0.01070 -0.46708 0.88415 e
5591.55090 1.76256 -0.38566 -0.47000 0.79396 e
5619.36378 8.21352 0.01001 0.01324 0.99986 e
5619.75199 2.63111 -0.47442 -0.12660 0.87115 e
5623.89011 1.41955 0.66951 -0.23175 0.70573 e
5633.02450 5.72891 0.27999 0.12448 0.95190 xb
5643.81618 10.06844 -0.10399 -0.08583 0.99087 xb
5645.37698 0.95020 -0.32875 0.72806 0.60154 eb
5657.40783 4.85277 0.09674 0.14716 0.98437 x
5662.58002 6.13814 0.16341 0.29001 0.94297 x
5669.49060 7.80035 -0.16274 -0.18843 0.96851 e
5731.95441 21.17405 0.05495 -0.02217 0.99824 x
5733.36492 6.44416 -0.29304 0.09955 0.95090 eb
5733.67717 3.39923 -0.27101 0.35137 0.89615 e
5769.39804 7.37773 -0.05847 0.12307 0.99067 e
5776.45008 5.66846 0.30709 -0.08580 0.94781 e
5786.50740 8.71305 0.18374 -0.01238 0.98290 xb
5817.35817 11.28142 -0.01135 0.17894 0.98380 eb
5821.46806 3.91258 -0.25379 0.05936 0.96544 e
5835.64196 3.05532 0.19421 0.34779 0.91724 e
5859.66255 3.83459 -0.30418 0.25762 0.91712 e
5870.06749 20.67574 0.09192 0.00655 0.99575 x
5886.88646 9.33290 0.10146 0.21610 0.97109 x
5910.32784 2.39034 0.41228 0.21632 0.88500 e
5916.42336 3.04427 0.31976 -0.30932 0.89559 e
5919.25726 3.04968 -0.48042 -0.00153 0.87703 eb
5937.88210 8.74189 -0.01628 0.05611 0.99829 e
5938.76432 6.46696 -0.14866 0.20715 0.96695 xb
5939.68205 2.38272 0.15233 -0.48916 0.85879 eb
5971.64041 5.16171 -0.31887 -0.07224 0.94504 e
6005.09939 1.59657 -0.30023 0.50488 0.80930 e
6011.79654 1.48067 -0.68744 0.07636 0.72222 eb
6016.10901 2.52894 0.10992 0.53370 0.83850 eb
6028.68097 2.23366 -0.33139 -0.07135 0.94079 xb
6035.90507 1.41949 -0.37005 0.59736 0.71150 e
6052.96110 3.57427 0.35592 0.15277 0.92195 eb
6054.75530 2.78457 -0.23011 0.47556 0.84905 x
6055.36920 1.01730 -0.72805 0.24977 0.63840 e
6062.67032 10.05062 -0.00357 0.03769 0.99928 e
6066.87749 1.44954 0.66857 0.18459 0.72037 x
6078.79861 0.85421 -0.62573 0.57422 0.52796 e
6107.86296 14.32233 0.04726 0.06233 0.99694 xb
6114.90006 7.03766 0.07288 -0.11807 0.99033 e
6119.87891 5.66764 -0.27399 0.15066 0.94986 e
6134.33627 5.89759 -0.22633 0.13799 0.96423 e
6157.24605 0.81490 -0.68115 -0.53538 0.49940 e
6159.04178 6.68870 0.01338 -0.18456 0.98273 e
6171.93627 4.99379 0.05475 0.00587 0.99848 e
6179.62305 2.56617 -0.35237 -0.23053 0.90702 e
6182.49321 5.60558 -0.16411 -0.18480 0.96898 e
6187.87885 3.66746 0.43079 0.15194 0.88957 xb
6188.70572 1.47662 0.48855 0.43171 0.75825 e
6189.19813 7.83813 0.11201 0.12911 0.98528 e
6190.67583 1.76334 0.61078 0.22431 0.75937 eb
6197.83063 5.55508 0.17650 0.31109 0.93385 x
6200.41147 3.05911 0.41389 -0.18771 0.89076 eb
6205.07018 1.97441 -0.58594 -0.18133 0.78981 e
6244.65552 10.54090 0.19645 -0.04292 0.97957 e
6281.73464 1.05991 -0.26820 0.71781 0.64251 xb
6286.79993 5.49001 0.00628 -0.05658 0.99838 e
6307.85333 5.18956 -0.00239 -0.30077 0.95369 e
6323.56657 10.90356 0.22703 -0.01420 0.97378 xb
6352.59949 3.01905 0.08491 -0.41246 0.90701 eb
6363.78749 0.87696 0.18375 0.81689 0.54674 x
6368.60558 10.68648 -0.18617 0.10438 0.97696 x
6373.14755 19.35017 -0.02668 -0.04962 0.99841 x
6393.67668 2.39729 0.34586 -0.34329 0.87323 x
6405.54041 1.76989 -0.04293 0.63310 0.77288 xb
6408.00684 13.47919 -0.15861 -0.01857 0.98717 eb
6419.96196 6.19229 -0.04333 0.26308 0.96380 e
6432.21317 7.53358 -0.03099 -0.06823 0.99719 e
6433.80635 1.86288 0.56786 -0.10145 0.81685 e
6448.82554 3.30761 0.23932 -0.29175 0.92607 eb
6453.09126 6.72807 0.27196 -0.01726 0.96215 xb
6461.27500 3.68021 -0.32622 -0.21424 0.92070 e
6466.76874 11.01123 -0.12045 -0.16092 0.97959 e
6483.62907 4.85443 0.19194 -0.22034 0.95635 e
6493.91995 13.15053 -0.15151 0.04458 0.98745 e
6505.72278 1.34336 0.61211 0.29539 0.73353 xb
6514.44036 6.89395 0.07862 0.10893 0.99094 e
6521.70280 1.06127 0.41577 0.63962 0.64655 x
6527.39165 0.90858 0.25469 0.78974 0.55807 x
6533.82595 7.96821 -0.10506 -0.22265 0.96922 eb
6562.78914 13.11223 0.00652 -0.11428 0.99343 x
6568.57042 6.24610 -0.14584 0.26253 0.95384 xb
6581.80191 5.08135 -0.18152 -0.15055 0.97180 e
6584.66403 2.56553 -0.45787 -0.18949 0.86859 xb
6609.73600 10.78448 -0.07043 0.01136 0.99745 e
6620.96621 34.45433 -0.00329 -0.01422 0.99989 e
6650.78036 1.14888 0.32893 0.56768 0.75468 xb
6663.66192 3.19427 0.34785 0.29091 0.89128 xb
6674.92575 18.73694 0.04476 0.06258 0.99704 e
6706.23915 1.87750 -0.35359 -0.48309 0.80100 e
6716.34334 12.93772 0.00426 -0.11414 0.99346 xb
6719.16428 26.26421 -0.10382 -0.02790 0.99420 e
6732.19630 22.02723 -0.00544 -0.07394 0.99725 e
6761.87934 5.80017 -0.33052 -0.11558 0.93670 e
6783.11878 2.79648 -0.17187 -0.33096 0.92786 x
6795.84295 6.25715 0.21126 -0.00741 0.97740 eb
6800.40760 3.76873 -0.35171 0.17608 0.91940 eb
6805.18483 14.03325 0.02491 0.05593 0.99812 e
6816.62961 6.17081 -0.05575 -0.14326 0.98811 e
6829.31769 6.84905 -0.28577 0.07880 0.95505 eb
6834.76346 4.22670 -0.39386 0.12380 0.91080 eb
6843.41921 2.86589 -0.42020 -0.22720 0.87853 x
6891.82220 1.86469 0.46300 0.39473 0.79361 x
6896.01719 3.30670 0.09894 0.12446 0.98728 x
6896.99213 5.04618 -0.26550 -0.24396 0.93273 e
6902.28961 9.74445 0.11241 0.03960 0.99287 x
6906.33462 2.26002 0.20882 -0.53137 0.82100 eb
6920.46918 11.44573 -0.02657 -0.08811 0.99576 e
6930.58482 4.03078 0.37240 0.24554 0.89500 xb
6939.01023 0.78941 0.83583 -0.22402 0.50121 e
6960.03708 4.05523 -0.02257 0.38109 0.92426 xb
6965.76612 12.05975 0.02275 0.21339 0.97670 x
6976.42453 14.31739 0.13162 0.13517 0.98204 e
6984.88375 2.86405 -0.18073 0.40400 0.89673 e
7016.16860 7.98403 0.11085 0.27031 0.95637 e
7035.90988 6.52618 0.02955 0.10910 0.99359 e
7043.32918 7.57221 -0.26527 -0.11975 0.95671 x
7043.90405 12.15507 -0.14574 0.01137 0.98926 e
7045.87416 8.09599 -0.04034 0.07837 0.99611 xb
7052.42019 11.08060 0.18967 0.02997 0.98139 eb
7057.63889 12.30786 -0.00870 0.16792 0.98576 xb
7084.13700 1.29966 0.70898 0.15061 0.68896 xb
7094.72599 10.68052 0.08688 0.13705 0.98675 e
7106.22538 6.34370 0.10859 -0.12512 0.98618 e
7147.87749 3.56969 0.18229 -0.31177 0.93251 eb
7151.41131 2.29634 -0.53786 -0.02083 0.84277 eb
7151.43005 5.33853 -0.07568 -0.34258 0.93644 xb
7157.46495 1.46492 -0.62882 -0.05356 0.77570 eb
7183.41039 3.86696 0.17994 -0.05293 0.98225 xb
7189.98601 1.19093 0.62953 -0.42821 0.64833 x
7205.81027 5.06191 0.10574 -0.15206 0.98270 x
7225.37282 3.72763 -0.20343 0.37293 0.90528 xb
7230.21081 9.43707 -0.08014 -0.16739 0.98263 e
7274.45657 8.07431 -0.23155 -0.05959 0.97100 eb
7278.01783 2.38589 -0.05642 -0.43108 0.90055 xb
7282.32012 3.90173 0.25468 -0.08325 0.96344 eb
7295.34800 1.29410 -0.14820 -0.70880 0.68967 xb
7305.77012 5.11514 -0.10163 0.27871 0.95498 x
7305.81183 1.74075 0.61557 -0.22609 0.75496 eb
7315.53875 7.03876 0.10886 -0.28754 0.95156 e
7319.96824 1.02337 0.65551 -0.43384 0.61814 e
7341.93323 4.55404 0.36133 -0.10118 0.92693 e
7343.16666 3.44046 -0.15045 -0.43793 0.88633 x
7346.00613 0.77438 0.67423 -0.56856 0.47132 eb
7352.76519 1.67122 0.32022 -0.54325 0.77611 x
7360.64648 3.18650 0.00372 -0.42698 0.90425 eb
7369.00486 16.81400 0.01477 -0.11307 0.99348 x
7414.01386 1.46601 -0.65680 -0.14944 0.73911 e
7416.88950 4.07298 -0.10787 0.41378 0.90396 eb
7441.53314 2.07833 -0.35694 0.47196 0.80613 eb
7455.75065 12.68766 -0.08149 0.10753 0.99086 xb
7465.58264 5.24939 0.19375 -0.23220 0.95318 e
7488.27791 4.12361 0.25839 -0.33941 0.90445 e
7490.10010 4.41960 0.13229 0.38302 0.91422 e
7513.06140 8.27578 0.22785 -0.05657 0.97205 x
7513.28502 6.08592 0.08696 0.09534 0.99164 e
7538.98050 3.16894 0.31621 0.32515 0.89123 eb
7563.97840 13.54686 -0.03008 0.12968 0.99110 e
7585.86240 1.61193 -0.34125 -0.56815 0.74884 eb
7586.88502 4.53991 -0.20624 -0.17331 0.96303 e
7603.71240 7.14551 -0.24587 0.14293 0.95871 x
7626.35324 1.38247 -0.26097 0.57915 0.77232 xb
7626.93448 12.73492 0.02886 -0.11771 0.99263 x
7637.79697 1.44940 0.02050 0.66213 0.74911 eb
7672.94119 6.58709 0.10107 0.12278 0.98727 e
7710.40490 2.91696 0.16245 -0.35928 0.91898 e
7717.08551 1.35421 -0.52931 0.47533 0.70278 xb
7720.33358 7.60308 -0.16235 -0.10948 0.98064 e
7727.94054 2.62264 -0.19641 0.42162 0.88524 e
7738.97293 5.71473 -0.14562 -0.01461 0.98923 e
7791.70955 4.06489 -0.05713 0.19594 0.97895 e
7864.15064 8.68649 0.23194 -0.01442 0.97262 x
7867.00206 3.06270 -0.38409 0.24962 0.88891 e
7872.23213 3.58128 0.42081 0.09509 0.90215 e
7876.84783 5.29717 0.23794 0.14503 0.96039 e
7880.82927 3.17282 0.38457 -0.05283 0.92158 eb
7883.93870 6.33628 -0.28926 0.02919 0.95681 xb
7909.38579 2.28075 -0.28928 -0.50230 0.81487 xb
7937.20069 1.96103 0.37623 -0.43627 0.81738 x
7951.30434 2.99279 0.39828 0.20424 0.89423 eb
7957.28010 2.75565 0.35061 0.10520 0.93059 e
7969.04799 5.05555 0.19421 0.15452 0.96871 eb
7970.61312 5.77053 -0.24565 0.10626 0.96352 e
7972.20982 9.01926 0.16662 -0.15207 0.97422 eb
7972.30008 5.61583 0.23969 0.12336 0.96298 x
8008.05444 3.36344 -0.24005 -0.09492 0.96611 x
8022.16216 4.88005 0.14548 -0.17331 0.97406 e
8061.80518 4.88116 0.23707 0.15155 0.95960 eb
8084.50631 1.55568 0.23322 -0.56411 0.79208 e
8117.80671 3.37927 0.43952 0.16303 0.88332 e
8118.54461 1.66501 -0.51765 0.40863 0.75171 e
8121.20663 7.50985 0.21682 0.01667 0.97607 eb
8156.82751 1.41121 -0.23137 0.55897 0.79625 e
8176.01565 2.43543 0.13379 0.46839 0.87333 e
8200.10119 8.10712 -0.18826 -0.05980 0.98030 e
8228.96489 1.22847 -0.50966 -0.21178 0.83390 e
8233.67928 2.22922 -0.43471 0.20143 0.87776 e
8248.56123 0.92326 0.57929 0.57548 0.57728 x
8300.25981 12.01175 -0.11323 0.04888 0.99237 x
8303.99167 16.49299 -0.14089 0.04055 0.98919 eb
8321.46211 0.89473 -0.39543 0.73576 0.54981 eb
8328.91141 3.09826 -0.30755 0.28117 0.90904 e
8362.30487 2.78772 0.26541 0.40427 0.87529 e
8399.53114 6.43705 -0.02483 -0.25484 0.96666 e
8412.05870 15.34557 0.14969 -0.01245 0.98865 eb
8437.52077 1.98720 -0.42481 0.44613 0.78772 x
8484.96974 5.04201 -0.14636 0.29663 0.94371 e
8515.41577 13.03621 0.08117 0.01675 0.99656 x
8523.13961 8.97060 0.07609 0.14260 0.98685 x
8526.84002 4.11599 -0.37521 -0.01368 0.92684 e
8552.60784 4.09949 0.35496 0.22775 0.90672 xb
8584.38036 4.91443 -0.37682 0.02122 0.92604 xb
8597.58843 9.29188 -0.14634 -0.03340 0.98867 x
8598.06478 7.83540 -0.01514 0.10755 0.99408 e
8600.23210 0.83655 0.48956 0.71030 0.50577 xb
8606.48795 7.61547 -0.22390 0.09179 0.97028 x
8611.84580 1.55580 0.53214 -0.37810 0.75754 e
8617.88843 3.73314 -0.36435 0.10447 0.92538 xb
8624.16408 4.36381 0.20167 -0.27408 0.94032 e
8656.53761 1.43875 -0.64490 -0.18782 0.74083 e
8670.07224 0.78298 0.45274 -0.74534 0.48938 eb
8672.14282 3.49765 0.36150 -0.19143 0.91251 eb
8687.31884 3.59103 0.18399 0.37250 0.90961 x
8694.02569 8.81367 0.06478 0.17634 0.98220 e
8703.01626 6.48233 0.19390 0.08851 0.97702 xb
8704.24006 17.50664 -0.01361 -0.11263 0.99354 e
8716.43367 5.59869 -0.04943 0.26061 0.96418 x
8720.81144 1.18114 0.47211 0.55721 0.68310 e
8758.58026 1.60054 0.02831 -0.65515 0.75497 e
8796.79366 1.25188 -0.15352 -0.62356 0.76655 xb
8803.64180 2.96294 0.07269 -0.44446 0.89285 eb
8830.54072 2.08264 0.54567 0.08307 0.83387 e
8839.06212 10.95947 0.20292 0.01953 0.97900 e
8843.19195 6.75574 -0.07963 0.05368 0.99538 xb
8875.81662 3.65878 0.07754 -0.11453 0.99039 x
8882.86274 1.35692 -0.18692 -0.63816 0.74687 e
8893.54260 1.63901 -0.23809 -0.61974 0.74782 eb
8922.48291 2.20316 -0.46526 0.28668 0.83746 e
8927.80151 6.29226 0.29829 0.00309 0.95447 eb
8933.91354 6.10861 0.13928 0.01243 0.99018 x
8975.21337 2.15480 0.48432 0.20467 0.85061 xb
8990.19448 4.11297 -0.18757 0.03406 0.98166 xb
8998.65907 1.39735 -0.52826 0.24846 0.81192 xb
9003.46863 3.15662 -0.32193 0.22708 0.91913 xb
9011.88581 5.06373 -0.23708 -0.02310 0.97122 e
9012.58514 2.70710 0.46723 -0.09856 0.87863 x
9017.70411 5.65004 0.26734 0.16837 0.94878 e
9033.43295 8.05429 -0.18306 -0.17293 0.96777 x
9072.66527 2.83371 -0.31170 -0.08837 0.94606 e
9074.86780 3.86588 0.14124 -0.38291 0.91292 e
9103.66688 1.49326 0.67054 -0.12070 0.73199 e
9106.00224 2.31865 -0.31384 -0.31540 0.89556 x
9118.26034 5.04066 0.32987 -0.14325 0.93309 xb
9133.16021 1.43258 -0.37469 0.48351 0.79109 e
9151.32111 5.73585 0.04298 0.28161 0.95857 x
9157.84526 5.53469 -0.08595 -0.26350 0.96082 x
9160.24974 9.79623 0.22150 -0.11412 0.96846 e
9163.28993 10.09982 -0.10605 0.21810 0.97015 e
9185.02223 8.30116 -0.22269 -0.03746 0.97417 xb
9200.89712 9.80840 -0.04660 0.23056 0.97194 e
9210.22588 1.35975 0.27772 -0.62889 0.72620 eb
9216.04412 14.04177 0.10887 0.05531 0.99252 xb
9219.62853 2.33670 0.00772 0.55556 0.83144 xb
9237.47439 10.71299 0.02172 -0.08579 0.99608 e
9253.85662 0.77610 -0.21942 0.83495 0.50470 x
9285.80468 3.09272 0.39945 0.14098 0.90585 e
9292.36388 2.32550 0.49530 -0.26683 0.82673 eb
9322.26373 12.70893 -0.00592 0.01990 0.99978 x
9360.11580 3.62290 -0.06335 0.26519 0.96211 eb
9367.41967 9.10975 -0.11247 0.16692 0.97953 e
9387.88617 1.20645 -0.53194 0.48601 0.69343 e
9440.88529 3.11478 0.34138 0.28021 0.89719 e
9442.28805 1.62998 -0.61018 -0.14527 0.77883 xb
9480.85172 5.23354 0.16227 -0.31009 0.93676 e
9481.10075 3.87798 0.27902 0.06609 0.95801 x
9486.96301 9.78338 -0.06355 -0.11654 0.99115 e
9488.02807 2.81781 -0.38625 0.30318 0.87114 eb
9514.82484 3.29405 -0.08065 -0.43287 0.89784 e
9515.06569 11.22977 0.02726 0.15012 0.98829 x
9563.62474 7.90553 0.10847 -0.13250 0.98523 e
9598.46866 6.76610 0.01741 0.22026 0.97529 x
9599.28682 6.54126 0.08668 -0.01361 0.99614 xb
9634.86272 0.92801 0.76520 0.25353 0.59177 x
9649.73928 0.77913 -0.30463 -0.82650 0.47340 e
9650.68701 10.99396 0.00812 0.18495 0.98271 xb
9673.09719 1.61428 0.59764 0.18144 0.78096 e
9688.93502 5.34119 0.04829 -0.32701 0.94379 e
9704.78986 3.98885 -0.03746 -0.36180 0.93150 e
9716.92382 3.94889 -0.37779 0.02530 0.92555 eb
9719.24848 1.82096 -0.47895 0.37953 0.79156 e
9724.45130 4.93401 -0.05743 0.19588 0.97895 e
9733.83586 0.97782 0.72240 0.35703 0.59217 eb
9753.08750 3.26088 0.20107 0.44627 0.87202 eb
9757.97686 5.87600 0.31760 -0.02984 0.94775 eb
9758.09706 0.80247 0.36164 0.79741 0.48307 e
9800.82249 1.15765 0.30544 0.67069 0.67593 e
9840.75897 2.67279 -0.09923 0.29253 0.95109 e
9879.01414 2.57804 -0.50822 0.09382 0.85610 e
9879.76901 9.02978 0.11397 0.04948 0.99225 x
9883.17646 1.16508 0.07897 -0.73847 0.66965 e
9904.26060 8.90027 -0.22515 -0.13716 0.96462 eb
9908.91476 9.31481 0.01130 -0.09398 0.99551 e
9917.91436 4.95013 -0.21818 0.26829 0.93831 e
9975.24715 7.47638 -0.00769 -0.20481 0.97877 e
10020.02909 10.22031 -0.05195 -0.10147 0.99348 e
10060.84855 4.90473 0.22150 0.12571 0.96702 e
10078.47120 3.12529 0.10263 0.40968 0.90644 e
10081.82649 11.45335 -0.03442 0.20944 0.97721 e
10088.21287 5.63041 0.27477 -0.14278 0.95085 e
10093.69179 8.50185 -0.22529 -0.11417 0.96758 x
10101.39789 5.67504 0.00025 -0.14183 0.98989 x
10103.02239 3.61601 0.16656 -0.42176 0.89128 e
10117.82549 3.47828 0.21770 -0.00980 0.97597 xb
10165.02909 1.39919 0.60697 -0.35114 0.71294 x
10175.91352 4.00707 -0.22301 0.17526 0.95893 x
10188.23329 2.79131 -0.06699 -0.45826 0.88629 eb
10203.41642 3.46518 -0.32677 -0.32287 0.88824 e
10231.59101 1.32719 -0.39160 0.52595 0.75500 e
10260.51486 9.30408 -0.19342 0.10146 0.97585 e
10293.42165 17.60182 -0.15469 0.00352 0.98796 e
10315.14725 7.61493 0.04918 0.07850 0.99570 e
10321.66686 9.99881 0.02408 -0.23429 0.97187 x
10332.15136 4.58376 0.26626 0.00207 0.96390 x
10341.89768 3.77785 -0.41400 0.10308 0.90442 xb
10415.33623 3.61884 -0.08246 0.28513 0.95493 xb
10420.78551 8.21119 -0.02544 0.17870 0.98357 e
10424.71352 1.50690 -0.18715 0.66095 0.72672 x
10427.77458 4.45037 0.34066 0.09032 0.93584 x
10527.69619 4.89274 -0.38695 -0.04441 0.92103 xb
10529.78109 4.53914 -0.38455 -0.01532 0.92298 xb
10538.30489 2.10915 0.05330 0.52709 0.84814 x
10542.50983 4.99447 0.26671 -0.10833 0.95767 e
10571.37942 6.14138 0.26023 0.05440 0.96401 e
10576.93203 6.14599 0.09252 -0.23084 0.96858 e
10599.06717 13.35259 0.12426 -0.11126 0.98599 xb
10636.14203 5.35330 0.14458 0.28325 0.94809 e
10642.37852 12.64111 0.01349 -0.03825 0.99918 e
10643.93001 1.75728 0.11254 0.55784 0.82228 xb
10663.48457 2.91596 0.35767 -0.32070 0.87705 x
10679.88220 15.76893 0.01948 0.17703 0.98401 x
10685.73415 1.87397 -0.11376 -0.53530 0.83696 xb
10689.36324 1.93094 0.44578 0.34897 0.82432 eb
10692.54312 1.47426 -0.67571 0.01167 0.73707 eb
10706.96526 0.93499 0.53517 -0.55144 0.63993 e
10736.40428 2.09483 -0.14052 -0.54925 0.82376 eb
10778.86049 6.14342 0.32047 -0.12893 0.93844 e
10793.60974 16.18028 -0.01067 -0.00854 0.99991 e
10821.40689 1.25037 0.24150 0.69458 0.67766 e
10821.77504 0.79965 -0.25373 -0.82390 0.50676 e
10827.46379 7.23189 -0.11741 -0.16970 0.97848 x
10862.82044 1.57715 -0.38670 0.53322 0.75242 e
10927.04857 10.05789 0.17740 0.10153 0.97889 x
10951.38209 1.47272 0.53235 0.37061 0.76109 x
10957.44917 5.91214 -0.23644 0.01331 0.97156 e
10984.96717 3.96088 -0.15823 0.32400 0.93273 x
10999.71661 0.84632 0.57063 0.61978 0.53875 eb
11033.88472 7.17229 -0.23502 -0.16827 0.95731 eb
11079.59962 6.18022 -0.06669 0.29809 0.95221 eb
11100.69713 5.55625 0.13895 -0.17314 0.97505 e
11115.44367 11.06945 -0.15402 -0.07505 0.98521 x
11128.40181 6.30226 0.04766 -0.28474 0.95742 e
11129.72425 10.19215 0.00361 -0.19366 0.98106 x
11160.63332 3.10818 0.38048 -0.11697 0.91736 e
11191.77338 2.24977 0.42636 0.26144 0.86595 eb
11202.90487 9.28496 0.11931 0.03560 0.99222 xb
11214.90847 6.67287 -0.18755 0.25896 0.94750 e
11229.39395 7.97258 -0.04306 0.05334 0.99765 e
11238.08089 3.83999 0.16451 0.33582 0.92745 x
11262.49463 1.65985 0.58035 -0.20639 0.78778 e
11264.91224 2.57960 0.45979 -0.24155 0.85454 xb
11267.73236 6.78611 -0.10948 -0.14265 0.98370 e
11281.59612 4.18460 0.25786 -0.09940 0.96106 e
11287.37055 3.75767 -0.39155 -0.08311 0.91639 x
11302.22795 9.83623 0.06844 -0.00817 0.99762 xb
11381.78747 1.76569 -0.37536 0.51540 0.77037 x
11415.22178 16.78580 0.03646 0.00274 0.99933 e
11424.53616 1.78199 0.22119 0.57025 0.79113 eb
11445.34365 1.25091 0.53265 -0.47470 0.70067 e
11520.17970 1.87504 0.28841 0.52513 0.80066 eb
11529.74910 6.31827 0.11294 -0.23304 0.96589 e
11549.00906 1.18071 0.73194 -0.11853 0.67097 eb
11556.84753 1.38897 0.14401 0.61703 0.77365 e
11574.19526 3.53571 -0.21843 0.04668 0.97474 eb
11590.06317 1.97501 0.07359 0.43786 0.89603 x
11597.58735 3.51060 0.31291 -0.28864 0.90486 e
11606.53863 2.78758 -0.33069 0.41966 0.84530 e
11622.46213 10.06516 0.10562 0.08643 0.99064 e
11681.26030 2.33581 0.41943 0.04716 0.90656 e
11721.54375 5.81555 0.11201 0.05530 0.99217 e
11728.24233 1.33109 -0.55950 0.44144 0.70149 xb
11739.17129 9.28282 0.20133 -0.06645 0.97727 e
11745.12023 2.47689 0.48866 0.02230 0.87219 e
11754.38546 14.42731 0.02315 -0.08504 0.99611 e
11816.50141 2.16571 0.57121 -0.04734 0.81944 eb
11837.54539 6.88611 0.08474 0.06948 0.99398 e
11860.56353 3.50897 0.26479 -0.33991 0.90241 e
11879.15743 4.88642 0.20058 0.30795 0.93002 x
11911.87258 9.16738 0.10808 -0.04702 0.99303 e
11928.06949 2.10513 -0.14487 0.52842 0.83653 x
11931.14356 1.54141 0.20379 0.61588 0.76102 xb
11969.56403 16.13737 0.06229 0.11093 0.99187 eb
11972.84415 8.20946 0.19174 -0.15366 0.96934 e
12002.06494 1.42557 -0.09081 0.62474 0.77553 eb
12019.85068 1.68834 0.58215 0.11288 0.80521 e
12021.40824 9.84912 -0.13178 0.15880 0.97848 e
12043.35411 5.68334 -0.31723 -0.03865 0.94756 xb
12108.77159 3.91468 0.28549 -0.08372 0.95472 x
12119.11379 4.73401 -0.39548 -0.05394 0.91689 x
12124.48826 1.08586 0.42214 -0.66527 0.61581 e
12141.51086 8.17374 0.17533 0.08131 0.98115 e
12142.74020 7.25519 0.18072 0.15224 0.97168 x
12178.44488 4.26021 -0.10433 -0.08634 0.99079 e
12242.16942 4.34757 -0.36700 -0.04467 0.92915 e
12253.99860 1.85100 0.46244 0.39943 0.79159 xb
12300.63697 2.73937 -0.43543 -0.29820 0.84940 xb
12334.46929 2.60362 -0.51907 0.07001 0.85186 xb
12336.23409 2.14601 0.38108 0.38217 0.84186 e
12365.12042 1.72667 -0.61062 -0.14961 0.77766 e
12396.24179 3.07239 0.35921 -0.11857 0.92569 e
12396.43793 4.47547 -0.09688 -0.09661 0.99060 e
12440.23150 8.31007 0.24213 0.10999 0.96399 x
12441.92044 6.03844 0.10009 -0.17698 0.97911 xb
12462.66241 12.24529 0.03961 0.14523 0.98861 eb
12478.22173 8.98939 -0.04630 0.01488 0.99882 e
12507.28960 6.74943 0.14229 0.24710 0.95849 xb
12508.25323 6.19139 -0.05721 -0.27811 0.95884 xb
12576.35610 11.28722 0.05720 -0.00791 0.99833 e
12588.41812 2.70124 -0.44189 -0.01410 0.89696 e
12593.64823 5.04185 -0.15617 -0.31824 0.93506 xb
12626.00433 4.97252 0.22864 0.15480 0.96112 x
12688.54550 7.00998 -0.12733 -0.01393 0.99176 e
12706.53283 5.50192 -0.23381 -0.05613 0.97066 x
12710.35650 2.29222 0.31505 -0.24178 0.91776 e
12722.08087 3.00597 -0.30348 0.10014 0.94756 e
12841.47057 2.19522 0.31712 0.07793 0.94518 e
12881.93312 3.68965 -0.18248 0.39036 0.90240 e
12891.93857 2.63300 -0.14317 0.48360 0.86350 xb
12892.26852 1.53882 0.48575 0.45078 0.74889 e
12922.13854 2.68777 -0.50886 -0.02264 0.86055 e
12923.75937 1.58783 -0.15776 0.64484 0.74786 eb
12959.45662 1.43157 0.00331 -0.68160 0.73172 eb
12993.15526 0.94084 0.18716 0.75690 0.62616 xb
13021.09750 7.21117 0.06947 0.25358 0.96482 xb
13040.86304 2.67191 0.37167 0.16797 0.91304 x
13055.09572 1.26105 -0.03665 0.74381 0.66739 e
13072.21489 4.90008 -0.27445 -0.12237 0.95378 xb
13125.25081 3.38304 0.44374 -0.15163 0.88323 x
13156.69717 2.20625 0.24690 -0.44530 0.86067 x
13205.25674 3.48947 -0.28774 -0.19032 0.93861 e
13211.13085 2.92217 0.12098 0.26853 0.95565 x
13213.56362 1.43194 -0.61924 0.07242 0.78186 x
13220.34906 1.08610 0.69130 -0.36062 0.62615 e
13244.43115 4.14587 0.08510 -0.06073 0.99452 x
13347.50007 10.59517 -0.04498 0.02789 0.99860 e
13412.83288 4.97486 -0.35998 0.06339 0.93080 x
13460.55065 2.87665 -0.25724 0.33268 0.90728 e
13501.75386 5.95468 -0.25313 0.22399 0.94115 eb
13521.19857 5.39728 0.30756 -0.09176 0.94709 xb
13534.23352 2.08568 0.53892 -0.02699 0.84192 xb
13589.16258 4.52795 -0.20931 -0.35157 0.91246 eb
13604.46771 3.32509 -0.19608 0.29105 0.93640 e
13606.74746 7.21174 -0.21055 -0.12522 0.96953 x
13613.83727 11.20827 0.16097 0.11042 0.98076 xb
13625.77404 4.43346 0.23226 0.04503 0.97161 x
13640.30581 5.56724 0.01817 0.32509 0.94551 x
13679.77167 9.89532 0.11060 0.10441 0.98837 e
13717.88142 5.43637 0.11197 0.01311 0.99363 x
13731.74917 15.19578 0.04131 0.16931 0.98470 x
13748.71026 10.78481 -0.05590 0.18313 0.98150 x
13757.88964 4.80362 0.10016 0.07385 0.99223 e
13765.05715 4.84786 -0.04057 -0.38621 0.92152 e
13798.36519 2.00923 -0.35010 -0.25416 0.90157 e
13801.16281 7.64885 -0.18420 0.00241 0.98289 e
13808.05296 3.89939 -0.34003 0.22026 0.91425 e
13817.79145 2.29332 -0.23701 0.24214 0.94085 x
13825.49010 6.77034 0.19615 -0.11570 0.97372 xb
13924.83603 5.22471 -0.12744 0.25276 0.95910 e
13960.80543 3.88378 0.28568 -0.18555 0.94019 e
13976.74538 6.46164 -0.15348 0.00247 0.98815 e
13990.54471 2.44988 -0.12021 -0.46630 0.87642 eb
13990.63805 2.23398 -0.01233 -0.54362 0.83924 xb
14016.56635 3.58017 -0.35305 0.24907 0.90184 x
14138.18208 3.46754 0.15915 0.25651 0.95335 e
14138.42704 1.77028 -0.59473 0.09599 0.79818 eb
14156.34562 8.26413 -0.24453 -0.09273 0.96520 xb
14171.45132 4.66195 0.04814 0.36586 0.92943 e
14245.76042 6.86098 0.06102 -0.16516 0.98438 e
14259.06196 4.50467 -0.34141 0.10141 0.93443 e
14264.34947 1.66487 0.48092 -0.30164 0.82324 e
14271.31717 4.95764 0.12702 -0.22093 0.96698 e
14306.56873 5.72877 -0.21917 0.27979 0.93471 x
14316.29194 17.40826 0.02337 0.04897 0.99853 x
14319.35385 3.01326 0.28696 -0.22325 0.93156 e
14414.20054 9.22322 -0.23507 -0.00590 0.97196 x
14426.60230 17.40139 0.00117 -0.06252 0.99804 e
14465.49710 6.28333 -0.12511 -0.18447 0.97484 e
14506.97125 2.13340 -0.44781 -0.35987 0.81851 eb
14512.28032 5.09276 -0.07103 -0.23812 0.96863 e
14518.68659 2.25481 0.33810 -0.08020 0.93769 x
14520.76543 0.96687 -0.79940 -0.16854 0.57667 e
14570.29145 0.88813 -0.80242 -0.10533 0.58739 e
14581.53412 1.87056 -0.52301 0.21640 0.82439 x
14605.33022 5.47101 0.19893 0.26163 0.94445 e
14608.90939 5.56282 -0.31372 -0.02107 0.94928 e
14647.86839 3.07394 -0.15400 -0.25032 0.95584 x
14697.69156 1.68523 0.60570 0.06134 0.79332 x
14716.13101 3.55279 -0.26863 0.11083 0.95685 e
14717.84363 4.68790 0.23500 0.07105 0.96939 e
14740.94967 7.64097 -0.21006 0.11184 0.97127 eb
14749.87978 1.82665 0.40359 -0.12797 0.90595 xb
14786.54023 8.70152 0.08880 -0.11015 0.98994 e
14876.51495 0.84054 -0.02678 -0.84276 0.53763 e
14885.71629 3.94384 0.25969 -0.26708 0.92802 e
14891.41838 1.93796 -0.43340 0.43832 0.78743 eb
14919.56989 3.75536 -0.12145 -0.30835 0.94349 xb
14936.31916 2.53533 0.36803 0.27853 0.88712 e
14952.57477 5.70957 -0.04247 0.30140 0.95255 x
15075.92556 0.88767 -0.80646 0.16099 0.56895 eb
15081.60249 12.34165 0.05553 0.22839 0.97198 e
15107.21249 0.83195 0.43957 0.71504 0.54360 xb
15112.19837 3.83252 0.00337 0.27513 0.96140 e
15145.52994 2.27536 -0.53898 -0.13434 0.83154 e
15219.71639 3.00149 -0.10303 0.23130 0.96741 eb
15273.73871 5.55747 0.14504 0.32901 0.93312 xb
15297.30459 8.09633 -0.18038 0.10912 0.97752 e
15300.93629 5.93478 -0.09388 -0.30770 0.94684 eb
15318.64097 1.88216 -0.54976 -0.20937 0.80865 e
15462.45161 7.58948 0.01805 -0.22205 0.97487 x
15479.65043 3.52651 0.40559 -0.05662 0.91230 eb
15503.56646 6.59299 -0.13710 -0.25892 0.95612 xb
15530.04922 1.34813 -0.66627 -0.27774 0.69206 x
15548.77386 2.18061 -0.46391 0.15478 0.87226 e
15599.47370 0.90924 -0.66421 0.50417 0.55194 e
15613.51102 3.49495 0.39120 0.09038 0.91586 e
15615.15534 11.39892 -0.06604 -0.20087 0.97739 eb
15623.74510 14.55788 0.15957 -0.00654 0.98717 x
15666.08564 3.70520 -0.18987 0.24106 0.95176 e
15727.53940 1.18424 0.67760 -0.17416 0.71451 e
15732.95383 2.50775 -0.41400 -0.30575 0.85739 x
15768.62485 4.81661 0.09719 0.26508 0.95932 xb
15773.56781 1.38597 -0.09852 0.68755 0.71943 e
15814.06129 14.43287 0.00198 0.05790 0.99832 xb
15815.75959 3.52116 -0.44278 -0.08936 0.89217 eb
15864.91675 2.50480 0.17942 0.46765 0.86551 x
15869.08695 3.63233 0.37768 -0.18096 0.90808 xb
15913.20058 4.03749 0.29865 -0.26239 0.91758 e
15917.23317 8.39956 -0.19475 -0.09943 0.97580 xb
15935.67075 4.59648 0.00530 0.38373 0.92343 xb
15952.32232 1.91100 -0.55767 -0.18691 0.80875 e
15989.55114 2.77577 0.12084 -0.44674 0.88647 eb
16012.20901 7.34785 -0.06102 0.15426 0.98614 x
16023.59999 14.38744 -0.02553 -0.01827 0.99951 e
16078.32732 1.82917 -0.62026 -0.04590 0.78305 xb
16142.08228 9.85244 -0.15806 0.03577 0.98678 e
16219.99008 4.12260 -0.07622 -0.16665 0.98306 e
16222.73793 5.05437 0.16486 0.32972 0.92957 eb
16352.30946 2.86354 -0.35852 -0.30919 0.88083 eb
16469.62126 5.32395 -0.10817 0.23428 0.96613 x
16473.98964 4.52601 0.18554 0.11539 0.97584 e
16504.06214 3.19268 0.19931 -0.20876 0.95744 e
16583.22770 5.10361 -0.30215 -0.18375 0.93538 e
16591.25321 9.38540 -0.02741 0.07866 0.99652 e
16608.92238 3.35045 0.10372 0.44571 0.88915 x
16651.12255 1.67540 -0.47890 -0.45804 0.74890 x
16655.88030 1.48915 0.49703 -0.49237 0.71451 eb
16762.96317 4.18178 -0.09977 -0.27374 0.95661 eb
16791.03905 0.92222 0.50331 -0.64754 0.57216 e
16798.62931 2.21936 -0.34329 -0.39482 0.85221 e
16835.01681 2.99826 -0.41168 0.13799 0.90082 xb
16836.98703 10.99591 0.07622 -0.18967 0.97889 e
16917.28928 4.79923 -0.02504 -0.17994 0.98336 xb
16967.54707 2.62977 0.46434 -0.05400 0.88401 eb
17075.03116 4.62722 -0.34160 0.16555 0.92515 e
17096.91033 12.02644 -0.08676 0.01260 0.99615 e
17098.17652 5.10319 -0.33190 -0.13124 0.93414 eb
17106.15593 6.06096 0.30084 -0.07269 0.95090 x
17112.15585 4.54780 0.34554 -0.05915 0.93654 e
17130.41729 0.83937 0.29020 0.78205 0.55152 e
17186.67635 4.98553 0.17443 0.28714 0.94187 e
17192.99597 7.91470 -0.00184 -0.06278 0.99803 e
17230.27722 4.46975 0.35346 -0.00235 0.93545 eb
17240.51107 2.09134 -0.53312 0.23909 0.81155 eb
17277.07791 3.71505 0.33409 0.28483 0.89847 e
17369.04361 1.63872 0.35300 0.55320 0.75456 xb
17383.02662 2.53513 0.39247 0.00963 0.91971 e
17438.64328 0.88926 0.44899 -0.66333 0.59866 eb
17485.62223 1.77720 0.47547 -0.32562 0.81725 eb
17551.97149 14.29622 -0.01103 0.06082 0.99809 e
17561.52797 3.67051 -0.34179 -0.07857 0.93648 xb
17601.32661 2.80226 -0.05272 -0.44092 0.89600 eb
17638.10329 2.65890 0.17570 0.47975 0.85964 xb
17664.97190 5.57360 0.12882 0.13492 0.98245 x
17691.92172 3.09490 -0.17271 0.23998 0.95529 eb
17720.97410 4.84518 0.08254 -0.27266 0.95856 e
17775.34169 4.13107 0.30984 0.20504 0.92842 e
17893.61788 7.33149 -0.03920 -0.27195 0.96151 eb
17898.37487 2.11339 0.39726 -0.39084 0.83032 eb
17911.31019 10.44433 0.06957 0.11908 0.99044 e
17967.46573 7.09095 -0.13343 -0.22502 0.96517 e
18010.10385 6.53554 0.25752 -0.13226 0.95718 xb
18066.00168 3.94151 -0.11596 -0.36691 0.92300 e
18089.78667 13.94580 -0.15435 -0.01688 0.98787 e
18098.28683 1.88504 -0.38900 0.18219 0.90304 e
18192.95309 5.11496 0.11005 0.28131 0.95329 e
18285.64077 5.99190 0.25803 -0.17729 0.94973 x
18397.12451 1.61053 -0.61611 -0.10085 0.78118 e
18411.82415 7.49176 0.05133 0.21829 0.97453 e
18453.41386 1.48224 0.58338 -0.29234 0.75776 e
18495.08725 7.41281 -0.06077 -0.20678 0.97650 xb
18521.30364 7.51033 0.11625 -0.06506 0.99109 e
18527.79710 5.21631 0.20770 0.06110 0.97628 xb
18540.47123 2.53757 0.33684 0.43318 0.83600 x
18628.58446 4.18317 0.11560 -0.03434 0.99270 e
18719.87476 1.55320 0.49547 0.45388 0.74061 e
18782.16851 1.08139 -0.09185 0.73535 0.67144 eb
18939.45299 3.81651 -0.17639 0.30102 0.93716 xb
18971.83193 15.97326 0.04700 -0.11983 0.99168 xb
18977.06486 10.59750 0.18053 -0.06721 0.98127 x
19017.58471 4.20652 -0.25220 0.32312 0.91213 e
19142.78599 3.92188 0.29664 -0.22373 0.92841 eb
19241.20231 4.16906 0.04224 -0.26948 0.96208 x
19305.86925 6.35354 0.29195 -0.11104 0.94996 xb
19319.41887 3.79314 -0.25247 -0.17581 0.95150 e
19374.60502 1.43195 -0.66238 0.12346 0.73892 e
19443.06641 3.76321 0.24954 0.30189 0.92011 x
19494.23741 5.84802 0.30352 0.05603 0.95118 eb
19564.31292 2.67296 -0.31429 0.37903 0.87038 xb
19567.61774 2.53948 0.42351 -0.31212 0.85043 e
19613.70119 2.82235 -0.04609 0.43251 0.90045 eb
19707.23961 10.42448 0.18433 0.05657 0.98124 x
19774.52544 9.30669 -0.06878 -0.23024 0.97070 e
19782.11900 5.65113 0.11559 0.22521 0.96743 xb
19783.78147 4.22910 -0.21061 -0.29983 0.93045 xb
19790.51401 7.46988 -0.10217 0.25166 0.96241 xb
19798.59525 1.38683 -0.35950 0.57315 0.73638 e
19835.44116 5.91352 -0.20938 0.08992 0.97369 eb
19843.70214 3.41365 -0.22017 -0.33384 0.91656 eb
19947.86922 1.49687 0.40568 -0.44763 0.79690 e
