15.92892 61.92952 0.10729 -0.99409 0.01660 eb
18.29106 68.41775 0.94474 0.17460 -0.27747 eb
19.69383 78.20193 -0.70196 0.33051 -0.63089 eb
19.72101 28.35409 -0.70289 0.34426 -0.62244 eb
23.24896 69.19956 -0.46545 0.42057 0.77877 eb
24.38478 68.71091 -0.92815 0.27198 -0.25409 eb
24.68326 66.57099 -0.24309 -0.59485 -0.76620 eb
24.94790 48.22206 -0.62299 -0.15450 -0.76682 eb
25.18493 50.54109 -0.93608 -0.26353 0.23302 eb
25.73586 73.35622 0.17251 0.79870 -0.57647 eb
26.67336 27.94274 0.22514 0.97073 0.08366 eb
28.36255 82.60948 -0.45458 0.88331 -0.11457 eb
28.44637 34.99636 -0.96306 0.02907 -0.26772 eb
28.72779 61.47288 0.83832 0.51427 -0.18095 eb
29.69971 68.67469 -0.35314 -0.55161 -0.75566 eb
31.07717 58.67300 0.84295 -0.44065 0.30863 eb
31.52641 26.23605 0.37453 -0.61107 -0.69737 eb
32.56095 72.74793 0.01968 -0.03390 -0.99923 eb
33.03971 35.09574 0.82391 -0.32082 0.46717 eb
33.05264 82.07572 0.51059 0.36894 -0.77665 eb
33.54077 73.54921 -0.79047 -0.36537 -0.49160 eb
35.17320 80.96230 0.89580 -0.20170 0.39606 eb
35.59191 61.17138 -0.68842 0.33996 -0.64070 eb
36.84801 53.79878 0.07280 -0.16518 -0.98357 eb
37.18181 55.27744 0.23404 -0.26223 -0.93619 eb
38.51981 63.39430 -0.41351 0.84082 -0.34933 eb
38.84557 28.72418 0.61507 -0.78075 -0.11007 eb
39.69971 72.92154 -0.36015 0.29100 -0.88635 eb
39.76360 56.08351 0.21008 0.38015 -0.90075 eb
40.52686 29.28224 0.07384 -0.31538 -0.94609 eb
40.77724 34.01077 0.69740 -0.16271 -0.69797 eb
40.97369 48.23363 -0.59283 -0.30059 -0.74712 eb
41.04149 52.47254 0.50148 -0.33826 -0.79631 eb
41.19297 45.05139 0.01540 -0.99685 -0.07775 eb
41.32271 17.60125 -0.56388 -0.71643 -0.41081 eb
41.33717 64.84679 -0.35051 -0.29777 -0.88796 eb
42.65744 32.22534 0.13241 0.88737 -0.44163 eb
43.42220 23.58989 -0.37743 -0.08508 0.92212 eb
43.74301 40.17275 0.56034 -0.82826 -0.00163 eb
44.04687 43.36051 0.45163 -0.86814 -0.20583 eb
44.21368 47.68738 0.67429 -0.62656 -0.39085 eb
44.47565 37.66125 -0.94047 0.20220 -0.27320 eb
44.98344 69.82806 0.85980 -0.41035 -0.30390 eb
46.18793 83.33402 0.43903 0.50357 -0.74409 eb
47.36796 67.14061 0.13569 -0.50976 -0.84955 eb
47.49924 88.43855 0.45328 0.08742 -0.88707 eb
47.82159 72.06897 0.24957 -0.96517 0.07851 eb
47.83018 59.42474 -0.61954 -0.49560 -0.60873 eb
49.60225 42.16439 0.16442 0.98611 -0.02344 eb
50.11479 22.32158 -0.15803 -0.72903 0.66599 eb
50.67753 47.07651 0.89498 0.42417 -0.13816 eb
50.88133 51.06265 -0.19761 0.18182 -0.96327 eb
51.20032 57.75513 -0.37974 0.20487 -0.90212 eb
51.34294 27.22318 0.62374 0.19034 0.75810 eb
51.75249 67.86444 -0.91186 -0.23630 0.33567 eb
52.08812 68.34698 0.95427 0.11202 -0.27717 eb
52.47288 48.63081 -0.65208 0.11486 0.74940 eb
53.59666 59.11916 0.17626 0.77418 -0.60794 eb
54.24005 39.03312 0.75971 -0.58695 -0.27990 eb
54.35371 41.18921 0.22982 -0.74804 0.62259 eb
54.72300 82.71383 0.47843 0.60871 -0.63291 eb
54.75406 26.35868 -0.61277 -0.78982 -0.02659 eb
55.49664 61.83496 0.77612 0.04817 -0.62875 eb
55.59276 45.31995 0.47352 -0.42700 -0.77036 eb
55.94738 16.29761 0.24511 0.61281 -0.75126 eb
56.07119 52.00828 -0.13097 -0.95901 -0.25128 eb
57.50841 50.62305 -0.90564 -0.11708 -0.40756 eb
58.15015 63.64487 -0.41645 -0.44627 -0.79209 eb
58.15460 24.67910 -0.03261 -0.66360 0.74738 eb
59.38969 57.09585 0.17859 0.82580 0.53493 eb
61.73931 58.42294 0.19678 -0.60351 0.77270 eb
62.02461 55.52530 0.97062 0.22142 -0.09417 eb
62.83727 15.77651 -0.16038 0.77010 0.61744 eb
63.25121 78.63869 0.78251 0.61881 0.06901 eb
63.54850 41.36007 -0.98802 -0.12346 0.09263 eb
64.16699 56.13829 -0.07357 -0.41515 -0.90678 eb
64.44119 73.34391 0.41453 -0.66334 -0.62302 eb
65.38121 51.61311 0.45935 0.28898 -0.83994 eb
65.40447 64.54347 0.62096 -0.28081 -0.73182 eb
66.01576 55.41792 0.69682 -0.62842 -0.34573 eb
66.18029 28.53376 0.45095 0.03343 0.89192 eb
66.18181 39.86996 -0.51238 -0.68126 -0.52283 eb
66.65416 74.80220 -0.17385 -0.11705 -0.97779 eb
66.72545 32.94320 -0.45473 -0.87845 0.14682 eb
67.11764 22.15082 -0.11727 -0.68804 -0.71613 eb
67.63827 56.11017 0.39444 -0.31336 -0.86384 eb
68.44839 23.04421 -0.55720 -0.72567 0.40364 eb
68.82224 10.50316 -0.41576 0.90645 -0.07419 eb
69.96226 52.21752 0.41352 0.87379 -0.25591 eb
70.99403 73.12477 0.23837 0.03595 -0.97051 eb
71.05181 12.01416 0.23725 -0.93893 -0.24923 eb
71.45525 32.63047 -0.30931 -0.13637 -0.94113 eb
71.69579 28.18609 -0.59664 -0.76827 0.23191 eb
71.72510 85.70392 0.46105 0.48003 -0.74632 eb
73.36097 20.34893 0.64623 0.16099 -0.74597 eb
73.47075 20.57983 -0.23072 0.86477 -0.44603 eb
73.91662 33.31605 -0.80956 -0.46340 -0.36037 eb
74.28026 54.24849 -0.72093 -0.43740 -0.53753 eb
74.82215 32.93394 0.08764 -0.87469 0.47670 eb
75.34008 39.47688 0.60181 -0.41105 0.68474 eb
76.08483 30.33125 -0.64044 -0.53831 -0.54778 eb
76.78051 34.49750 -0.09878 -0.82930 -0.55000 eb
77.06438 44.55862 -0.72695 -0.67827 -0.10722 eb
77.26606 22.15129 0.61065 -0.72625 -0.31570 eb
77.32988 19.91640 -0.15164 -0.57419 -0.80456 eb
77.42352 77.21515 -0.14418 0.16346 -0.97596 eb
78.54536 60.28308 -0.84312 -0.46680 -0.26693 eb
78.64297 49.17867 -0.84002 0.54189 -0.02700 eb
80.86215 50.34550 0.99606 0.08601 -0.02143 eb
81.08833 70.09389 0.41709 0.86064 0.29212 eb
81.13830 25.51031 0.92859 -0.36881 0.04132 eb
81.36426 21.70052 0.79346 -0.54314 -0.27463 eb
81.65927 38.04827 0.28171 0.94929 0.13959 eb
82.09367 60.36275 -0.23197 0.81866 -0.52533 eb
84.15229 46.98917 -0.46195 0.39284 -0.79516 eb
87.11196 22.22907 -0.67608 -0.72580 0.12701 eb
87.52065 43.30374 0.32853 -0.42715 -0.84239 eb
87.67694 30.00785 0.72609 -0.36583 0.58220 eb
87.74926 41.71000 0.12257 -0.73576 -0.66605 eb
87.95161 52.42671 0.03636 -0.92511 -0.37796 eb
87.98256 68.32737 0.17492 -0.93205 -0.31731 eb
89.26135 42.52997 0.38756 0.47489 0.79011 eb
89.57979 29.59949 0.22421 0.92226 0.31491 eb
89.59689 49.16851 -0.11921 -0.10846 -0.98693 eb
90.50989 25.91839 -0.61573 -0.44079 0.65313 eb
91.46509 15.15527 -0.93802 0.12501 -0.32326 eb
91.60601 17.27077 0.56418 0.68477 -0.46128 eb
92.11656 22.69594 -0.63511 0.69963 0.32734 eb
92.27988 55.84696 0.29447 -0.42668 -0.85512 eb
92.47362 58.68955 0.12008 0.10638 -0.98705 eb
92.87270 26.57576 -0.09274 -0.91378 -0.39548 eb
92.99616 40.15455 0.28841 0.93998 0.18237 eb
93.61498 34.87279 -0.06715 -0.81160 -0.58034 eb
94.02909 36.12176 0.50425 -0.66999 -0.54483 eb
94.07885 80.72480 0.93917 0.22891 0.25606 eb
96.12395 70.75169 -0.47787 -0.02483 -0.87808 eb
96.70796 71.07211 -0.37764 -0.92590 0.01038 eb
97.23096 54.08106 0.20532 0.97601 -0.07238 eb
98.78790 26.17892 0.91647 0.39796 -0.04129 eb
98.87331 67.36565 0.91690 -0.39826 0.02615 eb
100.52623 51.47010 -0.63998 0.76290 0.09169 eb
100.76693 34.20615 -0.94909 -0.12273 0.29010 eb
100.88683 52.66506 -0.23544 0.96134 -0.14277 eb
101.09745 28.73777 -0.12624 0.80346 -0.58182 eb
101.54889 70.70124 -0.75515 0.42104 0.50246 eb
101.79289 11.72577 -0.80440 -0.55896 0.20127 eb
102.17166 12.85470 0.32670 -0.70123 -0.63367 eb
102.31583 79.56169 0.19843 0.89322 -0.40347 eb
104.85309 47.72467 -0.43639 0.02979 -0.89926 eb
105.38576 25.81234 0.56851 -0.75064 -0.33666 eb
105.38924 56.54772 0.45953 0.60678 -0.64857 eb
106.16881 39.19561 0.62824 -0.76107 0.16151 eb
106.40487 69.49100 0.52478 0.69611 -0.48993 eb
106.67808 51.41276 -0.48700 -0.31310 0.81536 eb
107.02447 14.46933 -0.77785 -0.42842 0.45979 eb
107.43714 79.06832 0.23753 -0.97036 -0.04447 eb
107.44943 33.91636 0.18042 -0.53202 -0.82729 eb
108.09207 41.20859 0.37274 0.85753 -0.35456 eb
108.09410 30.28853 0.66196 -0.30259 -0.68574 eb
108.30795 20.67853 -0.58031 -0.74625 -0.32610 eb
108.57428 45.84485 -0.64601 0.75438 0.11659 eb
108.86856 20.75648 0.12555 0.79880 0.58835 eb
109.05350 63.42141 0.10495 0.52975 -0.84163 eb
109.76659 70.54864 0.59645 0.37062 -0.71196 eb
109.91815 45.48645 -0.35969 -0.93151 -0.05400 eb
110.48874 25.27110 -0.26956 -0.62046 0.73645 eb
110.59574 26.91941 -0.07053 -0.99746 -0.00961 eb
110.77714 83.45317 0.29436 -0.71585 0.63317 eb
112.06290 35.32195 0.77937 0.60598 -0.15928 eb
112.07206 33.82942 0.48563 0.64633 0.58857 eb
113.13081 27.19735 0.54542 0.47131 -0.69310 eb
113.51649 24.60306 0.66304 -0.69384 -0.28099 eb
114.67798 18.67168 -0.79278 -0.54993 -0.26282 eb
114.73422 60.07084 0.79453 0.59939 -0.09723 eb
114.85220 22.53331 0.39614 -0.67171 0.62600 eb
115.00788 29.00378 -0.04287 -0.26878 -0.96225 eb
115.10047 55.62007 0.80283 -0.23200 -0.54922 eb
115.73634 47.28904 -0.37554 0.90934 -0.17909 eb
116.92207 48.32561 0.24482 -0.95057 -0.19100 eb
117.10136 79.28818 0.16639 -0.42527 0.88964 eb
117.70046 40.97965 -0.03344 -0.72746 -0.68534 eb
118.16028 42.56717 0.41948 -0.80127 -0.42662 eb
120.09958 81.15558 0.24841 -0.43986 -0.86303 eb
121.37648 49.44157 -0.59595 0.75703 -0.26788 eb
122.46044 36.11305 -0.53870 -0.79170 -0.28811 eb
123.83078 79.25726 -0.37792 -0.13967 -0.91524 eb
125.15404 30.57078 -0.63329 0.75787 -0.15676 eb
126.81333 50.63068 0.75641 -0.46269 0.46235 eb
128.06612 14.82167 0.48049 -0.70623 -0.51997 eb
128.35236 32.75648 0.67769 0.71435 0.17449 eb
128.42891 23.95370 0.16080 -0.92892 -0.33355 eb
129.18281 26.48883 -0.21727 -0.10736 0.97019 eb
129.29579 69.88527 0.69273 0.54730 -0.46967 eb
129.64176 12.46237 -0.45363 0.64983 -0.60987 eb
130.73424 42.45711 -0.21893 -0.09539 -0.97107 eb
130.73690 26.46000 0.06275 0.06638 -0.99582 eb
130.74729 71.45265 0.96192 -0.14277 0.23310 eb
130.80465 42.00259 -0.97409 0.06705 -0.21600 eb
130.95531 22.49734 -0.74669 0.16099 0.64539 eb
131.26819 58.56553 0.01400 -0.81079 -0.58517 eb
131.37436 62.59059 0.30886 0.56334 -0.76632 eb
131.92847 23.39697 -0.52950 -0.68812 -0.49611 eb
132.40431 24.87070 0.11978 -0.29669 -0.94743 eb
132.64198 66.24798 -0.22244 -0.81270 -0.53855 eb
132.89054 73.32384 0.81814 -0.57434 -0.02808 eb
133.06073 76.35115 0.55042 -0.81224 0.19315 eb
133.80470 55.44702 -0.34382 -0.84496 0.40967 eb
135.05939 46.06649 -0.04918 0.80231 -0.59488 eb
135.63913 17.36341 -0.97290 -0.16788 -0.15901 eb
137.12562 43.37734 -0.62641 -0.19349 -0.75510 eb
137.15196 47.39216 -0.22806 0.44147 -0.86781 eb
137.74683 38.99257 0.80188 0.43043 -0.41439 eb
137.83776 44.18512 0.03788 0.67472 0.73710 eb
138.67477 21.28421 0.36485 0.93078 0.02328 eb
138.88921 40.82100 0.26022 -0.90092 0.34733 eb
139.42002 42.84317 -0.59302 0.80477 0.02615 eb
139.91679 85.49872 -0.85988 0.48505 -0.15917 eb
140.18883 20.59270 0.35708 -0.92054 0.15843 eb
140.54691 36.95577 0.64847 -0.35222 -0.67485 eb
141.62322 83.75069 0.29619 0.63530 -0.71321 eb
142.00002 81.13563 -0.30048 0.63611 -0.71069 eb
142.21909 21.45369 -0.18945 -0.01371 -0.98179 eb
143.81275 60.59370 -0.02640 -0.91567 0.40107 eb
143.83697 30.79141 0.44535 0.64521 -0.62078 eb
144.07247 30.13741 0.69076 0.65034 0.31607 eb
144.07707 20.53805 -0.23322 0.61983 -0.74928 eb
144.44538 32.18334 0.04114 0.43108 -0.90138 eb
146.55646 66.96042 0.82310 0.35410 -0.44398 eb
146.83844 17.90099 0.62375 0.75325 0.20867 eb
147.22545 59.80358 -0.90051 0.43354 0.03354 eb
147.37125 47.22303 -0.44314 -0.84166 -0.30861 eb
148.01521 24.17432 -0.73139 -0.67673 -0.08422 eb
148.14204 62.78820 -0.42113 0.29972 -0.85605 eb
148.42457 38.07907 -0.18979 0.82203 0.53689 eb
149.09599 9.77320 0.40231 0.52314 -0.75131 eb
149.34886 46.88793 -0.11243 0.37474 -0.92029 eb
150.02665 13.41920 -0.40748 -0.66236 -0.62868 eb
151.13043 22.69244 -0.44180 0.10929 0.89043 eb
151.87740 28.92103 0.87548 -0.35124 0.33190 eb
152.15730 17.54386 0.10063 -0.38989 -0.91535 eb
152.51356 47.88505 -0.82695 -0.09743 -0.55377 eb
153.64010 52.82840 0.41630 -0.20012 -0.88693 eb
154.26588 38.73417 0.52450 -0.77549 -0.35145 eb
154.34237 60.19847 0.87433 0.46740 0.13068 eb
154.93061 49.94300 0.85147 -0.23786 -0.46735 eb
154.99182 45.10388 -0.54080 -0.84091 0.02013 eb
155.43488 33.10804 0.00805 -0.62067 0.78403 eb
157.28688 37.16487 0.07913 0.03910 0.99610 eb
157.87119 60.38517 0.31274 -0.73329 0.60372 eb
157.98773 57.61999 -0.74566 -0.66632 0.00016 eb
158.09778 16.09119 -0.24625 0.60150 -0.75997 eb
159.19411 34.03913 0.22902 -0.34347 -0.91081 eb
159.57747 62.54555 0.10608 0.46980 -0.87637 eb
159.60825 22.19449 -0.92137 -0.23509 -0.30952 eb
160.84272 18.32283 -0.28298 -0.15532 -0.94647 eb
161.31013 25.46016 -0.76575 0.52496 -0.37154 eb
161.83342 67.62565 -0.75087 -0.61760 0.23400 eb
161.91004 19.31280 -0.99209 0.00387 0.12545 eb
162.40070 65.54301 0.79502 -0.26487 -0.54570 eb
162.58745 61.27200 0.40989 0.49200 -0.76806 eb
163.00310 21.26465 0.31426 -0.07018 -0.94674 eb
163.24323 63.92532 -0.33383 -0.85889 0.38841 eb
163.44003 33.21988 -0.26831 0.45846 -0.84725 eb
163.65702 32.55381 -0.58155 -0.30855 -0.75273 eb
164.55628 60.22778 0.72940 -0.45621 -0.50975 eb
165.26027 18.79172 0.03283 -0.97865 0.20290 eb
166.21113 27.17402 0.02994 0.94126 0.33636 eb
166.32619 33.62569 -0.29219 0.78261 -0.54968 eb
166.67001 22.61820 -0.57457 -0.76002 0.30372 eb
166.68064 42.60948 -0.55222 0.73429 -0.39480 eb
167.23544 88.26962 -0.68220 0.49187 -0.54099 eb
167.48552 21.73749 -0.71486 -0.04148 0.69803 eb
167.90358 48.72034 -0.87783 -0.02873 0.47810 eb
170.13311 61.54647 0.06006 0.35326 -0.93360 eb
171.39920 48.62215 -0.91047 0.24747 -0.33135 eb
171.62912 56.29728 -0.83052 -0.41968 -0.36620 eb
171.97405 18.83826 -0.95805 0.25971 -0.12121 eb
172.35165 20.64721 -0.22647 -0.97336 0.03571 eb
172.59115 40.62889 0.61912 -0.39072 0.68119 eb
173.00898 66.04967 0.76355 0.59565 -0.24941 eb
173.19842 23.12143 -0.65811 0.44625 -0.60642 eb
174.43324 29.62213 0.57796 -0.43597 -0.68985 eb
175.39226 71.40706 -0.82597 0.32258 -0.46229 eb
176.49900 25.52698 0.70261 0.32621 -0.63240 eb
177.79826 25.62358 -0.31900 0.92603 0.20174 eb
178.63993 44.45927 0.40846 0.81604 -0.40895 eb
179.25385 73.25764 -0.29596 -0.86992 -0.39452 eb
180.25157 46.55461 -0.58832 0.79023 0.17149 eb
180.31445 30.45055 0.23155 0.88701 -0.39950 eb
180.73740 69.20013 -0.20801 -0.95944 -0.19026 eb
181.16615 37.12312 -0.02622 -0.09686 -0.99495 eb
181.24780 53.54989 -0.27981 -0.53103 -0.79983 eb
181.45452 58.51138 0.58871 0.04638 -0.80701 eb
181.54138 28.58858 -0.34652 -0.93799 -0.00946 eb
181.55446 28.90088 -0.18909 0.10674 -0.97614 eb
182.33816 30.09045 0.10608 -0.64844 -0.75384 eb
182.55896 58.56485 0.13686 0.10897 -0.98458 eb
182.85187 24.73886 0.03291 -0.40321 -0.91452 eb
183.00554 61.73450 -0.22764 0.83475 -0.50137 eb
183.26506 23.16633 0.85956 0.34983 -0.37252 eb
183.68417 22.48705 0.73531 0.41069 0.53912 eb
184.94866 43.49939 0.47050 -0.53960 -0.69819 eb
184.96860 46.99382 0.14752 -0.87359 -0.46377 eb
185.67225 39.90789 0.83486 -0.27912 -0.47444 eb
186.89688 28.78426 0.82912 0.16899 0.53292 eb
187.07689 48.28857 0.12325 0.76963 -0.62648 eb
187.13178 74.63960 -0.14977 0.61877 -0.77116 eb
187.51449 51.31816 0.33650 0.91206 -0.23433 eb
187.67752 37.86100 0.06211 -0.22670 -0.97198 eb
187.69847 68.18016 -0.63036 0.73979 -0.23529 eb
188.59309 41.92028 -0.62675 -0.70827 -0.32488 eb
188.87326 26.57017 -0.74003 -0.44592 -0.50351 eb
188.90063 36.75522 0.43661 -0.14878 -0.88726 eb
189.24849 47.64171 0.92578 0.06921 -0.37166 eb
189.32008 18.20422 0.26769 -0.88126 0.38952 eb
189.77692 56.42258 -0.62537 -0.57685 0.52551 eb
190.12237 45.05336 0.20107 -0.86612 -0.45761 eb
190.64973 48.54382 0.99994 -0.00568 0.00958 eb
190.91876 66.12595 -0.15013 -0.63233 -0.76001 eb
191.23238 21.21139 0.30304 0.66660 -0.68104 eb
192.13467 29.58492 0.79183 -0.46988 -0.39015 eb
192.86871 57.48338 -0.72175 -0.47144 -0.50678 eb
193.12396 19.88915 -0.44118 -0.87647 -0.19278 eb
193.40118 23.91419 -0.09650 0.69649 -0.71105 eb
194.86178 48.36179 0.38675 0.34153 -0.85661 eb
194.90526 19.38193 0.19948 -0.78346 0.58855 eb
195.46754 72.93762 -0.38822 0.11559 -0.91429 eb
195.80195 67.69508 0.75135 0.65216 0.10083 eb
196.19936 81.61832 0.86390 0.20978 -0.45789 eb
196.64250 68.85922 -0.09435 0.27416 -0.95704 eb
196.73686 47.68852 -0.84413 -0.33427 -0.41917 eb
197.10630 45.60280 -0.67935 0.53777 0.49928 eb
197.55440 81.89936 -0.73673 0.26696 0.62126 eb
197.56156 88.00959 -0.47566 0.81855 0.32206 eb
198.99100 42.63414 -0.58459 -0.43774 -0.68311 eb
199.37536 69.56853 -0.04753 -0.80399 -0.59274 eb
199.49060 11.92049 -0.49337 -0.25069 -0.83291 eb
199.79692 72.64656 0.22764 -0.51199 -0.82828 eb
200.29073 22.77684 -0.01441 0.07653 -0.99696 eb
200.48424 43.14719 -0.96614 -0.25717 0.02116 eb
200.71877 34.26767 -0.84590 0.52828 0.07330 eb
201.07235 9.84840 -0.96162 -0.24262 -0.12816 eb
202.78407 34.93768 0.17685 0.51348 -0.83968 eb
203.38151 56.29408 -0.30340 0.88137 0.36213 eb
203.64932 69.66322 0.67221 -0.48374 -0.56047 eb
204.36656 26.90854 0.17845 -0.96897 0.17102 eb
205.30428 44.42578 -0.40172 -0.04521 -0.91464 eb
206.39315 39.51513 0.36054 -0.17777 -0.91565 eb
206.41925 51.41460 -0.48453 -0.01031 -0.87471 eb
207.49113 75.73957 0.54430 -0.83858 -0.02294 eb
207.96879 24.08331 -0.41422 0.86813 0.27344 eb
208.55072 20.09555 -0.39495 -0.87405 -0.28295 eb
208.73864 41.57437 0.87279 -0.34022 -0.34999 eb
208.87000 57.17682 0.49507 0.82876 0.26088 eb
209.32828 29.98442 0.81096 0.30450 -0.49963 eb
209.66069 39.11769 -0.20416 -0.22133 -0.95359 eb
210.41941 43.04502 -0.94631 -0.32276 0.01787 eb
210.58076 52.65286 -0.50176 0.39451 -0.76980 eb
211.80301 41.40548 0.32337 0.43045 -0.84270 eb
212.44311 62.86836 -0.10958 0.67001 -0.73422 eb
212.51510 16.22018 -0.74622 -0.61706 0.24977 eb
212.56239 17.28890 0.72138 0.40971 -0.55834 eb
214.46848 24.27637 -0.25884 0.39248 -0.88259 eb
214.60923 16.15430 0.13005 0.99044 0.04605 eb
216.95553 35.99737 0.08633 0.93883 -0.33338 eb
217.47608 71.39201 -0.47614 0.87703 0.06409 eb
217.53125 30.36584 0.46852 -0.86728 0.16828 eb
217.58898 28.77194 0.15473 -0.95037 -0.26991 eb
218.84882 38.23724 0.93102 0.07075 -0.35805 eb
219.72791 29.07766 0.79335 0.55881 -0.24153 eb
220.36437 25.12739 0.70908 -0.31146 0.63261 eb
220.75368 11.64713 -0.03598 -0.36165 -0.93162 eb
220.78035 30.37269 0.22922 -0.95350 0.19570 eb
221.09413 46.45466 -0.91648 0.25707 -0.30656 eb
222.68624 12.28145 -0.33515 0.85854 -0.38805 eb
223.04224 68.52282 -0.14264 0.60847 -0.78066 eb
224.69359 37.89896 -0.94531 -0.31566 0.08220 eb
225.51682 45.92517 -0.10890 0.19799 -0.97414 eb
225.61555 56.20750 0.93611 -0.02703 -0.35066 eb
226.61156 69.42850 -0.49182 0.27162 -0.82724 eb
228.14714 25.86149 -0.69165 0.07527 -0.71830 eb
228.86121 36.69478 -0.02832 -0.40428 -0.91420 eb
229.47114 54.26648 0.98517 0.09873 -0.14030 eb
230.08983 82.80750 0.02649 0.32870 -0.94406 eb
230.21970 42.16616 -0.84906 -0.24257 0.46931 eb
233.65678 17.61363 -0.38793 -0.30013 -0.87146 eb
234.03048 82.16546 -0.45193 -0.82002 -0.35119 eb
234.79905 84.85107 -0.28787 0.43926 -0.85099 eb
235.32764 22.43352 -0.86564 0.14069 -0.48050 eb
236.06484 33.98779 -0.80130 0.11521 -0.58707 eb
236.40076 15.20974 -0.45641 0.83662 -0.30292 eb
236.64037 56.07220 -0.85019 0.19100 -0.49060 eb
237.66777 27.48875 0.90765 -0.41109 0.08474 eb
238.37089 86.13007 -0.40874 0.90899 -0.08164 eb
238.68782 53.43819 0.84913 -0.52717 0.03271 eb
238.71962 33.42248 0.26354 -0.91771 0.29723 eb
239.52759 38.46612 -0.13087 -0.82971 0.54264 eb
239.98801 28.61392 0.47170 -0.76542 -0.43775 eb
240.18745 81.82216 0.10075 -0.55025 -0.82890 eb
240.32523 20.30953 0.09020 -0.92748 0.36283 eb
241.11946 45.80515 -0.05225 -0.93488 0.35109 eb
241.49584 46.36440 -0.77249 0.27652 -0.57165 eb
241.90433 28.96034 0.93528 -0.32045 -0.15022 eb
242.10722 14.86163 -0.75967 0.13505 -0.63613 eb
243.41374 22.72750 0.39339 -0.20300 -0.89668 eb
243.97006 38.41152 -0.65724 -0.54378 -0.52187 eb
245.39769 59.24358 0.52802 -0.84565 -0.07788 eb
246.18434 24.46270 0.39527 0.41133 -0.82133 eb
247.13442 83.60879 -0.03483 0.52227 0.85207 eb
247.20016 27.22926 -0.14328 -0.29053 -0.94608 eb
247.42815 77.73818 0.61780 -0.17339 -0.76698 eb
247.54909 86.77437 -0.19820 -0.57023 -0.79722 eb
248.54540 44.52066 0.62918 -0.27412 -0.72731 eb
249.30925 46.33658 -0.39570 0.91734 -0.04362 eb
249.35859 54.44329 0.46858 -0.12655 -0.87431 eb
250.03380 32.37450 0.76200 0.63303 -0.13647 eb
250.51544 59.50436 -0.36737 -0.21306 -0.90534 eb
252.19975 29.88074 0.49350 -0.58326 -0.64518 eb
252.78258 15.59688 0.57084 0.71771 -0.39880 eb
252.97559 43.15862 -0.29171 -0.63962 0.71119 eb
253.44821 45.45866 -0.10218 0.40220 -0.90983 eb
253.66260 57.10983 0.72474 -0.65794 -0.20461 eb
254.00268 23.54469 -0.86115 0.05768 0.50507 eb
254.78808 78.08783 -0.18430 0.95209 -0.24403 eb
255.29908 25.20389 -0.78584 -0.52074 -0.33359 eb
257.40083 52.47389 -0.04186 -0.97753 0.20660 eb
257.87011 45.37099 -0.24072 -0.87160 -0.42704 eb
258.43514 28.78525 -0.47368 -0.29747 -0.82894 eb
259.42536 20.45031 -0.05962 0.96711 -0.24727 eb
260.00554 46.89672 -0.80626 0.57076 -0.15549 eb
260.02160 19.41830 -0.25247 -0.36909 -0.89445 eb
260.11730 30.51419 -0.11429 0.97901 -0.16873 eb
260.55386 50.68663 0.97488 0.02333 -0.22152 eb
260.88772 37.52982 -0.41368 0.29198 -0.86233 eb
261.13763 76.53635 0.60095 0.51011 -0.61534 eb
261.37406 31.45756 -0.51783 -0.59721 0.61253 eb
261.39135 61.31494 -0.97377 0.15091 -0.17029 eb
261.92671 32.97835 -0.17294 -0.66153 -0.72971 eb
262.39934 54.02125 0.43962 0.44433 -0.78058 eb
262.88737 58.09014 -0.66656 0.33951 -0.66365 eb
263.09843 26.31844 -0.39822 0.39174 -0.82943 eb
263.49333 43.90889 0.04540 0.97355 -0.22390 eb
263.68901 69.86740 0.66541 0.46307 -0.58548 eb
264.40472 75.35772 0.71951 -0.69400 0.02581 eb
265.33151 27.95471 -0.44353 -0.54565 -0.71102 eb
266.04047 49.32156 0.44520 -0.31381 -0.83864 eb
266.86047 23.57847 0.93611 -0.29820 -0.18651 eb
267.36852 46.87429 0.06971 0.38722 -0.91935 eb
267.69583 52.38710 -0.48870 -0.51989 -0.70063 eb
267.82484 28.92529 0.04506 0.24714 0.96793 eb
267.98465 8.28379 -0.30572 -0.53270 0.78916 eb
267.99758 38.01417 -0.82959 -0.39049 -0.39911 eb
268.06531 5.23347 -0.78205 -0.54148 -0.30853 eb
268.48586 37.74811 -0.87231 -0.21298 -0.44013 eb
268.53849 24.80581 -0.63429 -0.73997 0.22389 eb
268.76085 49.93688 0.09275 -0.23898 -0.96659 eb
269.91896 74.84075 0.87444 -0.45455 -0.16951 eb
270.12999 23.14203 0.04084 0.07231 -0.99655 eb
270.14831 21.04919 0.10995 0.19971 0.97367 eb
270.59412 17.86251 -0.66889 -0.65326 -0.35473 eb
271.20404 56.77654 -0.89270 -0.26252 0.36630 eb
272.15065 73.66672 0.97910 -0.20314 0.00995 eb
272.89947 16.39182 0.79606 -0.37514 0.47493 eb
273.70956 34.73372 0.01553 -0.71769 -0.69619 eb
274.62356 21.36637 -0.48772 -0.84718 -0.21077 eb
275.09692 68.64048 -0.03868 0.27515 -0.96062 eb
275.84806 61.76648 0.69055 0.33228 0.64244 eb
276.90945 20.51843 -0.79492 0.49440 -0.35168 eb
277.10762 63.69644 0.83217 0.48037 -0.27702 eb
278.10302 47.05608 -0.45633 -0.87484 0.16254 eb
278.36384 17.97028 0.31228 0.68380 0.65947 eb
278.63747 22.02121 -0.01947 0.93829 0.34531 eb
279.32585 52.43071 -0.44152 -0.14766 -0.88502 eb
279.37103 37.65016 0.27759 -0.34467 -0.89674 eb
280.18126 35.24662 -0.29325 0.95582 -0.02022 eb
280.87076 39.77970 -0.46201 0.63667 -0.61741 eb
281.26961 32.40802 0.30227 -0.07464 -0.95030 eb
282.22398 51.64679 -0.83817 -0.33922 0.42708 eb
282.28135 18.37158 -0.40093 0.91361 0.06755 eb
283.26798 37.68542 -0.07522 -0.83745 -0.54131 eb
283.42347 40.59349 -0.91781 -0.39536 0.03631 eb
284.23231 40.27265 -0.01358 0.14432 -0.98944 eb
284.49024 31.28537 0.91207 0.19852 -0.35876 eb
284.66913 34.31494 0.05982 0.39342 -0.91741 eb
284.88474 22.26407 -0.46266 0.61333 -0.64013 eb
285.31237 35.73305 -0.14780 -0.90664 -0.39517 eb
285.46344 33.05101 -0.02787 0.91281 0.40743 eb
285.50072 18.20172 -0.89436 0.28190 -0.34734 eb
286.48573 83.11428 0.75824 -0.35269 -0.54835 eb
286.68269 59.85932 0.37948 -0.61005 -0.69558 eb
287.31414 45.05307 -0.42795 0.90374 0.01045 eb
287.89029 48.83036 -0.43496 0.54561 -0.71633 eb
288.41123 17.73619 0.77427 0.61870 0.13310 eb
288.41905 73.47328 0.98173 0.17726 -0.06924 eb
288.47880 23.05164 0.36882 0.16889 -0.91403 eb
289.38415 25.39164 -0.16945 -0.59587 0.78500 eb
290.50991 81.93282 -0.26550 0.07817 -0.96094 eb
292.15403 34.04204 -0.25738 0.89542 -0.36328 eb
292.65170 40.47658 -0.26887 -0.28377 -0.92043 eb
292.99728 23.34836 0.67052 0.02395 -0.74151 eb
293.80782 70.29545 0.21263 0.45571 -0.86436 eb
293.89366 49.83387 -0.54701 -0.56054 0.62175 eb
294.00649 51.91764 -0.20009 0.57714 -0.79175 eb
296.76836 37.88061 0.47260 -0.87933 0.05859 eb
296.86111 63.72522 -0.88443 0.32606 -0.33387 eb
297.40548 51.03327 -0.85192 -0.34210 0.39648 eb
298.07696 60.13247 0.38327 -0.04898 -0.92233 eb
299.34539 57.99947 -0.65911 -0.57257 -0.48758 eb
300.03875 29.64598 0.77086 0.58139 -0.26030 eb
301.40942 29.99258 0.56212 -0.19411 -0.80395 eb
302.24812 13.96555 0.46296 0.80600 0.36882 eb
302.69064 25.49460 0.88888 -0.45227 0.07316 eb
302.89395 53.13833 -0.05295 0.45296 -0.88996 eb
303.54485 88.31528 0.63880 -0.43920 -0.63170 eb
304.67763 78.16131 -0.46991 -0.83454 0.28764 eb
304.85245 59.03711 0.63701 0.74039 -0.21459 eb
305.32448 31.78784 -0.11080 0.69128 0.71404 eb
305.35356 7.43458 0.44217 -0.89689 0.00866 eb
306.78302 57.70588 0.49910 0.13942 -0.85526 eb
307.16170 18.68992 0.01697 -0.43626 -0.89966 eb
307.41973 63.89894 0.82465 -0.41490 -0.38447 eb
307.45846 44.96877 -0.37317 0.21764 -0.90187 eb
308.19025 39.52163 0.83660 -0.35114 0.42049 eb
308.53301 28.43193 0.49763 0.65577 0.56775 eb
309.06411 27.23615 0.67722 0.30320 -0.67041 eb
309.22332 18.93491 0.85224 0.23183 0.46898 eb
309.69772 34.24381 0.33182 -0.29565 -0.89582 eb
310.24684 26.78999 -0.14915 0.89153 0.42771 eb
310.32408 35.30687 0.58378 -0.81183 -0.01154 eb
310.54620 51.27866 -0.21510 0.97511 0.05379 eb
310.71512 61.30607 -0.85773 0.47938 0.18574 eb
311.85621 78.32648 -0.13499 0.99041 -0.02953 eb
312.17172 36.36376 -0.75803 0.30194 0.57812 eb
314.13130 42.01315 0.66190 0.35456 0.66044 eb
314.28667 32.42674 -0.79295 -0.44862 -0.41228 eb
314.64437 46.61407 -0.45820 -0.13744 -0.87816 eb
314.95358 62.85656 -0.85757 -0.43766 -0.27022 eb
315.37445 45.80618 0.64442 0.76314 0.04833 eb
316.05688 81.69907 0.68113 -0.31539 -0.66075 eb
316.06714 8.23006 0.09256 -0.92295 -0.37362 eb
316.13802 21.90448 0.40189 -0.46188 -0.79066 eb
316.62555 41.12482 -0.57192 0.81881 -0.04964 eb
317.27598 31.98553 -0.83613 -0.16337 -0.52364 eb
317.52152 19.37008 -0.54831 -0.47193 0.69039 eb
318.09214 45.02875 -0.80822 0.50045 -0.31039 eb
318.64457 70.12702 0.13835 0.98311 0.11982 eb
318.83423 33.94279 -0.46505 -0.64414 -0.60730 eb
318.85776 19.06087 -0.24076 -0.71525 -0.65609 eb
319.55108 54.19098 -0.85676 0.31504 -0.40831 eb
320.04797 38.58674 -0.40327 -0.48391 0.77666 eb
320.17566 20.81130 0.45362 -0.65337 0.60608 eb
321.00796 72.94219 0.37728 0.57781 -0.72374 eb
321.01148 30.74707 -0.25631 0.23967 -0.93641 eb
321.05766 57.85389 0.27220 -0.64784 -0.71149 eb
322.07604 34.74922 0.69406 0.49836 -0.51954 eb
322.31747 41.09092 -0.16657 -0.92116 0.35173 eb
322.34986 31.71710 0.25747 0.21019 -0.94315 eb
322.56396 66.57327 -0.79334 -0.30458 0.52711 eb
323.27939 36.28788 -0.85309 -0.52064 -0.03420 eb
323.29301 72.50614 -0.67889 0.25256 -0.68943 eb
323.31204 15.16853 -0.59258 0.80515 0.02417 eb
323.48943 36.87954 -0.43910 -0.03039 -0.89792 eb
324.83309 8.91484 -0.36352 -0.05240 -0.93011 eb
325.33985 25.41202 -0.68203 -0.60578 0.40972 eb
325.85268 44.37478 0.28125 -0.79861 -0.53208 eb
326.17579 64.84474 -0.63332 0.77271 -0.04274 eb
326.25463 34.03558 -0.04026 0.66348 -0.74711 eb
326.66319 29.94320 -0.54290 0.83880 0.04091 eb
327.60830 71.31662 -0.67156 -0.56576 -0.47846 eb
328.49133 55.83938 -0.05181 -0.22116 -0.97386 eb
328.50025 33.83902 0.56923 0.71804 -0.40051 eb
329.54604 32.20002 0.51790 0.06929 -0.85263 eb
331.11058 61.71090 0.59709 -0.78980 -0.14035 eb
331.31405 71.64772 -0.65299 -0.37907 0.65568 eb
331.38337 48.43739 -0.74087 -0.60532 -0.29103 eb
331.43639 35.70055 0.45370 -0.59963 -0.65925 eb
332.43120 40.44167 0.53395 0.66854 0.51764 eb
332.47429 41.71124 0.03409 -0.96582 -0.25695 eb
333.60882 40.27945 -0.43062 0.75260 -0.49815 eb
334.28512 47.30404 0.41753 -0.46189 -0.78251 eb
334.75669 50.11088 0.78678 -0.29169 -0.54396 eb
336.09582 73.04915 0.76760 0.32226 0.55402 eb
336.40892 7.85216 0.37581 -0.74236 -0.55468 eb
336.62487 67.24881 0.70034 0.24193 -0.67156 eb
337.18848 47.37797 0.56897 0.76638 -0.29821 eb
337.75423 17.86873 -0.62360 0.11045 -0.77391 eb
337.96771 17.71343 0.26746 -0.75870 -0.59400 eb
338.47910 30.77751 0.75655 -0.02864 -0.65330 eb
338.51675 42.80486 0.61549 0.73636 -0.28097 eb
338.57524 14.78571 -0.79938 0.60062 -0.01550 eb
338.89380 15.82124 -0.94800 0.15229 0.27947 eb
339.28692 15.89097 0.75635 -0.26135 -0.59969 eb
340.46100 69.57026 0.64059 0.27492 -0.71699 eb
340.59650 33.21647 -0.44536 0.83725 0.31729 eb
341.50324 20.35898 0.82485 0.49274 -0.27717 eb
342.14506 22.13317 -0.87990 0.14949 -0.45102 eb
342.17536 79.71761 0.24999 -0.94000 -0.23217 eb
342.57045 20.45859 -0.13211 -0.92240 -0.36294 eb
342.86913 30.81146 0.29999 -0.50860 0.80705 eb
343.02879 49.69540 -0.77794 -0.62733 -0.03553 eb
344.10363 23.13171 -0.75913 -0.28117 0.58708 eb
344.20422 26.81179 -0.76410 -0.31408 0.56348 eb
344.81347 15.50518 0.17660 0.07296 0.98157 eb
345.16462 62.29911 0.69259 0.40168 0.59915 eb
346.23806 61.57026 -0.20619 0.97124 -0.11906 eb
346.48133 68.86948 -0.06863 -0.77214 -0.63173 eb
347.19498 27.61305 -0.23107 -0.94450 0.23350 eb
348.52456 40.73690 0.51469 0.71197 -0.47769 eb
348.99323 36.20438 -0.61319 -0.68684 0.39019 eb
349.36555 19.20497 0.39902 -0.15415 -0.90389 eb
350.23934 70.18311 0.89215 0.24010 -0.38266 eb
350.47919 44.31949 -0.30106 -0.93576 -0.18360 eb
350.48394 15.74654 -0.23529 -0.01458 -0.97182 eb
351.23339 49.65600 -0.33189 -0.63241 -0.69993 eb
351.46018 46.85698 -0.66048 -0.55130 -0.50973 eb
351.71647 53.52589 0.01877 0.93049 -0.36583 eb
352.37296 37.21173 0.86622 0.47963 0.14009 eb
352.83474 47.93805 -0.51508 -0.43060 -0.74113 eb
353.82480 40.85763 -0.69257 -0.02574 -0.72089 eb
353.95994 40.42547 0.89553 -0.15670 -0.41651 eb
356.05980 42.95849 -0.49351 0.52254 -0.69527 eb
356.16845 87.07084 -0.48782 -0.54126 0.68488 eb
357.08524 34.17314 -0.90989 -0.02811 -0.41389 eb
357.51107 51.69524 -0.95243 -0.10292 -0.28684 eb
357.55486 35.71764 0.93199 0.33489 0.13869 eb
358.29888 84.47310 0.06559 0.61307 -0.78730 eb
358.61357 43.81545 -0.80506 -0.38098 0.45469 eb
358.70271 32.97002 -0.17506 -0.01409 -0.98446 eb
360.01446 27.38257 0.95302 0.12837 -0.27438 eb
361.91621 25.22914 0.24416 0.85057 -0.46574 eb
362.01966 59.08522 0.18079 -0.04020 -0.98270 eb
362.52336 69.46800 -0.42866 0.90172 0.05616 eb
363.17202 41.01952 -0.29298 0.90006 0.32258 eb
365.18686 13.32230 0.08713 -0.99559 -0.03490 eb
365.36273 14.57435 -0.86914 -0.15155 0.47077 eb
367.38396 19.25811 -0.47544 -0.52391 -0.70674 eb
368.22227 42.12622 0.62216 -0.75886 -0.19247 eb
368.42345 58.10793 -0.35943 -0.37620 0.85398 eb
368.42876 40.64279 -0.09640 -0.89056 -0.44453 eb
368.98362 26.19105 0.57531 -0.32154 0.75208 eb
369.41010 20.13035 -0.28642 -0.93641 -0.20272 eb
369.86029 9.85318 0.47799 -0.59869 -0.64273 eb
372.89965 46.07603 0.25203 -0.95679 -0.14502 eb
377.99027 52.85681 -0.50130 0.78513 -0.36369 eb
379.19441 37.43947 -0.30677 -0.94483 -0.11484 eb
379.24328 75.80496 -0.04680 -0.83697 -0.54524 eb
379.55783 73.84008 -0.95611 0.22301 -0.19006 eb
383.83519 32.07012 0.75394 -0.62665 -0.19719 eb
385.19903 41.16786 -0.51425 0.80091 -0.30674 eb
388.17761 45.45023 0.86268 -0.13626 -0.48705 eb
391.83560 48.27143 -0.09332 0.55881 -0.82403 eb
394.74614 31.73885 0.42660 -0.88570 0.18315 eb
400.95654 20.26885 0.16189 -0.76485 -0.62354 eb
402.23318 31.34142 -0.33621 -0.29428 -0.89463 eb
402.47929 42.17555 0.40784 -0.88426 -0.22748 eb
406.99910 43.17119 -0.41993 0.90319 0.08893 eb
409.05509 34.35369 0.78082 0.35697 -0.51274 eb
413.55029 63.49751 -0.73536 -0.60432 -0.30667 eb
422.89875 24.34140 -0.23250 0.62998 0.74099 eb
438.68682 29.99990 -0.14401 0.66406 -0.73368 eb
451.57660 49.49053 -0.25883 0.19097 -0.94686 eb
461.59882 23.47322 -0.26415 0.63924 -0.72222 eb
472.55307 68.19876 0.60494 -0.74620 0.27791 eb
481.26380 26.68074 -0.07237 0.56940 -0.81887 eb
530.33712 24.01239 0.00695 -0.92529 0.37920 eb
585.13042 15.65467 0.77471 -0.04474 0.63073 eb
599.08460 49.00379 0.31758 -0.56980 -0.75794 eb
651.15028 30.42644 -0.66435 -0.45620 -0.59205 eb
676.81649 27.21307 0.05844 -0.97430 0.21755 eb
683.54042 20.33782 0.04076 -0.77619 -0.62918 eb
699.75903 15.95985 0.54722 -0.12359 0.82781 eb
752.01970 13.29771 -0.11602 0.85346 -0.50808 eb
774.84261 30.35290 -0.44931 0.34706 -0.82320 eb
847.79401 30.54879 -0.00762 0.90461 -0.42618 eb
958.48575 23.98215 0.55187 -0.50546 0.66329 eb
983.45133 39.72758 -0.88674 0.45830 -0.06046 eb
988.86944 27.37712 -0.98961 0.14257 0.01875 eb
1138.52336 17.90082 0.94088 -0.33872 0.00450 eb
1206.79037 18.15955 -0.91603 -0.27609 0.29096 eb
1292.98177 29.16634 0.53208 0.40617 0.74291 eb
1329.51470 13.00266 0.22014 0.97535 -0.01544 eb
1351.25098 11.64826 -0.80688 -0.59069 -0.00440 eb
1357.05519 18.64964 0.77622 0.37907 0.50378 eb
1474.33153 22.18865 0.50749 0.16777 0.84517 eb
1782.54562 34.96539 0.29955 0.93445 -0.19253 eb
1856.64000 23.93524 0.41212 -0.65261 -0.63581 eb
1863.95839 16.46092 0.78362 -0.44152 -0.43703 eb
1866.51284 33.57469 -0.78186 -0.39003 -0.48639 eb
1969.73437 31.95706 0.22277 0.81941 -0.52815 eb
2020.41101 19.18906 0.86231 -0.42390 0.27701 eb
2023.88261 27.85669 -0.38068 0.92073 -0.08569 eb
2081.83056 31.91550 -0.15400 -0.98309 -0.09913 eb
2283.95111 16.54014 -0.89185 0.37599 0.25145 eb
2341.48165 14.50727 0.05293 0.58892 -0.80646 eb
2395.60030 19.54530 -0.77128 -0.49231 -0.40344 eb
2621.86121 14.89710 0.49926 0.04688 0.86518 eb
2702.57836 28.34043 0.86797 -0.40369 0.28924 eb
2714.27552 24.10168 -0.99133 0.00773 -0.13115 eb
2752.15583 12.70056 -0.06874 0.34368 -0.93657 eb
3542.00704 17.44452 -0.42589 0.89894 0.10256 eb
3982.70120 13.98170 -0.60982 0.37376 0.69887 eb
3995.90278 27.17408 -0.90162 0.36383 -0.23391 eb
4185.78012 28.75075 -0.09149 0.16558 0.98194 eb
4377.01444 12.20132 0.68213 -0.66673 0.30030 eb
4435.05727 8.76098 0.44165 0.35863 -0.82239 eb
5763.39725 7.11933 -0.46117 0.49817 -0.73427 eb
6465.42629 19.07709 0.34272 0.36572 -0.86533 eb
6524.95422 11.22948 0.87875 0.23525 0.41528 eb
7069.49490 79.60431 0.68459 -0.00738 -0.72889 eb
8126.45687 10.01123 0.92737 0.35643 -0.11380 eb
8473.45780 20.10067 -0.56200 -0.41216 -0.71713 eb
9402.77230 35.13182 -0.90922 0.32091 -0.26522 eb
9742.48406 29.39007 0.66398 -0.29298 0.68796 eb
9774.19415 14.63065 -0.04035 0.48101 -0.87579 eb
10924.08947 18.75715 0.14692 0.53834 0.82982 eb
14610.77444 20.82165 0.88190 0.25177 0.39857 eb
19066.55910 12.68547 -0.25407 -0.74058 -0.62209 eb
19863.88878 18.21553 0.52003 -0.67579 -0.52238 eb
