18.03929 42.76827 0.36017 0.89333 -0.26877 eb
18.29274 87.99924 -0.10620 0.21987 -0.96973 eb
22.77762 61.31738 -0.21994 0.49181 -0.84246 eb
24.18376 50.77703 -0.05491 0.99823 0.02291 eb
26.30276 44.90841 0.25351 0.81836 -0.51578 eb
26.48011 40.98515 -0.94930 0.27689 0.14886 eb
28.80096 76.49204 0.70710 -0.66462 -0.24145 eb
29.12931 54.39364 0.88563 -0.36455 -0.28769 eb
29.20137 86.72172 -0.47235 0.49090 0.73205 eb
29.67787 42.89595 -0.44910 0.88258 0.13918 eb
29.81593 60.01130 0.27000 0.38787 0.88128 eb
30.33546 70.23220 0.40946 0.63857 -0.65159 eb
30.61734 58.74575 -0.92004 -0.38116 0.09083 eb
32.02056 25.74606 0.91299 -0.11575 -0.39121 eb
32.64731 31.22701 -0.82267 0.15474 -0.54706 eb
34.65508 53.09199 0.63368 -0.75980 0.14542 eb
35.03143 30.80196 -0.24793 -0.81301 -0.52683 eb
35.56599 43.20652 0.18433 -0.97501 -0.12399 eb
35.68089 36.90026 -0.78460 -0.11127 0.60993 eb
38.26892 61.13940 -0.35533 -0.93462 0.01497 eb
38.55120 47.65865 -0.32923 0.47939 -0.81351 eb
38.64530 23.77870 -0.20032 -0.97427 -0.10325 eb
39.48097 79.61114 -0.92708 0.22705 0.29827 eb
39.54807 59.57664 -0.44631 -0.84741 -0.28758 eb
40.25964 81.60873 0.23579 0.84714 -0.47619 eb
40.54767 87.31412 -0.48077 0.08861 -0.87236 eb
40.77944 70.77326 0.29103 -0.14202 -0.94611 eb
41.28860 38.11696 0.32770 0.74378 -0.58259 eb
41.63558 45.06190 -0.26781 -0.85369 -0.44665 eb
41.88793 20.55129 -0.88686 0.32994 -0.32345 eb
41.94651 40.25435 0.94700 0.21951 -0.23454 eb
41.95044 82.23807 -0.50043 -0.78833 -0.35792 eb
42.82144 67.62345 -0.89390 -0.44302 0.06838 eb
43.06612 56.95518 0.34123 0.21435 -0.91522 eb
43.12062 79.51510 -0.35368 -0.92866 0.11177 eb
44.29989 37.70575 0.07051 0.96080 -0.26813 eb
45.58163 31.09490 0.15878 0.91671 -0.36666 eb
45.77415 32.18277 0.69672 -0.66184 -0.27667 eb
45.86268 39.39832 0.30013 0.19249 0.93427 eb
46.04329 61.87288 -0.92889 -0.36967 -0.02255 eb
46.25318 61.64055 0.02970 -0.54926 0.83512 eb
47.41882 15.10742 -0.70197 -0.44301 0.55765 eb
48.17864 61.98083 -0.33803 0.71355 0.61366 eb
48.22566 55.21807 0.20563 -0.28289 -0.93685 eb
48.37030 42.90823 -0.99367 0.07454 -0.08402 eb
48.57242 57.35497 -0.06356 0.99789 0.01311 eb
48.81911 78.63736 0.42262 -0.87895 0.22101 eb
49.58164 24.67786 0.49033 -0.64505 -0.58608 eb
49.65980 55.93049 -0.81572 0.41378 -0.40422 eb
50.76535 55.11761 -0.34491 -0.75567 -0.55677 eb
51.37906 72.59840 -0.68580 -0.61045 0.39627 eb
52.05573 70.14506 0.73640 0.30289 0.60496 eb
52.59370 76.54328 -0.84077 -0.13046 -0.52544 eb
53.10699 66.76157 0.07233 -0.06245 -0.99542 eb
53.60004 48.05967 -0.08455 0.85473 -0.51214 eb
54.38768 82.61078 -0.26716 -0.14592 -0.95254 eb
54.55567 31.16720 0.20557 -0.25574 0.94464 eb
55.20105 36.00995 0.72057 -0.34104 -0.60372 eb
55.20694 44.05139 -0.15054 0.98845 -0.01763 eb
55.25480 85.08834 0.32470 0.73048 -0.60080 eb
55.46232 33.24551 0.59005 -0.34230 -0.73121 eb
56.07036 80.46524 0.18997 -0.97353 0.12705 eb
56.40935 29.27781 -0.24381 -0.92384 0.29510 eb
56.53687 28.08195 -0.07149 -0.36202 0.92942 eb
57.11842 55.93875 0.91340 -0.24051 -0.32842 eb
58.16322 52.21925 0.04654 0.47884 -0.87667 eb
58.75152 86.44915 -0.83453 -0.54101 0.10424 eb
60.18009 21.49492 -0.36112 -0.70560 -0.60969 eb
61.23631 60.65945 -0.89793 0.23503 -0.37213 eb
62.11845 34.84486 -0.53734 0.43547 -0.72224 eb
62.96991 35.07807 0.58874 0.68095 -0.43553 eb
63.67173 65.35344 -0.92762 0.36629 -0.07314 eb
63.68296 45.03953 0.86591 -0.49320 0.08336 eb
64.21054 30.42036 -0.17417 -0.09749 0.97988 eb
65.02200 72.86777 0.02144 0.27779 -0.96040 eb
66.28549 21.33616 -0.20330 -0.87704 0.43529 eb
67.09757 63.67898 0.20379 0.97563 -0.08131 eb
68.64405 53.56111 -0.01872 0.65616 -0.75439 eb
68.65252 34.03571 -0.40082 0.12118 -0.90811 eb
68.84661 31.24338 0.27061 0.90968 0.31504 eb
69.10099 13.46963 -0.07068 -0.96484 0.25315 eb
69.15984 24.02332 0.73494 0.40130 -0.54664 eb
69.45421 41.61978 0.03191 0.43298 -0.90084 eb
69.58398 40.76057 0.35661 0.12662 0.92563 eb
69.91449 87.04703 0.86276 0.48838 0.13084 eb
70.39350 88.37916 0.46989 0.88114 0.05288 eb
71.62747 38.48582 -0.91384 -0.33268 -0.23284 eb
71.75887 43.58234 0.65113 0.69798 0.29809 eb
73.87654 43.61623 -0.71983 -0.66712 -0.19180 eb
75.18628 76.53076 0.71408 -0.33027 -0.61726 eb
75.25508 18.23844 -0.47030 -0.01817 -0.88232 eb
75.82510 83.92738 0.35452 0.47371 -0.80617 eb
76.78892 58.96203 -0.59780 -0.65051 0.46847 eb
76.99504 27.62911 0.32958 0.65914 -0.67595 eb
77.13696 40.50653 -0.23976 0.65974 -0.71222 eb
78.06318 48.62286 0.75489 -0.43725 -0.48883 eb
78.64984 59.91232 -0.34636 0.01357 -0.93800 eb
78.66625 65.46986 0.14824 -0.97944 -0.13682 eb
79.06583 38.14521 0.67720 -0.14138 -0.72209 eb
79.24567 13.74841 -0.13239 -0.91358 -0.38451 eb
79.44883 24.49463 0.48284 0.71275 0.50878 eb
82.14449 45.13651 0.71120 -0.55118 -0.43634 eb
82.99331 69.77441 0.50902 0.74075 0.43839 eb
85.59557 44.63963 -0.47750 -0.54496 -0.68921 eb
86.79895 38.16547 -0.26480 -0.75859 -0.59533 eb
87.03306 39.44010 -0.17848 0.45703 0.87136 eb
88.22794 59.37208 0.16262 -0.76587 -0.62209 eb
88.98763 85.77537 0.14403 0.83298 -0.53423 eb
89.80100 25.30906 0.87060 0.28981 0.39758 eb
90.34037 55.72847 0.08309 0.39591 -0.91452 eb
90.91327 29.91513 0.82402 -0.03386 -0.56555 eb
91.74531 68.77618 -0.83027 -0.54407 0.12100 eb
92.26886 46.38290 0.80909 0.58740 -0.01825 eb
93.43774 45.92172 -0.09532 0.21417 -0.97213 eb
93.57248 23.94556 0.75592 -0.23489 -0.61107 eb
93.89522 13.54300 0.04010 -0.17571 0.98362 eb
93.92164 19.24018 -0.62965 -0.70484 -0.32671 eb
94.86051 28.89395 0.72910 -0.21950 -0.64825 eb
95.20145 25.14475 0.30984 0.52396 -0.79339 eb
96.97698 20.28922 0.26155 -0.81351 0.51943 eb
97.03742 21.95623 -0.35743 -0.76908 -0.52987 eb
97.71264 19.24912 0.83959 -0.51015 -0.18663 eb
98.15147 57.47582 0.12940 -0.69628 -0.70601 eb
99.42004 29.97650 0.41046 -0.34311 -0.84487 eb
100.49275 70.34889 0.21230 -0.66846 -0.71280 eb
100.91174 41.57888 -0.35397 -0.27581 0.89366 eb
102.30998 38.32024 0.07544 -0.08696 -0.99335 eb
103.43260 20.32331 0.04467 0.72113 -0.69136 eb
104.07219 47.82320 -0.09180 -0.81698 -0.56931 eb
104.70676 65.37227 0.50903 -0.76242 0.39951 eb
105.95309 38.94343 -0.91442 -0.40356 0.03130 eb
107.49362 24.07348 0.82821 -0.11504 -0.54848 eb
108.47846 25.33617 -0.94695 -0.25074 -0.20104 eb
108.78089 49.47294 -0.16059 0.85548 0.49230 eb
109.28083 38.28457 -0.61066 0.14627 -0.77827 eb
112.50803 40.67197 0.90199 0.32004 -0.28981 eb
112.94263 14.93274 0.93490 -0.08460 0.34467 eb
113.95384 52.03298 0.10415 0.67408 -0.73128 eb
113.97736 77.17569 -0.53079 -0.41166 -0.74081 eb
116.36296 37.41133 0.76375 -0.62942 0.14324 eb
116.70039 55.50883 0.51524 -0.80261 -0.30057 eb
118.62574 25.53534 -0.88248 0.01763 -0.47001 eb
120.41466 21.22753 -0.33012 0.94393 0.00463 eb
120.57251 52.90243 0.40065 -0.64008 -0.65557 eb
120.68325 21.38740 0.61350 -0.78967 0.00637 eb
122.06240 49.42292 0.38984 0.62674 0.67470 eb
122.88015 24.50269 0.96672 -0.22342 0.12466 eb
123.65615 42.23468 -0.55707 -0.62121 0.55116 eb
123.88675 27.29919 0.96272 -0.03322 0.26845 eb
124.71586 30.31050 0.31580 -0.88532 -0.34129 eb
126.09469 20.28101 0.46575 -0.86774 -0.17353 eb
127.11588 66.64675 -0.81851 -0.45996 0.34422 eb
127.28659 26.82545 -0.22216 0.88973 -0.39879 eb
127.73174 24.93692 -0.73337 -0.61142 0.29721 eb
128.41100 17.41190 0.44441 -0.14879 -0.88338 eb
128.68128 9.46991 0.29414 0.59419 -0.74861 eb
128.91975 41.70637 0.46857 0.44506 -0.76313 eb
129.87220 30.09068 0.06785 -0.98779 -0.14024 eb
129.94719 78.74688 -0.96421 -0.23174 -0.12883 eb
131.35775 31.94582 -0.14734 -0.90772 0.39285 eb
131.94551 42.21492 0.51562 0.83962 -0.17083 eb
132.55138 46.65972 -0.76901 0.59735 0.22757 eb
133.00786 57.58139 0.00362 -0.04946 -0.99877 eb
134.13659 24.28992 0.62453 -0.27796 -0.72986 eb
134.63207 20.47717 0.78080 -0.61601 -0.10435 eb
134.69599 64.11643 0.40155 -0.86018 -0.31440 eb
135.12992 38.32551 -0.38395 0.91081 0.15169 eb
136.36101 24.65498 0.50929 -0.65632 -0.55666 eb
137.37556 72.49541 0.22487 -0.42545 -0.87660 eb
137.59904 35.88869 -0.53234 -0.63946 0.55471 eb
137.85076 29.22552 0.20879 0.03532 0.97732 eb
137.86574 63.77238 -0.46868 -0.47825 -0.74271 eb
138.79636 45.14008 -0.85689 0.07897 -0.50941 eb
139.03126 58.40261 0.30881 -0.58767 -0.74785 eb
140.12935 23.82970 -0.29413 -0.79119 -0.53619 eb
140.59207 30.98663 0.58842 -0.43130 -0.68392 eb
140.84159 41.68588 0.76872 -0.34916 -0.53588 eb
141.29873 78.20948 0.67412 -0.25208 0.69427 eb
141.47092 35.56770 -0.71552 -0.12339 -0.68761 eb
141.71797 67.24144 -0.76121 0.39334 -0.51560 eb
143.60922 43.29039 0.18959 0.98170 0.01795 eb
145.76123 20.39407 -0.56763 0.81323 -0.12829 eb
146.35740 84.41873 -0.22015 0.31981 -0.92155 eb
147.38171 39.92467 0.55030 -0.81433 0.18446 eb
148.31496 52.32741 -0.59390 0.33695 -0.73058 eb
148.47733 87.70583 -0.61768 -0.70919 -0.33989 eb
148.60291 71.31935 -0.29026 -0.84335 -0.45222 eb
149.50926 22.70021 0.27199 0.69772 -0.66273 eb
150.30748 44.99370 -0.28382 0.93548 -0.21055 eb
150.37097 36.92021 -0.08547 0.11041 -0.99020 eb
150.47452 25.90884 0.19387 0.82516 -0.53058 eb
150.60791 60.56145 -0.16845 0.90585 -0.38867 eb
151.09465 28.16179 0.27565 0.12292 -0.95337 eb
152.19022 43.27130 0.45582 -0.06037 -0.88802 eb
152.20154 45.11715 0.65773 -0.38901 -0.64504 eb
153.44999 56.66785 0.16048 0.75489 0.63591 eb
154.31618 38.35529 0.08642 0.64234 0.76154 eb
154.69912 9.59411 0.00824 0.61592 0.78776 eb
154.96861 40.35112 0.79172 0.57686 -0.20103 eb
155.31315 48.51247 -0.24806 -0.90784 -0.33806 eb
155.60863 32.23191 -0.82482 0.15571 0.54352 eb
155.67476 37.05134 -0.04572 -0.98626 -0.15876 eb
155.86330 65.27206 -0.70709 0.70409 -0.06541 eb
156.23403 15.84079 -0.30915 0.24074 -0.92004 eb
158.05808 41.76277 -0.87986 0.45073 -0.15062 eb
158.62648 30.74081 -0.36286 -0.88894 0.27949 eb
158.89153 61.50771 -0.76592 -0.24647 0.59381 eb
158.97511 44.48287 -0.70880 0.63594 0.30525 eb
160.09231 37.94640 -0.53544 0.46641 -0.70410 eb
160.15058 48.22927 0.75632 0.03760 -0.65312 eb
161.37693 20.65392 0.82375 -0.39057 -0.41096 eb
163.33153 48.39851 0.65370 -0.73814 -0.16681 eb
165.64047 14.14958 -0.70100 -0.40240 0.58878 eb
168.15375 20.94150 -0.35799 0.92141 -0.15112 eb
168.38257 46.63768 -0.93407 -0.15183 0.32322 eb
168.71741 73.02008 0.24097 0.92102 0.30602 eb
171.07825 26.55017 -0.22956 0.96560 0.12217 eb
172.02410 25.59855 0.75604 0.65301 0.04441 eb
172.76597 32.97026 -0.86805 0.05495 -0.49342 eb
173.72641 20.95371 0.30008 0.16284 0.93991 eb
174.72430 60.48044 0.64023 0.69565 -0.32585 eb
175.89531 63.90660 0.07764 -0.09660 -0.99229 eb
177.50844 64.07668 -0.98526 0.04518 0.16498 eb
178.74456 29.42861 -0.01189 -0.66541 -0.74639 eb
179.02954 18.96139 0.46609 0.84745 -0.25415 eb
179.76692 42.92119 -0.81976 -0.51968 -0.24067 eb
180.68841 29.71420 -0.94829 -0.24803 0.19804 eb
180.89567 46.35714 0.55160 0.83360 0.02901 eb
181.43466 20.83619 0.66212 0.49154 -0.56567 eb
184.40935 80.52482 0.54138 -0.10375 -0.83435 eb
186.20783 35.06552 0.37287 0.87436 0.31058 eb
187.59720 57.18263 0.34074 -0.50326 -0.79412 eb
189.49714 21.87439 0.79355 -0.25240 -0.55369 eb
189.52019 44.94131 0.69097 0.07439 0.71905 eb
189.52617 14.75924 0.40871 0.86161 0.30098 eb
190.34798 32.30519 0.56488 0.37049 -0.73733 eb
191.39712 41.24310 0.66135 0.07639 -0.74618 eb
192.28339 29.85027 -0.88862 0.40032 0.22384 eb
192.98671 37.81849 0.46731 0.12271 -0.87554 eb
193.29966 50.70553 0.61138 -0.25800 -0.74810 eb
194.83919 16.32634 -0.05884 0.75207 0.65645 eb
194.96613 27.41989 -0.27121 0.20233 -0.94101 eb
197.16676 14.13295 -0.42926 0.11856 0.89536 eb
197.76121 52.80583 -0.80750 -0.12419 -0.57665 eb
198.34951 45.37180 -0.02534 0.44512 -0.89511 eb
198.52881 29.96285 -0.36380 -0.81306 0.45452 eb
198.69939 50.44100 0.94954 -0.30044 -0.09005 eb
199.25421 76.68723 -0.79171 -0.56451 -0.23349 eb
199.65437 18.95512 0.11219 0.76410 -0.63527 eb
200.57152 19.74687 0.09559 0.98629 -0.13455 eb
200.64088 69.90085 -0.51148 0.34912 -0.78518 eb
201.22890 37.78146 -0.37833 -0.57273 0.72721 eb
201.82057 19.00573 0.81572 -0.39030 -0.42693 eb
202.34790 20.92922 -0.37787 -0.82783 -0.41463 eb
203.28478 60.03684 0.39381 -0.88592 0.24507 eb
203.96936 43.35049 0.79217 0.13937 -0.59418 eb
205.27387 27.51735 0.75383 -0.47558 -0.45338 eb
205.97398 25.81231 0.48365 -0.68051 0.55044 eb
205.97679 27.87091 0.11083 -0.77038 -0.62787 eb
206.22414 33.33462 -0.46534 -0.83502 0.29360 eb
207.46372 19.75855 -0.13662 0.72311 0.67709 eb
208.89571 37.92435 -0.40596 -0.80663 0.42958 eb
209.31447 38.91453 0.15490 0.01439 -0.98783 eb
209.60198 21.50258 -0.68993 -0.51441 -0.50929 eb
210.18529 49.10633 -0.57467 -0.74304 -0.34301 eb
210.64792 53.89906 -0.82394 -0.30432 -0.47803 eb
211.63136 42.06435 -0.76604 0.47187 0.43648 eb
211.82206 77.49037 0.30102 -0.44463 -0.84362 eb
214.88826 37.11039 -0.31055 -0.13161 -0.94140 eb
217.03668 22.52014 0.19921 0.77851 0.59518 eb
218.13965 21.16152 0.40899 0.24454 -0.87916 eb
218.75568 26.37626 0.72240 -0.59684 -0.34918 eb
219.10593 16.20571 -0.16567 -0.16272 -0.97266 eb
219.58980 40.05965 -0.05648 0.89729 -0.43782 eb
221.71830 56.92898 0.13615 0.95718 -0.25548 eb
223.06017 29.26921 0.33439 0.55904 -0.75872 eb
223.66979 40.85920 0.54746 -0.76071 -0.34872 eb
226.03955 72.85588 -0.15614 -0.42997 -0.88924 eb
226.26355 28.06653 -0.44419 -0.63826 0.62874 eb
226.29248 23.91080 0.06876 0.66460 -0.74403 eb
226.79873 25.58098 -0.28013 0.33820 0.89842 eb
227.08116 36.19610 0.55945 0.72439 -0.40283 eb
228.63980 76.51385 -0.40738 -0.57501 -0.70951 eb
229.53895 31.70469 -0.93793 0.31856 0.13716 eb
229.96674 41.04545 0.27541 0.89410 -0.35317 eb
230.45508 34.70589 -0.21070 -0.93600 -0.28197 eb
231.48109 21.06477 0.16395 -0.79193 0.58819 eb
231.64964 14.71590 0.11134 -0.31009 -0.94416 eb
231.84678 25.77168 -0.36566 0.73526 -0.57069 eb
231.85653 30.67570 0.98825 -0.13763 0.06643 eb
232.12889 38.58269 0.70722 -0.33830 -0.62080 eb
233.43476 16.69039 0.66161 0.33413 0.67129 eb
233.99158 81.04064 0.81503 -0.37180 -0.44441 eb
234.57819 30.35766 -0.59219 -0.80053 -0.09201 eb
235.15969 14.60555 -0.42211 0.37242 -0.82652 eb
235.53418 21.47479 0.84024 0.53929 -0.05622 eb
235.77817 47.16723 -0.61470 -0.78385 -0.08784 eb
236.00995 28.34391 0.11239 0.34951 -0.93017 eb
236.47132 55.67425 0.78144 -0.23461 -0.57819 eb
236.58026 74.25519 -0.22717 -0.94066 -0.25211 eb
236.84431 15.09158 -0.13699 0.84455 -0.51766 eb
237.01096 38.75165 0.77778 -0.42793 0.46037 eb
237.42373 30.21100 0.21760 -0.01292 -0.97595 eb
238.14407 67.69796 0.90842 0.10960 -0.40344 eb
240.10214 52.87101 -0.65075 0.48740 -0.58221 eb
240.34379 20.20906 0.11889 -0.63287 -0.76507 eb
241.65635 41.39178 0.87455 0.47344 0.10499 eb
242.04430 78.48666 -0.06646 -0.99534 -0.06983 eb
243.40055 55.80147 -0.20552 0.90518 0.37204 eb
244.41391 33.80856 0.53703 0.26908 0.79950 eb
244.72452 37.63528 0.36543 -0.49148 -0.79051 eb
244.98686 35.48511 -0.56937 -0.68487 -0.45471 eb
245.63066 62.45242 -0.52318 0.18950 -0.83088 eb
245.94053 34.82870 0.47614 0.07685 -0.87600 eb
246.43403 24.02396 -0.49435 0.00064 -0.86927 eb
246.88539 25.55497 0.63573 0.62644 -0.45101 eb
247.31639 60.22131 0.39424 0.47675 -0.78567 eb
247.61197 18.22600 -0.14701 -0.85590 0.49580 eb
248.29172 35.33727 0.09672 -0.99022 -0.10055 eb
248.66134 41.50811 -0.94210 0.33531 0.00282 eb
249.13158 20.50817 -0.83240 0.03161 -0.55327 eb
249.18125 30.65077 -0.48670 -0.69899 -0.52396 eb
249.22682 36.53993 -0.68420 0.37595 -0.62492 eb
249.75410 43.49927 0.67187 0.58550 -0.45363 eb
250.20395 23.05813 0.22938 -0.06688 -0.97104 eb
250.28333 21.47625 -0.86283 0.41560 -0.28776 eb
251.10679 15.33424 -0.40192 -0.13916 -0.90504 eb
251.78561 34.39726 -0.44220 0.64830 -0.61981 eb
252.82177 20.80836 0.75988 0.54461 0.35494 eb
255.53259 30.44718 0.67325 -0.24496 -0.69766 eb
257.58839 28.38720 -0.42047 -0.58309 0.69513 eb
257.68448 32.77790 0.44952 0.81854 -0.35768 eb
257.77305 52.98140 -0.64328 0.73943 0.19855 eb
258.79111 54.71013 0.77812 0.58601 0.22610 eb
258.96138 74.99551 0.95830 -0.03377 0.28376 eb
259.34899 29.99041 -0.07806 -0.03349 -0.99639 eb
259.83261 38.81756 0.17180 -0.98415 -0.04400 eb
260.88439 17.58249 0.37981 -0.19791 0.90364 eb
261.01171 23.64489 -0.30074 0.86409 0.40361 eb
261.70205 22.06172 -0.01001 0.99991 -0.00838 eb
261.89639 39.61877 -0.61468 -0.66360 -0.42639 eb
261.99217 56.41349 0.02920 -0.47905 -0.87730 eb
262.87909 33.18990 0.81067 -0.58307 0.05327 eb
262.94298 34.36328 0.96214 0.20291 -0.18199 eb
263.15238 23.22273 0.96803 -0.23023 -0.09960 eb
263.54261 37.08415 0.50237 -0.86267 0.05853 eb
263.88130 27.68709 0.82815 0.25142 0.50096 eb
264.58231 50.13978 0.83098 -0.36883 -0.41645 eb
265.46745 56.05961 0.11692 0.16170 -0.97989 eb
266.78458 38.06040 0.13897 0.06965 -0.98784 eb
268.45711 61.58889 -0.92205 -0.38547 0.03522 eb
268.62808 44.79228 -0.59368 0.46011 -0.66018 eb
269.25820 33.01514 0.63753 0.76829 -0.05733 eb
269.91153 42.79707 0.07417 -0.99267 0.09541 eb
271.24530 36.66884 0.57822 0.73660 -0.35084 eb
272.47017 35.78461 0.32941 0.05948 -0.94231 eb
272.81855 51.45023 0.19220 0.83423 -0.51683 eb
273.19088 65.21510 -0.32347 0.70931 -0.62629 eb
273.92378 19.73606 0.69097 0.72018 -0.06239 eb
275.46963 25.71863 0.80687 -0.49263 -0.32600 eb
276.27461 30.89340 -0.19302 0.10029 -0.97606 eb
276.32628 26.35792 0.89900 -0.32866 -0.28945 eb
276.73645 20.45465 0.78227 -0.20928 0.58674 eb
276.77109 9.97785 0.67713 -0.50373 -0.53642 eb
276.99634 42.38977 0.37856 -0.28495 -0.88062 eb
277.12848 27.32841 0.88711 -0.32682 -0.32592 eb
278.86419 49.70645 -0.89615 -0.37182 -0.24220 eb
279.77280 42.90607 0.78181 -0.41853 -0.46217 eb
281.14094 19.16452 0.60371 0.79593 -0.04497 eb
281.93234 19.55599 -0.88231 -0.33538 0.33024 eb
282.81095 31.94982 -0.68635 0.04961 -0.72558 eb
282.86042 20.06918 0.67423 0.12394 0.72804 eb
283.00160 39.41968 -0.29643 0.61514 -0.73057 eb
283.29678 47.13052 -0.66811 -0.68497 -0.29061 eb
283.34064 41.44012 -0.53593 -0.09457 -0.83895 eb
284.62921 43.71824 -0.18552 -0.10419 -0.97710 eb
287.08742 27.10214 0.96291 -0.25210 -0.09614 eb
287.30786 61.19908 -0.62180 -0.13742 -0.77103 eb
287.86422 64.79891 -0.26670 -0.85066 -0.45304 eb
288.47859 75.88511 -0.22120 -0.40893 -0.88535 eb
288.79358 37.88296 -0.21927 -0.97559 0.01185 eb
289.02080 20.33583 -0.06145 0.99794 0.01820 eb
289.25267 64.60193 0.88318 -0.13572 -0.44897 eb
289.79681 40.31884 0.77112 -0.36298 -0.52310 eb
290.20335 22.40949 -0.41156 0.45196 -0.79142 eb
290.23820 24.74420 0.36928 0.21019 -0.90524 eb
291.24742 25.84504 0.65770 0.35387 -0.66499 eb
291.64311 34.48796 -0.87333 -0.00358 -0.48711 eb
291.80882 73.93484 -0.00873 -0.38692 -0.92207 eb
292.60174 29.50624 0.52384 -0.84998 0.05591 eb
294.29407 88.00597 -0.76758 -0.64058 -0.02164 eb
294.60797 65.39683 0.12789 -0.54026 -0.83172 eb
294.96132 28.35419 0.25050 -0.87666 -0.41076 eb
295.41093 50.09881 0.19794 -0.62202 0.75757 eb
296.90751 61.09077 0.13397 0.88606 -0.44379 eb
297.69445 34.13082 0.79758 -0.57208 0.19131 eb
298.85262 66.66961 -0.99412 0.10651 0.01974 eb
298.85465 20.35556 -0.31047 0.94904 0.05409 eb
299.17552 18.22326 -0.68014 0.63388 -0.36826 eb
300.55673 52.40539 -0.21905 -0.22480 0.94947 eb
301.78061 15.43427 -0.35626 -0.92976 0.09285 eb
302.05232 21.99949 -0.51524 -0.53761 -0.66747 eb
302.13504 23.08460 -0.20714 -0.77820 0.59287 eb
302.81447 40.03816 0.13728 0.94158 -0.30753 eb
302.92463 42.15193 0.55382 -0.75905 -0.34225 eb
303.46643 35.47357 0.66826 0.46591 -0.57997 eb
304.51570 29.99222 -0.60414 0.29257 0.74122 eb
304.54169 34.66057 0.17281 0.79156 -0.58614 eb
304.76724 65.88536 0.37712 0.70715 -0.59809 eb
304.82569 58.87186 0.20900 -0.93844 -0.27506 eb
305.03841 30.79377 0.09166 -0.52821 -0.84415 eb
305.91950 30.95039 -0.97976 -0.06994 0.18755 eb
306.35092 52.77257 0.39142 0.64354 0.65776 eb
306.45913 55.24288 0.48130 0.00400 -0.87655 eb
307.01387 40.32670 -0.33778 0.61847 -0.70951 eb
308.34292 33.32772 -0.34955 -0.17916 0.91963 eb
308.70188 29.50258 0.49617 0.86536 0.07051 eb
310.51394 63.75672 -0.87809 0.40737 0.25101 eb
310.51462 70.37430 0.21833 0.56024 -0.79903 eb
310.74133 49.26104 -0.79452 -0.24743 0.55454 eb
311.06226 31.04205 -0.05781 0.20731 0.97657 eb
312.03857 24.53019 -0.86615 -0.34778 -0.35894 eb
312.76358 85.07714 -0.28251 0.30739 -0.90868 eb
312.76801 38.41192 -0.45915 -0.88833 -0.00656 eb
313.08543 16.02179 -0.13325 0.63206 0.76337 eb
313.86078 54.64839 -0.98299 0.15270 0.10202 eb
314.08841 35.61389 0.53563 -0.81719 -0.21283 eb
314.12675 85.08569 0.43727 0.72634 0.53031 eb
314.57675 36.34686 0.35710 -0.35422 -0.86429 eb
314.94639 23.36057 -0.24933 -0.95505 -0.16036 eb
315.38149 31.58758 0.88826 0.04137 -0.45747 eb
315.39527 28.80274 -0.96375 -0.24313 0.10987 eb
316.40760 33.91293 0.12412 0.87444 -0.46899 eb
317.17636 52.95591 0.54349 0.36543 -0.75570 eb
317.41855 51.39656 -0.12593 -0.91684 0.37888 eb
317.51287 12.09748 -0.27903 0.89429 0.34984 eb
317.82558 74.77430 -0.24648 -0.50448 -0.82750 eb
318.31264 24.75323 0.67329 -0.32369 0.66476 eb
318.50105 24.52637 -0.56179 -0.77731 -0.28317 eb
318.96229 86.40295 0.44245 0.87218 0.20866 eb
319.34260 21.26887 -0.16940 0.30578 -0.93691 eb
319.34492 49.48162 0.81530 0.27937 -0.50719 eb
319.53974 77.74147 0.83143 -0.55526 -0.02036 eb
319.73154 59.01870 -0.09043 0.96851 0.23198 eb
319.77883 70.09152 0.20124 0.91096 -0.36009 eb
319.87465 42.73860 0.59485 0.10431 -0.79704 eb
320.11298 48.82496 -0.84786 -0.44145 -0.29369 eb
320.51725 20.55794 -0.41021 0.84306 0.34783 eb
321.71830 58.19761 -0.78739 0.58105 -0.20590 eb
321.97078 22.81994 0.36071 0.64057 -0.67791 eb
322.14961 50.13979 0.03705 0.78646 0.61653 eb
322.60767 29.73868 0.75814 -0.05762 0.64954 eb
322.95856 50.44879 -0.23693 -0.51513 -0.82372 eb
323.14761 77.57262 -0.58979 -0.43986 -0.67726 eb
323.36013 52.90846 -0.78880 -0.32413 -0.52224 eb
323.54915 34.96646 0.21022 0.33086 0.91997 eb
323.94528 39.80511 0.83127 -0.54457 0.11149 eb
323.97405 75.66332 0.75146 -0.62235 0.21904 eb
324.36149 67.08086 -0.49679 -0.11724 -0.85991 eb
325.52163 39.11148 0.64670 0.07750 -0.75879 eb
325.62348 41.23749 0.52143 -0.32225 -0.79010 eb
327.94569 73.55079 0.57407 0.06478 -0.81624 eb
328.51141 33.59269 -0.74739 0.66247 -0.05034 eb
328.71626 49.25007 0.90823 0.40209 0.11594 eb
328.78411 26.14982 0.69471 -0.58534 -0.41804 eb
328.84455 55.67814 0.18828 0.71536 -0.67291 eb
329.42588 46.04938 -0.09561 0.41640 -0.90414 eb
329.44844 26.07321 0.58480 0.80403 0.10744 eb
330.92955 50.47141 -0.10375 -0.69747 -0.70906 eb
330.97080 56.79753 0.12719 -0.58086 -0.80401 eb
331.53174 46.99622 -0.14938 -0.72007 -0.67763 eb
331.62010 48.31027 0.45055 0.85416 -0.25964 eb
332.40765 44.17273 0.87912 0.21602 0.42482 eb
332.44988 31.21184 -0.16613 0.93903 -0.30105 eb
332.63338 81.99757 0.33219 0.24758 -0.91014 eb
333.80314 61.25934 0.83889 -0.54345 -0.03038 eb
334.27271 51.96519 0.82345 -0.13075 -0.55212 eb
334.62536 68.08323 0.43480 0.90039 0.01586 eb
334.66099 86.57934 0.90634 -0.33086 -0.26281 eb
335.74810 48.32129 0.89881 0.43641 -0.04100 eb
336.65813 24.17502 -0.32892 0.60410 0.72586 eb
337.85329 42.49069 0.80836 0.50697 0.29924 eb
337.90553 56.84518 0.60871 -0.67629 0.41486 eb
338.69986 39.58417 0.08846 0.91836 0.38573 eb
338.80701 45.97618 -0.83303 0.19798 -0.51658 eb
339.12762 12.91499 0.30960 0.21962 -0.92516 eb
339.22956 43.93753 0.93989 -0.27736 0.19921 eb
340.30627 29.90266 -0.64402 0.66809 -0.37269 eb
341.93990 70.22809 0.93502 0.34197 0.09377 eb
342.33845 29.46398 -0.50111 -0.86091 0.08786 eb
342.44238 27.60363 0.93304 -0.11166 -0.34200 eb
343.21190 39.95467 -0.41097 -0.90567 -0.10425 eb
343.31499 24.77777 0.31361 -0.87514 -0.36847 eb
344.58496 35.09952 -0.04967 0.95867 -0.28015 eb
344.71178 26.57019 -0.61897 -0.43597 0.65331 eb
345.75076 44.54959 0.92472 -0.19356 0.32776 eb
345.92419 78.61132 0.36522 0.17044 -0.91518 eb
347.66735 51.50373 -0.63064 -0.70177 0.33140 eb
349.22083 26.95995 0.98206 0.17683 0.06551 eb
349.86516 33.87365 0.86388 -0.03920 -0.50217 eb
350.37239 59.43547 0.44703 -0.27896 -0.84991 eb
350.78927 35.85134 -0.10127 0.38168 -0.91873 eb
352.35077 28.37356 -0.41799 -0.33556 -0.84421 eb
352.66085 64.05770 -0.69962 -0.41820 -0.57934 eb
353.38833 49.61297 -0.14178 0.88665 -0.44017 eb
353.47562 37.99524 0.58580 0.77546 0.23560 eb
353.88974 14.34903 0.28397 -0.91586 -0.28384 eb
354.18954 62.26708 0.56377 0.71326 0.41644 eb
354.35967 61.08605 0.80937 0.58624 0.03523 eb
354.78523 52.63658 0.38349 0.87796 -0.28659 eb
355.01132 39.88892 0.71007 -0.40963 -0.57272 eb
355.30491 68.51229 0.37120 0.92487 0.08263 eb
355.33950 24.12982 0.93262 0.15720 -0.32481 eb
356.67484 31.55537 0.64486 0.71134 -0.27954 eb
356.88889 34.79676 -0.47120 -0.50097 -0.72594 eb
357.75864 33.76559 0.82357 -0.51653 -0.23437 eb
358.70601 56.27860 -0.36913 -0.14529 -0.91795 eb
359.05248 47.32099 0.31575 -0.50359 -0.80417 eb
359.38198 31.76702 -0.91642 0.31635 -0.24513 eb
359.65729 41.72315 0.56345 -0.19475 -0.80287 eb
359.80225 82.69788 0.22520 0.10618 -0.96851 eb
360.10994 63.60778 -0.35232 -0.93366 0.06442 eb
360.81687 32.16707 0.75200 -0.65676 0.05621 eb
360.84799 38.03402 0.31190 -0.07992 -0.94675 eb
361.38869 52.20778 -0.12553 -0.94413 0.30472 eb
361.39401 28.74263 -0.38032 0.88970 -0.25255 eb
361.52353 45.24360 0.25265 0.96529 -0.06625 eb
363.09598 27.22404 -0.62555 -0.47583 -0.61828 eb
363.27652 30.78241 0.19130 -0.83513 -0.51571 eb
364.21799 21.22934 -0.59905 -0.80069 0.00632 eb
364.80669 26.64320 -0.95290 -0.16689 -0.25324 eb
364.93755 58.13340 -0.62252 -0.78260 -0.00200 eb
365.35031 58.75911 -0.15908 -0.98243 0.09755 eb
366.00482 43.22625 0.00070 -0.98187 -0.18955 eb
366.04642 41.05726 0.36757 -0.23968 0.89858 eb
366.72605 17.32469 0.62351 0.29796 -0.72281 eb
370.78488 42.75466 0.13947 -0.98337 0.11629 eb
371.78940 54.43856 0.55907 -0.82669 -0.06346 eb
372.65773 53.48155 -0.31036 0.92057 -0.23712 eb
372.88562 79.72297 0.27221 0.89857 0.34421 eb
372.96293 27.63512 -0.28086 -0.71364 0.64174 eb
373.86598 28.34798 0.50302 -0.84358 0.18801 eb
374.10377 17.94452 -0.01109 -0.60077 0.79934 eb
375.95413 25.88380 0.44559 0.56613 -0.69350 eb
376.55221 68.25640 0.13088 0.96322 -0.23468 eb
377.16352 86.55407 0.47817 -0.61625 -0.62577 eb
381.31987 40.24228 -0.90115 -0.00984 -0.43340 eb
382.45759 24.37713 0.57885 0.80547 0.12705 eb
382.98090 48.15159 0.76899 -0.03301 -0.63841 eb
385.22179 32.18211 0.63691 -0.44925 0.62651 eb
385.32885 61.90532 -0.19467 -0.90152 -0.38647 eb
389.39777 34.13098 -0.76139 0.64406 0.07397 eb
392.33186 41.77916 -0.49115 -0.72814 -0.47811 eb
392.36409 16.70292 0.74960 0.13510 0.64796 eb
395.44600 30.92201 -0.67062 0.26107 -0.69435 eb
398.08995 63.31970 -0.37355 -0.08441 -0.92376 eb
410.02049 36.54839 -0.80057 0.41210 -0.43504 eb
411.47015 23.06099 -0.97360 0.10622 0.20206 eb
415.04761 64.69220 0.10000 -0.96562 0.23995 eb
419.93403 49.88891 0.01233 -0.97935 0.20181 eb
421.01388 51.44306 -0.93399 0.04342 -0.35465 eb
436.46605 35.30003 0.24605 -0.22633 -0.94246 eb
440.63388 26.58161 0.75277 0.18648 0.63132 eb
465.26911 38.43375 -0.61947 0.30527 -0.72323 eb
497.21869 25.37156 -0.14355 -0.87456 0.46318 eb
513.34734 43.49845 -0.53741 -0.50009 0.67904 eb
516.99410 20.78759 0.75760 0.56465 -0.32743 eb
520.38017 30.43108 -0.12386 -0.99146 0.04088 eb
541.91181 22.37470 -0.37469 0.39523 -0.83869 eb
546.64354 17.36873 0.03773 -0.51193 -0.85820 eb
568.25656 18.39192 0.58535 0.66019 0.47065 eb
576.05511 27.64526 0.49360 0.64170 -0.58702 eb
608.27387 8.53287 0.18169 0.88607 0.42646 eb
610.40450 34.15620 -0.33168 0.65981 -0.67427 eb
612.81292 16.24020 -0.47060 -0.68336 0.55817 eb
640.29246 18.73424 0.81148 -0.58435 0.00585 eb
646.26576 12.14354 -0.58847 -0.63037 0.50630 eb
769.97592 41.71542 -0.73502 0.12363 -0.66668 eb
770.74342 30.62090 0.95119 0.00541 -0.30856 eb
846.19514 26.88891 -0.26765 -0.96351 -0.00056 eb
867.25454 14.64824 0.29249 0.95523 0.04448 eb
907.09694 35.41528 -0.62887 0.47899 -0.61244 eb
961.67435 17.58045 -0.69894 0.48555 -0.52510 eb
963.89471 19.42565 -0.81142 -0.54854 0.20173 eb
967.15737 14.64476 -0.45607 0.85967 -0.23012 eb
980.98515 25.32309 0.66101 0.69837 -0.27449 eb
989.81702 15.59585 -0.65718 -0.20883 0.72422 eb
1412.73172 12.06368 -0.73658 0.50224 -0.45299 eb
1552.67842 13.78288 0.34081 -0.38370 0.85827 eb
1761.63275 14.60530 0.31685 -0.36836 -0.87403 eb
1941.30002 36.94686 -0.43974 -0.88161 -0.17145 eb
2122.98871 37.69465 -0.80553 -0.01146 -0.59244 eb
2128.62975 17.22242 0.51067 -0.17644 0.84148 eb
2227.83356 22.87671 0.63114 0.01150 -0.77559 eb
2238.13621 15.94381 -0.76362 -0.60629 -0.22204 eb
2400.62608 75.83888 -0.19509 -0.71332 0.67314 eb
2592.45633 13.81730 0.29704 0.23209 0.92623 eb
2711.35243 22.99036 0.68936 0.58342 0.42943 eb
2823.18031 22.42935 -0.95523 0.29456 -0.02786 eb
3332.54044 41.14529 0.21157 0.95312 0.21634 eb
3566.26891 10.97489 -0.64989 -0.20781 0.73107 eb
3891.39217 20.22802 0.87975 -0.10789 -0.46304 eb
3903.22041 15.65519 0.68308 0.45925 0.56789 eb
4223.87681 28.39585 0.13268 0.61764 -0.77519 eb
4690.59438 27.10971 0.29409 -0.92037 -0.25773 eb
5486.12374 18.53254 -0.95727 0.27910 0.07576 eb
5897.50060 19.82907 0.48869 0.78831 0.37383 eb
6744.28715 84.75180 0.07524 0.83837 -0.53988 eb
7511.47612 20.71213 0.05860 -0.31967 -0.94571 eb
7734.47133 26.33447 -0.19204 -0.39336 0.89910 eb
8073.44434 18.16268 0.62611 -0.54223 -0.56033 eb
8126.20749 14.46161 0.64296 -0.72869 0.23582 eb
8183.95671 12.19271 -0.08630 0.81852 -0.56796 eb
9178.82803 15.88692 0.67321 -0.57585 -0.46388 eb
13974.79718 35.74395 0.45047 0.86868 -0.20611 eb
14437.98697 8.62225 0.46538 0.81599 0.34291 eb
14513.43653 21.47882 0.00705 -0.67308 -0.73954 eb
14889.38957 17.77952 0.96946 -0.09514 -0.22605 eb
