15.13530 67.46765 0.02183 -0.23709 0.97124 e
15.66004 64.55727 0.16699 -0.11746 -0.97894 e
17.29943 72.48709 0.02524 0.36677 -0.92997 e
17.51670 51.69853 -0.71744 0.68874 -0.10447 e
18.74760 67.15655 0.18304 -0.63576 -0.74987 e
18.96601 82.46349 -0.08850 -0.89003 0.44723 e
19.29719 53.99523 -0.31350 0.63143 -0.70924 e
19.53948 59.68785 -0.20041 -0.48230 -0.85277 e
19.60995 21.69672 -0.65362 -0.44398 -0.61292 e
20.68586 72.99864 0.20811 0.18866 -0.95974 e
20.69750 62.06322 0.59178 -0.67476 -0.44102 e
20.88033 84.64605 0.83847 -0.44572 0.31355 e
21.02819 70.39824 -0.98636 -0.15721 0.04883 e
21.18521 83.57144 -0.42834 0.67621 -0.59939 e
21.26567 64.01535 0.56151 -0.68278 0.46746 e
21.65192 23.54380 -0.72112 -0.26861 -0.63862 e
21.67597 31.69004 0.58301 0.39328 -0.71093 e
21.75010 71.18165 0.18592 -0.56217 -0.80585 e
21.79758 33.11123 -0.82368 -0.08055 -0.56130 e
21.87358 38.93920 -0.28115 -0.06082 -0.95773 e
21.87391 68.60974 0.90444 -0.15548 -0.39726 e
21.99208 76.99479 0.32090 -0.22445 -0.92013 e
22.08697 65.34617 -0.70853 0.48390 -0.51364 e
22.31481 45.49680 0.47261 0.18191 0.86229 e
22.44287 78.69039 0.14881 0.29142 -0.94495 e
22.53045 64.37038 0.64204 -0.32106 -0.69621 e
22.53169 77.96128 0.89983 -0.43233 0.05829 e
22.55489 70.90848 0.20170 0.91773 -0.34219 e
22.57361 84.12809 0.17289 0.94126 -0.29005 e
23.00772 81.86840 -0.32202 0.94064 -0.10727 e
23.16205 82.08197 0.21947 -0.44565 -0.86789 e
23.23000 57.22845 -0.64399 -0.66711 -0.37450 e
23.26558 72.91799 0.46193 -0.86164 -0.21024 e
23.33459 43.26293 -0.18762 -0.88967 -0.41627 e
23.46809 48.36980 -0.62656 0.77936 -0.00547 e
23.54176 73.76440 0.80820 0.45324 0.37602 e
23.60820 71.39001 0.81933 0.56077 -0.11930 e
23.75252 78.03688 -0.40320 0.59983 -0.69111 e
23.75880 56.14016 0.05533 0.93278 0.35617 e
24.07616 61.08458 -0.16939 0.90900 0.38081 e
24.16770 76.13736 0.58766 0.55011 -0.59332 e
24.43719 75.07631 0.15666 0.97359 0.16606 e
24.66898 73.58681 0.50207 0.83473 -0.22618 e
24.87400 52.07279 0.16320 0.94555 -0.28159 e
24.92538 76.00933 0.02728 0.56689 -0.82334 e
25.26099 81.12966 -0.76293 0.63612 0.11527 e
25.50501 55.15022 0.57255 0.08802 -0.81513 e
25.57636 42.55919 -0.35981 -0.45205 -0.81620 e
25.76718 76.84243 0.29270 -0.68114 -0.67110 e
25.94723 49.27720 0.63750 -0.75417 0.15758 e
26.18147 79.36007 -0.57315 0.27691 -0.77125 e
26.33543 71.60950 -0.32742 -0.48353 -0.81179 e
26.34510 57.59185 0.45552 0.78007 -0.42894 e
26.43509 83.39761 -0.30847 0.26857 -0.91253 e
26.44723 79.11376 -0.09735 0.40014 -0.91127 e
26.74256 84.60514 0.95572 -0.04621 -0.29062 e
26.83846 44.93594 -0.39013 0.85759 -0.33515 e
26.85331 57.75495 -0.79845 0.00465 0.60204 e
27.17693 63.15402 -0.09502 -0.71195 -0.69577 e
27.37583 62.86615 -0.05016 0.08571 -0.99506 e
27.40717 36.40371 -0.30807 -0.68756 -0.65754 e
27.60055 76.29910 -0.71320 0.69790 -0.06546 e
27.66947 37.90132 0.30163 -0.67985 0.66845 e
27.71936 79.84819 0.69486 -0.69681 0.17783 e
27.79196 64.34272 -0.21283 0.33221 -0.91888 e
27.86883 33.24050 0.69788 -0.50793 -0.50494 e
27.93348 22.43035 -0.30439 0.94211 0.14065 e
27.99044 83.27962 -0.59821 0.39731 0.69591 e
28.11639 40.07483 -0.32242 0.15859 -0.93322 e
28.15034 78.04653 -0.85322 -0.22891 -0.46863 e
28.33449 41.10045 0.75601 0.45378 -0.47174 e
28.35171 65.13328 0.58055 -0.30764 -0.75387 e
28.92343 49.48808 0.15496 0.96432 0.21464 e
28.92581 33.30041 0.85010 0.30074 -0.43231 e
28.92657 50.10626 -0.69169 -0.69003 -0.21316 e
29.14950 82.44873 0.49927 0.86608 0.02539 e
29.32995 50.30192 0.29937 0.89163 -0.33967 e
29.48319 67.44096 0.45542 -0.72898 -0.51106 e
29.55208 69.78750 -0.02154 0.27522 -0.96114 e
29.55692 39.24150 -0.59906 -0.65039 -0.46704 e
29.60347 83.00293 -0.11123 -0.51700 -0.84873 e
29.68393 75.89943 0.12800 0.80136 -0.58433 e
29.81618 63.78196 0.04423 0.37115 0.92752 e
29.92403 67.67191 -0.89001 0.15413 -0.42910 e
30.31037 32.40195 0.94885 -0.29185 -0.12047 e
30.58863 54.19305 -0.48277 -0.75904 0.43681 e
30.61761 54.43190 0.48185 -0.87575 -0.02971 e
30.62608 83.28932 -0.53665 0.78857 0.30027 e
30.66535 38.02524 -0.24259 0.96979 -0.02551 e
30.73439 41.98627 0.58003 0.37215 -0.72462 e
30.91150 61.01103 -0.80462 -0.17470 -0.56751 e
31.06406 73.30641 -0.94359 -0.32964 -0.03138 e
31.18714 58.95179 -0.47610 -0.87917 0.01985 e
31.22120 72.99777 0.74295 -0.36630 -0.56022 e
31.46925 63.57629 0.40111 -0.80888 -0.42991 e
31.53979 59.93090 -0.14518 0.45527 -0.87844 e
31.55234 62.94123 0.73064 -0.64210 0.23210 e
31.78946 70.83264 0.41775 0.44626 -0.79142 e
31.82168 66.44581 -0.54407 0.83861 -0.02682 e
31.91571 80.82475 0.54250 0.02608 -0.83965 e
31.94811 66.96565 0.33037 0.84102 0.42841 e
32.02957 43.30936 0.70170 0.39203 -0.59492 e
32.03544 30.26039 0.39848 0.89129 -0.21638 e
32.09031 82.27401 0.86107 0.04000 -0.50690 e
32.40396 80.30380 -0.18028 -0.98324 -0.02698 e
32.66949 66.47447 0.01261 -0.79070 -0.61208 e
32.71837 30.33976 0.86805 -0.22219 -0.44398 e
32.76139 51.93557 -0.09928 0.82516 -0.55611 e
32.84149 68.21692 0.91225 -0.30027 -0.27862 e
32.86259 19.26108 -0.50921 0.19323 -0.83867 e
33.01794 21.53090 -0.80176 0.48506 -0.34915 e
33.02084 30.60642 -0.94156 -0.25365 -0.22163 e
33.02566 80.67303 0.11444 -0.19601 -0.97390 e
33.11983 53.10292 0.02576 0.53501 -0.84446 e
33.33343 76.55738 0.97585 0.15336 0.15557 e
33.57539 41.82549 -0.16416 0.28216 -0.94522 e
33.80494 60.29581 -0.04357 0.97435 -0.22080 e
34.02390 65.71849 -0.39694 -0.43294 -0.80932 e
34.05163 71.74857 0.22336 -0.97249 0.06607 e
34.08035 65.36035 0.48853 0.72965 -0.47849 e
34.13968 80.12983 0.90604 0.18570 -0.38028 e
34.22832 38.86163 0.47576 -0.87745 -0.06108 e
34.32239 61.41891 -0.97329 0.19393 0.12284 e
34.38207 50.79268 -0.75337 -0.54570 -0.36694 e
34.44790 78.76559 0.93744 0.31495 -0.14839 e
34.61670 57.10062 0.10910 -0.89609 0.43025 e
34.91001 60.96961 0.55600 -0.62328 0.54990 e
35.04113 64.63986 0.32100 -0.12307 -0.93905 e
35.10825 80.36920 0.50128 -0.09432 -0.86013 e
35.21310 64.83859 0.22824 -0.95945 0.16543 e
35.28842 80.57437 0.39868 0.42309 -0.81366 e
35.40234 80.43516 -0.83060 -0.45892 0.31545 e
35.41603 18.66736 -0.94580 -0.22680 -0.23245 e
35.54860 66.61868 0.89411 -0.13466 0.42711 e
35.76419 45.44252 -0.77495 0.21696 -0.59361 e
36.02419 65.23526 -0.63576 -0.51605 -0.57402 e
36.09830 62.66873 -0.39264 0.86982 -0.29874 e
36.10057 32.30623 -0.31087 -0.09779 -0.94541 e
36.24909 33.77502 -0.12219 -0.66547 -0.73636 e
36.36086 75.45482 -0.24673 0.58549 -0.77222 e
36.39553 73.48053 -0.76007 -0.64824 -0.04566 e
36.49919 38.17438 0.52641 -0.24771 -0.81335 e
36.63044 80.94713 -0.46493 0.07804 -0.88190 e
36.84179 57.67752 -0.82180 -0.02197 -0.56936 e
37.08949 84.93203 0.69648 0.21934 -0.68323 e
37.14564 78.46382 0.68901 0.71955 -0.08666 e
37.28943 76.10545 0.77257 0.62170 0.12898 e
37.33270 59.91445 -0.66100 0.74976 0.03072 e
37.48554 50.00119 0.68168 -0.68496 0.25718 e
37.55447 23.65069 -0.49941 -0.14695 -0.85381 e
37.58983 80.10656 -0.01993 0.56045 -0.82795 e
37.59176 56.85144 -0.41012 -0.56378 -0.71690 e
37.64774 54.30668 -0.14079 0.86303 -0.48514 e
37.83261 31.34736 0.91160 0.36090 0.19685 e
37.85239 80.60895 -0.07619 0.04550 -0.99605 e
38.21181 17.14448 -0.34458 0.83064 0.43739 e
38.44872 28.77422 -0.59076 0.48435 -0.64530 e
38.46616 80.37582 -0.30352 -0.85932 0.41164 e
38.50240 66.36680 0.37075 0.64712 -0.66617 e
38.50894 74.02624 0.99531 0.01763 -0.09512 e
38.50920 63.05075 0.63397 -0.69666 0.33577 e
38.78612 78.02727 -0.37654 -0.88862 -0.26186 e
39.17382 82.52031 -0.43572 -0.34965 -0.82939 e
39.23478 67.33536 0.84238 0.51070 -0.17197 e
39.23605 74.17461 -0.26154 0.82791 -0.49615 e
39.26936 41.29673 0.50062 -0.08505 0.86148 e
39.33856 55.38109 0.74569 0.63604 -0.19850 e
39.51105 71.92935 -0.26881 -0.96246 0.03747 e
39.73967 48.57388 0.49662 -0.75291 0.43185 e
39.75599 79.38868 0.48264 -0.81738 -0.31455 e
39.78400 66.47433 0.30278 0.71446 -0.63077 e
39.93018 55.09657 0.49055 0.15596 -0.85734 e
39.94558 30.87875 -0.42360 0.90371 0.06219 e
39.99423 79.67993 0.80270 0.57729 0.14969 e
40.11817 34.72887 -0.55829 -0.16533 0.81300 e
40.12814 59.96302 -0.95189 -0.01484 -0.30608 e
40.33312 42.07397 0.95331 0.07887 -0.29151 e
40.39202 79.28180 -0.68840 0.67895 -0.25521 e
40.48654 58.40651 -0.10103 0.55805 -0.82364 e
40.58282 79.33786 -0.28524 -0.62867 -0.72347 e
40.59033 61.53952 -0.67286 0.28820 -0.68133 e
40.61968 24.42067 0.18085 -0.95172 0.24803 e
40.69623 20.79281 0.03761 0.01576 0.99917 e
40.96286 62.93143 0.53542 -0.79176 -0.29401 e
40.99578 64.37970 0.62504 0.76920 -0.13290 e
41.02598 10.36502 0.91426 0.20085 0.35183 e
41.05743 35.27648 -0.79739 -0.59397 0.10662 e
41.06671 38.89092 -0.85608 -0.49404 -0.15184 e
41.18682 52.35647 0.65830 -0.13873 -0.73986 e
41.27434 40.40435 -0.99679 -0.01571 0.07847 e
41.43759 36.40405 0.16281 -0.55362 -0.81670 e
41.53251 51.71506 0.74569 0.24941 -0.61785 e
41.55182 64.39737 -0.03303 -0.60088 -0.79866 e
41.59382 64.39128 -0.18416 -0.59693 -0.78087 e
41.64043 56.49310 0.16571 0.75446 -0.63508 e
41.70709 78.51102 0.80313 -0.56800 -0.17985 e
41.81402 36.64050 0.44314 -0.56130 -0.69898 e
41.81839 33.62816 0.86190 0.49834 0.09370 e
41.91466 65.18847 0.03040 -0.27193 -0.96184 e
42.11313 46.04432 -0.43649 0.49934 -0.74843 e
42.16327 63.85548 -0.45455 0.49656 -0.73947 e
42.28664 53.57843 0.69908 -0.53033 -0.47962 e
42.31338 54.62611 0.09193 0.90769 0.40944 e
42.37522 64.73038 -0.99751 0.06673 -0.02291 e
42.49542 81.36321 0.41393 0.49178 -0.76604 e
42.70031 38.88688 0.42294 -0.36505 -0.82937 e
43.00252 73.14683 0.36239 -0.08127 -0.92848 e
43.00553 49.75471 -0.78908 -0.29965 -0.53625 e
43.19107 59.41973 -0.58995 0.13050 -0.79683 e
43.79069 26.57506 0.12144 0.79715 -0.59145 e
43.90295 83.79663 0.56437 -0.75680 -0.32977 e
44.35199 79.87971 0.76916 0.37240 0.51933 e
44.42120 19.74903 0.51392 0.85460 -0.07446 e
44.42471 79.97238 -0.98409 0.16817 0.05729 e
44.45243 73.74033 0.90287 0.01524 0.42964 e
44.48104 59.61524 0.76388 0.61753 0.18746 e
44.56069 55.02888 -0.15182 0.87340 0.46273 e
44.71534 77.67780 -0.34953 -0.17410 -0.92061 e
44.86046 30.93939 -0.02451 -0.67422 -0.73812 e
45.21906 59.58715 -0.32948 -0.87971 0.34287 e
45.24429 54.95550 0.51520 -0.36004 -0.77778 e
45.38376 71.73432 0.71247 -0.68519 -0.15132 e
45.46381 77.29761 0.67015 -0.74096 0.04334 e
45.48367 55.57905 -0.19814 0.61866 -0.76026 e
45.48462 74.29849 0.77488 0.62699 -0.08029 e
45.56346 69.39668 -0.33225 -0.20886 -0.91978 e
45.57690 40.47540 -0.88844 -0.18958 -0.41800 e
45.57766 69.98279 -0.12971 -0.13597 -0.98219 e
45.88131 62.19712 -0.81604 0.48944 0.30747 e
46.00607 41.07936 -0.19043 -0.88815 -0.41825 e
46.11015 55.62713 0.61950 0.72913 0.29082 e
46.14619 59.14713 0.01026 0.25738 -0.96626 e
46.40710 49.01504 0.14016 0.08975 -0.98605 e
46.53845 64.05097 -0.62298 0.77970 -0.06299 e
46.60559 41.66328 -0.62475 0.42246 0.65667 e
46.66980 18.97415 0.64441 0.06077 -0.76226 e
46.69904 20.70219 0.21230 0.13809 -0.96740 e
46.79285 62.75268 0.76224 -0.08955 -0.64107 e
46.95588 78.10686 0.15566 0.88138 -0.44603 e
47.10664 34.54895 -0.77457 0.01347 0.63235 e
47.26587 52.19982 -0.26382 0.90267 -0.33998 e
47.32430 52.85000 0.28461 0.95832 0.02500 e
47.33295 78.52285 0.97809 -0.15153 -0.14273 e
47.62706 63.79797 -0.42801 0.13693 -0.89334 e
47.77479 59.32214 -0.37961 0.92318 -0.06038 e
47.81007 70.38013 0.44580 0.03915 -0.89428 e
48.43603 59.67768 -0.97475 0.01612 -0.22272 e
48.53639 75.91561 0.88939 -0.32644 0.32002 e
48.55288 75.59323 0.77766 0.37763 0.50263 e
48.56635 39.91501 0.81835 -0.19201 -0.54170 e
48.74811 70.10063 0.22842 -0.26849 -0.93581 e
48.84201 46.47874 0.81467 -0.55873 0.15533 e
48.87718 44.25606 0.22457 -0.27805 -0.93395 e
49.48426 83.74338 -0.59548 -0.42444 -0.68210 e
49.55534 32.02560 0.80285 -0.54974 0.23067 e
49.57574 68.80915 -0.07169 -0.03014 -0.99697 e
49.64642 54.66523 0.72365 -0.50608 0.46926 e
49.82372 64.90814 -0.56372 0.39113 -0.72749 e
49.96598 62.76241 0.87484 0.26208 0.40739 e
49.98983 76.49679 0.49953 0.61239 -0.61274 e
50.03770 18.17856 -0.00454 -0.77463 0.63240 e
50.15954 63.96634 -0.98432 -0.01350 0.17587 e
50.46194 74.77178 -0.02734 0.87164 -0.48939 e
50.67852 82.43406 -0.22959 0.20510 -0.95143 e
50.84564 62.04178 0.45041 -0.45081 -0.77065 e
50.96220 60.70170 -0.56919 0.05600 -0.82030 e
51.09154 61.34706 0.02182 -0.98177 -0.18880 e
51.28948 27.16471 -0.11847 -0.43547 0.89237 e
51.29333 42.70439 0.50970 0.47741 -0.71574 e
51.47458 61.61421 -0.15542 0.97921 -0.13035 e
51.52366 82.74700 0.73635 0.64997 0.18796 e
51.52752 54.38351 -0.13243 0.78694 0.60265 e
51.65904 83.42228 -0.03705 -0.90471 -0.42441 e
51.70423 51.62101 0.32103 0.89027 -0.32304 e
51.76898 53.37518 -0.62242 0.11717 -0.77387 e
51.87316 48.19982 0.18419 -0.19439 -0.96348 e
51.92084 56.40740 0.21447 0.20575 -0.95481 e
51.97389 51.54198 -0.15864 -0.83168 0.53211 e
52.07203 67.22338 0.54584 0.01279 -0.83779 e
52.12330 35.60209 -0.30386 -0.92423 -0.23123 e
52.27674 42.89178 0.28001 0.85885 -0.42892 e
52.38205 61.83797 0.72893 0.44193 0.52283 e
52.42361 54.88970 0.33253 0.14738 -0.93151 e
52.61759 75.02381 0.37733 -0.79492 -0.47510 e
52.66946 66.97496 0.78145 0.59763 0.17939 e
52.68457 41.05073 0.48726 0.58643 0.64706 e
52.75631 41.16303 -0.37975 -0.24927 -0.89087 e
52.85030 26.09012 -0.70887 -0.48205 -0.51490 e
53.24746 58.76898 -0.19170 0.11633 -0.97453 e
53.48526 57.71836 -0.08666 -0.93550 -0.34253 e
53.63155 35.01176 0.15666 0.22094 -0.96262 e
53.76665 80.93058 0.09467 -0.91570 0.39055 e
53.76817 50.09012 0.75474 0.52402 -0.39469 e
53.78252 80.92053 0.21618 0.91646 -0.33671 e
53.83572 63.65197 0.45630 -0.79719 -0.39532 e
53.86105 52.36960 -0.66688 0.04527 -0.74379 e
54.14228 37.79023 -0.73982 0.30817 -0.59808 e
54.14348 44.44126 0.71530 0.67650 0.17520 e
54.19291 71.92931 -0.98656 0.08652 0.13860 e
54.19856 36.48918 0.91449 0.24263 0.32379 e
54.35467 81.37846 0.48430 0.46179 -0.74310 e
54.44945 77.96298 -0.29663 -0.73140 -0.61406 e
54.52568 57.64185 0.43160 -0.65253 -0.62283 e
54.61137 52.06435 -0.69645 0.03867 0.71656 e
54.62225 80.72222 -0.61670 0.08204 0.78291 e
54.63349 80.70809 0.89473 0.06073 -0.44245 e
55.24818 50.81578 0.41486 0.11717 -0.90231 e
55.28055 70.53548 -0.42059 -0.79312 -0.44053 e
55.31106 84.66282 -0.42136 0.74800 0.51279 e
55.63341 52.37248 0.69332 -0.62507 -0.35860 e
56.08899 51.94286 0.64790 0.69121 -0.32008 e
56.32927 34.19900 0.58088 0.78371 -0.21994 e
56.66704 34.66990 -0.28914 0.86756 -0.40464 e
56.67674 53.15968 -0.65601 -0.73128 -0.18673 e
56.72352 66.74185 -0.23326 -0.31773 0.91904 e
56.73313 27.55011 0.03060 -0.97203 -0.23286 e
56.79940 27.10739 -0.93151 0.32785 -0.15750 e
56.89710 76.82228 0.87201 0.33372 -0.35809 e
56.91504 42.27548 0.33671 -0.03716 -0.94088 e
57.15697 80.12428 -0.74224 0.54865 -0.38479 e
57.30505 43.41155 0.36060 -0.86429 -0.35067 e
57.32940 67.57245 -0.89186 -0.01231 -0.45215 e
57.41158 46.86001 0.48863 -0.85894 0.15314 e
57.51488 44.12021 -0.00554 -0.55823 -0.82967 e
57.52722 67.01275 -0.57537 0.81756 0.02341 e
57.68603 43.13196 -0.95547 -0.27929 -0.09527 e
57.69362 38.03736 -0.90560 0.37727 -0.19378 e
57.81097 67.07643 0.25698 -0.93807 0.23235 e
57.88700 62.36351 0.12335 0.99089 0.05397 e
57.94432 79.07533 0.62881 0.37090 -0.68340 e
58.01871 69.89824 0.90884 -0.36546 0.20111 e
58.04859 66.87744 -0.95576 0.10676 -0.27410 e
58.08610 75.51655 0.55610 0.71715 0.42007 e
58.42308 80.45532 0.65978 -0.47136 -0.58525 e
58.64928 32.00661 -0.35401 0.92829 -0.11381 e
58.82047 66.44931 -0.73929 0.62081 -0.26085 e
58.91227 39.11525 -0.99150 0.07277 0.10783 e
58.94844 63.63858 0.30616 -0.86821 -0.39049 e
58.96906 41.49908 -0.99060 0.13365 0.02922 e
59.10350 42.78533 -0.60308 -0.30069 0.73884 e
59.44042 59.02917 0.35277 -0.42572 -0.83325 e
59.67568 20.07513 -0.08308 0.70251 -0.70681 e
59.77351 67.59400 0.51948 -0.63686 -0.56970 e
59.78941 61.75386 -0.68217 0.40668 -0.60766 e
59.88408 76.55055 -0.89465 0.39128 -0.21562 e
59.95660 30.91802 -0.91640 0.31754 0.24368 e
60.05570 44.86505 0.89688 0.11669 0.42661 e
60.21243 70.12061 0.95321 -0.28021 0.11344 e
60.31757 53.92288 0.34300 0.68898 -0.63848 e
60.33261 76.58710 0.17245 0.98439 -0.03522 e
60.85206 18.37326 0.19344 0.44912 0.87228 e
61.37489 49.09383 -0.40513 0.87547 -0.26347 e
61.47344 81.60397 0.07974 0.52846 -0.84521 e
61.53004 48.84585 0.43113 -0.82970 -0.35458 e
61.71070 35.76566 0.46428 -0.88189 -0.08190 e
61.72756 82.68241 0.48028 0.19310 -0.85559 e
62.02889 33.78931 -0.16719 -0.68211 0.71188 e
62.19616 75.62183 0.96558 0.22309 -0.13378 e
62.29583 39.41938 0.91343 0.11116 -0.39151 e
63.00939 49.96227 0.75141 -0.63966 -0.16192 e
63.00985 67.55933 -0.82339 -0.50662 0.25567 e
63.08630 58.28934 -0.14939 0.15653 -0.97631 e
63.12931 78.37122 -0.12854 0.98086 0.14626 e
63.36751 40.51296 -0.82405 -0.56187 0.07237 e
63.38300 39.35865 0.75639 0.47525 -0.44946 e
63.41720 61.05781 0.23415 -0.08548 -0.96843 e
63.76024 79.68982 0.12612 -0.89458 -0.42875 e
63.99645 80.95558 -0.99536 0.09602 -0.00558 e
64.16860 40.53544 0.28033 0.74900 -0.60035 e
64.22500 83.65722 0.33280 0.81978 -0.46605 e
64.37739 44.27878 0.49358 0.07672 -0.86631 e
64.38449 29.84810 0.98982 -0.10274 -0.09849 e
64.39557 60.96215 0.93290 0.13499 -0.33389 e
64.45314 77.59260 0.32368 -0.45805 -0.82790 e
64.60231 68.47035 -0.84333 0.03234 -0.53643 e
64.88100 44.20509 -0.34528 0.93830 0.01963 e
65.01153 62.86901 0.72388 0.66452 -0.18551 e
65.34154 58.60443 -0.15301 0.98805 -0.01838 e
65.80531 26.52435 0.12380 -0.32149 -0.93879 e
65.84765 41.06353 0.23855 -0.79369 -0.55959 e
65.87637 50.98803 -0.20092 -0.72115 -0.66301 e
66.08155 67.47452 0.59129 -0.74119 0.31781 e
66.26692 33.52427 0.15751 -0.98717 -0.02625 e
66.29568 72.76637 0.51102 0.16269 -0.84403 e
66.57086 70.51525 -0.48071 -0.52202 -0.70457 e
66.93971 25.58774 -0.29099 -0.36352 0.88497 e
67.83787 65.49698 -0.20370 -0.41562 -0.88643 e
68.44227 59.91055 0.46835 -0.85152 -0.23571 e
68.54188 60.37691 0.40318 -0.58722 -0.70186 e
68.69048 71.51822 0.36319 0.92996 -0.05711 e
68.70082 70.63807 0.92756 -0.28248 0.24461 e
68.80133 66.34106 -0.37536 0.34933 -0.85853 e
68.84818 66.31826 0.66057 -0.33883 -0.66996 e
69.35962 29.52854 -0.89467 0.14018 -0.42417 e
69.57951 48.04427 0.12735 -0.16878 -0.97739 e
69.78914 65.63235 -0.51480 -0.47189 0.71575 e
69.85431 18.75721 -0.17580 -0.41844 0.89107 e
69.85767 69.32112 -0.66096 0.74748 -0.06638 e
69.94928 75.87515 0.41505 -0.84668 0.33296 e
70.31919 55.92147 0.64277 0.74552 0.17619 e
70.53638 49.72679 -0.67987 0.65593 0.32791 e
70.87302 84.87068 -0.65592 0.74808 -0.10073 e
70.95848 82.38578 0.69866 0.48007 0.53047 e
70.95881 65.71152 -0.12506 -0.91518 0.38316 e
71.10869 67.68027 -0.24808 -0.44792 0.85896 e
71.20208 49.83083 -0.19157 -0.15661 -0.96890 e
71.24721 74.47639 -0.37272 0.88243 -0.28703 e
71.28510 53.46255 -0.97026 -0.15371 -0.18699 e
71.28890 18.96351 -0.80866 0.33647 0.48256 e
71.29020 59.55408 -0.10035 0.88175 -0.46092 e
71.37605 42.27457 -0.53016 0.72218 0.44429 e
71.53883 77.93440 -0.54403 -0.81056 -0.21683 e
71.59520 29.48520 0.89274 -0.06302 -0.44614 e
71.75895 56.88659 -0.88394 -0.00306 -0.46760 e
72.32264 51.22561 0.51220 0.78706 -0.34379 e
72.38955 70.78674 -0.57960 0.15714 0.79961 e
72.76861 55.59705 -0.24178 -0.79135 -0.56152 e
72.81143 71.52004 0.67358 -0.65568 -0.34114 e
72.93134 40.04684 0.76944 -0.03563 -0.63773 e
73.01286 73.11424 -0.82677 -0.23640 -0.51045 e
73.30858 25.37200 -0.52627 -0.53781 0.65863 e
73.57330 68.90181 -0.27084 0.96262 0.00377 e
74.06146 49.13979 -0.85050 -0.20940 -0.48250 e
74.18404 51.72727 -0.33785 -0.43455 -0.83488 e
74.22436 67.35741 0.15071 0.49510 -0.85567 e
74.39286 46.72706 0.37172 -0.64476 -0.66792 e
74.52558 74.14281 -0.08478 -0.61621 -0.78300 e
74.62875 59.25666 0.19698 -0.78225 -0.59100 e
74.65416 76.63507 -0.92337 -0.19165 0.33264 e
74.90894 84.05767 -0.54258 -0.40005 -0.73862 e
74.91979 66.77056 -0.29922 0.64145 0.70641 e
75.00089 55.34507 0.08424 0.20988 -0.97409 e
75.03672 57.19077 -0.42759 0.07224 -0.90108 e
75.09032 54.00725 0.12764 0.80140 0.58435 e
75.39818 48.37065 -0.08661 0.85377 0.51339 e
75.49180 41.77146 0.87369 0.41710 -0.25038 e
75.89906 59.60523 -0.39346 0.87763 -0.27379 e
75.98187 45.68416 0.48021 0.73118 -0.48453 e
76.21855 40.32070 -0.85972 -0.25455 0.44281 e
76.30896 43.03599 0.83436 0.53034 -0.15028 e
76.47284 82.56322 0.72837 0.67668 -0.10760 e
76.73652 78.43829 0.20828 0.88297 -0.42069 e
76.80086 37.78957 0.51421 -0.55184 0.65656 e
76.86360 49.52954 0.17452 0.92218 0.34514 e
76.99256 54.07097 -0.39096 0.90888 -0.14520 e
77.02391 79.28721 0.17516 0.56513 -0.80619 e
77.04749 68.13691 -0.75292 -0.26412 -0.60279 e
77.35661 50.68756 -0.97780 -0.20923 0.01110 e
77.62426 51.64339 -0.27399 0.88478 -0.37695 e
78.22944 80.65450 0.93438 0.02228 -0.35558 e
78.37085 82.86100 -0.75327 -0.65684 -0.03390 e
78.40621 58.69400 0.77482 0.00597 -0.63216 e
78.70021 49.75746 -0.40667 -0.67088 -0.62011 e
78.74845 54.08917 0.69067 0.65947 -0.29678 e
78.84522 81.12960 0.87934 0.40676 -0.24758 e
78.84822 61.05512 -0.79325 -0.51433 0.32592 e
78.90551 77.13700 -0.54330 0.80436 0.24047 e
79.01691 55.29055 -0.20895 -0.79121 -0.57474 e
79.31623 60.45008 0.24011 0.90513 -0.35084 e
79.42189 70.37412 0.52239 0.41680 -0.74390 e
80.19172 67.63965 0.37604 0.21938 -0.90026 e
80.28450 60.17685 -0.95354 -0.15946 -0.25561 e
80.64923 60.57852 0.94432 0.17615 -0.27791 e
80.66301 32.96288 0.95066 0.28994 -0.11034 e
80.92214 54.54184 0.53619 -0.33509 -0.77473 e
81.09211 26.54976 -0.90162 -0.02567 -0.43177 e
81.30398 77.96429 0.19278 -0.74281 -0.64114 e
81.59246 49.45492 -0.07976 -0.85152 -0.51821 e
81.60067 57.53370 0.52923 0.22495 -0.81811 e
81.71791 40.05517 0.73855 -0.38911 -0.55058 e
81.77329 57.29457 -0.45101 -0.82685 -0.33601 e
81.84442 40.44583 0.75130 -0.64853 -0.12229 e
82.33816 46.84148 -0.14723 0.98315 -0.10831 e
82.36675 27.31926 -0.69937 0.00897 -0.71470 e
82.52314 57.90594 0.71977 -0.58855 0.36815 e
82.68829 67.21718 -0.81175 0.49108 -0.31606 e
82.76186 70.40363 -0.84001 0.48103 -0.25099 e
82.77229 52.72109 -0.78820 -0.56429 -0.24558 e
82.86896 46.73242 -0.35532 0.91585 -0.18699 e
83.18214 19.81987 0.11735 -0.40586 -0.90637 e
83.28697 27.55629 -0.88053 0.46711 -0.08050 e
83.57802 79.95176 -0.62530 -0.65859 -0.41864 e
83.59128 37.29720 0.68216 -0.71403 0.15754 e
83.76411 47.10467 0.91969 0.05843 -0.38827 e
83.92345 58.98915 -0.30059 0.56913 -0.76533 e
83.95899 19.28944 0.86605 -0.46659 -0.17960 e
84.13336 53.36067 -0.14956 0.93052 -0.33431 e
84.15065 19.27987 -0.51395 -0.33568 -0.78941 e
84.17356 53.96764 -0.95054 0.28104 -0.13223 e
84.87571 83.13011 0.43996 -0.71644 -0.54143 e
85.04853 77.65792 -0.89137 -0.13215 0.43359 e
85.10459 25.22578 0.11543 -0.95029 -0.28917 e
85.40413 15.17872 -0.24816 0.06024 0.96685 e
85.87136 69.85547 0.34058 0.01503 -0.94010 e
85.88967 53.61090 -0.48150 -0.11513 -0.86885 e
86.01768 26.36944 -0.19316 -0.16582 -0.96706 e
86.18337 54.07474 0.50883 0.19691 -0.83805 e
86.18789 58.35915 0.11981 -0.98212 -0.14519 e
86.24490 51.48078 0.94140 -0.07206 -0.32951 e
86.47491 28.65771 0.72031 -0.20888 -0.66145 e
86.70688 46.18546 0.18271 0.05711 -0.98151 e
86.91049 83.22261 -0.60043 -0.31833 0.73359 e
87.68722 76.05187 0.20192 -0.72944 -0.65356 e
87.88584 46.86287 0.67680 0.10657 -0.72841 e
88.26885 35.55584 -0.62094 0.67038 0.40623 e
88.38914 40.84860 0.53716 0.47540 -0.69675 e
88.61334 55.76053 -0.33771 0.54251 0.76918 e
88.66178 11.90551 0.36674 0.74930 -0.55140 e
88.75023 73.20426 -0.58803 0.45746 -0.66704 e
89.13897 39.21801 -0.34665 -0.71113 -0.61166 e
89.18709 33.90549 0.92568 -0.21048 0.31436 e
89.91457 31.82230 0.02858 -0.76957 0.63792 e
89.97095 35.59021 0.69846 0.24531 -0.67229 e
90.33146 29.42438 -0.95803 0.08609 -0.27342 e
90.63907 64.52412 0.91857 0.35485 -0.17408 e
90.96932 57.11596 0.76167 -0.45134 0.46491 e
90.98827 42.01142 0.81830 -0.57407 -0.02882 e
90.99203 46.54374 -0.99940 0.01745 -0.03004 e
91.54575 51.49689 -0.34724 -0.92048 -0.17930 e
91.88713 38.32383 0.40972 0.78749 0.46043 e
92.05804 62.51682 -0.70572 0.37928 -0.59842 e
92.37962 24.67881 0.01649 -0.69188 -0.72182 e
92.58579 55.56089 -0.18441 -0.64568 -0.74100 e
92.59054 9.15867 -0.66838 -0.28948 -0.68518 e
92.60216 84.70508 0.05114 0.50456 -0.86186 e
92.60812 82.13905 -0.39560 -0.90004 -0.18283 e
92.70726 64.61362 0.69469 -0.59281 -0.40741 e
93.59429 24.28508 -0.40327 -0.61869 -0.67424 e
93.81292 44.20014 -0.93972 0.09738 0.32778 e
93.93704 54.39234 -0.07573 0.15868 -0.98442 e
94.04969 64.90810 -0.21224 0.76464 -0.60851 e
94.25631 53.76808 0.89689 -0.32267 -0.30246 e
94.92101 52.08688 0.14390 0.96723 -0.20919 e
95.40127 26.69436 -0.96248 -0.02675 -0.27004 e
96.11677 36.34420 -0.72269 -0.53434 -0.43841 e
96.40720 33.84322 0.04387 0.84377 -0.53491 e
96.46733 78.87388 -0.43635 0.58194 -0.68625 e
96.52492 43.30139 -0.36877 -0.83016 -0.41814 e
96.80764 41.35553 -0.28266 -0.69795 0.65800 e
96.99337 66.28935 0.46392 0.41585 -0.78221 e
97.17741 32.50819 -0.63934 -0.70389 -0.30950 e
97.27308 37.17499 -0.25025 0.77780 -0.57654 e
97.79304 80.83695 -0.59715 0.43819 -0.67187 e
97.81888 15.89400 -0.10247 0.22727 -0.96843 e
97.92417 55.39375 0.90060 -0.33749 -0.27389 e
98.00725 46.86784 -0.50411 0.74911 -0.42978 e
98.56916 46.92886 -0.80811 0.34997 0.47379 e
99.58274 53.31857 -0.18278 0.70713 -0.68305 e
99.72703 25.70748 0.68864 0.25527 -0.67868 e
99.92954 60.73255 -0.93391 0.30773 -0.18200 e
99.97846 39.67568 0.51237 0.00194 -0.85876 e
100.34608 77.65193 0.41285 -0.06094 -0.90876 e
100.58607 71.55845 -0.74853 -0.58887 -0.30486 e
100.81673 47.60801 0.26022 -0.67058 0.69470 e
100.82082 69.48578 -0.34761 0.85096 0.39375 e
102.14428 22.07595 0.51191 -0.85845 0.03174 e
102.19923 75.03227 0.71772 0.29477 0.63087 e
102.21024 39.99554 -0.83487 0.35854 0.41767 e
102.35234 65.89548 0.40909 -0.39942 -0.82043 e
102.96156 50.90571 -0.56858 0.03089 -0.82205 e
103.23473 84.55743 -0.38124 -0.73767 -0.55723 e
103.38663 36.20951 0.71997 -0.59603 -0.35551 e
103.41788 53.44074 0.83628 -0.05700 -0.54534 e
103.53935 41.42060 0.84377 0.53664 0.00893 e
103.60756 84.19883 -0.67591 0.43229 -0.59689 e
103.99380 16.03106 0.35866 0.19810 -0.91220 e
104.13755 55.11525 -0.11512 -0.68405 -0.72029 e
104.36466 26.61711 -0.44996 0.83650 -0.31272 e
104.79514 68.49469 -0.23709 0.97134 0.01667 e
104.80563 26.07869 0.20472 0.95494 -0.21488 e
105.28457 49.98446 0.18922 -0.56315 -0.80440 e
105.41090 61.66835 -0.49985 0.57616 -0.64668 e
105.45336 44.59223 0.77763 0.62588 -0.05979 e
105.55221 45.26694 -0.82311 -0.55140 0.13580 e
105.57969 69.91644 0.81641 -0.52525 -0.23997 e
105.99322 68.66035 0.03878 0.19579 -0.97988 e
106.00853 31.88431 0.06723 0.90257 0.42526 e
106.07156 18.42487 0.73878 -0.56719 -0.36399 e
106.26636 84.11651 -0.12388 -0.83105 -0.54223 e
106.72409 73.22926 0.96750 0.23362 -0.09679 e
106.85956 66.70118 -0.83551 -0.25958 0.48430 e
106.89611 45.50730 -0.80874 -0.13263 -0.57301 e
107.39583 58.11160 0.56999 0.78769 0.23377 e
107.45153 69.04647 -0.65637 0.58477 -0.47667 e
107.66027 51.95753 0.15779 -0.62225 0.76675 e
107.68296 46.11634 -0.34339 0.93469 -0.09182 e
108.81747 45.32541 0.60954 -0.79225 0.02833 e
108.84902 77.71262 0.48993 0.05353 -0.87012 e
108.87516 50.34643 0.09270 0.83294 -0.54555 e
109.76451 24.53956 0.32222 -0.01714 0.94651 e
110.01922 83.33382 0.48305 0.71988 0.49843 e
110.02709 40.28093 -0.23342 -0.08480 -0.96867 e
110.20178 77.81778 0.31530 -0.42104 -0.85047 e
110.40369 53.61167 0.24659 0.48816 -0.83720 e
110.45363 29.41362 0.26421 -0.94923 -0.17075 e
110.51637 47.97574 -0.19103 0.96104 -0.19978 e
110.57108 34.92612 -0.71730 -0.13656 0.68325 e
110.75996 66.63817 0.28177 0.87895 -0.38479 e
111.14950 70.64093 0.81716 0.55274 0.16349 e
111.64936 63.72663 0.99402 0.06543 0.08745 e
111.77400 44.24083 0.80676 0.45726 0.37424 e
112.33689 76.55009 -0.50495 0.83365 -0.22373 e
112.68439 31.88003 0.30263 0.03713 -0.95238 e
113.25052 33.37161 0.68974 -0.20526 -0.69436 e
113.50537 34.80041 -0.49555 0.72979 -0.47099 e
113.90107 50.65368 0.39955 0.01964 -0.91650 e
114.85496 31.93087 0.73782 0.16062 -0.65561 e
115.19865 31.45339 -0.94456 -0.19993 -0.26046 e
115.45397 45.27061 -0.55577 0.68194 -0.47548 e
115.77745 45.75683 0.33142 0.51737 0.78898 e
116.19759 77.93445 0.93073 -0.28767 0.22581 e
116.35160 49.42843 0.07051 0.73584 -0.67347 e
116.41053 37.81058 0.49104 0.67449 -0.55131 e
116.41669 27.71139 0.74034 0.60920 -0.28420 e
116.61129 33.51814 -0.75202 -0.62554 0.20779 e
116.83083 19.03943 -0.17817 0.53519 0.82573 e
117.00849 63.15540 0.12527 -0.83662 0.53327 e
117.28935 23.49059 0.43290 0.44511 -0.78388 e
117.33501 60.70214 -0.10382 -0.86966 0.48260 e
117.35709 73.75206 0.45921 -0.16524 -0.87283 e
117.73002 62.38422 0.88860 -0.20446 -0.41059 e
117.81419 38.07289 -0.67037 0.23470 -0.70393 e
117.94416 30.94569 -0.82780 0.03387 -0.56000 e
117.95277 40.73787 -0.16665 0.37552 -0.91171 e
118.37337 15.35162 -0.50972 -0.85985 0.02897 e
118.78287 30.98321 -0.87833 0.45607 -0.14330 e
118.87509 46.02101 -0.36915 -0.90080 -0.22866 e
119.05968 51.77408 0.45735 -0.83766 0.29859 e
119.10438 79.59494 0.09914 -0.90684 0.40965 e
119.38450 53.98278 0.07564 0.73930 -0.66911 e
119.51062 48.01017 0.50576 0.50433 -0.69990 e
119.56196 82.57325 -0.24714 0.93329 0.26056 e
119.91567 46.26186 0.46484 -0.87584 -0.12976 e
119.97928 48.57423 0.14975 0.33089 -0.93171 e
119.99744 77.29083 0.38146 0.90919 -0.16694 e
120.11837 49.16991 0.11337 -0.05492 -0.99203 e
120.18171 38.13714 0.08501 -0.73742 -0.67006 e
120.18341 49.75623 -0.18349 0.28012 -0.94227 e
120.37978 32.70833 -0.97695 -0.02670 -0.21181 e
120.42909 78.47387 -0.15540 0.98763 -0.02072 e
120.86680 73.42246 0.15224 0.46973 -0.86958 e
121.25791 71.19611 0.06078 0.84675 0.52851 e
121.62922 27.64945 0.14748 0.00203 -0.98906 e
121.76055 58.30513 0.85659 0.49511 -0.14534 e
122.00650 21.30769 0.66054 -0.39078 -0.64108 e
122.03994 81.65499 0.57668 0.10813 -0.80978 e
122.32828 62.92897 -0.80171 -0.19778 0.56405 e
122.72083 60.94224 0.90950 0.40563 0.09100 e
122.99547 43.24912 0.81684 -0.57038 -0.08620 e
123.06682 40.52301 0.45909 -0.12601 -0.87941 e
123.29893 34.59575 0.76044 -0.64279 -0.09245 e
123.68157 49.27297 0.56755 -0.82324 0.01274 e
124.05862 77.24163 0.98747 0.01593 -0.15702 e
124.45544 81.73491 0.06813 0.97909 -0.19170 e
124.65240 21.92240 0.07887 0.61526 -0.78437 e
124.80772 44.99707 0.46683 0.68853 -0.55498 e
125.45634 58.03475 -0.64670 0.65627 0.38870 e
125.71841 53.89610 0.42078 0.86191 -0.28295 e
125.90891 51.32665 -0.50081 -0.28765 -0.81636 e
125.99874 44.58311 -0.28259 -0.95103 0.12523 e
126.17258 57.35663 -0.91293 0.37255 0.16664 e
126.57929 60.06465 -0.60629 0.06533 -0.79256 e
127.11745 66.79263 -0.50452 0.56155 -0.65583 e
127.28052 31.64546 0.99127 0.09741 -0.08882 e
128.16298 68.10794 0.73893 -0.67290 0.03457 e
128.47951 20.29699 0.64662 -0.76056 -0.05862 e
128.63454 33.97676 0.39252 0.84924 -0.35316 e
128.98721 14.30753 0.42821 0.57614 -0.69620 e
129.05416 56.49488 0.76274 -0.62308 0.17321 e
129.11601 63.54474 -0.25244 0.69730 0.67086 e
129.42169 32.57946 0.01875 -0.77359 -0.63340 e
129.58838 32.82467 -0.59208 -0.67222 -0.44447 e
129.73402 50.02700 -0.37876 0.90659 0.18610 e
129.91465 45.22345 -0.17245 0.08882 -0.98101 e
130.55001 61.60202 0.79354 -0.56596 -0.22357 e
130.63968 63.26922 0.97117 -0.01105 -0.23814 e
130.83129 60.18913 0.56430 0.54017 0.62432 e
131.83421 77.07716 -0.35512 0.75290 -0.55410 e
131.90060 64.45663 0.56852 -0.68255 -0.45924 e
132.21805 50.30498 -0.01508 -0.87821 0.47804 e
132.36787 48.22652 -0.80887 0.58419 0.06672 e
132.46549 48.79255 0.80328 -0.42125 0.42106 e
132.58764 56.31804 0.73945 -0.65731 -0.14542 e
133.48459 50.64247 -0.91533 -0.10578 -0.38856 e
134.05554 56.16283 -0.49631 -0.71412 -0.49367 e
134.75435 77.04214 -0.85841 0.29875 0.41699 e
134.79724 83.41841 0.75509 0.16693 -0.63402 e
134.97828 63.47018 0.02382 -0.99097 0.13192 e
135.12299 30.32516 -0.86192 -0.20260 -0.46481 e
135.76681 59.42763 -0.97709 0.16950 0.12873 e
135.77829 37.79014 0.06841 0.64295 0.76285 e
136.14618 19.11071 -0.80338 -0.26220 0.53464 e
136.29006 40.62895 -0.89802 -0.19617 -0.39379 e
136.61593 69.94491 0.03429 -0.20182 -0.97882 e
136.68792 34.28674 0.35037 -0.93629 -0.02462 e
136.73074 20.36409 0.81498 0.20477 0.54211 e
136.77871 72.35313 -0.80817 -0.27100 -0.52290 e
136.78344 77.19641 -0.48744 0.44174 -0.75317 e
137.58235 16.95569 -0.88885 -0.29670 -0.34917 e
137.78816 43.04866 -0.75520 0.63520 0.16185 e
137.85238 21.84334 -0.06757 -0.87078 0.48700 e
137.88192 43.36140 -0.66270 -0.74501 -0.07610 e
138.30404 41.13917 0.96491 -0.08664 0.24788 e
138.52866 54.59003 0.98079 -0.18590 0.05905 e
138.55636 61.64291 0.05581 -0.34194 -0.93806 e
139.24676 47.74919 0.39084 0.20949 -0.89630 e
139.56219 82.05534 -0.67366 0.56595 -0.47528 e
139.59783 24.25416 0.60729 -0.68759 -0.39801 e
139.86000 46.69968 0.93268 0.35809 0.04335 e
139.91051 68.35526 0.10597 0.93136 -0.34835 e
139.94916 42.60034 -0.62275 -0.67799 0.39053 e
140.97187 54.27134 -0.22618 -0.70613 -0.67099 e
141.65722 50.38827 0.26102 0.55936 -0.78675 e
141.75760 25.27081 -0.44771 -0.17743 -0.87640 e
141.84108 74.73081 -0.79975 -0.16050 -0.57847 e
142.07436 83.27317 0.33983 0.33697 -0.87805 e
142.11072 84.75014 -0.15484 0.70831 -0.68871 e
142.39231 21.34067 0.25869 -0.60381 0.75399 e
142.48068 34.89550 -0.44782 0.80334 0.39256 e
142.50552 78.18445 -0.46674 0.86506 -0.18391 e
142.98904 48.10316 0.64081 0.68179 0.35289 e
143.82453 56.72301 -0.25483 0.96515 0.05960 e
144.30542 11.28238 0.25987 -0.92570 -0.27485 e
144.39834 81.85044 0.88671 0.21317 -0.41024 e
144.75224 36.31543 0.49304 -0.80829 0.32183 e
145.59883 25.73621 -0.34603 -0.91623 -0.20194 e
146.12807 68.57250 -0.09991 -0.57377 -0.81290 e
146.44985 64.90546 -0.42460 0.87597 -0.22891 e
147.55920 78.72995 0.00372 -0.06916 -0.99760 e
147.80331 22.87316 -0.60263 -0.08994 -0.79293 e
149.00313 60.15835 0.09223 -0.37075 -0.92414 e
150.06938 68.07359 0.00441 0.32254 0.94655 e
150.09635 45.79961 -0.07637 0.81243 0.57803 e
150.23550 32.22412 -0.91018 0.34591 0.22784 e
151.14990 40.15968 0.81065 -0.15175 -0.56553 e
151.55766 39.45608 0.94266 -0.30443 0.13679 e
151.63074 64.93255 -0.90200 0.06841 -0.42628 e
151.63275 64.97539 -0.77015 0.23589 -0.59264 e
152.22297 15.73719 0.42835 0.90154 -0.06109 e
152.37172 77.36480 0.72238 -0.04948 -0.68972 e
152.74921 16.53017 0.82074 0.28289 0.49635 e
153.39975 71.08313 0.34724 0.45539 -0.81978 e
153.66154 66.88230 -0.39641 -0.43651 -0.80766 e
154.23609 82.30497 0.39876 0.69027 -0.60375 e
154.54850 42.05227 0.31571 -0.89833 -0.30549 e
154.88079 84.06058 -0.24938 -0.89180 -0.37749 e
154.89180 40.76241 -0.58018 -0.25558 -0.77335 e
154.96445 27.33049 -0.05739 -0.38221 -0.92229 e
155.10088 60.08869 0.79867 -0.56866 0.19688 e
155.27486 29.00406 0.22321 0.76225 0.60758 e
155.35694 60.85727 0.28371 0.95889 0.00612 e
156.16985 54.24823 -0.52554 0.80099 0.28674 e
156.26827 74.74466 -0.51658 0.21239 -0.82948 e
156.37460 82.06770 0.88883 0.44260 -0.11872 e
157.08804 58.39843 -0.42174 -0.63657 -0.64568 e
157.09337 49.94661 -0.68404 0.41583 -0.59931 e
157.69582 58.97261 -0.33850 0.10844 -0.93470 e
157.73547 31.54859 0.98742 0.13336 0.08495 e
158.11685 17.29941 0.88487 0.09028 0.45700 e
158.39178 42.27809 -0.97376 -0.10237 0.20325 e
158.59479 49.38721 0.35783 0.56984 0.73976 e
158.60801 27.40789 -0.45628 -0.81784 0.35063 e
158.76862 56.00491 0.81873 -0.54148 -0.19099 e
159.48319 49.89674 0.47439 -0.27955 0.83475 e
159.64899 26.91331 -0.46264 -0.86402 0.19856 e
160.25354 47.29124 0.20035 0.97960 -0.01583 e
160.33330 51.93952 -0.81932 -0.40275 0.40806 e
160.41166 54.07611 0.52639 -0.41495 -0.74211 e
160.73637 37.28806 0.57663 -0.81224 -0.08809 e
160.84176 45.56236 -0.06822 0.13150 -0.98897 e
161.03120 36.55103 0.19185 -0.58272 -0.78970 e
161.38183 84.75275 -0.40757 0.77693 -0.47986 e
161.78102 82.11233 0.72932 -0.56991 0.37855 e
161.79075 57.78881 -0.63610 -0.45035 0.62654 e
162.39429 45.04269 0.80435 -0.58532 0.10210 e
162.65747 34.42352 -0.40047 -0.01248 -0.91623 e
162.67333 60.57998 0.80712 0.22879 -0.54425 e
162.69463 69.06495 -0.66501 0.36602 -0.65100 e
162.91569 56.88475 -0.48007 -0.01505 -0.87710 e
162.93807 42.34198 -0.08609 -0.42778 0.89978 e
164.43367 37.10732 0.49933 -0.25588 -0.82777 e
164.72194 65.22020 -0.53405 -0.82005 0.20570 e
165.97600 81.34764 -0.00300 -0.99452 -0.10447 e
166.19063 35.12563 0.15598 0.52847 -0.83450 e
166.19265 39.98388 0.69042 0.08500 -0.71840 e
166.21829 39.51463 0.87229 -0.32865 0.36208 e
166.30649 42.55011 -0.64060 -0.63743 -0.42815 e
166.35658 50.91394 -0.62597 0.35982 -0.69188 e
166.38550 34.69987 -0.28110 -0.03641 -0.95899 e
166.65904 65.60522 -0.40832 -0.03781 0.91206 e
167.01721 61.07067 0.73983 0.62540 0.24805 e
167.18552 38.07987 0.86759 -0.06555 -0.49294 e
167.21742 64.37325 0.62219 0.51188 0.59234 e
167.30070 37.16690 0.75752 -0.50845 0.40945 e
168.59195 40.80278 -0.05235 0.99100 -0.12319 e
168.95203 54.88013 -0.90234 -0.39475 -0.17309 e
169.06511 25.00090 -0.60155 -0.12029 0.78972 e
170.12134 70.63581 0.43678 -0.88249 0.17442 e
170.18517 45.92050 0.39577 0.86913 -0.29661 e
170.50208 32.51223 0.60563 -0.74312 -0.28457 e
171.13589 46.46474 0.50554 -0.48391 -0.71432 e
171.63046 62.68327 0.02532 -0.16217 -0.98644 e
171.91011 26.64849 0.22641 -0.14391 -0.96334 e
171.95672 82.90455 0.94676 0.06370 -0.31557 e
172.04258 77.62821 0.96557 0.16577 0.20047 e
172.32391 55.53916 -0.08781 0.97202 0.21789 e
172.47354 61.75335 0.91205 0.18104 0.36794 e
172.62844 80.95345 -0.56033 0.68117 -0.47121 e
172.65627 80.62843 -0.43201 0.90002 0.05766 e
173.57122 58.60350 0.92143 0.36710 -0.12731 e
174.26713 82.73185 -0.58569 0.71803 0.37603 e
174.91377 51.06313 0.34131 -0.91997 0.19281 e
175.01069 11.59088 -0.49455 -0.18158 -0.84997 e
175.15102 43.62200 -0.56122 0.78587 0.25967 e
175.23806 79.34018 -0.08716 -0.59073 -0.80215 e
175.60679 47.11263 -0.97835 0.19828 -0.05931 e
175.67448 27.26441 -0.22183 -0.95471 0.19828 e
175.87649 67.72368 0.42896 0.87072 0.24050 e
175.91935 43.56778 0.30635 0.90404 0.29811 e
176.34843 76.53101 -0.59633 -0.79504 -0.11093 e
177.20956 41.47557 0.13982 0.74131 0.65644 e
177.77015 32.03930 0.50159 -0.69654 0.51307 e
178.00617 76.46346 0.82744 0.12354 -0.54780 e
178.22939 65.03206 0.27577 -0.92626 -0.25689 e
178.44457 47.46166 0.97327 0.17727 -0.14601 e
178.51263 70.13362 0.16510 -0.79719 -0.58072 e
180.73947 42.26822 -0.63288 -0.14228 -0.76106 e
181.32880 56.78335 0.89339 0.24328 0.37771 e
181.36584 49.96920 0.23946 0.11052 -0.96459 e
181.60089 70.29645 -0.86043 -0.34272 -0.37710 e
181.70107 54.43457 -0.79297 0.08893 0.60274 e
181.74482 61.13703 -0.62003 -0.37570 -0.68878 e
182.33706 42.06916 -0.74887 0.22107 -0.62476 e
182.34939 58.61296 0.63063 0.64379 -0.43340 e
182.67141 64.18738 -0.08202 0.52091 -0.84966 e
182.76646 59.26726 0.70203 -0.70236 -0.11765 e
182.80948 66.61495 0.66684 0.07977 -0.74092 e
183.52167 68.74191 0.78944 -0.12470 -0.60103 e
184.06047 51.28433 -0.65431 -0.25603 -0.71157 e
184.26516 70.13123 -0.72077 -0.60310 -0.34171 e
184.33354 35.73882 0.88338 -0.42984 0.18676 e
184.52175 18.91371 0.44456 -0.65452 -0.61153 e
184.53810 65.94805 0.84447 0.51147 0.15896 e
185.65195 38.91180 0.20566 -0.69752 -0.68641 e
185.78800 20.70548 -0.27266 -0.48415 -0.83142 e
186.40849 67.25991 0.35175 0.92199 -0.16186 e
186.52574 66.04523 -0.93700 -0.16723 -0.30671 e
186.79868 66.34226 0.70859 0.70327 -0.05757 e
187.12806 73.01909 -0.98048 0.08549 -0.17706 e
187.13506 26.37698 0.01271 -0.47399 -0.88044 e
187.90192 53.53046 -0.55507 0.31670 0.76916 e
188.06081 33.71450 0.99257 -0.02099 -0.11987 e
188.13677 34.12377 -0.83154 -0.54894 0.08491 e
188.27356 61.55836 -0.35603 0.23313 -0.90493 e
188.72204 46.18439 0.72625 -0.09625 -0.68066 e
188.85789 53.09111 -0.80143 0.30767 -0.51289 e
189.44559 36.56437 0.63445 -0.42813 -0.64357 e
189.54707 78.85301 -0.67223 0.60342 0.42896 e
189.93173 42.82812 -0.75957 -0.64925 -0.03916 e
190.79705 33.84406 -0.19617 -0.10391 -0.97505 e
191.32292 22.30591 0.22532 -0.09814 -0.96933 e
191.42256 43.14610 -0.25383 0.17543 0.95121 e
191.56190 56.89463 0.86535 0.28939 -0.40918 e
192.32702 73.75756 0.06211 0.94204 -0.32969 e
192.84663 46.19199 -0.79656 0.55597 -0.23746 e
194.03771 77.09343 0.32663 0.00617 -0.94513 e
194.09864 65.03991 -0.82578 -0.49816 -0.26445 e
194.30685 39.79796 -0.22826 -0.44324 0.86685 e
195.00619 49.31597 -0.60500 0.19227 -0.77266 e
195.63584 48.84832 0.62586 -0.66711 -0.40406 e
195.92169 28.89194 0.21222 -0.04512 -0.97618 e
195.97462 47.22160 -0.22681 0.37700 -0.89801 e
196.03405 52.35943 0.90412 0.29854 0.30569 e
196.32559 51.98995 -0.96449 -0.14012 0.22388 e
196.69708 70.15808 0.12677 0.86583 -0.48401 e
197.90351 25.59091 -0.89259 -0.37598 0.24884 e
199.52327 49.24785 0.40532 -0.90487 0.13009 e
199.75497 44.36313 0.42548 -0.78870 0.44376 e
199.79172 41.56955 -0.50658 0.16416 0.84642 e
200.11882 57.43964 -0.84129 0.01150 0.54046 e
200.35089 33.89442 0.89629 -0.44269 -0.02614 e
200.48857 84.36016 -0.44962 0.10408 -0.88714 e
200.67954 55.27562 0.18158 -0.49575 -0.84927 e
200.74034 72.85740 0.12958 0.95437 0.26906 e
200.74590 56.77243 -0.54046 0.82162 -0.18124 e
200.75046 34.71362 0.64264 0.27193 -0.71629 e
200.77247 23.45684 0.79706 0.58927 0.13213 e
200.85388 58.07059 0.73630 0.06216 -0.67379 e
201.19920 34.55957 0.25165 -0.45986 -0.85159 e
201.22436 74.82965 -0.57815 -0.80383 -0.14004 e
201.27652 52.79849 0.66218 0.57651 -0.47869 e
201.43131 12.14012 -0.47414 0.83862 0.26817 e
202.35167 66.31303 0.12599 -0.10603 -0.98635 e
202.62196 39.76008 -0.38876 0.91288 0.12453 e
203.31099 24.56280 0.34826 -0.93103 0.10906 e
203.69040 62.18761 0.97890 -0.17866 -0.09914 e
203.77223 45.10728 0.99576 -0.07255 -0.05658 e
204.15014 32.27845 0.61694 0.28431 0.73387 e
204.68432 68.65280 -0.37001 0.52505 -0.76643 e
204.96252 58.70674 0.45816 0.87194 0.17269 e
204.98311 77.90867 -0.98111 0.09357 -0.16930 e
205.64764 60.35492 -0.28551 0.19990 0.93730 e
206.63544 28.26637 -0.29376 0.26606 0.91810 e
207.03070 69.66625 0.69482 -0.66863 0.26488 e
207.63288 21.25154 0.26423 -0.52883 -0.80655 e
208.32114 43.93097 -0.44489 0.11896 -0.88765 e
208.64939 34.90476 -0.16676 0.80195 -0.57364 e
209.00800 44.75467 0.52631 0.85029 0.00115 e
210.03408 80.20043 0.46056 0.39329 -0.79574 e
210.45872 71.20689 -0.25867 0.40650 -0.87627 e
211.67415 73.75020 -0.32447 0.84095 -0.43304 e
211.74492 32.56161 -0.14424 -0.43006 0.89120 e
211.84052 52.08075 -0.11152 0.58238 0.80523 e
211.95584 28.00628 -0.56492 -0.58573 -0.58119 e
212.50179 73.99181 0.40554 -0.76430 -0.50138 e
212.62264 41.99981 0.13855 -0.82173 -0.55278 e
212.73066 43.57116 0.62057 -0.64165 -0.45074 e
213.43125 32.46874 -0.70179 0.35999 0.61473 e
215.43754 19.13398 -0.97330 -0.21653 -0.07615 e
215.87009 29.93858 -0.50992 0.39736 -0.76295 e
216.41841 65.12902 -0.21175 -0.91516 0.34300 e
217.40115 50.88446 -0.93765 0.34617 0.03142 e
217.62108 30.63687 0.16761 -0.94705 -0.27386 e
217.75525 16.78831 0.56990 -0.37504 -0.73114 e
218.71436 53.89952 0.00618 -0.02193 -0.99974 e
219.11641 49.36315 0.72650 -0.03548 -0.68625 e
219.49855 42.77134 0.16832 -0.73736 -0.65419 e
222.74164 66.69703 0.89438 0.44487 -0.04670 e
222.89670 74.81341 0.98309 -0.06774 -0.17015 e
223.20418 61.14793 -0.03937 0.33584 -0.94110 e
223.32783 50.57647 -0.98300 0.05927 0.17377 e
223.60161 54.40510 -0.69800 -0.32577 0.63771 e
224.83947 60.72031 -0.03610 -0.40603 -0.91314 e
225.95482 55.20542 0.63540 0.35649 -0.68496 e
226.27806 51.64827 0.36577 0.81079 -0.45698 e
226.33191 63.89533 -0.36145 0.10493 -0.92647 e
226.71310 66.39648 0.52359 0.61044 -0.59432 e
226.94590 33.12605 -0.90264 0.30845 -0.30017 e
227.09697 53.20256 0.23662 0.19294 -0.95225 e
227.64183 33.94188 0.69158 -0.12405 0.71157 e
227.85245 77.74651 0.59727 0.44548 -0.66695 e
228.52027 37.87246 0.63553 0.71609 -0.28865 e
228.95816 29.06724 -0.56483 0.11109 -0.81770 e
229.36524 28.03436 -0.42987 -0.90014 -0.07037 e
229.48618 50.91224 0.89790 0.11065 -0.42607 e
230.58913 44.11580 -0.02084 0.84561 0.53339 e
231.03141 67.29616 -0.17101 0.72443 -0.66779 e
231.09019 79.27004 0.18255 -0.95382 0.23854 e
232.86815 78.20554 0.12634 0.91126 -0.39198 e
234.10424 35.73975 0.62750 0.30744 -0.71535 e
234.36825 63.67079 -0.75389 0.55882 0.34549 e
234.65751 75.23936 0.19138 -0.66172 -0.72492 e
235.53268 45.16758 0.14881 0.97471 0.16670 e
235.78143 43.22797 -0.93607 0.34089 0.08697 e
236.35604 32.96769 0.27684 -0.72744 -0.62785 e
236.57319 63.33859 -0.46048 0.67239 -0.57952 e
236.99625 63.88814 0.38428 0.87687 -0.28885 e
237.38894 45.28772 0.12401 0.21402 -0.96893 e
237.73786 35.90684 0.09051 -0.95315 -0.28864 e
238.65654 60.14260 -0.14798 0.66278 -0.73404 e
238.92795 76.33630 0.66777 0.49346 -0.55730 e
239.07003 34.51891 0.23950 -0.13965 -0.96080 e
239.40568 44.61627 0.79564 0.52344 -0.30490 e
239.47288 47.92263 0.24914 0.54454 -0.80088 e
239.78488 23.64443 -0.35996 -0.42518 0.83045 e
239.82976 34.74117 -0.41158 -0.58537 -0.69853 e
240.47741 71.53159 -0.40487 -0.50967 0.75915 e
241.41576 41.97555 0.22567 0.93158 0.28503 e
241.90719 55.62951 -0.81726 0.11807 -0.56405 e
242.18592 53.60240 -0.29918 0.61210 0.73200 e
243.53234 61.42335 -0.76006 0.63764 0.12540 e
243.86672 84.88204 0.58081 0.78627 -0.21080 e
243.88305 72.57029 0.07572 -0.89330 -0.44304 e
245.69133 44.60866 -0.45969 -0.86658 -0.19425 e
246.02037 42.96687 0.48140 -0.69652 -0.53208 e
246.68422 51.03050 0.00901 0.97156 0.23663 e
247.22670 52.54672 -0.39072 -0.02293 -0.92022 e
247.82768 25.30049 -0.05592 -0.09432 -0.99397 e
247.86074 68.55642 0.91970 0.05147 0.38922 e
248.32237 64.31209 -0.72078 0.41138 0.55790 e
249.14167 59.73453 -0.17139 -0.92718 -0.33311 e
250.60271 23.46011 -0.01976 0.82289 -0.56786 e
250.71096 35.92670 -0.74738 0.47915 -0.46026 e
251.13527 76.51765 0.34210 0.93650 -0.07698 e
252.20109 30.45575 -0.79270 0.59775 0.11969 e
252.66840 40.11237 -0.43035 -0.62495 -0.65133 e
253.36542 61.32505 0.66848 -0.08016 0.73939 e
253.51794 36.57331 -0.10892 0.67641 -0.72842 e
253.56588 70.26190 0.15977 -0.73275 0.66148 e
254.59172 61.43630 0.35355 0.31017 -0.88250 e
254.69688 35.27242 -0.28049 -0.93826 0.20247 e
254.73781 74.02579 0.41515 0.84331 0.34129 e
256.58649 28.83328 -0.85261 -0.14158 -0.50300 e
257.46304 32.13615 -0.05293 -0.59305 -0.80342 e
257.47381 74.83902 -0.38637 -0.46764 0.79500 e
258.37666 40.62911 0.40617 0.81358 -0.41607 e
259.34500 31.01336 0.24219 -0.85584 0.45703 e
259.66370 35.40402 0.94553 0.12451 -0.30079 e
260.71030 45.37748 0.86927 0.34805 -0.35105 e
261.33735 53.35894 -0.83351 0.14699 -0.53260 e
261.55564 84.08040 -0.28169 -0.76112 -0.58425 e
261.88840 49.17186 0.66548 -0.71985 -0.19739 e
262.02367 74.37979 0.16198 0.50631 -0.84700 e
262.12594 42.84902 0.10160 -0.83009 -0.54830 e
263.92120 72.80358 0.35048 -0.50567 -0.78833 e
264.57712 69.03625 -0.15197 0.83954 -0.52161 e
264.82868 58.53728 0.16400 0.00051 -0.98646 e
266.05169 19.95636 0.35983 0.77912 0.51331 e
266.13865 84.02294 0.85332 -0.15231 -0.49864 e
266.71658 21.53858 -0.82595 -0.54923 -0.12705 e
266.88366 23.74650 -0.59394 -0.44875 -0.66773 e
267.02390 49.52610 -0.88749 -0.26585 0.37642 e
267.04299 44.02930 0.22996 -0.03376 -0.97261 e
267.47875 32.91893 -0.00614 -0.98480 0.17358 e
267.76674 42.62349 -0.12513 -0.13571 0.98282 e
268.38064 32.24656 0.81275 -0.05278 -0.58021 e
270.34771 19.36672 0.27353 0.19147 0.94262 e
270.76425 66.16403 0.09492 -0.97031 -0.22247 e
271.14306 79.41916 -0.33210 -0.83369 -0.44122 e
271.40939 25.09973 0.58673 -0.19042 -0.78708 e
272.11018 56.31003 -0.63356 -0.74907 0.19366 e
272.99962 50.76126 0.74621 0.13335 -0.65222 e
275.26052 46.72308 0.81674 -0.54950 -0.17605 e
275.69346 61.58367 -0.73290 0.20497 0.64872 e
276.33727 80.34403 -0.05516 0.92231 -0.38249 e
276.35689 62.21220 0.80356 0.59299 0.05149 e
276.77743 45.88661 0.90470 -0.31587 -0.28593 e
277.13971 71.45302 -0.02944 -0.94601 -0.32279 e
277.52575 25.02064 -0.12202 -0.98650 -0.10921 e
278.49234 57.19129 0.73891 0.47899 0.47389 e
279.11892 66.65399 0.82216 -0.32593 0.46671 e
279.79525 46.51011 0.12706 0.99184 0.01058 e
280.08949 40.54382 0.21130 -0.96158 -0.17525 e
280.10384 30.72050 -0.80446 0.30485 0.50981 e
280.28438 31.78205 -0.42030 0.40279 0.81308 e
280.58233 17.16957 0.16367 0.81108 -0.56157 e
281.02342 42.33393 -0.01411 -0.44994 -0.89295 e
281.36458 47.57352 -0.99400 0.09643 0.05168 e
281.49166 41.79869 -0.02668 0.38899 -0.92085 e
282.62034 56.17943 0.57407 0.55406 0.60288 e
283.11158 67.31976 0.48807 0.66209 0.56870 e
283.26918 57.75073 0.33012 0.24287 0.91216 e
283.73992 80.83531 0.08766 0.36277 -0.92775 e
283.78705 48.19301 -0.10249 0.26925 -0.95760 e
283.95175 32.65998 -0.30172 -0.78225 -0.54502 e
284.86495 68.87318 -0.18308 0.98192 -0.04816 e
286.28267 38.44500 -0.15503 0.22265 -0.96249 e
286.60849 32.24315 0.47864 -0.74466 0.46517 e
286.86412 84.76314 -0.91485 -0.29577 0.27488 e
287.47656 45.93659 0.22232 -0.22202 -0.94936 e
288.17629 32.24366 0.24771 0.91497 0.31853 e
289.63514 80.43437 -0.29620 0.19128 -0.93578 e
289.84858 42.06698 0.96763 -0.19219 0.16360 e
289.85222 34.39963 0.61062 0.01424 -0.79179 e
290.69105 83.92358 -0.60177 0.34553 -0.72006 e
292.66405 70.11082 -0.64054 -0.72488 0.25351 e
293.89696 81.45527 0.78701 0.52740 -0.32011 e
294.45049 84.62520 -0.36669 0.04057 0.92946 e
294.79629 28.58754 -0.84736 0.22069 0.48299 e
294.94787 83.91358 0.68415 -0.13776 -0.71622 e
295.58857 27.19618 -0.73194 -0.05524 0.67912 e
296.44990 78.94977 0.22889 -0.77879 -0.58403 e
297.71125 53.22203 -0.84543 -0.41214 -0.33970 e
298.33488 25.93159 0.98995 -0.06243 0.12693 e
298.37019 27.59084 -0.52676 -0.49937 -0.68786 e
299.01481 48.22708 0.47118 0.87851 -0.07885 e
299.81056 51.97239 0.50202 -0.83585 0.22209 e
301.51626 42.14634 -0.88819 -0.31363 0.33580 e
301.57456 49.43052 0.94919 -0.20881 -0.23547 e
303.56263 33.62410 -0.35649 -0.67011 -0.65105 e
303.70704 58.95639 -0.74023 -0.46137 -0.48907 e
303.77640 57.80411 0.35069 -0.19453 -0.91607 e
304.38023 34.67027 -0.34999 0.93666 -0.01325 e
305.65090 43.23968 -0.15955 0.91794 -0.36322 e
305.92753 39.08523 0.43591 -0.01413 0.89988 e
307.21778 21.71372 0.70160 0.62960 -0.33372 e
307.95437 55.42870 0.62746 0.59947 -0.49692 e
307.98583 42.35511 0.87379 0.45058 -0.18293 e
308.25191 59.71492 -0.05750 -0.66516 -0.74448 e
308.52451 76.59870 0.07143 0.57948 -0.81185 e
308.63751 50.17811 -0.24728 -0.24081 -0.93854 e
308.64737 36.48488 -0.10164 -0.76886 -0.63129 e
308.95457 72.61879 -0.05820 0.17711 -0.98247 e
308.99086 47.69057 -0.85567 0.51243 -0.07246 e
310.09372 33.72721 0.46910 -0.54503 -0.69490 e
310.51984 43.50995 -0.88128 -0.46214 -0.09891 e
311.60993 59.22415 -0.83303 0.09828 0.54443 e
312.15454 53.41585 0.57458 0.62682 -0.52626 e
312.73514 25.65566 -0.18511 0.29016 -0.93890 e
313.34403 46.25173 0.70961 -0.61929 0.33607 e
314.34363 21.55108 -0.80235 0.58617 0.11241 e
314.39474 30.43103 -0.70889 0.28008 -0.64732 e
314.44898 51.13197 0.83495 0.13230 -0.53419 e
314.55747 50.90102 -0.37765 0.79735 0.47076 e
314.68230 21.45870 -0.44861 -0.78637 0.42470 e
314.77845 80.79635 0.00831 -0.18835 -0.98207 e
315.16161 68.28448 0.42131 0.90520 -0.05583 e
315.55338 21.52680 -0.28078 0.55547 -0.78270 e
315.63151 78.17190 -0.75038 0.16600 -0.63982 e
315.77936 38.67302 -0.07562 -0.66561 -0.74245 e
315.97846 79.66595 -0.56657 -0.80016 -0.19683 e
316.00045 62.48211 0.94001 -0.30763 -0.14745 e
316.19041 41.85495 -0.54340 0.12734 0.82976 e
317.36899 27.80986 0.49133 0.83865 0.23507 e
317.95491 15.08716 -0.63908 -0.48878 0.59386 e
318.00177 49.69971 -0.08003 0.19121 -0.97828 e
319.01142 73.20284 -0.75837 -0.18299 -0.62561 e
319.29186 56.17046 0.86504 0.40296 -0.29887 e
319.62131 35.64785 -0.63832 -0.40126 -0.65692 e
320.55060 31.51256 0.10246 -0.16220 -0.98142 e
321.49137 19.46281 0.50927 0.51224 0.69156 e
321.94038 37.87601 0.50527 0.29548 -0.81080 e
322.01606 14.67812 0.98248 -0.17270 0.07008 e
323.13826 24.11248 0.02921 0.35135 -0.93579 e
323.67363 53.72684 0.11269 -0.17197 -0.97863 e
325.88272 52.06861 0.28167 0.92362 -0.25998 e
325.93888 64.96214 -0.22315 -0.93549 -0.27398 e
326.33414 49.72223 -0.98098 -0.17912 -0.07478 e
326.39561 64.89804 0.71786 0.68111 -0.14412 e
326.47832 68.74127 0.90956 -0.19502 -0.36697 e
326.63797 33.24266 -0.49606 -0.15108 -0.85504 e
326.64968 22.34034 -0.02998 0.99738 0.06589 e
327.19124 64.37775 0.36522 -0.08065 -0.92742 e
327.53280 47.09393 0.61026 -0.49974 0.61469 e
328.13688 40.08906 0.35784 0.83907 -0.40977 e
329.18768 33.35638 0.80839 0.58417 -0.07245 e
329.32957 57.17181 -0.44362 0.58103 -0.68235 e
329.66669 46.01910 -0.98788 0.07705 0.13476 e
330.82129 41.28926 -0.17605 0.98438 0.00268 e
331.15387 63.21064 0.72729 -0.29871 -0.61791 e
331.24836 32.73169 0.15411 0.95994 -0.23403 e
333.04483 29.39009 0.90079 -0.21030 -0.37994 e
334.65472 53.43030 -0.13811 -0.97841 -0.15373 e
335.36739 29.40171 -0.92178 0.35759 -0.14986 e
335.93466 53.35748 0.44852 -0.69889 0.55712 e
336.11955 29.03813 -0.42717 0.80585 -0.41005 e
338.54388 61.46906 0.92519 -0.36628 0.09931 e
339.55946 74.76111 0.26988 0.08928 -0.95875 e
339.73139 81.35810 -0.50354 -0.59256 -0.62874 e
340.21305 68.79189 -0.96860 -0.11885 -0.21836 e
340.30323 53.73114 -0.85658 0.51522 0.02870 e
340.43211 59.04743 0.75727 0.39226 -0.52218 e
341.46257 57.85024 -0.99030 0.12264 -0.06529 e
341.78784 47.37525 -0.48350 -0.45692 -0.74663 e
342.84036 57.75302 -0.57305 -0.73258 -0.36734 e
343.55130 66.98447 -0.85949 0.44220 -0.25638 e
344.14078 29.56415 0.90502 0.18892 -0.38112 e
344.31437 67.24006 -0.97643 0.20905 -0.05360 e
344.89311 34.54444 0.62012 0.59065 0.51632 e
345.36135 75.99001 -0.61866 0.77367 -0.13673 e
345.69703 78.68204 -0.64555 -0.76361 -0.01239 e
346.60609 67.59295 -0.03415 -0.01770 -0.99926 e
347.38085 23.26114 0.86884 0.25344 -0.42531 e
347.64448 52.70015 0.04588 -0.56479 0.82396 e
347.66088 21.85148 0.41204 -0.91043 0.03654 e
347.85575 67.60155 -0.63054 -0.57728 -0.51881 e
348.00191 60.94525 0.70410 0.50572 -0.49848 e
348.19702 67.72987 -0.30259 0.95035 0.07264 e
348.63087 52.28062 -0.53845 -0.84163 -0.04155 e
348.66520 68.44669 -0.36709 0.92418 0.10555 e
348.72664 83.03601 -0.45574 -0.88870 -0.05016 e
348.88053 40.36147 -0.90944 -0.41187 -0.05734 e
349.03596 48.63542 -0.40986 0.70423 -0.57972 e
350.24895 75.39628 -0.04072 -0.86004 -0.50860 e
350.28536 77.28077 0.55086 0.17493 -0.81606 e
351.05963 39.48835 -0.10039 0.69858 0.70846 e
352.91462 47.93506 -0.16191 0.57234 -0.80387 e
354.34232 23.18944 0.01393 -0.97055 -0.24050 e
354.89395 56.25169 -0.51730 0.73799 -0.43334 e
355.68150 32.13635 -0.53494 -0.77306 0.34089 e
355.86385 65.33057 0.06048 0.73347 -0.67702 e
357.52751 39.64525 0.17956 -0.63869 -0.74822 e
358.61522 25.32417 0.36911 -0.51152 -0.77596 e
359.61308 53.03456 -0.57656 0.46501 -0.67182 e
359.93218 62.50807 -0.93794 -0.28344 -0.19980 e
360.88439 41.65886 -0.45091 0.84936 -0.27435 e
361.23601 77.20787 0.94870 -0.30836 0.06988 e
361.50620 75.31953 0.19521 -0.44987 -0.87150 e
362.58032 63.79678 -0.36643 0.82954 -0.42142 e
365.06861 43.83681 0.81380 -0.11359 -0.56993 e
365.52510 56.52064 0.06744 0.19015 -0.97944 e
365.53477 71.09533 -0.39790 0.35497 -0.84598 e
366.77992 19.00283 0.72024 -0.58458 0.37353 e
367.14167 38.41497 -0.66743 0.41173 -0.62050 e
367.17574 60.56060 0.43757 -0.87550 -0.20503 e
370.01319 66.33850 0.64350 0.31476 -0.69774 e
371.20197 24.46546 -0.36018 0.64094 0.67784 e
371.21718 43.78719 0.93114 -0.17786 -0.31833 e
373.32292 32.66035 -0.76606 -0.61641 0.18217 e
374.77011 60.88112 0.78543 0.61365 -0.08086 e
375.18217 39.16476 0.14670 -0.78980 -0.59557 e
376.79800 54.66022 0.96810 0.24867 0.03068 e
378.96943 32.19263 0.04476 -0.15881 -0.98629 e
380.72414 59.41628 0.49850 -0.79695 -0.34111 e
382.79428 64.47870 -0.86011 -0.13815 -0.49105 e
383.85159 58.89973 0.62039 -0.64942 -0.43974 e
386.84692 22.81102 0.98686 0.13242 0.09256 e
387.19564 32.79907 -0.66686 0.10178 -0.73820 e
387.74507 36.13381 -0.12249 0.98088 -0.15124 e
388.57629 82.26727 -0.58285 0.32952 -0.74277 e
391.04820 62.83255 0.10096 0.54030 -0.83539 e
391.64582 38.95688 0.79016 -0.02983 0.61217 e
391.97231 36.89593 0.96287 0.12370 -0.23996 e
392.50960 14.17099 -0.80507 0.51260 0.29852 e
392.64981 79.59476 0.81546 -0.03104 0.57798 e
392.92128 60.67252 0.51492 0.43010 -0.74154 e
395.41591 75.76808 -0.51497 -0.67874 -0.52356 e
397.15763 29.70430 -0.30925 0.92047 -0.23894 e
401.92175 27.04688 0.91109 0.30303 0.27946 e
402.61024 25.70563 -0.79533 0.33485 -0.50530 e
402.65068 18.15291 -0.04873 -0.99875 -0.01092 e
403.30852 21.02162 -0.08663 -0.91948 -0.38347 e
409.76314 79.38704 0.53480 0.51798 -0.66760 e
416.65772 39.81783 0.97642 0.21586 -0.00357 e
425.51304 64.01087 -0.58775 -0.80268 -0.10127 e
426.76854 16.22561 -0.98634 -0.00975 -0.16441 e
432.40293 77.34151 -0.99879 0.04914 -0.00173 e
441.59497 48.75004 0.82778 -0.33639 -0.44903 e
451.67944 12.10660 0.87749 -0.28507 -0.38566 e
480.68581 27.53010 0.06499 -0.99224 -0.10603 e
481.37918 35.01830 -0.82619 0.55969 0.06443 e
494.51603 24.39767 0.51247 -0.16566 -0.84257 e
504.35103 24.65483 -0.81901 0.57201 0.04492 e
567.03470 23.67558 -0.08179 -0.84955 -0.52113 e
574.07317 12.06695 -0.11597 0.74124 0.66114 e
580.34772 8.25387 0.47680 -0.74762 -0.46231 e
592.67792 9.78483 -0.37484 -0.23266 0.89742 e
598.61454 25.91506 0.43227 -0.55656 0.70950 e
620.85459 44.70227 0.13549 0.94617 -0.29395 e
695.08089 27.51715 -0.54606 -0.55447 -0.62799 e
714.91971 30.61875 -0.80391 0.57422 0.15490 e
746.70476 25.16150 0.99189 0.12465 0.02498 e
760.44839 26.28547 -0.07806 -0.68650 -0.72293 e
763.38740 23.28544 -0.27894 -0.66315 0.69457 e
800.33663 26.92945 0.48453 0.52356 -0.70080 e
829.45365 32.11110 0.39506 0.74565 0.53659 e
832.86270 37.05291 -0.89288 0.44658 -0.05769 e
845.75078 49.53270 -0.83255 -0.39466 -0.38871 e
854.02322 43.13240 -0.30887 0.44919 -0.83835 e
867.43207 42.74664 -0.18909 0.23298 -0.95392 e
887.75062 12.01445 -0.10796 0.28572 -0.95221 e
891.03173 19.20533 0.51045 -0.84353 -0.16703 e
910.35740 54.05978 0.28820 0.87060 -0.39874 e
926.33031 42.72040 -0.50296 -0.79260 -0.34470 e
934.40212 30.15190 -0.00548 0.89680 0.44239 e
958.75845 19.35020 0.49561 0.54103 0.67946 e
1180.69002 19.39490 0.28733 0.83886 -0.46233 e
1281.84247 23.08404 0.96995 -0.08938 -0.22628 e
1481.78329 31.96240 0.35200 -0.75392 0.55470 e
1559.96349 31.48702 0.83067 -0.40669 -0.38025 e
1660.36007 6.87096 0.08544 0.01552 0.99622 e
1685.86657 28.60633 -0.95552 0.23475 0.17853 e
1740.65196 33.19524 -0.92935 -0.17340 -0.32595 e
1868.82639 26.96077 -0.19609 0.65509 0.72966 e
2419.72713 33.49674 -0.68485 -0.23077 -0.69118 e
2517.93117 29.53246 -0.44762 -0.82581 0.34303 e
2852.04671 16.22302 -0.70804 -0.37295 -0.59966 e
3046.17062 36.78663 0.17582 0.86306 0.47352 e
3653.02039 9.38784 0.64029 -0.18182 -0.74630 e
3906.13243 25.84582 0.47323 -0.15585 -0.86704 e
4297.31398 29.35533 -0.37007 -0.52995 0.76302 e
4503.65183 27.09154 -0.46557 -0.34136 0.81653 e
4579.74661 29.00270 -0.10069 -0.34862 -0.93184 e
4878.39660 73.26602 0.70568 0.02773 -0.70799 e
4914.48687 33.89295 -0.79246 0.14809 -0.59167 e
5277.05515 32.31876 0.64978 -0.73511 -0.19338 e
6101.03523 52.16821 -0.32368 0.29572 -0.89877 e
6922.75771 11.90213 0.79882 -0.43147 0.41920 e
7113.17817 21.69765 -0.03965 0.81656 0.57589 e
7223.13972 19.15067 -0.06389 -0.65622 -0.75186 e
8858.73789 19.83387 -0.60553 -0.23039 -0.76175 e
9439.91868 28.73993 -0.98392 -0.17036 0.05365 e
9745.54599 25.10570 -0.56454 0.75973 0.32266 e
10931.98342 20.61069 0.37240 -0.19004 0.90841 e
15122.90911 36.14799 0.08441 -0.11480 -0.98980 e
15614.81707 21.51250 -0.13994 0.08406 -0.98659 e
