19.22654 75.23209 -0.00228 -0.54861 -0.83607 eb
19.87742 84.00518 -0.89232 0.43026 -0.13655 eb
20.01620 26.05387 0.10659 -0.59928 -0.79341 eb
23.19778 57.92417 0.66630 -0.71594 -0.20851 eb
24.53760 40.72341 0.77838 -0.59981 -0.18535 eb
25.68850 25.14788 0.85360 0.12515 -0.50568 eb
27.14381 13.91706 0.36537 -0.89835 0.24388 eb
27.22434 57.18385 0.61734 0.27480 -0.73714 eb
27.37426 79.54828 -0.76735 0.60494 -0.21266 eb
27.62804 46.76443 -0.90384 -0.42787 0.00301 eb
29.47042 46.90177 -0.85616 -0.27320 0.43859 eb
29.81218 74.86762 0.37244 0.71064 -0.59690 eb
30.23977 53.28650 0.21460 -0.87032 0.44327 eb
32.22357 69.40978 0.01137 -0.63528 -0.77220 eb
32.73862 71.31478 -0.13120 0.35919 -0.92400 eb
33.48462 51.85535 -0.99562 -0.09083 -0.02230 eb
34.23849 45.16199 -0.77742 -0.61700 -0.12214 eb
34.73593 86.86862 0.81026 -0.36419 -0.45917 eb
35.03197 74.90751 0.67085 -0.47834 0.56670 eb
35.96297 75.11486 -0.96236 0.13013 -0.23858 eb
36.79418 63.12982 0.36717 0.17396 -0.91374 eb
37.65573 39.86714 -0.44485 -0.45765 -0.76985 eb
38.57067 66.40941 -0.19404 0.07938 -0.97778 eb
39.63936 76.82299 -0.17717 0.82344 -0.53904 eb
39.91511 83.21123 -0.15780 -0.64943 -0.74387 eb
40.43639 76.85498 0.71139 0.39431 -0.58176 eb
40.78186 79.66074 0.53782 0.81966 -0.19725 eb
41.27755 60.69721 0.60724 -0.54114 -0.58174 eb
41.34445 51.65136 -0.75569 0.24551 -0.60718 eb
41.67673 41.80369 0.00503 -0.84143 -0.54034 eb
42.92310 85.78060 -0.18502 -0.20079 -0.96200 eb
42.98138 53.92243 -0.02339 0.20254 -0.97900 eb
43.07142 67.36130 0.47176 -0.41969 0.77543 eb
43.10729 72.74924 -0.02316 0.95402 0.29885 eb
44.23719 30.38366 -0.12880 0.93137 0.34054 eb
44.27202 48.41555 -0.70464 0.70200 0.10335 eb
45.38691 18.77717 -0.58692 -0.48886 -0.64540 eb
46.16655 62.40744 -0.52330 0.83156 0.18619 eb
46.79908 16.77203 0.54609 0.43849 0.71380 eb
47.23606 50.41494 -0.16123 -0.18542 -0.96934 eb
48.06030 49.71460 0.61050 0.04426 0.79078 eb
49.42732 38.94178 0.50140 0.23327 -0.83318 eb
52.85478 69.80332 0.16184 0.77234 -0.61425 eb
54.91154 78.75889 0.02868 0.63304 0.77359 eb
55.22263 19.61688 0.41102 -0.89898 -0.15131 eb
55.35271 25.59857 0.18922 0.18507 -0.96434 eb
56.95797 52.96497 0.72028 -0.04150 -0.69244 eb
57.31721 30.60652 0.48533 -0.80295 -0.34602 eb
57.84788 66.15769 -0.32264 -0.64531 -0.69244 eb
58.08362 37.76050 -0.14183 -0.44225 0.88560 eb
59.48095 19.09737 0.00693 0.73212 -0.68114 eb
59.69539 71.37338 0.57356 -0.28054 -0.76963 eb
59.81914 70.20223 -0.22045 -0.40569 -0.88703 eb
62.53531 24.90516 -0.03472 -0.88813 0.45828 eb
63.00200 46.71915 0.64803 -0.75117 -0.12570 eb
63.35801 53.58748 0.47942 -0.68271 -0.55143 eb
64.53771 39.02334 -0.26434 -0.75837 -0.59582 eb
64.68759 42.90113 0.77937 -0.62656 0.00031 eb
65.24669 28.60003 0.48437 0.60906 0.62803 eb
65.39532 84.27346 -0.83584 0.47092 -0.28215 eb
65.47478 52.02258 -0.87484 0.41615 -0.24794 eb
66.19542 52.95119 -0.28026 -0.66424 0.69299 eb
67.35125 63.27289 0.00696 -0.55692 -0.83054 eb
67.60320 30.42847 -0.88399 0.10164 -0.45632 eb
67.92948 71.17573 0.05533 -0.69401 -0.71783 eb
68.25632 85.14818 0.61641 -0.71344 0.33323 eb
69.32848 68.12450 0.82824 0.12038 0.54730 eb
69.47089 17.00605 -0.96748 0.12221 -0.22145 eb
69.51468 87.12089 -0.16865 0.74903 -0.64071 eb
69.58558 69.44265 0.45741 -0.74383 -0.48732 eb
70.94458 57.75593 -0.65528 0.26493 -0.70741 eb
71.79819 16.96011 0.44784 -0.88181 -0.14784 eb
71.92104 16.56155 0.21154 0.10677 -0.97152 eb
72.65367 79.96492 -0.91718 -0.21183 0.33751 eb
74.88951 63.71496 -0.03009 0.33918 -0.94024 eb
75.09167 43.03352 -0.28142 -0.36956 -0.88557 eb
75.46627 53.24924 -0.36273 -0.90642 0.21643 eb
75.47239 14.66901 0.70352 0.13218 0.69828 eb
75.51279 77.73533 0.15523 -0.76578 0.62409 eb
76.47347 40.29000 0.74059 -0.66770 -0.07551 eb
76.64076 40.13993 -0.72407 0.67628 -0.13552 eb
77.10513 56.24502 0.57920 0.38877 -0.71651 eb
77.43191 42.44026 -0.08560 0.33162 -0.93952 eb
77.44500 61.31322 0.61652 0.02261 -0.78702 eb
77.45624 83.00797 0.04885 0.96848 0.24425 eb
78.50850 68.53119 -0.16393 -0.59052 -0.79020 eb
78.93006 29.16734 0.15935 0.14634 -0.97632 eb
79.19587 34.68851 0.62378 -0.42250 -0.65757 eb
79.71540 63.13871 -0.20841 0.17344 -0.96254 eb
79.86990 34.10534 -0.38694 -0.68556 -0.61667 eb
79.88364 31.43346 0.24796 -0.40020 -0.88224 eb
80.81323 21.86781 -0.41675 -0.79307 0.44426 eb
82.47799 34.77246 -0.98907 -0.02058 0.14598 eb
83.22130 23.14277 -0.98024 -0.08949 -0.17642 eb
83.87286 44.14109 -0.35552 -0.49260 -0.79432 eb
83.93423 78.04247 -0.74449 -0.38290 -0.54692 eb
85.82159 37.12426 -0.35233 -0.65239 -0.67100 eb
86.08447 67.22764 -0.03413 0.95301 0.30102 eb
88.66014 17.93474 0.33628 0.93230 -0.13315 eb
89.04524 61.66421 0.64867 0.75291 -0.11116 eb
90.72811 33.89818 0.30772 0.85915 0.40887 eb
90.89304 77.38257 -0.83797 -0.52551 -0.14712 eb
91.07085 36.74257 0.77293 0.63130 -0.06353 eb
91.36321 24.14571 0.36965 0.52522 0.76649 eb
92.67212 30.69413 -0.80224 -0.56928 0.17979 eb
93.95871 85.84165 0.87820 -0.10359 -0.46693 eb
95.59136 52.06239 0.61607 0.46443 -0.63620 eb
95.60321 35.78031 -0.76922 -0.62763 0.11992 eb
96.48036 68.47143 0.89117 -0.11410 -0.43909 eb
97.89335 63.36018 -0.91599 -0.00196 0.40120 eb
99.13776 27.09715 -0.47654 0.41487 -0.77510 eb
99.61437 33.26890 0.07831 -0.11980 -0.98970 eb
99.74243 26.81873 0.29539 0.91864 -0.26237 eb
102.61614 27.71130 -0.97580 0.21742 0.02351 eb
103.08449 84.55866 0.98278 -0.03081 0.18217 eb
104.25987 33.99761 0.61482 -0.78281 0.09595 eb
104.27116 25.73393 0.97472 -0.21642 0.05554 eb
104.69965 26.62865 -0.12684 0.53556 -0.83492 eb
104.87072 50.48989 0.71402 0.18890 -0.67416 eb
105.11968 31.40094 0.86478 -0.21644 -0.45312 eb
105.72795 35.98729 0.93520 -0.28449 0.21087 eb
107.22192 35.51458 0.60146 -0.20299 -0.77268 eb
107.27870 46.12889 -0.43694 0.46752 -0.76845 eb
107.35713 68.09250 0.18198 -0.59979 0.77919 eb
107.55700 38.75680 0.95253 -0.26562 0.14876 eb
107.60081 23.46565 0.35854 0.74827 -0.55816 eb
109.30194 33.35648 0.60813 0.76821 -0.20008 eb
111.14409 57.92699 0.57086 -0.55060 -0.60906 eb
111.38731 17.08793 0.03733 0.96034 0.27632 eb
111.67138 23.94888 0.52844 0.67168 -0.51922 eb
111.81662 38.81979 -0.04953 -0.73474 -0.67654 eb
112.56343 28.13575 0.68570 0.06269 -0.72518 eb
112.60016 58.87270 -0.29612 -0.94933 -0.10533 eb
113.52181 39.03929 -0.00479 0.88282 0.46969 eb
113.71500 37.69401 0.89099 -0.03469 -0.45269 eb
113.96685 44.93660 -0.55711 -0.14350 -0.81794 eb
114.09910 30.82029 0.27843 -0.95944 -0.04422 eb
114.98746 28.04631 0.62653 -0.77820 0.04327 eb
115.47136 18.33081 0.70905 -0.25433 -0.65770 eb
116.01376 51.18437 0.23549 -0.74390 -0.62543 eb
116.38443 21.97819 -0.03913 -0.16998 0.98467 eb
116.89790 62.27267 0.59857 0.80095 -0.01429 eb
117.48807 43.37626 -0.38789 0.70138 -0.59800 eb
118.65555 51.80501 -0.45345 0.15028 -0.87852 eb
118.77134 23.82860 0.00337 -0.82895 -0.55932 eb
119.08374 23.33474 -0.66414 -0.36348 -0.65330 eb
119.92315 18.17082 -0.29953 -0.21519 0.92950 eb
120.63637 38.46850 -0.68394 0.33800 -0.64652 eb
121.89983 25.21400 0.69571 -0.16455 -0.69922 eb
125.08668 65.15981 0.31727 0.31320 -0.89512 eb
125.36941 27.46378 0.12888 0.20824 0.96955 eb
125.46979 19.21851 -0.76010 0.11109 0.64024 eb
125.49761 36.86260 -0.12888 0.12343 -0.98395 eb
125.81142 85.40003 -0.83901 -0.29151 -0.45944 eb
125.84160 35.75196 0.25455 0.04451 0.96603 eb
125.93107 13.68157 0.19467 -0.94561 -0.26061 eb
126.06523 32.93034 -0.94014 -0.17569 -0.29202 eb
126.10245 58.55171 0.53978 -0.72982 -0.41953 eb
126.31278 34.31235 0.28548 -0.29429 -0.91208 eb
126.58219 83.33925 0.63064 0.01281 -0.77597 eb
127.59386 87.12736 -0.31165 0.85615 -0.41216 eb
128.01460 28.91473 -0.21197 -0.12161 -0.96968 eb
128.72586 37.39468 -0.95152 0.04058 -0.30491 eb
130.00695 46.30411 0.36842 0.00100 -0.92966 eb
131.67353 11.19825 0.73650 0.63983 -0.21950 eb
133.03553 54.52218 0.71690 0.29201 -0.63308 eb
134.08457 53.20367 -0.85094 -0.52518 -0.00926 eb
134.30914 46.90187 0.30560 -0.23881 -0.92173 eb
136.15042 60.96191 -0.11946 0.97457 0.18959 eb
136.22940 57.58945 0.95616 0.13770 -0.25845 eb
136.32924 45.90173 -0.37122 0.50663 -0.77816 eb
137.63842 29.67947 -0.81256 0.44966 0.37088 eb
139.04943 48.56388 -0.78445 0.17505 -0.59497 eb
139.53694 54.91970 -0.47545 -0.64239 0.60107 eb
139.78369 15.53475 0.21744 -0.40604 -0.88761 eb
140.02066 49.27050 0.82578 0.40623 0.39124 eb
141.05577 28.47076 0.07872 -0.93769 -0.33844 eb
142.01226 29.13193 -0.59111 0.70660 -0.38899 eb
142.03257 15.20100 -0.25817 0.41006 -0.87476 eb
142.37667 34.59907 0.31370 0.08942 -0.94530 eb
143.72598 30.87771 0.28508 0.94847 0.13835 eb
144.27422 27.13070 -0.92061 0.34954 0.17405 eb
144.28520 74.43681 -0.14999 -0.76646 -0.62453 eb
144.74501 41.89936 -0.15453 0.39399 -0.90603 eb
145.93405 42.99801 0.05470 0.60897 -0.79130 eb
146.91261 35.60109 -0.06090 -0.38109 -0.92253 eb
149.02504 11.03449 0.65845 -0.69577 0.28696 eb
149.85362 59.90080 -0.57517 0.73489 -0.35932 eb
150.30149 35.72926 0.57557 0.75480 -0.31463 eb
150.33457 16.88949 -0.47936 -0.72409 -0.49589 eb
150.60739 58.73202 -0.72904 0.20446 -0.65322 eb
150.78594 30.87320 0.24090 0.47988 -0.84361 eb
150.82017 75.92752 0.25892 -0.69638 -0.66934 eb
150.84957 39.22103 -0.17499 -0.13322 0.97551 eb
152.60447 37.38362 0.65322 -0.75580 -0.04552 eb
153.47514 25.51317 -0.69282 -0.06935 -0.71776 eb
153.58024 80.31907 0.83396 0.49839 -0.23689 eb
154.82895 53.26589 0.88743 -0.45777 -0.05387 eb
155.84270 79.69299 0.71300 0.30548 -0.63113 eb
156.59014 72.43627 0.14777 -0.98506 0.08845 eb
157.33970 19.85008 -0.28209 0.66721 -0.68939 eb
157.48906 57.11441 0.36132 0.58168 -0.72876 eb
158.80954 28.06520 0.67862 0.07437 -0.73071 eb
159.16832 26.47716 -0.01250 -0.99692 -0.07744 eb
160.12828 27.29941 0.62205 -0.65715 -0.42569 eb
160.64042 40.04283 0.54584 -0.25010 -0.79969 eb
161.36873 49.47213 -0.29486 -0.25829 -0.91997 eb
161.62383 87.17396 0.72940 0.39783 -0.55652 eb
162.45182 40.89016 0.82330 0.02545 -0.56703 eb
164.21219 8.20695 0.25324 0.02515 -0.96708 eb
164.46636 17.10539 0.96489 -0.16659 -0.20309 eb
164.98852 24.30223 -0.67391 0.66843 -0.31472 eb
166.03905 66.23508 0.98339 0.01285 -0.18102 eb
166.93613 30.18960 -0.56862 0.23176 0.78928 eb
167.62728 48.64133 -0.11989 0.11338 -0.98629 eb
168.35438 29.38005 -0.83173 0.50090 -0.23944 eb
168.69436 17.76542 -0.01231 0.95397 0.29966 eb
168.70917 21.29802 0.87817 -0.07385 0.47261 eb
169.79023 18.30550 -0.68888 -0.17936 0.70233 eb
170.03573 15.71191 -0.49064 0.67328 -0.55314 eb
170.48058 67.05596 0.92488 -0.35965 0.12350 eb
170.59783 21.57491 -0.36483 0.92974 -0.04986 eb
172.05059 61.07002 -0.03102 0.43928 -0.89782 eb
172.91345 33.53880 -0.61814 -0.50631 -0.60129 eb
173.06250 29.21039 -0.12316 0.59085 0.79733 eb
173.14865 70.05839 0.16807 -0.98543 -0.02607 eb
173.82858 15.97018 0.29063 -0.94947 -0.11850 eb
175.17252 38.19548 0.45840 0.70466 0.54159 eb
175.23385 23.32681 -0.98539 -0.15269 0.07549 eb
176.13735 56.26431 0.60770 0.26136 -0.74993 eb
176.37571 33.56864 0.66561 -0.43194 -0.60860 eb
176.95687 73.48366 0.12406 -0.30754 -0.94341 eb
177.12363 66.90844 0.35702 0.48103 -0.80072 eb
177.39097 40.49712 0.82278 -0.34090 0.45477 eb
177.97808 32.91549 -0.58167 -0.59487 -0.55479 eb
178.57553 60.67024 0.08534 0.35022 -0.93277 eb
178.97028 10.80813 0.92205 -0.38698 0.00775 eb
179.34289 41.02684 -0.12683 -0.02603 0.99158 eb
179.47725 43.69626 -0.86470 0.45068 0.22176 eb
179.50279 36.87518 0.32986 -0.80045 -0.50047 eb
180.37393 25.18036 -0.19478 0.79575 0.57345 eb
180.84082 19.97089 -0.13902 -0.98517 0.10052 eb
181.00990 29.52297 0.60146 -0.76489 -0.23062 eb
181.11230 22.13068 0.10066 0.98709 -0.12455 eb
181.34783 28.30477 0.78733 0.59603 0.15767 eb
181.42202 23.84665 0.68033 -0.73041 0.06043 eb
181.71244 37.79898 -0.30472 0.55037 -0.77733 eb
181.91253 39.52906 -0.34912 0.58532 -0.73178 eb
182.29214 46.07630 -0.02561 0.09856 0.99480 eb
182.64471 33.64449 0.22361 0.63151 0.74242 eb
182.75470 40.14000 -0.82331 0.48773 -0.29030 eb
183.26192 26.25206 0.45314 0.11444 0.88406 eb
183.31516 31.89472 0.09224 0.49531 -0.86381 eb
183.61500 22.06910 -0.19012 0.10084 -0.97657 eb
183.73586 20.36062 0.47329 -0.64131 -0.60391 eb
183.88763 72.39405 0.25667 0.89260 -0.37065 eb
184.38221 23.47553 0.50728 0.63769 -0.57966 eb
185.07932 81.87563 0.47214 0.85746 -0.20457 eb
187.68312 44.33074 -0.94605 0.29827 0.12657 eb
188.71872 34.68662 0.38481 0.63549 -0.66938 eb
189.32551 38.41795 0.11113 -0.49498 -0.86177 eb
189.51812 36.94352 -0.73218 0.01759 -0.68088 eb
189.73135 52.19774 0.78935 -0.55979 -0.25210 eb
189.89564 60.66106 0.73582 0.16870 -0.65582 eb
190.15719 14.97004 -0.24765 0.48742 0.83732 eb
190.38221 75.20900 0.39531 -0.90691 -0.14579 eb
191.94960 16.46164 -0.88502 0.22703 0.40645 eb
193.57172 16.26845 -0.64625 0.72113 -0.24966 eb
194.25361 23.96889 -0.58560 0.19669 0.78637 eb
194.41085 17.51977 -0.06161 -0.36644 -0.92840 eb
194.66232 35.86051 0.72706 0.59318 0.34571 eb
194.77171 18.12952 -0.04496 0.75919 0.64931 eb
194.98960 39.23170 -0.18155 0.82935 0.52841 eb
195.49766 67.68726 0.97217 -0.07301 -0.22260 eb
196.61572 57.64634 0.68687 -0.28864 -0.66700 eb
196.72594 50.52709 -0.44508 -0.19361 -0.87431 eb
198.38480 21.96033 -0.33668 -0.32136 -0.88509 eb
198.90118 48.36723 -0.28609 -0.91560 -0.28254 eb
201.84363 45.17412 0.73086 -0.68114 0.04339 eb
202.48649 35.96324 -0.38709 0.52194 0.76010 eb
202.72189 39.31777 0.26507 -0.91655 -0.29945 eb
202.76073 49.20152 0.91181 -0.09828 0.39868 eb
204.27370 32.89589 -0.94207 -0.33001 -0.06005 eb
204.60301 18.45314 0.86780 -0.46586 -0.17289 eb
204.66357 23.67973 0.48049 0.08451 -0.87292 eb
204.88641 45.85598 0.00472 0.94092 -0.33860 eb
205.40573 24.32709 0.10629 0.76268 -0.63798 eb
205.44731 83.80062 -0.41712 0.06133 -0.90678 eb
205.78827 37.17627 0.77290 0.59967 0.20741 eb
206.30489 35.74882 0.71262 -0.61082 -0.34506 eb
206.96740 30.78724 -0.42237 -0.49818 -0.75724 eb
207.03102 54.12598 -0.95666 -0.25729 0.13644 eb
209.02655 18.96212 -0.98074 0.12172 0.15274 eb
209.88303 84.90660 -0.67968 -0.43492 -0.59066 eb
210.12042 14.69771 -0.57914 0.07522 -0.81175 eb
210.17117 72.17401 0.68105 -0.69886 0.21854 eb
211.75993 23.83538 0.62188 0.64418 -0.44531 eb
213.24133 24.44261 0.32277 0.81787 -0.47634 eb
213.91527 19.12171 0.74116 0.65849 0.13061 eb
214.49436 48.08371 -0.59224 -0.33551 -0.73258 eb
214.86776 28.08422 0.45861 -0.83272 0.31025 eb
215.66016 8.88571 0.72740 -0.41012 0.55018 eb
216.41489 29.87650 0.43081 0.64279 -0.63342 eb
216.98601 34.64163 -0.66292 0.18200 -0.72623 eb
217.55284 42.32460 0.21549 -0.61628 -0.75747 eb
217.68056 26.52539 0.09492 0.80320 -0.58809 eb
217.81993 33.48745 -0.86842 0.21630 -0.44617 eb
217.99616 26.36613 0.83489 -0.45945 0.30310 eb
218.31905 23.33425 -0.65559 0.72399 -0.21456 eb
218.89452 79.61649 -0.63268 -0.56446 -0.53018 eb
219.16265 29.09164 0.83378 -0.47916 0.27426 eb
219.68553 19.61113 0.82754 0.39023 0.40361 eb
219.83344 78.91851 0.31930 -0.52764 -0.78718 eb
219.93477 50.57665 -0.88872 -0.24811 -0.38551 eb
220.24147 63.20765 0.68276 0.08340 0.72587 eb
220.71667 39.75207 0.05981 0.76133 0.64560 eb
220.86608 52.71958 -0.45649 -0.88620 0.07922 eb
222.01806 19.25280 0.70691 0.46701 0.53120 eb
222.14282 38.85398 -0.27353 -0.40298 -0.87338 eb
222.19754 33.69893 0.28920 0.02191 -0.95702 eb
222.68347 53.85419 -0.11054 -0.81578 -0.56769 eb
222.83246 33.22187 0.68926 0.65502 -0.30962 eb
222.84502 21.62745 0.24701 -0.94471 0.21566 eb
223.03781 27.51981 0.12288 -0.89600 -0.42670 eb
223.92124 48.89801 -0.21513 0.97477 0.05944 eb
224.56018 18.29170 -0.23661 0.71883 0.65368 eb
225.25272 35.57363 -0.41811 0.81669 0.39775 eb
226.06761 52.43216 0.38785 0.92050 0.04749 eb
227.18097 35.15800 -0.98440 0.15173 -0.08905 eb
227.57189 15.10845 0.25460 0.09376 -0.96249 eb
228.94918 29.96667 0.99342 -0.02895 -0.11081 eb
230.90369 48.71771 -0.90633 -0.09506 0.41173 eb
230.92056 76.17229 -0.65923 0.74519 0.10058 eb
232.01986 40.66278 -0.16172 -0.09718 0.98204 eb
232.16459 32.33958 -0.68105 -0.12667 -0.72120 eb
233.01964 59.41166 -0.98486 -0.06330 -0.16140 eb
234.39247 61.04101 0.14174 -0.10403 -0.98442 eb
234.88975 27.42008 -0.24001 0.73774 -0.63098 eb
235.52096 44.32491 0.01906 -0.85754 -0.51406 eb
235.53249 70.34823 -0.45746 0.76381 -0.45533 eb
236.18955 34.95711 -0.50170 0.73257 -0.46004 eb
239.39169 15.84148 -0.68658 -0.66773 -0.28764 eb
239.65567 22.48935 -0.68341 -0.71551 -0.14487 eb
241.20011 29.93590 -0.05174 0.00230 0.99866 eb
241.24451 74.56687 -0.17441 0.53927 -0.82387 eb
241.31056 20.28257 -0.47766 -0.80960 -0.34116 eb
241.40080 27.27739 -0.11592 0.96115 0.25052 eb
241.70965 57.98724 -0.27834 0.10676 -0.95453 eb
242.21570 87.00701 0.06624 0.74971 -0.65845 eb
242.26802 21.34768 0.42708 0.70547 0.56560 eb
242.35486 55.72538 0.78510 -0.13576 -0.60431 eb
244.19755 41.98058 -0.45798 0.38623 -0.80067 eb
244.65419 9.48449 -0.39114 0.15315 -0.90750 eb
245.10311 39.80963 -0.11772 0.23986 -0.96364 eb
250.09964 22.30219 -0.13962 0.29482 -0.94530 eb
250.34368 32.79692 0.63633 0.52977 0.56074 eb
251.73882 18.36031 -0.03240 0.51701 -0.85536 eb
252.88754 68.74510 -0.67852 -0.09148 -0.72886 eb
252.94304 40.07467 0.59767 -0.79721 -0.08507 eb
253.06946 37.76904 -0.15646 -0.75176 0.64060 eb
253.73155 43.33515 0.02806 0.98742 -0.15564 eb
254.07259 53.85876 0.67618 0.47705 0.56143 eb
254.39106 35.70584 -0.42890 -0.42946 -0.79474 eb
256.57290 83.62473 0.51746 -0.57649 -0.63237 eb
256.99484 35.88133 0.77742 0.62848 -0.02522 eb
257.02250 78.08235 -0.53023 -0.31630 -0.78664 eb
258.22180 86.10449 0.10094 0.88828 -0.44807 eb
258.95171 58.62560 0.08740 -0.46029 -0.88346 eb
259.59311 30.09352 0.79553 0.21565 0.56624 eb
259.62333 48.64262 -0.29635 0.94104 -0.16318 eb
260.18200 53.57416 0.25581 -0.96605 -0.03609 eb
260.24076 24.79551 0.07689 0.33332 -0.93967 eb
260.30715 75.98775 -0.70821 -0.61620 0.34458 eb
260.32774 35.50220 -0.72850 -0.59050 0.34727 eb
260.63011 31.53965 -0.94680 -0.05658 -0.31682 eb
260.67808 44.88386 0.85217 -0.28596 -0.43821 eb
261.03374 46.46431 -0.51546 -0.36423 -0.77565 eb
262.50012 29.10852 -0.52731 0.61896 -0.58209 eb
262.55707 35.30585 0.87029 -0.28735 -0.40004 eb
262.96692 30.79770 0.53903 0.14776 -0.82923 eb
263.47775 64.82299 -0.45336 0.55726 -0.69565 eb
264.52403 45.69579 -0.97106 0.00882 -0.23869 eb
264.68234 47.07536 -0.63665 -0.57176 -0.51747 eb
265.30491 30.37335 0.56113 -0.75316 -0.34333 eb
265.71411 57.89182 0.39485 0.56840 0.72182 eb
266.26071 17.47318 0.05053 -0.52214 -0.85136 eb
266.77697 45.57437 0.82808 0.12295 -0.54696 eb
269.82627 56.66792 -0.64438 0.32393 -0.69271 eb
269.90273 46.27400 0.55096 0.72914 -0.40596 eb
269.94284 66.32628 -0.71471 0.21759 0.66472 eb
270.37538 51.49178 -0.75187 -0.09949 0.65176 eb
270.84339 30.79385 -0.27027 -0.47788 -0.83581 eb
270.87883 30.43723 0.58437 0.14440 -0.79854 eb
271.37658 54.76139 -0.17573 0.46266 -0.86894 eb
271.62709 82.43475 -0.09935 0.84184 -0.53051 eb
271.85508 38.95023 0.46878 0.43978 -0.76605 eb
271.99792 60.64689 0.00367 0.91134 -0.41164 eb
272.01326 39.33233 0.36099 0.26053 -0.89544 eb
272.31126 29.02508 0.03927 0.93397 0.35519 eb
272.71344 74.00516 0.05452 0.99763 0.04191 eb
273.08548 27.10588 0.11772 0.83597 0.53600 eb
274.11423 54.50865 0.67113 -0.17207 -0.72110 eb
274.37201 85.85146 -0.51289 0.62347 0.59011 eb
274.92368 38.61095 0.87493 0.00549 -0.48422 eb
275.03738 30.64534 -0.75280 0.65795 -0.01974 eb
275.11756 30.24376 0.32095 -0.63586 -0.70191 eb
276.36064 28.78230 0.75872 -0.24889 -0.60200 eb
276.56367 41.65356 0.55834 0.61376 -0.55817 eb
276.60798 12.69386 0.87767 0.15587 -0.45320 eb
276.90767 53.07132 0.02910 0.52552 0.85028 eb
277.13449 63.37350 -0.00562 0.04098 -0.99914 eb
278.45896 73.53781 0.00066 -0.42192 -0.90663 eb
278.49429 29.57656 -0.12435 0.54394 -0.82986 eb
278.90592 68.15746 -0.33398 -0.04747 -0.94139 eb
279.14514 46.63902 0.92764 0.12938 -0.35034 eb
280.79403 37.45158 0.92976 0.17647 -0.32312 eb
281.22314 30.62827 -0.76677 0.62959 0.12522 eb
282.63006 17.76379 -0.52856 0.56328 0.63509 eb
283.44948 32.34747 -0.49661 -0.86151 -0.10574 eb
283.77822 82.43903 -0.13921 -0.51674 -0.84475 eb
285.79813 35.68890 -0.01724 -0.99495 -0.09884 eb
286.85139 51.84104 0.24220 0.58082 -0.77717 eb
287.05965 26.94955 0.72229 -0.38955 -0.57145 eb
287.23351 36.63760 -0.77128 -0.55964 0.30318 eb
287.42617 29.88754 0.88500 -0.11454 -0.45128 eb
287.62424 21.99252 -0.92872 -0.30926 -0.20456 eb
287.63828 30.11926 -0.58544 -0.47534 -0.65675 eb
288.84514 16.94246 -0.18562 -0.78880 -0.58595 eb
289.05146 51.36043 0.27657 -0.10193 -0.95557 eb
289.07611 35.52534 -0.54232 0.82083 0.17925 eb
289.96832 46.79084 0.48517 -0.83578 -0.25706 eb
290.01193 18.33724 0.70290 -0.46734 -0.53622 eb
290.76198 26.11479 -0.58932 -0.62897 0.50704 eb
291.02698 79.10646 0.46075 0.45990 -0.75908 eb
291.09848 54.69907 0.72806 -0.25810 -0.63507 eb
291.72142 32.64620 -0.92648 0.32977 0.18133 eb
292.93605 32.52883 -0.49255 0.81429 -0.30712 eb
293.03891 69.09968 -0.78980 0.19424 -0.58179 eb
293.17567 88.16659 -0.53964 0.78509 0.30402 eb
293.51119 29.41413 0.61768 0.68107 -0.39322 eb
293.60490 31.76613 -0.75827 0.57253 -0.31181 eb
293.89882 13.35895 -0.36441 0.84389 0.39376 eb
294.68756 44.84702 0.46344 0.65949 -0.59186 eb
295.95893 35.15491 -0.82158 0.54622 0.16326 eb
295.99660 26.48448 0.15320 -0.27862 -0.94810 eb
296.20769 39.85890 0.39148 -0.31758 0.86365 eb
296.34093 35.72096 -0.70260 -0.08520 0.70647 eb
297.21065 82.91492 0.49701 0.26198 -0.82726 eb
297.74352 35.01584 0.87171 0.18576 0.45345 eb
298.72650 33.00087 0.56842 0.71240 -0.41157 eb
298.86060 9.36161 -0.56087 0.07824 0.82420 eb
298.87645 72.08834 0.78139 -0.44217 -0.44036 eb
299.05439 40.37255 -0.03992 0.31523 -0.94818 eb
299.30914 50.80730 0.11382 0.50300 -0.85676 eb
301.03344 40.47142 0.02800 -0.70216 -0.71147 eb
301.57796 75.47589 -0.18702 -0.40348 -0.89567 eb
301.62830 31.58775 0.13055 0.94675 -0.29432 eb
301.89849 19.78973 0.59796 0.71317 0.36584 eb
302.46613 46.97532 -0.31030 0.69188 -0.65193 eb
302.48036 78.81321 -0.11623 0.96675 0.22778 eb
303.19673 49.79687 -0.97177 -0.05421 -0.22960 eb
304.43087 37.19738 -0.07732 -0.75714 -0.64866 eb
304.51552 38.17827 -0.51502 0.70026 -0.49435 eb
304.63958 25.51386 -0.45071 0.57924 -0.67922 eb
305.18058 83.66060 0.95759 0.23631 -0.16488 eb
306.05916 43.14220 -0.75221 -0.58837 -0.29663 eb
306.54855 16.29420 0.66059 -0.55363 0.50706 eb
306.79840 75.64386 -0.74095 -0.09956 -0.66414 eb
307.41102 51.84234 -0.44894 0.46236 -0.76464 eb
307.63273 39.76016 0.68009 0.69716 -0.22680 eb
307.64005 83.18877 -0.40440 0.60288 -0.68775 eb
307.75628 59.95572 -0.12792 0.88836 -0.44097 eb
307.82422 52.26658 0.36260 0.93176 0.01875 eb
308.89605 36.54026 0.62310 -0.64386 0.44406 eb
309.52964 45.51367 0.34370 -0.20071 -0.91738 eb
310.20838 37.75643 0.55978 0.24928 0.79026 eb
310.28764 35.82616 -0.06505 -0.74460 -0.66433 eb
310.29743 12.60529 -0.11735 -0.96047 0.25243 eb
310.56653 20.40002 0.07520 0.15246 -0.98544 eb
310.83194 63.19024 -0.74584 0.14064 -0.65110 eb
310.83389 55.76810 -0.54162 0.01849 -0.84042 eb
312.62309 68.68333 0.54976 -0.27985 -0.78705 eb
314.01187 28.30338 0.12080 0.38851 -0.91349 eb
314.92926 32.56857 0.37269 -0.72739 -0.57620 eb
316.25729 22.69195 -0.28752 -0.71128 -0.64141 eb
316.31285 37.39751 0.03889 -0.78557 0.61755 eb
316.82097 28.72544 0.10635 -0.96992 -0.21896 eb
316.84583 34.72140 -0.21242 0.14162 -0.96686 eb
317.71407 83.71212 -0.43549 0.00660 -0.90017 eb
317.89050 69.44017 -0.50112 -0.40793 -0.76320 eb
318.18477 28.97327 -0.10857 0.82174 0.55943 eb
318.29020 43.31322 0.87247 0.48614 0.04963 eb
318.33856 52.73243 0.13753 -0.28204 -0.94949 eb
319.74404 74.11513 -0.77968 0.28683 -0.55662 eb
320.20987 70.48597 -0.29376 0.23802 -0.92577 eb
320.93336 36.96955 0.08386 0.73067 0.67756 eb
321.89002 33.15291 0.71381 -0.53769 -0.44874 eb
322.22699 70.37198 0.49566 0.27805 -0.82281 eb
324.23782 43.14053 -0.90655 -0.38869 -0.16456 eb
324.34366 41.49533 -0.61345 -0.76334 -0.20244 eb
324.47733 63.92283 -0.04468 -0.54641 0.83633 eb
324.78822 30.26043 0.78954 0.10055 -0.60541 eb
324.96270 47.96978 -0.98307 0.16588 0.07788 eb
325.16982 28.96334 0.14976 -0.32378 -0.93421 eb
326.68699 76.78071 -0.92014 -0.20912 -0.33109 eb
326.71369 47.35476 -0.71411 0.14323 -0.68522 eb
326.99035 25.55222 -0.44097 -0.86956 0.22229 eb
327.63231 43.63953 0.48937 -0.18364 0.85252 eb
327.85580 68.22742 0.06478 -0.69895 -0.71223 eb
327.87439 25.99127 0.55381 -0.58769 -0.58985 eb
327.91790 48.45261 0.26348 -0.73514 -0.62462 eb
328.02583 60.96953 0.50109 0.15473 -0.85145 eb
328.65730 59.84742 -0.98825 0.01907 -0.15162 eb
330.00847 43.98158 -0.32943 -0.68711 -0.64758 eb
330.77153 81.45004 0.91180 0.04634 -0.40801 eb
331.17756 50.09324 0.58540 0.62408 0.51752 eb
331.55164 45.68040 0.62445 0.67230 0.39759 eb
331.70659 48.64252 -0.74583 -0.65713 -0.10920 eb
331.93845 14.67497 -0.39797 -0.86442 -0.30725 eb
332.71195 36.67077 0.37983 0.35756 -0.85316 eb
333.21798 31.74968 -0.77775 -0.31148 0.54598 eb
333.36248 48.56614 -0.64076 -0.23825 0.72984 eb
333.75851 37.16822 -0.23859 -0.96927 -0.05988 eb
336.27036 64.92567 -0.09312 0.90179 -0.42203 eb
336.73725 34.99938 0.84077 0.25865 -0.47561 eb
337.52065 51.13025 0.08164 -0.47804 -0.87454 eb
338.45034 47.12672 -0.38288 -0.90070 0.20527 eb
338.51809 46.63320 0.98040 -0.15170 0.12571 eb
339.15305 32.55305 0.54954 0.71830 0.42667 eb
339.95241 36.66900 -0.82207 -0.55917 -0.10740 eb
340.49998 66.41584 -0.41042 -0.13507 -0.90184 eb
341.10648 24.24056 0.71789 -0.47341 0.51041 eb
341.88168 7.87823 -0.52963 -0.12199 0.83941 eb
342.32645 16.01327 0.87021 -0.25964 0.41872 eb
342.55935 26.88873 -0.29660 0.62660 0.72069 eb
342.75581 59.24522 0.51330 -0.02476 -0.85785 eb
343.24668 21.70198 -0.51538 0.66211 0.54405 eb
344.23188 35.84914 -0.24124 0.91668 0.31859 eb
344.48423 24.01785 0.75754 -0.49584 0.42459 eb
344.50370 37.04179 -0.74675 0.52570 -0.40743 eb
345.08396 23.73565 0.34747 -0.74434 -0.57029 eb
345.20640 26.35165 -0.36341 0.15316 -0.91895 eb
345.91534 14.70384 -0.64764 0.69913 0.30295 eb
346.54248 87.17235 0.20873 0.92635 0.31355 eb
347.11896 30.35785 -0.26603 0.74209 0.61525 eb
347.34971 54.68275 -0.35151 -0.22620 -0.90845 eb
348.67562 53.72336 0.17701 -0.11276 -0.97773 eb
349.20336 53.76804 0.93066 -0.27289 0.24373 eb
351.17998 34.07442 -0.27622 -0.61992 0.73444 eb
351.52116 62.84795 0.73607 0.58564 -0.33945 eb
351.69919 76.58998 -0.18571 0.12139 -0.97508 eb
351.79146 28.42766 0.61439 0.78891 -0.01223 eb
352.37405 26.42378 -0.17884 0.98276 0.04682 eb
352.58542 52.32870 -0.65324 0.02542 -0.75672 eb
352.64660 29.06979 -0.38668 -0.91245 -0.13386 eb
353.23691 52.16001 -0.55415 0.49286 -0.67082 eb
353.31971 66.08274 -0.92680 -0.32012 -0.19639 eb
353.48086 65.59425 0.15585 -0.98516 0.07194 eb
353.51648 34.60443 -0.06564 0.80715 -0.58669 eb
355.22796 86.42267 -0.79026 0.43681 -0.42975 eb
355.72977 72.03085 0.09088 -0.98728 -0.13048 eb
355.73980 61.10063 -0.99153 0.10693 0.07370 eb
356.50184 47.26793 -0.56872 -0.43415 -0.69862 eb
356.80983 44.77105 -0.93897 0.31011 0.14891 eb
358.04038 34.16419 0.24871 0.19294 -0.94917 eb
358.30938 41.21122 -0.87066 0.40967 -0.27225 eb
358.82930 32.65220 -0.36746 0.80784 -0.46083 eb
359.52010 33.74481 -0.79607 -0.41472 -0.44078 eb
359.68104 53.17680 0.88523 -0.40646 -0.22618 eb
360.88491 25.18925 0.89364 -0.39873 -0.20596 eb
361.61006 37.30301 -0.92502 0.37983 0.00863 eb
362.95297 33.15016 0.95945 -0.27924 -0.03854 eb
363.01270 14.97640 0.76178 0.15849 0.62815 eb
363.24018 81.88198 -0.36298 0.56038 -0.74446 eb
363.73794 53.58615 -0.16862 -0.98568 -0.00265 eb
363.95270 36.78612 -0.74362 -0.54924 0.38127 eb
365.21022 32.16537 0.83940 -0.43725 0.32282 eb
365.85875 12.82931 -0.92087 0.19609 0.33697 eb
366.35565 25.03288 0.39340 0.85572 -0.33612 eb
366.42987 77.52828 -0.90209 -0.41227 -0.12753 eb
366.61272 81.42987 0.16874 -0.88663 0.43059 eb
366.87750 35.35390 -0.31813 -0.60204 -0.73235 eb
367.07951 68.83302 0.07321 0.27739 -0.95796 eb
368.47125 52.67759 0.51654 0.55828 -0.64924 eb
370.07823 42.50602 0.72179 0.08607 0.68674 eb
370.32596 33.74075 0.13024 0.06185 -0.98955 eb
371.73770 73.34042 0.92949 -0.07766 -0.36058 eb
371.98927 36.58249 -0.82977 -0.53402 -0.16217 eb
372.73133 32.65585 0.23024 -0.95279 0.19794 eb
373.96639 41.82334 -0.54345 -0.36132 -0.75770 eb
374.21899 36.09500 -0.57926 0.62625 0.52179 eb
374.51624 44.20234 0.13233 -0.81258 -0.56762 eb
375.28029 49.26207 -0.90519 -0.41628 -0.08570 eb
376.62753 59.53197 0.57921 -0.80917 0.09875 eb
377.16885 25.16591 -0.96789 0.07662 -0.23940 eb
377.50378 73.73796 -0.01671 -0.81565 -0.57830 eb
378.51715 45.14688 0.90223 -0.28923 -0.31989 eb
379.23239 32.79214 -0.64608 -0.54015 -0.53927 eb
383.57031 20.89168 -0.64672 0.62331 -0.43958 eb
383.65623 17.85305 0.74024 0.25524 0.62202 eb
383.84573 40.41429 0.43957 -0.72128 -0.53529 eb
388.08930 65.86786 0.82190 0.46360 -0.33099 eb
389.91988 10.35006 0.16868 0.98457 0.04665 eb
390.73447 19.86674 -0.83137 0.49514 -0.25229 eb
391.11694 42.56023 0.41673 0.74564 0.51996 eb
392.30216 45.06094 0.66196 0.68404 -0.30642 eb
398.35090 34.20769 0.77842 -0.24180 -0.57931 eb
398.74117 49.70715 -0.95001 0.28337 0.13109 eb
400.07719 71.79124 -0.88043 -0.44287 -0.16944 eb
400.65970 45.45886 0.10320 -0.84503 -0.52466 eb
404.04754 28.68246 -0.03108 0.26066 -0.96493 eb
407.94914 44.55966 0.03513 0.93624 0.34961 eb
410.20658 24.18954 -0.38412 0.35825 -0.85095 eb
419.71660 54.49316 0.57855 -0.70395 0.41199 eb
424.40226 55.73340 -0.03065 -0.90543 -0.42339 eb
431.81847 25.33278 0.86071 -0.49570 0.11604 eb
433.84815 23.32064 -0.25381 0.58530 -0.77007 eb
455.88565 25.62524 0.37529 0.88174 0.28582 eb
457.83321 37.22115 -0.55136 -0.31210 -0.77369 eb
465.98433 52.70462 -0.93483 0.22433 -0.27528 eb
472.39565 44.34581 0.32295 0.94417 0.06520 eb
477.18123 55.72723 0.79578 0.10464 -0.59648 eb
531.83018 22.95430 0.81611 0.34609 0.46280 eb
564.62509 29.28671 0.78316 0.39328 -0.48166 eb
595.26691 19.11351 -0.36969 -0.47305 -0.79972 eb
603.98089 28.13407 -0.49803 -0.22921 0.83632 eb
604.11765 24.97513 -0.48810 0.85835 0.15810 eb
618.48088 36.84173 0.75939 -0.03396 0.64975 eb
705.78781 35.05469 0.64873 0.48235 0.58863 eb
732.77885 16.14484 -0.33793 0.44805 0.82768 eb
735.21418 40.72050 -0.82340 0.40027 -0.40224 eb
753.34682 7.18186 0.65643 -0.51650 0.54984 eb
800.71789 7.46588 -0.55247 -0.77321 -0.31134 eb
835.77535 20.71489 -0.86032 0.07929 -0.50354 eb
860.51775 27.10891 -0.22121 0.84472 0.48736 eb
866.51402 33.04122 0.09995 0.94660 -0.30654 eb
879.10572 14.34499 0.93874 0.34060 -0.05250 eb
912.80464 13.01680 -0.52874 -0.84612 -0.06717 eb
978.33240 12.65440 -0.65245 0.51628 -0.55477 eb
1007.10198 21.19949 0.17766 -0.71431 -0.67690 eb
1016.30675 16.26637 -0.40325 0.91491 0.01812 eb
1258.00915 24.31048 0.42364 0.66248 0.61778 eb
1397.13393 20.81822 -0.56137 0.43142 -0.70622 eb
1490.89121 13.36077 -0.40577 -0.56268 -0.72023 eb
1737.79500 20.01261 0.59214 -0.44243 0.67352 eb
1885.00986 25.48009 0.23942 -0.40041 0.88451 eb
1893.91471 10.90656 0.79001 -0.16541 0.59035 eb
2027.48470 13.44962 -0.77363 0.51939 -0.36295 eb
2061.90672 21.63156 -0.06192 -0.92636 0.37151 eb
2104.10143 29.05672 -0.06807 -0.99493 0.07405 eb
2122.66247 29.20143 -0.98889 -0.14162 -0.04516 eb
2142.02393 30.32854 0.47639 0.77709 -0.41132 eb
2260.94999 6.58828 0.88458 0.03248 0.46525 eb
2268.06349 37.75055 0.29784 0.58395 -0.75518 eb
2299.14289 15.22256 0.52597 0.79578 -0.30015 eb
2362.49033 32.24881 -0.64777 -0.03515 -0.76102 eb
2618.18129 7.66918 0.84958 0.38258 0.36310 eb
2629.61549 33.69118 -0.55215 -0.82504 -0.12016 eb
2692.06247 34.66468 0.11539 0.86068 0.49590 eb
2711.26178 13.06516 0.44085 -0.80913 -0.38853 eb
2775.26757 33.50271 0.21902 -0.96207 -0.16266 eb
2791.48257 23.15272 0.85785 0.11421 -0.50105 eb
2852.86396 13.79081 -0.23729 -0.65253 0.71966 eb
2865.96798 7.90570 0.51408 -0.60254 0.61047 eb
2936.94719 27.32246 -0.24425 0.37081 0.89602 eb
3536.31433 26.94295 -0.65385 -0.56236 0.50620 eb
4540.89971 16.84385 0.87475 -0.00187 -0.48458 eb
5368.62490 33.26273 -0.38413 0.58752 0.71223 eb
5418.48139 29.41562 0.81880 0.11184 0.56308 eb
5864.57091 25.48745 -0.35468 -0.23750 0.90432 eb
5929.53114 12.34570 0.44482 0.20578 -0.87166 eb
6552.13940 42.57583 0.68204 0.59788 -0.42114 eb
6736.90016 16.97542 -0.25091 -0.18028 -0.95108 eb
7658.36987 32.33451 0.15676 -0.50062 0.85135 eb
8304.69073 26.29778 -0.83537 0.29458 0.46409 eb
8347.04919 34.73298 0.63346 -0.76214 -0.13368 eb
8484.93912 10.23004 -0.91607 0.38233 -0.12102 eb
8565.32786 26.64775 -0.99082 0.03201 0.13135 eb
8798.66295 9.19209 0.90924 -0.24228 -0.33851 eb
10140.14689 28.33033 -0.98160 -0.04887 0.18457 eb
10553.42974 21.72716 -0.15808 0.83567 0.52599 eb
11394.73318 24.39133 -0.95587 0.28335 0.07762 eb
11718.85210 21.29707 0.08215 -0.90319 0.42130 eb
12365.32957 24.22398 0.76493 0.57395 0.29232 eb
