16.33857 60.64111 -0.35881 -0.26491 -0.89503 eb
16.74795 54.43498 -0.17312 -0.64267 -0.74633 eb
18.98707 87.61494 0.03446 0.76258 -0.64597 eb
21.23620 41.27434 -0.41119 0.71932 -0.55992 eb
21.31044 73.85600 0.28756 -0.12823 -0.94914 eb
21.45925 58.55077 0.82959 -0.42531 0.36180 eb
24.24675 53.44044 0.64128 0.44987 -0.62160 eb
25.46846 63.07032 0.68261 -0.35122 -0.64085 eb
26.31199 69.39739 0.19343 -0.54287 -0.81724 eb
27.16919 96.52325 -0.10497 0.61020 -0.78527 eb
28.94970 56.25845 -0.52325 0.71746 -0.45984 eb
29.23311 50.59400 0.48611 0.07339 0.87081 eb
29.78054 87.11801 0.03472 -0.71292 -0.70038 eb
30.29957 33.83983 -0.92399 -0.31768 0.21288 eb
30.54513 74.14542 -0.91373 0.32356 -0.24578 eb
32.40571 38.29600 -0.40884 -0.34990 0.84287 eb
32.64045 93.74614 -0.38839 0.76515 -0.51351 eb
34.14980 63.07828 -0.08186 0.31277 -0.94629 eb
34.63685 80.76297 0.39357 0.70546 -0.58943 eb
34.80731 75.48563 0.08307 -0.71994 -0.68905 eb
34.91400 37.95470 -0.92425 0.17484 -0.33940 eb
35.06795 37.68093 0.55055 -0.34041 0.76224 eb
35.09740 80.78883 0.39008 -0.58181 -0.71368 eb
35.36799 91.26675 -0.52072 -0.85334 0.02559 eb
37.27464 78.12255 -0.14133 0.06956 -0.98752 eb
38.17658 30.25438 0.50098 0.07345 0.86233 eb
38.83867 41.49191 -0.39692 -0.78601 -0.47397 eb
39.09214 45.25582 0.49355 -0.02576 -0.86934 eb
39.67276 28.13899 0.57304 0.55368 -0.60420 eb
40.28264 43.13384 -0.03265 -0.87009 0.49181 eb
40.55613 57.91074 -0.44371 0.35284 -0.82379 eb
40.70268 85.21694 0.13665 -0.79535 -0.59054 eb
40.83206 51.96768 -0.51001 -0.39344 0.76491 eb
41.29557 88.75052 -0.71817 -0.63718 0.27971 eb
41.36570 45.10109 -0.73899 0.23623 -0.63094 eb
41.92695 77.88092 0.35254 -0.76799 -0.53471 eb
43.64799 79.19432 -0.98895 0.13466 -0.06207 eb
45.60857 77.67234 0.32853 0.81233 0.48187 eb
45.90023 25.43762 0.93174 -0.27933 0.23202 eb
46.30108 74.39193 0.43855 0.74011 -0.50981 eb
46.62823 81.21876 -0.38829 0.57326 -0.72152 eb
46.82671 87.26474 0.21741 -0.97593 -0.01699 eb
46.86765 73.50454 -0.33582 0.69555 -0.63516 eb
47.05038 49.87886 -0.62893 -0.66803 -0.39772 eb
47.56286 79.02387 -0.56810 0.64000 0.51736 eb
47.66201 23.66248 0.61879 -0.73044 -0.28908 eb
47.86259 60.68837 -0.57045 0.79207 0.21729 eb
48.54979 40.44435 0.98105 0.19293 -0.01780 eb
48.98575 43.16264 0.93404 -0.22433 0.27793 eb
49.21190 59.05494 0.37877 0.82480 -0.41981 eb
49.57271 54.27446 0.78282 0.01299 0.62211 eb
50.87504 65.02780 -0.24929 0.38119 0.89025 eb
51.18667 53.30799 -0.15356 -0.16641 -0.97403 eb
51.23069 31.46466 0.74068 -0.23006 -0.63125 eb
51.74991 48.59794 0.77534 -0.59474 0.21242 eb
52.02150 50.25937 -0.14040 0.82877 0.54169 eb
52.49637 87.47813 -0.46119 0.55051 0.69587 eb
52.96273 91.25032 -0.06041 -0.62034 0.78200 eb
53.20476 57.65417 0.40958 -0.48458 -0.77293 eb
53.35098 58.94994 -0.38940 -0.87546 -0.28624 eb
53.84384 36.78333 -0.33511 0.72946 0.59631 eb
53.97243 83.46539 -0.94259 0.32068 -0.09325 eb
54.18263 78.68685 0.47902 -0.68775 -0.54547 eb
54.28505 44.49192 -0.10247 -0.94885 -0.29863 eb
54.44901 54.98102 -0.64511 -0.72749 0.23363 eb
55.40066 60.34468 0.27069 -0.92681 0.26030 eb
55.61241 41.26969 -0.62610 -0.76196 0.16556 eb
55.67352 59.90744 0.34413 0.73135 -0.58881 eb
55.73689 65.36413 -0.15276 -0.21702 -0.96414 eb
55.74137 93.02439 0.59506 0.25780 -0.76121 eb
55.94087 60.35739 0.66010 0.71093 0.24260 eb
57.00522 78.27064 0.42042 0.90036 -0.11230 eb
57.15044 64.53169 0.00679 0.55642 -0.83087 eb
58.25522 40.12936 -0.17985 -0.71589 -0.67466 eb
58.47750 33.89081 0.27803 0.67563 -0.68280 eb
58.62024 85.76324 -0.23072 -0.27900 -0.93216 eb
59.16573 79.86130 -0.92968 0.21797 -0.29694 eb
59.66453 56.63614 0.60053 -0.25800 -0.75683 eb
59.84133 70.41038 0.59127 0.07783 -0.80271 eb
60.37090 45.93653 -0.34095 0.50246 -0.79454 eb
62.14021 76.70915 -0.27075 -0.60696 -0.74719 eb
62.91511 76.01775 0.73404 -0.46086 -0.49880 eb
63.41715 84.84738 0.32483 -0.67346 -0.66403 eb
63.51676 50.94656 0.60618 0.22260 0.76354 eb
64.16824 68.64147 0.28097 -0.09726 -0.95477 eb
64.84413 46.35938 -0.35938 -0.88085 -0.30812 eb
65.04009 79.90464 0.37982 -0.67183 0.63590 eb
65.36022 99.04775 -0.38236 -0.36964 -0.84686 eb
65.64844 71.87694 0.40027 -0.58793 -0.70294 eb
65.69851 38.41983 -0.64418 0.29200 0.70694 eb
65.82783 82.16211 0.64697 -0.65781 -0.38564 eb
65.91338 49.34964 0.46302 0.04715 -0.88509 eb
66.42770 65.51868 0.37521 0.66725 -0.64343 eb
66.48236 44.91938 0.43948 -0.13669 -0.88779 eb
68.46096 94.16709 -0.13031 -0.92537 -0.35595 eb
68.58608 63.25179 -0.49872 -0.19871 -0.84368 eb
69.08542 36.04495 0.77631 0.43421 -0.45696 eb
69.50977 55.33492 -0.28114 0.00717 -0.95964 eb
70.87995 63.93119 0.59159 0.68411 0.42663 eb
70.94835 54.79923 0.85482 0.14288 -0.49886 eb
71.04516 53.72623 -0.84184 0.18123 -0.50838 eb
71.17938 61.29123 0.71733 0.47519 0.50955 eb
71.40436 51.08142 0.34627 -0.34294 -0.87321 eb
72.46521 49.80416 0.35864 -0.83241 -0.42246 eb
73.26426 25.73908 -0.93783 0.13548 0.31957 eb
73.27332 29.96264 -0.15736 0.87579 0.45632 eb
73.71501 74.99953 0.80214 -0.35719 0.47853 eb
73.87608 29.73926 -0.64928 0.70171 -0.29332 eb
74.11934 39.41848 -0.87098 0.40867 -0.27274 eb
74.90914 59.53614 0.35732 -0.93258 -0.05115 eb
75.01116 53.79394 -0.91857 0.38738 0.07850 eb
75.21510 50.28205 -0.37762 -0.62207 -0.68589 eb
76.01345 59.07299 0.92140 -0.38764 0.02756 eb
76.63476 52.91004 -0.30818 -0.51332 -0.80095 eb
76.98983 57.34192 -0.46246 -0.88031 -0.10576 eb
77.49111 66.29933 0.47687 -0.75220 -0.45474 eb
77.64138 85.66237 -0.75092 0.65956 0.03321 eb
77.75117 80.61082 0.51409 -0.77808 0.36098 eb
77.77728 64.07984 -0.92439 -0.36437 0.11289 eb
77.84756 95.31917 0.39121 0.09083 -0.91581 eb
78.01981 72.63526 0.88723 0.41350 -0.20453 eb
78.90554 57.03690 -0.72805 0.45600 0.51187 eb
79.43015 40.26026 0.95324 0.21003 0.21731 eb
79.45244 21.40507 0.08764 0.97794 0.18959 eb
80.04152 76.17963 0.18773 -0.98166 0.03322 eb
81.35597 53.12158 0.91145 0.09153 -0.40110 eb
81.67857 41.28133 -0.66182 0.37419 -0.64960 eb
83.07109 44.79794 -0.04813 0.58992 0.80603 eb
85.87621 57.08036 -0.86275 -0.48157 -0.15412 eb
85.95776 96.33257 0.95096 0.30458 -0.05384 eb
86.49701 47.85222 0.47032 0.44520 -0.76197 eb
89.71532 51.12339 0.68092 0.72778 0.08169 eb
89.93722 92.55002 0.58184 0.80207 0.13475 eb
89.97567 34.35723 -0.65768 -0.22994 -0.71735 eb
91.62009 93.06608 0.96475 -0.24848 -0.08673 eb
92.25218 48.07209 0.88558 0.45543 -0.09129 eb
92.56402 44.08876 0.63794 0.76464 0.09141 eb
92.68617 61.25954 0.94197 0.23374 0.24095 eb
93.03026 86.58268 -0.00028 -0.75165 -0.65956 eb
95.16291 41.12505 -0.29296 0.55469 -0.77878 eb
96.14068 26.23700 -0.07325 -0.57610 -0.81409 eb
96.49130 58.18182 -0.38247 -0.55003 -0.74242 eb
97.51020 30.29558 -0.31102 -0.05685 -0.94870 eb
98.55004 35.79931 0.38408 -0.90215 -0.19651 eb
99.40331 57.71960 -0.44802 -0.66536 -0.59714 eb
99.53118 58.53739 0.65008 0.74646 0.14212 eb
100.26063 49.58386 0.15441 -0.80123 -0.57809 eb
101.37994 47.91627 0.95227 0.30120 0.04954 eb
101.76113 40.98557 0.49266 0.71710 0.49301 eb
103.77061 63.69522 -0.86941 0.32150 -0.37518 eb
103.88240 34.64316 0.41215 -0.59256 -0.69210 eb
104.28617 45.87001 0.09231 -0.16570 -0.98185 eb
104.76430 94.76174 0.03979 0.99676 0.06994 eb
106.04158 72.92784 -0.12636 -0.77623 -0.61766 eb
106.08174 32.65772 0.62109 -0.77135 0.13880 eb
106.23876 42.35059 -0.28787 -0.85430 0.43279 eb
106.27677 70.98633 -0.16469 -0.02304 -0.98608 eb
106.32182 78.28654 0.96538 -0.23756 -0.10771 eb
106.63380 61.28576 -0.96744 -0.03798 0.25022 eb
106.67408 37.32849 -0.48231 0.66301 0.57253 eb
106.81978 94.68296 -0.60593 -0.75274 -0.25736 eb
107.17696 31.29085 0.14322 0.98884 0.04098 eb
107.18338 56.63825 -0.02124 -0.78974 0.61308 eb
107.75935 75.49090 -0.40162 -0.68216 -0.61103 eb
109.39768 31.88265 0.40920 -0.91173 0.03605 eb
109.58501 24.88125 0.02457 -0.78604 -0.61768 eb
110.83018 46.16984 0.18183 -0.48197 -0.85711 eb
110.91764 56.65788 0.09444 0.52256 -0.84736 eb
111.14938 37.94935 0.31632 -0.35618 -0.87925 eb
113.25364 30.14894 0.48101 0.68081 -0.55238 eb
114.05561 37.75264 -0.81738 0.31363 -0.48325 eb
114.75422 38.90796 -0.29275 -0.66765 -0.68450 eb
116.97509 53.01843 0.88945 0.22866 -0.39572 eb
117.42148 49.50798 0.68394 -0.38278 0.62105 eb
118.25666 40.43919 0.88379 0.36762 0.28943 eb
118.59713 70.24792 -0.46871 -0.56087 -0.68245 eb
118.60383 43.03167 -0.05595 0.70324 -0.70875 eb
118.62291 59.98478 -0.35967 0.60598 -0.70952 eb
118.93956 54.10228 0.66970 0.06094 -0.74013 eb
119.52157 70.16106 0.79462 0.14384 -0.58982 eb
119.60596 66.69641 0.87261 -0.35741 -0.33289 eb
121.18504 37.19516 0.55387 0.78246 -0.28457 eb
122.60746 43.60751 -0.28586 0.00724 -0.95824 eb
122.66777 44.31396 -0.59304 -0.04229 -0.80406 eb
122.87530 47.76367 -0.45713 0.81862 -0.34770 eb
124.62932 74.93417 -0.55717 -0.34819 -0.75387 eb
125.70561 34.05797 -0.30736 -0.28249 0.90869 eb
125.74067 83.92448 -0.69061 0.70034 0.18050 eb
126.14791 51.79829 -0.35294 0.92421 -0.14585 eb
126.14877 59.03573 -0.87462 0.04462 0.48276 eb
126.43333 59.66907 -0.44193 -0.15692 0.88322 eb
126.48817 42.30812 0.52515 0.76337 -0.37615 eb
128.38305 47.03009 0.35102 -0.49425 -0.79530 eb
128.56368 38.86359 -0.30322 -0.95230 -0.03447 eb
129.67987 45.14471 -0.71216 0.50062 0.49214 eb
130.69697 77.06407 -0.34874 -0.71436 -0.60669 eb
130.79178 37.69482 0.42474 0.30948 0.85078 eb
131.12102 28.30564 0.81751 0.16880 -0.55063 eb
131.55608 25.09659 0.57766 0.81164 0.08687 eb
131.79287 71.89309 0.37148 -0.62607 -0.68560 eb
132.69495 32.77686 0.93555 0.11702 -0.33325 eb
133.23891 26.08547 -0.91290 0.38014 -0.14868 eb
133.96294 56.10370 -0.35426 0.79393 -0.49414 eb
134.27582 62.43466 0.71219 -0.68950 -0.13186 eb
134.88251 63.89190 0.21444 -0.94148 0.26006 eb
134.90320 35.06393 0.43255 0.76102 0.48348 eb
135.12675 37.28858 -0.75488 -0.54137 -0.37024 eb
135.31636 49.82874 -0.47705 -0.87100 0.11739 eb
135.95227 30.61028 -0.36083 -0.87370 -0.32626 eb
137.95017 48.72155 0.14006 0.96523 0.22070 eb
139.24620 56.46118 0.55134 0.43873 0.70960 eb
140.03261 59.76995 0.17588 0.13142 -0.97560 eb
140.89422 25.57975 0.03927 -0.79763 0.60186 eb
141.21355 37.38702 0.95593 0.23923 -0.17020 eb
142.24796 96.45817 0.93747 -0.32799 0.11647 eb
142.75293 60.23414 -0.48593 -0.86289 -0.13891 eb
143.30864 39.58761 0.50388 0.86043 0.07597 eb
144.04322 89.63586 0.79051 -0.38946 -0.47267 eb
146.15253 46.09646 0.91035 -0.15500 0.38372 eb
148.62735 91.74551 0.53665 -0.62110 0.57118 eb
149.63761 62.09716 -0.40937 -0.87203 -0.26827 eb
150.12972 58.40055 0.53087 -0.69793 -0.48070 eb
150.29541 66.17959 -0.85840 0.08338 0.50615 eb
151.20070 37.86205 -0.86821 -0.07386 -0.49067 eb
152.00728 69.62858 0.57010 -0.80667 0.15581 eb
152.16705 45.86590 0.75268 0.63118 0.18732 eb
152.76370 37.53341 -0.35447 0.30876 -0.88262 eb
152.99431 45.61299 -0.17174 -0.34951 -0.92106 eb
153.08202 53.58043 0.57527 0.79824 -0.17855 eb
153.52994 57.03106 -0.25977 0.51798 -0.81500 eb
154.37456 49.15246 0.02592 -0.89453 0.44626 eb
154.90492 21.64379 0.98671 -0.14540 0.07255 eb
155.11223 45.26705 -0.10499 -0.97321 -0.20454 eb
156.04693 36.40558 -0.78665 -0.43371 -0.43941 eb
156.20271 44.84432 0.35153 -0.87871 -0.32295 eb
156.35337 32.94786 0.33639 -0.39782 -0.85357 eb
157.21611 41.07435 0.21633 0.14989 -0.96475 eb
157.65336 46.94239 -0.32209 0.88564 -0.33452 eb
157.89066 29.59649 0.63251 -0.05861 -0.77233 eb
158.10448 42.97854 0.14243 -0.98980 -0.00410 eb
158.75978 67.55473 -0.57146 -0.81710 0.07605 eb
159.23855 25.74599 0.93283 -0.00571 -0.36027 eb
159.73442 44.39266 0.39545 -0.89281 0.21567 eb
163.02536 83.01313 -0.25418 -0.92120 -0.29458 eb
164.20310 22.89951 -0.10262 0.78551 -0.61028 eb
164.76695 99.74039 -0.31190 0.89843 -0.30909 eb
165.11694 81.27520 -0.67160 -0.73329 -0.10604 eb
165.23070 28.39507 -0.00020 0.09089 -0.99586 eb
165.71252 32.73445 0.00650 -0.27972 -0.96006 eb
165.88082 58.05948 -0.24963 -0.77124 -0.58556 eb
165.93371 42.91432 0.97635 0.16827 0.13572 eb
166.22326 40.48861 -0.16368 0.47884 0.86251 eb
166.38051 68.78401 -0.71274 0.69329 0.10658 eb
167.17421 91.72790 -0.69525 -0.69584 0.18007 eb
167.57907 72.54731 -0.16291 -0.71051 0.68457 eb
168.15266 57.93321 -0.38727 -0.78459 -0.48418 eb
168.24208 71.04831 0.38484 -0.13279 -0.91338 eb
168.79792 40.16640 0.12578 -0.74306 -0.65730 eb
169.22868 44.79673 0.16617 0.01375 -0.98600 eb
169.45431 58.91769 -0.93901 0.21098 -0.27156 eb
169.56359 46.64780 0.02340 0.77372 -0.63310 eb
171.14680 35.46488 0.85553 0.33358 -0.39597 eb
171.90949 70.72468 -0.62139 0.44231 -0.64671 eb
172.52695 81.04301 -0.49851 -0.63265 -0.59266 eb
172.60090 52.79134 0.20976 -0.65338 0.72739 eb
173.38860 68.80079 -0.96217 -0.12779 -0.24063 eb
173.68137 46.25943 0.19561 0.12207 -0.97306 eb
174.10679 30.33258 -0.20445 -0.55155 0.80870 eb
175.80156 34.75790 -0.85735 0.50678 0.09014 eb
175.81840 45.28272 -0.76997 -0.42313 -0.47761 eb
176.62703 55.04732 0.37601 0.19267 -0.90636 eb
177.93789 34.43506 -0.19598 -0.42378 -0.88431 eb
178.32452 42.21676 -0.34170 0.25039 -0.90584 eb
178.36118 83.49530 -0.07216 0.99624 0.04795 eb
178.87122 39.66708 0.09469 0.98957 0.10855 eb
179.02332 29.66365 -0.57868 0.80491 0.13136 eb
179.93049 56.64290 -0.76012 -0.18125 0.62399 eb
180.49055 80.39367 -0.26401 0.35087 -0.89844 eb
180.63838 63.80919 -0.19326 -0.98112 0.00783 eb
181.25724 54.93790 0.44926 -0.51430 -0.73052 eb
182.95829 58.39140 -0.03675 -0.46590 -0.88407 eb
183.06727 70.17474 0.54062 0.59482 0.59491 eb
183.23783 76.53000 -0.69684 0.70046 -0.15418 eb
183.82554 33.62469 -0.48316 -0.51987 -0.70448 eb
183.93318 31.88879 0.80280 -0.58412 -0.11966 eb
184.33729 63.43511 0.99398 0.07116 0.08332 eb
185.02416 57.28007 -0.35923 -0.40335 -0.84158 eb
185.55649 33.21075 0.79404 0.31504 0.51985 eb
186.71883 70.11273 -0.23109 0.16166 -0.95941 eb
187.48443 43.53213 -0.47867 0.85768 -0.18776 eb
188.86095 42.29134 -0.32466 0.21033 0.92215 eb
191.28282 34.83579 -0.98073 0.07022 -0.18231 eb
194.69842 26.14778 -0.19607 -0.88177 0.42900 eb
195.36322 24.92817 -0.79050 0.27414 0.54769 eb
197.07045 77.71960 -0.51382 0.69983 -0.49621 eb
198.14038 50.77654 0.89303 -0.43803 0.10311 eb
198.64764 40.77595 0.59373 0.71161 0.37561 eb
199.26580 45.14582 0.68974 0.65565 0.30722 eb
199.37723 28.30082 -0.93096 -0.29336 0.21739 eb
199.40937 80.07849 -0.62526 0.03983 -0.77940 eb
199.92924 26.07609 0.50209 -0.86479 0.00721 eb
200.50470 27.23626 0.80809 0.53625 -0.24379 eb
200.56046 80.45447 -0.35072 -0.83369 -0.42656 eb
200.67010 74.02934 0.83095 -0.13632 0.53939 eb
200.86148 83.84023 0.49347 -0.41574 -0.76397 eb
200.86680 70.22180 -0.25318 0.35639 -0.89938 eb
201.59116 31.26352 -0.08887 -0.20080 -0.97559 eb
201.91376 42.32272 0.39105 0.01785 -0.92020 eb
202.38577 29.94971 -0.17890 -0.44752 0.87620 eb
202.59407 50.07235 0.46571 0.41092 0.78375 eb
202.59471 78.64973 -0.19015 -0.65750 -0.72906 eb
204.23787 71.81615 -0.84456 0.44980 -0.29051 eb
206.28521 58.70426 -0.25376 0.82958 -0.49740 eb
206.78081 69.18778 0.50569 -0.77152 -0.38605 eb
207.91935 48.11728 -0.72750 -0.68603 -0.01058 eb
209.64610 29.21655 -0.22989 0.63343 -0.73886 eb
210.62258 26.45742 -0.84645 -0.52777 -0.07052 eb
211.21855 56.50152 0.36683 -0.80423 -0.46760 eb
212.27304 58.22602 -0.40509 -0.47744 0.77971 eb
213.03365 80.73478 0.03503 -0.95098 -0.30727 eb
213.79072 45.67848 -0.92442 0.37913 -0.04126 eb
214.14835 24.88090 -0.64269 -0.69434 0.32380 eb
214.26566 28.59857 0.23854 -0.34817 -0.90657 eb
214.36830 31.40285 -0.58425 -0.54583 -0.60061 eb
214.45419 36.08154 0.93982 -0.30611 0.15175 eb
216.20027 47.77588 -0.26675 0.44851 -0.85304 eb
216.73380 24.51019 -0.46560 0.87567 0.12813 eb
218.15189 72.78024 -0.20215 -0.81576 -0.54191 eb
218.48191 29.34332 -0.16338 0.56683 -0.80747 eb
218.88890 44.49650 0.95464 0.26334 -0.13898 eb
219.75897 36.47551 -0.63002 0.76133 0.15315 eb
220.34977 47.75168 -0.07819 -0.96634 -0.24509 eb
220.83989 53.69132 0.19111 0.96766 -0.16467 eb
221.32100 55.28435 0.96313 0.24039 0.12080 eb
222.09083 21.03669 0.61520 -0.77047 0.16707 eb
223.40025 63.29167 0.67760 0.15727 -0.71842 eb
223.78440 31.44551 -0.50838 0.82166 0.25771 eb
223.78766 68.81463 0.63072 -0.75327 0.18647 eb
224.54296 42.94161 0.41733 -0.72676 -0.54559 eb
225.47610 47.83315 0.60072 -0.21289 -0.77060 eb
225.79894 32.89360 -0.17820 0.19060 -0.96536 eb
226.81689 45.99771 -0.82444 0.47373 -0.30965 eb
226.95557 34.66115 -0.08535 -0.18375 -0.97926 eb
228.28257 40.42969 0.18419 -0.96140 0.20443 eb
230.25180 27.98062 0.62985 -0.01598 0.77655 eb
231.01113 49.88571 0.85432 0.33131 -0.40046 eb
232.30437 23.96513 0.43003 0.90134 0.05153 eb
234.47741 54.38940 0.16757 0.73646 -0.65540 eb
235.07746 55.47638 -0.81337 0.53439 -0.22991 eb
235.47690 29.89418 0.92651 0.03429 -0.37470 eb
236.86906 43.96177 -0.66141 0.66942 -0.33827 eb
236.96377 32.78650 -0.51071 -0.16873 -0.84303 eb
238.74281 53.51162 -0.62429 0.40777 0.66632 eb
239.17117 69.47334 -0.32925 -0.38700 -0.86129 eb
239.17320 38.42380 0.59785 0.31006 0.73921 eb
239.56472 36.97966 -0.38945 0.26879 -0.88096 eb
240.93780 43.72986 -0.36681 -0.70026 -0.61244 eb
241.64008 52.86733 0.25536 0.42809 -0.86691 eb
241.74849 80.71245 -0.58615 -0.05306 -0.80846 eb
241.94193 52.55114 -0.58483 0.70286 0.40491 eb
242.51788 41.19652 -0.67902 -0.17551 0.71283 eb
243.67691 37.24508 -0.59484 0.39376 0.70080 eb
243.98761 40.43782 -0.08085 0.21676 -0.97287 eb
244.22002 65.91637 0.44280 -0.60344 -0.66316 eb
244.41268 66.85916 -0.96048 -0.05831 -0.27216 eb
245.29995 35.69277 0.98533 -0.13685 -0.10199 eb
247.33105 56.76616 0.73098 0.20791 -0.64995 eb
247.46405 90.66695 0.54134 0.75638 -0.36721 eb
248.23648 60.33268 -0.54078 0.63127 0.55592 eb
248.35397 59.70341 -0.11211 -0.71690 -0.68810 eb
249.25994 29.83700 0.28046 -0.18240 -0.94238 eb
250.82854 36.09324 0.08343 -0.90119 -0.42533 eb
252.10345 51.99357 -0.79111 0.24158 -0.56194 eb
252.95203 38.00480 -0.62056 0.66312 -0.41855 eb
253.85465 51.59336 -0.06949 -0.94621 -0.31600 eb
254.30240 77.89806 -0.81338 0.47122 -0.34112 eb
256.03626 28.04650 0.31415 0.32348 -0.89256 eb
256.37046 28.07316 0.70284 0.08065 -0.70676 eb
256.70001 35.59697 0.51009 -0.54102 -0.66866 eb
259.91551 55.65326 -0.62520 0.76191 -0.16916 eb
261.82270 25.69156 0.95162 -0.25668 0.16893 eb
261.83134 76.04394 0.54067 0.82698 0.15418 eb
261.88538 80.92421 -0.29632 0.52574 -0.79737 eb
262.30681 30.99062 0.68123 -0.61077 0.40359 eb
262.43194 64.41408 0.16858 -0.24092 -0.95579 eb
262.73874 30.27242 0.29777 -0.94084 0.16170 eb
263.31816 72.35547 -0.96001 -0.15106 0.23571 eb
263.49512 55.62756 -0.21626 -0.80004 -0.55962 eb
263.95595 44.23206 -0.04039 -0.65507 -0.75449 eb
264.15660 43.33511 -0.89257 -0.44087 0.09465 eb
264.25984 35.84310 -0.32929 0.83354 0.44360 eb
264.50022 31.28635 -0.03305 -0.60004 -0.79929 eb
265.10451 24.01473 -0.88407 0.43262 0.17681 eb
265.44830 53.90161 0.50706 -0.29343 -0.81042 eb
265.64009 32.84453 0.24495 -0.66265 -0.70774 eb
267.40423 41.43559 0.29647 -0.79587 -0.52792 eb
267.74478 72.49474 -0.02226 0.79082 -0.61164 eb
268.03843 84.91744 0.61119 -0.35083 -0.70949 eb
268.38616 35.33693 -0.37427 -0.69037 -0.61912 eb
268.43894 54.71451 0.63764 -0.27862 -0.71818 eb
269.60448 73.04485 -0.26142 -0.59294 -0.76163 eb
269.97527 69.22789 0.10467 -0.32038 -0.94149 eb
270.11580 39.76104 -0.30370 0.46318 -0.83261 eb
270.81450 47.20791 0.37531 -0.18342 -0.90857 eb
271.75038 95.12041 -0.57504 0.56353 -0.59310 eb
272.61995 77.15229 -0.12379 -0.99015 -0.06538 eb
273.00708 38.12297 -0.56772 0.77080 0.28905 eb
273.07591 32.67726 0.39425 -0.90918 0.13402 eb
273.41687 87.17793 0.96132 0.06529 0.26760 eb
274.22670 49.73439 -0.73269 -0.61288 -0.29588 eb
275.71374 67.48311 0.32340 -0.42402 -0.84594 eb
276.34653 36.43434 0.88725 -0.23835 -0.39494 eb
277.26509 23.42067 0.38963 -0.29705 0.87175 eb
277.57377 24.61616 0.27009 -0.91564 0.29776 eb
278.30267 77.21877 -0.88885 0.17372 0.42399 eb
278.47464 38.84031 0.43027 0.07745 0.89937 eb
279.17165 40.30393 0.01612 -0.39333 -0.91925 eb
279.94297 66.85356 -0.26137 0.91366 0.31130 eb
280.34208 38.98782 -0.63281 0.71495 -0.29733 eb
282.12274 69.70386 0.45478 0.66365 0.59393 eb
282.22037 37.15851 -0.76619 -0.60997 0.20223 eb
282.39071 50.02267 0.68350 -0.65701 0.31807 eb
282.59428 48.21991 0.54017 -0.18800 -0.82029 eb
283.04877 34.27740 0.80727 0.53004 -0.25958 eb
284.26514 47.69226 -0.29956 0.94140 -0.15500 eb
284.51284 55.78218 0.36208 -0.86602 -0.34482 eb
285.21398 55.03697 0.14701 0.77549 -0.61401 eb
285.80385 17.50428 0.12112 -0.97775 0.17129 eb
286.21312 65.40158 -0.86150 -0.46347 -0.20738 eb
286.22773 35.88237 -0.92565 0.22024 0.30768 eb
286.72782 48.49853 0.87563 -0.21326 0.43335 eb
287.21096 59.96798 0.18384 0.90270 -0.38902 eb
287.28409 65.05714 -0.41208 -0.59583 -0.68933 eb
287.53928 34.26755 0.78550 -0.55078 -0.28220 eb
287.79933 45.74598 0.04378 0.85713 -0.51324 eb
288.07824 51.39737 0.23389 0.84382 0.48298 eb
289.04433 52.52986 0.09072 0.34498 -0.93422 eb
289.54249 38.19232 0.08504 -0.63619 -0.76683 eb
289.72888 26.51891 -0.58622 0.57240 -0.57332 eb
290.22016 41.08284 0.21561 -0.60007 0.77034 eb
290.74428 60.52279 0.85473 -0.14678 -0.49789 eb
291.10312 66.65048 0.25631 0.44030 -0.86049 eb
291.36779 89.88090 -0.47656 -0.26541 -0.83812 eb
292.96934 45.88610 0.66642 0.37333 -0.64538 eb
293.55138 41.61805 -0.45423 -0.86365 -0.21858 eb
294.58708 52.25612 -0.53259 -0.48019 -0.69697 eb
294.72639 69.84712 0.60571 0.56330 -0.56197 eb
295.16966 55.92654 0.86297 0.50513 0.01118 eb
295.53745 63.68510 -0.63125 0.71064 -0.31066 eb
295.55789 54.24491 0.56773 0.61998 0.54157 eb
295.87106 34.11456 0.12186 -0.95965 0.25342 eb
296.84439 92.53401 0.39491 0.74961 -0.53117 eb
297.49177 84.97920 -0.61196 -0.03295 -0.79020 eb
297.55722 34.79169 -0.72280 0.68205 -0.11121 eb
298.66187 51.02789 -0.91073 0.34755 0.22309 eb
298.86033 46.33467 -0.94962 -0.01497 -0.31305 eb
299.29011 67.59584 0.52715 0.83430 0.16143 eb
301.01312 73.38273 -0.30686 0.05957 -0.94989 eb
301.33900 22.98532 -0.83925 0.34448 0.42070 eb
301.35884 87.63386 0.40836 0.88606 0.21943 eb
302.09702 52.19521 0.63224 0.21791 -0.74350 eb
302.44291 44.65907 -0.56794 0.68440 0.45721 eb
304.70106 81.57469 -0.36723 0.34045 -0.86558 eb
305.45348 43.32169 0.87016 -0.42379 -0.25144 eb
305.64503 53.03171 -0.49546 -0.86645 -0.06155 eb
305.96032 82.26236 -0.50734 0.10627 -0.85517 eb
306.52954 35.90007 0.59406 0.20592 -0.77762 eb
306.94059 42.48849 0.44228 -0.83399 -0.32992 eb
308.20087 31.08060 0.95135 0.16599 0.25959 eb
308.32228 35.68435 -0.85121 0.52293 -0.04445 eb
308.34197 55.34536 0.16225 0.46470 -0.87047 eb
309.58215 42.11539 0.54670 -0.79272 -0.26965 eb
310.19821 26.84181 -0.92905 -0.27542 0.24701 eb
310.92893 37.31607 0.16351 0.98445 -0.06422 eb
311.26230 33.41010 0.30807 -0.35147 -0.88406 eb
312.44891 36.92231 -0.73177 -0.33910 -0.59120 eb
312.97972 69.10635 -0.90092 -0.09287 -0.42394 eb
313.86675 50.12223 -0.39822 -0.75630 -0.51907 eb
314.14163 41.03202 0.99434 0.10399 0.02194 eb
314.16196 98.82293 -0.25251 0.90914 -0.33123 eb
314.28279 37.64229 -0.54170 -0.83806 -0.06494 eb
314.62133 61.36821 0.92121 0.27917 -0.27100 eb
316.01358 37.32004 0.51506 -0.57465 -0.63600 eb
316.63945 80.16420 0.69534 -0.26305 -0.66881 eb
316.72625 25.60358 0.27236 0.03035 -0.96172 eb
316.82034 55.74233 0.01621 0.88858 -0.45844 eb
317.51819 29.14675 0.43206 0.67906 0.59347 eb
317.71696 27.37287 -0.87076 -0.48028 -0.10544 eb
318.05122 60.65823 0.70704 0.00850 -0.70712 eb
318.62867 52.04586 -0.20380 -0.72989 0.65248 eb
318.90912 40.83103 -0.05876 0.99406 -0.09157 eb
319.13936 56.01368 0.06573 -0.99486 0.07702 eb
319.38210 39.99721 -0.18879 -0.64341 -0.74188 eb
319.49689 39.40650 0.94163 -0.32105 0.10127 eb
319.72977 40.26322 -0.13170 -0.36373 0.92215 eb
320.81314 42.07424 0.06329 0.69876 -0.71255 eb
323.05825 63.00656 -0.23883 0.92791 0.28625 eb
323.36370 60.79168 0.59625 0.50604 -0.62323 eb
323.86591 35.53931 -0.57789 0.15585 -0.80110 eb
323.99158 20.02363 -0.38090 -0.88179 0.27814 eb
324.54711 97.31279 -0.95243 0.09331 0.29011 eb
324.66029 62.48664 0.12993 -0.17629 -0.97573 eb
325.34318 42.75319 -0.49439 0.59834 -0.63053 eb
326.55833 48.62863 -0.18287 -0.87159 -0.45485 eb
327.06588 22.94266 -0.94712 -0.32084 -0.00476 eb
327.08813 50.32806 0.09687 -0.35297 0.93061 eb
327.27678 69.33273 -0.54693 0.16974 -0.81979 eb
327.30112 81.08082 0.85450 0.32376 -0.40622 eb
327.32869 70.79138 0.95906 -0.11961 0.25670 eb
327.41680 75.96606 -0.42280 -0.60973 0.67042 eb
327.42429 59.17703 -0.46273 0.25699 -0.84843 eb
327.75823 24.13792 0.42279 -0.73794 -0.52601 eb
328.12716 49.25576 -0.86035 0.30616 0.40751 eb
328.56777 29.17614 0.18108 -0.96083 -0.20980 eb
328.56864 18.84476 -0.93276 -0.26716 0.24205 eb
329.04881 67.26214 -0.84181 0.53977 0.00202 eb
329.59393 81.15045 0.14162 -0.55238 -0.82147 eb
329.94179 96.62175 0.03796 -0.69674 -0.71632 eb
331.06134 29.37576 -0.80772 0.58505 -0.07287 eb
331.65589 44.24283 -0.91520 -0.21805 -0.33891 eb
331.85535 65.43211 0.66772 -0.43640 -0.60308 eb
331.90398 60.88480 0.40816 0.00420 -0.91290 eb
331.93658 94.77429 0.12397 -0.98660 -0.10611 eb
332.01776 67.09690 0.83094 -0.06014 0.55310 eb
332.13362 52.29536 0.59556 0.62998 -0.49842 eb
332.50624 20.46712 0.44328 -0.06499 -0.89402 eb
332.82345 84.61233 -0.29688 -0.87633 0.37936 eb
332.85681 47.93269 0.14577 0.70175 -0.69735 eb
334.01690 72.47446 0.06819 0.33541 -0.93960 eb
335.23115 82.21390 0.13973 -0.24385 -0.95969 eb
335.27436 32.86752 0.48803 0.37102 -0.79004 eb
335.93317 54.35685 0.58452 0.64182 0.49639 eb
336.89086 57.43256 0.80513 0.39789 0.43984 eb
338.25297 92.54795 0.72822 -0.00318 -0.68534 eb
339.59408 37.64434 -0.99658 0.07376 -0.03717 eb
339.78688 42.85597 -0.60180 0.79239 -0.09981 eb
339.86904 44.00318 -0.99138 0.13072 0.00862 eb
340.08590 24.27339 -0.40921 0.89555 0.17475 eb
340.22548 44.89503 0.87151 -0.31399 -0.37668 eb
340.35979 69.37480 0.94904 0.24881 -0.19342 eb
340.43334 68.53772 -0.28465 0.38830 -0.87647 eb
340.75974 63.34431 -0.90331 0.01592 0.42869 eb
341.00459 35.98274 -0.16413 0.80232 0.57389 eb
341.64474 51.57803 -0.48437 0.74004 -0.46662 eb
342.21051 39.85218 -0.37708 -0.91509 -0.14288 eb
342.89668 75.99302 0.16707 0.76555 -0.62130 eb
343.13389 43.28055 -0.16983 -0.62975 -0.75801 eb
343.97563 59.03053 0.82068 0.48583 -0.30075 eb
344.04531 65.24241 -0.18599 0.74536 -0.64019 eb
344.57660 45.07844 -0.96866 0.18572 -0.16496 eb
345.15897 34.69508 -0.74183 0.50325 0.44319 eb
345.54462 45.52015 0.92321 0.03154 -0.38300 eb
346.52552 33.35692 -0.21316 -0.33614 -0.91737 eb
346.58841 95.52487 -0.30891 0.94662 -0.09210 eb
346.91557 74.34414 -0.44474 -0.88421 -0.14273 eb
347.31726 39.65804 0.49268 -0.37045 0.78742 eb
347.82198 37.01620 0.12678 0.58763 0.79914 eb
347.87201 64.60055 -0.85546 0.01559 -0.51763 eb
348.44883 63.79268 -0.09519 -0.94005 -0.32749 eb
348.71034 79.74331 -0.37829 0.74776 -0.54567 eb
349.30790 75.65298 -0.98766 0.15353 0.03107 eb
349.36551 71.96971 -0.53465 -0.83362 -0.13866 eb
349.65299 44.53491 -0.83883 0.51701 0.17049 eb
350.05859 45.44049 0.05432 0.82704 -0.55951 eb
350.26762 61.68329 -0.33533 -0.48708 -0.80642 eb
350.44362 47.51610 -0.96009 -0.20502 -0.19027 eb
350.73214 49.53580 -0.58852 -0.60065 0.54116 eb
350.75744 61.76797 0.35657 -0.93220 -0.06211 eb
351.58403 51.48196 0.09463 -0.22649 -0.96941 eb
351.90581 51.89600 0.30620 -0.77592 0.55153 eb
353.46994 63.31506 0.61662 -0.43461 -0.65642 eb
353.76779 83.12663 0.62318 -0.18908 -0.75888 eb
355.38576 57.13366 -0.52925 0.11390 -0.84079 eb
355.44736 30.97382 -0.39083 -0.59185 -0.70496 eb
355.45173 33.18057 0.35198 0.93296 -0.07549 eb
355.69090 47.50409 0.80300 0.55350 -0.22098 eb
356.47024 59.13763 -0.73486 -0.26534 -0.62415 eb
356.57039 60.48531 -0.10179 -0.81489 0.57060 eb
357.37379 30.69904 0.69726 0.58366 -0.41614 eb
357.75686 32.94656 -0.29617 -0.31919 -0.90022 eb
358.95014 75.51330 0.78472 -0.52007 -0.33727 eb
359.56298 74.80723 -0.62213 -0.49924 -0.60309 eb
360.07913 60.34406 -0.51744 -0.03311 -0.85508 eb
360.17685 50.16315 -0.62489 0.37507 -0.68472 eb
360.18946 84.81397 -0.09412 0.99470 0.04149 eb
360.62524 26.71839 -0.14591 -0.54892 0.82304 eb
361.92733 45.94608 0.67744 -0.57589 0.45764 eb
362.45637 23.26197 -0.70851 -0.12985 -0.69365 eb
362.49793 64.09408 -0.84014 -0.30521 0.44834 eb
362.98500 41.82118 -0.90305 -0.11727 -0.41322 eb
363.00759 83.34757 0.43486 0.33136 -0.83732 eb
367.10969 38.41472 0.47439 0.21513 -0.85363 eb
367.35111 62.48348 0.78939 0.50652 0.34685 eb
368.00039 68.30063 -0.51678 0.48378 0.70633 eb
369.34140 90.11826 -0.25816 -0.46813 -0.84511 eb
369.38558 86.07131 -0.84124 -0.51475 0.16534 eb
371.38295 96.69193 -0.44983 0.38858 -0.80415 eb
371.86020 75.26956 0.64784 -0.70092 -0.29836 eb
372.86488 44.38593 -0.52104 -0.63456 -0.57084 eb
375.77161 66.56571 -0.80401 0.36361 0.47049 eb
376.16488 48.14955 0.62059 0.77746 -0.10212 eb
376.88378 40.33650 -0.47265 -0.11576 -0.87361 eb
377.91491 74.59678 0.23250 -0.04467 -0.97157 eb
379.26938 76.03552 -0.30186 0.33969 -0.89078 eb
380.13289 31.14836 -0.19061 0.67450 -0.71325 eb
381.25885 35.21380 0.97857 0.20579 0.00741 eb
381.95064 37.98637 0.70417 0.55852 -0.43840 eb
382.56321 37.51398 -0.25225 -0.05566 0.96606 eb
383.99623 52.69831 0.01638 -0.66605 0.74573 eb
384.05859 40.02971 -0.63318 -0.50828 -0.58373 eb
385.27597 81.87852 0.05687 0.97535 -0.21320 eb
385.29820 56.44119 -0.59467 0.29779 -0.74678 eb
387.64259 19.87963 0.20084 -0.78581 -0.58494 eb
393.57581 31.81452 0.54275 0.60779 0.57966 eb
398.20005 97.22373 -0.96935 0.18522 -0.16140 eb
398.89017 23.27960 0.79483 -0.52680 -0.30122 eb
399.91624 43.18006 -0.86084 0.48708 0.14732 eb
400.89162 45.74999 0.49220 -0.68137 -0.54174 eb
400.91066 45.21473 -0.56904 0.79886 0.19499 eb
403.09897 55.82375 -0.24626 0.69047 0.68015 eb
407.39284 65.92997 -0.39886 -0.80552 0.43822 eb
410.03781 19.85960 0.73284 0.66978 0.11976 eb
412.74227 28.29278 0.34718 0.58328 0.73433 eb
415.98703 64.32103 0.58024 0.59531 -0.55581 eb
420.43526 53.55950 0.70611 -0.66817 0.23443 eb
465.85986 71.52113 -0.31242 -0.94988 0.01112 eb
468.56043 51.53987 -0.96080 0.04878 0.27291 eb
475.16567 64.22699 -0.96174 0.07543 0.26336 eb
477.98261 25.39466 0.36904 -0.87209 0.32135 eb
500.01634 30.16268 0.37188 0.04766 0.92706 eb
502.74041 23.16460 0.14984 0.31754 -0.93633 eb
569.21914 27.30348 0.96993 0.21513 0.11384 eb
572.74169 39.10045 -0.82330 0.18618 -0.53621 eb
581.78496 33.99455 -0.66737 0.73642 -0.11089 eb
595.89015 39.70791 -0.64048 -0.65544 0.40024 eb
645.74695 22.54578 -0.92379 0.35609 -0.14078 eb
651.65273 25.31662 -0.00463 0.71061 0.70357 eb
655.21849 31.03332 0.04269 -0.72989 -0.68223 eb
669.03317 48.00841 0.96020 0.16160 -0.22783 eb
723.71623 34.38236 0.35816 -0.00865 0.93362 eb
757.33520 26.67992 -0.79635 -0.44558 -0.40900 eb
818.27108 36.19266 0.55878 0.82577 -0.07658 eb
848.25093 48.81274 -0.88888 -0.15145 -0.43239 eb
873.12123 26.67391 -0.48592 -0.01579 -0.87386 eb
904.63043 21.99812 -0.69339 0.56001 0.45343 eb
934.75786 38.40992 0.44742 -0.17702 -0.87663 eb
954.74326 37.10171 -0.91430 0.12742 -0.38447 eb
992.63172 22.92496 0.19134 -0.11210 -0.97510 eb
998.44568 53.40299 0.51729 -0.73076 -0.44542 eb
1017.17468 22.82991 -0.56247 -0.32764 -0.75913 eb
1054.77879 30.14093 -0.78161 -0.22689 -0.58104 eb
1088.94074 37.93406 0.36709 -0.65609 -0.65938 eb
1135.81699 38.02680 0.94541 -0.30279 -0.12051 eb
1146.72901 39.83479 0.22431 -0.14961 -0.96297 eb
1157.38753 27.79113 -0.75804 -0.50411 -0.41382 eb
1182.72580 62.42138 -0.87488 0.19653 -0.44268 eb
1214.36369 38.93654 -0.09551 -0.86980 -0.48407 eb
1246.00049 21.46359 0.96578 -0.21912 0.13876 eb
1254.46829 27.50841 -0.25351 -0.20147 -0.94612 eb
1290.90721 28.11024 0.52433 -0.13578 -0.84062 eb
1361.04937 22.95467 0.92778 0.31587 -0.19863 eb
1380.18883 58.24998 0.73058 0.62769 0.26882 eb
1464.39625 21.04951 -0.44578 0.26135 -0.85614 eb
1549.10650 21.68146 -0.28783 0.94909 -0.12803 eb
1568.65797 28.55580 -0.65384 0.09916 0.75010 eb
1616.80556 31.70567 0.88722 0.27836 0.36790 eb
1664.10246 33.14623 -0.53997 0.82253 0.17856 eb
1683.26991 33.55945 0.63026 0.77639 0.00164 eb
1693.61525 41.60202 0.29363 -0.84698 -0.44317 eb
1701.17189 50.68875 -0.56356 -0.09993 -0.82001 eb
1739.31004 31.81397 -0.49500 0.48965 0.71779 eb
1753.17035 28.15570 -0.89400 0.34884 -0.28121 eb
1762.16043 31.23035 0.29467 0.57436 0.76373 eb
1800.30457 32.40048 -0.24503 -0.95133 0.18690 eb
1855.29600 39.17704 -0.73777 0.65699 0.15511 eb
1908.66769 30.37705 -0.13714 -0.25931 0.95601 eb
1918.67948 45.89205 -0.61111 0.79092 0.03152 eb
1939.50493 24.10223 0.32693 -0.94142 -0.08271 eb
2000.54321 37.77420 0.46295 -0.53362 0.70776 eb
2175.38105 33.74141 0.12184 -0.59777 -0.79235 eb
2198.63594 29.94445 0.16834 -0.81909 0.54842 eb
2376.98379 25.86560 -0.26291 0.78551 -0.56023 eb
2379.39839 33.65027 -0.43376 -0.08578 -0.89694 eb
2388.24139 46.27958 -0.93182 0.01179 -0.36274 eb
2465.45435 23.19599 0.59486 -0.07274 -0.80053 eb
2557.07235 21.54505 0.57396 0.71548 0.39832 eb
2631.52272 30.39700 0.26302 -0.77624 -0.57295 eb
2750.06782 35.80152 0.05755 -0.73273 -0.67808 eb
2938.82193 35.79503 0.30734 0.81153 -0.49695 eb
2943.00831 26.31029 -0.60922 0.42510 -0.66944 eb
2967.89955 38.44959 -0.19856 -0.79782 0.56926 eb
3012.79361 30.88256 -0.63809 -0.27350 0.71975 eb
3233.30389 37.52375 0.52114 -0.46042 -0.71863 eb
3448.20599 42.51334 0.77996 -0.01076 -0.62574 eb
4060.82448 24.98783 0.43901 0.27313 -0.85596 eb
4076.79395 30.80328 0.48366 0.40314 0.77689 eb
4743.99442 27.01742 0.31606 -0.37522 -0.87139 eb
4841.26339 20.37126 -0.46112 0.41216 -0.78581 eb
5345.06161 21.82092 0.42258 -0.68996 -0.58769 eb
5351.04460 18.69499 0.37195 0.90859 0.19005 eb
5822.65911 33.97621 -0.15766 0.34629 -0.92479 eb
6991.94966 23.97932 0.00746 0.11952 0.99280 eb
7967.74626 32.62522 -0.42569 0.68859 -0.58706 eb
8832.54862 35.37440 -0.82930 -0.55862 0.01444 eb
9054.71717 26.58899 0.61649 -0.67896 -0.39870 eb
10262.28349 28.71936 0.54680 -0.80624 0.22579 eb
10797.82447 34.57971 0.90898 0.37126 0.18953 eb
11917.37856 25.76043 -0.04850 0.95250 0.30066 eb
12086.27298 28.20732 0.03200 0.97153 -0.23474 eb
14224.94617 25.56559 0.17689 0.34181 -0.92297 eb
14595.55656 19.99707 -0.12364 -0.89866 -0.42086 eb
17503.94428 28.98751 0.03021 0.02733 -0.99917 eb
