15.88733 54.77752 -0.04781 -0.75144 -0.65806 e
17.31541 71.73263 -0.40795 0.78703 -0.46278 e
18.23361 60.11764 0.33750 0.79609 0.50233 e
18.43262 97.15172 -0.72460 -0.08271 -0.68419 e
19.34246 91.18572 0.41662 -0.36942 -0.83064 e
19.39271 95.79602 0.34451 -0.83904 0.42111 e
19.60933 93.33770 0.60257 0.78980 -0.11458 e
20.08215 66.57112 -0.95661 0.16256 0.24179 e
20.27425 94.90607 0.41061 0.30932 -0.85774 e
20.30398 74.56903 -0.78621 0.47909 -0.39032 e
20.85224 76.16380 0.92100 0.37538 0.10413 e
21.03811 84.54552 -0.98309 0.12115 -0.13729 e
21.41928 54.45594 0.30368 0.91420 -0.26835 e
21.68218 93.95502 0.27740 -0.96070 -0.00981 e
21.96866 99.29119 0.79740 -0.41110 0.44177 e
22.08265 64.45940 -0.62347 -0.13824 -0.76953 e
22.11533 92.58222 -0.83776 -0.53244 0.12110 e
22.34933 92.92311 0.51251 -0.83800 -0.18732 e
22.40134 72.25043 -0.09565 -0.10559 -0.98980 e
22.64975 44.24810 0.54105 -0.56864 -0.61960 e
22.66831 64.05353 0.28744 0.94629 -0.14802 e
22.84832 54.46534 -0.18401 -0.30933 -0.93298 e
23.15266 50.63002 -0.15704 0.86665 0.47356 e
23.56018 84.72542 -0.76057 0.27504 -0.58812 e
23.62805 89.93266 0.01401 -0.20626 -0.97840 e
23.76397 53.10706 0.94708 0.31765 0.04619 e
23.89380 89.12450 -0.06994 0.67672 -0.73291 e
23.94530 84.46399 0.96287 -0.00428 -0.26993 e
24.11056 80.73092 -0.65634 -0.62238 -0.42645 e
24.24405 66.93436 -0.09353 0.20632 -0.97400 e
24.25778 73.78117 -0.37996 -0.86535 -0.32681 e
24.56966 97.40289 -0.35622 0.86258 0.35926 e
24.61675 61.99200 -0.71626 0.24273 -0.65426 e
24.64529 72.15191 -0.24274 0.81560 -0.52523 e
24.76604 48.32266 -0.93090 0.10666 -0.34936 e
25.00539 71.57622 -0.95326 -0.02652 0.30097 e
25.73210 73.60083 -0.30056 -0.95008 0.08373 e
25.76038 94.83979 0.50593 -0.04900 -0.86118 e
25.86588 50.18871 -0.61066 -0.78680 -0.08966 e
26.06136 39.95876 0.06563 -0.08892 -0.99387 e
26.25216 97.65958 0.84178 0.52293 0.13398 e
26.52453 70.43119 0.57636 0.14955 0.80339 e
26.60751 65.07387 -0.46595 0.12252 -0.87629 e
26.64358 53.92421 0.27122 0.63516 -0.72320 e
26.68366 51.39005 0.89041 0.45039 0.06574 e
26.70260 57.52696 0.57568 -0.76896 -0.27801 e
26.73329 90.93962 -0.47691 -0.17945 -0.86044 e
26.84254 59.50865 -0.07324 0.45574 -0.88710 e
26.99508 86.83464 0.60203 -0.75628 0.25615 e
27.40178 99.15448 -0.73816 0.01502 -0.67446 e
27.42015 48.27190 0.74264 -0.32650 -0.58471 e
27.52712 74.27628 -0.28580 0.10544 -0.95247 e
27.60887 40.88355 -0.71997 0.51800 0.46187 e
27.64932 87.39075 0.01425 -0.31070 -0.95040 e
27.64973 79.00135 -0.35366 0.93208 -0.07843 e
27.74607 95.05340 0.46261 0.77961 0.42213 e
27.95373 81.14409 -0.76591 0.24641 -0.59385 e
27.99365 87.94691 0.37227 -0.31064 -0.87459 e
28.18995 98.53537 -0.04007 -0.29148 -0.95574 e
28.20731 83.63028 0.32481 0.53182 -0.78209 e
28.21548 86.10924 0.33850 -0.71838 -0.60774 e
28.46993 75.19547 -0.99878 0.04818 0.01126 e
29.07793 75.72090 -0.77389 0.30703 -0.55391 e
29.15763 77.12858 -0.95547 0.09220 0.28031 e
29.20068 81.15447 0.65895 0.40335 -0.63489 e
29.35819 80.58553 -0.88831 -0.08271 -0.45174 e
29.39117 84.26264 -0.08811 -0.80563 -0.58583 e
29.54680 80.91885 0.78630 0.31261 -0.53293 e
29.70644 72.40237 -0.47116 0.79047 0.39135 e
29.76713 64.95090 -0.03467 0.69451 -0.71865 e
29.81096 54.86081 -0.96035 -0.02400 -0.27776 e
30.05775 76.43494 -0.78244 -0.61494 -0.09821 e
30.19182 71.59339 -0.33721 -0.17910 -0.92424 e
30.36720 88.41081 0.91288 -0.16331 0.37413 e
30.49668 87.84552 -0.15072 0.89528 -0.41923 e
30.69302 60.38647 0.21087 0.29095 -0.93321 e
30.85455 73.22145 -0.58735 0.39808 -0.70467 e
30.88223 42.10832 -0.95215 -0.14177 -0.27075 e
30.88979 94.85021 -0.78526 -0.03554 0.61815 e
30.89856 73.53041 -0.82007 0.54920 -0.16086 e
31.04287 34.13800 0.97583 0.19327 0.10199 e
31.04490 46.65567 -0.18034 0.90166 -0.39305 e
31.21274 93.54024 -0.08738 -0.75965 0.64443 e
31.36311 77.77414 -0.80849 0.50597 -0.30058 e
31.39733 95.92018 -0.11352 -0.51914 0.84712 e
31.51176 87.64862 0.03741 -0.65001 -0.75901 e
31.53734 72.85684 0.48239 -0.26063 -0.83629 e
31.82568 94.09744 -0.72930 -0.46980 -0.49740 e
31.82734 78.76457 0.33401 -0.15676 -0.92944 e
31.93522 60.03759 0.09544 -0.64353 -0.75945 e
31.98923 82.46468 0.26419 -0.06748 -0.96211 e
32.48099 89.76568 0.29501 -0.93935 0.17489 e
32.61931 77.07287 0.77840 -0.25999 -0.57139 e
32.93567 89.91757 -0.34944 0.52031 -0.77921 e
32.97754 67.07873 -0.30321 0.32746 0.89489 e
33.16030 75.74279 -0.82170 -0.45760 0.33973 e
33.48559 89.86546 -0.70124 -0.31375 -0.64017 e
33.49202 68.51531 0.68267 -0.61380 -0.39649 e
33.58810 85.71134 -0.20640 0.83961 0.50244 e
33.75115 90.35690 0.28855 -0.87139 -0.39677 e
33.79788 88.21450 0.71009 -0.68002 -0.18262 e
33.91778 76.49436 0.36504 0.92042 -0.13987 e
33.96996 87.53719 -0.74694 -0.07590 -0.66055 e
33.98240 77.62377 0.41763 0.66801 -0.61592 e
34.04087 64.15066 0.28632 0.89285 -0.34761 e
34.18893 75.09283 0.32223 -0.75877 -0.56606 e
34.34320 36.58028 -0.55605 -0.78490 -0.27340 e
34.37511 67.03041 -0.06857 0.90370 0.42264 e
34.70709 49.66216 0.55178 -0.83396 0.00659 e
34.82521 49.30789 0.52463 -0.63088 -0.57163 e
34.83126 78.34371 -0.81433 -0.04670 -0.57852 e
34.93211 60.47341 0.50327 -0.38664 -0.77281 e
35.02724 80.28939 0.82044 0.05868 -0.56872 e
35.32585 82.38061 0.72216 0.48405 0.49414 e
35.61729 87.11021 -0.82811 -0.14983 0.54017 e
35.77638 53.52801 0.75036 -0.37057 -0.54739 e
35.80228 74.86686 0.14642 0.98615 -0.07793 e
35.89420 63.98879 -0.33594 -0.86282 0.37774 e
36.05988 37.46521 -0.09044 -0.90224 -0.42163 e
36.23455 37.98385 0.51647 0.75529 0.40348 e
36.31515 54.20483 0.89379 -0.21143 -0.39552 e
36.68416 71.69680 0.26872 0.57508 -0.77271 e
36.82396 68.11983 0.68724 0.65362 -0.31700 e
36.85565 66.55359 0.48730 0.74884 -0.44919 e
37.18677 99.46246 -0.61007 0.79233 -0.00518 e
37.27896 78.46629 0.88134 0.46073 -0.10473 e
37.31702 79.08161 0.25629 -0.29357 -0.92094 e
37.45443 44.57539 -0.32127 -0.81828 -0.47666 e
37.48026 88.79218 0.93705 0.09756 -0.33530 e
37.74108 81.59860 0.52667 0.60182 -0.60036 e
37.78301 42.89372 -0.13307 -0.95400 -0.26864 e
37.92440 90.05020 -0.04320 0.99255 -0.11389 e
38.32024 29.06684 0.34086 0.85840 -0.38335 e
38.42796 99.43470 -0.94030 0.27309 -0.20314 e
38.77891 47.47125 -0.18855 0.46539 -0.86479 e
39.02504 96.78912 0.67716 -0.66046 -0.32442 e
39.29632 78.90411 -0.06282 -0.45346 -0.88906 e
39.30716 70.61952 0.52593 -0.20051 -0.82656 e
39.34067 65.13081 0.03096 0.47606 -0.87887 e
39.38043 38.09277 -0.17256 -0.88973 0.42261 e
39.39587 42.70362 0.44436 0.01205 -0.89577 e
39.52308 58.63430 -0.07435 0.83379 -0.54705 e
39.59706 76.33631 0.25311 -0.81993 0.51348 e
39.78515 85.70002 -0.88917 -0.36659 -0.27383 e
40.13002 88.55044 -0.82564 -0.39716 -0.40072 e
40.40009 63.06814 -0.01776 -0.24046 -0.97050 e
40.43788 68.94986 -0.33895 -0.34656 -0.87465 e
40.44955 75.87807 -0.80678 -0.03812 -0.58962 e
40.61551 55.88024 -0.86420 -0.26782 -0.42596 e
40.77110 71.46145 -0.21456 0.39427 -0.89360 e
40.82188 83.46729 -0.65423 -0.66344 -0.36308 e
40.90397 86.78899 -0.14917 -0.56001 -0.81495 e
40.90917 52.10218 -0.11488 0.98861 0.09721 e
40.91946 98.79890 -0.31704 -0.19625 0.92788 e
41.01187 91.29419 -0.71392 0.07064 -0.69666 e
41.17701 81.73805 -0.57314 0.26692 -0.77476 e
41.37099 89.55637 -0.19952 -0.77957 -0.59368 e
41.52762 77.89674 0.10550 -0.91816 0.38191 e
41.68917 64.04657 -0.97369 -0.20628 -0.09686 e
41.76882 70.43303 -0.03882 -0.77431 -0.63161 e
41.89147 87.87640 -0.25091 0.90407 -0.34597 e
41.95117 56.57465 0.26986 -0.91127 -0.31108 e
41.97062 62.89747 0.92988 -0.27386 0.24560 e
42.00879 93.56814 0.76301 -0.17025 -0.62356 e
42.03434 60.26022 -0.19107 -0.01555 -0.98145 e
42.04188 85.45453 -0.88789 0.19018 -0.41890 e
42.13745 52.96773 -0.97364 0.20950 -0.09023 e
42.26853 43.92209 -0.82574 0.43902 0.35414 e
42.41830 80.17867 0.82842 -0.35828 -0.43053 e
42.48435 46.49715 0.30956 -0.93840 -0.15354 e
42.53877 74.20082 0.71558 -0.51062 -0.47667 e
42.79234 74.21291 -0.68082 0.71712 0.14905 e
42.80804 83.00691 -0.91135 0.19451 -0.36277 e
43.13199 53.15201 -0.08374 0.50607 -0.85842 e
43.38133 87.36776 0.09867 0.71506 -0.69206 e
43.41216 58.43303 -0.06180 0.74885 0.65986 e
43.54103 59.89719 0.80223 -0.58830 -0.10162 e
43.59650 75.05289 -0.72694 0.68451 -0.05486 e
43.78532 72.95935 0.81681 -0.57657 -0.01980 e
43.95788 51.47147 0.33749 -0.83053 -0.44308 e
44.21475 84.17739 -0.57923 0.47694 -0.66108 e
44.43264 86.57862 0.01606 0.83227 -0.55414 e
44.50846 98.13400 -0.63283 0.76783 0.09978 e
44.57780 85.99496 -0.57310 0.70964 -0.40984 e
44.61803 96.02462 0.78308 -0.47649 -0.39968 e
44.83732 52.99951 0.79836 0.22145 -0.55998 e
45.07567 71.61936 -0.78121 -0.56832 -0.25833 e
45.12119 69.80097 -0.64610 -0.48954 0.58559 e
45.13209 40.96823 -0.02760 -0.08106 -0.99633 e
45.16886 82.56286 -0.97941 0.18654 0.07723 e
45.27662 56.31866 0.41805 0.58693 -0.69336 e
45.30784 77.79844 0.93039 -0.19387 -0.31110 e
45.35540 49.63706 0.58698 0.12354 -0.80012 e
45.51937 85.41717 0.49919 -0.71402 0.49090 e
45.99889 86.19274 -0.91343 0.13926 -0.38244 e
46.01208 82.26804 0.57397 -0.22401 -0.78764 e
46.08045 92.77270 0.56187 0.05271 -0.82554 e
46.11707 89.47138 0.26064 -0.19214 -0.94612 e
46.23201 63.95866 -0.20677 -0.19422 0.95892 e
46.27547 67.28335 -0.37383 0.81879 -0.43569 e
46.46147 82.45711 -0.82676 0.03833 0.56125 e
46.50897 69.94778 -0.83880 0.00926 -0.54437 e
46.78393 64.09552 0.82152 -0.56658 0.06389 e
46.92890 95.55434 -0.43997 0.74401 -0.50288 e
47.12266 91.77279 0.68219 -0.69318 0.23264 e
47.13153 61.28351 -0.11050 0.34998 -0.93021 e
47.17108 84.94359 0.28282 0.74131 -0.60866 e
47.21630 93.84633 -0.78747 0.44230 0.42925 e
47.27108 96.19178 -0.10928 -0.88319 -0.45611 e
47.32430 51.00716 0.54133 0.42430 0.72589 e
47.35116 61.02118 -0.62621 0.75346 0.20037 e
47.37258 90.99450 -0.18099 -0.61165 -0.77014 e
47.38771 70.36384 0.15173 0.95323 -0.26139 e
47.68116 98.88240 0.49195 -0.59885 -0.63195 e
47.76299 76.68148 -0.55915 -0.71417 -0.42108 e
47.80572 96.37137 0.58713 -0.21921 -0.77925 e
47.97296 46.75011 -0.77643 -0.47008 -0.41974 e
48.02601 87.26865 0.04581 -0.44852 -0.89260 e
48.24821 76.99395 0.41361 -0.85635 0.30919 e
48.37923 59.25804 -0.97517 0.10312 0.19597 e
48.78957 54.93457 -0.36032 0.93211 0.03670 e
49.00316 74.03984 0.56344 0.80557 -0.18325 e
49.07841 66.38670 -0.93523 0.09861 0.34003 e
49.08634 71.31143 -0.46777 -0.88348 0.02544 e
49.19931 57.21317 -0.96195 0.00822 0.27311 e
49.22819 56.27140 0.00719 0.99990 0.01177 e
49.47133 72.12326 0.79707 -0.54544 -0.25917 e
49.55612 85.95554 0.67691 -0.01030 -0.73599 e
49.83661 48.52521 -0.27557 0.96119 -0.01306 e
49.97646 90.14700 0.99134 0.11180 -0.06896 e
50.08784 78.57646 0.02040 -0.81728 0.57588 e
50.51021 68.67500 -0.52453 0.17408 0.83341 e
50.58887 52.51074 -0.88721 -0.29512 0.35462 e
50.75911 78.03224 -0.22650 -0.83652 -0.49893 e
50.86079 75.07744 -0.19724 0.16625 -0.96616 e
50.86701 84.53589 0.63797 -0.68378 -0.35418 e
50.88505 66.10249 -0.91280 -0.33729 -0.23028 e
50.97859 80.67540 -0.98757 -0.05581 0.14695 e
51.13051 87.10402 0.47755 0.87625 -0.06428 e
51.15366 55.91078 0.18519 0.97335 -0.13523 e
51.39861 84.96440 -0.32835 -0.67926 -0.65635 e
51.47249 58.41328 -0.53844 0.84248 0.01767 e
51.64266 38.96947 -0.40808 0.36303 -0.83766 e
51.96426 80.18758 0.86628 0.31145 -0.39057 e
52.12032 68.64539 -0.56077 -0.23943 -0.79260 e
52.17244 61.15543 0.69674 0.15512 0.70035 e
52.77822 59.61371 -0.39699 -0.61016 -0.68564 e
52.80416 70.60490 0.93494 -0.34755 0.07140 e
52.82125 48.02012 0.96981 -0.09616 -0.22409 e
52.83183 67.84611 0.05039 -0.23430 -0.97086 e
53.08636 66.60306 -0.84191 -0.37432 0.38869 e
53.11667 84.70037 0.86510 0.05614 0.49845 e
53.25494 69.09150 0.42343 -0.44685 -0.78806 e
53.37307 80.82090 0.68575 -0.66488 -0.29611 e
53.38980 77.36178 0.52195 0.61452 -0.59155 e
53.50384 59.13573 -0.62434 -0.72659 0.28682 e
53.64333 92.44225 -0.33016 -0.69807 0.63537 e
53.90007 64.24424 0.98831 -0.12506 -0.08723 e
54.29063 81.83502 0.06741 -0.06964 -0.99529 e
54.38430 90.42469 0.97274 -0.22495 0.05637 e
54.70539 40.33328 -0.83820 0.43721 -0.32600 e
54.71767 33.16215 -0.56227 -0.80657 -0.18247 e
55.16163 95.18829 0.24310 0.95850 -0.14893 e
55.30960 95.71149 -0.22119 -0.82046 -0.52719 e
55.38428 94.15749 -0.81793 -0.05469 0.57271 e
55.54235 72.48959 -0.64081 -0.63713 -0.42829 e
55.62155 83.45415 -0.28853 0.34541 -0.89300 e
55.72811 44.30254 -0.64607 0.23406 -0.72651 e
55.81618 72.96908 -0.81643 -0.47973 -0.32141 e
55.96306 62.84385 -0.52942 0.73813 -0.41820 e
56.10186 86.16820 -0.34624 -0.85703 -0.38160 e
56.11739 68.09280 -0.31871 0.76430 -0.56059 e
56.31170 80.72475 -0.53454 -0.66324 -0.52380 e
56.61551 86.47689 0.34923 0.15762 -0.92368 e
56.63306 53.75057 0.90758 0.39197 0.15053 e
56.69299 91.40164 0.94803 -0.03263 -0.31651 e
56.80484 87.92906 0.79776 0.44170 0.41046 e
56.83955 84.53277 -0.30620 -0.03399 -0.95136 e
56.86610 44.68089 -0.36416 0.85257 -0.37485 e
56.96385 86.48508 -0.51905 -0.14022 -0.84316 e
57.10850 50.78436 -0.36069 0.80023 -0.47910 e
57.27098 97.12095 0.46765 0.81330 0.34620 e
57.36124 99.23959 0.83587 -0.13822 -0.53125 e
57.49374 47.64788 -0.97643 -0.02073 0.21485 e
57.50528 35.15524 0.73381 -0.65118 0.19362 e
57.91464 87.01061 -0.25675 0.16348 0.95255 e
57.96335 90.37338 0.08891 -0.43249 -0.89724 e
57.98875 43.62769 -0.01103 0.58060 -0.81411 e
58.07238 90.55351 0.17355 -0.84988 0.49757 e
58.10203 67.88334 0.34162 -0.20108 -0.91807 e
58.36044 58.70957 -0.56902 0.33102 -0.75276 e
58.37086 60.24029 0.85309 -0.30715 0.42178 e
58.38260 86.90614 0.30440 0.31128 -0.90025 e
58.45520 70.58551 -0.58678 0.80125 -0.11697 e
58.66184 82.91208 0.67866 0.27769 -0.67993 e
59.05722 82.66252 0.64353 -0.09080 -0.76002 e
59.06360 50.62784 0.71352 0.46742 0.52193 e
59.11520 40.68009 0.42050 0.80587 -0.41683 e
59.27825 95.69405 0.54894 -0.03416 -0.83517 e
59.38268 36.81401 -0.88855 -0.14168 0.43635 e
59.76507 77.07001 0.09216 0.48860 -0.86763 e
60.09195 63.84366 0.13722 -0.76054 0.63463 e
60.33928 84.41700 -0.28472 -0.62344 -0.72819 e
60.43312 85.19076 0.22784 0.96343 -0.14102 e
60.44138 36.30904 -0.33930 0.62422 -0.70373 e
60.53857 63.66098 -0.25845 0.52978 0.80780 e
60.54656 69.75448 0.64156 -0.64839 -0.40986 e
60.58219 92.65005 0.06206 -0.96719 0.24637 e
60.81151 61.03532 0.80410 -0.56474 -0.18571 e
61.08044 64.23953 0.13599 0.98793 -0.07411 e
61.26252 52.29649 0.59167 -0.71783 -0.36694 e
61.27876 98.58630 0.17877 -0.16694 -0.96963 e
61.32214 97.43917 -0.11660 0.07607 -0.99026 e
61.38122 67.74987 0.80113 -0.48405 -0.35196 e
61.40711 41.90320 -0.77621 0.42300 -0.46751 e
61.48340 38.96271 -0.53512 0.51587 0.66897 e
61.49206 81.55433 0.42419 0.46340 -0.77802 e
61.72134 88.55014 0.95569 0.25875 -0.14035 e
61.79129 54.25772 -0.07190 0.11683 -0.99055 e
61.96287 98.64180 -0.80770 -0.02817 0.58892 e
61.96728 56.77804 0.20954 0.56025 -0.80138 e
62.08956 55.60629 -0.01920 0.99526 -0.09534 e
62.58971 48.87441 -0.63442 -0.77290 0.01139 e
62.61808 54.40115 0.33333 0.92990 0.15552 e
62.77035 32.62890 0.38834 0.24423 0.88856 e
62.78761 85.67749 -0.12757 -0.50424 -0.85409 e
62.79637 60.35986 -0.54483 -0.68974 -0.47688 e
62.92053 87.84629 0.64053 0.11917 -0.75863 e
62.93645 78.28395 -0.16469 0.50952 -0.84455 e
63.07859 62.03107 0.65675 -0.21581 0.72257 e
63.12002 56.80078 -0.56214 -0.21701 0.79806 e
63.15430 67.62145 -0.54063 -0.39729 0.74154 e
63.32536 74.15833 0.03051 -0.33449 -0.94190 e
63.39541 71.36307 -0.59277 0.75553 -0.27891 e
63.48109 60.19509 0.27168 0.96190 0.03078 e
63.62286 95.72875 -0.73861 -0.32985 0.58793 e
63.79536 77.09984 0.78722 0.44128 -0.43076 e
63.83833 56.57590 -0.56169 -0.15662 -0.81239 e
64.29913 80.92492 0.28275 0.36633 -0.88649 e
64.49928 95.80572 -0.07841 0.26411 -0.96130 e
64.51308 31.13250 0.43266 -0.20649 -0.87759 e
64.53870 77.25560 0.99134 -0.13132 0.00173 e
64.68325 97.18008 0.82838 0.50735 -0.23746 e
64.82122 78.02661 -0.92082 -0.28129 -0.27014 e
65.13574 62.20517 0.41949 0.82529 0.37804 e
65.25802 47.43710 -0.93005 -0.21517 -0.29782 e
65.31733 59.20126 -0.59980 0.17593 -0.78057 e
65.84920 44.33888 -0.61629 -0.29864 -0.72870 e
65.94156 69.43190 0.63881 0.36880 0.67521 e
66.10662 61.20304 -0.76236 -0.32173 -0.56152 e
66.37020 75.34761 -0.51312 -0.01293 -0.85822 e
66.90368 95.60398 -0.21168 0.94512 -0.24889 e
67.15576 43.87068 -0.49404 -0.77434 -0.39538 e
67.18222 65.83460 0.43879 0.57603 -0.68968 e
67.19863 78.18121 -0.64456 -0.26546 -0.71699 e
67.19976 37.37929 -0.65324 -0.04407 -0.75587 e
67.28795 48.24398 -0.52185 0.83071 -0.19391 e
67.44172 57.59327 -0.02358 0.97560 -0.21828 e
67.81106 67.87646 -0.90923 0.17297 0.37866 e
67.85961 95.52192 0.70400 -0.70994 -0.01926 e
68.02537 54.49990 0.13105 -0.42952 -0.89350 e
68.10581 63.44581 0.13766 -0.95821 0.25077 e
68.39241 68.60704 0.66468 -0.41310 -0.62254 e
68.56565 49.82082 0.96278 -0.08940 -0.25509 e
68.67790 49.94847 -0.08131 0.99191 -0.09744 e
68.69199 55.82962 0.22236 -0.30758 -0.92518 e
68.78908 77.21040 0.59209 0.79111 -0.15357 e
68.82210 66.17390 0.92983 0.22130 -0.29401 e
68.83576 75.20428 -0.10240 -0.18850 -0.97672 e
68.91986 92.55701 0.52475 -0.43160 0.73373 e
69.15351 95.28029 -0.03954 0.53337 -0.84496 e
69.24219 40.88448 -0.63097 -0.39525 -0.66758 e
69.93989 50.22552 0.88195 -0.35340 0.31187 e
70.10664 77.01574 -0.32506 -0.65590 -0.68127 e
70.15267 51.43825 -0.15826 0.62150 -0.76726 e
70.28818 64.04860 -0.45568 -0.06392 -0.88784 e
70.34320 95.16593 -0.06424 0.01365 -0.99784 e
70.43581 76.87527 -0.87133 -0.09687 -0.48103 e
70.52760 54.38235 0.08537 -0.22177 0.97135 e
70.81062 62.07142 0.09572 0.02480 -0.99510 e
70.88046 76.38281 -0.65691 0.53927 -0.52693 e
70.94510 60.57624 -0.38090 -0.75754 -0.53015 e
71.43067 75.35842 -0.38123 -0.80273 -0.45857 e
71.46167 59.51430 -0.56177 -0.52990 -0.63531 e
71.73161 62.35876 -0.24203 -0.73495 -0.63346 e
72.02057 54.86092 -0.35740 0.77744 -0.51754 e
72.16736 59.03442 0.35673 -0.60094 -0.71527 e
72.31608 57.07452 0.36020 -0.40916 -0.83836 e
73.06235 97.48545 -0.73611 -0.18627 -0.65073 e
73.46648 60.94048 0.53246 0.50800 -0.67707 e
73.52921 38.52295 -0.59796 -0.16808 -0.78370 e
73.72462 81.55470 0.35812 -0.01642 -0.93353 e
73.80732 91.27607 0.51727 -0.20420 -0.83111 e
74.11020 36.05993 -0.06941 0.43327 -0.89859 e
74.21025 66.39088 0.49207 0.79769 -0.34865 e
74.21455 55.83587 -0.27616 -0.03043 -0.96063 e
74.56185 81.45980 0.34060 0.57705 -0.74230 e
74.67505 99.07757 0.33646 0.89617 -0.28927 e
74.82191 53.88496 -0.70815 0.47799 -0.51966 e
74.98278 93.20944 -0.77596 0.62392 0.09277 e
75.42646 83.77291 -0.13183 -0.64621 -0.75168 e
75.42748 56.81389 -0.61582 0.49957 -0.60926 e
75.49423 38.95051 -0.95893 0.25815 -0.11753 e
75.50511 76.11480 -0.33729 -0.84730 -0.41027 e
75.60652 56.94176 -0.28644 0.57778 -0.76428 e
75.72470 77.73411 -0.17556 0.97890 0.10455 e
75.94615 45.95073 -0.09617 -0.38044 0.91979 e
75.99248 57.80567 -0.30657 -0.27406 -0.91154 e
76.00899 98.64180 0.14074 0.81500 -0.56211 e
76.63608 55.67622 0.32082 0.31959 -0.89159 e
76.88178 73.08030 -0.82285 -0.32267 -0.46776 e
76.98886 71.91777 0.33029 0.18386 -0.92580 e
77.19112 74.93692 0.57041 -0.63926 -0.51572 e
77.36861 36.18255 -0.34977 0.04021 -0.93597 e
77.80733 78.09317 -0.52874 -0.80602 0.26601 e
78.03924 83.05956 -0.14739 -0.84193 -0.51907 e
78.06901 77.10182 0.07941 -0.74037 -0.66749 e
79.17327 49.63067 -0.70760 -0.03908 -0.70553 e
79.34208 81.97028 0.70326 -0.34194 -0.62330 e
79.48230 69.44780 0.65276 -0.75628 -0.04411 e
79.57580 53.39975 0.21875 0.95044 0.22095 e
79.70486 96.79391 0.48033 0.30325 -0.82300 e
79.96942 60.38230 0.90130 -0.42847 0.06380 e
80.02457 72.36801 -0.41553 -0.33654 -0.84503 e
80.05969 57.96285 0.95584 0.00175 -0.29387 e
80.22295 56.00801 -0.16853 0.87355 0.45664 e
80.46945 50.93254 -0.22921 0.51886 -0.82356 e
80.96939 51.80352 -0.58455 -0.80002 0.13519 e
80.98422 51.17079 0.34980 -0.73990 -0.57462 e
81.04743 71.80434 -0.78171 -0.06094 -0.62065 e
81.11973 80.85673 -0.85953 0.18527 -0.47632 e
81.25905 80.05945 -0.87372 -0.17876 -0.45240 e
81.34522 75.80837 -0.72989 -0.38637 -0.56389 e
81.38852 69.73933 0.83418 0.35943 -0.41827 e
81.43015 57.08579 0.54147 0.68512 0.48726 e
81.61381 79.98735 0.99352 -0.10869 -0.03337 e
81.62002 91.32333 0.17697 -0.15745 -0.97154 e
81.67937 59.22532 0.98225 -0.18557 -0.02727 e
81.85774 93.95687 0.19616 -0.83667 -0.51138 e
82.02763 28.30301 0.82319 -0.56775 -0.00404 e
82.31378 97.90547 0.73576 -0.65097 0.18681 e
82.35418 75.67926 -0.57200 0.13813 -0.80854 e
82.56483 97.12151 -0.20456 -0.84353 -0.49659 e
82.60779 50.59302 0.33260 -0.73113 -0.59567 e
83.02663 36.86960 0.70732 0.19057 0.68072 e
83.14744 74.32407 -0.69411 0.32652 -0.64156 e
83.33665 38.58266 -0.94093 -0.03953 -0.33629 e
83.36047 43.02152 -0.14418 -0.98479 0.09693 e
83.50658 99.68958 0.05057 0.69632 -0.71595 e
83.60376 39.37470 0.73832 0.16969 0.65275 e
83.79851 68.56407 0.90014 0.11596 0.41989 e
84.00554 56.90901 -0.57480 -0.52423 0.62833 e
84.03755 44.49761 -0.03572 0.26276 -0.96420 e
84.41120 78.12299 -0.36205 0.22053 -0.90570 e
84.49533 55.09513 -0.75257 0.19411 -0.62925 e
84.76749 44.02819 -0.78325 0.61907 0.05716 e
84.91336 87.25948 0.87987 0.06664 -0.47053 e
85.21070 58.84757 -0.99026 0.04844 0.13054 e
85.21497 72.57243 0.35478 0.86527 -0.35418 e
85.38991 59.55977 -0.76234 0.07155 -0.64321 e
85.68042 91.18864 0.48994 -0.78643 -0.37614 e
85.73396 60.34908 0.34959 0.88200 -0.31599 e
86.41984 56.83024 -0.29280 -0.95554 0.03477 e
87.99458 63.78829 0.06471 0.38084 -0.92237 e
88.10505 87.01327 0.10216 0.80060 -0.59042 e
88.51692 88.07946 0.03683 -0.60547 -0.79501 e
88.91737 69.34693 0.28998 0.93383 -0.20945 e
88.96578 75.52330 -0.45455 -0.81786 -0.35282 e
89.16465 96.12625 -0.84205 0.23052 -0.48766 e
89.73055 36.58039 0.63154 -0.77342 0.05466 e
89.74441 69.49538 -0.65157 0.72518 -0.22266 e
90.01184 76.25188 0.73280 -0.05179 -0.67847 e
90.18922 39.51784 0.66220 -0.31589 -0.67949 e
90.41532 69.41896 -0.61099 0.75400 -0.24120 e
90.42201 70.03109 -0.04083 -0.46432 -0.88473 e
90.45657 48.42681 -0.46688 -0.17658 -0.86651 e
91.53605 78.40996 0.44143 -0.11995 0.88924 e
91.72065 62.73779 -0.37008 0.14412 0.91775 e
91.75609 99.55720 0.05921 0.99644 -0.06008 e
91.83814 48.59011 -0.73608 0.44938 -0.50621 e
91.98711 51.10454 0.53632 -0.83937 -0.08839 e
92.09044 93.58915 -0.49360 0.04813 -0.86836 e
92.34551 96.42086 -0.98738 0.08070 0.13627 e
92.98222 41.98666 0.08951 0.99572 -0.02310 e
93.12306 55.41794 -0.97432 0.07870 -0.21096 e
93.67073 58.86353 -0.13388 -0.99066 0.02600 e
93.98399 84.11266 -0.82091 0.26801 -0.50426 e
94.18829 70.32146 -0.90660 -0.06280 -0.41728 e
94.28283 82.72319 -0.02121 -0.02235 -0.99953 e
94.44159 35.89879 0.60753 -0.46078 0.64699 e
94.52945 83.99472 0.68467 0.71287 -0.15181 e
96.94214 39.57745 -0.52755 0.84952 0.00240 e
97.45587 38.22654 -0.85100 -0.40522 -0.33405 e
97.54229 92.91737 0.00599 0.44568 -0.89517 e
97.81262 94.82602 -0.99006 0.13632 0.03469 e
97.88993 84.57534 0.43941 0.89771 -0.03220 e
98.51186 70.77140 -0.06119 -0.18037 -0.98169 e
98.60373 48.65637 -0.64851 0.71101 0.27184 e
99.26335 46.28781 -0.00518 0.90752 -0.41998 e
99.42632 71.35276 -0.33585 -0.93133 -0.14081 e
99.78389 70.61145 -0.44943 -0.89307 0.02104 e
99.84641 42.16385 0.63987 -0.43316 -0.63477 e
100.18287 63.85046 0.72157 0.68875 0.07039 e
100.26773 77.55054 0.97799 0.06162 0.19935 e
101.13671 57.53008 0.79694 0.41110 0.44259 e
101.17517 59.78408 -0.20872 0.64071 -0.73886 e
101.24507 85.49004 -0.84517 0.48565 0.22321 e
101.45718 92.28893 -0.77430 -0.43082 -0.46353 e
101.48593 94.59670 0.66895 -0.64143 0.37560 e
101.49333 98.00687 -0.00129 -0.97343 -0.22900 e
101.92744 39.95098 -0.66813 0.62481 -0.40399 e
102.09868 88.55390 -0.18853 -0.17733 -0.96592 e
102.22969 76.32397 -0.17571 0.80258 -0.57008 e
102.30633 50.79762 -0.30751 -0.19296 -0.93177 e
102.41600 85.58454 -0.81651 -0.30981 -0.48717 e
102.50126 91.86768 0.48104 0.33948 -0.80830 e
102.84165 51.22001 0.42254 -0.90514 -0.04676 e
103.08835 47.70549 -0.71649 -0.56075 0.41498 e
103.44233 43.49895 0.15592 0.41789 -0.89502 e
103.93292 58.00513 0.00587 0.72741 -0.68618 e
103.99355 86.09082 -0.97677 -0.03909 -0.21069 e
104.18232 56.49602 0.05971 0.08733 -0.99439 e
104.53022 98.86967 0.84336 0.28412 -0.45610 e
104.86949 61.74494 -0.53807 0.46601 -0.70236 e
105.82616 46.47765 -0.19077 -0.24533 -0.95048 e
105.86492 71.23113 -0.22357 -0.51365 0.82836 e
106.09112 56.72863 -0.06236 -0.39942 -0.91465 e
106.21231 78.24370 0.92011 -0.38092 -0.09107 e
106.69588 46.11921 0.77998 0.08875 -0.61948 e
106.72815 87.56432 -0.40360 -0.79553 0.45193 e
106.79162 59.57729 -0.98931 -0.01130 -0.14537 e
106.93588 64.10267 0.65714 0.01323 -0.75365 e
107.42379 29.19465 -0.78636 0.61241 0.08122 e
107.43521 31.43633 0.10908 0.99389 -0.01671 e
107.97793 55.03691 0.28565 0.87247 -0.39649 e
108.06192 42.32097 -0.35093 -0.61683 -0.70454 e
108.32050 67.90656 -0.24512 0.63836 -0.72967 e
108.39108 65.99313 0.38051 -0.13948 -0.91420 e
109.61101 77.87084 -0.76222 0.62025 0.18522 e
109.88217 30.50891 -0.37625 -0.42523 -0.82317 e
110.57243 57.31638 -0.42679 0.81643 0.38897 e
110.87981 89.27370 -0.78795 0.25490 -0.56051 e
111.00667 83.13404 0.24557 0.10376 -0.96381 e
112.05576 58.08319 0.37622 0.42994 -0.82074 e
112.53055 91.89545 -0.39644 0.51258 -0.76164 e
112.81403 67.64020 -0.78488 -0.32187 -0.52950 e
113.00513 65.53357 -0.06267 -0.99491 -0.07886 e
113.10479 60.89400 0.32453 -0.77501 -0.54226 e
113.42463 76.84714 0.81529 0.29002 0.50119 e
113.75563 89.83477 -0.06292 0.72327 -0.68769 e
113.96812 73.77297 -0.41118 0.08309 -0.90776 e
114.06918 60.56555 0.89698 -0.08261 0.43428 e
114.08585 79.19605 -0.41970 0.90081 0.11130 e
114.17626 85.11246 -0.35887 0.52567 -0.77129 e
114.60693 50.75464 -0.36217 0.56749 -0.73945 e
115.05215 44.87138 -0.13419 0.87488 -0.46539 e
115.56026 45.98642 0.20872 -0.48461 -0.84946 e
115.86483 90.82990 0.16685 0.72858 -0.66433 e
115.95460 69.23836 -0.15466 0.72468 -0.67151 e
116.19278 51.32013 -0.04700 -0.00531 -0.99888 e
116.38314 49.56568 -0.26880 -0.71076 -0.65005 e
116.69238 71.25871 -0.54941 0.35796 -0.75500 e
116.95804 79.29092 0.07253 0.99726 -0.01456 e
117.18407 37.65465 -0.68685 -0.72211 0.08244 e
117.55567 81.84828 -0.55834 -0.21361 -0.80164 e
117.88353 80.04086 0.03800 0.77692 -0.62845 e
117.97170 64.80236 0.41557 -0.26179 -0.87107 e
118.16029 67.81337 -0.77419 0.41071 -0.48161 e
118.36784 95.17303 0.52838 0.77749 -0.34107 e
118.60162 63.65831 -0.29431 0.21010 -0.93233 e
120.14296 98.32341 -0.56130 -0.78099 -0.27387 e
120.17153 89.73371 0.55339 0.35126 -0.75523 e
121.23259 55.39491 0.37895 0.40979 -0.82974 e
121.30750 63.70055 -0.66444 0.71754 -0.20894 e
121.42093 36.82938 0.16642 -0.98035 -0.10593 e
121.72214 47.48859 0.18213 0.97988 -0.08164 e
121.80144 40.22273 0.76753 -0.05638 0.63853 e
122.03047 39.05770 -0.16950 -0.00059 0.98553 e
122.68198 43.68116 0.29018 0.33627 -0.89594 e
123.09632 54.06967 -0.78819 -0.56290 0.24878 e
123.64559 62.37980 -0.72423 0.04180 -0.68829 e
123.94109 51.82346 0.12025 -0.73067 -0.67206 e
124.06168 66.39041 0.06455 -0.01380 -0.99782 e
124.09602 66.11878 -0.19237 0.93820 0.28772 e
124.27109 43.34436 0.66328 0.03090 -0.74774 e
125.01871 65.28410 -0.91158 0.40859 -0.04550 e
125.24372 55.79582 -0.21400 -0.83390 -0.50873 e
125.93857 35.09032 -0.48845 -0.47420 0.73249 e
126.14723 49.97633 0.82950 0.50454 -0.23952 e
126.25807 67.83141 -0.23147 0.63434 -0.73759 e
126.56277 53.75980 -0.94908 0.20022 0.24321 e
126.65303 85.44649 -0.42978 -0.67078 0.60444 e
126.77902 61.12663 0.65929 0.00319 -0.75188 e
126.81174 97.44081 -0.94871 0.01507 -0.31579 e
126.84792 79.32537 -0.09271 0.74349 -0.66229 e
127.12314 95.33016 0.95278 0.29282 -0.08040 e
128.25148 74.76370 -0.30685 0.88258 0.35622 e
128.72272 99.61777 -0.15623 0.45554 -0.87640 e
129.41223 62.50772 -0.17346 0.89878 -0.40262 e
130.08274 65.32318 0.13634 0.96311 -0.23203 e
130.31664 45.48284 0.19141 -0.16598 -0.96738 e
130.63754 39.03230 0.88095 -0.44256 0.16753 e
130.76003 53.90940 0.39334 0.23381 -0.88917 e
131.05836 74.10701 -0.69850 -0.45592 -0.55157 e
131.40561 98.40279 0.99853 -0.04440 0.03114 e
131.48061 50.34478 -0.02653 -0.99057 -0.13441 e
132.24345 83.75183 0.06848 0.89594 -0.43886 e
132.62542 91.34622 -0.19449 0.91119 -0.36319 e
133.35936 45.70119 -0.99927 0.03474 0.01584 e
133.65556 58.20472 0.07084 0.79158 -0.60695 e
133.93759 41.36728 -0.28608 -0.46818 -0.83604 e
134.51411 52.65049 -0.56554 -0.06499 -0.82216 e
134.65943 96.70537 -0.80014 0.57628 0.16636 e
135.12030 73.94053 0.50891 0.44581 -0.73638 e
135.43697 90.83207 -0.73805 -0.64652 -0.19310 e
135.51679 96.33147 0.52572 -0.73524 -0.42782 e
135.66210 60.68773 0.34660 0.74717 -0.56710 e
136.12183 57.57281 0.94998 -0.02782 0.31107 e
136.39376 63.71318 0.44317 -0.85438 -0.27137 e
136.51568 66.06369 0.21787 -0.90928 0.35459 e
136.63312 89.64851 0.29634 0.18952 -0.93609 e
137.21626 74.63603 0.94206 -0.32443 0.08525 e
137.31683 34.82849 0.61140 -0.54545 0.57330 e
137.77388 70.30933 0.06506 -0.79483 -0.60334 e
137.97115 40.59835 0.00691 -0.38729 0.92193 e
138.07782 62.31302 0.27115 -0.72696 0.63088 e
138.11967 74.80097 -0.23395 -0.80947 -0.53853 e
138.14518 68.25283 0.05864 0.63831 -0.76755 e
138.38802 41.57667 0.64130 0.50221 0.58010 e
138.65411 91.26439 -0.37481 0.31192 -0.87305 e
138.73453 77.01373 0.31251 -0.93508 0.16722 e
138.92808 66.67505 0.86502 0.12973 -0.48468 e
139.37417 82.54597 -0.26198 -0.95593 -0.13251 e
139.51596 78.99906 -0.69191 0.70432 -0.15871 e
139.56963 80.58373 -0.83439 -0.10858 -0.54037 e
139.81669 53.98294 0.99986 0.01548 0.00701 e
140.48659 78.23601 -0.72361 0.32409 -0.60939 e
140.74731 93.63511 -0.09764 -0.91398 -0.39383 e
141.10977 41.22430 -0.37897 0.91707 0.12398 e
141.11026 90.92641 -0.98638 -0.08583 0.14029 e
141.41440 83.35165 0.97020 0.01982 0.24149 e
141.77485 77.54816 0.59987 0.44327 -0.66608 e
141.85365 54.41230 -0.67386 -0.73689 0.05381 e
142.35322 46.72841 0.27593 -0.63443 0.72206 e
142.51046 91.07269 -0.61894 0.40632 -0.67217 e
143.16940 54.21681 0.62860 -0.39920 -0.66746 e
143.28225 46.57673 -0.67720 0.71324 -0.18081 e
144.71041 52.98329 0.65958 0.64851 -0.37998 e
144.76555 78.65402 -0.66440 -0.73128 -0.15431 e
144.80336 54.43066 -0.43836 -0.35095 -0.82745 e
144.81887 65.50864 -0.00602 0.93503 0.35452 e
145.25526 83.76635 -0.15614 0.90875 -0.38704 e
146.55905 72.72814 -0.39599 0.09038 -0.91380 e
146.89478 70.23928 0.09554 -0.99495 0.03081 e
147.14549 52.12482 0.56352 0.49942 -0.65805 e
147.74011 40.27063 0.24995 0.42433 -0.87033 e
147.81704 95.63113 -0.10858 -0.96464 -0.24018 e
147.95764 75.75827 0.19692 -0.65080 -0.73327 e
148.24702 90.95852 -0.37287 -0.81397 -0.44545 e
148.53588 57.68368 -0.89452 0.26215 -0.36209 e
148.68931 44.97042 -0.25315 0.33151 -0.90885 e
148.72198 64.84429 0.52265 -0.32281 -0.78907 e
149.23674 45.00474 0.49905 0.28794 -0.81733 e
149.72826 60.20433 0.25475 0.95842 -0.12857 e
149.80220 61.51528 0.25715 -0.71991 -0.64467 e
149.91592 93.24849 -0.62383 0.15848 -0.76532 e
150.28451 42.33036 -0.99686 0.02683 0.07453 e
150.77150 61.22469 -0.74166 -0.65927 -0.12370 e
151.18932 69.28239 0.11091 0.27443 -0.95519 e
151.38243 54.76088 0.19190 0.67343 -0.71390 e
151.69477 81.61914 -0.09745 0.98835 -0.11687 e
152.06054 84.83773 0.31594 0.86620 -0.38714 e
152.07427 55.23380 0.38458 -0.92163 0.05196 e
152.14334 38.50979 -0.23613 0.96630 0.10249 e
152.58123 70.95311 0.27991 -0.72743 -0.62650 e
152.72297 73.37866 0.62703 -0.70870 -0.32337 e
152.88900 59.92428 0.23265 0.74168 -0.62912 e
153.39366 78.14794 0.92701 0.35693 -0.11515 e
153.47775 39.70741 0.60071 -0.77684 0.18888 e
153.99626 59.16981 -0.04297 0.48626 -0.87276 e
154.10440 88.47151 0.92533 0.30088 -0.23071 e
154.31614 86.68651 -0.93080 -0.36547 0.00610 e
154.49624 79.90145 0.85164 -0.49659 0.16766 e
154.50811 67.29436 -0.12410 0.18847 -0.97421 e
154.54147 64.60744 -0.26478 0.33205 -0.90534 e
154.57656 87.33433 -0.11725 0.77268 -0.62387 e
155.55708 83.03409 -0.90330 0.39451 0.16853 e
156.92503 47.83545 0.31984 0.94590 -0.05454 e
157.03809 66.35589 -0.88827 0.24298 -0.38978 e
157.18384 49.49288 0.14372 0.23686 -0.96085 e
157.44639 42.62812 -0.80104 -0.53898 -0.26047 e
158.67595 48.99714 0.18032 -0.08826 -0.97964 e
159.07807 71.84871 -0.08355 -0.27858 -0.95677 e
159.36953 64.09265 -0.92564 0.32281 0.19742 e
159.74528 38.23250 -0.19433 0.19181 -0.96200 e
159.87083 60.74453 0.50261 -0.85351 0.13749 e
160.08915 77.76629 0.83534 0.32903 -0.44040 e
160.10060 67.27206 0.23585 -0.20515 -0.94989 e
160.64043 85.54695 -0.44325 -0.76142 -0.47304 e
161.23052 51.07691 -0.94608 0.14504 -0.28964 e
161.41293 32.31954 -0.63403 0.06947 -0.77018 e
161.78585 56.28199 -0.75632 -0.00281 -0.65419 e
162.16929 71.21547 -0.63500 -0.05787 -0.77034 e
162.46467 60.85397 -0.39447 -0.48350 -0.78142 e
162.48495 93.38000 0.38833 0.41635 0.82210 e
162.56335 45.00569 -0.67874 0.71565 -0.16477 e
162.69706 33.03312 -0.04732 -0.87772 0.47683 e
162.94904 58.86866 0.47717 -0.85890 -0.18600 e
162.94962 58.35870 0.29441 -0.77144 -0.56409 e
163.49785 46.21901 -0.03129 0.81307 -0.58133 e
164.00249 61.28967 -0.72200 -0.46071 -0.51620 e
164.65585 43.05915 -0.87827 -0.22729 -0.42068 e
165.02565 56.03342 -0.84857 0.35945 0.38823 e
165.37239 93.47084 -0.01255 -0.90345 0.42852 e
165.64230 41.17900 -0.66691 0.54661 -0.50640 e
165.75333 67.36242 -0.54340 -0.82452 0.15776 e
166.07126 91.29445 0.66231 0.37143 -0.65068 e
167.06414 49.32916 0.91194 -0.24781 0.32705 e
167.86864 45.34195 0.92097 0.27549 0.27552 e
167.96495 36.27328 0.27912 0.46515 -0.84008 e
168.02440 70.64041 0.34463 -0.85710 -0.38290 e
168.30773 56.90580 -0.89242 -0.06945 0.44584 e
168.50896 70.19415 -0.25072 0.75870 -0.60126 e
168.93453 60.25822 0.48149 -0.83068 -0.27954 e
168.95851 84.08603 0.47061 0.11295 -0.87508 e
169.45156 86.12658 0.23171 0.95967 0.15919 e
169.67305 72.00599 -0.80943 -0.58709 0.01196 e
169.70129 54.07981 -0.47381 -0.87470 -0.10201 e
169.87820 69.12668 0.53443 0.68596 -0.49381 e
170.34062 67.41256 0.21682 -0.78424 -0.58134 e
171.06730 46.25686 -0.18075 -0.98158 0.06194 e
171.67426 47.90376 -0.79824 0.59246 -0.10862 e
172.46913 39.46767 -0.57451 0.77522 -0.26262 e
172.74846 37.50926 0.11892 0.98767 -0.10184 e
173.04766 84.46685 -0.73259 -0.43046 -0.52727 e
173.06215 55.62228 0.20823 0.51601 -0.83089 e
173.60410 50.08630 0.08670 0.17373 -0.98097 e
173.86648 87.19681 -0.93974 0.24792 -0.23544 e
174.84670 64.39486 0.95996 -0.13656 0.24461 e
174.85500 80.11060 -0.14927 0.98252 -0.11122 e
175.91095 40.88318 -0.56540 0.78195 -0.26246 e
176.27256 52.55354 0.88969 0.35834 -0.28293 e
176.69192 62.16309 -0.44191 -0.27682 -0.85328 e
176.87307 56.30110 -0.47823 -0.79422 0.37484 e
176.93975 54.88908 -0.62320 0.06883 -0.77903 e
177.13932 59.93229 0.76092 0.64372 -0.08143 e
177.71167 55.04939 0.11227 0.39692 -0.91096 e
177.73536 67.04777 0.07709 0.39181 -0.91681 e
178.48772 99.29358 -0.00164 0.34359 -0.93912 e
178.53957 60.70901 0.44775 0.83391 0.32266 e
178.83233 97.91397 -0.41371 -0.43822 -0.79800 e
179.13149 36.99276 -0.76599 0.04369 -0.64137 e
179.63498 45.70119 -0.46607 -0.38019 -0.79889 e
180.77169 58.04642 0.07984 -0.37051 -0.92539 e
180.84786 46.25272 0.16352 -0.96864 -0.18707 e
181.26177 86.18517 0.19628 -0.79925 -0.56805 e
181.43198 74.97873 -0.60409 -0.13382 -0.78560 e
181.50907 77.28057 0.79892 -0.57691 -0.16998 e
181.58107 99.37345 -0.94778 0.17213 -0.26847 e
181.87639 54.89149 -0.73476 -0.57165 -0.36516 e
181.88858 93.59760 0.26644 -0.40917 -0.87269 e
181.96985 44.23484 -0.30657 0.16386 0.93764 e
181.97813 69.12818 -0.17673 0.98138 -0.07522 e
182.54779 71.72823 -0.79718 -0.11223 -0.59322 e
182.68932 82.66099 0.19293 -0.69380 -0.69384 e
182.91535 91.08413 -0.74996 -0.38324 -0.53916 e
183.33662 48.24038 0.11482 0.60600 -0.78714 e
183.55479 41.53033 -0.58164 0.34153 -0.73827 e
183.90314 74.48438 0.08911 0.88011 0.46634 e
184.32291 72.84163 0.73989 -0.62107 0.25853 e
184.63817 70.17512 0.13255 0.51019 -0.84979 e
184.87582 23.98333 0.75730 0.00203 -0.65306 e
185.17154 92.81337 0.10197 0.52699 -0.84373 e
185.79388 92.60211 0.53997 -0.71243 -0.44819 e
185.88043 58.57243 -0.31486 0.36921 -0.87438 e
186.34512 39.54252 0.47153 -0.82172 -0.32006 e
187.32892 93.89102 0.63521 -0.48242 -0.60314 e
187.58102 82.33841 -0.97070 -0.22215 -0.09161 e
187.82244 60.72808 -0.88541 0.02711 -0.46402 e
187.96625 68.98361 -0.17006 -0.78315 -0.59813 e
188.65119 58.80333 -0.78964 -0.11607 -0.60249 e
189.30874 36.75505 -0.96594 -0.10928 -0.23457 e
189.35185 73.11702 0.16679 -0.21471 -0.96233 e
189.49039 70.71641 0.69305 -0.20714 -0.69049 e
189.75302 50.90764 0.93761 -0.13948 0.31848 e
190.04583 71.04778 -0.22407 0.93618 0.27086 e
190.56352 96.67168 0.23444 -0.70059 0.67395 e
190.59569 50.89528 -0.88804 0.24432 0.38949 e
191.42734 63.95426 0.11620 0.10932 -0.98719 e
192.55172 43.59588 -0.80502 0.52805 0.27040 e
193.56147 57.81104 0.18366 0.93541 0.30211 e
193.90423 58.48408 0.79386 0.57394 -0.20094 e
194.13290 69.58251 0.75684 -0.61187 -0.22982 e
194.60397 43.72460 0.98060 -0.09836 0.16953 e
194.81039 46.90951 -0.31652 -0.41808 -0.85148 e
194.96445 68.64397 0.38188 0.15907 -0.91042 e
195.11651 38.99398 0.82793 -0.18389 -0.52982 e
195.14258 91.81444 0.32257 0.04635 0.94541 e
195.41827 50.63846 0.23251 0.96245 0.14014 e
195.62714 51.96473 -0.13661 0.94441 -0.29904 e
196.61462 65.15759 -0.90475 -0.32384 -0.27669 e
198.72228 44.84253 -0.55038 0.00695 -0.83489 e
199.78989 97.13045 -0.99748 -0.07076 -0.00430 e
199.91418 75.89780 -0.32923 -0.19967 -0.92290 e
200.40923 37.25175 -0.62825 0.74175 0.23474 e
200.91767 33.57059 -0.10507 0.49296 0.86369 e
200.99342 67.29650 -0.66229 0.74880 -0.02590 e
201.36025 48.54701 -0.74486 0.40115 0.53316 e
201.97334 50.74934 -0.75111 -0.58608 -0.30387 e
202.43709 81.98249 -0.64299 -0.03965 -0.76485 e
202.93429 73.68516 0.43305 0.85317 0.29082 e
203.77079 58.79746 0.98407 -0.09366 0.15110 e
204.31438 65.62359 -0.90315 0.35097 -0.24728 e
204.73116 84.01339 0.92657 -0.34900 -0.14028 e
205.11435 60.14712 -0.93614 -0.12909 -0.32707 e
205.13575 59.54923 0.77977 0.33369 -0.52972 e
205.39444 60.08299 0.73791 -0.60429 0.30053 e
205.50970 68.05490 0.25561 0.48016 -0.83911 e
206.59130 85.64062 0.75535 -0.64314 0.12576 e
206.71421 53.45204 -0.38160 -0.26633 -0.88512 e
206.72035 95.64657 0.58889 -0.80004 0.11465 e
208.36750 73.31445 -0.77618 0.30538 -0.55162 e
209.09826 64.91412 0.33293 -0.73125 -0.59534 e
210.64034 42.33017 -0.03305 -0.09161 -0.99525 e
211.77007 33.33854 0.27064 -0.09874 0.95760 e
212.28089 41.04552 -0.32718 -0.04418 -0.94393 e
212.59245 94.24883 0.15443 0.67862 -0.71808 e
213.95611 45.79995 0.35142 0.54516 -0.76112 e
214.41145 97.93415 0.53901 0.46615 -0.70155 e
214.50552 39.31215 0.03084 -0.20098 -0.97911 e
215.73557 46.57418 -0.37203 -0.56731 -0.73467 e
215.74131 65.46074 -0.21444 0.84436 -0.49099 e
216.69802 44.86633 0.92537 -0.19939 0.32238 e
217.67944 69.01860 -0.76317 -0.45397 -0.45987 e
217.75218 60.11031 -0.12506 0.75316 -0.64584 e
218.07624 69.75603 -0.29201 -0.67840 -0.67417 e
218.07933 65.30079 -0.45359 -0.04749 -0.88994 e
218.32947 78.03331 0.07193 0.88249 -0.46481 e
218.36061 35.48970 -0.09700 -0.92143 -0.37624 e
218.56983 73.96705 0.09948 0.60895 -0.78694 e
218.78099 80.89547 0.26799 0.19200 -0.94410 e
220.01593 61.61869 0.09614 0.08515 -0.99172 e
220.82833 48.07685 -0.51090 0.55754 0.65432 e
221.46593 47.87746 0.94505 -0.31207 0.09743 e
221.75820 87.60323 -0.39944 -0.56128 -0.72485 e
222.41160 56.87210 -0.60527 0.64868 -0.46138 e
222.75894 61.22757 -0.05752 0.99825 0.01388 e
223.16128 62.66560 0.42426 0.66472 -0.61494 e
224.06570 58.90520 -0.34536 0.16573 -0.92372 e
224.07288 46.19831 -0.80070 0.30585 0.51511 e
224.30878 83.96391 -0.61675 -0.78476 0.06140 e
224.58208 72.40135 -0.49041 -0.76311 0.42089 e
224.94755 49.25314 -0.12549 -0.99114 0.04342 e
225.04570 56.27239 0.89890 0.15815 -0.40861 e
226.63018 98.53774 -0.23151 -0.94073 -0.24786 e
227.19824 46.87398 0.55415 -0.62475 -0.55010 e
229.28623 56.39511 -0.91360 0.31596 0.25595 e
229.35778 56.04371 0.87735 -0.20131 -0.43558 e
229.86002 75.74164 -0.05281 0.31437 -0.94783 e
229.91434 53.63713 0.56680 0.35226 -0.74475 e
229.98433 50.26990 0.11890 0.15409 -0.98088 e
229.99236 74.36416 0.11380 0.68619 -0.71847 e
230.08202 89.40634 -0.86286 -0.46853 -0.18962 e
230.28732 68.64529 -0.15321 0.98761 0.03396 e
230.57054 78.93380 -0.32806 0.54546 -0.77126 e
230.96813 65.31223 -0.19155 0.94296 -0.27227 e
231.00098 37.30159 -0.90351 -0.42247 0.07205 e
231.18958 50.08536 -0.60930 -0.09443 -0.78730 e
231.22875 78.88099 -0.29458 0.77917 -0.55328 e
231.42634 62.94769 0.92208 -0.38342 -0.05262 e
231.91600 80.92198 -0.81334 0.48635 -0.31929 e
232.29276 44.89028 0.47414 0.77984 -0.40870 e
232.36510 64.64906 0.19809 -0.62958 -0.75126 e
232.63159 37.82628 -0.69201 -0.15844 -0.70428 e
233.80243 75.53472 0.10189 -0.06552 -0.99264 e
233.83713 50.65531 -0.11806 0.96772 0.22267 e
233.92927 61.95334 -0.42676 -0.90285 -0.05232 e
234.50981 66.32148 0.54909 0.79285 -0.26437 e
234.97521 73.94682 0.02925 0.43235 -0.90123 e
236.52946 44.48247 0.52468 0.43846 0.72970 e
236.73185 71.59009 -0.78078 -0.35127 -0.51671 e
237.64995 64.48503 0.33850 -0.93530 0.10309 e
238.03313 46.15533 0.66584 -0.73574 0.12386 e
238.74022 55.61239 0.06865 -0.80743 -0.58596 e
239.35787 78.49407 0.47027 -0.20145 0.85922 e
240.24650 68.78014 -0.48318 0.74567 -0.45881 e
240.74866 97.86196 -0.87947 0.27563 0.38803 e
240.96358 44.79613 -0.75917 0.64025 -0.11721 e
241.27162 68.74429 0.02816 0.69994 -0.71365 e
242.63778 60.63328 0.99292 -0.11622 -0.02440 e
243.44354 48.72657 0.83873 0.49838 -0.21942 e
243.46956 45.28576 -0.26745 0.96336 0.02040 e
244.70926 82.13652 0.32009 -0.01724 -0.94723 e
244.76112 41.81986 0.01137 0.23970 -0.97078 e
245.37092 46.61438 0.34994 0.25114 -0.90248 e
245.47635 77.96237 0.26740 0.48345 -0.83353 e
245.71561 44.36675 0.14523 -0.93185 0.33250 e
246.59782 51.87391 -0.94048 -0.25015 0.23004 e
246.70829 72.31374 0.17894 0.72870 -0.66104 e
247.54189 37.20580 0.46291 -0.65163 -0.60091 e
248.91914 51.98175 0.17478 0.42525 -0.88804 e
249.01904 81.61352 0.13376 -0.97077 0.19928 e
249.80410 56.39124 -0.76017 -0.42989 0.48717 e
250.11555 67.85510 -0.39511 0.84108 0.36943 e
250.30466 40.71954 -0.84027 0.15739 -0.51882 e
250.62839 78.28010 -0.30002 0.94785 0.10754 e
250.80398 49.57011 0.39939 -0.47725 -0.78276 e
251.04528 63.94434 -0.89819 0.43009 0.09097 e
251.42793 54.30487 -0.16786 0.81220 0.55871 e
252.02101 62.23231 -0.42440 0.79231 -0.43833 e
252.35487 72.19107 -0.54285 0.58003 -0.60736 e
252.43726 48.35721 -0.04464 0.97651 -0.21082 e
252.61680 76.07646 0.56601 -0.10199 -0.81806 e
253.58401 94.19943 0.70722 0.06286 0.70419 e
254.04992 58.10686 -0.25493 -0.49385 -0.83134 e
254.55309 47.61944 -0.25375 -0.63159 -0.73260 e
255.32674 42.56046 -0.42461 -0.76809 0.47931 e
255.45823 35.75889 0.92050 0.03398 -0.38926 e
255.98321 98.43275 0.30574 -0.59103 -0.74646 e
256.93388 53.77475 0.54709 0.39860 0.73608 e
256.99333 66.67638 0.19631 -0.18337 0.96324 e
257.74514 93.70542 -0.23383 -0.68097 -0.69398 e
260.02269 47.16682 0.65309 -0.38665 -0.65114 e
260.67956 53.39747 0.61491 0.17095 -0.76985 e
261.11577 61.13991 -0.74306 0.45274 -0.49283 e
261.26448 75.54381 0.81444 0.53973 -0.21302 e
262.10473 88.74692 0.48389 -0.82291 0.29777 e
262.30251 34.31889 0.20458 -0.67131 0.71238 e
262.65618 75.05524 -0.46461 -0.18912 -0.86508 e
262.94016 76.30240 0.74883 0.21072 -0.62837 e
263.00673 65.88597 0.82481 0.51017 -0.24375 e
263.62324 95.63991 0.07240 0.47280 -0.87819 e
263.62667 70.28190 0.47769 -0.68733 0.54717 e
263.72906 70.51945 -0.21944 0.87449 -0.43257 e
263.98338 63.34656 0.11059 -0.97811 -0.17625 e
265.26958 95.78025 -0.52163 0.83813 0.15949 e
265.86427 60.34312 -0.79866 0.57706 -0.17073 e
267.58622 53.51264 0.60558 -0.78842 -0.10807 e
267.79277 63.95478 -0.76741 0.50654 -0.39307 e
268.79943 87.57208 0.69032 -0.31117 -0.65317 e
269.92237 39.01074 0.96151 -0.14375 -0.23418 e
270.71697 48.79479 0.63853 0.73472 0.22905 e
270.95586 48.21107 0.17686 -0.66441 0.72614 e
271.37994 40.09350 0.96575 0.25836 0.02398 e
272.31855 79.35649 -0.70648 -0.60584 -0.36584 e
274.31624 52.92576 0.04176 0.53589 0.84325 e
274.51293 80.61053 0.84289 -0.37920 0.38177 e
274.68434 54.94675 0.83761 0.11952 0.53303 e
275.07796 70.18965 0.58076 -0.81046 -0.07656 e
275.42270 64.70935 -0.34276 -0.57179 -0.74537 e
275.53913 42.75961 -0.86490 -0.23353 -0.44432 e
275.61608 49.90602 -0.32534 -0.58203 -0.74525 e
275.74411 51.60221 -0.40556 0.73796 -0.53938 e
276.50828 49.91337 -0.43601 0.58278 0.68576 e
277.73624 53.52063 -0.95886 -0.26134 -0.11086 e
278.14060 77.69661 -0.71333 0.65699 0.24397 e
279.80860 71.46835 -0.03569 -0.56569 0.82385 e
279.90690 53.04011 -0.90866 -0.40275 0.11018 e
280.09726 54.16381 0.65165 -0.54685 -0.52565 e
280.27468 38.88357 -0.12757 -0.98945 -0.06871 e
280.99586 50.51709 0.14473 0.59369 -0.79157 e
281.76822 48.19159 -0.80191 -0.45983 -0.38144 e
281.90429 98.11232 0.64463 -0.05885 -0.76222 e
282.60054 48.73851 -0.08279 -0.40146 -0.91213 e
283.62223 78.29233 -0.13723 0.82112 -0.55401 e
284.35254 91.76112 0.45490 -0.57416 0.68074 e
284.40006 87.21743 0.04604 0.86066 0.50709 e
284.84189 64.27671 -0.84317 0.50151 0.19378 e
284.92217 65.76483 -0.25704 -0.86874 -0.42334 e
285.13854 94.86700 0.33302 0.68483 -0.64815 e
285.75288 40.77462 -0.70577 0.00339 0.70844 e
286.07768 97.72616 0.44918 0.02911 -0.89297 e
286.36888 68.66542 -0.25908 0.69334 -0.67243 e
286.60697 58.31065 0.82087 0.34396 -0.45592 e
287.01128 56.51144 0.05238 0.65253 -0.75595 e
287.44880 62.27988 -0.84634 -0.48912 -0.21087 e
288.21109 92.48292 0.29867 0.87906 0.37155 e
288.62660 45.34912 0.65822 -0.75279 -0.00689 e
288.76070 43.06875 -0.31230 -0.94360 -0.10992 e
289.14432 68.21800 0.62050 -0.78325 0.03874 e
289.54901 32.71326 -0.99418 0.08091 0.07117 e
289.86525 30.38588 0.50408 -0.80343 -0.31686 e
290.33685 77.14880 0.69573 0.56674 -0.44132 e
291.13917 66.25738 -0.31158 0.91316 -0.26278 e
291.32516 62.72011 0.34670 0.24207 -0.90620 e
291.76196 85.47277 0.93317 -0.35855 0.02525 e
292.00116 34.49458 0.40896 0.83952 0.35771 e
292.01034 63.47518 0.98309 0.14302 -0.11434 e
292.43446 69.42806 -0.60889 -0.65523 -0.44713 e
292.54284 68.33139 0.47214 -0.34662 -0.81052 e
292.82255 74.21075 0.35183 -0.93522 -0.03978 e
293.00539 86.36911 0.18578 -0.07363 -0.97983 e
295.01782 70.79113 0.75992 0.25222 -0.59909 e
295.19202 35.34015 -0.59504 -0.73642 -0.32189 e
295.80395 68.82486 -0.31026 -0.14525 -0.93949 e
295.91017 82.13583 -0.42306 0.80033 -0.42484 e
296.89716 74.26074 -0.65348 0.58661 -0.47839 e
296.92112 73.77290 -0.52733 0.16452 -0.83358 e
297.31891 85.81567 0.89888 0.07905 -0.43101 e
298.44143 56.36927 0.17996 -0.03627 -0.98300 e
298.51986 32.97666 0.01230 0.08256 -0.99651 e
300.21803 40.89600 -0.29208 -0.23875 -0.92612 e
300.26327 82.67332 -0.13274 -0.48438 -0.86473 e
300.83249 73.81446 -0.16364 -0.09538 -0.98190 e
300.88366 47.49307 -0.23995 0.21091 -0.94760 e
300.97885 86.54489 -0.78627 0.12339 -0.60544 e
301.08357 47.24578 -0.30609 -0.07228 -0.94926 e
301.21947 83.28250 0.58759 -0.79374 -0.15719 e
301.28111 64.75725 -0.83053 -0.55652 0.02246 e
301.37636 81.78340 -0.79029 0.58084 -0.19509 e
303.05152 50.54511 0.46696 -0.66143 0.58690 e
303.14137 30.82027 0.01779 -0.06334 -0.99783 e
303.30201 33.16826 -0.49743 -0.65406 -0.56988 e
303.36627 53.34446 -0.93486 0.20323 -0.29109 e
303.36875 44.69979 0.55192 0.03454 -0.83318 e
303.75087 96.59867 -0.67271 0.45126 -0.58637 e
303.88917 54.40269 -0.91590 -0.40036 0.02900 e
304.49350 41.71943 -0.80268 0.22352 -0.55294 e
304.57372 44.35193 -0.53885 -0.83188 0.13274 e
305.40059 58.05483 0.87356 -0.41662 0.25164 e
306.38476 82.01098 -0.06901 -0.77047 -0.63373 e
307.34877 81.69825 -0.48900 0.87100 -0.04732 e
308.74486 61.31922 0.35041 0.90989 -0.22206 e
308.78752 90.46204 -0.73117 -0.57303 0.37017 e
309.11303 47.41066 -0.34775 0.83700 0.42249 e
309.46174 75.82117 -0.01862 0.28439 -0.95853 e
309.54941 43.17397 -0.59532 0.63057 0.49798 e
309.64795 52.38622 0.70497 -0.69822 0.12450 e
311.28966 81.23166 -0.99229 0.06994 0.10232 e
311.36463 33.72125 0.28035 0.94030 -0.19300 e
311.37930 58.69837 0.74810 0.60113 0.28105 e
311.59723 98.19838 -0.30841 0.60801 -0.73158 e
312.35881 45.85909 -0.35313 -0.32263 0.87818 e
312.46132 58.67677 0.25724 -0.20546 -0.94425 e
312.61120 48.86794 -0.10537 -0.83926 -0.53342 e
312.91636 93.46608 -0.56940 -0.62775 -0.53077 e
313.33511 70.25613 0.32253 0.84172 -0.43300 e
314.20628 86.98966 0.78038 -0.60069 -0.17370 e
315.84737 66.61546 0.51271 -0.44007 -0.73720 e
315.93856 55.24603 0.06843 0.98642 -0.14932 e
316.45630 60.42260 0.07799 0.46682 -0.88091 e
317.22845 74.95810 -0.82721 -0.32095 -0.46121 e
317.25570 65.99942 0.10480 -0.26044 -0.95978 e
317.36561 95.93359 0.00250 -0.11697 -0.99313 e
317.79003 90.53270 -0.64607 -0.40293 0.64826 e
318.82694 97.23660 0.00687 -0.97548 0.21999 e
320.81002 60.00999 0.54702 -0.24523 -0.80039 e
321.02083 50.85488 0.36740 0.92991 0.01705 e
321.59293 85.96831 -0.94098 0.17462 -0.28993 e
321.70715 96.09914 0.90250 0.35673 -0.24133 e
321.82952 31.86922 -0.50037 -0.82079 0.27556 e
321.91161 45.66606 -0.11943 0.81027 -0.57376 e
321.95037 35.92059 -0.02535 -0.09126 -0.99550 e
323.08287 94.70917 0.73629 0.09752 -0.66960 e
323.28483 71.52731 0.40992 0.06164 -0.91004 e
323.95924 99.27247 0.98460 -0.08926 -0.15032 e
324.00120 32.83993 0.21068 -0.70969 -0.67228 e
325.41709 37.90318 -0.22326 -0.19350 0.95536 e
325.52873 67.58662 -0.69228 -0.17999 -0.69882 e
326.04746 42.09544 -0.20012 -0.97362 0.10961 e
326.16693 67.64687 -0.69452 0.15883 -0.70172 e
326.35796 80.38276 -0.42465 0.57469 -0.69958 e
326.57534 76.64725 0.01003 0.24208 -0.97021 e
326.68794 38.06795 -0.08293 -0.70178 0.70755 e
327.11792 99.18851 -0.32552 0.25912 -0.90934 e
328.25319 48.28929 0.74397 0.57123 -0.34670 e
328.84136 48.21372 0.29647 0.21862 -0.92968 e
329.36212 94.27475 -0.58369 -0.31866 -0.74683 e
330.61527 99.94510 -0.15877 -0.67852 -0.71722 e
331.07998 46.90346 0.13615 0.59552 -0.79172 e
331.25556 49.06765 0.30406 0.73986 -0.60013 e
333.27484 37.90311 0.64661 -0.72875 -0.22545 e
333.46327 58.20336 -0.37535 -0.32703 0.86727 e
333.67610 43.87176 0.81276 -0.25426 0.52420 e
333.87816 78.98253 0.46535 0.85240 -0.23846 e
334.29383 78.06468 -0.47884 -0.39847 -0.78226 e
334.53847 56.61586 -0.24652 0.92546 -0.28766 e
334.54611 35.83977 0.51430 -0.84669 -0.13644 e
334.58480 93.36219 -0.27144 -0.77660 -0.56853 e
334.87360 98.74769 -0.12523 0.38656 -0.91372 e
335.65934 52.48179 -0.06640 0.72777 -0.68260 e
336.29697 25.83710 0.79358 0.27703 -0.54175 e
336.36980 85.37107 0.66546 0.34194 -0.66351 e
336.96787 67.80918 0.85037 -0.52229 0.06383 e
337.71700 30.06402 -0.48930 0.87144 0.03442 e
338.05577 88.60204 0.91759 -0.02269 -0.39687 e
340.07527 96.66462 -0.29581 0.78318 0.54693 e
340.72098 93.22865 0.12660 -0.18485 -0.97458 e
340.72321 61.97493 0.07336 -0.71177 -0.69857 e
340.82987 60.74875 0.03489 0.66035 -0.75015 e
341.16312 39.50371 0.24268 0.57468 -0.78157 e
342.23317 37.10908 -0.99933 0.03483 -0.01096 e
342.31615 61.56681 0.48530 0.57362 -0.65988 e
343.29109 83.59405 0.88970 0.04650 0.45417 e
345.26675 34.55100 -0.81236 -0.58266 0.02393 e
346.60039 62.42981 0.84637 0.01517 -0.53238 e
347.38403 46.74436 0.79653 -0.42858 0.42646 e
347.55419 39.91116 -0.86785 -0.06053 -0.49313 e
347.71859 37.54908 -0.63566 0.21322 -0.74194 e
347.84912 61.11457 -0.42819 0.89223 -0.14348 e
347.89688 45.94550 -0.64973 0.65820 0.38030 e
347.97613 73.77204 0.47846 0.23671 -0.84560 e
348.25239 79.37764 0.61614 0.12029 -0.77840 e
349.47092 63.19794 -0.42361 0.58817 -0.68892 e
349.88609 97.82933 -0.87096 -0.20597 -0.44610 e
350.29154 65.90546 -0.04526 0.24507 -0.96845 e
351.10520 43.89858 0.33997 0.92797 0.15262 e
352.55882 71.73880 0.31965 -0.91449 0.24805 e
354.73422 53.70116 0.21380 0.95409 -0.20978 e
354.73872 84.45823 0.40281 -0.25424 -0.87927 e
358.10282 33.68951 0.83866 0.14476 0.52506 e
360.39083 56.32812 0.34444 0.89438 -0.28538 e
360.41821 37.45137 0.56827 -0.19912 0.79839 e
361.07413 45.21658 -0.67772 0.13967 -0.72193 e
368.00398 66.91231 -0.04800 -0.60666 -0.79351 e
368.03491 85.81351 -0.25624 -0.55247 -0.79317 e
368.57413 50.85004 -0.19798 -0.12289 -0.97247 e
370.10868 49.79368 0.32335 0.10767 -0.94013 e
372.02704 91.71633 0.86520 -0.48166 0.13940 e
372.80614 62.21795 0.44715 -0.52776 -0.72217 e
375.77807 53.07202 -0.04836 -0.81580 0.57630 e
383.00001 32.37739 -0.00753 0.35281 -0.93566 e
385.71955 41.43415 0.20909 0.86510 -0.45594 e
388.13806 73.07584 -0.83514 0.05381 0.54739 e
388.37111 68.54065 0.61369 0.58369 -0.53169 e
389.51705 98.99365 0.95576 -0.04325 -0.29095 e
398.64579 65.94758 0.33786 0.86294 -0.37573 e
403.26909 29.50542 -0.72019 -0.05613 -0.69151 e
408.40801 34.84538 0.63592 -0.47853 0.60548 e
408.42512 54.05623 0.11131 0.94648 0.30297 e
415.39364 66.38043 -0.86924 -0.46260 -0.17444 e
419.14915 70.32828 0.20398 -0.97647 0.07002 e
428.16573 45.86629 -0.11215 0.53564 -0.83697 e
447.79886 44.58832 -0.11262 0.39308 -0.91258 e
449.52805 40.72001 -0.05254 -0.99714 -0.05429 e
453.45846 75.73257 0.96282 0.26760 -0.03692 e
453.77290 42.26086 0.29179 -0.75667 0.58508 e
459.84958 59.79564 -0.23913 -0.27256 -0.93195 e
460.11716 43.48793 0.07805 -0.43969 -0.89475 e
464.27949 36.56330 -0.61197 0.74845 -0.25557 e
468.57713 49.09541 -0.26709 -0.96009 0.08294 e
472.95869 36.22450 0.05024 0.66728 0.74311 e
474.09788 53.43062 -0.30603 -0.94741 0.09363 e
494.84116 41.18113 -0.12206 -0.90068 0.41699 e
504.36423 39.90098 -0.24125 -0.44162 -0.86416 e
507.75556 46.66240 -0.75775 -0.64510 0.09827 e
510.91625 52.02327 -0.96753 0.23607 -0.09031 e
518.70096 44.37941 -0.10998 -0.32202 -0.94032 e
527.06620 41.04987 0.01622 0.23112 0.97279 e
551.42819 26.79302 -0.18319 -0.62388 -0.75975 e
554.74586 52.49095 -0.61102 -0.71358 -0.34273 e
566.66952 29.53506 -0.84823 -0.52487 -0.07088 e
579.46169 28.01464 -0.40355 0.81560 0.41465 e
602.17151 34.30634 -0.11606 0.92246 0.36824 e
605.72654 48.64338 0.49271 -0.42690 -0.75828 e
631.96237 66.33928 0.98146 0.18241 0.05890 e
641.33123 41.95112 0.34696 0.41200 -0.84254 e
647.18672 33.21640 0.29882 -0.69927 -0.64941 e
671.35149 54.55081 -0.27707 -0.20281 -0.93920 e
686.15075 46.13607 0.04982 0.75985 0.64819 e
690.50686 46.68060 -0.20213 0.82763 -0.52362 e
699.55638 44.53671 0.58442 0.77289 -0.24715 e
791.81123 34.53967 0.18009 -0.03485 -0.98303 e
812.31358 43.91950 0.97464 -0.06760 -0.21334 e
815.69734 31.44779 -0.82846 0.49835 0.25555 e
821.16730 44.48825 -0.24482 0.87107 -0.42580 e
824.81040 44.21631 0.96145 -0.06486 0.26724 e
843.91016 46.28449 -0.94097 0.14271 0.30694 e
846.54006 36.97598 -0.39681 0.78502 0.47569 e
869.93015 40.13008 -0.90320 -0.42034 -0.08682 e
872.81295 52.49696 -0.54949 0.36924 0.74948 e
993.18035 34.69629 0.91210 -0.04492 -0.40751 e
1012.33237 45.37414 -0.75841 -0.56228 -0.32963 e
1037.27864 42.55420 0.44836 0.30207 -0.84126 e
1044.51174 41.43113 0.47697 0.87092 0.11830 e
1136.71591 43.11290 0.63455 -0.26753 -0.72510 e
1202.24903 25.88338 0.53649 -0.42305 -0.73021 e
1217.69019 50.97453 -0.57109 -0.25084 -0.78163 e
1224.53343 37.72408 0.21707 0.67902 0.70129 e
1233.03738 28.98077 -0.38523 -0.08597 -0.91881 e
1244.46277 61.35964 0.32989 0.94056 -0.08082 e
1300.11587 24.08435 0.15366 0.40379 0.90185 e
1346.34284 35.78852 0.96980 0.12548 0.20915 e
1368.08562 32.20142 0.86321 0.45879 0.21065 e
1382.78249 50.54063 -0.72690 -0.65037 0.22055 e
1402.19772 32.62367 0.89673 0.24914 -0.36581 e
1410.99240 45.68028 0.11069 -0.99355 0.02451 e
1430.36769 43.43150 -0.09792 -0.55638 0.82514 e
1457.79519 30.98729 -0.99785 0.03542 0.05518 e
1477.54664 30.64724 -0.75152 -0.01660 -0.65950 e
1491.55745 45.39495 -0.05493 0.63257 -0.77255 e
1558.70827 42.97976 -0.42335 0.15967 0.89179 e
1595.06699 39.90125 0.55201 0.81070 -0.19505 e
1620.27979 35.83751 -0.51596 -0.76634 0.38276 e
1664.82835 31.07370 -0.98064 0.08740 -0.17521 e
1703.08059 37.28186 0.18625 -0.07947 -0.97928 e
1725.11978 39.75735 -0.31564 0.94880 -0.01227 e
1730.31960 49.92873 0.56001 -0.47946 0.67565 e
1763.00455 40.91149 0.35093 0.72303 -0.59505 e
1771.38538 30.97428 0.12458 0.77706 0.61697 e
1786.77507 41.42608 -0.85020 -0.08402 -0.51972 e
1804.42745 31.82526 0.60020 0.73949 0.30482 e
1858.32300 26.79711 0.04619 0.73656 -0.67479 e
1883.51493 67.03905 -0.96131 0.22855 -0.15380 e
1901.30034 34.03216 -0.34517 -0.20073 0.91682 e
1943.26495 54.61580 -0.87196 -0.11777 0.47520 e
1982.78996 31.19852 0.32644 -0.87191 -0.36498 e
2034.29760 37.40139 0.75809 -0.10275 -0.64400 e
2198.40397 31.95688 0.62800 -0.71276 -0.31240 e
2233.69689 45.34394 0.74111 -0.60570 0.28962 e
2256.91778 38.76643 0.74842 -0.61203 -0.25551 e
2260.44860 28.54799 0.34241 -0.45502 -0.82202 e
2352.47241 76.65731 0.59158 0.60393 0.53414 e
2368.03534 39.57075 0.34442 0.17308 -0.92272 e
2418.10601 43.32891 -0.00156 -0.94866 -0.31628 e
2427.91803 43.74528 -0.33966 0.58556 -0.73604 e
2439.15727 53.99901 -0.44110 -0.20654 -0.87337 e
2472.14110 40.87072 0.52105 -0.61482 0.59204 e
2533.91857 38.79076 -0.39891 -0.53376 -0.74564 e
2616.95575 39.25264 0.02294 0.99553 -0.09166 e
2777.06503 34.16568 0.62393 -0.48133 -0.61565 e
2952.54577 30.74810 0.25263 -0.73334 -0.63118 e
3613.17381 45.27171 -0.42350 -0.67707 -0.60185 e
3676.19370 44.47134 0.05293 0.85510 -0.51575 e
3952.61834 34.57178 0.30945 0.70053 -0.64303 e
4985.93357 97.81984 0.37762 0.64733 0.66210 e
5727.61191 29.47106 0.31039 0.04216 0.94967 e
6087.36762 32.49581 0.17491 0.19027 -0.96603 e
6802.94977 42.59996 -0.47338 -0.68079 0.55896 e
6967.70201 28.48153 -0.85752 -0.51374 0.02688 e
7565.54933 48.00736 -0.30923 -0.62570 -0.71615 e
8076.58877 25.83859 -0.11894 0.59100 0.79786 e
9571.12345 41.91812 -0.17795 0.60636 -0.77503 e
11363.28208 39.67661 -0.23339 0.12857 -0.96385 e
11528.34290 49.41678 -0.44607 0.76529 0.46405 e
13033.76421 35.47910 0.58523 0.10916 0.80349 e
15374.96093 45.85098 0.75701 0.57095 -0.31773 e
15843.95547 43.59083 -0.86543 -0.44131 0.23721 e
