14.32250 8.96119 0.12955 -0.08787 0.98767 e
14.98039 20.75656 -0.33474 -0.50662 0.79454 e
17.01477 9.42338 -0.33102 -0.01569 0.94349 e
17.47303 26.05326 0.09287 0.04325 0.99474 e
19.87505 18.20555 0.34817 0.34464 0.87178 eb
22.71802 24.65023 -0.18337 -0.20408 0.96163 e
23.28398 11.82167 -0.13683 -0.54019 0.83034 eb
26.05516 22.04552 0.06079 -0.13843 0.98850 e
26.53160 18.80853 0.10318 0.35078 0.93076 eb
27.37037 56.30991 0.00946 -0.09957 0.99499 e
27.87525 11.93027 0.10114 -0.58748 0.80289 e
28.49260 19.54698 -0.11318 -0.07278 0.99091 e
29.35662 24.34766 -0.12395 0.05592 0.99071 eb
30.38197 14.23179 -0.32217 -0.08801 0.94258 e
30.46078 18.56260 0.01735 0.13348 0.99090 e
30.81875 50.97489 -0.04268 -0.04354 0.99814 e
31.02483 13.65228 -0.12153 0.00772 0.99256 e
31.25112 19.48784 0.75952 -0.19108 0.62178 e
32.17887 3.65905 0.07078 -0.39916 0.91415 x
32.54714 20.95366 -0.12227 0.01511 0.99238 e
32.73315 20.90964 -0.12477 0.22374 0.96663 x
33.04351 17.75119 -0.01536 0.04169 0.99901 e
33.81550 15.40230 -0.52917 -0.18849 0.82731 e
34.63665 14.09400 -0.05576 0.33408 0.94089 eb
36.08787 19.27199 -0.12384 0.06001 0.99049 e
36.12803 5.86780 0.05868 -0.18754 0.98050 e
36.20366 21.34600 -0.02344 -0.12403 0.99200 e
36.44987 12.13531 -0.63794 -0.10157 0.76336 e
36.96426 30.10844 -0.03179 0.17963 0.98322 e
39.31237 20.49451 -0.00592 0.28549 0.95836 e
39.70825 20.23801 0.62327 -0.09819 0.77582 eb
40.09816 19.15379 0.10470 0.04732 0.99338 e
40.25647 34.72147 0.24721 -0.04120 0.96808 e
40.73641 31.56291 -0.16642 0.06962 0.98359 e
41.42578 23.95328 0.01864 -0.02772 0.99944 e
41.84728 16.90604 -0.58374 -0.40229 0.70528 eb
42.80094 22.57533 -0.21769 -0.21678 0.95164 eb
42.88289 20.29321 0.29061 0.12833 0.94820 e
43.21049 33.03770 -0.02727 0.02846 0.99922 e
43.38464 17.10180 0.10903 0.16928 0.97952 e
44.25160 20.26499 0.26135 0.63271 0.72896 e
44.46339 39.67383 0.09077 -0.14100 0.98584 e
44.83985 10.21121 -0.09149 0.14842 0.98468 x
45.78927 31.13660 0.05569 0.07283 0.99579 x
45.91872 1.19247 -0.32254 0.27125 0.90686 e
46.22601 20.38244 -0.42249 0.40607 0.81031 e
46.59046 21.24526 0.18369 -0.03189 0.98247 e
46.62414 31.78400 0.18077 -0.08711 0.97966 e
46.63358 32.66370 0.05651 -0.13071 0.98981 x
46.87016 14.51449 -0.03080 0.13765 0.99000 x
47.54656 41.07935 0.14365 0.00805 0.98960 e
47.58299 29.41635 0.42308 0.33824 0.84059 x
47.62774 20.80781 -0.46188 -0.21600 0.86024 eb
47.84226 9.39340 0.38181 -0.56195 0.73378 x
48.85843 15.29439 0.10751 0.29356 0.94988 e
48.94054 7.70217 0.24412 0.06574 0.96752 eb
49.11644 16.91903 -0.19600 -0.18415 0.96316 e
49.16392 5.82861 0.53213 -0.37417 0.75950 e
50.18290 32.77159 0.51824 -0.30753 0.79803 eb
51.43735 60.03912 0.17250 -0.09910 0.98001 e
52.03302 24.83653 -0.35671 0.30211 0.88402 e
52.92522 50.70297 -0.09335 -0.00960 0.99559 x
54.27549 35.01480 -0.30973 -0.01204 0.95075 eb
54.50837 26.72249 0.12505 0.07322 0.98945 e
54.82572 23.48191 0.00098 0.20547 0.97866 e
55.65890 28.29132 -0.04986 0.37013 0.92764 e
56.69426 10.07620 0.58069 -0.15349 0.79952 x
57.37057 5.64214 -0.37786 -0.32905 0.86542 eb
57.40025 15.06029 -0.25519 0.67355 0.69369 x
57.64166 14.80230 0.72285 -0.01780 0.69077 e
57.75733 24.77056 0.07698 0.01717 0.99688 e
58.09914 26.92075 0.03313 -0.07655 0.99651 e
58.14004 36.53071 0.02635 0.29877 0.95396 e
58.74455 33.78513 0.00847 -0.10089 0.99486 e
58.75725 83.82141 -0.17866 0.01215 0.98384 e
59.34431 33.01222 0.02126 0.22260 0.97468 e
60.20011 18.01477 0.11505 -0.12512 0.98545 e
60.34830 43.40555 -0.12969 -0.00862 0.99152 e
61.06746 16.54697 0.14757 -0.08165 0.98568 e
61.08458 12.00095 0.50938 0.68649 0.51890 e
61.24562 8.94226 -0.16017 0.66186 0.73232 eb
61.27092 21.91970 -0.16231 -0.45743 0.87431 x
61.34150 16.80993 0.14565 0.11024 0.98317 e
61.68230 15.25117 -0.25332 -0.09322 0.96288 eb
61.69556 17.73141 0.05874 -0.11294 0.99186 e
61.86441 30.35566 0.22059 0.01404 0.97527 e
62.68667 7.76774 -0.12392 -0.02205 0.99205 e
62.77482 55.28931 0.59291 0.12618 0.79532 e
63.10906 55.02952 0.09292 0.13459 0.98653 e
63.16897 47.01788 0.01520 -0.09261 0.99559 e
63.28921 23.68269 0.54203 -0.08439 0.83611 e
63.69779 22.24049 -0.16596 -0.62910 0.75940 eb
65.37004 20.63993 0.12212 -0.09746 0.98772 e
65.71088 16.23238 0.56293 -0.45601 0.68932 e
65.83353 57.89563 -0.19352 -0.09593 0.97639 e
66.03428 32.41265 0.24298 -0.01176 0.96996 e
66.34086 15.48985 0.08674 -0.02741 0.99585 e
66.43387 28.10557 0.41411 -0.11758 0.90260 eb
67.35391 49.91322 -0.07437 0.01729 0.99708 e
68.06589 43.02518 0.01424 -0.01227 0.99982 e
68.15705 34.10423 -0.25860 -0.20413 0.94417 eb
68.48149 23.42219 -0.29399 0.55039 0.78144 e
68.49867 46.10059 -0.05982 0.00025 0.99821 e
68.82642 19.29867 0.03217 0.16824 0.98522 e
68.83534 15.50338 0.10496 -0.04174 0.99360 eb
69.64726 23.64038 0.36534 0.08095 0.92735 e
70.22057 23.13834 -0.09893 0.44737 0.88886 xb
70.53437 8.15830 0.73482 -0.33868 0.58765 x
71.20610 38.01710 -0.08710 0.16002 0.98326 e
71.36780 19.95348 -0.23801 -0.30071 0.92354 e
71.64321 14.90346 -0.29109 -0.22461 0.92996 xb
72.23143 20.52378 -0.68994 0.00303 0.72386 eb
72.54933 24.94492 0.21824 -0.15801 0.96302 eb
73.04269 17.28553 0.16935 -0.17959 0.96905 e
73.36754 16.12441 -0.29243 0.11140 0.94978 e
73.62790 24.38301 0.15602 -0.08783 0.98384 eb
73.65294 25.95433 0.15450 -0.01679 0.98785 e
74.14058 15.88377 -0.05500 0.14378 0.98808 e
74.17395 25.61263 -0.32389 0.09257 0.94156 eb
74.32770 9.43611 -0.14607 0.03725 0.98857 e
74.40256 11.98940 0.44880 -0.16372 0.87851 xb
75.18378 43.13860 -0.09400 -0.45736 0.88430 eb
75.44700 18.63896 -0.24395 -0.04062 0.96894 eb
75.66379 17.81661 -0.07886 0.06388 0.99484 e
76.12185 31.52437 0.37825 -0.20908 0.90178 e
76.31722 37.11340 -0.05753 0.22261 0.97321 e
77.36037 13.81349 -0.12773 0.07751 0.98878 e
77.57574 7.47854 -0.09621 -0.22364 0.96991 eb
77.58137 21.07651 0.40652 -0.38802 0.82715 e
77.63930 8.49861 0.16308 -0.26652 0.94993 e
77.84672 13.80809 0.50282 -0.09994 0.85860 eb
77.88376 16.60485 0.03426 -0.31432 0.94870 e
78.27659 10.01714 -0.54890 -0.11317 0.82819 e
78.62451 10.82786 -0.02776 -0.02517 0.99930 e
78.67557 18.95882 -0.45975 0.31040 0.83204 xb
78.82206 35.63839 0.14976 -0.02073 0.98850 e
78.84915 51.60395 -0.09116 -0.62502 0.77527 eb
79.37416 23.27035 0.01333 -0.03137 0.99942 e
79.77434 6.10887 0.46315 -0.13761 0.87553 eb
79.96391 45.60900 0.17276 0.05472 0.98344 e
80.95473 22.78779 -0.07039 0.28734 0.95524 e
81.12172 24.29163 -0.05318 -0.02532 0.99826 e
85.04080 39.10139 -0.09458 -0.10093 0.99039 eb
85.75139 22.28906 -0.38421 0.34172 0.85768 e
85.79876 27.72675 0.11219 -0.14989 0.98232 e
85.91138 15.62362 -0.13442 -0.17867 0.97468 e
86.22393 44.04308 0.03199 -0.11355 0.99302 xb
86.30633 19.39018 -0.12128 0.07804 0.98955 e
87.11130 16.90364 -0.01439 0.16564 0.98608 x
87.17278 13.98367 -0.80711 0.31838 0.49720 e
87.30131 27.85977 -0.25312 -0.44149 0.86082 e
87.71409 14.87721 -0.35336 0.27723 0.89347 eb
88.09850 35.02574 0.85878 -0.01112 0.51222 e
88.12279 23.77708 -0.02634 0.32938 0.94383 eb
88.39723 17.71166 0.25578 -0.43462 0.86353 eb
88.96661 25.38897 0.19070 0.15375 0.96953 xb
89.63066 13.39209 0.78766 -0.34347 0.51148 e
89.70938 23.21627 0.06799 -0.25750 0.96388 eb
89.78963 34.87586 0.30090 -0.17070 0.93825 e
90.11546 46.51242 0.40267 -0.17739 0.89799 x
90.15617 17.85233 0.08072 -0.56245 0.82288 e
90.38212 37.58446 -0.14718 -0.08348 0.98558 e
90.61495 8.48550 0.16281 0.35706 0.91978 eb
90.80897 10.02696 -0.15525 -0.75127 0.64148 eb
91.64774 20.33579 0.19477 -0.83515 0.51439 xb
92.07146 8.85342 -0.10156 0.00370 0.99482 e
93.60200 75.52041 -0.45244 -0.00589 0.89178 x
94.15332 10.38674 0.09494 0.45936 0.88316 e
94.26741 16.33686 0.17189 0.28421 0.94323 e
94.32997 26.14690 -0.07766 0.10097 0.99185 e
94.35928 7.46852 -0.02860 -0.59548 0.80286 e
95.27961 26.05394 -0.10587 -0.59496 0.79676 eb
95.55500 27.29534 -0.09534 0.02156 0.99521 e
95.66180 12.44214 0.14965 0.02740 0.98836 e
95.68067 17.64799 -0.00100 0.70601 0.70820 eb
95.92864 31.26131 -0.08633 -0.36810 0.92577 xb
96.07006 21.43098 0.06487 -0.06675 0.99566 e
96.41302 26.99239 -0.00229 0.01335 0.99991 e
96.61368 16.22040 0.09104 -0.27487 0.95716 e
96.67156 24.24239 0.13301 0.16226 0.97774 e
97.69205 86.11388 -0.08168 -0.07190 0.99406 e
98.46358 19.19664 -0.08265 -0.24926 0.96490 x
98.76935 38.37779 0.14826 0.19509 0.96952 e
98.87157 19.09050 -0.28721 -0.07577 0.95487 e
98.99186 20.56414 0.12360 0.01680 0.99219 e
98.99666 17.75118 -0.14185 0.03390 0.98931 e
100.11070 17.02423 0.11851 0.07233 0.99032 e
100.31438 20.01444 -0.04918 0.30071 0.95245 e
100.64587 19.29897 -0.33133 0.29807 0.89519 eb
102.48183 5.35143 0.13562 0.02461 0.99045 e
102.84266 6.89444 -0.41636 -0.60284 0.68061 xb
102.87793 21.37833 -0.16016 -0.06173 0.98516 e
102.94778 8.85579 0.44694 0.07263 0.89161 eb
103.23808 17.07743 -0.38297 -0.13727 0.91350 e
103.37180 30.89669 0.11303 0.01292 0.99351 e
103.92476 6.65296 -0.15744 0.37675 0.91284 eb
104.06191 23.33310 0.00522 -0.18151 0.98337 e
104.23704 19.62638 -0.07421 -0.04490 0.99623 eb
104.82652 20.30167 -0.24374 0.25251 0.93639 e
105.06629 13.96228 0.15384 -0.04478 0.98708 e
105.10409 32.92631 0.03548 -0.16894 0.98499 e
105.10720 22.21145 -0.09208 -0.12179 0.98827 e
105.65072 55.22770 -0.26835 0.08613 0.95946 e
105.66314 20.71328 -0.19906 -0.54127 0.81694 e
106.15882 12.88959 -0.12838 0.07874 0.98859 eb
106.57473 32.58454 0.09088 -0.12070 0.98852 e
107.37020 59.91843 -0.12782 -0.46984 0.87345 e
107.59403 13.41610 0.00696 0.25016 0.96818 eb
108.43409 15.16958 -0.09027 0.05427 0.99444 e
108.44981 32.29570 0.31572 -0.11153 0.94228 eb
109.54359 17.85085 -0.28577 -0.26978 0.91954 xb
109.70655 7.10904 -0.47186 0.57551 0.66794 eb
110.40368 7.61928 0.57306 0.03917 0.81858 e
110.81734 18.73890 -0.05046 0.04247 0.99782 x
110.82616 15.31395 -0.13318 0.20130 0.97043 e
111.65267 28.79852 0.27738 -0.21352 0.93673 e
111.74011 18.55745 -0.29515 -0.27048 0.91637 e
111.87470 23.59387 0.72686 0.13198 0.67399 eb
112.30289 12.21905 0.18375 0.17770 0.96678 xb
112.90120 21.98517 0.10162 0.54345 0.83327 eb
113.28919 10.09585 -0.01602 -0.24376 0.96970 xb
113.88792 12.48938 0.16599 0.20869 0.96379 e
114.01621 16.97186 0.11926 -0.29601 0.94771 xb
115.76326 17.32963 -0.12703 0.21190 0.96900 e
116.21056 21.19413 -0.71169 -0.04435 0.70110 e
116.38061 33.14816 -0.02049 0.12355 0.99213 eb
116.67339 16.01451 0.04310 -0.40047 0.91530 eb
116.77086 21.21472 0.04857 0.11172 0.99255 e
117.14906 26.67421 0.26351 -0.11241 0.95809 eb
117.77568 43.23346 -0.11523 0.12532 0.98540 e
117.84876 31.36488 -0.06044 0.18017 0.98178 e
117.92468 53.75369 -0.15971 0.18468 0.96973 eb
117.96773 44.06858 -0.24376 0.23309 0.94141 e
118.65993 16.97081 0.10754 0.01912 0.99402 eb
119.25729 44.06663 -0.06450 0.10571 0.99230 e
119.47022 19.67246 -0.34249 -0.34068 0.87558 eb
121.19461 26.49872 -0.02082 -0.05897 0.99804 e
122.23702 8.56350 -0.31408 0.33945 0.88664 eb
122.59325 14.94035 -0.08821 -0.21728 0.97211 e
123.02811 9.99735 0.01823 -0.07126 0.99729 xb
123.14139 41.28821 0.01190 0.00710 0.99990 e
123.30775 36.22643 0.18377 -0.14988 0.97148 eb
123.58026 11.64716 0.16464 -0.69787 0.69705 x
124.08789 45.08891 0.26527 0.43552 0.86021 xb
125.28757 15.01020 0.36302 -0.25279 0.89684 eb
125.29476 36.33554 0.35267 0.40643 0.84288 e
125.39239 19.51018 -0.07938 -0.52767 0.84574 xb
125.97799 28.91108 0.24495 -0.03021 0.96907 eb
126.38947 64.28782 -0.02637 0.01005 0.99960 e
126.58090 34.09253 0.46043 0.19966 0.86495 eb
127.56262 26.20053 -0.07784 0.31733 0.94511 x
128.23918 9.97120 0.57975 -0.30845 0.75416 e
128.23919 14.17249 0.03691 0.07531 0.99648 eb
128.77208 20.01970 0.48430 0.13544 0.86436 e
128.98521 5.75830 -0.16864 0.45463 0.87457 eb
129.56615 20.47075 0.18722 -0.06909 0.97988 e
130.43969 36.84724 -0.10764 0.17909 0.97793 e
130.46972 41.03155 0.07924 -0.03250 0.99633 e
131.17870 29.59536 -0.22616 0.19564 0.95424 eb
131.23425 48.88362 -0.14922 0.00555 0.98879 xb
131.63866 57.57754 0.35461 0.45175 0.81864 e
131.70764 12.50135 0.43129 -0.34769 0.83252 eb
131.80156 36.29850 -0.11633 -0.14542 0.98251 eb
132.29724 29.68915 -0.17730 -0.05993 0.98233 eb
133.11292 72.14398 0.16522 0.02132 0.98603 e
133.23228 6.89793 -0.12739 0.29649 0.94650 eb
133.95690 19.12986 -0.18226 0.06742 0.98094 e
134.76671 21.46830 0.09163 0.05328 0.99437 e
134.94780 36.54286 -0.05626 0.18382 0.98135 e
135.22187 20.64064 -0.49435 0.17725 0.85100 eb
136.07814 33.87104 0.00178 0.05254 0.99862 x
136.08267 11.22625 0.09186 -0.28727 0.95343 eb
137.04134 45.08726 -0.27251 0.11632 0.95510 e
137.28462 10.20627 0.09344 -0.38481 0.91825 x
137.75057 16.40646 0.60617 -0.54578 0.57852 e
138.21616 7.95682 -0.27403 -0.19238 0.94228 xb
138.41601 25.78196 0.22048 0.20599 0.95339 e
138.42457 15.03895 0.45253 0.42779 0.78244 eb
138.93751 9.67676 -0.05056 -0.05033 0.99745 e
139.98142 15.11135 0.11548 -0.10146 0.98812 eb
140.26867 21.04844 0.18446 0.14947 0.97141 e
140.62593 13.80640 0.30272 -0.38063 0.87377 eb
140.72979 15.00532 0.71281 -0.37001 0.59582 eb
140.87005 13.61340 -0.27530 0.45912 0.84464 eb
141.09567 17.21457 0.00016 0.02640 0.99965 e
141.68703 25.57111 0.26385 0.23801 0.93474 eb
142.75385 36.55880 -0.02873 0.24741 0.96849 e
142.77721 14.84817 -0.18949 0.13340 0.97278 e
143.31755 16.14003 0.01485 0.80462 0.59360 eb
143.80868 17.94643 -0.31476 0.10941 0.94284 eb
144.15710 20.70808 0.21372 0.21607 0.95270 e
144.64169 25.05462 0.28723 0.19408 0.93799 x
144.93824 19.07015 0.26829 0.20768 0.94069 eb
146.00903 14.58236 0.26996 -0.03301 0.96231 e
146.16470 26.18224 0.02600 -0.19534 0.98039 eb
146.22712 29.91538 0.00424 -0.07766 0.99697 eb
146.29533 24.85464 -0.17414 -0.38086 0.90809 e
147.01023 17.52880 -0.19195 0.04960 0.98015 eb
147.05367 5.96946 0.03977 -0.66709 0.74391 eb
147.49194 34.17088 -0.18092 -0.10969 0.97736 e
147.82578 10.10451 -0.43219 0.09237 0.89704 e
147.83739 8.63392 0.65140 0.08937 0.75345 eb
147.84610 17.78512 0.30761 -0.29165 0.90571 xb
147.86203 16.10841 -0.01705 -0.00783 0.99982 eb
148.40823 21.15814 -0.13107 0.05431 0.98988 e
150.69453 17.69753 -0.44854 0.03361 0.89313 e
150.69747 3.37890 -0.47860 0.53052 0.69963 e
150.95345 29.01347 0.06013 -0.05489 0.99668 e
151.89980 9.57370 0.57623 -0.43338 0.69292 eb
153.02937 17.96727 0.09802 -0.44862 0.88833 eb
153.12561 12.67567 0.26109 -0.10931 0.95911 e
153.46625 10.58089 0.24749 -0.63085 0.73537 eb
154.76890 20.26656 -0.24627 -0.03634 0.96852 e
155.33813 68.38809 -0.02595 -0.07955 0.99649 e
155.80777 31.20475 -0.07085 -0.17511 0.98200 x
156.30013 17.36600 0.02769 -0.19122 0.98116 eb
157.49768 5.19332 0.05364 -0.06294 0.99657 e
157.65592 12.33277 -0.10313 -0.15231 0.98294 e
157.94771 34.94526 0.38019 -0.34150 0.85955 eb
160.01088 14.20420 -0.21119 0.29709 0.93120 eb
160.46122 14.23802 -0.03868 -0.06771 0.99696 e
160.68863 37.65921 -0.33825 0.08961 0.93678 x
162.10608 30.67170 0.09949 -0.03669 0.99436 e
162.14671 30.32771 0.00611 0.28420 0.95875 e
162.14868 19.51977 0.08061 0.00273 0.99674 xb
162.21406 14.28651 -0.15143 -0.08488 0.98482 e
162.84350 23.78517 -0.41110 -0.47088 0.78055 eb
163.82465 21.70667 0.21000 0.03444 0.97709 e
164.45593 12.35670 0.02825 0.67746 0.73502 e
164.55637 46.71983 -0.11214 0.05777 0.99201 e
165.11462 23.61243 0.36490 0.14322 0.91997 xb
165.31152 31.28368 -0.02381 0.25463 0.96675 eb
165.36683 6.39098 -0.08324 -0.08771 0.99266 x
165.86033 31.48144 -0.12346 0.04767 0.99120 e
166.39122 40.70417 -0.03095 0.19848 0.97962 e
166.61584 24.84961 0.05376 0.04292 0.99763 e
166.70944 26.70813 -0.04928 -0.28507 0.95724 e
168.02829 14.12553 0.13822 -0.26525 0.95422 e
168.48011 28.55321 0.06956 0.55317 0.83016 xb
169.25085 14.32271 -0.56378 0.00133 0.82593 x
169.57197 10.81839 -0.17218 0.28442 0.94311 eb
170.72888 28.35420 -0.08814 -0.15268 0.98434 xb
172.29884 24.87782 0.01261 -0.15472 0.98788 e
172.48492 16.95982 -0.10188 -0.25800 0.96076 eb
172.99414 7.59892 -0.56133 0.57000 0.60001 xb
173.70181 8.20219 -0.18421 -0.14117 0.97269 eb
173.78713 19.24890 -0.17144 -0.28455 0.94321 x
174.18276 21.79179 0.43660 0.05562 0.89793 xb
174.22576 10.53556 -0.35834 0.24921 0.89971 e
175.66460 13.35463 -0.21953 -0.26418 0.93916 e
177.07827 40.38606 -0.11224 -0.15813 0.98102 e
178.09876 18.35555 -0.25515 -0.32594 0.91031 eb
179.85719 9.29753 -0.07251 -0.03426 0.99678 xb
180.28851 29.80967 -0.31986 0.15216 0.93517 e
181.05755 17.95646 0.31397 0.36351 0.87709 eb
181.69573 10.83199 0.16423 -0.27842 0.94631 x
183.38500 23.40461 -0.07780 0.04358 0.99602 eb
183.39294 52.57791 -0.03436 0.02834 0.99901 eb
183.75099 16.07978 -0.33465 0.01336 0.94225 eb
186.58897 6.36226 -0.13138 0.13669 0.98186 x
186.94652 19.43353 -0.00489 -0.39623 0.91814 e
187.23840 23.74872 -0.46337 0.39310 0.79421 e
187.55670 17.43338 -0.01912 -0.01121 0.99975 e
188.78795 31.80643 -0.03738 0.17937 0.98307 e
188.81713 19.36073 -0.19353 0.23870 0.95161 x
189.03328 4.08354 -0.19065 -0.32449 0.92648 e
190.20825 13.47167 -0.07795 -0.07435 0.99418 xb
191.82266 13.86032 0.21988 0.00455 0.97552 eb
191.93586 27.17905 -0.28311 -0.09892 0.95397 xb
192.25890 13.06763 -0.25077 0.07168 0.96539 e
192.61314 11.27758 -0.25359 -0.03080 0.96682 xb
193.23545 39.78996 -0.02038 0.11789 0.99282 eb
193.32920 47.80484 -0.06818 0.20123 0.97717 e
193.35611 31.95433 0.11556 -0.38780 0.91447 e
194.39357 18.29871 0.48975 -0.68061 0.54489 eb
194.64513 18.57582 0.35645 0.49566 0.79200 eb
195.06851 8.19995 0.17413 -0.26706 0.94782 e
195.08072 25.56040 -0.05562 0.10549 0.99286 e
198.70967 18.04434 -0.10222 -0.21832 0.97051 e
198.82795 46.61991 0.08154 0.01820 0.99650 x
199.23212 13.87792 -0.36476 -0.07642 0.92796 eb
199.45101 16.92909 0.06013 -0.09318 0.99383 e
200.22796 23.44342 -0.24725 -0.57285 0.78148 eb
200.99802 10.22809 0.15489 0.23317 0.96002 eb
201.90856 4.29889 0.14402 0.00676 0.98955 e
203.65313 17.38008 0.26430 0.31487 0.91159 e
204.13293 19.79023 0.02651 0.01781 0.99949 e
204.17727 21.65729 -0.26481 -0.01598 0.96417 e
205.54744 41.88720 0.29461 -0.57003 0.76699 eb
205.60731 10.52819 0.10363 0.50630 0.85611 eb
207.81783 23.79838 -0.03921 -0.23334 0.97161 eb
208.14618 24.30377 -0.17304 0.13690 0.97535 eb
208.27379 19.07253 0.10944 0.17086 0.97920 e
210.32064 16.73872 -0.09987 -0.38941 0.91563 eb
210.68334 38.18522 0.04585 -0.10822 0.99307 e
210.86663 39.73959 -0.10395 0.00842 0.99455 e
213.69952 29.11153 0.08588 -0.09309 0.99195 e
215.49727 30.55898 0.05962 0.04691 0.99712 e
216.08399 66.02574 0.21938 0.04644 0.97453 e
216.20855 47.23660 0.03625 0.41963 0.90697 e
216.85758 24.00847 0.16052 0.13631 0.97758 eb
216.90321 21.90087 0.59887 0.28141 0.74978 eb
217.73926 22.19069 -0.06769 0.18876 0.97969 e
218.12567 29.92809 0.13818 -0.05928 0.98863 xb
218.34374 9.24986 -0.31177 0.52061 0.79484 eb
220.50803 25.98468 0.16672 0.30172 0.93871 xb
220.92707 8.95637 0.13329 0.22408 0.96541 e
221.99359 13.39216 -0.10958 -0.08228 0.99057 e
222.21071 10.90039 0.51941 -0.18656 0.83391 x
222.74115 28.61757 -0.07740 -0.15935 0.98418 eb
224.19456 20.19390 0.17440 0.34864 0.92089 e
224.62356 44.65448 -0.04101 -0.13434 0.99009 e
224.63071 9.49997 -0.00065 -0.00076 1.00000 e
227.57032 16.34011 -0.07371 0.01694 0.99714 e
229.01749 39.49517 0.37065 -0.02271 0.92850 eb
230.50392 10.34109 0.02695 0.28720 0.95749 e
230.72814 24.16753 -0.13391 0.37929 0.91554 eb
230.92370 27.63822 -0.10232 0.25890 0.96047 xb
231.18974 10.42028 0.66725 0.23511 0.70675 xb
231.28477 25.67918 0.18284 0.11481 0.97642 e
231.48993 5.37259 -0.08322 -0.24722 0.96538 x
231.75999 12.48203 0.29551 -0.09665 0.95044 x
233.14250 9.50784 -0.13007 0.26337 0.95588 eb
234.29681 18.48607 -0.01286 0.11220 0.99360 e
234.50932 28.46580 -0.24451 0.03564 0.96899 e
235.42783 15.28380 0.13978 -0.04781 0.98903 x
237.33867 93.85072 0.06752 0.23712 0.96913 e
238.34838 35.06073 0.11577 0.01894 0.99310 e
238.81348 51.90270 -0.15198 0.14749 0.97732 eb
238.92836 15.56054 -0.24728 -0.16707 0.95443 e
240.35073 26.25783 -0.03713 0.13449 0.99022 e
240.52977 13.75635 0.52445 -0.43353 0.73281 eb
241.39546 52.16432 0.17500 0.04590 0.98350 xb
241.85454 5.20537 -0.00837 -0.37927 0.92525 eb
244.35662 36.43702 -0.19762 0.10599 0.97453 e
244.41278 18.50299 0.09107 -0.18459 0.97859 e
245.18686 29.26577 0.17878 -0.08209 0.98046 e
245.39780 36.33667 0.07225 0.05878 0.99565 e
246.28794 21.95596 0.16948 -0.10516 0.97991 eb
248.79813 32.11731 -0.21243 0.11101 0.97085 eb
248.84429 23.93086 0.12114 -0.03562 0.99200 e
248.85868 31.26840 -0.17169 0.21975 0.96033 eb
249.68707 49.26809 -0.04269 -0.05285 0.99769 e
251.33980 9.33049 -0.19150 -0.67858 0.70913 eb
252.15041 5.39697 -0.34949 0.02623 0.93657 x
252.51856 38.02962 0.10098 0.00526 0.99487 e
254.27043 27.34716 0.17347 0.26237 0.94925 eb
257.60926 27.92605 0.71359 0.26355 0.64910 eb
258.44201 40.12442 0.31330 -0.00448 0.94964 eb
261.54922 18.78235 0.01452 -0.03523 0.99927 xb
261.96512 9.91726 -0.14000 0.02682 0.98979 e
263.98957 17.81423 0.02249 0.02525 0.99943 e
264.60831 16.39957 0.68126 0.13204 0.72003 eb
266.48255 20.29931 0.26654 -0.04211 0.96290 eb
269.31061 41.07596 -0.02081 0.05209 0.99843 x
269.70909 14.88188 0.20515 0.07244 0.97605 x
269.73281 21.66704 0.11884 -0.22745 0.96651 eb
270.15992 14.55115 0.47034 -0.26124 0.84293 e
270.17549 25.45998 0.20398 0.01985 0.97877 eb
270.56578 15.47449 0.21296 -0.54317 0.81217 e
270.56957 16.30835 -0.00117 0.04029 0.99919 x
271.70550 20.34850 -0.24673 -0.19124 0.95003 eb
271.88571 38.37077 0.02376 0.12542 0.99182 eb
272.53314 12.81309 -0.33816 0.06605 0.93877 eb
272.81302 17.67950 0.21984 0.17908 0.95896 e
274.23259 41.70695 0.06943 -0.13554 0.98834 eb
275.49877 11.54685 0.03264 0.11354 0.99300 e
275.60102 41.02998 -0.17554 0.22907 0.95745 e
275.82228 12.51547 0.23547 0.52191 0.81985 eb
276.28445 6.00437 -0.26551 0.21551 0.93971 eb
276.95559 54.70266 -0.08121 -0.00203 0.99670 xb
277.03811 23.88431 0.02487 -0.00859 0.99965 eb
277.08985 20.14330 0.01479 -0.12445 0.99212 e
278.26723 21.73000 -0.16637 -0.37930 0.91019 e
278.33000 29.99380 -0.05396 -0.01614 0.99841 e
278.95407 16.68684 0.56665 0.14794 0.81057 xb
279.62654 6.60107 0.40651 -0.04567 0.91250 eb
282.30594 11.46916 -0.18376 0.20995 0.96029 eb
282.86718 39.03548 -0.11685 0.38909 0.91376 xb
283.67986 30.22657 0.03128 -0.00528 0.99950 e
283.73491 33.83572 -0.09724 0.07313 0.99257 e
284.76636 75.47184 0.06005 -0.09457 0.99371 x
286.05205 10.09346 0.13071 -0.08284 0.98795 eb
286.07323 20.11869 0.15194 0.00683 0.98837 e
287.48831 22.69970 -0.13436 0.00429 0.99092 e
287.80616 11.70545 0.05858 0.12408 0.99054 eb
287.81195 34.40406 0.35311 -0.28067 0.89249 e
287.85689 12.98168 -0.40559 -0.32513 0.85427 e
287.94203 10.01441 -0.12188 0.01978 0.99235 xb
289.02624 23.76111 0.05652 0.09725 0.99365 e
289.36035 24.61264 -0.03429 -0.13942 0.98964 e
290.33973 65.38771 -0.60892 -0.01443 0.79310 e
292.15600 44.69374 -0.10674 -0.28150 0.95361 eb
292.36999 15.29084 0.82469 -0.23407 0.51488 eb
293.11141 14.05958 0.18194 -0.29508 0.93799 eb
293.99654 30.00857 0.73172 -0.43141 0.52770 eb
296.81212 8.70257 -0.84385 0.06641 0.53246 e
297.92287 44.73911 0.22985 -0.38473 0.89395 eb
298.86952 11.60831 0.04394 -0.78542 0.61741 x
299.69397 15.01101 0.01669 -0.24444 0.96952 eb
299.75386 29.79961 0.14822 0.07476 0.98612 e
300.10538 13.55818 -0.19226 0.26955 0.94360 e
301.16030 18.78928 -0.21178 -0.12664 0.96908 eb
301.70692 11.15358 -0.35600 0.65550 0.66602 eb
302.99758 28.06470 0.12077 0.00716 0.99265 e
304.27488 22.56964 -0.22168 -0.02389 0.97483 xb
305.96826 16.46152 0.25025 0.08875 0.96410 xb
308.24345 55.04917 0.13207 0.02804 0.99084 xb
308.56846 30.85159 -0.20734 -0.64949 0.73156 x
309.23027 27.40175 -0.13174 0.17640 0.97546 eb
309.48097 42.78199 -0.01587 -0.02932 0.99944 e
310.62253 54.33681 -0.01725 -0.00044 0.99985 eb
310.97500 42.10284 0.02621 0.02842 0.99925 eb
311.70343 17.32645 -0.28804 0.19664 0.93721 e
312.27331 35.36053 0.42669 0.04720 0.90317 xb
312.43289 10.83640 -0.01901 0.20587 0.97839 e
312.70903 17.89097 -0.03269 -0.08281 0.99603 eb
313.06012 24.43767 0.14595 0.01071 0.98923 e
313.41111 24.22571 -0.00198 0.08159 0.99666 e
315.81270 32.90863 -0.13759 -0.06162 0.98857 eb
316.76855 20.32474 0.04766 -0.12460 0.99106 xb
317.51200 3.61950 -0.19571 0.03563 0.98001 e
318.83272 8.00692 0.24163 -0.16932 0.95548 e
318.92223 42.09814 0.00799 -0.20552 0.97862 eb
319.82831 18.57162 -0.15907 0.07207 0.98463 eb
320.30037 25.90097 0.16863 0.56349 0.80873 eb
321.48420 15.06084 -0.45509 -0.26505 0.85008 e
326.53396 32.10892 -0.27949 -0.20432 0.93816 e
326.66950 18.69364 -0.37531 -0.03977 0.92605 eb
326.71193 28.58341 -0.09582 -0.22782 0.96898 eb
328.57167 5.43490 0.15139 0.77843 0.60921 eb
328.98161 40.09471 0.00378 -0.03150 0.99950 x
329.08793 25.41935 -0.39221 0.45285 0.80069 e
329.21555 12.06493 -0.37817 -0.23625 0.89508 e
329.45904 31.81098 0.16315 0.71004 0.68500 e
330.96786 12.01725 -0.01603 -0.17601 0.98426 e
331.76375 18.74929 -0.14653 -0.09875 0.98426 e
333.61554 18.62050 0.38815 0.17156 0.90549 eb
336.24610 7.45640 -0.31156 0.32988 0.89113 eb
336.73522 9.52047 -0.45261 0.55603 0.69712 eb
337.15039 18.46109 0.54212 -0.49356 0.68008 eb
337.22844 38.35502 -0.04554 -0.08138 0.99564 e
339.34154 21.86622 -0.04749 -0.15924 0.98610 e
340.25452 43.86044 -0.25193 -0.08648 0.96387 e
342.09656 18.04924 0.04676 -0.07569 0.99603 eb
342.50059 22.55355 -0.22404 0.25768 0.93990 e
342.75818 27.59309 -0.03162 -0.09089 0.99536 e
343.40504 29.31939 -0.05528 -0.39461 0.91718 e
343.48087 24.96347 -0.01641 0.45865 0.88847 e
344.82074 15.38227 0.02302 0.11781 0.99277 e
345.57342 9.17784 -0.46612 -0.04615 0.88352 e
345.97988 26.10060 -0.10317 -0.13904 0.98490 e
346.55382 57.88309 -0.19053 0.01172 0.98161 e
346.91906 34.84029 0.10959 -0.65785 0.74513 e
347.39414 44.98001 -0.43642 0.17283 0.88299 eb
347.51757 24.43800 0.26443 -0.04282 0.96345 eb
348.96691 21.37266 -0.03300 0.15863 0.98679 eb
350.45810 28.93292 0.22776 -0.28311 0.93165 e
350.73786 10.52546 -0.22695 0.22960 0.94646 eb
352.36064 28.07032 0.07836 0.18804 0.97903 eb
353.81709 20.88760 0.23351 -0.55242 0.80019 eb
353.84612 35.02397 -0.21615 -0.12279 0.96861 e
355.11254 17.71531 -0.09576 0.11081 0.98922 e
355.49906 68.59552 0.14267 -0.00256 0.98977 e
355.62637 28.21840 0.22778 -0.20810 0.95122 eb
357.53974 25.59196 0.02511 0.11492 0.99306 e
359.51630 22.17283 -0.00292 -0.15743 0.98753 e
361.87121 21.90925 0.06756 -0.08028 0.99448 e
363.25914 21.30384 -0.24266 0.32543 0.91390 eb
363.43032 18.41361 0.30562 -0.02768 0.95175 e
363.52111 44.97797 -0.11513 -0.05415 0.99187 eb
363.79141 15.95353 -0.20667 -0.04847 0.97721 e
364.24687 33.84431 0.19290 0.26159 0.94571 e
364.29391 9.41784 -0.29262 0.61567 0.73166 eb
364.58984 12.55705 0.20770 -0.39329 0.89565 eb
365.02176 6.91899 0.11225 0.17643 0.97789 e
367.15309 20.78240 -0.56124 -0.30432 0.76968 e
367.44940 24.81467 0.17353 0.23302 0.95686 e
370.79397 11.21328 0.08492 -0.15161 0.98479 e
371.42691 20.15588 -0.27896 0.49250 0.82439 eb
374.73011 7.18145 -0.35672 -0.36372 0.86050 e
376.52533 17.59644 0.32519 -0.24218 0.91411 eb
376.94094 16.72838 0.25183 -0.57742 0.77664 e
377.18474 11.18012 -0.13077 0.10166 0.98619 eb
377.66869 21.07062 -0.16114 0.54257 0.82441 e
381.13241 12.13681 -0.10672 0.00299 0.99428 e
381.22258 21.53936 0.04240 0.07668 0.99615 eb
381.23973 35.01999 -0.10765 -0.33258 0.93691 e
383.90405 22.23685 0.04346 0.15710 0.98663 e
384.06677 24.76766 0.26293 0.36941 0.89129 e
385.92229 12.10875 0.32193 0.42829 0.84435 eb
389.06178 8.69103 0.01396 -0.01768 0.99975 e
389.40437 4.28688 -0.13329 -0.01447 0.99097 e
389.65973 22.43158 0.14739 0.31029 0.93915 eb
389.72645 27.39476 -0.29075 -0.11134 0.95030 xb
390.44978 13.42041 -0.16354 -0.41303 0.89591 x
393.12124 19.16439 -0.73731 -0.38333 0.55627 e
394.43447 10.07045 -0.43471 0.37436 0.81907 xb
395.33373 21.63860 0.03978 -0.00925 0.99917 e
398.17373 74.69191 0.16177 -0.10382 0.98135 eb
398.86407 28.47514 0.15185 0.20445 0.96703 xb
401.33890 34.81951 0.14946 -0.05051 0.98748 eb
401.35493 18.78132 -0.15442 -0.48581 0.86032 e
401.92054 16.98569 0.06178 -0.20436 0.97694 x
403.91830 26.06000 -0.14140 -0.04210 0.98906 e
404.97204 9.24596 -0.21015 0.07943 0.97444 e
405.22105 10.15417 0.55422 -0.33353 0.76263 xb
405.72642 3.96902 -0.29951 -0.27294 0.91422 x
412.75858 14.79194 0.15469 -0.25353 0.95488 eb
413.18648 15.09608 0.51293 -0.01963 0.85821 e
413.97300 14.28616 0.12397 0.16700 0.97813 e
415.13384 12.43131 0.46522 -0.02122 0.88494 e
420.18494 10.36844 0.21101 0.20594 0.95554 e
421.16650 16.86483 -0.27571 -0.02768 0.96084 e
425.76193 26.56957 -0.11640 0.30218 0.94612 e
426.02532 45.76612 -0.16054 0.10648 0.98127 e
426.58923 12.37943 0.23798 0.04192 0.97037 e
427.28261 7.82858 0.28977 -0.59252 0.75164 e
429.74669 26.21565 -0.03780 0.23467 0.97134 e
430.07357 35.29483 -0.04521 -0.05135 0.99766 x
430.10466 11.93138 0.21000 0.03750 0.97698 e
441.36586 11.30139 -0.19262 -0.38555 0.90236 xb
441.97075 17.21831 -0.09051 0.06670 0.99366 xb
445.55330 14.95707 -0.53124 -0.13380 0.83659 eb
448.89664 3.65493 -0.46343 -0.10749 0.87959 xb
449.46012 27.80108 0.10146 0.09322 0.99046 e
451.26779 13.77179 0.16011 -0.02590 0.98676 x
456.98383 34.83573 -0.53677 0.32752 0.77757 eb
461.30648 18.25164 -0.27213 -0.02534 0.96193 e
461.66500 16.12841 0.10811 0.32693 0.93885 xb
461.89580 15.80680 0.34866 -0.20469 0.91462 e
463.82188 13.51230 -0.36546 0.29597 0.88252 eb
464.82795 8.77762 0.66644 -0.15614 0.72903 e
467.23610 21.48060 0.10679 -0.19811 0.97434 e
469.73314 13.61123 0.11142 0.19863 0.97372 e
471.91193 10.83174 0.56890 0.50714 0.64742 eb
477.05971 11.99389 -0.15877 0.23824 0.95814 e
477.84309 12.34325 -0.08213 0.07987 0.99342 e
479.52255 17.42387 0.10593 -0.18623 0.97678 xb
480.34414 15.33439 0.39073 -0.26346 0.88200 e
484.02315 19.71221 -0.37179 0.36376 0.85408 e
485.30107 9.45319 0.27764 -0.02608 0.96033 e
485.64404 32.88029 0.17986 0.22452 0.95773 e
486.04380 9.46798 0.19234 -0.01374 0.98123 e
492.55567 21.01946 0.26114 0.13467 0.95586 eb
500.61637 19.87388 -0.25853 -0.26006 0.93034 e
501.33900 10.65732 0.20200 -0.14742 0.96823 e
502.30547 27.89466 -0.59405 0.64670 0.47842 e
507.99238 8.06027 -0.26738 0.17966 0.94669 e
508.36447 9.84668 -0.27911 0.76503 0.58037 e
511.57499 15.35582 0.45475 0.73093 0.50886 eb
513.34987 21.76698 -0.04631 0.37420 0.92619 e
515.78064 12.47133 -0.21451 0.25941 0.94164 e
516.74801 19.01247 -0.00278 0.07469 0.99720 e
518.01026 5.71103 0.22242 0.22208 0.94932 x
519.76508 22.42833 0.02494 -0.02253 0.99943 xb
520.30099 6.66349 0.19394 -0.10316 0.97557 x
520.52476 9.71211 0.48767 0.14327 0.86119 eb
520.93768 16.16921 -0.56664 -0.42913 0.70339 eb
523.00048 4.40726 -0.38011 -0.18448 0.90636 eb
525.91002 21.54274 0.05376 -0.09115 0.99438 e
530.10670 16.35053 0.17603 -0.22909 0.95736 xb
531.63058 21.99114 -0.12828 -0.18194 0.97491 eb
532.34223 10.79524 0.12034 -0.23066 0.96556 xb
533.51535 20.25843 0.11641 0.14943 0.98190 eb
533.53910 13.41935 0.23213 0.02352 0.97240 x
534.03047 13.38435 -0.57823 -0.17971 0.79583 e
536.42743 19.12839 0.04329 0.18776 0.98126 e
536.44449 11.77851 0.18761 0.07173 0.97962 xb
541.97122 25.47385 0.20592 0.10662 0.97274 eb
542.29250 9.63146 0.24690 -0.15341 0.95682 eb
542.45637 43.08661 -0.13325 -0.14555 0.98034 e
542.98357 19.80505 -0.40911 -0.66578 0.62399 e
543.62019 16.10614 -0.07922 -0.11052 0.99071 e
546.87421 18.20583 -0.26734 0.12937 0.95488 e
547.95098 30.23139 0.04409 -0.08352 0.99553 xb
555.87984 17.18374 0.67381 0.00534 0.73888 eb
555.89288 13.81871 0.05829 0.29195 0.95466 eb
557.19440 15.65574 -0.45057 -0.22213 0.86467 xb
561.24072 9.43641 0.00081 -0.14275 0.98976 e
564.89097 21.62008 0.06858 -0.08115 0.99434 e
569.48314 14.28259 -0.20829 0.49334 0.84453 x
572.62625 16.60097 0.03023 -0.07392 0.99681 e
585.18910 17.68118 0.04400 -0.51693 0.85489 eb
588.68442 14.42614 -0.02832 -0.19575 0.98024 eb
595.19259 12.76946 0.41438 -0.08857 0.90578 e
597.15472 28.66178 0.32097 0.78420 0.53105 e
598.69792 2.24270 0.63464 0.21764 0.74153 xb
598.82767 19.52520 0.07369 0.09931 0.99232 e
599.52817 11.72359 0.55489 -0.22446 0.80107 eb
599.80737 6.14834 0.16484 0.08449 0.98270 e
602.94996 16.84219 -0.16072 -0.41033 0.89766 e
615.17365 21.30418 0.14621 -0.05829 0.98753 e
616.15007 16.60581 -0.51898 0.49281 0.69842 eb
624.07746 5.97765 0.02438 0.08810 0.99581 e
624.88680 17.42033 -0.68325 0.11702 0.72075 e
631.99054 15.89449 -0.00134 -0.28003 0.95999 x
633.81474 16.09125 0.24633 -0.08760 0.96522 e
635.32078 39.46813 -0.00714 0.00242 0.99997 e
642.88085 23.06422 0.05266 -0.07083 0.99610 e
649.98042 25.45626 0.07323 0.22676 0.97119 e
654.62225 16.83745 0.03147 -0.09723 0.99476 e
659.17441 5.14879 0.49444 -0.53167 0.68765 eb
660.52479 12.27213 0.20369 0.49255 0.84611 eb
661.61819 8.90879 -0.24191 -0.18433 0.95263 e
662.65615 19.13000 -0.23067 -0.02104 0.97280 e
670.78775 11.24531 -0.24379 -0.46443 0.85139 x
673.93151 16.47978 -0.62488 -0.13611 0.76877 x
677.03391 16.12897 0.04277 -0.03379 0.99851 e
687.24639 31.94035 0.14135 -0.02390 0.98967 e
692.76860 16.75985 -0.18154 -0.35119 0.91854 e
695.60480 19.98901 0.35435 0.06841 0.93261 x
698.39325 6.23087 0.35392 0.19046 0.91568 e
698.45815 19.76521 -0.07665 0.12437 0.98927 e
698.50025 18.89655 0.62382 -0.35210 0.69776 x
708.27278 15.78559 0.13466 -0.08060 0.98761 e
710.45051 19.27071 -0.22488 -0.48863 0.84301 eb
710.64096 13.62917 -0.10884 -0.08369 0.99053 e
712.55842 7.46130 0.12606 0.29680 0.94658 e
714.87252 11.42701 -0.15274 0.76252 0.62868 e
720.48941 16.20636 -0.22077 -0.16713 0.96090 e
720.49656 7.86589 -0.37139 0.00650 0.92845 e
723.58648 18.34934 -0.25547 -0.42361 0.86907 e
725.75030 22.89360 -0.68067 -0.03380 0.73181 e
731.05310 8.54993 0.08005 -0.30887 0.94773 x
732.19574 9.48164 0.45699 -0.25305 0.85272 x
738.29617 23.01932 0.03768 -0.49649 0.86722 e
738.65579 22.38453 -0.51974 -0.54029 0.66178 e
742.43775 19.61244 -0.11645 0.04365 0.99224 e
746.21136 16.26494 -0.21773 -0.15469 0.96367 e
746.69243 14.99919 0.33823 0.16965 0.92564 e
747.10398 27.01089 -0.36853 0.16610 0.91466 e
747.45408 18.78544 0.13454 0.09388 0.98645 eb
749.53611 10.85033 0.51103 -0.61058 0.60501 eb
758.97722 7.37993 0.63371 -0.20056 0.74712 eb
760.88107 5.15884 -0.21993 -0.06681 0.97322 xb
770.18677 30.46256 0.24211 -0.22042 0.94488 e
770.28498 15.31263 0.09508 0.03845 0.99473 x
770.97065 13.01335 -0.21926 0.33525 0.91626 eb
773.05182 13.33974 0.27854 0.19862 0.93966 xb
773.66079 14.04622 0.17577 -0.03161 0.98392 e
774.51805 21.39681 -0.04431 0.00318 0.99901 e
782.44997 10.27187 -0.08961 -0.05267 0.99458 e
786.17374 9.93436 0.09018 -0.39419 0.91459 xb
787.68408 12.51446 -0.12947 0.12009 0.98428 e
803.02447 19.05753 0.11575 -0.01637 0.99314 x
803.25355 30.99641 -0.01192 -0.36944 0.92918 e
804.16322 10.36937 -0.25785 0.13432 0.95680 e
807.31571 15.67774 0.17839 -0.13434 0.97475 e
807.91621 24.15604 0.24826 -0.15564 0.95611 e
811.04785 25.80491 -0.01966 0.07362 0.99709 x
814.29244 5.18473 -0.22479 -0.15272 0.96236 e
815.58718 13.32394 0.23243 0.17144 0.95738 e
817.91839 11.18481 -0.48484 0.65997 0.57391 e
818.81894 15.46657 -0.12047 0.34203 0.93193 e
820.51848 14.78994 -0.08683 0.22039 0.97154 eb
820.87332 18.70965 0.12519 -0.02208 0.99189 x
821.75548 13.97031 0.20039 0.30632 0.93060 e
828.56167 10.32084 0.12915 0.40282 0.90612 eb
830.14300 16.19829 -0.46139 -0.20549 0.86307 eb
830.32337 11.08321 0.16499 -0.05265 0.98489 e
831.14991 22.97468 0.17939 0.12555 0.97573 xb
832.68447 30.98796 -0.26558 0.11023 0.95777 eb
854.27176 5.90881 -0.10076 -0.71714 0.68961 eb
854.36952 10.08607 -0.46845 -0.09217 0.87867 e
856.40610 22.72231 -0.09416 0.03693 0.99487 e
860.24446 29.07711 0.29008 -0.10816 0.95087 eb
861.72279 12.67954 -0.17467 -0.24050 0.95480 e
863.28452 18.76530 0.10262 0.00157 0.99472 e
864.63946 17.57569 0.20121 -0.20962 0.95686 e
868.80586 33.44047 -0.15615 0.00554 0.98772 e
871.49032 11.65967 0.02372 0.41282 0.91050 xb
872.59099 6.94323 -0.11822 -0.15589 0.98068 e
875.58368 2.03782 -0.23474 0.35995 0.90296 e
882.16037 16.19879 0.08982 0.01962 0.99576 e
884.19067 32.48979 0.00147 0.30004 0.95393 x
887.46415 12.29425 0.55273 -0.06719 0.83065 e
888.29714 23.83761 0.41098 0.60875 0.67862 eb
889.38659 17.89671 0.35116 -0.21831 0.91051 e
896.00047 8.96245 -0.02851 0.20434 0.97848 e
896.79954 5.08118 -0.15457 -0.10119 0.98279 e
897.79661 23.51394 -0.21861 0.03963 0.97501 e
899.07120 15.68665 0.10621 -0.00702 0.99432 eb
899.14194 18.48158 0.09608 -0.23189 0.96799 e
900.11747 18.70200 -0.31667 -0.17646 0.93198 e
903.35534 21.38837 0.05085 -0.21948 0.97429 e
912.20975 5.36614 0.21618 0.03200 0.97583 e
923.00904 27.92710 -0.28446 0.14302 0.94796 eb
923.81395 9.57766 -0.08731 0.43132 0.89796 e
929.73476 33.85835 0.49567 0.09938 0.86281 xb
930.76237 4.92933 -0.56395 0.08664 0.82125 e
931.62353 18.38631 0.48802 0.51379 0.70559 eb
935.71776 14.22492 0.06464 -0.09346 0.99352 x
941.29498 7.95047 0.19296 0.32644 0.92531 x
942.94846 14.53333 -0.52797 -0.26042 0.80835 e
949.04589 22.85043 -0.12492 0.32307 0.93810 eb
949.18424 16.85889 0.00084 0.05100 0.99870 eb
949.56983 11.51077 0.07992 -0.18519 0.97945 xb
950.57050 5.99353 -0.28385 0.54866 0.78638 e
954.63090 14.43181 -0.32307 -0.19396 0.92629 eb
955.26680 23.15776 -0.18058 -0.01338 0.98347 x
956.39739 12.90618 -0.04641 -0.06589 0.99675 x
958.52065 12.68974 0.05341 -0.05973 0.99679 e
965.58763 13.32052 -0.05426 -0.04065 0.99770 e
981.26858 14.44937 0.06784 -0.19730 0.97799 eb
985.68022 13.89870 -0.12724 -0.27813 0.95208 e
987.07580 10.40238 -0.04194 0.02016 0.99892 e
988.62715 12.75768 0.15885 -0.60420 0.78084 e
989.80835 2.73471 0.03896 -0.03363 0.99867 e
994.38779 17.07434 -0.61878 -0.28389 0.73247 x
1002.88470 15.42157 0.21527 0.02301 0.97628 e
1004.64615 20.54417 -0.14573 -0.15052 0.97781 e
1007.81659 14.75171 -0.24804 -0.16383 0.95480 e
1011.67373 9.83466 -0.02948 -0.01266 0.99949 xb
1021.77788 19.41802 0.00239 0.08335 0.99652 e
1023.23608 19.65783 -0.00477 0.01109 0.99993 e
1023.89053 13.39162 0.13992 0.12846 0.98179 xb
1025.14709 16.20700 0.58354 -0.42791 0.69020 eb
1025.45270 22.75444 -0.18411 0.06244 0.98092 xb
1026.80415 51.39171 0.03579 0.19223 0.98070 e
1028.42760 14.63391 0.23904 -0.05641 0.96937 xb
1036.74878 22.47571 0.01075 0.32082 0.94708 eb
1037.76596 18.42508 0.10164 -0.00361 0.99481 x
1041.45102 15.31405 0.25453 0.13724 0.95728 eb
1043.36923 4.64832 -0.24005 0.01453 0.97065 e
1047.47932 23.07115 -0.27371 0.10878 0.95564 xb
1049.08573 30.87224 -0.03298 0.11646 0.99265 e
1051.90917 25.64740 -0.15148 0.07503 0.98561 e
1054.39570 8.45768 0.44561 -0.07972 0.89167 e
1060.97089 13.33705 -0.23960 -0.08815 0.96686 e
1061.27482 7.72946 -0.16276 -0.07522 0.98379 e
1067.13215 14.00559 -0.06098 -0.16379 0.98461 eb
1070.89474 27.02837 0.07663 0.02586 0.99672 e
1073.16830 34.07690 0.45256 -0.11780 0.88392 e
1083.16753 28.35469 -0.03064 0.05503 0.99801 e
1083.61610 18.72202 0.23935 0.41026 0.88000 x
1085.85595 26.01069 -0.54302 0.01088 0.83965 e
1086.85254 23.99673 -0.06946 0.17212 0.98262 e
1092.97632 22.50776 -0.13841 0.07393 0.98761 e
1097.58880 26.55194 0.05293 -0.55814 0.82806 e
1098.92616 21.51296 -0.18497 -0.03357 0.98217 xb
1099.00255 7.08766 0.26248 -0.12627 0.95664 e
1101.16087 21.40087 0.06089 -0.13929 0.98838 e
1104.83260 20.81033 -0.01622 -0.11746 0.99295 e
1104.99035 12.24659 -0.09597 0.04956 0.99415 x
1106.86261 18.16440 0.26960 -0.38980 0.88055 eb
1107.00224 3.41392 -0.11541 -0.42439 0.89809 e
1107.67373 18.07772 -0.11464 0.28706 0.95103 e
1113.06798 13.29238 -0.12903 0.04806 0.99048 eb
1115.98225 26.05946 -0.00901 0.09175 0.99574 e
1122.09115 13.67882 -0.03415 -0.12565 0.99149 e
1123.76509 5.31590 0.52351 0.36383 0.77043 e
1130.69555 34.24652 -0.43768 0.37992 0.81492 e
1138.50925 8.33029 0.15642 0.49829 0.85278 xb
1148.22320 7.71687 -0.30956 -0.08736 0.94686 eb
1149.74943 25.65051 -0.00934 -0.11074 0.99381 e
1154.53165 24.70199 0.05652 -0.05039 0.99713 e
1162.50593 11.03800 0.44863 0.38835 0.80493 x
1163.91823 6.78506 0.25124 0.06962 0.96542 e
1170.41755 15.23781 -0.44055 0.65315 0.61589 eb
1172.77532 15.21010 -0.09144 0.19090 0.97734 eb
1174.09386 30.78723 -0.02978 -0.05565 0.99801 e
1187.56978 5.91867 -0.11429 -0.15776 0.98084 e
1188.99076 8.99045 0.19006 -0.44079 0.87726 e
1196.23268 15.00773 -0.01642 -0.04897 0.99867 e
1197.88329 30.28819 0.01367 -0.05603 0.99834 e
1198.89876 18.08231 0.32268 -0.67771 0.66074 e
1208.31280 15.14355 -0.34063 0.01725 0.94004 eb
1210.34075 23.83500 0.49257 0.12534 0.86120 e
1213.95510 9.91776 -0.31071 0.32349 0.89376 e
1216.07414 14.32293 -0.37268 -0.49942 0.78210 e
1217.33317 16.71061 0.18487 0.16608 0.96863 x
1224.97165 19.02366 -0.02653 0.05487 0.99814 e
1226.39535 32.03875 0.07028 -0.70070 0.70999 xb
1226.85157 14.81320 0.17003 -0.15213 0.97362 e
1233.23988 4.99883 0.52761 0.28750 0.79936 eb
1233.71138 15.55535 -0.30745 0.36570 0.87849 e
1234.81364 15.10053 0.28958 -0.03164 0.95663 e
1240.12445 22.94206 0.02501 -0.16456 0.98605 e
1242.34973 18.09326 -0.23952 -0.22531 0.94438 e
1242.65157 29.98673 -0.11459 -0.10095 0.98827 xb
1249.36447 17.42310 -0.00096 -0.23614 0.97172 x
1250.74531 15.82517 -0.61933 -0.13231 0.77390 x
1253.15687 22.55760 -0.33836 0.49333 0.80134 e
1258.20353 11.42314 -0.32555 0.42400 0.84513 e
1259.70957 8.16315 0.03781 0.09645 0.99462 eb
1260.41034 13.61878 -0.27658 -0.49495 0.82373 eb
1261.83705 19.14853 -0.04014 0.08942 0.99519 e
1276.07329 17.36264 -0.31237 -0.41916 0.85248 e
1278.39801 21.12538 -0.16579 -0.09939 0.98114 e
1285.27954 10.76658 -0.31655 0.02777 0.94817 e
1286.01457 13.82259 0.11569 0.05998 0.99147 e
1288.73849 24.21720 -0.14357 -0.01891 0.98946 e
1290.38242 18.96790 0.15421 0.06261 0.98605 e
1290.78068 22.35066 0.05217 0.01861 0.99846 e
1300.62599 8.43576 -0.01236 -0.12899 0.99157 e
1301.09473 4.54936 -0.06505 -0.01328 0.99779 e
1307.31010 8.19518 0.64288 -0.17623 0.74542 e
1311.15927 11.37037 -0.04936 0.33036 0.94256 eb
1312.13657 7.48023 -0.02663 0.05506 0.99813 e
1313.99675 16.31588 0.08157 0.27445 0.95814 eb
1314.52386 25.97790 -0.00848 -0.07057 0.99747 e
1318.05177 19.79502 -0.15625 -0.08227 0.98429 xb
1320.79587 14.98547 -0.05515 0.28064 0.95823 x
1335.75378 13.64052 -0.27542 0.11077 0.95492 eb
1339.63347 23.29145 0.17617 0.49600 0.85027 e
1348.18186 18.52666 -0.16698 0.21204 0.96289 xb
1350.52146 18.30488 -0.38530 0.39880 0.83217 eb
1351.90637 28.01565 -0.17526 -0.07935 0.98132 e
1363.22183 14.26835 -0.05945 0.31982 0.94561 e
1370.01253 33.16833 0.44354 0.40683 0.79860 e
1376.43566 40.85419 -0.35703 -0.21495 0.90903 xb
1376.55350 19.60381 0.15566 0.39925 0.90353 xb
1379.65085 12.76556 -0.30630 -0.04408 0.95091 e
1380.28908 7.98169 0.08929 -0.11303 0.98957 e
1382.51647 10.20462 0.12939 -0.29659 0.94620 eb
1393.60774 1.21596 0.29731 -0.56833 0.76721 xb
1397.41386 15.32223 -0.43970 -0.01838 0.89796 xb
1399.26040 9.53221 -0.47899 -0.12320 0.86913 xb
1407.29635 17.06392 -0.05844 -0.48169 0.87439 x
1411.15403 24.27713 -0.06258 -0.34321 0.93717 e
1412.71491 17.98407 0.03037 0.10642 0.99386 e
1413.32797 20.89464 0.14819 -0.08165 0.98558 e
1419.23936 15.39324 0.61970 -0.15464 0.76945 eb
1439.80887 17.41992 -0.13178 0.22839 0.96461 e
1442.47454 15.49323 0.57097 -0.27136 0.77483 e
1447.32481 15.32023 0.47595 0.27818 0.83432 eb
1451.26892 11.76953 0.32567 -0.11460 0.93851 e
1461.86279 14.02373 0.07012 -0.04206 0.99665 e
1463.25112 24.70244 -0.07650 -0.03592 0.99642 eb
1467.50853 13.95155 0.09190 0.05225 0.99440 x
1467.96453 17.56694 0.26710 -0.47748 0.83706 e
1468.23888 11.16199 -0.11366 0.21689 0.96956 e
1475.63212 25.14033 0.09531 -0.21481 0.97199 e
1482.64295 9.71108 -0.06895 -0.10100 0.99249 e
1488.62933 15.52857 -0.09443 -0.53177 0.84161 x
1505.07726 52.42742 -0.09601 0.37373 0.92256 e
1505.68176 25.30110 -0.23919 0.05292 0.96953 e
1511.31439 21.82263 -0.10852 0.19158 0.97546 e
1516.68181 23.57514 0.18428 -0.38070 0.90615 eb
1517.74134 18.17546 0.27160 -0.23570 0.93310 eb
1523.57630 9.99090 -0.20999 -0.04856 0.97650 e
1524.62193 37.00726 0.05797 0.08299 0.99486 e
1524.73110 14.96587 0.11706 0.37349 0.92022 e
1528.34348 8.71009 0.11204 0.12482 0.98583 e
1531.60146 26.06610 -0.13360 -0.14479 0.98040 e
1533.16864 23.64134 0.04950 -0.27509 0.96014 eb
1541.66451 19.47917 0.05439 -0.13416 0.98947 x
1550.50677 3.62232 -0.07555 -0.34050 0.93721 xb
1554.45979 28.10109 -0.01795 0.07333 0.99715 e
1556.03276 23.27431 0.10623 -0.24651 0.96330 e
1556.52683 9.67493 -0.70480 0.25838 0.66068 e
1557.48077 12.45609 0.32707 -0.31041 0.89256 xb
1559.77530 6.97111 -0.29208 0.03044 0.95591 e
1563.08140 15.09908 0.00647 0.13742 0.99049 e
1567.83410 32.15054 0.23308 0.26079 0.93683 e
1569.28377 12.08561 -0.15945 -0.14805 0.97604 x
1569.92011 6.49553 -0.81256 -0.21548 0.54158 e
1575.02363 18.60080 0.02953 -0.18640 0.98203 e
1575.10519 14.49286 -0.22713 -0.56566 0.79274 eb
1575.92628 18.54518 0.45972 0.03532 0.88736 x
1592.49407 22.95803 -0.24643 0.15898 0.95603 eb
1609.75303 10.87560 -0.12439 -0.16250 0.97884 e
1612.61173 5.52742 0.05578 -0.20768 0.97660 e
1617.71082 10.72335 -0.72651 0.00877 0.68710 e
1635.38721 18.21091 0.19012 0.46262 0.86593 x
1635.68166 12.20870 0.14756 0.38711 0.91015 eb
1638.48607 14.43807 0.08848 -0.13574 0.98679 e
1642.65855 10.54468 0.25935 -0.11622 0.95877 eb
1646.62267 31.91686 0.08004 -0.30629 0.94857 x
1647.66657 26.73563 0.10137 0.22695 0.96862 x
1649.80523 20.80274 -0.15300 -0.02135 0.98800 e
1652.19077 6.30901 -0.09713 0.12623 0.98723 e
1653.94771 16.49179 0.07966 0.41538 0.90616 eb
1661.36136 1.80629 -0.40032 -0.63229 0.66330 e
1667.65077 18.86612 0.00646 -0.11551 0.99328 e
1671.97087 10.92559 0.03271 0.15339 0.98762 eb
1672.91818 14.03451 0.56582 0.13323 0.81369 eb
1676.70831 17.97862 -0.43946 -0.24769 0.86343 xb
1701.28159 25.11622 -0.33740 0.47483 0.81283 e
1701.31585 12.86888 0.18987 -0.18409 0.96440 eb
1706.76704 8.20779 -0.43563 0.17898 0.88215 xb
1708.82920 19.90573 -0.11356 -0.40510 0.90719 e
1714.56222 13.20603 -0.02809 0.34365 0.93868 e
1715.21944 13.50395 0.24351 -0.32383 0.91424 e
1719.11596 8.61666 -0.08085 0.06258 0.99476 e
1721.71487 12.06941 -0.11772 0.03316 0.99249 x
1733.43788 11.87142 0.16524 0.18600 0.96856 x
1734.03109 21.81853 -0.00498 -0.36374 0.93149 e
1735.09658 5.19004 0.03925 0.74176 0.66951 eb
1740.20267 20.12982 -0.25942 0.17792 0.94923 e
1745.31218 8.40909 -0.11032 -0.35755 0.92736 x
1745.81108 7.30154 0.36322 -0.41761 0.83287 eb
1749.42802 8.58981 -0.20898 0.14929 0.96646 e
1777.83064 3.98400 0.67596 0.11935 0.72721 e
1778.18808 20.11959 0.17746 0.37560 0.90963 e
1791.39234 13.07395 -0.04644 -0.25668 0.96538 e
1793.41941 6.54677 0.13914 -0.19366 0.97115 xb
1801.42791 27.14236 0.88166 -0.03890 0.47028 e
1806.57810 17.22435 -0.02251 -0.24342 0.96966 e
1819.56423 22.44679 -0.39502 0.02336 0.91838 eb
1821.24163 27.17227 -0.13180 0.10032 0.98619 xb
1834.09831 7.64471 -0.27536 0.34102 0.89883 e
1839.99159 24.26498 -0.02158 0.29070 0.95657 e
1844.43038 5.08475 -0.30395 -0.72918 0.61312 xb
1854.10666 22.60353 -0.08777 0.16363 0.98261 e
1854.75405 30.83857 -0.11186 0.05182 0.99237 e
1861.33773 7.72862 0.33239 0.13531 0.93339 e
1862.20864 10.10949 0.16362 -0.14033 0.97649 e
1872.37402 10.50232 0.15305 -0.26093 0.95315 e
1872.54919 21.81523 -0.05384 -0.03551 0.99792 e
1880.18575 15.02553 -0.04882 -0.04839 0.99763 e
1884.90241 10.89056 0.24740 -0.51913 0.81810 e
1886.73254 9.90618 -0.16333 0.02605 0.98623 e
1889.04241 21.30651 0.05682 0.03398 0.99781 e
1889.34794 10.81815 0.10152 0.45404 0.88518 eb
1893.03173 7.64005 0.20545 -0.01487 0.97855 e
1896.91159 29.02576 -0.11368 0.12249 0.98594 e
1897.01860 14.62770 0.32846 0.16159 0.93059 e
1900.70808 19.15292 -0.00150 0.27677 0.96094 eb
1900.80143 14.77427 0.19765 -0.29223 0.93570 e
1909.14396 13.44630 -0.15716 -0.11515 0.98084 e
1913.27820 22.82884 0.25840 0.05530 0.96446 e
1915.88075 27.41613 -0.18657 -0.07579 0.97951 e
1925.54216 6.75348 -0.18930 0.44702 0.87427 eb
1929.91475 11.02310 -0.51545 -0.17181 0.83952 x
1930.54066 11.47629 -0.06987 0.16962 0.98303 eb
1937.87896 4.89692 -0.13123 -0.22187 0.96621 e
1953.13511 20.15797 -0.24359 0.33236 0.91115 e
1961.22961 14.47869 0.32251 0.22580 0.91924 eb
1963.16586 9.19114 -0.23407 0.12849 0.96369 x
1967.32792 30.20242 0.30131 0.31211 0.90100 xb
1979.61359 7.97822 -0.28296 -0.03474 0.95850 eb
1988.65196 24.43437 -0.06277 0.07053 0.99553 e
1995.40643 20.48778 0.05030 -0.14896 0.98756 e
2000.13970 17.65286 -0.05995 0.13488 0.98905 e
2001.15706 9.26485 -0.00901 0.22316 0.97474 eb
2004.55412 9.06745 0.22681 0.16529 0.95981 e
2006.55814 12.35047 -0.15491 -0.31141 0.93756 eb
2009.69733 6.52049 -0.34407 0.15518 0.92603 e
2021.62046 24.48011 0.05639 0.21795 0.97433 e
2026.57440 5.71788 0.26933 0.39253 0.87942 e
2031.21901 21.20226 -0.01360 0.16698 0.98587 e
2038.10324 6.99181 0.42531 0.15479 0.89171 e
2042.33645 9.77841 0.14282 -0.41859 0.89688 e
2057.63413 14.73396 0.56587 -0.11025 0.81709 eb
2065.45295 15.39753 -0.61860 -0.29664 0.72756 eb
2074.13852 16.43918 0.40361 -0.75960 0.51000 e
2090.28320 8.16030 0.31123 0.77139 0.55507 e
2100.18836 14.02070 0.20202 0.01028 0.97933 e
2101.19746 22.03877 0.23819 0.05450 0.96969 e
2103.53274 13.09787 -0.61616 0.06373 0.78504 x
2114.33828 23.47493 -0.00753 -0.18649 0.98243 xb
2114.99610 6.79741 0.06464 -0.16050 0.98492 e
2118.40221 12.68527 0.07011 0.02248 0.99729 e
2121.39112 19.09240 -0.31611 0.12241 0.94079 xb
2126.06296 11.39362 0.13878 -0.04494 0.98930 x
2131.56188 19.85803 -0.02678 0.58993 0.80701 xb
2133.66225 9.10454 -0.11032 0.30562 0.94574 xb
2134.85992 15.32755 0.06586 -0.03861 0.99708 x
2147.75054 6.03669 0.21601 0.06669 0.97411 eb
2156.09066 26.77684 0.16535 0.08381 0.98267 e
2156.61455 4.84960 -0.16950 -0.23386 0.95738 eb
2162.21596 8.92605 0.53933 -0.56586 0.62364 eb
2168.28387 36.21317 -0.25787 0.13241 0.95706 e
2172.07811 8.83423 -0.15232 -0.05642 0.98672 xb
2174.50897 16.61311 -0.06909 0.16377 0.98408 e
2182.69389 18.76341 -0.17037 -0.11080 0.97913 x
2183.20863 20.50578 -0.20437 -0.34013 0.91790 eb
2187.13895 7.24273 0.21980 -0.16353 0.96174 e
2189.76983 15.41810 -0.10214 0.16502 0.98099 e
2190.25994 26.53747 0.35145 -0.29733 0.88774 e
2190.49593 17.25021 -0.08473 -0.04411 0.99543 e
2191.47135 13.43303 0.37855 -0.68990 0.61704 xb
2201.43676 26.97276 -0.15670 0.17865 0.97135 xb
2209.35414 5.09418 0.69324 0.02872 0.72014 eb
2209.97080 9.94818 -0.10665 -0.38010 0.91878 e
2211.54651 22.24267 0.07857 -0.62632 0.77559 eb
2240.95096 16.84407 -0.14926 0.10519 0.98319 e
2247.82557 6.06211 0.14325 0.77248 0.61867 xb
2251.89138 14.96934 0.17307 0.00124 0.98491 e
2252.12634 18.82213 -0.18407 -0.26812 0.94564 e
2253.00769 19.64211 0.24599 -0.64810 0.72074 eb
2259.02288 5.24315 0.72682 -0.33360 0.60036 e
2263.73670 26.93393 0.12470 0.08117 0.98887 eb
2272.98404 10.84164 0.31631 0.18778 0.92988 eb
2275.25931 20.42890 0.14497 -0.34208 0.92842 e
2279.87823 24.41869 -0.09339 0.23678 0.96707 eb
2283.02620 5.71602 0.60280 0.50785 0.61540 e
2292.45598 8.63301 0.17774 -0.06996 0.98159 e
2300.41363 12.54043 -0.15881 -0.09939 0.98229 e
2304.46173 4.76681 0.61627 0.35993 0.70047 eb
2313.78470 23.20815 0.21781 -0.21109 0.95289 x
2315.60060 22.83765 0.07499 0.25882 0.96301 e
2320.61370 11.10906 -0.24587 -0.10592 0.96350 e
2322.17438 21.53990 0.08993 0.06184 0.99403 e
2323.78660 12.53693 -0.21299 0.30356 0.92870 e
2337.69730 9.12803 0.13994 0.19747 0.97027 eb
2338.56060 23.07087 -0.14834 -0.00269 0.98893 e
2361.25300 20.65465 -0.12149 0.13760 0.98301 eb
2361.99250 7.18036 -0.06085 0.47375 0.87856 e
2366.42193 10.52457 0.42994 -0.17889 0.88496 e
2377.49711 8.15735 0.38017 0.30668 0.87260 e
2384.83291 12.03951 -0.17662 -0.38731 0.90487 e
2395.29189 8.21609 -0.03494 -0.29398 0.95517 xb
2397.15966 14.15099 0.61385 0.26577 0.74334 e
2400.81522 13.42880 -0.46691 -0.00011 0.88431 e
2404.57491 30.38050 0.26377 -0.15433 0.95216 e
2412.43097 6.18992 0.71126 0.27633 0.64633 xb
2429.15155 15.89540 0.17539 0.02969 0.98405 e
2433.54349 16.26861 -0.03813 -0.23295 0.97174 x
2439.57997 7.51869 0.34780 0.02936 0.93711 e
2440.08210 7.06423 0.15242 0.03903 0.98754 e
2440.90464 17.51442 -0.21641 0.34702 0.91255 xb
2464.96344 4.56239 -0.38184 -0.24941 0.88994 e
2465.75117 13.14790 0.13488 0.15145 0.97922 e
2469.10462 9.12920 -0.12164 -0.13397 0.98349 e
2477.07280 5.23366 -0.10055 0.15415 0.98292 eb
2489.58844 23.38282 0.39306 -0.54180 0.74294 eb
2490.33149 5.09816 -0.01193 -0.22417 0.97448 eb
2493.02173 17.03025 0.09164 0.11841 0.98873 e
2505.19857 8.35018 0.25333 0.40026 0.88069 e
2511.44961 16.77473 0.61387 0.38269 0.69044 eb
2522.82611 11.94256 0.34080 0.39795 0.85176 eb
2530.09342 27.85139 0.13150 0.31325 0.94052 e
2548.53502 19.09044 -0.14286 -0.10443 0.98422 e
2548.80442 17.09642 -0.17953 0.70472 0.68640 e
2553.32807 11.83235 0.14704 0.12435 0.98128 xb
2553.51988 9.47111 -0.10614 0.09137 0.99014 e
2561.95157 15.60322 0.04688 -0.02585 0.99857 e
2562.56730 7.42815 -0.15758 -0.31230 0.93682 eb
2563.59909 16.85943 0.04930 -0.54280 0.83841 eb
2566.49872 11.26424 0.29042 -0.25587 0.92206 e
2574.09966 18.52689 0.55427 -0.03109 0.83176 e
2575.05596 23.26157 0.23941 -0.07874 0.96772 e
2575.21539 13.31040 -0.49721 -0.11280 0.86027 eb
2575.34659 15.14027 -0.67443 0.42530 0.60355 e
2577.83116 7.30175 0.18173 0.11167 0.97699 e
2581.53943 15.92715 0.12629 0.52941 0.83891 e
2584.34642 12.57950 -0.34528 0.29061 0.89237 eb
2592.58797 6.49145 -0.07560 0.80846 0.58368 e
2612.04926 6.22554 -0.23618 0.04011 0.97088 e
2620.06620 14.70299 -0.34888 0.05531 0.93553 e
2623.47323 20.13290 -0.39206 0.13068 0.91061 e
2630.00222 17.50931 -0.24751 -0.12949 0.96019 eb
2637.56881 17.13409 -0.14718 0.04292 0.98818 e
2640.10488 17.20334 -0.02956 -0.38204 0.92367 xb
2648.28332 8.54940 0.15690 -0.79831 0.58145 x
2649.68282 2.84834 0.81079 -0.10949 0.57501 e
2656.64700 4.82717 -0.26219 -0.77121 0.58007 xb
2686.95571 7.98880 0.38624 0.26843 0.88248 e
2689.04402 9.35017 -0.53653 0.42330 0.73004 e
2689.46197 7.17163 0.23023 0.08267 0.96962 e
2690.72170 18.59124 0.07617 -0.20002 0.97683 e
2691.40849 15.77272 -0.52544 0.32569 0.78603 e
2694.65794 11.81845 0.28083 -0.09321 0.95522 e
2698.57056 26.46803 -0.02692 0.04601 0.99858 e
2707.86634 20.72717 -0.24128 0.06778 0.96808 eb
2722.74571 10.97082 0.17248 0.41721 0.89230 x
2729.83320 9.29431 -0.39255 0.00679 0.91970 eb
2734.72684 19.68658 -0.30362 0.18028 0.93558 e
2744.87595 20.53348 0.12311 0.15638 0.97999 e
2762.72236 12.27101 0.23596 -0.25079 0.93884 e
2765.84098 20.30493 -0.31906 0.47253 0.82153 x
2767.75488 6.81332 -0.54285 0.28351 0.79053 eb
2785.23878 35.24541 -0.12615 0.05155 0.99067 e
2788.07292 23.61785 0.06102 0.15567 0.98592 e
2789.80352 20.02581 -0.30911 0.33515 0.89001 eb
2797.97298 16.71037 -0.14979 0.20443 0.96735 e
2801.76083 2.92845 -0.25582 -0.12514 0.95859 e
2801.93708 8.04207 -0.86225 0.04945 0.50407 e
2802.15087 14.68585 0.13804 -0.06268 0.98844 e
2802.35983 31.49059 -0.04116 0.04752 0.99802 e
2807.56671 8.08246 0.29515 0.13428 0.94597 eb
2819.60360 22.23016 -0.16563 -0.06703 0.98391 e
2823.85113 11.43714 0.28772 0.00918 0.95767 eb
2837.82653 24.60978 0.13357 -0.13474 0.98184 eb
2842.11616 25.22289 0.38922 0.45915 0.79855 e
2847.42166 16.73713 0.14193 -0.42543 0.89379 e
2848.41145 14.30878 -0.35976 -0.06933 0.93046 eb
2855.94647 15.95711 0.16811 0.10165 0.98051 e
2869.94052 17.79321 0.40143 -0.21470 0.89037 e
2874.46949 8.22856 0.41118 0.05221 0.91006 eb
2875.43432 15.68739 -0.08622 0.29923 0.95028 e
2877.34271 13.86189 -0.55610 -0.21585 0.80260 xb
2896.71997 35.52085 0.05982 0.09731 0.99345 e
2904.33459 5.63138 0.41915 -0.34336 0.84048 eb
2909.38904 7.84572 -0.26329 -0.03352 0.96413 e
2911.24079 8.44970 -0.75679 0.26792 0.59622 e
2916.19069 19.36208 -0.27604 0.02039 0.96093 e
2946.34663 23.09484 0.71824 -0.38925 0.57673 e
2951.66638 15.68220 0.08174 -0.13426 0.98757 e
2954.37566 7.29131 -0.12994 -0.75171 0.64656 eb
2958.77545 11.78856 0.51332 0.04941 0.85677 x
2963.38190 13.85761 -0.10176 -0.20155 0.97418 e
2973.99395 12.84066 0.25893 0.01949 0.96570 e
2975.67104 10.61830 -0.07266 -0.17846 0.98126 eb
2975.70799 10.27095 -0.16157 -0.59240 0.78928 eb
2977.63299 15.16091 -0.08444 -0.18534 0.97904 e
2980.13442 8.33248 0.19349 -0.24865 0.94907 e
2982.35484 8.11183 0.16102 -0.02910 0.98652 e
2982.98065 9.91718 0.69459 -0.54087 0.47434 xb
3002.29400 14.16359 0.06216 -0.07039 0.99558 x
3014.63910 33.15643 0.29588 -0.00276 0.95522 eb
3017.86764 7.55108 0.19806 -0.20664 0.95816 e
3023.96745 10.76615 0.63257 -0.15511 0.75881 x
3067.96754 24.41628 0.22097 -0.16527 0.96118 xb
3072.49104 22.96587 0.14038 0.29905 0.94386 e
3079.53904 13.74188 0.32834 -0.33067 0.88479 x
3093.93758 11.19290 0.06965 -0.41797 0.90579 xb
3101.49313 15.13285 0.17802 -0.03865 0.98327 eb
3109.18606 9.76550 0.46343 0.41733 0.78170 xb
3125.98550 18.61250 -0.52993 0.15058 0.83457 e
3131.45247 8.02070 -0.44066 -0.02957 0.89719 x
3133.45240 5.15419 0.35519 -0.22054 0.90841 eb
3148.69411 12.15641 -0.08979 0.14952 0.98467 x
3158.91081 6.06508 -0.57202 0.00105 0.82024 xb
3166.95262 10.19300 -0.15404 0.05575 0.98649 e
3192.76880 11.11486 -0.11204 -0.01650 0.99357 eb
3198.48932 20.44378 -0.12890 -0.24652 0.96053 xb
3201.54175 8.84522 0.17259 0.05612 0.98339 x
3209.10210 11.12579 -0.04286 -0.17678 0.98332 e
3214.49768 5.88078 0.34877 0.55356 0.75626 e
3227.39581 5.91732 -0.53375 0.53439 0.65539 xb
3239.66659 18.84503 -0.11356 -0.15815 0.98086 eb
3248.16819 13.50123 -0.02499 -0.24842 0.96833 e
3251.66129 13.40983 0.11600 -0.13152 0.98450 xb
3259.67262 11.26343 0.17806 0.52762 0.83061 e
3266.32103 6.93839 0.13668 0.14850 0.97942 xb
3272.21475 10.04439 -0.00140 0.73719 0.67568 x
3274.20773 13.04936 -0.16079 0.25300 0.95401 x
3275.29617 6.73952 0.06037 0.43394 0.89891 e
3283.20418 13.74116 -0.33871 -0.44460 0.82922 x
3285.83815 20.43944 -0.07826 -0.23527 0.96877 x
3293.14559 15.13415 0.06399 -0.11726 0.99104 x
3293.38823 18.03977 0.18890 -0.12790 0.97363 e
3297.90970 15.19355 -0.13372 -0.04235 0.99011 xb
3311.80865 25.65957 -0.26989 0.40393 0.87407 x
3320.21390 20.91304 0.11581 0.03391 0.99269 x
3320.99322 24.80056 0.52771 -0.05145 0.84786 e
3335.06095 2.97343 0.13439 0.03959 0.99014 e
3342.02084 7.62553 0.00258 0.25883 0.96592 x
3344.05262 13.86944 0.35398 -0.01840 0.93507 eb
3348.59458 6.81830 0.01815 0.00906 0.99979 e
3348.72911 22.34247 0.39483 -0.12230 0.91058 e
3354.11636 9.40219 -0.38570 0.37650 0.84231 xb
3367.78380 5.99459 0.11379 -0.37395 0.92044 e
3388.86217 7.23446 -0.79784 0.02882 0.60218 x
3392.91530 10.82999 0.16109 0.18413 0.96961 e
3395.05818 5.83246 0.01648 -0.08003 0.99666 e
3413.63015 17.79354 0.46199 -0.27008 0.84476 eb
3427.65049 17.09425 0.34861 -0.18065 0.91969 xb
3443.32554 25.82397 0.02574 -0.02286 0.99941 e
3460.97422 23.39574 0.16943 0.06933 0.98310 e
3464.55814 24.48069 -0.11815 0.09441 0.98850 x
3470.03863 7.32348 0.18966 -0.06304 0.97982 e
3477.65223 7.03140 -0.38384 -0.57953 0.71890 e
3481.58965 12.51214 0.11578 -0.79536 0.59498 eb
3482.56759 13.26336 0.31918 0.52799 0.78699 x
3487.01032 10.14018 -0.41812 -0.17942 0.89050 e
3496.87133 6.14859 -0.15799 -0.16727 0.97317 e
3515.07528 12.65501 0.39997 0.23790 0.88511 eb
3523.60723 19.07646 0.01761 0.06347 0.99783 e
3527.86141 16.26003 -0.24727 -0.26322 0.93251 e
3529.65472 16.51429 0.35358 -0.39869 0.84619 xb
3538.94062 12.85366 0.13520 -0.09271 0.98647 eb
3555.40360 33.59443 0.20241 0.09435 0.97475 xb
3578.40458 4.88856 -0.65399 0.48340 0.58192 e
3581.44753 12.70393 0.01783 0.13289 0.99097 e
3591.82881 20.62324 -0.17694 0.07531 0.98134 x
3592.28387 18.26717 -0.10715 0.02493 0.99393 eb
3594.59855 10.20294 0.40376 0.20396 0.89184 e
3609.21027 16.64264 -0.27406 0.17657 0.94537 eb
3620.55018 13.09258 -0.48882 0.45270 0.74573 e
3631.21064 27.13964 0.05807 -0.07003 0.99585 e
3637.53084 7.10141 -0.14947 -0.01700 0.98862 e
3642.13761 26.90767 0.09902 -0.00802 0.99505 xb
3644.50348 13.69709 0.03931 0.21377 0.97609 eb
3651.49883 6.50119 -0.04983 -0.23590 0.97050 e
3653.51931 18.81499 -0.66173 -0.30729 0.68388 eb
3655.45266 11.53071 -0.18047 -0.07866 0.98043 e
3673.10969 14.03346 -0.08332 0.22547 0.97068 xb
3695.36808 16.19371 -0.17296 -0.32682 0.92912 x
3696.56366 10.50621 0.10768 -0.03507 0.99357 e
3701.16904 11.14966 -0.54256 -0.14928 0.82665 e
3701.26493 18.50401 0.07503 -0.24676 0.96617 x
3704.47951 29.83055 -0.00403 -0.08220 0.99661 e
3717.56836 11.25320 -0.24267 0.08663 0.96623 e
3722.12721 24.76553 0.09951 0.07906 0.99189 x
3737.21759 16.87208 -0.25064 -0.09144 0.96375 e
3748.41847 5.63078 -0.34995 -0.14897 0.92485 e
3754.05139 15.04387 0.13807 -0.36765 0.91966 eb
3757.11734 20.72004 -0.10229 -0.43017 0.89693 x
3759.60944 9.42880 0.01674 -0.16008 0.98696 xb
3761.30906 18.57788 0.19068 0.13557 0.97225 x
3764.83528 20.57048 -0.16501 0.19396 0.96703 e
3781.33852 23.37933 -0.08084 0.05849 0.99501 x
3790.44159 15.99575 -0.51687 0.34472 0.78359 xb
3794.51268 14.10971 0.10799 -0.75897 0.64211 x
3794.68796 22.59748 -0.18725 -0.24333 0.95170 eb
3796.07917 3.49892 -0.41910 -0.13542 0.89779 eb
3796.67447 12.70986 -0.43372 -0.09471 0.89606 xb
3802.27992 7.66245 0.47119 -0.26466 0.84139 xb
3809.90350 10.76859 -0.36110 -0.65760 0.66119 eb
3826.27414 5.43135 0.55063 0.03284 0.83410 x
3829.36123 8.27342 0.22443 -0.13359 0.96529 eb
3852.32673 22.73478 0.12648 0.08635 0.98820 e
3860.58452 6.28935 -0.02114 -0.15904 0.98705 xb
3861.54740 20.87926 0.21432 -0.34317 0.91449 x
3871.36243 14.20664 0.07394 -0.22860 0.97071 e
3874.21526 14.73753 -0.05913 0.03619 0.99759 e
3878.54571 18.29981 -0.59168 -0.40716 0.69580 e
3881.08100 19.94928 0.26948 -0.19184 0.94370 xb
3920.91364 15.10146 -0.24597 0.00351 0.96927 e
3921.95295 14.58582 0.58167 -0.40518 0.70533 eb
3924.25084 14.64257 0.11151 0.05031 0.99249 e
3925.96706 4.23250 0.15352 -0.11303 0.98166 e
3932.79206 19.97834 -0.09152 0.10363 0.99040 xb
3940.60684 6.33780 -0.20357 0.06170 0.97711 e
3942.67755 27.75657 0.18738 -0.07550 0.97938 xb
3972.78984 11.65283 0.24607 -0.04366 0.96827 xb
3984.47258 16.01027 0.04401 -0.24378 0.96883 e
3989.13697 6.87355 -0.22774 -0.20645 0.95158 e
3995.56888 1.45651 0.59653 0.45469 0.66137 x
4010.31457 7.34910 -0.45290 -0.34234 0.82321 eb
4023.54270 10.64814 0.36158 0.16565 0.91751 xb
4024.67905 5.66198 0.31768 0.01919 0.94800 xb
4039.58746 2.31146 -0.08220 0.06710 0.99435 x
4046.82522 7.44415 0.70929 -0.05827 0.70250 e
4047.24411 13.92158 -0.27608 -0.02645 0.96077 e
4053.24345 19.53048 -0.61029 -0.13501 0.78059 eb
4062.85191 11.46431 -0.11864 -0.05774 0.99126 x
4064.82741 16.80689 -0.23663 0.40199 0.88454 x
4071.48283 18.57686 -0.19133 0.07180 0.97890 e
4074.33499 9.52868 0.14220 -0.24425 0.95923 x
4091.09412 6.68420 0.23962 0.37790 0.89430 eb
4093.97845 13.18878 0.30372 -0.09135 0.94837 e
4094.68216 16.82121 -0.51917 -0.10306 0.84844 eb
4136.80321 5.33245 0.11263 -0.10803 0.98775 e
4138.20871 2.91217 -0.17061 -0.15362 0.97329 e
4147.22197 16.61505 0.12797 -0.09382 0.98733 e
4161.13840 8.62239 0.33977 0.33772 0.87778 eb
4174.88355 14.91750 0.12389 -0.15363 0.98033 e
4178.42348 27.37378 -0.13224 0.12633 0.98313 e
4181.73435 4.99019 -0.58162 0.51128 0.63270 eb
4195.58857 18.98590 -0.09111 -0.40553 0.90953 eb
4197.66054 14.63656 -0.00614 0.12847 0.99169 e
4206.78827 12.21295 -0.07541 0.04493 0.99614 e
4216.09821 6.56134 -0.07949 -0.17875 0.98068 e
4220.49214 8.99421 -0.31904 -0.16967 0.93243 e
4241.66038 9.15489 0.33698 0.05629 0.93983 e
4283.18844 3.49347 -0.44943 0.71718 0.53260 xb
4287.50541 16.55826 -0.00931 0.24992 0.96822 x
4294.35521 11.50002 -0.06949 0.04450 0.99659 xb
4305.70587 7.80304 -0.63808 -0.01047 0.76990 xb
4311.29621 15.24915 0.26307 0.18307 0.94725 eb
4312.78965 15.87778 -0.06608 0.08444 0.99423 e
4317.28346 14.37910 -0.20964 -0.31198 0.92667 eb
4319.86319 11.99688 0.12612 0.61989 0.77449 x
4334.99657 8.88084 -0.37540 0.00114 0.92686 e
4354.30837 7.74965 0.48626 -0.21155 0.84782 e
4357.82388 22.15875 -0.31344 -0.36692 0.87586 e
4360.60826 10.72963 -0.52335 0.02101 0.85186 x
4363.08449 12.79242 -0.37694 -0.02197 0.92598 e
4363.61277 16.89429 -0.03921 0.00630 0.99921 e
4374.20718 7.14645 0.05995 -0.39601 0.91629 eb
4387.16636 5.29226 0.04656 0.19588 0.97952 e
4396.69367 9.82483 -0.38716 -0.18686 0.90288 xb
4429.18951 23.26645 0.63591 -0.01006 0.77170 xb
4436.91883 8.95967 -0.29029 0.09821 0.95188 eb
4465.04846 27.62716 0.27798 0.00924 0.96054 xb
4466.96833 13.18914 -0.01789 -0.06587 0.99767 e
4467.55607 7.27444 -0.00241 0.12068 0.99269 xb
4473.87835 7.09452 0.26759 -0.35809 0.89452 eb
4485.80934 9.63170 0.02806 0.11734 0.99270 x
4487.77047 21.03760 -0.45330 -0.57503 0.68107 e
4496.13013 8.83511 0.04272 0.13159 0.99038 e
4502.72238 14.09245 0.19214 -0.11013 0.97517 e
4504.38897 9.80649 0.61897 -0.19938 0.75969 eb
4507.73105 14.66903 -0.04778 -0.02094 0.99864 eb
4534.25078 10.62574 -0.13827 -0.80873 0.57169 x
4581.04902 8.82301 0.61936 -0.18021 0.76415 xb
4598.40760 21.53394 0.09746 0.02763 0.99486 x
4598.59326 16.14361 -0.14881 0.23941 0.95945 e
4599.36289 19.20044 -0.28408 -0.14073 0.94842 e
4602.09307 16.02467 0.13467 -0.37006 0.91920 x
4604.29055 11.30308 0.07538 0.14949 0.98588 x
4620.14611 16.91242 -0.05519 -0.11707 0.99159 xb
4624.71172 26.09598 0.43957 0.31258 0.84206 xb
4631.22116 9.62107 0.10220 -0.55209 0.82749 e
4637.62514 10.26950 0.35526 0.05833 0.93295 e
4643.32798 8.15194 -0.19371 0.45683 0.86820 e
4649.14627 9.40500 0.45152 0.21182 0.86675 xb
4656.69462 15.30310 -0.23018 0.35938 0.90436 xb
4708.59679 9.26379 0.52610 -0.15842 0.83554 e
4712.06750 12.21019 0.65319 0.14327 0.74352 x
4714.58214 23.56195 -0.13342 0.21723 0.96696 e
4741.56603 17.41634 0.02474 0.20909 0.97758 xb
4746.23165 10.06781 0.23308 -0.19267 0.95318 e
4748.25060 30.13547 -0.00276 -0.14735 0.98908 xb
4752.77668 5.49261 -0.23267 0.77686 0.58511 x
4764.19360 14.11478 -0.07600 -0.24234 0.96721 eb
4768.71961 8.76048 0.03565 -0.37395 0.92676 x
4771.67168 6.21803 0.01898 0.29472 0.95539 x
4804.24814 7.18293 0.55229 0.27661 0.78642 x
4810.04382 21.92734 -0.38851 -0.63401 0.66865 eb
4813.47845 19.31425 -0.26532 -0.22427 0.93771 x
4822.03825 18.53715 0.16963 0.00596 0.98549 eb
4851.32993 17.48458 -0.24326 -0.00477 0.96995 e
4852.66380 21.14680 0.22326 0.30515 0.92576 eb
4852.84549 12.67792 -0.00555 -0.16847 0.98569 x
4858.35889 7.47594 -0.13454 0.65490 0.74365 xb
4859.83285 5.76452 -0.34473 -0.51878 0.78232 e
4864.93723 7.89656 0.77705 0.21103 0.59301 eb
4865.06944 22.18037 -0.30531 -0.25065 0.91868 eb
4871.85713 8.09560 0.12426 -0.32428 0.93776 e
4882.04784 15.00107 -0.10307 0.05821 0.99297 e
4885.37718 24.25711 0.08367 0.25866 0.96234 xb
4900.02267 6.45353 -0.27064 -0.80265 0.53152 x
4904.20356 6.89760 0.20292 -0.01299 0.97911 xb
4922.48741 31.05037 0.30582 0.02538 0.95175 e
4949.37124 8.17649 0.26374 -0.14705 0.95332 eb
4986.89689 6.21005 -0.11745 -0.08216 0.98967 e
4991.64299 11.25523 0.12655 -0.37923 0.91661 e
5002.05985 9.58927 -0.15921 0.17813 0.97104 xb
5003.72548 8.72126 -0.02766 0.09284 0.99530 x
5020.63034 12.37418 -0.13313 -0.31873 0.93845 e
5047.27623 13.22866 -0.15344 -0.02037 0.98795 e
5049.65179 16.41756 -0.05154 -0.26144 0.96384 x
5050.24654 11.44920 -0.16838 -0.29262 0.94129 x
5050.33638 11.27623 -0.18307 0.43187 0.88316 xb
5052.94956 20.03821 -0.67930 0.19485 0.70752 eb
5064.75783 14.62868 0.00623 -0.03472 0.99938 xb
5079.91957 13.02792 0.08947 -0.11445 0.98939 eb
5082.94907 3.26156 0.53382 -0.50618 0.67736 eb
5084.42992 19.26256 0.25275 0.32143 0.91258 e
5120.54047 16.39047 0.35951 0.34348 0.86763 e
5131.20302 24.10596 -0.33351 -0.21367 0.91821 eb
5148.38900 6.30631 -0.11285 -0.05791 0.99192 e
5159.20008 21.30037 -0.10285 -0.06561 0.99253 e
5171.16813 7.10608 -0.09750 0.10708 0.98946 e
5178.89085 12.02519 0.04755 -0.17495 0.98343 e
5201.26413 11.89353 0.33788 -0.18273 0.92328 eb
5219.10153 9.43382 -0.10062 -0.11993 0.98767 e
5225.69673 16.79381 0.26987 -0.20619 0.94056 eb
5251.59350 12.10144 0.08055 -0.44088 0.89394 eb
5258.47847 16.99243 -0.00323 -0.04114 0.99915 xb
5265.41346 14.99073 -0.10858 -0.28196 0.95326 xb
5274.23645 15.24402 -0.06455 -0.00928 0.99787 x
5275.23095 8.61245 0.14048 -0.28538 0.94806 eb
5279.77683 10.62822 -0.45274 -0.10409 0.88555 eb
5282.86779 11.95934 0.04062 0.17156 0.98434 e
5283.19540 23.61554 0.05188 0.27286 0.96065 xb
5297.60026 13.95211 0.10209 -0.13336 0.98580 x
5326.61675 10.24351 0.43450 -0.45928 0.77477 e
5332.61108 6.79546 0.20827 0.36477 0.90750 xb
5344.04790 1.38792 0.35470 -0.18772 0.91594 x
5401.57567 10.27442 0.45993 0.31812 0.82901 e
5403.58977 12.36644 0.40747 -0.12271 0.90494 eb
5403.71420 16.15538 0.13185 -0.12755 0.98303 xb
5408.13922 9.71559 -0.06781 -0.07815 0.99463 e
5408.22759 5.55314 0.06806 -0.74103 0.66801 e
5414.18178 17.46814 -0.15107 0.00975 0.98847 e
5415.87735 5.00798 -0.61828 0.30991 0.72228 x
5426.83270 5.33259 -0.20624 0.50106 0.84048 e
5429.49867 25.88270 0.12637 -0.00776 0.99195 e
5447.34008 7.80998 0.47122 -0.02370 0.88170 x
5463.79486 24.22663 0.55163 0.28659 0.78331 x
5464.74274 14.51061 -0.18923 -0.04314 0.98099 e
5497.03906 18.64262 -0.29085 -0.40827 0.86529 e
5498.06304 3.47762 0.55228 -0.25205 0.79464 eb
5498.75325 7.11991 -0.04951 0.17621 0.98311 e
5508.44767 13.94852 0.10851 0.01073 0.99404 e
5510.18168 7.12331 -0.80041 -0.10232 0.59065 eb
5513.06216 4.80303 -0.31628 -0.18200 0.93104 x
5516.04365 7.23453 0.38049 0.12885 0.91576 e
5517.50813 11.20879 -0.21720 0.04079 0.97527 e
5528.63000 11.49571 -0.23769 0.03589 0.97068 e
5541.18453 5.85135 0.14337 0.06587 0.98748 eb
5547.46801 9.99443 0.05168 -0.05376 0.99722 x
5552.11908 8.08313 -0.21357 0.29124 0.93251 e
5555.48694 5.99013 -0.09261 0.18649 0.97808 e
5579.78960 11.11979 0.02772 0.03781 0.99890 e
5602.34877 7.17624 -0.06164 -0.25730 0.96436 e
5608.01506 35.63873 -0.43458 -0.20590 0.87678 x
5609.24552 22.09742 -0.21808 0.20028 0.95516 x
5609.42262 9.31192 -0.37687 0.05994 0.92432 x
5610.84614 9.41253 -0.12173 0.06255 0.99059 e
5614.82214 14.15355 -0.73628 0.48457 0.47232 e
5633.26496 12.74143 0.36144 0.23248 0.90295 e
5653.72002 11.38192 -0.19271 -0.11273 0.97476 e
5697.78597 11.93956 -0.24107 -0.26301 0.93419 eb
5704.45877 10.83439 0.26403 -0.14875 0.95298 eb
5706.98979 12.49438 0.50355 0.03150 0.86339 x
5709.85495 39.04503 -0.20350 -0.11796 0.97194 xb
5724.81115 9.47933 0.27438 -0.08215 0.95811 e
5727.60221 11.50939 -0.01637 0.04551 0.99883 eb
5732.06624 14.30461 -0.05828 -0.05440 0.99682 e
5751.08169 10.02303 0.31913 0.20906 0.92436 e
5757.78724 11.43308 -0.52890 -0.26494 0.80627 e
5760.38046 12.06208 0.10167 0.09770 0.99001 e
5768.07273 10.56880 0.56959 -0.38150 0.72803 x
5782.86052 16.86408 0.01297 0.14167 0.98983 xb
5798.94074 5.21023 0.06131 0.03556 0.99749 x
5806.61404 16.10715 -0.15704 0.02636 0.98724 e
5808.68579 3.44710 -0.24785 -0.09583 0.96405 x
5822.58871 12.98362 -0.56950 -0.00937 0.82194 eb
5824.83943 10.69158 -0.08303 0.15645 0.98419 e
5827.83399 19.84814 0.27594 -0.18726 0.94276 eb
5830.47565 10.17908 0.37041 -0.55682 0.74347 e
5839.04183 10.99577 -0.15378 -0.33025 0.93128 eb
5863.19819 3.90345 -0.26371 0.18786 0.94613 e
5873.06882 12.51609 0.31684 -0.10764 0.94235 e
5879.61532 14.46256 0.37149 0.25304 0.89329 x
5881.20797 5.54039 -0.06341 0.19445 0.97886 x
5882.26927 8.61992 -0.02547 -0.41808 0.90805 e
5890.78974 4.02127 0.07861 -0.45567 0.88667 x
5893.10530 20.52939 -0.00750 0.03209 0.99946 x
5896.96184 12.80716 -0.14856 0.09866 0.98397 eb
5917.72908 15.31545 -0.11720 0.06662 0.99087 eb
5925.94846 6.81233 0.39438 0.66155 0.63782 e
5928.07778 7.40744 -0.55781 0.21413 0.80187 eb
5940.27006 15.51118 0.42549 0.72731 0.53850 xb
5942.23093 14.00659 0.12728 -0.77824 0.61493 eb
5964.47715 18.63003 0.11766 -0.27281 0.95485 eb
5993.71878 8.16570 0.19713 0.53817 0.81946 e
6001.39039 8.54818 -0.05405 0.57179 0.81862 e
6025.84844 21.03009 0.05319 -0.27131 0.96102 xb
6058.66638 11.68425 -0.32584 0.28207 0.90237 x
6069.91863 26.40102 -0.18251 0.18193 0.96622 x
6079.99902 24.79609 0.25699 0.04001 0.96559 eb
6083.07932 8.29451 0.00803 0.03627 0.99931 e
6091.61791 16.23151 0.06822 -0.15748 0.98516 x
6093.96329 37.41409 -0.03738 -0.19950 0.97918 xb
6116.54039 10.04731 0.22371 -0.19232 0.95549 e
6132.65807 4.98089 -0.16724 -0.46499 0.86937 e
6152.56780 9.31983 -0.40330 -0.20981 0.89069 e
6159.32069 7.52195 0.08094 -0.10440 0.99124 e
6171.58441 6.72450 -0.72866 0.39839 0.55708 e
6187.25847 11.52562 -0.43482 0.53424 0.72493 x
6192.42303 12.23672 -0.79878 -0.29086 0.52664 e
6194.52710 26.88801 -0.22232 -0.70570 0.67273 e
6196.27328 4.98948 0.18059 0.12459 0.97564 x
6215.28366 3.37650 -0.10333 0.67376 0.73169 x
6223.23296 16.76518 -0.06175 0.20910 0.97594 e
6228.97372 21.60845 0.24626 -0.11207 0.96270 xb
6231.09652 11.93276 0.27920 -0.00612 0.96021 xb
6241.68221 18.68405 -0.20306 -0.24178 0.94885 x
6246.67164 25.77853 0.06444 -0.21571 0.97433 e
6267.44476 4.73836 -0.18883 0.56048 0.80635 xb
6323.42397 7.03697 -0.15571 -0.54340 0.82491 x
6327.49264 5.54943 0.26609 0.76085 0.59186 e
6343.69980 2.35297 -0.32760 -0.31381 0.89118 x
6348.21600 13.10262 -0.46205 0.38842 0.79727 e
6371.47362 25.58664 -0.23273 0.28171 0.93085 x
6384.22126 9.61374 -0.49499 -0.20189 0.84512 e
6410.14356 33.17462 0.08583 0.09521 0.99175 e
6410.56238 8.38798 -0.35450 -0.28308 0.89118 eb
6432.32509 6.34442 0.31760 0.44039 0.83975 e
6442.38955 5.31849 -0.31828 0.08525 0.94416 x
6442.63841 11.37445 0.09230 -0.13796 0.98613 e
6444.43494 8.47181 -0.06131 0.35844 0.93154 eb
6470.81218 21.16019 -0.21054 -0.08749 0.97366 eb
6484.90106 8.61149 0.01316 -0.18059 0.98347 xb
6488.05549 14.77423 -0.07932 -0.28666 0.95474 x
6493.41657 6.60978 0.10424 -0.37723 0.92023 e
6511.12446 8.04456 0.06483 0.48913 0.86980 eb
6522.17138 11.35399 -0.20424 0.20625 0.95695 e
6527.52145 6.07204 -0.56361 -0.03045 0.82548 x
6579.60223 26.25249 -0.31250 -0.61264 0.72596 x
6586.70079 31.97263 0.13532 -0.46194 0.87653 eb
6597.59775 18.56852 0.11716 0.00536 0.99310 x
6597.94971 8.29252 0.19256 0.19521 0.96167 e
6598.47369 15.66106 0.25015 0.42637 0.86927 e
6599.27847 10.05123 -0.48173 -0.04665 0.87508 eb
6603.40412 4.83789 0.15232 -0.11862 0.98119 x
6610.60726 8.63899 -0.05377 0.12327 0.99092 e
6613.31884 8.62456 -0.84491 0.14419 0.51512 eb
6631.71399 4.94303 -0.19786 0.07328 0.97749 e
6647.80748 9.44634 -0.23135 -0.02768 0.97248 e
6659.39103 5.97801 -0.77422 0.09507 0.62574 e
6681.89050 4.71407 0.20830 -0.41437 0.88595 eb
6694.39389 8.34176 -0.00737 -0.74076 0.67173 x
6695.40930 14.58647 -0.21783 -0.52572 0.82230 eb
6720.80734 1.69214 0.67287 0.09085 0.73416 eb
6734.04143 15.90997 -0.03800 -0.06198 0.99735 x
6735.91504 14.53694 -0.23559 0.61531 0.75225 xb
6738.29478 7.24209 0.22690 0.76379 0.60427 e
6748.33068 12.82118 0.12246 -0.26762 0.95571 e
6760.50103 12.41875 0.09413 0.46791 0.87875 xb
6768.18078 9.34077 -0.09338 -0.03940 0.99485 e
6797.73235 5.73708 0.68661 -0.03349 0.72625 x
6801.43534 10.20429 0.57592 0.38335 0.72205 xb
6806.35077 20.33935 0.20105 -0.10718 0.97370 x
6809.80022 6.31185 0.14884 -0.29414 0.94410 e
6813.31437 14.95649 0.09588 0.06766 0.99309 eb
6814.03570 18.44093 -0.84063 -0.03313 0.54059 eb
6837.52119 21.59771 0.22387 0.36786 0.90253 x
6837.95127 10.82833 -0.56371 -0.09061 0.82098 xb
6839.54306 3.20642 -0.64535 0.15416 0.74817 e
6858.58275 24.05926 -0.33447 -0.06658 0.94005 eb
6911.86680 9.94745 -0.31709 -0.39134 0.86389 e
6936.23692 6.04078 -0.21946 -0.12328 0.96780 x
6946.48623 24.53123 0.18961 0.21950 0.95701 x
6975.69837 11.98790 0.34862 0.50408 0.79017 eb
7004.72018 10.49439 0.18272 -0.06634 0.98092 e
7009.04276 24.04743 -0.35493 -0.02512 0.93456 xb
7061.04027 31.24790 0.11788 0.10724 0.98722 e
7073.28902 3.53143 -0.69348 0.14740 0.70524 eb
7083.67375 9.99059 0.12901 -0.14535 0.98093 x
7084.16047 9.11331 0.08563 0.01796 0.99617 e
7091.21519 14.33012 0.08438 0.16537 0.98261 x
7092.43424 22.79952 -0.15135 -0.02413 0.98819 e
7102.70521 14.82344 -0.41165 -0.26099 0.87317 x
7104.09280 7.57638 0.56484 -0.24285 0.78866 e
7114.10728 6.99085 0.38429 0.03824 0.92242 x
7126.17788 11.52047 0.37417 0.70358 0.60413 eb
7174.09893 7.01211 0.04758 -0.16669 0.98486 e
7200.06757 9.50313 0.09728 -0.05117 0.99394 eb
7223.70592 8.96127 -0.09725 0.11471 0.98863 e
7251.88021 14.43613 -0.16931 0.05147 0.98422 e
7262.32976 7.08659 0.43180 0.39302 0.81184 eb
7285.98095 4.36811 0.33859 -0.10708 0.93482 e
7336.44111 18.00696 0.18822 0.47142 0.86159 x
7342.62411 7.48930 -0.16866 0.25704 0.95157 eb
7367.54407 9.80153 0.19800 -0.19102 0.96141 x
7380.63147 16.39840 -0.60820 -0.58167 0.54014 e
7383.47825 17.99214 -0.42829 0.32505 0.84315 e
7386.19777 14.55365 0.13615 -0.52998 0.83701 xb
7390.12789 14.50842 -0.02054 0.25028 0.96796 eb
7392.77918 26.47186 -0.00437 -0.05666 0.99838 e
7428.38878 5.51941 -0.14906 -0.01603 0.98870 xb
7444.34190 14.91573 0.04292 0.01084 0.99902 x
7502.63843 9.54688 -0.27875 0.13495 0.95084 e
7515.41396 8.87646 -0.22622 -0.44866 0.86460 e
7527.44289 5.80331 0.24225 0.24502 0.93876 x
7527.79668 3.47882 0.12176 0.57172 0.81136 e
7536.59632 8.39894 -0.11870 -0.32110 0.93958 e
7538.14703 12.39808 -0.29821 -0.13853 0.94439 eb
7548.64260 5.32669 -0.39709 -0.54588 0.73779 xb
7562.38200 23.18459 -0.40063 0.17441 0.89949 x
7588.68323 5.13482 -0.22696 0.44640 0.86557 e
7610.25496 29.58404 -0.23821 0.05961 0.96938 e
7628.47745 11.87663 0.46956 0.33153 0.81829 e
7630.18223 13.37536 0.17334 0.20847 0.96254 eb
7634.15920 11.55640 0.16986 -0.03736 0.98476 x
7699.02843 21.61126 -0.12849 0.19304 0.97274 eb
7701.95564 4.97864 -0.18090 0.21825 0.95898 e
7706.22206 10.14745 0.48578 0.21354 0.84760 e
7710.47975 37.86160 0.16235 -0.24238 0.95650 e
7713.36740 8.58664 -0.50806 -0.05046 0.85984 eb
7716.28118 10.36027 0.12330 0.25563 0.95888 e
7760.96940 7.75639 -0.10140 -0.04476 0.99384 e
7770.96451 16.00019 0.12769 -0.14487 0.98118 xb
7781.55435 22.51277 0.20751 -0.01439 0.97813 x
7801.10743 2.81092 -0.21416 0.70177 0.67945 e
7806.25196 13.95539 0.03706 -0.21442 0.97604 xb
7823.13373 10.05256 -0.45198 -0.15061 0.87922 xb
7832.05681 5.25249 -0.01813 0.13709 0.99039 x
7833.64200 16.39288 -0.05821 0.33433 0.94066 e
7835.36648 4.34963 0.07872 -0.08815 0.99299 eb
7848.61810 16.81603 -0.14372 0.06091 0.98774 e
7849.05345 17.89059 -0.08702 -0.34731 0.93370 e
7873.16524 22.16753 0.26945 -0.15032 0.95121 xb
7905.44898 21.52536 -0.10719 0.31553 0.94284 xb
7913.24001 8.89972 -0.28058 -0.15136 0.94782 eb
7917.52441 12.00965 0.54747 0.44835 0.70659 x
7932.96463 11.36113 -0.07930 0.06950 0.99442 xb
7937.97569 10.94254 -0.13249 -0.03726 0.99048 e
7950.25147 9.04008 0.18428 0.09005 0.97874 e
7960.36589 13.67513 0.14876 0.57803 0.80234 x
7984.60292 11.17944 0.09800 -0.79767 0.59508 xb
7998.84613 6.49883 -0.25896 0.48564 0.83492 e
8003.34940 14.43332 -0.24010 -0.75450 0.61080 eb
8023.02695 8.07037 -0.17727 -0.78017 0.59992 xb
8033.07418 8.53150 0.33108 -0.15537 0.93072 eb
8061.04524 15.18630 -0.38720 -0.29528 0.87343 e
8114.19526 9.16153 -0.14139 -0.18412 0.97268 e
8135.29763 6.20638 0.09331 -0.44243 0.89194 xb
8140.19240 6.72463 -0.53528 0.50271 0.67879 xb
8153.71732 15.35545 -0.19281 -0.27987 0.94048 e
8161.40258 3.90219 -0.64036 0.37881 0.66816 e
8174.15569 25.85823 0.03456 -0.00350 0.99940 xb
8178.27630 4.94236 -0.47824 -0.46826 0.74298 eb
8179.47106 17.42259 -0.17329 0.13656 0.97536 x
8183.37562 15.50681 -0.21269 0.00973 0.97707 e
8197.66567 15.82024 0.05108 0.26637 0.96252 x
8208.44240 5.55420 0.29299 0.52814 0.79701 e
8231.28848 21.94451 0.13107 0.17281 0.97620 e
8255.37155 9.50022 0.01651 0.04155 0.99900 x
8255.62548 9.87857 -0.66639 0.33000 0.66860 e
8260.90846 12.58618 0.81553 -0.33291 0.47338 e
8281.61455 6.49735 0.06589 -0.23461 0.96985 e
8281.88118 3.61402 0.49051 -0.59335 0.63822 eb
8307.19235 13.44964 -0.48991 0.15999 0.85697 e
8339.27098 6.33893 -0.06786 0.10500 0.99215 e
8355.40927 24.67870 -0.19858 -0.23365 0.95183 xb
8365.85411 34.07182 0.40498 -0.09021 0.90987 x
8427.76623 7.26422 0.23665 0.28665 0.92835 eb
8446.68572 7.83812 -0.04226 0.04259 0.99820 xb
8447.11384 20.63986 -0.00012 0.14654 0.98920 xb
8535.18698 13.13943 0.22090 -0.09229 0.97092 e
8585.37308 10.70926 0.25901 0.16528 0.95163 e
8592.71651 14.53956 0.07127 0.08140 0.99413 e
8601.94911 5.23362 0.19186 -0.13983 0.97141 xb
8608.74101 15.57811 0.15371 -0.47125 0.86850 e
8610.23594 6.86033 0.07643 -0.12083 0.98973 e
8616.10784 11.61300 0.17034 0.39648 0.90210 e
8647.22463 9.72180 -0.59853 -0.63807 0.48438 e
8671.94565 13.17248 -0.60952 -0.00184 0.79277 e
8686.73829 20.91214 -0.08902 -0.03529 0.99540 xb
8711.11770 18.01014 0.07052 0.05596 0.99594 xb
8726.13156 26.20144 0.06486 0.22306 0.97264 e
8731.42530 14.13396 -0.09346 0.11290 0.98920 e
8737.22872 6.49907 -0.01962 -0.60721 0.79430 e
8755.26650 11.75740 0.08661 0.09938 0.99127 x
8758.26742 18.26382 -0.20974 0.20054 0.95697 x
8769.39757 8.33946 0.12212 0.09081 0.98835 xb
8779.69805 8.01506 0.36400 0.21157 0.90705 e
8798.09536 3.41221 0.08611 0.01940 0.99610 xb
8803.41053 6.93920 0.55578 0.03340 0.83066 x
8813.58172 12.36165 -0.07911 -0.30058 0.95047 xb
8872.29000 12.48625 -0.36802 0.03529 0.92915 xb
8904.58974 8.12620 -0.05140 0.16461 0.98502 e
8928.11224 3.33271 -0.04669 -0.22351 0.97358 e
8933.04389 16.36758 0.04283 -0.59847 0.80000 x
8935.04537 5.97813 0.77531 0.02028 0.63126 eb
8942.08523 14.54430 -0.09101 0.30302 0.94863 x
8956.74288 21.65979 0.12304 -0.27905 0.95236 eb
8978.54190 8.11837 -0.81639 0.13457 0.56160 x
8983.19815 29.89283 -0.13168 -0.01702 0.99115 xb
8990.64585 4.79273 -0.09377 -0.11652 0.98875 x
8997.14330 7.63024 0.03615 0.19433 0.98027 e
9058.00578 10.77277 -0.10626 0.28511 0.95259 x
9064.78577 12.12463 0.60246 -0.37947 0.70217 e
9075.73814 21.89061 -0.38289 -0.15053 0.91145 xb
9086.57833 10.87997 0.08983 0.04382 0.99499 xb
9089.71740 16.76131 0.14680 0.21215 0.96615 x
9091.25137 2.15644 -0.14948 0.10508 0.98317 e
9129.19172 11.96880 -0.09982 0.08275 0.99156 e
9177.33299 4.43790 0.41992 0.64287 0.64061 eb
9178.38570 6.74584 -0.16903 0.37679 0.91075 e
9191.37833 7.35929 0.15735 -0.22286 0.96207 e
9226.24705 11.00324 -0.19225 -0.40256 0.89498 x
9231.33685 14.24331 -0.03048 0.01968 0.99934 x
9279.53743 4.12883 -0.43791 0.30956 0.84404 e
9285.64108 10.21972 0.06015 -0.19500 0.97896 e
9317.52327 9.32114 -0.14733 -0.27669 0.94960 eb
9320.52478 10.76973 0.32683 -0.28464 0.90120 eb
9323.53839 17.08705 -0.16069 0.38886 0.90717 x
9327.05198 4.32006 0.26706 0.02698 0.96330 eb
9331.82731 7.99758 -0.64919 0.42575 0.63031 e
9341.90410 20.06244 0.39842 0.11186 0.91036 eb
9344.59548 20.60827 -0.08989 -0.04975 0.99471 x
9352.46560 16.04126 -0.56659 0.16937 0.80641 e
9357.00414 5.91737 -0.25790 0.79322 0.55162 e
9360.89667 19.43622 -0.04238 -0.17122 0.98432 eb
9380.70189 7.38247 -0.21142 -0.18086 0.96052 eb
9410.63158 13.37935 0.28977 -0.16340 0.94305 e
9420.05627 12.33779 0.07748 -0.15783 0.98442 eb
9423.52627 14.34303 -0.46692 -0.75032 0.46797 eb
9432.00157 3.24065 -0.28015 -0.63243 0.72218 xb
9450.51399 29.04867 0.12487 0.09893 0.98723 e
9452.49231 3.38763 -0.48201 -0.69006 0.53989 x
9507.51986 5.37479 -0.04068 0.31050 0.94970 xb
9515.48274 11.36121 0.14543 0.45958 0.87615 xb
9540.56639 18.40390 -0.49173 0.04536 0.86957 e
9550.62824 16.43836 0.16209 -0.05550 0.98521 x
9557.95952 16.50699 0.29635 -0.06675 0.95274 xb
9568.62100 6.31811 0.08120 0.00685 0.99667 e
9570.80982 4.02055 -0.12917 -0.09600 0.98696 x
9576.63875 13.97813 -0.09115 -0.26458 0.96005 eb
9591.39626 14.45958 -0.31225 0.54885 0.77541 xb
9610.21651 3.99441 -0.00648 0.09307 0.99564 x
9635.61148 15.74875 0.00671 0.06358 0.99795 xb
9635.78499 12.65565 -0.16171 0.12181 0.97929 eb
9652.78472 6.65180 0.34680 -0.14317 0.92695 e
9679.07882 13.17716 0.25042 0.01274 0.96805 eb
9679.57988 25.28679 0.17444 -0.38168 0.90769 e
9745.87507 14.66506 0.01730 -0.71802 0.69581 x
9767.95350 23.90237 0.36614 -0.04805 0.92932 e
9770.01645 33.30001 -0.10542 0.12937 0.98598 e
9782.71708 8.96393 -0.17360 0.39588 0.90175 eb
9799.57744 6.63026 0.51909 0.20003 0.83098 e
9802.81909 5.98152 -0.71391 0.23008 0.66136 eb
9816.39260 21.68626 -0.17463 -0.20282 0.96352 xb
9863.03218 12.54144 0.21213 -0.20057 0.95644 xb
9882.04941 5.69028 -0.29491 -0.26706 0.91745 e
9907.33358 13.26443 -0.35493 -0.19652 0.91400 eb
9908.48940 14.55665 -0.31443 0.16681 0.93451 x
9909.50666 7.55491 0.14167 0.03538 0.98928 e
9928.72587 8.36138 0.13704 0.29379 0.94600 e
9933.42855 16.85826 0.17442 -0.13543 0.97531 xb
10021.98139 14.90788 0.11741 0.53741 0.83511 eb
10046.34979 10.22209 0.24104 0.17119 0.95530 xb
10119.22642 9.75483 -0.33493 0.49517 0.80164 e
10125.31100 36.74984 -0.05561 -0.05095 0.99715 e
10136.42764 15.93634 -0.19438 0.10060 0.97575 eb
10159.47580 14.43081 -0.09174 -0.26776 0.95911 xb
10161.70766 16.08396 -0.01216 -0.03409 0.99934 x
10228.90003 15.04507 -0.21025 -0.17864 0.96119 x
10302.06323 20.37955 -0.17209 -0.00875 0.98504 x
10309.23724 9.73509 0.06574 0.58420 0.80894 eb
10331.18587 4.24099 0.37171 0.27165 0.88772 e
10392.72080 17.55838 0.13757 -0.37901 0.91511 e
10394.81816 5.87273 0.16952 0.21355 0.96211 e
10412.41623 8.26460 -0.35540 0.31839 0.87882 x
10425.77340 8.32128 0.62320 -0.02990 0.78149 eb
10432.79083 11.43376 -0.02515 0.07541 0.99684 x
10446.75659 7.04643 0.27919 -0.34276 0.89698 e
10454.54384 8.08420 -0.06437 -0.33859 0.93873 xb
10506.57837 11.88883 0.15362 -0.12410 0.98031 x
10538.23195 25.12599 0.49300 0.11613 0.86224 e
10545.52543 25.76437 -0.23926 0.27231 0.93199 e
10597.91524 8.28636 0.07591 0.12906 0.98873 x
10615.82527 23.29995 0.03191 -0.23178 0.97224 xb
10617.16081 4.58873 -0.09181 -0.21479 0.97234 e
10632.28594 4.29086 0.23432 0.56441 0.79154 e
10636.65093 24.84393 -0.14673 -0.01114 0.98911 eb
10659.65666 27.45379 -0.54994 0.13603 0.82405 xb
10669.88078 4.70084 -0.37846 0.32567 0.86644 e
10673.99624 9.18009 0.02699 0.33242 0.94275 eb
10698.94950 8.48776 -0.69144 -0.25666 0.67530 x
10734.99777 11.87662 -0.35330 -0.33946 0.87175 x
10739.75937 15.18875 -0.25466 -0.00100 0.96703 x
10758.71498 18.25373 0.01047 -0.05024 0.99868 eb
10761.40257 25.61605 -0.00228 -0.06283 0.99802 e
10762.22843 7.59593 -0.07066 -0.45500 0.88768 e
10855.54285 17.39151 -0.23568 -0.00296 0.97183 x
10876.09763 3.80338 0.05416 0.14652 0.98772 e
10930.80310 20.89123 0.12339 -0.00645 0.99234 x
10940.49612 6.50326 0.08294 0.12216 0.98904 e
10951.39653 30.23960 -0.05487 0.05272 0.99710 e
10963.36214 9.06085 0.11462 -0.16908 0.97891 eb
10970.01823 15.24162 -0.13908 -0.02228 0.99003 e
10993.72276 6.16636 -0.70172 0.36745 0.61039 e
11017.59821 9.77215 0.37786 -0.22578 0.89791 xb
11020.91935 7.10951 0.09963 -0.36889 0.92412 e
11046.83364 12.46702 0.41642 0.06833 0.90660 x
11046.98090 7.50735 -0.36518 -0.07977 0.92751 e
11059.41188 13.29874 0.14538 -0.49184 0.85846 xb
11075.19100 8.71894 -0.12209 -0.36730 0.92205 e
11107.95639 5.92684 0.26472 -0.74148 0.61654 x
11119.37346 6.93142 -0.06624 -0.29020 0.95467 x
11119.60710 11.80012 -0.42041 0.22672 0.87855 eb
11121.91264 19.99157 -0.11507 0.18887 0.97524 e
11151.13217 30.35167 0.02832 -0.07320 0.99692 eb
11166.69601 9.67041 0.31243 -0.28349 0.90665 x
11187.98310 10.37290 0.44699 -0.02008 0.89431 eb
11192.29660 9.86965 -0.11826 0.12622 0.98493 e
11196.76615 6.65202 0.48703 -0.10810 0.86667 x
11209.92535 6.25454 0.17183 0.15406 0.97301 e
11248.44811 5.92553 0.50350 -0.46051 0.73104 xb
11256.88719 13.55341 -0.09476 0.17822 0.97942 x
11286.02656 21.44384 -0.20783 0.25629 0.94399 e
11326.89861 11.88479 0.09971 -0.45004 0.88742 e
11341.98722 10.80511 0.06632 0.48175 0.87380 xb
11374.23464 5.08819 -0.04421 0.06045 0.99719 e
11422.10798 31.24938 -0.41717 -0.24979 0.87383 xb
11433.04495 22.25433 0.15338 -0.17598 0.97237 x
11501.40114 9.02093 -0.30104 0.35202 0.88626 xb
11532.02353 21.67676 -0.21455 0.30268 0.92863 e
11544.01841 5.66291 -0.14315 -0.22458 0.96388 e
11556.52957 5.37596 0.26381 -0.07241 0.96185 e
11561.11566 7.02639 -0.52533 -0.19989 0.82708 eb
11576.61822 10.04702 -0.20588 -0.00461 0.97857 e
11584.15056 11.52328 0.61418 -0.11274 0.78107 xb
11610.31667 10.33528 -0.10392 0.07830 0.99150 xb
11643.41502 8.65679 0.09085 -0.00253 0.99586 e
11679.12052 17.48859 0.29566 0.00368 0.95529 x
11685.43375 4.61287 -0.49436 -0.14701 0.85674 e
11747.98721 13.81483 -0.22857 0.08815 0.96953 e
11750.16813 19.57111 -0.50482 -0.14532 0.85091 xb
11762.10099 7.69143 0.23045 -0.10133 0.96779 e
11799.24401 9.23583 0.07178 0.63329 0.77058 xb
11802.91883 12.86610 0.07627 0.09497 0.99255 e
11812.88928 4.52724 -0.33621 0.49417 0.80172 e
11838.88287 12.04379 0.26098 -0.34982 0.89973 e
11894.93043 5.61422 0.31782 0.10637 0.94217 e
11961.30953 6.01346 -0.65395 -0.05719 0.75438 e
11979.17521 11.80259 0.12994 -0.07878 0.98839 eb
11985.92674 11.51566 -0.23533 -0.05260 0.97049 x
12006.14981 18.10365 -0.51951 0.49603 0.69574 e
12030.38305 13.49484 -0.18831 0.80069 0.56872 eb
12038.56747 13.46366 -0.02157 -0.12915 0.99139 xb
12043.99899 13.73093 0.04504 -0.01726 0.99884 x
12090.51264 11.35383 0.23437 0.17249 0.95672 xb
12094.04038 21.24725 0.17399 -0.34679 0.92166 x
12106.85783 7.77765 -0.43618 0.23882 0.86759 eb
12116.51803 20.04032 0.52182 -0.44331 0.72883 e
12262.32351 5.45930 0.02274 0.10560 0.99415 e
12278.89908 12.98727 0.01128 -0.19850 0.98004 eb
12289.12290 14.07817 0.12460 -0.10538 0.98660 xb
12290.19460 12.14858 -0.07236 -0.06093 0.99552 xb
12315.96114 9.11102 -0.20129 0.23431 0.95109 x
12331.53687 7.29545 0.29852 -0.13550 0.94474 xb
12344.64738 3.24581 -0.28187 -0.03417 0.95884 e
12469.39004 16.30877 0.24695 0.21714 0.94439 e
12477.86537 14.29422 -0.03712 0.32705 0.94428 eb
12498.22260 5.81075 0.08091 0.02129 0.99649 e
12523.90751 15.76093 -0.30161 -0.50298 0.80996 eb
12547.92166 13.47253 -0.25964 -0.13226 0.95661 e
12550.43066 7.40861 0.12396 0.05508 0.99076 e
12553.70388 6.55212 -0.10327 0.59717 0.79544 xb
12591.72114 7.65438 0.00983 0.25132 0.96785 eb
12619.99261 5.22317 0.50614 0.26670 0.82018 e
12639.11218 7.45422 0.03325 0.38583 0.92197 e
12646.60627 16.34345 0.45140 0.00771 0.89229 e
12673.39214 18.41364 0.27502 0.28219 0.91909 e
12699.87453 22.24939 -0.17550 -0.08462 0.98084 e
12701.96980 7.95831 -0.59752 0.50436 0.62337 e
12710.86888 9.46314 0.29413 -0.45544 0.84027 e
12725.48758 21.43796 -0.06500 -0.12002 0.99064 xb
12794.97398 8.04948 0.16583 -0.21242 0.96300 eb
12825.40489 18.94011 0.13020 -0.15597 0.97914 e
12826.52600 24.12557 0.17868 0.12311 0.97617 xb
12842.33076 32.47607 -0.10962 0.01809 0.99381 x
12845.46858 7.92197 0.31405 -0.04108 0.94852 x
12950.52628 20.05980 -0.26184 0.10942 0.95889 xb
12953.02446 22.72588 -0.21604 0.16568 0.96222 xb
13071.63274 8.75213 0.03201 0.21854 0.97530 xb
13106.67728 5.94876 -0.06606 -0.18893 0.97977 xb
13107.64504 8.10441 -0.18083 -0.21332 0.96010 x
13135.93827 10.40063 0.70508 -0.27563 0.65336 eb
13155.35754 8.25591 0.25567 -0.59177 0.76449 e
13199.72259 11.67379 0.15611 0.11318 0.98123 x
13244.78981 8.29653 0.16816 -0.46485 0.86927 xb
13260.30150 1.96881 -0.38257 0.49026 0.78312 e
13282.08981 9.79922 0.37460 -0.26558 0.88833 e
13350.58045 5.49526 -0.28776 -0.22022 0.93204 eb
13370.51584 7.96853 0.33646 0.00991 0.94164 eb
13387.67969 5.73000 0.14623 0.18983 0.97086 e
13388.29824 15.47210 -0.10145 0.17668 0.97903 xb
13404.84227 6.44921 -0.06540 -0.08946 0.99384 e
13424.08810 8.48156 0.25914 0.34755 0.90114 e
13424.98922 18.59494 0.17919 -0.01968 0.98362 x
13460.57689 11.19613 0.17504 0.64584 0.74314 xb
13501.82015 12.28971 0.08291 -0.04703 0.99545 e
13523.59944 18.87645 -0.09680 0.25088 0.96317 e
13579.48122 19.27323 0.12091 -0.12510 0.98475 e
13584.48423 13.33721 0.06472 -0.17474 0.98248 xb
13614.10923 7.74309 0.24296 0.52772 0.81393 eb
13643.94688 3.33164 0.25881 -0.02607 0.96558 e
13697.88941 5.30168 0.38858 -0.26719 0.88182 xb
13786.14409 14.16648 -0.07445 -0.14970 0.98592 x
13814.75446 4.21698 0.06022 0.71899 0.69241 eb
13850.61490 4.03798 0.63039 -0.14862 0.76192 x
13850.78658 8.45300 0.16351 -0.29987 0.93986 e
13885.88282 9.94918 -0.27471 0.23978 0.93115 e
13897.94304 7.53265 -0.32733 -0.02926 0.94446 xb
13962.71200 22.65638 -0.07943 0.16217 0.98356 x
13989.84079 6.49569 -0.47960 -0.21776 0.85004 x
14012.09557 18.93102 -0.09464 0.12218 0.98799 e
14021.79333 10.86597 -0.05290 0.06358 0.99657 e
14076.16502 20.77929 -0.12834 -0.05962 0.98994 e
14143.75182 4.73439 -0.11193 0.54938 0.82804 xb
14165.57950 12.31277 -0.16436 0.28766 0.94352 xb
14165.93207 11.74249 -0.09016 0.08898 0.99194 x
14176.98331 14.97528 0.34982 -0.62252 0.70007 xb
14185.12552 11.43707 0.14983 -0.17011 0.97397 e
14186.22294 3.37185 0.23620 0.18397 0.95413 eb
14211.34852 16.16510 0.18434 0.21312 0.95948 xb
14218.50261 23.88988 0.02069 -0.22206 0.97481 xb
14254.17587 22.04229 0.29841 0.01648 0.95430 x
14297.46877 9.75369 -0.25459 -0.07186 0.96437 e
14299.49588 13.87051 0.28971 0.06986 0.95456 xb
14343.30847 4.11445 -0.18456 0.37315 0.90923 eb
14373.92695 7.41476 0.01363 -0.02737 0.99953 eb
14377.06768 11.88147 -0.16169 -0.37472 0.91293 xb
14397.35520 4.07681 -0.51995 0.26126 0.81326 x
14409.28126 1.89978 -0.25201 0.76812 0.58862 e
14418.27037 12.33546 -0.22284 -0.30056 0.92737 e
14426.07279 8.81750 0.58345 -0.44310 0.68062 x
14463.95352 12.87222 -0.38751 -0.28484 0.87676 xb
14473.45161 7.06423 -0.64205 -0.34885 0.68269 x
14496.44707 29.91376 -0.17704 -0.29709 0.93829 e
14549.57439 7.58678 0.20258 -0.14256 0.96883 e
14554.67674 17.22380 -0.36686 0.33109 0.86936 x
14573.70775 20.23008 -0.04797 -0.01885 0.99867 e
14591.09474 10.36014 0.12653 -0.18030 0.97544 eb
14597.25321 14.31377 -0.66976 0.36934 0.64422 eb
14625.12343 15.25178 -0.57726 -0.32384 0.74960 eb
14652.42241 14.79731 -0.37594 -0.10988 0.92011 eb
14656.08420 11.86486 -0.11785 0.02584 0.99269 xb
14756.95860 17.72633 -0.28152 -0.05550 0.95795 xb
14776.77269 18.98369 0.06501 -0.08834 0.99397 e
14793.43763 10.94045 -0.01016 0.14941 0.98872 xb
14811.47889 22.12075 -0.38813 0.12688 0.91283 e
14855.15961 4.19328 -0.01964 0.52307 0.85207 e
14862.78456 5.07624 -0.32306 -0.00949 0.94633 e
14902.36445 7.64727 -0.07066 0.00160 0.99750 e
14936.27818 11.19188 -0.07446 0.26817 0.96049 eb
14990.38137 7.34501 0.00490 -0.40402 0.91474 e
15139.20877 7.86043 0.03512 0.18671 0.98179 e
15153.30730 9.57813 -0.69687 -0.47854 0.53420 eb
15201.37913 10.94019 0.04155 0.07140 0.99658 eb
15231.23023 22.46352 0.41413 0.30983 0.85586 xb
15232.03050 7.93917 0.09264 -0.01804 0.99554 xb
15239.18366 15.79318 -0.38153 0.47497 0.79299 e
15306.76723 13.52827 -0.42786 0.33920 0.83778 e
15370.49396 12.64511 -0.13666 -0.27765 0.95091 eb
15377.08791 7.52573 -0.23749 -0.16509 0.95726 xb
15441.14825 7.25598 -0.02467 -0.41300 0.91040 e
15484.54054 9.24751 -0.00806 0.29678 0.95491 e
15486.53539 19.77676 0.11406 0.39317 0.91237 e
15563.05179 24.54138 0.15669 -0.24191 0.95756 e
15566.56922 6.98950 0.30358 -0.04086 0.95193 x
15582.99906 17.92022 0.18201 -0.35857 0.91559 x
15587.92939 13.95564 -0.24581 0.11467 0.96251 eb
15595.88329 9.76409 -0.11614 -0.04242 0.99233 e
15615.56207 6.93693 -0.09194 0.15826 0.98311 e
15670.87684 6.17908 -0.63722 -0.00757 0.77065 e
15724.25658 7.87135 -0.04106 -0.23493 0.97114 e
15742.06017 18.14378 -0.49275 0.12310 0.86142 eb
15834.84020 7.61912 -0.15382 -0.00927 0.98805 eb
15839.39986 14.83803 0.04283 -0.27564 0.96031 xb
15859.11569 8.10047 0.00663 0.06940 0.99757 e
15877.99556 8.07469 -0.29900 0.78968 0.53572 eb
15909.75637 3.53799 -0.20263 0.37060 0.90642 e
15999.20867 19.54649 0.14229 0.06687 0.98756 e
16078.11020 22.24033 0.42935 0.01732 0.90297 x
16082.81195 19.51889 -0.08586 0.28513 0.95464 e
16086.70363 10.62780 -0.55897 0.55227 0.61851 xb
16087.84322 5.94087 -0.50218 -0.02090 0.86451 xb
16127.55411 12.33087 0.14867 -0.32650 0.93343 x
16140.48224 7.42139 0.03969 0.36054 0.93190 e
16158.28802 8.85033 0.11100 -0.22669 0.96762 x
16160.59826 12.00283 0.03294 -0.18318 0.98253 e
16174.05957 5.95369 -0.05415 0.14858 0.98742 e
16185.22211 26.55995 0.20009 -0.01134 0.97971 e
16229.84401 8.02363 -0.32857 -0.42893 0.84146 eb
16278.68435 24.64209 0.24390 0.03712 0.96909 e
16327.10114 6.06499 -0.35677 -0.32507 0.87581 eb
16333.07964 19.69777 -0.10916 -0.54770 0.82952 e
16337.99133 8.68201 0.22845 -0.26290 0.93739 e
16345.17829 9.48220 0.07144 0.22177 0.97248 xb
16351.18259 10.46970 0.04745 -0.10468 0.99337 x
16369.03294 13.18488 0.01819 0.47156 0.88164 e
16375.93716 21.61706 -0.23048 0.21221 0.94966 e
16390.20793 11.18296 0.48454 0.36992 0.79271 xb
16403.29316 24.69784 -0.44044 0.55146 0.70846 xb
16568.17134 4.73931 -0.12285 0.18200 0.97559 xb
16592.79276 12.23596 -0.22689 0.69592 0.68134 eb
16599.57245 7.20849 0.34717 -0.07024 0.93517 x
16636.03587 28.97781 -0.05415 -0.09112 0.99437 e
16659.70938 9.34021 0.34385 0.22514 0.91164 eb
16687.80074 5.65473 -0.05281 -0.33243 0.94165 e
16730.06616 9.20014 0.04985 0.66673 0.74363 e
16755.67560 3.12370 -0.11667 -0.52767 0.84140 eb
16757.15604 4.41909 -0.00484 0.15265 0.98827 e
16816.18152 13.06027 -0.05050 -0.10590 0.99309 xb
16818.81298 5.15904 0.26489 0.08815 0.96024 e
16992.09498 5.33731 -0.60218 -0.02334 0.79802 e
17027.08795 3.94735 -0.35918 0.09619 0.92830 eb
17062.88504 12.31415 0.07097 0.24162 0.96777 e
17069.78379 10.56853 0.63348 -0.59747 0.49166 eb
17070.63778 7.02954 -0.63439 0.14231 0.75980 e
17093.25287 6.25996 0.16499 -0.00160 0.98629 e
17158.87315 14.95569 -0.05023 -0.08410 0.99519 e
17195.14125 5.27494 -0.06245 0.16609 0.98413 x
17227.17830 4.94424 -0.01402 -0.20385 0.97890 e
17389.98045 7.71017 0.05913 -0.53396 0.84344 eb
17460.29845 8.62064 0.04823 0.11498 0.99220 e
17526.59292 19.36490 0.06923 -0.16324 0.98415 x
17603.61868 8.93422 0.49325 0.72136 0.48615 x
17712.69195 19.97308 0.09733 -0.40508 0.90909 eb
17747.58054 6.75833 -0.24484 0.80446 0.54121 e
17798.02260 23.79192 -0.50141 -0.21027 0.83927 e
17853.48968 24.09516 -0.16277 -0.14050 0.97661 e
17947.60935 7.27059 0.56124 0.05614 0.82575 xb
17949.41663 3.17386 -0.45151 0.42546 0.78430 e
17975.88358 6.59449 0.14421 0.10284 0.98419 x
17981.41442 19.62865 -0.52472 0.04914 0.84985 e
17994.78617 7.74765 0.19431 0.45422 0.86944 x
17997.06780 5.90799 -0.28968 -0.13296 0.94784 e
18061.69258 10.50238 0.09782 0.21827 0.97097 x
18198.45785 22.88676 -0.22389 0.28658 0.93153 eb
18249.55701 9.99430 -0.25374 -0.12117 0.95965 xb
18316.88091 7.78957 0.15864 0.00287 0.98733 e
18431.27735 15.95984 0.01655 -0.07002 0.99741 xb
18466.51198 12.08209 -0.57009 -0.36738 0.73487 e
18652.86884 2.00966 -0.57168 0.22312 0.78955 e
18704.47081 9.39978 0.12875 0.16991 0.97701 e
18784.66839 6.49362 0.07438 0.06320 0.99522 e
18839.41610 27.86256 0.05826 0.06580 0.99613 e
18958.27759 15.32703 0.70244 -0.09560 0.70530 e
18962.77939 13.12995 0.09314 0.06516 0.99352 e
18984.77481 9.38137 -0.63478 0.22047 0.74057 e
19014.11099 12.70041 0.17850 -0.01710 0.98379 x
19052.94611 8.97364 -0.08547 -0.18003 0.97994 x
19077.59411 14.79284 -0.64456 0.20476 0.73663 e
19127.67356 7.98048 -0.08499 -0.25413 0.96343 e
19146.34187 12.62370 0.27587 0.04067 0.96034 e
19247.69233 5.93423 0.29152 0.22706 0.92923 e
19284.40118 4.57889 0.34445 0.18146 0.92110 e
19286.03205 7.35780 0.24273 0.23131 0.94211 x
19333.96088 6.52688 -0.06161 0.01755 0.99795 e
19367.23750 4.05280 -0.66282 -0.21969 0.71582 e
19368.14111 7.34551 0.00423 0.11987 0.99278 e
19390.47114 26.68144 -0.56370 0.15777 0.81077 eb
19462.26914 19.17142 -0.19672 -0.12754 0.97213 eb
19582.12075 11.16805 0.41771 -0.05647 0.90682 x
19725.75603 14.52718 -0.18684 0.00525 0.98238 e
19726.26826 10.14012 0.12214 -0.00321 0.99251 eb
19736.31517 6.28534 0.22038 0.06055 0.97353 e
19763.83118 6.56970 0.20368 -0.22604 0.95259 eb
19804.44108 20.90087 0.38268 -0.22924 0.89499 e
19814.63202 6.14949 -0.05654 -0.31673 0.94683 e
19828.30165 15.06293 0.05749 0.16859 0.98401 x
19859.72203 10.49913 0.06387 -0.13527 0.98875 e
19936.97647 9.73510 -0.05729 0.39527 0.91678 e
19974.00735 3.52740 -0.01168 0.27568 0.96118 e
