17.56275 28.63568 -0.10868 -0.94120 -0.31991 eb
20.82254 76.03574 0.62090 0.78371 -0.01685 eb
22.50619 79.91330 -0.68435 -0.68860 -0.23979 eb
22.74034 63.36411 0.50933 -0.85012 0.13373 eb
24.78445 79.80186 -0.59627 -0.77906 -0.19372 eb
25.94680 30.94159 -0.83029 0.23735 -0.50427 eb
27.65270 41.65359 0.73411 -0.67705 0.05175 eb
28.71609 50.60640 0.27924 -0.33347 -0.90046 eb
29.50050 90.44690 0.87921 0.46044 -0.12239 eb
30.08087 49.50464 -0.68683 -0.72347 0.06967 eb
30.15693 60.53425 -0.51951 0.52535 0.67388 eb
30.58979 70.54210 -0.13743 -0.92432 -0.35600 eb
31.39254 95.98729 0.77614 0.43438 -0.45708 eb
31.59275 99.46681 0.12907 0.98646 -0.10119 eb
32.23931 50.45521 0.12108 -0.29717 -0.94712 eb
32.54816 29.13386 0.11327 -0.19012 -0.97520 eb
32.80790 95.51525 -0.82539 -0.48035 0.29664 eb
33.01410 95.58641 -0.41266 0.61663 -0.67044 eb
33.52973 95.34572 0.24578 -0.65834 -0.71146 eb
33.85184 53.94093 -0.89591 -0.43818 0.07313 eb
34.33039 34.15263 0.34389 -0.89234 0.29235 eb
34.55184 53.35673 0.71672 0.67356 -0.18065 eb
34.77127 86.01108 0.91317 0.01806 -0.40718 eb
35.31735 40.03887 0.74647 0.07492 -0.66119 eb
36.34850 26.97320 -0.02543 -0.81448 0.57964 eb
36.68116 48.00085 0.79463 -0.60587 0.03856 eb
36.78592 86.05006 -0.47176 0.67756 -0.56423 eb
37.21663 53.05123 0.56748 0.69743 0.43768 eb
37.81641 46.00254 0.42778 -0.48079 0.76540 eb
38.45127 49.11859 0.70214 0.68483 0.19494 eb
38.93153 85.23468 -0.74476 0.46574 -0.47794 eb
39.05004 39.23317 0.66670 0.61199 -0.42541 eb
39.95686 50.39801 0.74322 0.14613 -0.65290 eb
40.48341 58.32682 0.84632 0.05418 -0.52991 eb
41.05858 96.37517 -0.87587 -0.31298 -0.36727 eb
41.27182 43.48588 -0.13779 0.55406 -0.82100 eb
41.62721 47.58597 -0.56477 0.24919 0.78673 eb
41.69399 74.74168 -0.74477 -0.42754 -0.51237 eb
42.72638 63.70204 0.61643 -0.62301 0.48153 eb
43.17439 81.09708 -0.20172 0.89605 0.39547 eb
43.41493 91.39189 0.65458 -0.07117 -0.75264 eb
43.63742 91.91256 0.98853 0.03050 0.14789 eb
43.94070 56.72567 -0.68767 -0.13108 -0.71409 eb
44.36382 76.27566 0.54719 0.48901 0.67930 eb
44.69694 83.13777 0.98267 0.12842 0.13369 eb
45.67165 97.84711 -0.55745 -0.43700 -0.70590 eb
46.42650 75.24261 -0.76468 0.59166 -0.25536 eb
47.49069 72.11208 0.31377 0.58811 -0.74544 eb
48.26010 27.90884 -0.52510 0.14471 0.83865 eb
48.30882 44.20584 -0.71719 -0.63657 -0.28359 eb
49.11606 98.04014 -0.53218 0.84648 -0.01607 eb
49.38089 88.25019 -0.66726 -0.00509 -0.74481 eb
50.18852 61.07454 -0.02049 0.28617 -0.95796 eb
51.06923 70.92014 -0.53888 -0.54531 -0.64206 eb
51.11322 69.91530 -0.63638 0.77124 0.01455 eb
51.12509 64.91470 -0.65987 -0.73444 0.15869 eb
52.03981 97.44380 0.85900 0.38109 -0.34190 eb
52.28683 47.89978 0.89843 0.14326 0.41509 eb
52.99803 65.15529 -0.15967 -0.89603 0.41430 eb
53.10968 65.61867 -0.13021 -0.97553 0.17716 eb
53.40095 85.50586 -0.16220 0.90979 -0.38205 eb
53.71672 40.61867 -0.41329 -0.25304 -0.87474 eb
54.93737 47.20188 -0.66643 0.48898 -0.56282 eb
55.14815 33.88466 0.91946 0.37040 -0.13188 eb
55.48094 77.31231 -0.14273 -0.94872 -0.28205 eb
55.64466 28.64707 -0.00048 -0.89344 -0.44919 eb
56.22048 32.13398 -0.30436 -0.73074 0.61105 eb
56.27671 31.21241 -0.49618 0.85185 0.16783 eb
57.79373 65.33041 0.35456 0.86975 0.34326 eb
58.25509 74.23078 -0.39206 0.27332 -0.87840 eb
58.46980 64.49276 -0.65661 0.75263 0.04910 eb
59.62548 53.65672 0.24765 -0.94057 -0.23236 eb
60.17000 38.05782 0.09208 -0.03275 0.99521 eb
60.21724 30.65638 0.49844 0.85819 -0.12279 eb
60.74409 37.74776 -0.49803 0.86623 0.04020 eb
60.89908 35.43218 -0.77505 0.46193 -0.43119 eb
61.24325 81.10082 0.85141 -0.35066 0.39005 eb
62.77454 95.62122 0.51857 -0.47825 -0.70877 eb
63.08163 77.27070 -0.81976 -0.45829 -0.34346 eb
63.97652 38.08340 0.29145 0.53933 0.79005 eb
64.91116 59.99054 0.74091 0.21784 -0.63529 eb
65.18818 60.72996 0.38829 -0.63924 0.66378 eb
66.51175 74.42925 -0.11766 0.49380 -0.86158 eb
66.58961 39.55125 0.34957 -0.93503 0.05934 eb
67.02917 56.52096 0.23485 0.66054 0.71311 eb
67.34378 53.42292 -0.46209 -0.11308 -0.87959 eb
67.47523 88.24819 0.86290 0.49074 0.12071 eb
67.49099 62.36109 0.53328 -0.44874 -0.71711 eb
68.50675 93.60741 -0.08772 -0.96129 -0.26121 eb
69.16248 60.15548 -0.34115 -0.93950 0.03090 eb
69.32934 49.93689 -0.05335 -0.97901 0.19669 eb
70.20437 32.04784 0.25393 -0.88914 -0.38071 eb
70.66483 38.09995 -0.42050 -0.66586 -0.61628 eb
70.80073 35.14108 -0.46415 -0.87458 -0.14024 eb
71.28034 40.66934 0.98897 -0.10735 -0.10209 eb
71.39031 66.16385 -0.17911 -0.98234 -0.05416 eb
71.47784 65.75096 -0.66601 -0.49428 -0.55867 eb
72.30967 25.53728 0.10912 -0.92717 -0.35840 eb
73.32935 35.03776 -0.82425 -0.39411 -0.40656 eb
73.40291 35.95569 -0.94830 0.29877 -0.10707 eb
73.75267 34.35121 0.46635 0.76282 -0.44790 eb
74.18413 59.98540 0.52709 0.16535 -0.83357 eb
74.70865 57.61239 0.47921 -0.45202 -0.75235 eb
74.87314 49.30329 -0.15840 0.30464 -0.93921 eb
74.93623 85.58655 -0.73877 -0.51448 -0.43535 eb
75.00422 93.31154 -0.43553 -0.43864 -0.78608 eb
75.68583 63.33910 0.86298 0.26647 -0.42926 eb
76.18255 39.64109 0.15244 0.61064 -0.77710 eb
76.83485 21.85421 0.96349 0.13284 -0.23246 eb
77.21942 26.23522 -0.52656 0.47156 -0.70737 eb
78.90922 44.01738 0.90391 0.42624 -0.03563 eb
79.24080 66.40137 0.34706 0.02837 -0.93741 eb
79.36923 39.76419 0.87853 0.43908 -0.18811 eb
80.18276 58.28800 0.78836 0.38270 0.48170 eb
80.23448 71.75161 0.62714 -0.72797 -0.27705 eb
80.26755 41.36414 -0.49527 0.17864 -0.85017 eb
80.43415 46.99385 0.01980 -0.71366 -0.70022 eb
80.63871 49.70286 -0.84611 0.46223 -0.26542 eb
81.34643 54.93853 -0.27312 0.04640 -0.96086 eb
82.52289 79.65796 0.91194 -0.33445 -0.23773 eb
82.68124 72.09640 0.38279 0.91961 -0.08822 eb
83.40259 90.56054 -0.76957 -0.60650 0.19980 eb
84.06870 93.06070 0.91928 0.39195 0.03596 eb
84.23069 36.22634 -0.53310 0.71979 0.44464 eb
84.60877 48.39540 0.85301 -0.08109 -0.51556 eb
85.19762 54.43804 0.58728 -0.30017 0.75167 eb
86.09452 61.85623 0.26453 -0.73784 0.62098 eb
88.35022 71.92330 -0.69484 0.61346 0.37533 eb
88.91250 28.61344 -0.06092 -0.99406 -0.09022 eb
89.09987 35.59090 -0.35911 -0.90909 0.21117 eb
89.13224 35.77752 0.91713 -0.23254 0.32374 eb
90.61765 83.55676 -0.42921 -0.81631 0.38654 eb
92.76794 89.21858 -0.31070 -0.94588 -0.09368 eb
95.29851 57.08299 0.41225 -0.91106 -0.00423 eb
95.31371 41.36415 0.74822 -0.41186 -0.52013 eb
95.56582 51.02647 -0.43531 0.80896 -0.39508 eb
96.19758 42.99284 -0.24202 0.95420 0.17586 eb
96.39463 54.46273 -0.66898 0.62473 -0.40271 eb
96.48367 20.80698 0.59900 0.10616 0.79368 eb
96.64897 43.75962 -0.85442 0.27849 -0.43864 eb
98.02327 55.46500 -0.98262 -0.17879 -0.04986 eb
99.22750 24.24062 -0.24884 -0.03187 -0.96802 eb
99.23122 22.01398 -0.00707 -0.43871 0.89860 eb
100.64871 72.56086 0.17681 -0.41104 -0.89431 eb
101.66560 37.64737 0.73442 -0.00143 -0.67870 eb
102.00748 44.85357 0.18594 0.37009 -0.91020 eb
103.60756 30.55545 -0.78012 0.58382 -0.22488 eb
105.57175 25.01607 -0.62677 -0.41428 0.65995 eb
107.15940 37.35263 0.56861 0.72313 -0.39214 eb
107.20930 73.86543 0.03798 -0.96616 0.25514 eb
107.36609 92.84004 0.42542 -0.67494 -0.60288 eb
108.07351 25.73367 -0.11552 -0.41611 -0.90195 eb
108.42949 69.22242 0.30689 -0.06043 -0.94982 eb
110.73703 71.05670 -0.42584 -0.15093 -0.89212 eb
111.13131 70.32348 -0.87393 0.44120 -0.20393 eb
111.35985 49.31204 0.13177 -0.26907 -0.95406 eb
112.20546 69.92830 0.50201 -0.00989 -0.86481 eb
113.53257 80.26173 -0.15792 -0.86121 0.48310 eb
113.88096 90.84982 -0.97552 -0.12886 0.17820 eb
114.10900 44.89046 0.30093 -0.12385 -0.94557 eb
115.07931 78.00802 -0.48732 -0.40828 -0.77190 eb
115.26380 33.09237 0.57332 0.81523 -0.08185 eb
115.50011 43.43487 -0.74176 -0.36208 0.56453 eb
115.52648 57.38412 0.96093 0.27169 -0.05289 eb
115.68175 37.08900 -0.45497 0.88298 -0.11556 eb
118.70970 31.42110 0.09698 0.20238 0.97449 eb
121.27603 78.79493 -0.84533 0.26546 -0.46363 eb
121.92931 17.63251 0.96826 -0.15701 -0.19450 eb
122.05777 45.34963 0.11242 0.71337 0.69171 eb
123.02512 95.38770 -0.20419 -0.93154 -0.30090 eb
123.13049 27.45080 0.21001 0.84354 -0.49430 eb
123.39324 39.80171 0.69876 -0.71331 0.05405 eb
123.96908 37.44614 0.50094 0.22851 -0.83477 eb
124.50455 38.61354 0.17788 -0.80696 -0.56318 eb
125.17106 50.13959 0.58900 0.75497 -0.28828 eb
125.56009 81.35350 0.79404 0.13452 -0.59280 eb
126.41077 23.95250 -0.48852 0.87214 -0.02695 eb
129.06708 47.65862 -0.78873 0.51632 -0.33363 eb
130.56263 35.40952 0.67817 -0.30985 0.66640 eb
130.78517 99.98901 0.54162 0.70753 -0.45393 eb
131.37618 47.79962 0.01281 -0.32458 -0.94577 eb
131.80438 35.19743 -0.68830 0.67129 0.27499 eb
134.74036 77.86110 0.12754 0.57956 -0.80489 eb
135.63930 83.82298 -0.42636 -0.90051 -0.08546 eb
136.88136 73.99052 -0.20340 -0.96539 -0.16324 eb
137.37730 54.21630 0.00626 0.90903 -0.41669 eb
141.32798 29.43072 -0.82296 -0.42331 -0.37887 eb
141.99985 64.01452 -0.56146 -0.82744 0.01049 eb
143.89256 46.06226 0.14438 0.12158 -0.98203 eb
145.96312 44.19170 0.95116 -0.07316 -0.29990 eb
146.35906 58.57903 -0.63676 -0.77034 0.03336 eb
147.11465 83.65758 -0.43154 0.86568 -0.25372 eb
147.97153 49.20952 0.87785 -0.45873 -0.13763 eb
149.01824 91.58438 0.01544 -0.71887 -0.69497 eb
149.50540 62.09842 -0.04052 0.92419 -0.37978 eb
149.64741 58.64996 0.83126 -0.55387 0.04724 eb
150.07988 62.15407 0.67348 0.68770 -0.27110 eb
150.18428 90.47448 -0.88953 -0.15092 -0.43124 eb
150.37699 64.40887 -0.83759 0.46575 0.28551 eb
151.34595 43.34708 -0.36896 0.80309 -0.46788 eb
151.81495 65.74483 -0.95455 0.29015 -0.06819 eb
152.78231 44.54532 0.90178 -0.27314 0.33493 eb
152.89337 64.01301 -0.77115 0.38936 0.50372 eb
154.24881 45.47459 0.80865 -0.38423 -0.44549 eb
154.63088 49.95911 0.28834 0.53853 -0.79174 eb
154.94465 22.10054 -0.95208 -0.30553 0.01402 eb
155.32525 44.38435 -0.77596 0.42022 0.47042 eb
155.58108 68.95618 0.34370 0.52838 -0.77633 eb
156.88053 68.55708 -0.15492 -0.80592 -0.57139 eb
157.20272 53.00981 0.05601 -0.72142 -0.69023 eb
157.85580 71.05156 0.96502 -0.06003 -0.25522 eb
158.06530 89.88845 -0.31005 0.88905 -0.33685 eb
158.96413 47.46634 -0.14759 -0.64667 -0.74835 eb
160.12763 30.29528 0.03498 -0.93142 -0.36225 eb
160.14723 51.58706 -0.87531 0.33249 -0.35111 eb
161.84662 38.10604 0.03748 0.72266 -0.69018 eb
161.97875 64.79939 0.50920 -0.33640 -0.79218 eb
162.20196 96.47911 0.73304 -0.56969 0.37164 eb
162.87406 55.81127 -0.70277 0.65398 0.28005 eb
163.94477 47.97041 -0.42520 0.88750 0.17763 eb
164.40783 58.88930 -0.89100 -0.11685 -0.43870 eb
165.19433 55.86066 -0.02807 0.52831 -0.84859 eb
166.68176 40.35450 -0.19155 0.95256 0.23650 eb
166.86015 61.18020 0.46000 -0.65592 0.59848 eb
167.09806 62.53580 -0.37328 0.89261 0.25280 eb
167.59650 71.91568 -0.22050 0.92496 0.30957 eb
167.70129 96.05001 -0.52299 -0.02601 -0.85194 eb
168.85951 45.99730 -0.53581 0.84036 0.08188 eb
170.91984 55.14783 0.94525 0.09066 -0.31350 eb
171.19583 31.95198 -0.42307 0.63709 0.64430 eb
172.24074 48.60320 0.96668 -0.21375 0.14083 eb
172.50459 38.05169 -0.32830 0.06730 0.94217 eb
172.78238 45.09271 -0.88743 -0.45999 0.02978 eb
173.20128 29.40846 0.12372 0.02021 -0.99211 eb
175.64631 51.06492 -0.32150 -0.50887 0.79855 eb
176.35782 49.18656 0.13303 0.95200 -0.27567 eb
177.68681 48.60745 -0.55729 0.79490 0.23992 eb
177.75765 47.52979 0.49956 -0.83838 -0.21806 eb
177.77736 52.67918 0.77627 -0.53873 -0.32738 eb
177.79342 52.21654 0.49593 -0.79113 -0.35801 eb
178.65043 43.15554 0.79625 -0.24667 -0.55240 eb
179.12374 32.15366 0.05971 -0.99147 0.11584 eb
180.53825 45.90159 0.81062 -0.12116 -0.57290 eb
180.61730 64.17515 0.07912 0.85827 -0.50707 eb
182.14537 55.16441 0.99480 -0.06767 0.07614 eb
182.96212 50.90114 0.78058 0.56908 0.25853 eb
183.12859 38.39940 0.05083 0.97528 -0.21507 eb
184.26532 27.50621 0.43884 -0.82140 -0.36430 eb
185.85504 50.30783 0.41547 0.61220 0.67275 eb
186.14204 44.36415 0.65432 0.75462 0.04907 eb
186.47883 59.21795 0.95832 0.13107 -0.25386 eb
186.50478 60.93830 0.57625 0.72390 -0.37935 eb
186.71566 47.70979 -0.63198 0.02529 -0.77457 eb
186.95563 51.59116 0.36941 0.82549 -0.42674 eb
187.54578 82.47052 0.29275 -0.46150 0.83745 eb
187.55649 74.16630 -0.37716 -0.80592 -0.45634 eb
187.74391 23.10745 0.95896 0.03226 -0.28171 eb
188.16051 49.54979 0.55919 -0.01478 -0.82891 eb
188.47386 48.61342 0.02107 0.99321 0.11444 eb
188.52962 39.36438 -0.95635 -0.28733 -0.05332 eb
188.57855 88.18247 0.82714 0.45977 0.32320 eb
189.04925 73.84495 0.83633 0.49001 -0.24587 eb
189.19718 29.98656 0.07091 0.86717 0.49294 eb
190.10788 79.55555 0.40884 -0.86041 -0.30421 eb
190.24183 59.39129 0.26833 0.83742 0.47616 eb
190.61526 52.21058 0.88828 -0.32191 0.32762 eb
190.94059 41.53779 0.74864 0.19885 0.63246 eb
191.52927 65.88404 0.99739 0.03952 -0.06042 eb
191.80816 57.52163 -0.17533 -0.93283 -0.31478 eb
192.68263 62.44741 -0.67310 -0.01084 -0.73947 eb
193.09810 20.52996 0.55276 -0.14988 -0.81975 eb
193.26861 51.45701 0.94975 -0.30369 -0.07589 eb
193.35369 32.53855 0.49275 -0.78488 -0.37572 eb
195.78659 63.95796 -0.15508 0.98782 -0.01263 eb
197.61701 31.84240 -0.81581 0.51431 0.26447 eb
198.37930 83.82173 -0.70191 -0.37835 -0.60346 eb
198.44433 52.41768 -0.93303 -0.04611 -0.35683 eb
198.62860 36.13004 0.45501 -0.63536 0.62393 eb
199.84159 84.72163 0.42733 -0.22974 -0.87442 eb
200.26460 33.70812 -0.13385 -0.99083 0.01825 eb
201.74439 59.27309 0.00864 -0.93703 0.34914 eb
204.10723 39.77047 0.43036 0.88492 -0.17807 eb
204.12402 92.66036 -0.07517 0.42182 -0.90356 eb
204.39943 37.28057 0.51063 -0.34305 -0.78840 eb
204.46726 21.94536 -0.37443 0.29506 0.87906 eb
205.07152 21.54885 0.61298 -0.66362 -0.42880 eb
205.50993 80.29349 -0.20547 0.97643 -0.06607 eb
208.07759 52.22135 0.81128 -0.42804 0.39825 eb
209.11570 25.20505 0.30521 0.93962 -0.15477 eb
209.16401 46.46696 0.86416 -0.39647 -0.30991 eb
210.07461 64.44769 0.90774 0.41362 0.07016 eb
210.08804 44.18430 0.36578 0.92572 0.09617 eb
210.85706 38.81792 0.52044 0.37276 0.76824 eb
211.50388 55.45216 -0.76397 0.48906 -0.42090 eb
211.52257 27.45780 -0.65316 0.52495 -0.54573 eb
212.83773 36.77657 -0.77662 0.46687 0.42296 eb
214.90311 51.88956 -0.56814 0.00180 -0.82293 eb
215.24228 62.32229 -0.04461 -0.71966 0.69289 eb
217.84099 21.48223 -0.73355 -0.67964 0.00027 eb
217.93445 71.20033 0.38240 0.06180 -0.92193 eb
220.00706 32.15753 -0.86336 -0.47764 -0.16269 eb
220.09165 68.80213 -0.55507 0.48367 -0.67672 eb
220.17248 72.90232 -0.32460 -0.85078 -0.41329 eb
220.57684 48.17087 0.40325 0.90060 0.16219 eb
221.72229 45.91618 -0.81235 -0.34667 -0.46894 eb
221.88596 41.44886 -0.26660 0.57671 0.77222 eb
222.47936 61.73294 0.90050 0.09500 0.42435 eb
222.49390 71.69968 0.01778 -0.74952 -0.66174 eb
223.50448 76.80627 -0.53653 0.04123 0.84288 eb
226.15937 80.89865 -0.67417 0.07943 -0.73429 eb
226.39676 59.98625 -0.34523 0.49316 -0.79851 eb
226.50597 29.88050 0.19168 -0.00849 -0.98142 eb
227.67555 61.61244 0.44541 -0.81150 -0.37825 eb
227.91231 56.32405 -0.46220 0.83008 0.31199 eb
228.21840 50.47484 -0.53233 -0.79818 -0.28202 eb
228.75904 39.90059 0.72743 0.68257 0.07037 eb
229.07315 45.10667 -0.61613 -0.19855 -0.76221 eb
229.96219 60.65940 0.33986 -0.92578 -0.16564 eb
230.08805 43.47584 -0.92074 -0.38365 0.07100 eb
230.43316 60.61556 -0.47069 0.73953 0.48119 eb
231.69559 61.96160 0.20938 -0.07953 -0.97460 eb
232.19249 35.13148 0.67750 0.72829 -0.10293 eb
232.46297 65.90996 -0.25901 0.90822 0.32870 eb
233.04186 49.77971 0.17196 0.98330 -0.05966 eb
233.73077 32.12064 0.15257 0.97110 0.18352 eb
233.77059 76.41843 -0.14910 0.97998 -0.13195 eb
237.04216 80.39601 -0.43764 0.28519 -0.85273 eb
237.46023 85.70064 0.81211 0.46397 0.35384 eb
237.84497 48.01077 0.89902 -0.34086 -0.27493 eb
238.09757 83.71495 -0.70419 0.70698 0.06557 eb
240.00400 63.09417 0.56208 0.65129 -0.50979 eb
240.25271 26.23332 0.78763 0.60684 -0.10668 eb
241.04240 60.57122 -0.41128 -0.86872 -0.27600 eb
241.40759 35.18039 -0.61706 -0.75976 -0.20494 eb
242.07308 67.30255 -0.79179 0.11506 0.59986 eb
242.54688 52.05126 -0.04174 -0.58506 -0.80992 eb
243.34075 43.14240 0.74090 0.18607 -0.64533 eb
243.63104 54.73805 -0.64729 0.28255 0.70794 eb
244.33079 34.09884 -0.59567 0.73915 0.31438 eb
244.91998 38.74746 -0.40594 0.58060 -0.70577 eb
245.59767 56.81344 0.30494 -0.72563 -0.61682 eb
246.17756 60.95207 0.05857 0.82337 0.56447 eb
246.96764 58.07563 -0.17064 0.94437 -0.28116 eb
247.24887 36.33016 -0.05139 -0.96758 -0.24726 eb
247.35900 30.82803 0.30965 0.86551 -0.39371 eb
247.52685 95.94505 0.71657 -0.11780 -0.68750 eb
247.82384 60.26630 0.68939 0.61747 0.37879 eb
248.47727 72.02587 -0.31746 -0.91529 -0.24792 eb
248.69389 56.40751 0.09856 -0.40413 -0.90937 eb
249.72843 88.97073 -0.42628 -0.35100 -0.83372 eb
251.38399 36.00058 -0.29127 -0.94582 -0.14345 eb
251.42646 86.34813 0.66423 0.73857 0.11541 eb
252.00770 49.64697 -0.88321 0.39578 0.25160 eb
252.52593 60.70712 0.13656 -0.73875 0.66000 eb
252.57891 60.72804 -0.68474 -0.37536 0.62469 eb
252.62642 42.61120 0.51519 -0.49129 -0.70229 eb
253.25427 36.10758 0.99846 -0.03025 -0.04644 eb
253.34593 52.73315 0.41722 0.90268 -0.10532 eb
254.33422 54.62035 0.74428 -0.43836 0.50388 eb
254.35704 23.46905 -0.59522 -0.32688 -0.73407 eb
255.06130 38.86728 -0.24021 0.13269 0.96161 eb
255.28815 71.28329 -0.20211 -0.11802 0.97223 eb
255.86146 25.41727 0.06745 0.61700 0.78407 eb
258.09012 61.57938 0.04278 -0.61214 -0.78959 eb
259.80539 91.20722 0.52715 -0.43916 -0.72750 eb
260.21870 38.42646 -0.22380 -0.70910 -0.66865 eb
263.31487 29.28373 -0.67188 -0.56955 -0.47348 eb
263.75662 38.87443 0.02473 0.99021 0.13736 eb
263.89113 60.37908 0.52949 0.68045 -0.50659 eb
264.91056 80.39729 0.51071 0.68109 -0.52468 eb
266.71114 38.26767 0.14140 -0.73083 0.66775 eb
266.76136 53.84669 -0.12652 -0.24261 -0.96184 eb
266.77111 47.53820 0.22083 0.93784 -0.26774 eb
266.87434 43.75569 -0.51204 0.85591 -0.07232 eb
267.59851 69.47213 -0.68117 -0.59465 0.42708 eb
267.77153 37.48048 -0.11770 -0.18322 -0.97600 eb
267.85667 51.66991 -0.43216 -0.55916 0.70752 eb
268.26129 54.12250 0.69829 -0.53817 -0.47198 eb
268.66294 53.90441 0.90170 -0.23487 -0.36301 eb
269.56416 72.73753 -0.69475 -0.61019 -0.38079 eb
270.51899 76.49311 0.90107 -0.18149 -0.39386 eb
270.54900 68.05134 0.70889 -0.30276 -0.63703 eb
271.20986 53.01708 -0.30174 0.95111 -0.06590 eb
272.69808 91.01652 -0.69222 0.72168 0.00378 eb
272.84019 37.55241 -0.42385 -0.29540 0.85620 eb
273.04047 55.88690 0.77382 0.21642 -0.59528 eb
273.04466 46.25862 0.31568 -0.94649 0.06704 eb
274.96499 63.10756 0.52921 -0.09841 -0.84276 eb
277.60158 77.10801 0.34094 0.85217 0.39695 eb
278.09957 50.60948 -0.09669 -0.77559 -0.62379 eb
278.66084 36.01487 0.82799 -0.03648 -0.55955 eb
281.70162 45.92371 -0.54764 -0.20353 -0.81158 eb
281.93875 39.72293 -0.14954 -0.07826 -0.98565 eb
282.41146 61.11037 0.16550 0.76024 -0.62820 eb
283.30964 40.09767 0.12728 -0.26295 0.95638 eb
284.51553 73.12112 0.38612 -0.35687 -0.85062 eb
284.82438 46.74814 -0.47381 0.84607 0.24426 eb
286.54296 47.30326 0.20885 -0.57605 -0.79028 eb
286.56366 34.19721 0.35394 -0.73712 -0.57566 eb
286.94670 69.92072 -0.38590 -0.62832 -0.67550 eb
287.70370 49.91830 0.83958 -0.53408 -0.09936 eb
288.19359 37.22141 0.48907 0.73315 -0.47256 eb
289.84046 62.66431 -0.51767 -0.71392 -0.47153 eb
290.53100 71.59781 -0.50979 -0.67427 -0.53430 eb
291.19708 33.00569 0.71644 -0.54236 -0.43882 eb
291.20969 25.08230 0.59969 0.71492 0.35954 eb
291.54427 85.64787 -0.62936 0.76024 0.16106 eb
292.10481 41.58203 -0.23127 0.67718 -0.69853 eb
293.61674 71.19015 -0.18592 0.97166 0.14598 eb
294.74773 43.87217 0.40659 0.67713 -0.61333 eb
295.24590 34.50196 0.50724 -0.27810 -0.81570 eb
295.73773 93.42928 -0.35011 0.73592 -0.57953 eb
296.00272 41.03602 -0.75408 -0.22207 -0.61810 eb
296.48181 47.98214 0.54919 0.64501 0.53136 eb
296.55878 31.06388 -0.42303 0.32040 0.84758 eb
297.58871 35.15329 0.90059 0.40528 0.15712 eb
298.02826 69.22096 0.12644 -0.89237 -0.43324 eb
298.24492 48.67004 -0.72126 -0.53281 -0.44261 eb
298.65596 44.38792 0.00512 0.99861 -0.05247 eb
299.08237 79.65136 -0.59742 -0.34282 -0.72496 eb
299.98208 96.34834 -0.49711 -0.86641 -0.04712 eb
300.25143 33.23129 -0.58376 0.01029 0.81186 eb
300.51941 41.99075 0.43432 0.30977 -0.84582 eb
301.01053 32.53350 0.46266 -0.61173 -0.64166 eb
301.13770 59.21330 0.10430 -0.99359 0.04360 eb
301.42324 47.01668 0.32160 -0.38940 -0.86310 eb
301.49777 56.81234 0.50838 -0.85464 -0.10551 eb
301.87133 41.97456 0.55436 -0.65221 -0.51703 eb
302.21241 27.49482 -0.20076 0.91640 -0.34629 eb
302.25895 71.75946 0.54988 0.25209 -0.79630 eb
304.68990 94.05692 0.34703 -0.93541 -0.06770 eb
305.24712 78.84353 0.51158 0.47319 0.71720 eb
305.61263 72.01854 -0.56353 0.47216 0.67786 eb
305.76197 80.81930 -0.58291 0.52566 -0.61959 eb
305.76691 46.33199 -0.83516 0.52946 -0.14895 eb
306.30347 23.49930 0.82259 0.45968 -0.33471 eb
306.42942 33.95903 0.55447 -0.74693 -0.36697 eb
306.80114 59.79026 0.62637 0.56854 0.53331 eb
307.46075 54.06691 -0.20368 -0.69201 -0.69256 eb
307.60039 36.72803 -0.11555 0.63084 -0.76726 eb
307.72390 45.61329 0.70591 -0.68315 0.18710 eb
307.80333 55.85072 -0.03079 -0.50148 -0.86462 eb
307.96627 41.15546 0.50888 -0.56410 -0.65026 eb
308.25648 61.91119 0.26340 -0.94624 -0.18774 eb
308.55984 50.86042 0.30239 0.40718 -0.86184 eb
308.57296 90.84163 -0.11362 -0.92418 -0.36467 eb
308.63254 32.41126 -0.12634 -0.37809 -0.91711 eb
310.78037 32.40428 0.66002 0.16054 -0.73389 eb
311.48101 52.45563 0.48320 -0.86581 0.12993 eb
312.96528 73.25937 -0.31528 0.22116 -0.92287 eb
313.23063 55.29570 0.61126 -0.57432 -0.54453 eb
315.79267 28.15806 0.40762 -0.55948 -0.72168 eb
316.28851 21.65914 -0.98957 -0.04607 -0.13652 eb
316.32588 34.16203 -0.46381 0.52921 -0.71050 eb
316.66998 32.81645 -0.84922 -0.51391 0.12135 eb
316.87725 57.86457 0.36211 0.89538 0.25918 eb
317.20905 85.75709 -0.32448 -0.92585 -0.19371 eb
317.79673 40.70020 0.04947 -0.62206 -0.78140 eb
317.85968 30.56052 -0.87353 0.21325 -0.43757 eb
318.46660 53.30655 0.79881 -0.42368 0.42709 eb
318.50556 26.21190 0.33618 0.71414 0.61400 eb
318.65730 27.48754 0.01386 0.11358 -0.99343 eb
318.74337 37.67326 0.54220 -0.71288 0.44477 eb
319.70018 33.98399 0.00556 0.99997 0.00551 eb
319.83824 86.49200 0.93510 0.34795 0.06728 eb
320.04543 58.11374 0.01632 -0.99967 0.01987 eb
320.10197 66.25705 0.72070 -0.35180 -0.59735 eb
320.93673 88.70529 0.88714 -0.30337 -0.34779 eb
321.20435 66.88831 -0.63668 0.27898 -0.71890 eb
322.52500 70.51283 -0.28379 -0.32513 -0.90208 eb
323.03629 80.38860 0.87832 0.47597 0.04474 eb
323.20660 71.39243 0.74844 -0.56425 -0.34850 eb
323.92646 64.06100 -0.50421 -0.85747 -0.10259 eb
326.37156 34.86324 -0.73378 0.60962 -0.29988 eb
326.38755 48.70662 -0.41714 -0.80558 -0.42076 eb
326.50113 52.35375 0.47341 0.87309 -0.11661 eb
326.68139 61.00352 -0.10771 -0.26511 -0.95818 eb
326.70164 38.94795 0.89327 0.03418 0.44823 eb
326.89292 48.74893 0.14371 0.98702 0.07174 eb
328.84540 63.76929 0.67510 0.24519 -0.69579 eb
330.03766 79.52454 0.49090 -0.81303 -0.31304 eb
330.49750 87.93533 0.16201 0.98632 -0.03025 eb
331.05462 60.33444 0.19074 -0.92090 0.33993 eb
331.58677 42.21742 0.17780 0.84715 -0.50073 eb
331.94115 51.99397 -0.33791 0.54748 -0.76556 eb
333.54570 69.07546 -0.69952 -0.58762 -0.40666 eb
333.56095 50.08036 -0.24397 0.66227 0.70843 eb
333.98068 70.76646 0.60283 0.78797 0.12526 eb
334.23502 50.11724 -0.12167 0.54999 0.82626 eb
334.47833 80.14370 -0.51967 -0.69480 -0.49719 eb
334.99186 26.22246 0.23349 -0.48278 -0.84404 eb
335.21473 79.32355 0.24652 -0.68154 -0.68901 eb
335.44940 55.14841 -0.39676 -0.83727 0.37624 eb
335.73222 47.26656 0.70039 -0.36884 0.61107 eb
336.24949 34.76999 -0.60071 0.42177 0.67916 eb
336.54049 36.61978 0.88123 0.26185 -0.39354 eb
336.61966 46.96443 0.66632 0.60973 0.42924 eb
337.69085 65.25120 -0.50378 0.16026 -0.84884 eb
338.06866 37.76807 0.55149 -0.22291 -0.80385 eb
339.78153 96.70101 0.45688 0.35510 -0.81558 eb
340.15608 38.87621 -0.59194 -0.72073 -0.36077 eb
341.06565 37.20422 -0.45261 -0.80501 0.38355 eb
341.93420 33.95030 0.63192 -0.43680 -0.64022 eb
342.04790 82.41138 0.22168 -0.67692 0.70188 eb
342.10805 57.56245 0.84715 0.24437 -0.47182 eb
343.63966 50.54673 0.70367 0.47842 -0.52533 eb
343.69002 66.76784 -0.17657 0.98026 -0.08896 eb
344.18098 83.82257 -0.01805 0.90127 -0.43288 eb
344.26238 98.94464 0.00777 0.79746 0.60333 eb
345.02224 78.95756 -0.03650 -0.85940 -0.51000 eb
345.16385 40.95319 -0.87053 0.32622 0.36845 eb
345.44338 32.38797 -0.11706 -0.43650 -0.89205 eb
346.15483 34.67745 -0.07150 -0.22647 0.97139 eb
346.25635 48.09772 0.76939 -0.30847 -0.55936 eb
346.69974 61.38226 0.42019 0.89847 -0.12727 eb
347.05817 58.30890 0.22846 -0.17249 -0.95815 eb
347.13311 89.73985 -0.21885 -0.53191 -0.81803 eb
347.14887 49.02643 -0.57300 0.56398 0.59465 eb
347.84561 53.26094 0.51775 -0.80502 0.28962 eb
347.90727 82.57277 -0.89364 0.26332 -0.36343 eb
348.21276 24.56754 -0.22091 0.62792 -0.74627 eb
348.28899 78.29942 -0.58823 0.58695 -0.55630 eb
348.48414 79.05176 0.92342 0.12307 -0.36352 eb
348.98547 48.80637 0.62138 0.50330 -0.60048 eb
349.12263 70.85432 -0.83704 0.43525 -0.33153 eb
350.25544 39.22400 -0.59425 0.39438 0.70095 eb
350.32745 20.73710 0.34954 0.91561 0.19872 eb
350.69368 93.24065 0.28019 -0.71262 -0.64317 eb
350.85803 35.89527 -0.04706 0.88700 -0.45937 eb
351.99946 38.60432 0.38303 0.57306 -0.72449 eb
352.00943 43.61771 -0.34101 0.84913 0.40335 eb
352.53655 37.05460 0.92896 0.30691 -0.20698 eb
353.86769 45.33522 -0.47997 0.06617 -0.87478 eb
355.71695 35.06979 0.31302 0.90295 0.29444 eb
356.00486 55.19639 0.92085 -0.38894 0.02745 eb
357.80889 33.75590 -0.28479 0.39913 -0.87154 eb
358.23265 82.52710 -0.43303 0.47360 -0.76694 eb
358.55150 26.72387 -0.20838 0.91048 0.35723 eb
359.12225 32.07894 0.95680 0.20720 0.20395 eb
361.39177 93.25242 0.13793 0.89703 -0.41990 eb
362.40873 73.09299 -0.41215 -0.84458 0.34178 eb
363.20698 74.24341 -0.64383 0.07591 0.76139 eb
363.76934 27.35133 -0.60306 -0.33819 -0.72246 eb
365.04121 70.76886 -0.35133 0.28245 0.89263 eb
365.70299 50.99345 -0.49336 -0.73558 -0.46423 eb
367.01929 39.25809 -0.48324 -0.86905 -0.10599 eb
367.89148 70.33757 -0.26701 -0.44651 -0.85401 eb
371.92296 47.31147 -0.24709 0.96897 0.00592 eb
372.07132 55.74685 0.36975 0.78133 -0.50280 eb
373.03622 49.22532 0.63554 -0.77206 -0.00453 eb
373.72439 65.30767 -0.05221 -0.97491 -0.21639 eb
373.93619 54.38143 -0.53182 0.10416 -0.84043 eb
374.42069 40.01680 0.25269 -0.43198 -0.86576 eb
377.02629 65.99517 0.19634 -0.94056 0.27714 eb
377.03595 41.73341 -0.05174 0.72506 -0.68673 eb
380.31213 37.12151 -0.72876 0.63550 -0.25503 eb
381.49130 47.06873 -0.25641 -0.84802 0.46382 eb
388.62279 49.48930 -0.17832 0.72534 -0.66490 eb
389.39007 67.85944 0.81335 -0.57988 0.04693 eb
389.94409 60.73113 -0.52600 0.11731 -0.84236 eb
391.32493 53.06786 -0.54160 0.81007 0.22464 eb
394.02433 31.81428 0.57823 -0.32688 0.74753 eb
396.98961 23.35801 0.56690 -0.60644 -0.55754 eb
399.23841 42.97124 0.40879 0.91257 0.01065 eb
404.11431 58.44808 0.62532 0.60518 -0.49268 eb
404.15303 59.58698 -0.66428 0.51820 0.53870 eb
409.77173 46.87724 -0.00729 0.41657 0.90908 eb
421.10038 23.67779 0.83568 0.06037 -0.54589 eb
421.35479 60.83838 0.20782 0.13502 -0.96880 eb
421.55278 65.99687 -0.62249 0.56885 -0.53751 eb
426.99910 37.64641 0.55474 0.82014 -0.14014 eb
427.71290 44.94715 0.01414 0.94886 -0.31539 eb
427.91139 41.89071 -0.34095 0.08925 -0.93584 eb
428.51624 63.45678 0.29194 0.94812 0.12587 eb
440.47129 44.35590 0.49400 -0.52651 0.69192 eb
448.17826 53.67304 -0.65038 -0.07930 -0.75546 eb
466.00613 55.21790 0.22282 0.87152 -0.43681 eb
474.61835 27.68368 -0.65316 -0.00553 -0.75720 eb
507.26849 22.37518 0.12955 0.87164 -0.47272 eb
543.25190 28.98828 -0.59270 -0.47758 -0.64856 eb
623.98378 30.39759 0.52370 -0.27726 -0.80552 eb
635.30140 34.21200 -0.68102 -0.04638 -0.73079 eb
636.22401 23.34455 0.18127 0.80179 -0.56945 eb
637.78405 60.66244 0.61887 -0.63459 -0.46293 eb
676.34239 24.51070 -0.43439 -0.74191 -0.51076 eb
729.60162 38.36677 -0.46683 0.40495 -0.78619 eb
781.28194 17.85855 -0.64192 -0.56923 0.51372 eb
791.00420 40.68588 -0.77317 0.50509 -0.38352 eb
791.53656 28.06463 -0.60218 0.28196 -0.74691 eb
838.41718 33.54334 0.81974 -0.53657 0.20027 eb
849.75084 30.94291 0.78194 0.02129 0.62299 eb
884.37802 31.49471 -0.10222 -0.64969 0.75329 eb
895.89314 34.66300 0.19970 -0.87028 -0.45026 eb
927.65445 28.26004 0.43929 -0.75453 -0.48756 eb
937.53207 44.72310 0.22296 -0.97483 0.00088 eb
940.61793 30.96183 -0.12652 -0.81629 -0.56362 eb
1023.26230 33.56229 0.84664 -0.51899 0.11767 eb
1045.87842 42.75658 0.00373 0.98349 0.18091 eb
1071.24261 46.27406 0.47620 0.69692 -0.53622 eb
1152.17564 28.45816 -0.09666 -0.87490 0.47457 eb
1164.89893 29.92849 -0.24919 0.51900 0.81765 eb
1206.56719 40.12243 -0.21251 0.03165 0.97665 eb
1213.66912 27.84985 0.07472 0.50614 -0.85921 eb
1356.67198 45.46653 -0.27730 0.78449 -0.55468 eb
1367.60601 65.04847 0.00490 -0.99240 -0.12296 eb
1376.48484 41.73187 -0.73726 0.41084 -0.53634 eb
1384.68663 35.61912 0.65290 0.63940 -0.40607 eb
1492.65973 56.03449 -0.12992 0.99123 0.02420 eb
1509.34332 18.35982 0.96054 -0.27012 0.06632 eb
1649.19012 31.18557 0.45999 -0.11955 -0.87984 eb
1677.65407 28.41592 -0.89700 0.17285 -0.40683 eb
1770.64090 25.27290 -0.44797 -0.71039 0.54284 eb
1778.07254 38.05581 -0.09027 0.67516 -0.73212 eb
1853.62763 43.83152 -0.94806 -0.09712 -0.30289 eb
2067.93362 29.96317 0.37775 -0.60180 -0.70367 eb
2207.47926 31.65843 -0.52283 -0.74888 0.40721 eb
2367.18937 38.28851 0.81390 -0.57685 -0.06944 eb
2375.99469 22.66335 -0.59204 0.38428 -0.70839 eb
2384.27845 24.82832 0.91720 -0.35826 -0.17436 eb
2482.33885 33.11895 0.22601 0.97123 0.07503 eb
2541.20281 29.79823 0.12846 0.82405 -0.55176 eb
2591.45242 51.32992 -0.61426 0.78884 -0.02038 eb
2684.21926 26.71751 -0.94311 -0.33205 -0.01702 eb
2733.59892 29.53536 0.52455 -0.78865 -0.32074 eb
3144.38649 28.22177 0.86046 0.48273 0.16304 eb
3269.19650 38.25519 -0.94718 0.31705 -0.04831 eb
3558.32252 19.77987 -0.06415 -0.22834 0.97147 eb
3767.07861 16.05351 0.49429 0.06063 -0.86718 eb
4692.54678 27.98341 -0.42637 -0.22891 0.87510 eb
6855.71860 35.28681 -0.46192 0.47792 0.74714 eb
7215.44652 45.27445 -0.44503 0.81481 0.37153 eb
7234.28869 48.98848 0.76010 0.47677 -0.44151 eb
7305.70971 25.54297 0.14436 0.10086 -0.98437 eb
8574.30285 21.20773 0.07194 0.98149 0.17749 eb
9901.44386 28.40370 -0.06716 0.71001 -0.70098 eb
11160.69862 26.50425 0.56656 -0.58564 0.57969 eb
11265.41517 26.22197 -0.99155 -0.08513 -0.09788 eb
11333.12021 83.01105 -0.38671 -0.44140 -0.80970 eb
13475.26564 18.94191 0.93895 -0.24328 -0.24330 eb
16860.13833 18.66729 0.49294 -0.56186 -0.66432 eb
16901.14210 17.67888 -0.22107 -0.20190 0.95413 eb
17462.88989 23.30100 0.31285 -0.61310 -0.72542 eb
