15.31677 45.64945 0.68161 -0.19894 -0.70415 e
17.22207 44.06153 -0.42751 0.83342 -0.35021 e
17.70483 67.51136 -0.41712 -0.85948 -0.29549 e
18.48018 41.65010 0.18728 -0.05620 0.98070 e
18.55729 96.00599 0.95735 0.28795 -0.02382 e
18.57166 85.60334 0.21903 -0.88680 -0.40696 e
19.63892 91.94461 -0.79963 0.27784 0.53235 e
19.75611 66.88620 -0.45072 -0.73549 -0.50587 e
19.95253 89.64119 0.39994 -0.13487 -0.90656 e
20.05263 71.10404 0.47595 0.73989 0.47543 e
21.21922 84.59346 -0.62750 0.53417 -0.56648 e
21.38173 69.32004 0.57129 0.57914 0.58157 e
21.43378 89.68783 0.20492 0.97274 0.10855 e
21.77178 41.32665 -0.38208 -0.79245 -0.47544 e
21.89056 49.53507 -0.36079 -0.17451 0.91618 e
22.62783 55.54885 0.37063 0.53763 -0.75735 e
22.63871 50.92994 -0.94458 0.32554 0.04232 e
22.83954 93.99707 0.96762 0.21221 -0.13666 e
23.61541 56.13115 0.89995 0.42760 0.08512 e
23.65071 79.58403 -0.07215 -0.31170 -0.94744 e
23.74247 63.75450 -0.91222 0.26076 0.31600 e
23.91769 55.02804 0.75399 -0.30196 -0.58336 e
24.18045 87.33234 -0.50664 0.43901 -0.74201 e
24.18934 64.05817 0.29533 0.34124 -0.89238 e
24.45893 84.74216 -0.51852 -0.59969 0.60952 e
24.51403 67.33579 -0.70927 -0.61229 -0.34934 e
24.61195 90.36628 -0.39615 0.87772 -0.26957 e
24.69793 66.69124 -0.61368 -0.18527 -0.76751 e
25.12879 93.27234 -0.53409 0.84396 0.04979 e
25.32029 98.76546 0.62880 -0.76832 -0.11953 e
25.35767 89.88211 0.37469 0.87730 -0.29992 e
25.55475 98.33648 0.69684 -0.41880 -0.58225 e
25.68002 82.79068 -0.37419 -0.84551 -0.38092 e
25.73201 47.78096 0.90061 -0.31286 0.30168 e
25.89135 90.06610 0.70720 -0.69074 -0.15082 e
26.10705 31.93287 0.72581 0.14670 -0.67207 e
26.11740 91.02884 -0.87909 0.29429 -0.37496 e
26.20169 88.87704 -0.40677 0.50722 -0.75978 e
26.25335 91.68805 -0.95036 0.10385 -0.29331 e
26.37133 88.21337 0.08116 -0.22963 -0.96989 e
26.46518 98.21512 0.90403 -0.35386 0.23982 e
26.92074 96.36744 -0.28254 0.95705 -0.06505 e
27.02700 85.47606 0.92258 0.23351 0.30713 e
27.11575 69.43033 0.59826 -0.20966 -0.77338 e
27.22717 97.68056 0.31274 0.88936 0.33353 e
27.24982 91.72513 -0.38244 -0.79913 -0.46383 e
27.51101 95.43504 0.25370 0.78080 -0.57095 e
28.04230 90.52465 -0.74891 0.47086 -0.46628 e
28.35670 75.80374 -0.81095 -0.26961 -0.51929 e
28.57422 78.59532 0.11553 0.87935 -0.46195 e
28.67248 97.07443 0.95996 -0.27820 -0.03297 e
28.68464 96.79601 -0.69517 0.37009 -0.61626 e
28.95879 97.82494 -0.89104 -0.42098 -0.16979 e
29.00998 72.91237 -0.19579 -0.97926 0.05221 e
29.27826 83.60346 -0.65231 0.67354 0.34762 e
29.29113 99.34235 -0.60589 -0.73085 -0.31425 e
29.32345 92.04349 -0.63321 -0.05433 0.77207 e
29.44602 59.84250 -0.25639 0.38106 0.88829 e
29.56818 56.55229 0.06813 -0.74225 -0.66665 e
29.98245 96.70217 -0.61794 -0.52439 0.58580 e
30.18482 98.77039 0.13659 0.08887 -0.98663 e
30.28690 79.43034 0.72868 0.65014 -0.21529 e
30.32784 85.66464 0.57369 0.80678 0.14136 e
30.51764 54.90319 -0.93854 -0.11260 0.32629 e
30.66348 79.54693 -0.84821 0.29016 0.44310 e
30.76522 95.24142 -0.00557 -0.35198 -0.93599 e
30.76814 64.91540 0.55283 0.25278 -0.79403 e
30.77332 97.17924 0.35456 -0.02255 -0.93476 e
30.97589 61.32166 0.15735 -0.47544 -0.86557 e
30.98658 87.74434 -0.01699 -0.00795 -0.99982 e
31.23712 98.42689 0.68911 -0.60878 -0.39309 e
31.29482 90.95217 -0.03448 -0.99097 0.12956 e
31.66788 95.04797 -0.05293 -0.80221 -0.59470 e
31.79593 88.07071 0.04826 -0.36698 -0.92898 e
32.17573 45.74378 -0.65712 -0.24201 0.71388 e
32.21673 65.21212 -0.41700 -0.58120 -0.69880 e
32.30151 80.34672 -0.84730 0.46098 0.26378 e
32.30503 88.16107 0.06807 -0.49639 -0.86543 e
32.48911 87.87072 -0.45972 0.45447 -0.76297 e
32.55442 88.46086 0.09263 -0.59086 -0.80144 e
32.60244 90.71039 0.11499 -0.59011 0.79909 e
32.98985 90.82150 -0.74034 -0.43139 -0.51555 e
33.03475 97.42142 -0.67318 -0.62638 -0.39304 e
33.09593 87.10753 0.52573 -0.35704 -0.77210 e
33.24953 55.03023 -0.78339 0.49344 -0.37790 e
33.42086 72.31034 -0.99113 0.12881 -0.03276 e
33.52801 75.22406 0.25151 0.41197 -0.87580 e
33.55997 79.79247 -0.06351 -0.41392 -0.90809 e
33.70682 83.05240 -0.55255 0.66144 -0.50714 e
33.79530 39.35039 0.97665 0.20862 0.05130 e
33.89468 41.63294 0.22629 -0.40804 -0.88448 e
34.01723 92.09371 -0.27817 -0.89500 0.34870 e
34.02720 72.49558 -0.27330 0.78673 -0.55350 e
34.10497 64.94514 0.85357 -0.37773 -0.35880 e
34.15807 45.93580 0.89155 0.45287 0.00753 e
34.22498 56.02644 -0.18536 0.97794 -0.09629 e
34.29376 65.54254 -0.56194 0.51735 -0.64543 e
34.41149 58.17122 0.09745 0.41561 -0.90431 e
34.45950 84.59224 -0.06919 0.75432 -0.65285 e
34.47037 79.13597 0.58677 -0.17313 0.79103 e
34.47373 93.86016 0.04165 0.88792 -0.45811 e
34.49702 86.53752 -0.70441 -0.41153 -0.57831 e
34.95045 99.85122 0.45052 -0.40105 -0.79761 e
35.24687 54.98833 0.79996 -0.43257 -0.41586 e
35.35551 44.99520 -0.98579 0.15230 -0.07092 e
35.53399 73.47913 0.92277 0.36325 0.12865 e
35.58846 93.89396 0.17535 -0.92664 0.33255 e
35.66570 90.48378 -0.84978 0.49441 -0.18283 e
35.76047 77.35173 0.93548 0.04349 0.35070 e
35.89706 59.36299 0.67251 0.73996 0.01366 e
35.90846 66.45172 -0.35923 -0.59445 -0.71944 e
36.20379 49.98058 -0.55023 0.14337 -0.82261 e
36.20556 98.32496 0.18797 0.35798 -0.91461 e
36.27295 67.43084 0.82644 -0.49220 0.27339 e
36.55930 85.27708 0.91194 -0.38326 0.14656 e
36.65240 83.13807 0.31346 -0.54571 -0.77714 e
36.73174 65.20080 -0.48358 0.81642 -0.31560 e
36.91702 89.15886 -0.11392 -0.76114 -0.63850 e
36.93022 49.02176 -0.66226 -0.69077 -0.29024 e
37.21585 72.02651 -0.85690 -0.50610 -0.09789 e
37.24930 87.12435 -0.74735 0.64163 -0.17255 e
37.42925 31.00777 -0.95352 -0.02769 0.30007 e
37.43628 90.58354 0.11986 0.52966 -0.83970 e
37.49618 73.66604 0.43874 0.89814 0.02933 e
37.58727 55.17309 0.99278 0.10948 -0.04907 e
37.79328 81.30330 0.01423 0.90747 -0.41987 e
37.94702 97.42296 -0.13808 -0.88406 -0.44650 e
38.00944 49.22112 -0.88598 0.11997 -0.44793 e
38.50101 98.41064 -0.50616 -0.55219 -0.66249 e
38.50212 84.18451 0.53353 -0.25998 0.80483 e
38.51373 80.30067 -0.08477 0.43147 -0.89814 e
38.95504 85.94776 0.43577 -0.27908 0.85570 e
38.96651 92.75217 0.48737 0.47329 0.73380 e
39.05913 63.23725 -0.23286 -0.36049 -0.90323 e
39.07429 89.24847 0.65419 0.25357 -0.71256 e
39.34635 99.97304 0.98581 -0.14218 -0.08928 e
39.36262 63.41221 0.78368 -0.57268 -0.24061 e
39.37730 69.34553 -0.33583 -0.94186 -0.01082 e
39.48364 91.72070 -0.06457 -0.66625 -0.74293 e
39.48667 58.42693 0.44820 -0.85085 0.27418 e
39.50310 92.18189 -0.28619 0.95119 0.11544 e
39.56501 85.63656 -0.73218 0.19264 -0.65330 e
39.60440 49.04486 -0.39644 0.82026 -0.41233 e
39.77589 84.22022 -0.73987 -0.32507 -0.58900 e
40.06936 55.37240 -0.76058 0.58692 -0.27757 e
40.10245 43.73034 0.38038 -0.63725 0.67024 e
40.16375 98.35013 -0.42071 0.00778 -0.90716 e
40.16768 75.28779 0.43421 0.24589 -0.86660 e
40.21757 76.31310 0.22340 0.81084 -0.54096 e
40.24617 66.73622 -0.97328 -0.17170 0.15249 e
40.34949 74.03643 -0.68382 0.66892 0.29143 e
40.39755 92.51663 0.79068 0.43251 0.43331 e
40.50327 70.26964 0.70492 0.70624 -0.06563 e
40.57387 74.24902 -0.93685 0.32228 -0.13581 e
40.63589 62.49386 -0.47452 -0.78796 -0.39238 e
40.92954 47.56769 -0.26000 -0.42171 0.86865 e
40.97632 47.93386 0.54088 0.33022 -0.77357 e
41.04020 87.81071 0.69416 -0.29441 -0.65686 e
41.08025 68.40876 -0.77449 -0.60792 0.17495 e
41.39464 68.03388 0.76890 0.39250 -0.50472 e
41.42852 59.23228 0.58422 0.74834 -0.31414 e
41.68151 75.10010 0.98748 -0.13980 -0.07307 e
41.80022 77.88093 -0.87262 -0.06514 -0.48403 e
41.81205 64.95612 -0.75959 -0.64927 -0.03833 e
42.01637 57.09336 0.55197 0.50296 -0.66511 e
42.08162 73.93261 0.42995 -0.20387 -0.87953 e
42.12518 88.49106 -0.76191 -0.51122 -0.39767 e
42.21784 83.19519 -0.28973 -0.46748 -0.83518 e
42.26872 95.12782 0.29270 -0.38687 -0.87445 e
42.40313 63.92684 0.15718 0.84095 -0.51778 e
42.64772 71.15891 -0.28517 0.90308 -0.32113 e
42.77514 69.71842 -0.54662 0.65132 -0.52629 e
42.82857 78.65534 0.46427 0.37266 -0.80348 e
42.83784 94.78575 0.92504 0.28416 0.25210 e
42.85152 49.09378 -0.49605 -0.85952 -0.12315 e
42.85154 61.27499 -0.33064 -0.92588 -0.18285 e
42.85807 28.51437 -0.50337 -0.46628 0.72746 e
42.92112 40.95401 -0.20439 -0.82273 -0.53041 e
43.06697 29.78523 0.48896 -0.08001 0.86863 e
43.16481 94.86060 -0.66528 -0.73686 -0.12016 e
43.26246 80.98771 0.92055 -0.12654 0.36957 e
43.86211 67.75239 0.26377 -0.75567 -0.59949 e
44.02863 91.53373 -0.30251 0.13642 -0.94333 e
44.29400 85.06544 0.13775 0.94587 -0.29388 e
44.29453 73.46952 0.80759 -0.09702 -0.58170 e
44.30186 53.56301 -0.21111 0.96104 0.17840 e
44.39773 86.96188 -0.88413 -0.18612 0.42858 e
44.54122 64.53096 0.41052 0.34076 -0.84579 e
44.60212 98.74716 -0.47347 0.27379 0.83717 e
44.78502 45.18476 0.42024 -0.08427 -0.90349 e
44.78918 78.28242 0.69325 -0.34040 -0.63524 e
44.80109 57.75830 0.72927 0.31470 0.60756 e
44.89663 91.55583 0.39672 -0.48256 -0.78086 e
44.94186 80.58609 0.58913 -0.30628 -0.74774 e
44.94212 83.40198 0.86446 0.12103 -0.48791 e
45.53915 99.34474 -0.08467 0.76058 -0.64371 e
45.57915 63.81360 -0.05653 -0.64613 -0.76113 e
45.70031 62.94645 0.38097 0.71188 -0.58999 e
45.78561 95.28459 0.75560 0.64047 -0.13737 e
45.95214 96.80775 0.18183 0.80074 -0.57075 e
45.96073 42.18419 0.86918 -0.04666 -0.49230 e
46.08884 66.34106 0.43068 0.85832 0.27893 e
46.12303 96.14382 0.86638 0.49526 0.06413 e
46.14361 49.31565 -0.56613 -0.13836 -0.81262 e
46.35278 87.15797 -0.62838 0.06419 -0.77525 e
46.48193 71.44982 0.10209 0.67876 -0.72723 e
46.54383 84.64552 -0.31806 -0.71695 -0.62034 e
46.62401 59.35092 -0.29178 0.45581 0.84090 e
46.81223 99.34283 -0.30924 -0.54471 -0.77953 e
46.88915 87.10657 0.51195 0.15419 -0.84506 e
46.97820 94.71352 0.35789 -0.47516 -0.80383 e
47.10371 99.73307 -0.55456 -0.82685 -0.09371 e
47.11820 95.28527 -0.51579 -0.85351 0.07404 e
47.49256 84.47489 -0.19655 -0.04605 -0.97941 e
47.50371 90.07113 -0.53121 0.30101 -0.79197 e
47.50997 89.70603 0.88175 -0.24779 0.40140 e
47.59602 81.32389 0.95273 0.21997 0.20958 e
47.60060 86.71193 -0.30580 0.87121 -0.38403 e
47.77894 83.19130 0.74322 -0.65928 -0.11386 e
47.89447 63.95755 0.92640 -0.15133 -0.34480 e
47.96700 54.07473 -0.09823 0.97002 0.22230 e
48.00184 68.94494 -0.60548 -0.09084 -0.79066 e
48.06132 73.94174 -0.72616 -0.43189 0.53494 e
48.13578 86.15317 0.21269 -0.06812 0.97474 e
48.22409 47.15684 0.82162 0.38155 -0.42351 e
48.47257 62.72144 0.72109 0.53456 0.44076 e
48.54832 67.49257 -0.69595 -0.51250 -0.50298 e
48.58391 71.91077 0.60624 -0.77387 -0.18330 e
48.63644 86.16257 -0.72468 -0.49440 -0.48000 e
48.78659 68.08686 0.02164 0.48432 -0.87462 e
48.93682 50.43371 -0.40144 -0.79674 -0.45173 e
49.65746 81.05988 0.07154 0.14383 -0.98701 e
49.68418 86.27597 -0.29854 -0.20484 -0.93216 e
49.69506 87.39564 -0.30240 0.61156 -0.73113 e
49.78023 62.25911 -0.12125 0.85302 -0.50759 e
49.80561 89.84664 -0.25350 -0.86919 -0.42457 e
50.13041 87.24350 -0.06371 -0.56015 -0.82593 e
50.69102 78.79659 -0.12476 0.13118 -0.98348 e
51.17508 88.29666 -0.72909 -0.67649 -0.10385 e
51.18297 58.37513 0.76199 0.56497 0.31650 e
51.35402 59.87332 -0.52366 -0.63201 0.57126 e
51.53533 40.06523 0.88183 0.47156 0.00395 e
51.63118 94.19851 0.40073 0.17024 -0.90024 e
51.64256 96.09160 0.29613 0.28939 -0.91025 e
51.68543 76.07308 0.48684 -0.83922 0.24228 e
51.89632 69.46110 0.67934 -0.35109 -0.64439 e
51.92238 96.51293 0.19273 -0.96581 -0.17337 e
52.22984 67.33437 -0.14226 0.82289 -0.55010 e
52.30294 82.39507 0.16237 0.33923 -0.92658 e
52.30662 79.29348 0.47289 0.50191 -0.72420 e
52.33070 87.89094 -0.72830 0.22076 -0.64873 e
52.41786 95.74368 -0.06252 -0.96959 -0.23663 e
52.59708 89.12252 -0.94542 0.01339 0.32558 e
52.68097 57.56096 -0.56776 -0.79157 -0.22598 e
53.08318 97.41526 0.27736 -0.83387 -0.47721 e
53.19308 77.12784 -0.13908 -0.21228 -0.96726 e
53.22837 82.71585 -0.61556 0.76108 -0.20453 e
53.28371 98.08558 0.94451 -0.31963 -0.07570 e
53.54309 44.39425 0.04378 -0.37178 -0.92729 e
53.63203 86.03734 -0.77578 -0.56565 -0.27966 e
53.84528 35.70880 0.60382 -0.76190 0.23431 e
53.93136 56.41092 0.59566 0.57552 -0.56032 e
54.09016 98.00652 -0.97408 0.20891 -0.08679 e
54.27885 88.92040 0.69383 0.62596 -0.35606 e
54.58236 49.75234 0.94924 0.31414 0.01624 e
54.60144 85.92881 0.21632 0.59049 -0.77751 e
54.78032 74.02121 -0.14008 -0.21081 -0.96744 e
54.82806 87.67210 0.82380 -0.48308 -0.29662 e
54.92615 95.90497 -0.81604 -0.56819 0.10602 e
55.11038 51.62241 -0.76183 0.51478 -0.39322 e
55.43985 96.95511 0.50522 0.80010 -0.32342 e
55.52104 85.34860 -0.65147 -0.75493 -0.07527 e
55.55857 94.11934 0.30747 0.86839 -0.38905 e
55.91859 51.51477 0.56904 -0.13047 -0.81189 e
56.10011 56.56960 -0.00219 0.60904 -0.79314 e
56.13729 50.86683 -0.98961 -0.07601 -0.12208 e
56.67677 60.01088 0.42445 -0.44724 -0.78728 e
56.79710 83.96646 -0.63363 -0.55896 -0.53486 e
57.02969 25.27018 0.98872 0.14974 -0.00180 e
57.04966 44.34062 0.91855 -0.20592 -0.33744 e
57.22737 56.86996 -0.02935 0.70599 -0.70761 e
57.30688 72.62942 0.24525 -0.83175 0.49805 e
57.46998 71.20849 0.45863 0.37604 -0.80514 e
57.64187 71.43547 0.90830 -0.37037 -0.19445 e
57.72882 97.92570 0.60250 0.47452 -0.64174 e
57.73754 48.14221 -0.21973 -0.54149 -0.81149 e
57.95960 79.89671 0.77492 0.36114 -0.51873 e
58.06812 97.10087 0.78751 0.23285 -0.57063 e
58.09870 93.69570 -0.76514 0.37297 -0.52483 e
58.23367 61.29353 0.36531 0.52520 -0.76858 e
58.46545 49.39894 -0.06951 0.90413 0.42156 e
58.49513 79.38410 0.53654 0.48501 -0.69058 e
58.70915 59.09188 0.96010 -0.13778 -0.24337 e
58.92165 72.75924 0.14217 -0.50412 -0.85185 e
59.52465 46.54743 -0.65839 -0.49615 -0.56600 e
59.62542 99.75701 -0.20519 -0.39956 -0.89345 e
59.68806 84.42739 0.10007 -0.35019 -0.93132 e
59.71788 44.45698 0.99832 0.01298 -0.05649 e
60.06173 58.42434 -0.17773 0.76380 0.62051 e
60.15382 97.71577 -0.20363 -0.90140 -0.38212 e
60.25313 39.12057 -0.13454 -0.03610 -0.99025 e
60.25773 85.04363 -0.37427 -0.48642 -0.78951 e
60.49470 65.34482 -0.00606 0.61112 -0.79151 e
60.83236 27.12154 -0.59139 0.22847 -0.77335 e
60.85237 85.93249 -0.69636 -0.44715 -0.56138 e
60.88124 78.15052 0.68575 0.72771 0.01344 e
60.88746 98.91171 0.74970 -0.65263 -0.10962 e
61.17186 67.19559 -0.87301 0.30461 -0.38087 e
61.38689 72.32325 0.89458 -0.25866 -0.36444 e
61.40130 79.02341 0.69144 0.45699 -0.55952 e
61.57237 49.72008 -0.54890 -0.45050 0.70410 e
61.64568 65.99298 0.08791 -0.72860 -0.67928 e
62.04577 77.66491 -0.27618 -0.49596 -0.82325 e
62.06502 85.96882 -0.55099 0.58011 -0.59990 e
62.16902 82.08153 0.15686 -0.78934 -0.59358 e
62.52974 53.64662 -0.64559 0.57083 -0.50732 e
62.74399 61.17184 0.07344 0.82898 0.55443 e
63.04332 92.51965 -0.84779 -0.35369 -0.39517 e
63.11415 61.98160 0.45177 -0.13370 -0.88206 e
63.22293 96.11134 -0.17992 0.33976 -0.92314 e
63.40360 90.57118 -0.12788 -0.08753 -0.98792 e
63.56004 43.31295 0.30541 0.01069 -0.95216 e
63.67422 85.86609 -0.82047 -0.38093 -0.42629 e
63.81160 84.36256 -0.99569 0.09054 -0.01992 e
63.81605 80.29483 -0.79369 -0.19643 -0.57573 e
63.90930 80.24397 0.56247 0.73976 -0.36930 e
64.16607 84.50927 0.95027 0.06722 0.30410 e
64.79110 55.91320 0.58528 0.80488 -0.09809 e
65.15624 43.27086 0.87997 0.47500 0.00560 e
65.18933 90.44882 0.13189 -0.29740 -0.94560 e
65.23995 86.80652 -0.80840 -0.25614 -0.52998 e
65.30412 61.64644 0.32140 -0.14213 -0.93622 e
65.80109 63.41855 0.27135 0.56154 -0.78169 e
65.82117 99.76914 -0.98399 0.17122 0.04947 e
66.15952 66.37728 -0.33374 0.47690 -0.81313 e
66.70876 47.51566 0.85620 0.22362 -0.46574 e
66.71881 60.06632 -0.66080 -0.62160 -0.42066 e
66.78993 79.19288 -0.93932 -0.11072 -0.32468 e
66.87623 39.94437 -0.95310 -0.28750 -0.09455 e
66.92290 71.38348 0.52245 0.00989 -0.85261 e
67.04950 35.76101 -0.72976 -0.66221 0.17011 e
67.06907 39.85367 0.51223 0.09326 -0.85377 e
67.12656 34.59400 -0.19569 0.88438 0.42378 e
67.19350 62.24467 -0.32658 -0.73778 -0.59078 e
67.19786 66.21479 0.50705 -0.71694 -0.47843 e
67.27173 90.79882 -0.25396 0.85953 -0.44352 e
67.37646 52.86215 0.38728 -0.91293 0.12876 e
67.38967 62.41706 -0.11972 0.50597 -0.85420 e
67.47151 88.21904 -0.02744 -0.67486 -0.73743 e
67.61832 69.00858 0.89780 -0.40862 -0.16428 e
67.63421 92.38515 -0.14770 0.72195 0.67600 e
67.67116 77.11362 0.49019 0.87143 0.01801 e
67.69037 46.01415 0.24709 -0.28263 -0.92686 e
68.15198 84.28743 0.51107 0.72563 -0.46073 e
68.46873 58.72601 -0.99792 -0.03267 -0.05550 e
68.59234 49.48433 0.04905 -0.92638 -0.37339 e
68.81031 59.09061 -0.16985 -0.36343 -0.91601 e
68.99692 61.22492 0.91410 -0.21153 -0.34596 e
69.01779 85.40190 -0.04451 0.97830 0.20234 e
69.12063 88.03628 0.79240 0.40746 -0.45395 e
69.18249 65.60325 -0.23997 0.89598 -0.37368 e
69.35787 83.83231 0.80123 -0.58698 0.11612 e
69.58079 92.70243 -0.35652 -0.70024 -0.61851 e
69.67782 57.86837 0.01170 0.99654 -0.08227 e
70.36112 81.50994 -0.89955 0.42763 -0.08916 e
70.48467 87.23606 -0.46554 -0.81950 0.33422 e
70.55593 43.65019 0.39793 -0.79879 -0.45121 e
70.65253 74.74752 -0.47807 -0.86456 0.15489 e
70.66798 41.41211 0.66624 -0.58669 0.46035 e
71.06000 83.64520 0.93502 0.30060 0.18810 e
71.15371 56.50469 -0.73752 -0.53171 -0.41635 e
71.18318 79.16319 0.94883 -0.08541 0.30400 e
71.26422 95.65340 0.22237 -0.73241 -0.64352 e
71.30577 55.70450 0.38988 -0.18771 -0.90153 e
71.46740 72.94798 0.25513 0.89288 0.37104 e
71.72561 86.05316 -0.87367 0.13911 -0.46621 e
71.78012 60.86358 -0.19167 0.25074 -0.94889 e
72.12710 66.75410 -0.07955 0.58366 -0.80809 e
72.47834 52.80579 0.56327 -0.08730 -0.82165 e
72.48770 60.76034 0.86706 0.04481 -0.49619 e
72.52878 93.93640 0.67687 0.31941 -0.66320 e
72.99019 43.33878 -0.42085 0.69610 0.58166 e
73.11755 52.39003 0.31795 0.28535 -0.90415 e
73.12435 92.92999 -0.97155 -0.22055 0.08624 e
73.50637 55.87180 -0.97735 0.05926 -0.20315 e
73.66202 84.62145 -0.46008 0.67685 -0.57463 e
73.83761 65.49511 -0.55592 0.78439 0.27512 e
73.93037 48.99499 0.15010 -0.43176 -0.88941 e
74.02678 66.26224 -0.41413 0.28394 0.86480 e
74.14654 91.02488 0.17633 0.98087 0.08244 e
74.82162 53.29064 0.98023 -0.16649 0.10693 e
75.25291 76.94325 -0.86903 0.48847 0.07862 e
75.51903 97.97815 -0.96214 0.06320 0.26511 e
75.63823 46.14633 0.88303 0.06655 -0.46458 e
75.67527 61.29685 0.24701 -0.38937 -0.88734 e
75.91254 34.63232 -0.18133 0.45570 -0.87147 e
76.34979 74.88385 -0.86755 0.12904 0.48032 e
76.50014 66.37104 0.31942 0.83746 -0.44343 e
76.62932 90.89137 0.58900 -0.52528 -0.61414 e
76.73324 80.91697 0.36618 0.42922 0.82564 e
76.75129 48.34979 0.56646 0.10491 -0.81739 e
76.88631 88.20781 -0.49363 0.00104 -0.86967 e
77.10527 61.53706 0.73216 -0.62978 -0.25946 e
77.15429 76.57351 0.71997 -0.66146 -0.21003 e
77.21063 70.69088 0.47370 -0.18220 -0.86163 e
77.49017 85.28310 0.10574 -0.61893 0.77830 e
77.54520 60.86272 -0.26016 0.34937 -0.90014 e
77.68100 88.00212 -0.22021 -0.87639 -0.42830 e
78.02115 73.65741 0.40820 0.21651 -0.88685 e
78.44950 60.97994 -0.68095 -0.62547 -0.38092 e
78.50435 53.03269 -0.57632 -0.04942 -0.81573 e
78.65624 73.02902 -0.82134 0.05861 -0.56742 e
79.12672 71.47718 0.45458 0.83205 0.31787 e
79.28733 77.56691 0.04020 -0.96119 0.27295 e
79.51983 67.84291 0.14962 0.97947 -0.13508 e
79.56197 49.07934 0.23090 -0.95047 -0.20805 e
79.88154 88.91470 -0.28820 0.95420 -0.08024 e
80.11242 53.38082 0.30537 0.62088 0.72198 e
80.15234 61.16791 -0.98719 -0.15857 0.01782 e
80.87938 70.26357 -0.28525 0.21391 -0.93428 e
80.89148 67.95498 0.29980 -0.92552 -0.23138 e
80.94260 62.11899 -0.64008 0.75584 0.13788 e
81.13652 63.61228 0.70363 0.49327 -0.51146 e
81.22424 64.26890 -0.56846 -0.19185 -0.80003 e
81.45717 86.55155 0.28327 0.64726 -0.70768 e
82.28561 64.72196 0.02962 0.85762 0.51343 e
82.51728 71.88024 0.98731 -0.11199 0.11264 e
82.91545 80.03007 -0.99291 -0.11052 0.04379 e
83.26591 94.52484 0.93415 0.17085 0.31332 e
83.29596 54.58075 -0.21759 -0.97299 0.07711 e
83.48314 72.52037 0.52895 0.18554 -0.82812 e
84.08390 74.84432 0.81200 -0.41860 0.40673 e
84.10294 91.99922 -0.35582 0.83589 -0.41795 e
84.36387 44.58641 -0.78387 -0.22560 0.57850 e
84.38364 80.22253 -0.47331 -0.44353 -0.76109 e
84.61979 88.35236 0.98467 -0.08929 -0.14985 e
84.70661 80.59644 -0.19860 0.26836 -0.94262 e
85.05689 40.56078 -0.26326 -0.95279 -0.15131 e
85.30122 40.45891 -0.18870 0.04120 -0.98117 e
85.33525 49.30250 -0.60018 -0.79677 -0.07032 e
85.35493 87.94655 -0.28540 -0.66428 -0.69085 e
85.53865 70.56481 0.42031 0.90575 0.05440 e
85.71991 82.34051 -0.93429 0.33438 0.12368 e
85.92969 74.56864 -0.61610 0.55763 -0.55630 e
86.04087 93.86427 -0.68612 0.41909 -0.59464 e
86.41102 62.89534 -0.37283 0.75795 0.53527 e
86.73895 53.97204 -0.27824 -0.85529 -0.43711 e
86.83430 54.41555 -0.64678 0.01292 -0.76256 e
86.96942 54.89566 -0.22937 0.51833 -0.82385 e
86.99777 71.99784 -0.74594 -0.53929 -0.39082 e
87.83058 44.07919 0.69938 0.70661 0.10755 e
88.26547 86.16120 -0.26784 -0.70067 -0.66130 e
88.35721 95.18403 -0.73937 0.19070 0.64573 e
88.59742 53.50127 0.38655 0.60319 0.69767 e
88.62941 27.66780 0.91588 -0.25237 -0.31220 e
89.01196 57.51010 -0.49427 -0.36849 0.78735 e
89.05007 92.74918 0.62067 0.65521 -0.43067 e
89.16626 50.83110 -0.21369 -0.70700 -0.67415 e
89.23390 91.77997 0.68528 0.43192 -0.58638 e
89.42126 54.94628 0.72183 -0.69105 0.03767 e
89.50062 96.08471 0.70628 0.57148 -0.41783 e
89.55273 56.20886 -0.35097 0.63165 -0.69126 e
89.79025 45.66595 0.20081 0.41820 0.88588 e
90.16682 70.13088 -0.72629 0.26196 -0.63551 e
90.18018 88.99050 -0.17367 -0.92650 0.33382 e
90.28523 83.58009 0.78276 0.62041 0.04868 e
90.74089 96.00887 0.33191 0.16482 -0.92880 e
90.85818 84.71646 0.70296 -0.66351 -0.25613 e
90.86797 64.65728 -0.83410 0.03318 -0.55062 e
90.87945 66.39048 0.55933 -0.82165 -0.10970 e
91.02920 56.74037 0.06847 0.03778 -0.99694 e
91.24519 71.91891 0.49106 -0.87108 0.00898 e
91.54556 81.98268 -0.50460 0.60609 0.61485 e
91.76020 75.14010 0.95310 -0.29366 0.07322 e
92.39003 94.49925 -0.92568 -0.21231 -0.31311 e
92.72330 26.93237 -0.90748 0.33130 -0.25829 e
92.72966 50.95476 0.77307 0.35594 -0.52505 e
92.89946 68.90635 -0.01153 0.60868 -0.79334 e
92.92165 74.02818 0.99768 0.05759 0.03631 e
92.95051 83.55810 -0.91378 -0.39642 0.08868 e
93.52015 42.13327 0.96296 0.26758 -0.03317 e
93.92916 61.42857 0.10816 -0.57567 -0.81050 e
94.28861 30.34236 0.85518 -0.46415 0.23073 e
94.32594 62.64694 0.46500 -0.52299 -0.71432 e
94.55450 41.36032 -0.58228 -0.63046 -0.51330 e
94.76650 69.50474 0.51981 -0.33648 0.78523 e
95.00602 61.51107 -0.19840 -0.08841 -0.97613 e
95.78516 66.64801 0.75183 -0.20157 0.62779 e
95.87681 58.35214 0.21230 -0.52941 -0.82137 e
96.92349 99.27599 -0.28746 -0.09251 0.95331 e
96.92752 39.23037 0.12723 -0.00929 -0.99183 e
97.21337 86.57240 -0.75168 0.57245 -0.32752 e
97.51360 77.61315 -0.12029 -0.94872 -0.29234 e
97.79638 89.16098 0.89256 0.43208 0.12900 e
98.02045 86.37479 0.59409 -0.49921 -0.63075 e
98.40526 39.33928 0.87424 -0.48196 0.05837 e
98.78436 98.36973 0.56032 -0.11920 -0.81965 e
98.80567 45.55301 0.18520 -0.92651 -0.32755 e
99.19146 52.53349 -0.78622 -0.35288 -0.50729 e
99.24991 57.92246 0.75499 0.64381 -0.12450 e
99.54944 43.45216 -0.54376 -0.82994 0.12459 e
99.62251 64.30846 -0.57016 0.79993 0.18715 e
99.83555 68.15305 0.24594 0.31208 -0.91767 e
100.07139 85.39848 -0.84203 0.46017 -0.28148 e
101.12735 84.67569 0.89379 -0.34902 0.28163 e
101.32044 81.78670 0.95605 0.25845 -0.13849 e
101.32353 51.60311 0.97876 -0.06429 -0.19466 e
101.86698 43.08385 0.35496 0.91862 0.17361 e
102.18772 62.91161 0.19389 0.63262 -0.74980 e
102.88336 86.79670 -0.41609 0.76857 -0.48597 e
102.97176 46.99820 -0.88032 -0.46193 0.10793 e
103.43105 99.93577 -0.88996 0.15684 0.42823 e
103.70122 85.47197 -0.06843 0.17497 -0.98219 e
103.78968 73.32334 0.11553 -0.46558 -0.87744 e
104.60677 81.36742 -0.90117 -0.11545 -0.41782 e
104.88131 55.11616 0.35404 0.72792 0.58719 e
105.30316 67.02527 0.01408 -0.62868 -0.77754 e
105.67661 99.63528 0.74045 0.04915 -0.67031 e
106.56511 92.24897 0.20655 -0.94649 -0.24798 e
106.62243 96.08157 -0.90525 0.41237 0.10233 e
106.86056 75.12673 -0.35943 -0.72325 -0.58967 e
107.07755 54.06148 0.10931 0.90522 -0.41064 e
107.14667 42.29796 0.10478 -0.98869 -0.10733 e
107.25786 69.27650 -0.15326 0.41301 -0.89774 e
107.71693 82.52607 0.41731 -0.48172 -0.77058 e
108.03685 84.29097 -0.30587 0.94860 -0.08128 e
108.23327 91.03109 0.03161 -0.99384 -0.10623 e
108.48765 55.32926 0.01363 -0.04142 -0.99905 e
108.89342 91.98180 -0.18533 -0.92384 -0.33492 e
109.45236 50.74143 0.02214 0.22710 -0.97362 e
109.66610 93.04707 0.74939 -0.57329 0.33127 e
109.94369 39.59292 0.40922 0.72483 -0.55422 e
110.17880 57.12388 -0.45281 0.88816 0.07837 e
110.40456 89.94814 0.67064 -0.54270 0.50569 e
110.44090 38.38812 -0.73152 0.54693 -0.40712 e
111.21859 77.75868 -0.76579 0.59802 0.23652 e
111.22247 81.44897 0.23643 -0.96388 0.12265 e
111.60771 82.41843 0.46883 0.77493 -0.42389 e
111.62031 73.55965 -0.49071 0.31123 -0.81384 e
111.93561 50.01241 -0.76155 0.16017 -0.62801 e
112.22924 74.72243 0.81381 0.58110 -0.00526 e
112.34482 49.40627 0.07295 0.85026 -0.52128 e
112.40064 83.60346 0.38932 0.13115 -0.91172 e
113.02778 83.83232 -0.75582 -0.07116 -0.65091 e
113.25243 76.79692 -0.97646 -0.03956 -0.21204 e
113.26489 82.46515 0.99044 -0.13446 0.03083 e
113.44278 30.72243 0.85118 -0.52348 -0.03824 e
115.93629 70.25259 -0.41649 0.32065 -0.85072 e
115.98265 71.65546 0.07147 -0.02225 -0.99719 e
116.00030 41.83784 0.83901 -0.24488 -0.48589 e
116.05799 51.30047 0.44987 -0.89250 -0.03254 e
116.33578 38.10761 -0.16447 -0.81981 -0.54851 e
116.67577 70.64921 0.48863 0.37979 -0.78549 e
116.83571 34.90284 0.61264 0.78468 -0.09462 e
117.18948 64.92232 -0.48893 0.22161 0.84370 e
117.20992 49.31133 0.36800 0.56839 0.73587 e
117.76071 45.70072 -0.28410 0.94741 -0.14732 e
118.15744 68.86143 -0.25550 0.47800 -0.84038 e
118.38007 86.73458 -0.53632 -0.34584 -0.76991 e
118.44097 64.89794 -0.53127 0.75500 0.38436 e
118.89596 58.55097 -0.33751 0.40001 -0.85210 e
118.91603 76.71006 0.46216 0.11191 -0.87971 e
119.19994 53.32973 0.35638 -0.89286 0.27530 e
119.60724 42.54486 0.17717 0.94648 -0.26978 e
119.96332 42.78569 -0.83483 0.35512 -0.42064 e
120.71333 64.62563 0.76018 0.64090 0.10661 e
121.46623 42.19074 -0.94732 0.02174 0.31955 e
122.03707 83.24785 0.14228 0.92296 -0.35764 e
122.50999 48.23934 -0.77196 0.61150 -0.17363 e
122.80394 32.36375 0.01976 -0.38944 -0.92084 e
123.49117 73.57674 -0.67060 -0.71401 -0.20118 e
123.71746 95.31306 -0.94972 0.29519 -0.10439 e
123.83487 36.43454 -0.30348 0.62916 0.71558 e
124.06200 97.11257 0.59655 -0.17266 -0.78378 e
124.65734 38.85050 0.63866 0.76947 -0.00549 e
124.85987 69.06179 0.10242 0.14106 -0.98469 e
125.05280 86.93409 -0.68583 -0.33338 -0.64691 e
125.20040 71.65132 -0.02436 0.85917 -0.51111 e
125.57036 65.41099 -0.63533 -0.75609 0.15711 e
125.84952 62.79777 -0.10266 0.83318 -0.54339 e
126.10096 61.44577 0.69325 0.58411 -0.42216 e
126.72307 59.84672 0.80709 -0.07565 0.58556 e
127.70171 53.35758 0.13686 0.98725 -0.08124 e
127.72661 89.98255 0.99071 0.07935 0.11044 e
127.77867 86.06766 0.96626 -0.16348 -0.19906 e
128.13759 50.03358 0.93774 -0.34703 0.01504 e
128.32489 36.80157 -0.83666 0.35556 0.41662 e
128.58647 68.86711 0.58191 -0.09080 -0.80817 e
128.71900 89.00640 -0.95746 -0.07489 -0.27869 e
128.80628 60.27279 0.12510 -0.93317 0.33697 e
129.54409 64.41802 -0.15214 -0.77866 -0.60872 e
129.57416 68.59403 -0.72653 -0.23114 -0.64710 e
130.09457 66.80074 0.57915 -0.05659 -0.81326 e
130.11467 83.96711 -0.61887 -0.62593 0.47457 e
130.27222 91.45299 0.05201 -0.75485 -0.65383 e
130.37956 44.70596 -0.21996 0.12665 -0.96725 e
130.38207 54.61809 -0.44219 0.89300 -0.08377 e
130.60987 41.35705 0.34723 -0.75991 -0.54951 e
130.69541 69.02211 -0.92851 -0.18678 -0.32092 e
131.08315 68.44814 -0.86963 0.47085 -0.14845 e
131.18476 85.17582 -0.95605 -0.07926 0.28229 e
131.36468 85.80255 0.68463 -0.65666 -0.31635 e
131.45590 70.70945 -0.21687 -0.87393 -0.43498 e
131.77735 90.24343 -0.66107 -0.67921 -0.31885 e
132.15451 62.10636 -0.89423 0.01714 0.44728 e
132.28224 57.58267 -0.94083 -0.22657 -0.25200 e
132.55837 67.86800 -0.38471 0.06057 -0.92105 e
132.62138 59.26222 0.44909 -0.87636 -0.17412 e
132.75465 94.71488 0.93161 -0.36017 0.04868 e
133.43802 50.54092 0.68949 0.49273 -0.53088 e
133.68057 70.56186 -0.58543 0.14530 0.79759 e
133.97532 59.79569 0.13790 -0.77234 -0.62006 e
134.34031 61.49338 0.12189 0.31900 -0.93988 e
134.52248 42.68398 -0.84996 0.43844 -0.29212 e
134.71056 93.25762 0.18925 0.89673 -0.40008 e
135.03906 78.60271 0.50877 0.84357 0.17189 e
135.12618 49.97732 0.22378 0.47191 -0.85277 e
135.29900 35.38639 0.86489 -0.36055 -0.34925 e
135.41623 73.47596 0.12901 0.52536 -0.84104 e
135.99072 69.56657 0.86025 -0.23196 -0.45405 e
136.08164 68.19995 -0.70937 0.14145 -0.69049 e
136.86439 88.90086 -0.28621 -0.93879 0.19173 e
136.97719 87.53818 0.67619 -0.71758 -0.16686 e
137.28236 40.58993 0.50237 -0.61658 -0.60618 e
137.57333 50.85894 0.66616 0.73944 -0.09724 e
137.82769 29.56760 -0.57901 -0.77806 0.24366 e
137.94061 56.73259 -0.22092 0.69242 -0.68684 e
137.97867 42.87025 0.80600 0.35421 0.47424 e
137.98451 55.15352 -0.93403 0.05034 -0.35364 e
138.18730 64.11659 0.42228 0.69987 -0.57607 e
138.59935 62.48147 -0.87711 -0.29170 -0.38155 e
138.69755 38.26766 -0.52349 0.10205 -0.84590 e
138.77794 72.68313 0.90317 0.32548 -0.27991 e
138.83169 38.12255 -0.21167 -0.33146 -0.91942 e
139.00561 81.64717 0.74554 0.45507 -0.48692 e
139.29974 70.30235 0.98996 -0.06380 -0.12614 e
139.31383 73.08509 0.95325 -0.25424 -0.16333 e
139.83146 44.62940 -0.86264 -0.49284 0.11384 e
141.24581 55.66848 0.73625 0.58631 -0.33790 e
141.59242 55.60366 -0.47250 0.59953 -0.64599 e
141.92601 51.64431 -0.60466 -0.77281 0.19278 e
142.10221 92.73247 0.16343 0.40431 -0.89990 e
142.47454 68.53784 -0.90780 0.31756 -0.27398 e
143.20755 56.08466 -0.22134 -0.85444 -0.47005 e
143.23413 81.51008 0.75866 0.06269 -0.64847 e
143.63136 96.05578 0.17193 0.08025 -0.98183 e
143.99641 34.16318 0.82480 -0.52343 0.21382 e
144.02864 55.79830 0.95889 0.25807 -0.11803 e
144.33763 67.89907 -0.55934 -0.71168 0.42504 e
144.90196 63.38191 -0.12058 -0.00233 -0.99270 e
144.91787 78.52851 -0.01207 0.95652 0.29142 e
145.97983 43.95815 0.46451 0.88292 0.06847 e
146.49788 89.82605 -0.84855 -0.48740 -0.20594 e
146.96270 67.01730 0.59672 -0.20985 -0.77453 e
147.31976 73.60447 0.49574 0.86224 0.10386 e
147.34839 70.24396 0.34092 -0.15243 -0.92765 e
147.51001 50.18434 -0.36840 0.36030 -0.85701 e
147.70088 26.46643 -0.89553 -0.13652 0.42354 e
148.00725 58.42878 -0.44616 -0.72053 -0.53083 e
148.05156 71.63990 -0.22710 0.33430 -0.91470 e
148.10630 62.36637 0.86300 0.27470 -0.42400 e
148.13868 67.08189 0.84515 -0.00729 -0.53449 e
148.48629 49.48572 0.67264 -0.48786 -0.55637 e
148.89467 67.26096 -0.48201 -0.87595 -0.01968 e
149.35225 83.55258 -0.86411 -0.37400 -0.33680 e
149.58375 75.15526 0.88707 0.35638 0.29344 e
149.60029 46.19076 -0.44203 -0.66961 -0.59686 e
150.00921 34.41885 0.35925 -0.43010 -0.82822 e
150.60311 75.06860 -0.77817 0.61483 -0.12825 e
150.73017 95.66199 -0.93538 -0.33665 -0.10827 e
150.95148 65.24114 0.00136 -0.62780 -0.77837 e
150.95691 84.64707 0.00192 -0.60329 -0.79752 e
151.57513 74.86345 -0.51298 -0.77478 0.36954 e
151.66908 74.01239 -0.35590 -0.92769 0.11280 e
151.76479 47.11116 -0.84021 0.04353 -0.54052 e
152.26838 73.69974 0.72481 -0.68127 0.10259 e
153.21977 26.16512 0.83129 0.29260 0.47259 e
153.29483 68.21104 -0.69062 0.06933 -0.71989 e
154.09170 60.39539 0.36491 0.45972 0.80963 e
154.16678 94.05793 -0.83412 0.30014 -0.46278 e
154.20830 49.76212 0.35274 0.51050 -0.78420 e
154.65281 97.72585 0.32936 -0.10612 -0.93822 e
155.24948 51.05698 -0.47037 0.78627 0.40067 e
155.40201 71.99772 -0.34593 0.68648 -0.63959 e
155.50365 57.34351 0.54241 -0.04338 -0.83899 e
155.54465 50.46058 0.50648 0.54911 -0.66480 e
155.61788 89.11549 0.63287 0.77299 0.04444 e
156.17499 64.82714 -0.62062 -0.40502 -0.67141 e
156.35122 38.53935 -0.51418 0.14084 -0.84604 e
156.96796 89.99240 0.58193 -0.53087 -0.61606 e
157.51609 35.23956 0.07001 0.08771 -0.99368 e
157.94763 34.11600 0.51803 -0.46648 0.71697 e
158.21234 94.71512 0.58989 0.50246 -0.63211 e
158.38275 88.61697 -0.57911 -0.80333 -0.13890 e
159.38221 80.04758 -0.28947 -0.92468 0.24731 e
159.65645 39.73226 0.55730 -0.09107 -0.82530 e
159.75861 78.37278 -0.26029 0.96547 -0.01061 e
159.88373 59.87613 0.83507 -0.41453 -0.36170 e
160.12147 85.17805 -0.32911 -0.79793 -0.50498 e
160.21498 49.12838 -0.13638 -0.67406 -0.72598 e
160.30083 72.23078 -0.58646 -0.77115 0.24776 e
160.45208 50.94127 -0.39971 -0.51661 -0.75720 e
160.97538 43.61363 -0.52846 -0.35917 -0.76924 e
161.39132 73.49224 -0.59374 0.52273 -0.61175 e
161.57426 77.20654 0.79833 -0.27346 -0.53655 e
161.62498 93.53596 -0.90644 -0.41018 0.10059 e
161.78294 66.03242 -0.47415 0.13883 -0.86943 e
161.80552 97.54642 0.49371 -0.65240 -0.57500 e
162.39790 46.57920 0.13771 0.28817 -0.94763 e
162.51188 25.28713 0.95902 -0.28095 0.03679 e
163.24944 83.51433 -0.65882 0.26260 -0.70498 e
163.75979 68.09692 -0.20432 -0.96365 -0.17216 e
163.77468 62.23585 0.72898 -0.57289 -0.37467 e
163.80253 64.51891 0.98171 0.08371 -0.17099 e
163.88998 43.70497 -0.63321 0.65609 -0.41060 e
163.96014 53.83684 0.98594 0.07823 0.14767 e
164.09910 57.17540 -0.45957 -0.66403 -0.58980 e
164.45479 58.75896 0.45045 0.09875 -0.88732 e
164.55453 83.24372 0.73099 -0.32862 -0.59806 e
165.77832 77.45464 0.36588 0.91049 0.19272 e
165.95605 51.07865 -0.59683 0.78352 -0.17290 e
166.02686 50.01892 0.28822 0.93993 0.18292 e
166.57060 65.07812 0.90730 0.41397 0.07377 e
166.83258 64.97292 0.25945 0.41366 -0.87268 e
166.93669 99.63421 0.98849 -0.12014 -0.09193 e
167.49370 76.20515 -0.18304 -0.96140 0.20542 e
168.62432 29.15560 0.73251 -0.55530 -0.39379 e
169.10429 82.84824 -0.01610 0.54065 -0.84109 e
169.91549 91.92743 0.13417 0.72635 -0.67411 e
170.13367 59.82284 0.94170 0.28954 -0.17139 e
170.29695 51.29384 0.94312 0.22796 0.24198 e
171.13420 99.63055 -0.12560 -0.22843 -0.96542 e
171.16698 84.07722 -0.04503 0.72674 -0.68544 e
171.84574 82.59976 0.34257 0.67687 0.65153 e
172.29630 94.77051 -0.00684 0.51043 -0.85989 e
172.88618 58.50580 0.51760 0.48837 -0.70255 e
173.57790 52.08637 0.38532 0.57186 0.72422 e
174.71426 43.37356 0.09772 0.88760 -0.45012 e
174.89555 33.82486 -0.39149 0.39984 0.82878 e
175.05018 72.55831 0.83083 -0.12633 -0.54200 e
175.98648 88.50006 -0.41667 0.02924 -0.90859 e
176.06810 93.15072 -0.97484 -0.19292 -0.11163 e
176.22394 78.44930 -0.00351 -0.83939 -0.54352 e
176.26285 84.15647 0.04594 -0.87832 -0.47586 e
176.32922 58.44820 0.35479 -0.78090 0.51412 e
176.54121 42.93537 0.85140 0.52443 -0.00927 e
177.20405 68.19435 -0.34862 0.88673 0.30360 e
177.58236 83.84406 0.07697 0.71440 -0.69550 e
177.75293 46.81437 0.26353 -0.20474 -0.94267 e
177.81299 64.58965 0.15550 0.98002 0.12402 e
178.09079 35.62723 0.65760 0.29575 -0.69289 e
178.60488 38.41579 0.11040 -0.35486 -0.92838 e
178.79419 56.64358 0.69966 0.59642 -0.39339 e
178.87351 95.60348 -0.47419 -0.49266 -0.72967 e
178.91538 87.42403 -0.40914 0.78423 -0.46646 e
179.18628 79.48754 -0.91506 0.06624 0.39785 e
179.60880 76.10933 0.93911 -0.05971 0.33839 e
179.73199 54.58177 0.17933 0.97923 -0.09457 e
179.87810 53.62009 0.77267 -0.56490 -0.28960 e
180.09001 26.82682 0.33920 0.93974 -0.04290 e
181.11804 68.24759 0.38349 -0.88661 0.25855 e
181.23505 61.41375 -0.85222 0.25124 -0.45891 e
181.97805 67.36080 -0.91223 0.40825 0.03407 e
182.70429 94.58937 0.67419 0.37240 -0.63780 e
183.01641 80.70575 -0.48082 -0.76259 -0.43275 e
183.30128 45.47228 -0.45767 0.45189 -0.76572 e
183.73628 48.81298 -0.42943 -0.57992 -0.69231 e
184.40110 87.57449 0.95729 -0.13264 -0.25690 e
184.45516 75.80099 0.41197 0.90636 -0.09380 e
184.65362 95.21375 0.02235 0.86156 -0.50716 e
186.12504 86.60999 0.23959 -0.18370 -0.95334 e
187.34113 74.65286 -0.64490 -0.05866 -0.76201 e
187.67878 86.94276 0.05470 0.88057 -0.47075 e
188.10767 99.05024 -0.60875 0.76125 -0.22345 e
188.93815 58.75436 -0.50235 -0.86113 -0.07812 e
189.35357 72.43998 -0.23214 0.96620 0.11213 e
190.03524 49.92763 0.95794 0.23287 0.16768 e
190.49847 70.36733 -0.60024 -0.73344 0.31903 e
190.77897 38.49414 -0.33597 -0.27723 -0.90015 e
191.36176 73.31566 0.11287 0.33046 -0.93705 e
191.93184 45.05402 -0.78697 0.51847 0.33448 e
192.09236 98.31101 0.14393 -0.32877 -0.93338 e
192.09748 42.94219 -0.04535 -0.44493 -0.89441 e
192.10262 31.47651 -0.25487 -0.82039 0.51186 e
192.81116 68.51479 -0.05859 -0.98806 -0.14250 e
193.49532 52.91727 0.57594 0.62657 -0.52508 e
193.81303 72.02985 -0.75478 0.49370 -0.43194 e
193.89026 64.83873 0.52209 -0.84159 -0.13839 e
194.02910 63.14859 0.93279 -0.23957 -0.26926 e
194.07650 91.21067 -0.76581 -0.00329 -0.64306 e
194.77554 66.37258 0.55705 0.69542 -0.45397 e
194.83213 65.85991 0.63040 -0.52887 -0.56824 e
195.15917 58.16206 0.07495 0.39231 -0.91677 e
195.43283 37.88670 -0.50403 -0.55932 0.65811 e
195.85017 99.14693 0.95341 0.23937 -0.18358 e
196.22518 82.75908 0.51086 -0.75864 0.40435 e
196.58418 65.63124 -0.07749 -0.92621 -0.36896 e
196.86607 94.69351 -0.84654 -0.15824 -0.50825 e
196.97574 47.09454 0.91652 0.39879 0.03090 e
197.74446 73.05534 0.70452 -0.70938 0.02068 e
197.83385 87.67562 0.66863 -0.55926 -0.49006 e
198.54084 68.20516 0.35733 -0.33620 -0.87137 e
198.64497 75.01135 0.86300 0.46022 -0.20841 e
198.70705 97.23544 -0.64941 0.62182 0.43773 e
198.90240 40.90820 -0.98363 0.17791 -0.02872 e
198.95223 30.12870 0.93585 0.35022 -0.03911 e
199.37241 56.10212 -0.82617 -0.52434 -0.20619 e
199.53149 65.79956 0.72365 -0.69015 -0.00388 e
200.75689 96.91201 0.18053 -0.98342 0.01695 e
200.87975 66.12589 0.79128 -0.46561 0.39635 e
202.19580 41.19946 -0.33047 -0.90345 -0.27307 e
202.67645 40.70843 -0.75634 -0.55104 -0.35258 e
202.81664 39.07708 0.83407 0.46902 -0.29043 e
202.82271 75.80573 0.51874 0.01632 -0.85477 e
202.86441 60.93913 0.89624 0.15680 -0.41493 e
203.06161 67.26278 -0.37605 0.39382 -0.83875 e
203.89884 90.88881 0.04311 0.65306 -0.75608 e
204.44229 66.86825 0.76480 -0.09877 -0.63666 e
205.22382 41.80559 0.74027 -0.66965 -0.05971 e
205.28660 54.27502 -0.40734 0.45278 -0.79313 e
205.81607 54.23648 -0.86448 -0.24355 -0.43972 e
206.34074 75.03699 -0.08441 -0.89461 -0.43881 e
206.41685 63.02243 0.34948 -0.62223 0.70049 e
206.81630 56.66968 -0.26591 -0.71422 -0.64745 e
206.87453 93.45087 -0.35040 0.70449 -0.61718 e
207.12939 88.43008 -0.59429 0.68188 -0.42644 e
207.36232 84.90900 0.26087 0.34166 -0.90289 e
207.62919 53.77121 0.40809 0.91267 -0.02233 e
209.13598 62.00840 0.63254 -0.75656 -0.16584 e
209.32185 44.27218 0.51290 0.85675 -0.05396 e
209.54361 61.05318 0.00545 -0.26974 -0.96292 e
209.56558 55.89118 0.65842 0.07308 -0.74910 e
209.77376 92.25271 0.94039 -0.22685 -0.25339 e
210.67963 43.82217 -0.66197 0.74809 0.04638 e
211.31252 69.71594 -0.75001 0.31176 -0.58334 e
211.45906 54.06029 -0.22174 0.29150 -0.93052 e
211.82640 79.23495 -0.72592 -0.49483 -0.47768 e
211.95091 74.60095 0.46503 0.77669 -0.42486 e
212.15248 59.44625 0.35441 -0.81085 -0.46574 e
212.64129 51.07641 0.33709 0.91081 -0.23833 e
214.34863 45.32824 -0.97983 -0.17724 0.09230 e
214.43020 52.97257 0.82473 0.20615 -0.52661 e
214.46288 65.89404 -0.98383 -0.08137 -0.15956 e
214.69276 72.62390 -0.04748 -0.31260 -0.94870 e
215.81713 48.19714 -0.89925 0.32978 -0.28739 e
216.34699 49.39899 0.20408 0.70886 0.67518 e
216.83204 97.93164 0.73632 -0.67653 -0.01153 e
217.20288 54.85411 0.76327 0.61626 0.19402 e
217.35621 50.50341 0.73580 0.17085 -0.65530 e
218.27519 43.56838 -0.63758 0.65409 -0.40702 e
218.41277 46.31919 0.48389 0.85978 0.16319 e
218.59495 48.89037 -0.30983 -0.94417 -0.11202 e
218.78147 77.42243 -0.08564 -0.64805 -0.75677 e
219.15625 97.01694 0.46447 -0.44716 -0.76440 e
219.42015 51.79010 -0.19680 -0.97396 -0.11256 e
219.49247 75.12311 0.71874 0.65545 -0.23194 e
220.43021 97.21209 0.73735 -0.03021 0.67484 e
220.80569 72.20825 -0.76195 -0.62667 -0.16347 e
220.99320 73.31512 0.76717 -0.38699 -0.51156 e
221.24442 91.39876 -0.31977 -0.79503 -0.51544 e
221.93848 57.42600 0.60454 -0.78326 -0.14504 e
221.94490 25.95756 0.87759 0.44275 -0.18386 e
222.30297 87.37015 -0.52309 0.28960 -0.80157 e
222.41575 32.26778 0.00074 0.46855 -0.88343 e
222.88237 72.88146 -0.35362 0.85331 0.38316 e
222.88372 85.95070 -0.96034 -0.10965 -0.25636 e
223.49467 56.14523 0.12436 -0.98294 -0.13552 e
225.23883 72.84790 -0.71442 0.44469 0.54024 e
225.61306 81.71384 0.13979 -0.50609 -0.85108 e
226.88098 74.17977 -0.24830 -0.57478 -0.77973 e
227.50291 61.78092 -0.49048 -0.03995 -0.87054 e
228.27278 87.18642 -0.15267 -0.50653 -0.84860 e
228.56487 63.34313 0.22322 -0.86770 0.44414 e
228.68695 48.88411 -0.24203 0.77268 -0.58685 e
229.09406 92.85081 -0.18264 -0.79092 -0.58403 e
229.62114 54.56020 0.31920 0.15908 0.93424 e
229.93460 60.12009 0.66133 -0.62228 0.41882 e
229.95450 88.59024 0.36541 0.86569 0.34215 e
230.23491 93.71373 0.97904 0.15189 -0.13569 e
230.70601 94.29146 -0.91468 0.30273 0.26781 e
232.70450 68.13843 -0.40748 0.56561 -0.71697 e
233.07580 38.44328 -0.81018 0.44935 0.37641 e
233.96031 85.19725 -0.51754 -0.76156 0.39010 e
235.18480 71.89511 -0.56650 0.66607 0.48521 e
235.62487 64.66909 -0.67786 0.69369 0.24352 e
236.28901 42.88542 0.84703 -0.26420 0.46124 e
238.81507 38.69863 0.48714 0.05409 -0.87164 e
239.00059 70.45903 -0.86236 -0.43962 0.25112 e
239.17896 47.65019 0.51471 -0.02801 -0.85691 e
239.88570 64.56637 0.90691 0.08501 -0.41266 e
241.41901 83.00510 -0.75390 0.03858 -0.65586 e
242.42075 46.22925 0.29927 -0.56325 0.77018 e
242.66395 71.42910 0.23273 -0.78290 -0.57698 e
242.84932 61.67891 0.07224 -0.75604 0.65053 e
243.25226 80.17919 0.69598 0.62791 -0.34835 e
243.47587 84.16964 -0.75547 -0.44067 -0.48484 e
243.76683 52.47932 0.16820 -0.02823 0.98535 e
244.51163 53.19403 -0.16483 -0.38653 -0.90743 e
244.54830 54.16229 0.64172 0.75992 0.10355 e
244.68296 86.65251 0.56338 0.49301 -0.66298 e
245.14444 59.54541 0.59315 0.52138 -0.61346 e
245.85341 86.22745 0.17714 0.88386 -0.43292 e
247.43095 59.33797 -0.72853 -0.02107 -0.68469 e
247.68273 89.20950 0.90558 -0.17228 -0.38761 e
248.64166 32.49771 0.13569 -0.73031 -0.66950 e
249.42200 39.73564 -0.02975 0.99818 -0.05255 e
250.09947 49.15312 0.07623 0.95760 -0.27785 e
250.30594 63.31620 0.93801 0.02977 0.34532 e
250.31977 87.47502 0.42990 0.23019 -0.87304 e
250.34424 54.82525 0.62874 0.63215 -0.45285 e
250.54604 57.33909 0.21274 0.92019 -0.32862 e
250.60751 49.83879 -0.38253 0.43656 -0.81430 e
250.73848 69.07833 -0.70935 0.50374 -0.49301 e
251.17589 61.00094 0.18083 0.17987 -0.96693 e
251.77440 92.07381 -0.84587 0.43614 -0.30706 e
251.97084 55.21139 -0.27816 -0.67390 0.68446 e
252.17709 93.63619 -0.21887 0.87799 -0.42570 e
252.65369 54.22924 -0.02155 0.95059 -0.30969 e
252.74896 49.21922 -0.75908 -0.13268 0.63733 e
252.81724 73.94720 -0.20692 0.94211 -0.26384 e
252.84775 93.14497 -0.50819 -0.06799 0.85855 e
252.98413 65.52196 -0.24011 0.94363 -0.22785 e
253.42661 86.06182 -0.12889 -0.00242 -0.99166 e
253.66597 47.34055 0.25442 0.13875 0.95709 e
253.82571 38.83967 0.44124 0.86490 0.23928 e
254.03416 49.87152 -0.88226 -0.31792 -0.34720 e
255.44194 59.20577 -0.91879 0.09478 0.38320 e
256.35184 46.09487 -0.47691 -0.51300 0.71371 e
256.79466 63.74162 -0.29668 0.87015 0.39346 e
257.31315 32.67076 0.77633 0.56491 -0.27963 e
257.82974 61.43478 0.53032 0.24756 0.81085 e
258.15388 80.71555 0.02881 -0.68476 -0.72820 e
258.21074 86.34673 0.10049 -0.97565 0.19494 e
258.92308 45.65373 0.49127 -0.16431 -0.85537 e
258.95566 61.03711 -0.40251 -0.67962 0.61327 e
259.33333 67.18835 -0.60986 -0.76814 0.19501 e
259.45976 87.70877 0.86304 0.47516 -0.17140 e
259.61955 68.08805 0.80603 -0.30539 -0.50700 e
259.77828 80.34633 0.99510 0.05908 0.07933 e
259.81689 44.24952 -0.33088 0.94004 -0.08277 e
260.32315 63.75512 0.84827 -0.31910 -0.42263 e
260.42387 59.64474 0.99711 0.05441 -0.05310 e
260.94273 56.16299 0.46009 0.35354 0.81445 e
261.63721 76.15621 0.96387 -0.08195 -0.25344 e
262.11805 74.15367 -0.99347 0.07410 0.08672 e
262.20513 52.32120 -0.95309 -0.26907 -0.13866 e
262.70112 57.12212 0.82064 -0.52469 0.22640 e
263.19153 47.37111 -0.55017 0.53748 -0.63909 e
263.20231 69.32366 -0.76349 0.58801 -0.26708 e
263.23183 67.45494 0.65099 -0.61326 -0.44736 e
263.56806 59.02299 0.49146 -0.35397 -0.79572 e
263.97416 51.47494 0.48887 0.30959 -0.81557 e
265.38094 44.65737 0.25528 -0.29658 -0.92026 e
265.74602 81.29952 0.42939 0.73126 -0.52999 e
266.14170 73.21995 -0.11611 -0.78275 -0.61141 e
266.30756 40.11343 -0.51201 0.64383 0.56861 e
267.04264 54.93206 -0.54735 0.53413 -0.64429 e
267.81996 67.98419 0.70431 -0.12816 -0.69822 e
267.85078 44.26779 -0.02013 -0.75698 0.65312 e
267.98724 63.33535 0.72848 -0.14074 0.67045 e
268.30389 33.68233 -0.04732 -0.21790 0.97482 e
270.30939 39.69802 -0.58988 0.80730 0.01742 e
270.42257 79.69192 -0.16718 0.82215 -0.54418 e
270.88974 74.32925 -0.13041 -0.97598 0.17450 e
271.28253 57.08708 -0.04558 -0.81485 0.57788 e
271.61905 75.99343 -0.62970 -0.77642 0.02557 e
271.74913 51.06028 -0.89051 -0.06509 -0.45027 e
271.78801 87.24559 -0.47212 0.16716 0.86554 e
272.08517 58.58860 -0.26932 0.47668 -0.83681 e
272.20764 79.98862 0.81124 0.27700 -0.51494 e
272.44124 95.66366 -0.21967 -0.43843 0.87151 e
274.44682 68.97992 0.20491 -0.39621 -0.89500 e
274.84537 59.71917 0.93712 -0.26538 0.22669 e
276.05436 73.62870 -0.99563 -0.08113 0.04621 e
277.91530 74.31456 -0.46859 -0.87375 -0.13033 e
279.74883 40.60364 0.96814 -0.21433 -0.12953 e
280.29973 41.46511 0.01858 -0.45458 -0.89051 e
281.59865 47.25562 0.10262 -0.99335 0.05226 e
282.22299 79.82194 0.56410 0.53818 -0.62622 e
282.28130 66.84700 -0.87919 -0.05889 -0.47281 e
282.40863 92.96798 0.23357 0.48188 -0.84454 e
283.39326 82.05850 0.37678 -0.54243 -0.75087 e
283.59025 52.16599 -0.82536 0.49213 -0.27674 e
283.81471 72.73354 0.13005 0.19922 -0.97129 e
284.33009 97.08560 0.87616 0.45410 -0.16167 e
284.62301 74.92903 0.64793 0.75735 -0.08130 e
285.00339 44.20112 -0.41701 0.49757 0.76061 e
285.05280 95.60206 0.11130 -0.09047 -0.98966 e
285.64803 39.34890 -0.29497 0.23034 -0.92733 e
285.77618 79.29329 -0.09097 0.24501 -0.96524 e
286.38872 68.42963 -0.74562 -0.02484 -0.66591 e
286.63933 69.08730 -0.90794 0.22427 -0.35403 e
286.75851 77.49661 0.36284 0.89198 0.26965 e
287.03984 59.92906 0.48403 -0.18055 -0.85622 e
287.57333 80.83555 -0.57581 -0.66501 -0.47561 e
287.94765 29.24326 0.23220 0.35614 -0.90512 e
288.23967 62.43318 0.94854 0.31021 -0.06363 e
288.64266 97.72723 -0.25886 -0.29774 -0.91888 e
288.66678 78.01422 -0.70905 0.62330 0.32977 e
289.20476 72.32098 0.32347 -0.63633 -0.70033 e
289.23623 52.28386 0.00266 0.42257 -0.90633 e
290.39253 79.75742 -0.75946 0.10743 -0.64163 e
290.46074 62.09636 -0.23928 0.96785 0.07755 e
290.83022 90.79137 0.63047 -0.31656 -0.70873 e
291.65384 38.74621 -0.18775 0.83053 0.52438 e
293.49533 58.66357 0.65439 -0.74004 -0.15527 e
293.65084 50.56877 -0.73415 0.59484 -0.32741 e
293.84136 94.18681 -0.60550 -0.70243 -0.37410 e
296.23488 90.99214 -0.65525 0.66904 -0.35077 e
296.61872 94.51044 0.38271 -0.80673 0.45024 e
297.14753 80.80987 0.20456 -0.23607 -0.94996 e
297.29089 71.10247 0.42031 0.73755 -0.52854 e
298.22806 75.24001 -0.34279 -0.56210 -0.75269 e
298.62947 62.54309 -0.67261 -0.54690 -0.49849 e
299.51702 34.61778 -0.37190 0.08918 -0.92398 e
300.81348 68.16788 0.19608 0.11211 -0.97416 e
301.26784 44.79575 -0.58599 -0.79255 -0.16874 e
301.29303 85.01644 -0.14373 0.72482 -0.67378 e
301.96988 87.91246 0.51988 0.37388 0.76808 e
303.31300 47.69729 -0.84725 0.51290 -0.13820 e
303.83049 79.79719 0.40520 0.88951 -0.21117 e
305.19925 45.51009 0.08036 -0.03354 -0.99620 e
305.89066 56.44025 -0.35468 -0.63208 -0.68897 e
306.04126 41.87916 -0.99446 0.05050 0.09215 e
307.52641 53.98575 -0.03827 -0.84968 -0.52591 e
307.54068 90.88848 0.58354 0.63373 -0.50781 e
308.31312 67.38484 -0.96080 -0.01871 0.27663 e
308.63925 35.20262 -0.12425 -0.93113 -0.34286 e
308.86381 44.06469 0.10438 0.40711 -0.90740 e
308.98010 66.59882 0.95691 -0.06794 0.28232 e
310.13547 99.97277 -0.66401 -0.66344 0.34488 e
310.25647 47.07796 -0.47398 -0.32614 0.81791 e
310.28303 93.59662 -0.98078 -0.00941 -0.19491 e
310.28335 53.44485 0.22726 -0.80719 -0.54479 e
310.51829 43.76456 0.02337 -0.77697 -0.62911 e
310.58885 81.71299 0.46538 -0.09422 -0.88008 e
311.45470 80.07774 0.06601 -0.06641 -0.99561 e
311.92763 59.74193 -0.69758 -0.34772 0.62648 e
312.40571 85.24971 -0.90015 0.16027 -0.40503 e
312.45883 46.02108 -0.85051 0.50893 0.13275 e
312.63408 89.41534 0.83904 0.10912 -0.53302 e
312.77038 55.08842 0.15732 0.96053 -0.22943 e
312.81899 48.77067 0.38825 -0.45838 0.79947 e
313.65669 62.83186 0.79599 0.58668 -0.14902 e
314.77512 46.31763 -0.28302 0.03336 0.95853 e
315.32729 95.63011 0.68345 0.49646 -0.53519 e
315.49618 87.88108 0.05661 0.67957 -0.73142 e
315.81328 62.75985 0.95123 0.30274 0.05924 e
315.94685 54.72594 -0.91453 0.15713 -0.37275 e
317.05626 63.10039 0.60220 -0.07212 -0.79508 e
317.37857 75.83917 -0.73786 -0.29344 -0.60783 e
317.70365 88.30003 -0.84449 -0.28263 0.45492 e
317.74544 90.99994 0.60511 0.73688 -0.30143 e
318.61144 93.46112 0.76187 0.43954 -0.47578 e
319.43986 60.86446 0.34484 0.66345 -0.66401 e
319.48837 69.67773 -0.10237 -0.55627 -0.82467 e
320.05046 65.96634 0.00528 -0.68843 -0.72529 e
321.24076 73.53786 0.26521 -0.74946 -0.60661 e
321.92749 79.52547 -0.51122 -0.37727 -0.77222 e
322.52772 56.22666 0.48418 0.38670 -0.78487 e
324.08215 67.24329 -0.09549 -0.63254 0.76862 e
324.14530 72.19707 -0.37636 0.88220 -0.28298 e
325.17279 98.93175 0.08945 -0.65305 -0.75201 e
325.30115 57.43166 0.83646 -0.23220 -0.49641 e
325.96456 88.05984 0.97317 -0.20191 0.11037 e
326.85731 45.16690 0.37096 0.71070 -0.59774 e
327.06494 73.57227 -0.02281 0.07136 -0.99719 e
327.21163 62.10229 0.64209 0.17129 -0.74725 e
327.38008 89.10056 0.67814 -0.56648 -0.46823 e
327.48899 78.53741 -0.53674 -0.60938 0.58358 e
327.82800 94.48745 -0.41970 0.70595 -0.57051 e
328.18305 63.33437 -0.81681 -0.37631 -0.43727 e
328.46318 79.38432 0.50006 0.79922 -0.33345 e
328.52185 57.76571 0.55664 0.49261 -0.66895 e
328.61298 64.84714 0.95746 0.11193 0.26597 e
329.09749 65.31242 -0.31868 -0.53009 -0.78578 e
329.36434 85.78714 -0.93130 0.36200 0.04041 e
330.21745 87.56176 0.15429 0.98593 -0.06428 e
330.29794 84.74966 -0.12942 0.99005 -0.05525 e
330.29930 93.44908 -0.68107 -0.67062 0.29397 e
330.86136 59.79530 0.08687 0.33443 -0.93841 e
331.73735 71.87059 0.15588 -0.91107 0.38165 e
332.76126 79.15834 -0.38674 0.90221 -0.19089 e
333.72218 42.07928 -0.71223 0.61428 -0.33970 e
333.80085 52.89324 0.86070 0.39340 0.32316 e
333.84159 62.58071 -0.15379 0.93817 -0.31014 e
333.94388 39.09141 0.28096 -0.75479 0.59275 e
333.97388 74.13725 -0.91466 -0.40286 -0.03312 e
334.25696 86.06692 -0.16241 0.94168 0.29473 e
334.32671 61.56723 -0.48943 -0.66948 0.55880 e
334.53476 44.23416 -0.35021 -0.93666 0.00439 e
335.05799 92.90963 0.99882 0.04845 0.00391 e
336.53672 43.87604 -0.79816 -0.23070 -0.55653 e
336.89408 45.68951 0.08605 -0.29466 -0.95172 e
337.51272 91.14735 0.62799 0.13750 -0.76598 e
337.94221 83.85672 0.91063 -0.15978 -0.38109 e
338.61806 57.05248 0.76292 0.41823 -0.49298 e
338.63563 87.94573 0.31524 -0.94288 -0.10771 e
338.74497 90.23300 -0.84012 -0.54204 -0.01985 e
338.85161 46.68625 0.83556 -0.33094 0.43855 e
339.00725 68.03357 0.24596 0.23284 -0.94090 e
339.04787 84.13306 -0.30182 0.58317 -0.75420 e
339.65778 97.89956 0.26808 -0.95626 -0.11707 e
340.90823 53.25023 0.00538 -0.61311 -0.78998 e
341.95290 43.13584 0.43875 -0.06145 -0.89650 e
342.00798 59.37517 0.48159 0.25648 0.83803 e
343.92544 52.26209 -0.97189 -0.23051 -0.04782 e
344.04337 24.57249 0.90403 0.42466 0.04904 e
344.40145 82.69958 0.90625 0.42237 0.01754 e
344.94460 96.93291 0.84550 0.40268 -0.35069 e
344.99205 59.07374 -0.74935 -0.35212 0.56079 e
347.28054 57.20576 -0.93346 0.19239 -0.30271 e
347.45704 66.75444 -0.24629 0.47657 0.84393 e
347.92143 88.64030 -0.40286 -0.15926 -0.90130 e
347.95412 45.07259 0.07955 -0.47539 -0.87617 e
349.00010 71.22395 0.88886 -0.45208 -0.07455 e
350.06981 60.81826 0.24344 -0.61450 -0.75042 e
350.54490 54.68768 0.51588 0.08283 -0.85264 e
350.87287 59.76064 0.01948 0.86106 -0.50813 e
350.87579 46.54757 0.72619 -0.68117 -0.09303 e
351.67148 45.55991 -0.85609 -0.46483 0.22594 e
352.05416 47.56248 -0.11140 -0.38975 -0.91416 e
352.61759 47.76230 0.16549 -0.91743 -0.36185 e
353.18054 52.54637 0.37524 0.85055 -0.36846 e
353.43395 59.35385 0.22052 0.90635 -0.36043 e
354.53960 57.07447 -0.03254 -0.61792 -0.78557 e
354.61480 55.92309 0.88287 0.46236 -0.08223 e
354.98145 48.62935 -0.66577 0.65230 -0.36229 e
355.47502 71.97279 -0.50481 -0.31081 -0.80534 e
356.05021 44.78666 0.87352 0.30597 0.37861 e
356.21525 49.20306 -0.61443 -0.13172 -0.77790 e
356.71483 76.93302 0.82674 -0.56179 0.02983 e
356.73723 77.86967 -0.14662 0.92248 0.35711 e
357.01918 49.67182 0.39935 -0.47378 -0.78489 e
358.18398 63.29467 0.48246 -0.62040 0.61834 e
358.91214 44.13369 0.33009 -0.79086 -0.51535 e
359.58664 72.70421 -0.48168 0.73869 -0.47150 e
359.83058 58.22099 0.33878 -0.39056 -0.85597 e
359.83671 65.19685 0.67884 -0.16315 -0.71593 e
360.62388 38.03663 0.12700 -0.94580 -0.29890 e
362.82989 27.99365 -0.52589 0.56940 -0.63185 e
364.74272 46.57253 0.60486 -0.05441 -0.79447 e
365.09904 93.27545 0.02352 -0.79314 -0.60859 e
366.47085 74.11963 0.57721 0.07294 -0.81333 e
367.60325 34.57444 -0.85542 0.47785 -0.19981 e
368.64802 59.07960 -0.95036 -0.18828 0.24771 e
371.51377 59.30338 -0.76700 -0.50447 -0.39650 e
371.68350 52.57302 -0.21176 0.48425 -0.84891 e
373.36851 54.55507 -0.69097 -0.42747 0.58295 e
374.98806 45.01530 -0.22053 -0.77537 -0.59175 e
375.33159 42.83551 -0.09929 0.96542 -0.24105 e
376.95482 70.51141 -0.45227 -0.14716 -0.87966 e
378.46294 48.32739 0.80732 0.38181 -0.44994 e
380.47311 68.46370 -0.86628 -0.18453 -0.46423 e
384.09252 31.18621 0.96606 -0.07171 -0.24815 e
384.71717 61.76743 -0.47385 -0.79279 -0.38334 e
386.07145 62.77567 0.23144 0.69676 0.67894 e
387.75898 59.12893 -0.84289 0.10766 -0.52721 e
389.00315 61.14462 -0.66677 0.50768 -0.54560 e
389.97324 44.72548 0.98032 0.11939 -0.15722 e
393.68784 73.74621 0.95006 0.14864 -0.27439 e
394.56969 38.29620 -0.94927 0.05651 -0.30935 e
396.39464 67.03041 0.33727 -0.42964 0.83765 e
402.01507 97.26341 0.95888 0.02094 0.28305 e
402.53573 57.27877 -0.24524 0.48579 -0.83897 e
403.01114 40.32779 0.99940 -0.03434 -0.00431 e
403.48060 82.01166 -0.03249 -0.14694 -0.98861 e
408.70304 56.91349 -0.35412 0.88785 -0.29381 e
421.06824 78.29368 0.47481 -0.36467 -0.80098 e
443.48581 71.30514 0.84205 -0.41472 0.34490 e
458.78351 37.10139 -0.46830 -0.82630 0.31293 e
465.87330 38.50791 0.34898 0.85052 0.39349 e
483.42967 43.23876 0.91525 0.40045 0.04413 e
489.39230 41.91804 -0.59070 -0.44923 -0.67027 e
501.87747 32.49412 -0.03896 -0.47473 0.87927 e
510.65757 45.77511 0.04342 0.58417 -0.81047 e
535.40349 33.63665 0.17146 0.95054 0.25899 e
540.48372 43.35529 0.31366 0.48507 0.81628 e
544.48517 28.19446 -0.12843 -0.97585 0.17671 e
557.52039 40.60104 0.94350 0.31767 0.09430 e
609.83043 60.82030 -0.01963 0.49177 -0.87050 e
613.79793 37.95235 -0.29881 0.92748 0.22470 e
622.59171 42.22590 0.34141 -0.32627 0.88147 e
627.39619 28.23243 0.28712 0.92252 -0.25792 e
640.31479 49.55490 -0.80258 0.56175 -0.20074 e
670.99782 49.33034 0.62067 0.14147 -0.77121 e
688.27572 49.36541 0.35375 0.65053 -0.67206 e
705.03757 34.18507 0.66168 0.06898 -0.74661 e
752.25896 44.92971 -0.18787 -0.83297 -0.52046 e
754.08636 41.28049 -0.24389 0.64099 0.72777 e
783.16021 27.54772 0.32284 0.74991 -0.57741 e
785.84513 47.79205 -0.26201 0.96095 -0.08899 e
786.73989 38.00204 -0.97478 0.04280 0.21901 e
794.33354 29.70573 -0.97957 -0.08058 0.18426 e
803.03446 26.60464 -0.87700 -0.35194 0.32712 e
804.12729 41.59287 -0.94471 -0.08738 0.31604 e
813.95553 41.29774 0.23777 -0.37193 -0.89729 e
846.35436 40.22783 0.79918 0.08641 -0.59485 e
851.57146 43.06903 -0.33006 -0.93981 -0.08838 e
864.21502 43.96098 -0.92683 -0.37135 -0.05563 e
883.52646 37.70436 -0.30492 0.92046 -0.24451 e
894.06570 40.97021 0.02387 -0.65051 -0.75912 e
926.08239 29.19230 0.21035 -0.43026 -0.87785 e
937.03694 55.85857 -0.31848 0.83483 -0.44903 e
968.95457 36.62832 0.08233 0.20906 -0.97443 e
994.62736 26.84404 0.49923 0.79904 0.33510 e
995.13336 28.29805 -0.61832 0.32198 -0.71695 e
1024.00975 34.21972 -0.55306 -0.07496 0.82976 e
1036.34379 59.82498 -0.02987 0.86679 -0.49778 e
1058.51826 52.36861 -0.43785 0.81459 0.38044 e
1076.68286 33.28434 0.67244 0.51708 0.52958 e
1105.84841 40.54301 -0.82719 0.10346 -0.55232 e
1108.02715 46.45078 0.68996 -0.71577 0.10780 e
1111.41196 45.47326 -0.25787 -0.06971 0.96366 e
1134.08213 50.73906 -0.85886 -0.25589 -0.44371 e
1153.92573 49.50276 0.77703 -0.03231 0.62863 e
1183.94802 43.49728 0.53519 0.40288 -0.74246 e
1309.30636 38.73505 0.30568 0.87254 -0.38109 e
1313.32398 47.83291 0.10592 0.91163 -0.39713 e
1317.88952 42.70543 -0.12394 0.97899 -0.16194 e
1351.34178 34.63954 0.35943 0.10372 -0.92739 e
1416.60237 50.56303 -0.59005 -0.16144 -0.79106 e
1437.75423 43.36613 -0.18498 -0.88327 -0.43083 e
1468.50975 38.14650 0.67002 0.07734 -0.73830 e
1484.42782 36.59108 -0.34655 -0.17856 -0.92088 e
1523.13728 33.50929 -0.69532 0.39749 -0.59878 e
1566.30102 34.21245 0.53493 0.37138 -0.75890 e
1580.43000 46.85927 0.87909 -0.14528 -0.45398 e
1587.78965 38.98743 0.44994 0.86068 -0.23827 e
1609.60318 49.33632 -0.37690 0.69938 -0.60731 e
1659.49582 33.57113 -0.05653 -0.87113 -0.48779 e
1695.20458 27.35575 0.62977 -0.58455 -0.51156 e
1817.40731 44.05701 0.20593 0.97560 -0.07615 e
1919.61319 60.77768 0.61119 0.78568 0.09563 e
2038.76875 38.51532 0.95809 0.05442 -0.28126 e
2134.51137 35.72137 -0.13707 0.14357 -0.98010 e
2151.66312 39.50204 0.46506 0.11710 -0.87750 e
2237.82992 46.16881 0.89022 0.45533 0.01341 e
2341.99411 31.15161 -0.93544 0.27701 0.21959 e
2344.55960 24.77681 0.02603 -0.07575 -0.99679 e
2642.65725 41.05424 -0.26705 0.62733 -0.73153 e
2674.52263 36.53509 -0.24605 -0.07175 -0.96660 e
2685.74406 29.64473 -0.16562 -0.88907 -0.42675 e
2789.70311 39.02822 0.07984 -0.63953 0.76461 e
2811.11093 33.81412 0.22530 -0.58784 -0.77697 e
3358.25782 39.04950 0.62539 -0.68586 -0.37213 e
3452.23333 33.15484 -0.26548 0.94518 -0.19017 e
4357.84980 48.16001 -0.64068 0.76638 0.04677 e
5417.31440 41.53801 -0.17212 0.77155 -0.61245 e
5610.35503 29.17304 0.48272 0.59212 -0.64527 e
6411.00749 46.05218 -0.78048 0.17737 -0.59949 e
6768.55785 40.92849 0.31304 0.18941 0.93066 e
6824.22066 46.28933 -0.35348 0.22217 -0.90867 e
6929.01969 38.49054 0.17501 -0.98229 0.06698 e
7038.04592 31.63016 -0.11735 0.98598 0.11859 e
7228.69627 49.42090 -0.79554 0.58591 0.15437 e
7231.81914 50.35874 -0.38351 -0.80387 -0.45465 e
8239.69077 63.85877 -0.56161 -0.13056 -0.81703 e
8292.02124 47.94079 -0.68849 0.48577 -0.53853 e
9070.22217 38.92555 -0.20823 -0.97806 0.00626 e
9210.92950 45.10083 -0.91173 0.08307 -0.40229 e
12568.43427 23.06990 0.10991 -0.41126 -0.90487 e
15520.78438 37.56157 -0.97526 0.14949 0.16282 e
15971.96002 44.33939 -0.98993 0.05991 -0.12824 e
18905.20325 25.96200 0.67160 -0.68489 0.28263 e
