15.17305 52.73807 0.70813 -0.21683 -0.67197 e
16.43684 62.19564 -0.37980 0.29777 -0.87583 e
17.20525 75.68812 0.73768 -0.23709 -0.63215 e
17.40132 78.16600 0.59749 0.77546 -0.20411 e
18.43486 78.81815 -0.52207 0.65732 -0.54348 e
18.62162 63.86371 -0.14041 0.72176 -0.67775 e
19.10118 67.92984 -0.33925 -0.56529 -0.75190 e
19.63110 67.20327 -0.84122 -0.52341 0.13562 e
19.67197 13.45230 -0.90565 0.26335 -0.33234 e
19.75510 58.22850 -0.22266 0.02729 -0.97451 e
19.91958 68.20248 0.24496 -0.04471 -0.96850 e
19.93924 23.62539 0.51940 0.39918 0.75556 e
20.00129 49.57162 0.58363 -0.80880 0.07225 e
20.18941 25.30458 0.47428 -0.75688 -0.44966 e
20.63399 33.48158 -0.49339 0.86838 0.04976 e
20.91361 80.65631 -0.69628 0.45547 0.55475 e
20.91759 78.24309 -0.95909 -0.07799 -0.27213 e
21.05412 77.51592 -0.58966 0.77671 -0.22142 e
21.50170 80.91100 -0.21863 -0.07630 -0.97282 e
21.50544 54.03929 0.52706 0.09813 -0.84415 e
21.70486 62.92512 0.18862 -0.49439 -0.84853 e
21.85349 82.45414 -0.36338 -0.43267 -0.82508 e
22.75615 78.41342 -0.70199 0.66268 -0.26089 e
22.88976 79.03415 -0.81272 0.13205 -0.56750 e
23.21166 74.74594 -0.71584 0.21714 -0.66364 e
23.27390 78.48652 0.46419 -0.88573 -0.00335 e
23.47733 71.56826 -0.91445 0.28571 -0.28662 e
23.47922 84.33531 0.07327 0.23625 -0.96893 e
23.55953 70.79857 0.76667 -0.52153 -0.37447 e
23.67053 81.08750 -0.55242 0.60334 -0.57516 e
23.75194 61.73745 -0.50501 -0.84893 0.15580 e
23.82700 30.54923 0.18991 0.18302 0.96459 e
24.07361 53.09519 0.15413 0.71840 -0.67834 e
24.08510 84.13597 -0.19615 0.80696 -0.55709 e
24.22577 36.82136 0.96183 -0.00807 0.27352 e
24.36055 26.92955 0.30818 0.47826 0.82237 e
24.36180 58.97675 0.52129 0.66096 -0.53981 e
24.41949 66.89360 -0.83629 -0.32374 -0.44250 e
24.60529 78.17711 -0.54226 -0.75739 0.36376 e
24.72355 75.01336 -0.78656 -0.53305 0.31175 e
24.98464 84.80660 -0.14644 -0.14850 -0.97801 e
25.23331 70.41426 -0.83753 -0.41034 -0.36079 e
25.46158 50.88590 0.04895 -0.08210 -0.99542 e
25.76698 66.05573 0.80251 -0.22963 -0.55067 e
25.82366 55.72433 -0.45763 0.68972 -0.56112 e
25.96788 81.90325 -0.06554 0.75291 -0.65485 e
26.11535 78.66352 0.17076 0.94793 -0.26883 e
26.28568 66.99218 0.29425 0.74385 -0.60009 e
26.49465 51.32563 -0.42935 0.84517 -0.31834 e
26.57788 31.87118 0.16475 0.26073 -0.95125 e
26.61893 42.65439 0.81656 -0.55075 0.17291 e
26.80007 29.41241 -0.67794 -0.64987 -0.34361 e
26.88361 81.80983 0.17759 -0.97071 -0.16183 e
26.93523 45.01987 0.31127 0.30095 -0.90141 e
27.27736 59.04426 -0.55002 -0.82922 -0.09939 e
27.40844 48.03770 0.39864 0.82949 0.39120 e
27.76208 62.82736 -0.07077 -0.97818 0.19535 e
28.07743 41.68349 -0.27030 -0.94927 -0.16072 e
28.13755 75.55585 -0.04033 -0.82722 0.56042 e
28.16740 75.81008 -0.61858 -0.65938 0.42729 e
28.19958 70.93990 -0.52007 -0.29625 0.80110 e
28.35440 60.60165 -0.02053 -0.94800 -0.31760 e
28.53261 68.45265 -0.56244 0.68055 0.46958 e
28.77600 52.24886 -0.20596 -0.94071 -0.26954 e
29.42148 65.96852 -0.53630 0.74592 -0.39495 e
29.61032 52.27783 0.24228 0.08862 -0.96615 e
29.77976 57.58095 0.82620 -0.36434 -0.42972 e
30.12445 68.86626 -0.05391 -0.06670 -0.99632 e
30.29772 35.73929 -0.96489 0.22034 -0.14296 e
30.48755 74.70592 -0.65860 0.75248 -0.00373 e
30.72938 76.45739 0.90187 0.33633 -0.27115 e
30.75282 82.56713 0.49351 0.11525 0.86207 e
30.76677 57.42342 0.80633 0.36298 -0.46698 e
31.07470 60.60415 0.83162 0.53739 0.14007 e
31.27670 53.55750 -0.25755 0.68554 0.68095 e
31.31027 35.73650 -0.26179 -0.24100 -0.93455 e
31.37434 70.59520 -0.56123 -0.34101 -0.75415 e
31.41207 52.63038 0.95984 -0.14541 0.23993 e
31.48003 25.16087 0.33946 -0.89113 -0.30108 e
31.63293 65.33622 -0.31659 -0.83879 0.44295 e
31.78327 40.76481 -0.63917 -0.43977 -0.63092 e
31.92657 65.82670 0.18131 -0.28182 -0.94218 e
31.92769 40.57368 -0.10676 -0.92737 -0.35859 e
31.98022 70.52144 0.37885 0.58656 -0.71584 e
32.01371 71.92344 0.65156 0.19608 -0.73282 e
32.26244 71.48783 -0.51226 0.79874 -0.31559 e
32.42627 57.65159 -0.32908 -0.92523 -0.18883 e
32.43429 10.97999 -0.97559 -0.19121 0.10798 e
32.51344 37.64382 -0.71137 0.16702 -0.68268 e
32.56070 48.85232 0.15969 0.51909 -0.83967 e
32.58557 21.30908 -0.63809 -0.64989 -0.41290 e
32.62124 65.57706 -0.62195 0.47491 0.62261 e
32.71364 58.87885 0.23256 -0.92751 -0.29266 e
32.72731 29.24525 -0.65059 -0.75826 -0.04221 e
32.78162 72.20085 0.55128 0.82800 0.10247 e
32.85959 72.04978 0.65572 0.41306 -0.63199 e
32.99255 77.23360 0.95290 -0.28752 0.09646 e
33.07700 52.42582 -0.50667 -0.56599 0.65034 e
33.20734 51.28399 -0.73679 -0.35148 0.57758 e
33.48911 30.74364 -0.92155 -0.38539 -0.04723 e
33.60710 52.74692 -0.75141 0.48801 -0.44410 e
33.86241 66.29730 -0.45308 -0.15309 -0.87822 e
34.03507 80.63134 -0.47106 -0.81136 0.34613 e
34.34835 62.93483 -0.99303 -0.04713 -0.10806 e
34.36669 56.94306 -0.32057 0.94273 -0.09219 e
34.37143 72.56201 -0.45994 0.88094 0.11133 e
34.47477 77.38573 -0.86813 0.01062 0.49622 e
34.55726 58.47348 0.62494 -0.78052 0.01574 e
34.65429 69.13122 0.46240 -0.40592 -0.78830 e
34.72916 76.25736 -0.67821 -0.09682 -0.72847 e
34.82308 44.29387 -0.89592 -0.28208 -0.34316 e
35.18003 62.29421 0.52987 -0.57649 -0.62201 e
35.29218 29.19949 -0.11465 -0.88101 0.45899 e
35.32803 76.71776 -0.53598 0.82542 -0.17722 e
35.68226 84.28247 0.11186 -0.83802 -0.53405 e
35.73107 37.26771 -0.88089 -0.37977 0.28251 e
35.73403 71.75955 -0.92838 -0.21922 -0.30008 e
35.77006 83.60287 0.76069 -0.45881 -0.45918 e
35.80479 55.97993 -0.08973 0.16503 -0.98220 e
35.92626 75.10920 -0.62675 0.36621 -0.68781 e
36.03019 61.65649 0.23639 0.15256 -0.95961 e
36.51277 69.26342 0.52041 0.53009 -0.66946 e
36.57061 77.13261 0.25181 -0.30538 0.91833 e
36.69867 43.22018 0.19445 0.25423 -0.94739 e
36.76980 63.96871 0.35062 -0.23491 -0.90658 e
37.09729 46.91879 0.58337 -0.78022 -0.22569 e
37.25491 57.12105 0.35097 0.78389 -0.51218 e
37.69588 62.63257 0.77361 -0.27913 -0.56888 e
37.70210 79.07552 0.32802 0.82028 -0.46856 e
37.74352 68.28206 -0.57267 0.26971 -0.77415 e
37.84428 59.18705 0.60671 -0.75133 -0.25961 e
38.01523 41.98784 0.66797 0.57575 -0.47153 e
38.20938 83.84173 -0.59679 -0.80007 -0.06107 e
38.21623 66.13384 -0.89438 0.39801 0.20416 e
38.30321 51.63042 -0.51840 -0.79800 -0.30733 e
38.40982 55.89342 0.11722 0.40132 -0.90840 e
39.18518 84.62778 -0.80914 0.18108 -0.55903 e
39.32046 65.84990 -0.31359 -0.53994 -0.78110 e
39.35269 63.36755 -0.75017 0.16183 0.64114 e
39.36321 64.21168 0.91202 0.17689 -0.37003 e
39.51810 37.43522 -0.78971 0.51451 0.33414 e
39.73648 69.05234 -0.52893 0.83284 0.16315 e
39.73991 50.33952 0.61859 -0.58922 0.51978 e
40.03351 66.66748 0.51797 0.72088 -0.46047 e
40.10415 47.28202 -0.13381 0.99058 -0.02896 e
40.23124 34.31178 -0.19865 -0.48508 -0.85161 e
40.35919 33.21108 -0.11821 0.02883 -0.99257 e
40.54640 43.25143 -0.62069 0.71384 0.32431 e
40.63569 34.69323 -0.72801 -0.60264 -0.32685 e
40.81547 33.06109 -0.32273 -0.71167 -0.62400 e
40.84187 69.15611 0.13458 -0.52704 -0.83912 e
41.10951 82.94660 0.61001 -0.20473 -0.76549 e
41.14946 44.47167 0.95698 0.26706 0.11348 e
41.19445 81.47067 -0.49002 0.47257 -0.73250 e
41.26777 77.88793 -0.58754 -0.20627 -0.78246 e
41.41218 49.17822 -0.05059 -0.08910 -0.99474 e
41.43401 63.52662 0.75567 -0.02182 -0.65459 e
41.45842 55.17048 -0.42117 0.84127 0.33894 e
41.61008 77.01036 0.50749 0.81902 -0.26771 e
41.61398 57.87584 0.88120 -0.46971 0.05342 e
41.61801 61.43725 0.78179 -0.28143 -0.55641 e
42.20484 51.05628 0.01438 0.94204 0.33518 e
42.24543 70.92198 -0.74909 0.66180 0.02979 e
42.32590 24.83532 -0.68976 -0.71128 0.13529 e
42.35303 78.39216 0.92647 0.21049 -0.31200 e
42.53119 52.64921 -0.90778 0.41217 0.07774 e
42.62956 28.77732 0.57444 0.73058 0.36914 e
42.65910 67.58920 -0.27255 0.48772 -0.82936 e
42.67618 83.34566 -0.04374 0.99746 -0.05615 e
42.86199 69.65513 -0.35248 0.92319 0.15320 e
42.87323 57.81197 -0.15604 -0.80735 -0.56907 e
42.95462 73.48885 -0.44027 0.26028 -0.85931 e
43.02391 73.81078 0.06907 -0.53249 -0.84361 e
43.08526 46.15950 0.81242 0.21411 -0.54233 e
43.09729 73.16891 0.30846 0.58880 -0.74711 e
43.35083 79.23484 0.11038 -0.98963 -0.09187 e
43.37035 78.38489 -0.93178 -0.23374 -0.27778 e
43.38800 65.66249 0.09741 0.00207 -0.99524 e
43.44599 61.25244 -0.78803 0.13965 -0.59959 e
43.58066 18.27877 -0.83041 -0.55007 -0.08854 e
43.61164 62.50311 0.09028 0.38006 -0.92055 e
43.66498 54.22764 0.85160 -0.52163 -0.05164 e
43.75976 81.84588 -0.26696 -0.12529 -0.95553 e
43.83075 57.46454 -0.12345 -0.77131 -0.62437 e
43.86768 41.87670 0.01734 0.92617 -0.37671 e
43.92854 71.96296 -0.45674 -0.87534 -0.15863 e
44.02743 81.32045 0.82637 0.33287 0.45421 e
44.29663 42.78476 -0.75907 0.01320 -0.65087 e
44.42037 68.40558 0.24817 -0.95596 -0.15671 e
44.59774 78.46362 0.11952 0.95941 -0.25545 e
44.63452 55.80518 -0.15413 -0.72585 -0.67036 e
44.97428 20.63432 -0.39125 0.52901 0.75304 e
45.17779 48.36625 -0.90957 0.40568 0.09004 e
45.28841 63.42591 -0.28617 -0.92827 0.23754 e
45.34949 48.42371 0.38367 -0.43030 -0.81709 e
45.44067 76.53032 0.49165 0.79637 -0.35225 e
45.47772 48.75315 -0.41688 -0.04590 -0.90780 e
45.62902 37.93023 -0.72807 0.66138 0.18025 e
45.68075 70.96938 0.62863 -0.74162 -0.23413 e
45.68970 84.08579 0.17355 0.56941 -0.80352 e
45.69922 26.06333 -0.31926 -0.89021 -0.32496 e
45.71201 45.06306 0.46387 0.00594 -0.88588 e
45.84244 17.02032 -0.96612 -0.01270 -0.25777 e
45.91291 49.22424 -0.47325 -0.23778 0.84823 e
46.10409 37.58529 0.54885 0.83022 0.09746 e
46.12415 68.69066 -0.10672 -0.97244 -0.20730 e
46.21592 30.95141 -0.41044 0.03572 -0.91119 e
46.33126 61.92765 0.70594 0.63184 -0.32004 e
46.40088 44.93607 0.61225 0.01871 -0.79044 e
46.51479 70.89579 -0.94952 -0.27823 0.14489 e
46.52414 61.24422 -0.91668 -0.05863 -0.39529 e
46.73365 62.26634 -0.39422 0.37037 -0.84108 e
46.84331 55.00325 0.71347 0.54981 -0.43437 e
46.84789 59.94211 -0.21737 0.85290 -0.47467 e
46.86660 15.69927 -0.58327 0.37079 -0.72272 e
47.28360 52.84812 0.91440 -0.40480 0.00390 e
47.34305 79.43721 -0.96143 -0.25093 -0.11267 e
47.34815 51.54312 -0.41098 0.76646 -0.49359 e
47.55793 44.93705 -0.10980 -0.53547 -0.83738 e
47.58398 56.72906 -0.19611 -0.51257 -0.83595 e
47.69169 61.37093 -0.53205 0.68186 -0.50199 e
47.76390 64.07976 -0.98299 0.15389 -0.10019 e
47.83857 78.96792 0.23925 -0.19268 -0.95165 e
47.85088 64.41855 0.36681 -0.93027 0.00733 e
47.86521 56.56982 -0.09737 -0.49019 -0.86616 e
48.15228 72.18693 -0.00457 -0.72355 0.69026 e
48.36726 61.79918 -0.24193 0.60037 -0.76225 e
48.46604 49.13661 0.59873 -0.43245 -0.67417 e
48.48661 29.42655 0.87165 -0.31045 0.37928 e
48.63367 72.96012 -0.34035 0.91992 0.19468 e
48.63777 60.56772 -0.65460 -0.53885 0.53023 e
48.66144 56.91996 -0.58261 0.00597 -0.81273 e
48.88633 34.32520 -0.03708 -0.64758 -0.76109 e
48.95639 70.21778 -0.64642 -0.27110 -0.71320 e
49.20857 75.04678 0.16354 0.90470 -0.39340 e
49.25691 67.25864 0.81566 0.03397 -0.57753 e
49.32901 69.29768 0.05329 0.28867 -0.95594 e
49.38513 71.64081 -0.27680 0.33374 -0.90111 e
49.62630 46.91219 -0.26910 0.24465 -0.93152 e
49.93980 54.19981 -0.70825 -0.55211 -0.43996 e
49.97707 44.64128 0.10710 0.52586 -0.84380 e
49.99583 73.68197 0.08500 0.86720 0.49065 e
50.06670 62.78143 0.91995 0.21821 -0.32570 e
50.22784 71.48991 -0.05597 0.48464 -0.87292 e
50.23950 39.73957 0.75874 -0.20240 -0.61915 e
50.28246 44.03413 0.83337 -0.09293 -0.54485 e
50.34639 76.83491 0.66622 0.13733 -0.73300 e
50.51795 75.08061 0.13019 -0.94203 -0.30925 e
50.55558 70.60785 0.65614 -0.38357 0.64989 e
50.58692 76.39843 0.36674 0.00516 0.93031 e
50.66950 52.05953 -0.04924 -0.03544 -0.99816 e
51.04980 78.09453 -0.69429 0.71968 0.00505 e
51.07762 29.11509 0.51260 0.83119 -0.21531 e
51.69497 68.02160 -0.44952 0.46436 -0.76309 e
51.71561 71.67259 -0.76776 -0.11269 0.63075 e
52.03088 41.58158 0.27689 -0.94880 -0.15199 e
52.15607 34.19067 -0.67875 0.18042 -0.71186 e
52.27168 44.90991 -0.81850 0.55017 -0.16544 e
52.57919 77.51474 -0.33539 0.29997 -0.89304 e
52.81436 53.34576 0.47195 -0.34502 -0.81131 e
53.06032 27.24473 0.09664 -0.96032 -0.26162 e
53.18888 47.08515 0.02172 -0.99800 0.05938 e
53.20047 77.03324 0.52030 -0.13784 -0.84279 e
53.20884 35.03364 -0.25071 -0.81125 -0.52822 e
53.61520 67.25570 0.69250 -0.42061 -0.58612 e
54.21657 75.10447 -0.28161 -0.05993 -0.95765 e
54.58514 43.22833 -0.57299 0.36753 0.73253 e
54.67785 74.23632 -0.05588 -0.39429 -0.91729 e
54.73883 60.50248 -0.01546 0.62714 -0.77875 e
54.75107 62.71110 0.37746 0.89586 0.23443 e
54.92932 74.65952 -0.07271 -0.52887 -0.84558 e
55.17121 24.37548 -0.74939 -0.59673 -0.28693 e
55.18534 73.90370 0.77387 0.15512 -0.61405 e
55.39110 52.84399 -0.11816 0.21844 -0.96867 e
55.54609 24.16736 0.00045 -0.39760 -0.91756 e
55.55546 68.23821 -0.89870 0.38254 -0.21447 e
55.58679 66.44601 0.42848 -0.60987 -0.66668 e
56.08186 75.56675 0.84177 0.37989 0.38355 e
56.27891 57.68307 0.40724 -0.16575 -0.89816 e
56.39299 33.75819 0.65240 0.71606 -0.24825 e
56.39724 31.77483 0.71154 -0.06604 -0.69953 e
56.53761 42.56011 -0.93973 0.02215 -0.34121 e
56.64038 42.44008 -0.03609 -0.26441 -0.96373 e
56.74249 68.61929 0.75041 -0.35061 -0.56033 e
56.87321 79.21742 -0.70675 -0.15813 -0.68956 e
56.87388 25.15247 0.67050 -0.72256 -0.16833 e
57.54961 50.79428 0.00325 -0.14473 -0.98947 e
57.64136 76.49730 0.86548 -0.41258 -0.28412 e
57.71324 62.88675 0.98027 -0.03713 -0.19415 e
57.80685 14.39079 0.37555 0.75122 0.54280 e
57.98835 40.86582 0.25306 -0.95461 -0.15708 e
58.08000 53.32139 -0.71303 0.33400 -0.61647 e
58.16053 43.33389 0.36677 -0.45263 -0.81278 e
58.17264 70.54511 -0.47459 0.67743 -0.56200 e
58.22500 40.79976 -0.94103 0.18209 -0.28514 e
58.24436 33.24835 -0.79155 0.32391 -0.51820 e
58.33732 37.13308 -0.53559 0.30781 -0.78638 e
58.35471 75.22706 0.24571 -0.95548 -0.16336 e
58.41200 84.95160 0.73886 -0.33000 -0.58752 e
58.57450 45.26872 0.66016 -0.61313 0.43388 e
58.64280 53.10663 0.08865 0.02129 -0.99584 e
58.66089 48.97009 -0.85884 0.50646 0.07678 e
58.67344 60.19745 0.00428 -0.52818 -0.84912 e
58.72930 29.56933 -0.93100 0.12230 -0.34391 e
58.96224 74.08276 0.69866 -0.69176 0.18259 e
59.04433 51.03546 -0.97298 -0.22334 0.05853 e
59.35630 59.74855 0.16540 0.35322 -0.92080 e
59.53117 56.41619 0.61386 0.67866 -0.40323 e
59.79914 75.24746 0.18359 -0.84692 -0.49902 e
59.86485 81.65598 -0.66877 -0.10212 0.73642 e
60.02102 55.02935 0.05294 -0.84208 -0.53675 e
60.07881 71.06469 0.00100 0.34126 -0.93997 e
60.21825 60.48590 -0.48501 -0.51663 -0.70559 e
60.28730 35.48694 -0.76256 0.48990 0.42250 e
60.62201 38.63011 -0.46305 -0.31331 -0.82911 e
60.63624 53.01283 -0.65913 0.75174 0.02107 e
60.72159 35.46403 -0.78146 -0.59823 -0.17730 e
60.74559 29.90648 -0.88928 0.12501 -0.43995 e
60.80611 29.87793 0.15323 -0.87304 0.46295 e
61.08457 71.90761 0.37928 0.76734 -0.51704 e
61.20996 31.17198 -0.59416 -0.78329 0.18283 e
61.31147 63.15520 -0.47344 -0.65994 0.58338 e
61.48365 24.60133 -0.40181 -0.13063 0.90636 e
61.57154 29.60141 -0.33099 -0.92089 -0.20593 e
62.12421 67.68520 -0.45507 0.83944 0.29707 e
62.18888 22.01551 -0.39401 -0.91777 0.04945 e
62.27289 45.24238 0.29902 0.78456 0.54319 e
62.34560 13.08641 0.73167 -0.26167 0.62944 e
62.55292 43.70652 0.34389 0.57947 -0.73888 e
62.74861 43.62666 -0.09159 0.72414 -0.68354 e
62.83650 49.36349 0.61522 -0.37852 -0.69154 e
62.86248 80.63868 0.89419 -0.30483 -0.32788 e
62.87592 17.41407 0.93115 -0.02336 -0.36389 e
63.14878 52.49052 0.86504 -0.17060 0.47180 e
63.18421 44.82589 -0.03176 0.66328 0.74769 e
63.21443 46.03261 0.35372 -0.27406 -0.89430 e
63.64757 42.79834 0.49166 0.11886 -0.86264 e
63.97275 49.18159 -0.10026 0.66344 -0.74148 e
64.00168 70.80848 0.87121 -0.47797 -0.11192 e
64.06017 39.99195 0.28010 -0.95787 -0.06346 e
64.15236 75.43299 -0.46674 -0.40016 -0.78869 e
64.30482 25.75854 0.47974 -0.21342 -0.85106 e
64.53957 63.72115 0.02513 0.98900 -0.14575 e
64.57487 79.97728 -0.82292 0.56805 0.01129 e
64.66481 65.68491 -0.60947 0.18244 -0.77154 e
64.75806 56.80283 -0.68601 0.49755 -0.53088 e
64.89751 69.27976 -0.40177 -0.90087 0.16439 e
64.96851 60.26072 -0.77578 0.62299 -0.10028 e
65.25983 36.15243 -0.89672 0.09771 -0.43169 e
65.37842 83.57612 -0.04496 0.53914 0.84101 e
65.63901 48.95671 0.11139 0.27529 -0.95489 e
65.72122 76.27128 -0.92014 0.38321 -0.08056 e
65.84987 40.38511 -0.91094 -0.06534 -0.40734 e
65.99585 84.86342 -0.06160 0.43606 -0.89781 e
66.05956 55.13099 0.76470 -0.21656 -0.60691 e
66.07535 63.06521 -0.81913 0.57330 0.01882 e
66.52662 44.66237 0.84443 0.09167 -0.52777 e
66.60103 49.07179 0.80481 0.44808 -0.38924 e
66.65209 25.50663 0.27242 -0.46374 0.84305 e
66.76704 54.48516 -0.26840 -0.65136 0.70972 e
66.78780 50.83693 0.21428 -0.77427 0.59547 e
66.81247 46.12256 -0.65053 -0.35380 -0.67204 e
66.81773 57.75502 -0.35124 -0.76028 0.54645 e
66.92439 46.10494 0.42168 -0.81159 -0.40436 e
66.95413 40.66258 -0.05829 -0.16792 -0.98408 e
67.06276 45.97952 0.76762 0.44592 -0.46034 e
67.20705 59.83114 0.67905 0.68959 -0.25171 e
67.27539 38.62562 -0.49523 -0.62711 -0.60123 e
67.72713 77.36498 -0.05231 -0.06917 -0.99623 e
67.87040 47.30822 0.04671 -0.85031 -0.52421 e
68.41181 44.31315 0.17159 -0.57980 -0.79649 e
68.48167 41.29981 -0.73244 0.66112 -0.16262 e
68.62080 69.65798 -0.03516 0.60789 -0.79324 e
68.87130 43.40321 -0.48558 0.86232 -0.14357 e
68.93498 70.15843 0.26069 -0.70890 -0.65537 e
69.12018 27.87609 0.23547 0.37300 -0.89746 e
69.63913 74.89906 -0.86765 -0.39797 0.29799 e
69.72824 63.02276 -0.87423 0.02487 0.48488 e
69.83150 39.91381 0.52352 -0.85176 -0.02098 e
70.20151 80.25049 -0.62518 0.62149 0.47212 e
70.50092 72.08587 -0.14939 0.71665 0.68125 e
70.50980 80.29561 0.09960 -0.79566 -0.59749 e
70.92133 70.17544 0.33915 -0.88108 -0.32964 e
71.27768 82.82947 -0.06538 -0.14150 -0.98778 e
71.39536 46.60154 0.84707 -0.52969 0.04361 e
71.54703 59.79037 0.39199 0.24807 -0.88589 e
71.57483 46.99198 -0.01816 0.59513 -0.80343 e
71.90377 81.10193 0.15013 0.11847 -0.98154 e
71.92605 83.63283 0.48994 -0.87153 0.01991 e
72.22696 39.52634 -0.30968 0.62721 -0.71464 e
72.33642 39.71397 -0.80363 0.40031 -0.44039 e
72.35585 67.13935 0.89961 -0.23440 -0.36845 e
72.67555 16.20409 -0.57675 -0.81231 0.08669 e
72.74118 72.85637 0.40005 0.23760 -0.88516 e
72.82001 58.96717 -0.17039 -0.61307 -0.77143 e
73.00468 83.58221 -0.32831 -0.87277 -0.36122 e
73.10973 43.55472 -0.83336 0.48978 -0.25617 e
73.26039 23.05636 -0.32777 0.58510 -0.74177 e
73.48761 69.97658 0.58088 0.50939 -0.63490 e
73.69984 60.96825 -0.02895 -0.95628 0.29101 e
73.89800 50.09775 0.17606 0.92734 -0.33021 e
73.96574 63.04458 -0.54340 0.83092 0.11950 e
74.55165 56.04054 -0.35503 0.86637 -0.35123 e
74.62385 83.75653 0.03009 -0.99951 0.00814 e
74.69161 27.88308 0.14160 -0.18152 -0.97314 e
74.91563 30.30820 0.01662 -0.92542 -0.37858 e
75.03036 51.10432 -0.38451 -0.07075 -0.92040 e
75.22173 76.83297 -0.96354 -0.25645 -0.07631 e
75.54670 45.42836 0.81929 0.19540 -0.53906 e
75.63299 39.86766 0.04832 0.78905 -0.61242 e
75.99357 19.67857 0.71732 0.61268 -0.33179 e
76.01180 79.76630 -0.04018 -0.82166 -0.56856 e
76.26073 80.76267 -0.51140 0.74291 -0.43192 e
76.40289 71.59710 -0.08216 -0.95720 0.27753 e
76.47662 80.51143 -0.67970 0.51783 -0.51948 e
76.53887 72.06605 -0.47847 -0.84523 -0.23802 e
76.57930 59.57480 0.88225 -0.37582 0.28353 e
76.79861 61.32236 0.04251 -0.98812 -0.14768 e
77.07351 52.07417 0.08082 -0.75247 -0.65365 e
77.10797 72.28465 0.37443 -0.66475 -0.64645 e
77.11076 34.88516 0.36943 -0.53782 0.75781 e
77.27828 30.41834 0.82132 0.30274 -0.48351 e
77.38917 46.50803 0.51233 0.45304 0.72957 e
77.61147 67.65683 -0.43556 0.81502 0.38214 e
77.77790 25.70499 -0.89347 0.40365 -0.19695 e
77.83105 28.19665 0.10334 -0.00237 -0.99464 e
78.03705 51.17745 -0.67829 -0.59735 -0.42789 e
78.27421 66.64930 -0.34155 0.00867 -0.93982 e
78.70458 36.73684 0.60974 -0.45420 -0.64955 e
79.05038 40.37963 -0.17702 -0.93853 -0.29635 e
79.10931 66.27312 0.79893 -0.34582 0.49207 e
79.18801 54.60696 0.11517 -0.31904 -0.94072 e
79.30405 22.82290 -0.86452 0.49864 0.06301 e
79.82361 27.13507 -0.99950 0.02877 -0.01301 e
79.86507 53.00062 0.35901 0.33128 -0.87256 e
79.93354 51.91496 -0.16929 0.29928 -0.93903 e
80.25034 62.34225 0.33165 -0.03153 -0.94287 e
80.67485 62.65267 0.18324 -0.77549 0.60418 e
80.78521 47.61087 0.79794 0.30531 -0.51968 e
80.93604 60.05477 0.73683 0.06289 -0.67315 e
80.94113 30.25609 -0.08313 -0.03872 0.99579 e
81.01100 54.91097 0.44475 -0.17606 -0.87818 e
81.40081 60.98348 -0.42957 0.43109 0.79350 e
81.41034 24.70929 0.67415 -0.50149 -0.54225 e
81.55469 75.74185 -0.79113 -0.60773 0.06909 e
81.83966 35.21004 -0.87666 -0.46026 -0.14008 e
82.37862 55.78723 -0.50214 -0.21731 -0.83704 e
82.43346 49.11437 -0.90885 -0.15958 0.38538 e
83.36107 40.51816 -0.90870 0.16581 -0.38311 e
83.70612 35.02766 0.33034 0.93236 0.14689 e
84.07936 40.35482 -0.47404 0.39969 -0.78456 e
84.32848 62.09293 0.21463 -0.28564 -0.93399 e
84.60597 76.66965 0.25529 0.90306 -0.34542 e
84.72030 20.08424 0.54296 0.14999 0.82625 e
84.79358 32.43554 0.77774 0.62791 0.02904 e
84.88850 56.71894 -0.13112 -0.83235 0.53852 e
84.94527 46.57204 -0.39609 0.91281 -0.09944 e
85.75617 77.51555 -0.26435 -0.50645 -0.82075 e
85.76317 37.54512 -0.49102 -0.31280 -0.81306 e
85.97102 44.47037 0.32401 0.94578 0.02262 e
86.23526 45.84479 -0.20912 -0.93352 0.29121 e
86.99606 80.30125 -0.66940 -0.71926 0.18590 e
87.09900 38.83276 -0.24201 -0.36508 -0.89897 e
87.22801 32.30122 0.71494 -0.47212 -0.51571 e
88.20474 76.37230 -0.70823 -0.52141 -0.47596 e
88.34795 48.62989 0.66157 -0.46843 -0.58558 e
88.55920 84.33936 0.17945 0.53005 -0.82876 e
88.85792 65.90292 -0.40167 -0.83290 0.38070 e
89.15191 53.34947 -0.44146 -0.68614 0.57821 e
89.65572 50.86651 -0.78510 0.22040 0.57883 e
89.79812 37.53688 0.92213 0.33828 -0.18773 e
89.82075 74.55418 0.37633 0.70728 -0.59844 e
90.14143 35.03285 -0.63113 -0.49983 -0.59317 e
90.24841 62.15285 -0.32748 -0.29196 -0.89862 e
90.45181 48.02524 -0.75712 -0.65164 -0.04626 e
90.56415 44.12324 -0.86609 0.26451 0.42417 e
90.98572 23.24795 0.29639 0.04679 -0.95392 e
91.03586 46.86704 0.80544 -0.31837 0.49990 e
91.08648 66.43211 0.19287 -0.13978 -0.97122 e
91.31475 21.48654 0.99150 0.12090 0.04818 e
91.94940 58.27728 -0.01724 0.62839 -0.77771 e
93.65236 50.76044 0.04304 0.38099 -0.92358 e
93.76843 60.11884 0.10330 0.17673 -0.97882 e
93.77726 33.07196 -0.46238 -0.33949 -0.81912 e
93.98926 66.19515 -0.42916 0.84377 -0.32229 e
94.03330 54.63745 0.83645 0.53160 0.13324 e
94.24991 38.17977 -0.58396 -0.81015 -0.05142 e
94.36643 39.33389 -0.24850 0.94647 0.20601 e
94.62593 28.91403 0.15192 -0.21285 0.96520 e
94.85440 55.42599 0.44414 -0.89417 -0.05659 e
94.91993 75.77910 -0.51407 -0.61275 -0.60023 e
95.46410 34.32987 0.30378 0.86555 -0.39817 e
95.92413 70.76563 -0.45769 0.52532 -0.71733 e
96.17253 79.19421 0.02816 -0.35968 -0.93265 e
96.95447 38.34898 -0.31353 -0.89996 0.30292 e
97.67622 24.60228 0.15878 -0.34114 -0.92651 e
97.81873 62.26095 0.67875 0.50275 -0.53529 e
97.90588 33.95470 0.76216 0.40027 -0.50883 e
98.18640 72.35996 -0.73642 0.40234 -0.54388 e
98.38802 60.00846 0.08384 -0.98486 0.15175 e
98.44094 60.36978 0.31185 -0.90033 -0.30357 e
98.48025 78.19343 -0.69884 0.43903 -0.56468 e
98.52752 67.78234 -0.38811 -0.48781 -0.78193 e
98.60320 42.05141 -0.85975 -0.50980 0.03054 e
98.84863 74.19393 0.03249 -0.99694 -0.07109 e
98.96639 76.09226 -0.93234 -0.30735 -0.19047 e
99.21114 82.07841 -0.71394 0.18202 -0.67614 e
99.33173 33.66366 -0.80439 -0.44547 -0.39308 e
99.37428 45.58439 0.88616 0.43813 -0.15085 e
99.91592 75.18108 -0.53020 0.75229 -0.39108 e
99.96391 35.27496 0.09208 -0.76967 -0.63177 e
100.51644 54.53145 0.51469 0.71133 -0.47864 e
100.60903 78.02633 -0.87234 -0.41169 0.26370 e
100.71233 50.15470 0.18635 0.61131 -0.76914 e
100.82918 57.94920 0.37582 -0.69134 -0.61710 e
101.72734 61.27725 0.66138 0.29069 -0.69143 e
102.04309 49.63400 -0.38014 -0.07173 -0.92214 e
102.05658 20.67514 -0.52321 0.23418 -0.81940 e
102.11120 57.13677 -0.74738 -0.44320 -0.49497 e
103.08174 27.21683 0.13688 0.81973 -0.55615 e
104.37862 63.00930 0.80466 0.08762 0.58723 e
104.46146 57.56846 0.91039 0.04655 -0.41113 e
104.60609 32.62893 0.29330 0.70924 0.64106 e
105.01237 39.72893 0.62257 0.74423 -0.24194 e
105.20419 65.34851 -0.24205 -0.41747 -0.87586 e
105.28941 55.61434 -0.22992 0.70989 -0.66572 e
105.39092 56.83048 -0.32261 -0.94220 0.09048 e
105.41697 53.85630 -0.25405 -0.91695 0.30768 e
106.01857 22.09660 -0.53346 -0.84326 0.06587 e
106.32585 40.62569 -0.02001 0.79343 0.60834 e
106.42802 30.99996 -0.26339 -0.47692 -0.83855 e
106.57192 68.58976 -0.18652 -0.97450 -0.12476 e
107.05382 55.26397 0.90503 -0.32256 -0.27728 e
107.22430 26.01855 -0.33126 -0.91314 -0.23756 e
107.30242 60.88887 -0.11684 0.98548 -0.12317 e
107.49493 28.52180 -0.69551 -0.66307 -0.27678 e
107.75899 74.11308 0.89854 0.40420 0.17101 e
107.96163 53.66589 0.72126 0.18651 -0.66708 e
108.11076 28.56274 -0.08134 0.99403 0.07272 e
108.56861 84.05761 -0.82338 -0.51339 -0.24181 e
108.69888 53.83946 -0.61909 -0.35676 -0.69960 e
108.76116 39.75277 -0.52108 0.17063 -0.83628 e
108.76463 20.43724 0.32323 0.04898 -0.94505 e
108.78326 76.32043 0.02745 0.20472 -0.97844 e
109.87767 38.27149 0.52856 0.31182 -0.78956 e
109.99133 76.79117 0.12068 -0.64202 -0.75713 e
110.04515 46.29401 0.38856 -0.91213 0.13054 e
110.74054 60.37902 -0.24494 0.64473 -0.72410 e
110.77443 59.13568 0.34117 -0.14012 -0.92950 e
111.24968 38.69257 -0.78906 -0.14152 -0.59780 e
111.51751 25.75966 -0.89163 -0.40820 -0.19588 e
112.13289 65.91788 0.45327 0.87880 -0.14916 e
112.54390 52.50595 0.37583 0.32084 -0.86938 e
112.56054 20.92412 -0.85335 0.51704 -0.06674 e
112.65048 63.09192 0.39287 -0.86270 -0.31844 e
112.68594 18.07580 0.56495 -0.59820 0.56832 e
113.07992 49.80959 0.57134 0.16614 -0.80372 e
113.91657 45.15137 0.70737 -0.10114 -0.69957 e
114.09106 53.90110 0.83729 -0.31128 -0.44949 e
114.31437 69.69869 -0.86670 -0.03940 -0.49726 e
114.43967 39.79128 0.04563 -0.99235 -0.11471 e
114.90237 18.59228 -0.11168 0.64077 -0.75956 e
115.02180 28.77935 0.86912 0.43620 0.23317 e
115.14238 34.51281 -0.23577 -0.49683 -0.83521 e
115.24739 52.82992 0.87407 -0.35567 -0.33091 e
115.78372 84.75852 0.38518 0.73720 -0.55513 e
115.92232 12.25667 -0.57198 0.81148 0.11970 e
117.08265 55.17011 -0.33142 0.64641 0.68725 e
117.15821 51.39841 -0.61338 0.78539 -0.08316 e
118.78411 58.11392 0.87988 -0.40681 -0.24558 e
118.93053 32.44611 -0.75322 0.65777 0.00084 e
118.95110 78.00889 0.11964 0.96861 -0.21788 e
118.97515 76.76855 -0.35425 -0.87586 -0.32769 e
119.37038 55.91441 0.78338 0.11351 -0.61109 e
119.46694 54.59147 0.46206 -0.48582 0.74194 e
119.82873 36.35789 -0.36693 -0.01360 -0.93015 e
120.45848 79.98876 -0.56080 -0.76138 -0.32528 e
120.65023 22.45927 -0.30048 0.95257 -0.04831 e
121.17391 54.19649 -0.42167 -0.53362 0.73311 e
121.28522 71.83672 0.44316 -0.27806 -0.85223 e
121.49673 59.97816 0.15542 0.31275 -0.93703 e
121.80655 37.11838 -0.11676 -0.95610 0.26876 e
121.86650 61.65130 0.39281 -0.90330 0.17249 e
122.27595 42.26726 -0.06586 0.99336 0.09436 e
122.48460 68.82428 0.52747 -0.72164 -0.44834 e
122.57288 62.88063 -0.05250 0.98157 -0.18375 e
122.59432 35.26819 -0.57941 -0.70675 -0.40594 e
122.91040 19.55562 -0.12259 -0.70008 0.70346 e
122.97649 60.81377 -0.07902 -0.98500 0.15339 e
123.05499 30.92586 -0.62873 0.51399 0.58353 e
123.18161 33.85426 -0.87741 0.15889 0.45266 e
123.23013 53.24901 0.05471 -0.76702 0.63928 e
123.57287 41.96401 0.39232 -0.02068 -0.91959 e
123.65070 25.82796 0.26870 0.38378 -0.88347 e
123.96130 40.63055 0.37889 0.87674 0.29625 e
124.03695 83.92813 -0.30123 -0.09098 -0.94920 e
124.13986 42.68561 0.59760 -0.17075 0.78340 e
124.38206 60.08912 -0.00401 0.90760 0.41982 e
124.71076 79.42404 0.20376 -0.92137 0.33100 e
126.04686 52.77179 0.83383 0.40270 0.37756 e
127.16911 33.47015 -0.78734 0.23906 -0.56829 e
127.17097 68.28086 0.87530 0.36525 -0.31692 e
127.19788 24.67298 -0.30904 0.95061 0.02883 e
127.58691 50.89893 -0.99205 -0.01234 -0.12524 e
127.73137 33.53918 -0.35515 0.53388 -0.76736 e
127.94662 38.70137 -0.34979 -0.10338 -0.93111 e
128.19684 16.46966 -0.73878 0.56828 0.36229 e
128.64761 63.63523 0.77644 -0.45545 -0.43555 e
128.91393 82.34595 -0.05310 -0.31463 -0.94773 e
129.11607 11.96095 -0.32454 -0.33299 -0.88532 e
129.38238 47.40496 0.64478 0.76395 -0.02523 e
129.63707 59.17816 0.16562 0.49667 0.85199 e
129.65989 34.06742 -0.22360 0.97340 -0.05005 e
130.21851 52.61983 0.63135 0.76527 0.12552 e
130.28574 39.07198 0.41406 -0.85279 0.31828 e
130.59103 77.93990 0.29086 0.05469 -0.95520 e
130.75090 30.39719 0.09251 -0.87846 0.46878 e
131.35001 69.42381 -0.90029 -0.10711 -0.42190 e
131.37213 61.12388 0.41087 -0.71369 0.56730 e
131.99703 27.59621 -0.23837 0.67521 -0.69804 e
132.05011 41.88200 0.03730 0.69759 0.71553 e
132.82466 50.37528 0.82158 -0.44295 -0.35888 e
133.21927 70.72752 -0.71328 -0.56068 -0.42056 e
133.36412 52.29948 0.71839 -0.68671 -0.11108 e
133.46727 48.34933 -0.85000 0.52571 -0.03356 e
133.65550 35.66662 -0.73722 -0.46010 -0.49480 e
133.78834 49.36396 0.71315 0.69980 0.04127 e
133.83485 51.49251 -0.67290 -0.50620 -0.53940 e
134.48227 70.09428 0.53800 0.61243 0.57920 e
135.26537 51.72972 -0.09520 0.90319 -0.41856 e
135.32552 43.39433 -0.57009 -0.24506 0.78419 e
135.34454 55.08677 0.52596 0.04961 -0.84906 e
135.68877 28.10512 -0.00200 0.58623 -0.81014 e
136.32739 76.38263 -0.33067 0.83015 -0.44890 e
136.52560 52.30002 0.26900 0.95790 0.10030 e
136.84174 34.97420 -0.53895 0.63524 -0.55317 e
137.13866 54.35537 -0.25627 -0.11557 -0.95967 e
137.64371 63.87396 -0.65805 -0.65601 -0.36962 e
137.99164 51.76321 -0.57804 0.13103 -0.80542 e
138.20092 36.44544 -0.71599 -0.59113 -0.37138 e
138.23476 70.23449 0.63712 -0.71545 0.28673 e
138.35109 34.18562 -0.77319 -0.46292 -0.43345 e
138.46491 52.92336 0.17252 -0.98492 -0.01259 e
138.47113 74.46317 -0.39775 0.16513 -0.90251 e
138.60201 30.96414 -0.66962 0.48404 0.56330 e
139.19931 43.11570 0.30473 -0.41088 0.85925 e
139.21832 32.42968 0.30483 0.86793 0.39214 e
139.29009 67.82219 0.56408 -0.50560 -0.65282 e
139.29111 63.10976 0.62644 0.61349 0.48083 e
139.55554 46.20603 -0.29951 -0.92757 0.22342 e
140.29677 51.16869 0.56915 -0.65702 -0.49436 e
140.53703 37.32953 0.06404 -0.37201 -0.92602 e
140.72758 69.75162 0.81109 0.54969 0.19994 e
140.87632 51.95606 0.32608 0.70166 -0.63352 e
141.22848 35.08128 -0.93097 -0.06141 0.35989 e
141.29932 57.35081 -0.93757 -0.29982 0.17627 e
141.36839 59.61224 0.33205 0.76541 -0.55126 e
141.43390 25.00205 0.05514 -0.95067 0.30525 e
141.84262 20.43158 0.29865 0.28242 -0.91162 e
142.03996 43.69214 -0.35370 0.25826 -0.89900 e
142.25696 31.24593 0.65578 0.47104 -0.58998 e
142.63130 34.88002 0.04626 0.85070 0.52361 e
142.93560 60.81607 0.69842 -0.17681 0.69350 e
143.21936 64.26150 0.36597 -0.41323 -0.83385 e
143.56900 22.71312 -0.39757 -0.08824 -0.91332 e
144.09655 31.30428 -0.27268 -0.11045 -0.95574 e
144.31995 82.01858 -0.73295 -0.27198 0.62355 e
144.33896 69.99643 0.43537 -0.82616 -0.35766 e
145.16074 28.80199 -0.22485 0.15379 0.96218 e
145.21599 27.77637 -0.05848 -0.89530 -0.44160 e
145.44095 78.43827 -0.79405 -0.47127 -0.38393 e
145.50575 78.12420 0.98474 -0.07328 0.15785 e
145.74391 54.81279 -0.57981 0.80005 -0.15406 e
146.00488 54.34097 0.69672 0.06951 -0.71397 e
146.21180 41.31034 0.94002 0.13662 0.31256 e
146.50717 15.88647 0.92816 0.05393 0.36825 e
146.84776 44.52222 0.72259 -0.13510 0.67794 e
147.27132 52.36246 -0.46534 -0.00449 -0.88512 e
147.37447 41.28721 -0.41834 -0.84993 -0.32032 e
147.83587 68.78588 -0.92218 0.35989 0.14167 e
148.47634 72.75272 -0.28261 0.93680 -0.20624 e
148.61792 76.17978 0.92714 -0.12113 -0.35461 e
149.29036 66.31043 -0.91843 -0.07302 -0.38879 e
149.38206 63.66641 0.88727 -0.46109 0.01215 e
149.46825 82.03038 0.60880 0.43794 -0.66149 e
149.51081 35.68759 0.83093 0.41073 0.37531 e
149.58178 34.87777 0.05626 0.83447 -0.54817 e
150.05518 64.65118 -0.07873 -0.04637 -0.99582 e
150.28922 71.88565 -0.61189 -0.61815 0.49344 e
150.54998 18.92080 0.36116 0.93095 -0.05391 e
150.85364 59.88916 0.20995 0.97766 0.01050 e
150.87575 30.14097 -0.13014 -0.86349 -0.48729 e
150.89365 66.47638 -0.34968 -0.27101 -0.89682 e
151.98854 80.85490 0.71791 0.69558 -0.02768 e
152.13189 38.75321 0.36760 -0.90026 -0.23326 e
152.16352 44.18642 0.80802 0.54571 -0.22204 e
152.37033 81.44174 -0.87186 0.45456 0.18231 e
152.76637 50.10852 0.51937 -0.09999 -0.84868 e
152.84189 47.09294 0.33594 0.88516 -0.32194 e
153.21490 25.56409 -0.36403 -0.13784 -0.92113 e
153.41297 35.31593 -0.24950 -0.71983 -0.64776 e
154.62408 72.41170 0.37505 0.80011 -0.46814 e
154.71686 65.67427 -0.03101 0.83327 -0.55200 e
154.71726 69.31140 -0.50091 -0.54479 -0.67253 e
155.00956 65.60845 0.96807 0.24695 0.04317 e
155.69153 17.85842 -0.47001 0.07150 -0.87976 e
155.83570 40.11625 0.52164 -0.44829 -0.72590 e
156.57986 83.55450 0.44277 0.37648 -0.81377 e
156.58785 22.55719 0.92759 0.08936 0.36275 e
156.73690 40.37031 0.93025 -0.03907 -0.36484 e
156.78940 33.16274 -0.89088 -0.37675 -0.25375 e
156.82689 31.54189 -0.14917 0.49915 0.85358 e
156.96171 62.80363 -0.69213 0.39721 -0.60265 e
157.15304 55.70436 -0.62379 -0.75324 -0.20862 e
160.08456 42.61522 0.12337 -0.98891 -0.08266 e
160.41186 75.15114 0.15343 0.32632 -0.93272 e
160.54004 51.98042 0.59996 0.65114 0.46482 e
160.57783 23.55882 0.34026 -0.83646 -0.42961 e
160.73368 16.74268 -0.40676 -0.62360 0.66759 e
160.77140 55.82629 0.08383 0.96946 -0.23048 e
160.91118 47.37003 0.10731 0.85681 -0.50434 e
161.76524 66.17039 -0.68754 -0.16104 -0.70806 e
162.53679 44.88419 -0.76324 0.62067 0.17955 e
162.84399 35.98694 0.38190 -0.62760 -0.67843 e
162.96016 41.33959 0.09445 -0.99002 0.10458 e
163.85798 62.77020 0.64050 -0.08213 -0.76356 e
164.21516 74.06552 0.12929 0.34950 0.92797 e
164.66822 79.28910 -0.23504 0.60870 -0.75778 e
164.98104 30.95116 0.81861 0.39870 0.41341 e
165.37675 57.92360 0.39064 -0.82938 -0.39941 e
165.80903 34.38753 -0.83218 -0.47761 -0.28172 e
165.86553 56.78655 -0.45968 0.57920 -0.67322 e
166.08332 18.46163 -0.12331 -0.42019 0.89902 e
166.44105 68.72298 -0.11763 0.70354 -0.70085 e
166.63100 67.46756 0.07958 -0.41471 -0.90647 e
166.64037 59.34424 -0.68852 0.05210 -0.72335 e
166.66617 50.79609 -0.53839 -0.61863 -0.57222 e
166.67558 33.92006 0.66107 -0.05705 -0.74815 e
166.74060 18.78751 -0.70271 -0.70919 0.05698 e
166.87757 65.06519 0.85321 0.40171 -0.33265 e
167.39041 54.75760 0.37178 -0.77375 0.51292 e
167.94989 80.74016 0.11825 -0.56251 -0.81829 e
168.11796 74.86543 0.61799 0.71441 -0.32819 e
168.53602 40.93655 0.20164 -0.68227 -0.70274 e
168.67312 69.62680 0.86825 0.34243 -0.35902 e
169.07266 43.89317 0.94009 0.30322 0.15582 e
169.19361 27.30272 -0.01352 -0.13854 -0.99027 e
170.46667 14.63894 0.45443 0.83059 -0.32188 e
171.30369 72.48844 0.50940 0.54923 -0.66247 e
171.31831 79.03856 -0.89185 -0.43087 0.13765 e
171.39336 49.46375 0.16515 -0.30673 -0.93736 e
171.52920 15.43774 -0.88261 0.21274 0.41921 e
171.96426 22.47181 0.48475 0.86630 0.12059 e
172.18284 36.96321 -0.32555 -0.88072 -0.34401 e
172.24099 63.56012 -0.52282 -0.07695 -0.84897 e
172.97927 35.93284 0.95702 -0.17218 -0.23338 e
173.47903 41.61735 0.50508 0.81074 0.29596 e
173.92339 30.16995 0.96170 -0.19172 0.19588 e
174.15377 32.73127 -0.10703 -0.53512 -0.83797 e
174.17089 43.84673 0.24764 0.59435 -0.76513 e
174.38761 33.21601 0.55988 -0.74371 -0.36527 e
174.50168 19.04439 0.53626 0.77255 -0.33997 e
174.86508 65.94710 0.18601 0.97438 0.12641 e
175.26224 30.62523 0.85123 -0.52473 0.00818 e
176.35231 20.16447 -0.05236 -0.86629 0.49680 e
177.16998 82.45189 -0.33574 -0.42158 -0.84235 e
178.82468 39.07098 -0.56856 0.09958 -0.81659 e
178.86226 39.97742 0.73277 0.18672 -0.65436 e
179.26491 74.06256 -0.08555 -0.55972 -0.82425 e
179.36746 29.20645 0.50639 0.26348 -0.82106 e
179.39427 50.87903 -0.33940 0.41070 -0.84625 e
180.02320 25.23896 -0.47325 -0.43432 -0.76642 e
180.49673 29.18117 0.21974 0.52741 0.82070 e
181.01685 29.53024 0.97998 0.19907 -0.00368 e
181.48058 57.32317 0.83075 -0.15031 0.53596 e
181.75659 84.22785 -0.50854 -0.23230 -0.82911 e
181.77149 38.13093 -0.85352 -0.31423 -0.41564 e
182.36807 35.64566 -0.95359 0.21153 0.21430 e
182.62835 42.56550 0.55775 0.57498 0.59858 e
183.56024 30.54424 -0.35900 -0.87801 -0.31658 e
183.57083 58.50245 -0.89253 0.09159 -0.44160 e
183.60048 84.87984 -0.28826 -0.94208 0.17143 e
183.95204 31.16024 0.31384 0.06679 -0.94712 e
184.83865 71.12610 -0.08835 -0.63545 -0.76707 e
185.65791 41.68694 -0.54622 -0.26413 -0.79491 e
185.88910 31.97940 -0.93039 -0.07699 0.35840 e
186.59098 39.41104 -0.94516 -0.24668 -0.21405 e
187.51333 24.40460 -0.58175 0.81134 0.05741 e
187.53516 34.36395 0.42786 0.62003 -0.65765 e
187.61290 64.35994 -0.49697 0.64202 -0.58380 e
188.18506 41.95571 -0.29591 0.32097 -0.89967 e
188.86721 22.42562 -0.74770 0.60525 -0.27314 e
188.90164 21.42219 -0.14201 -0.75518 -0.63995 e
189.29867 28.81111 0.14069 -0.70005 0.70009 e
189.33204 69.26234 -0.10381 -0.75678 -0.64538 e
189.44303 61.10368 0.21529 0.57940 -0.78609 e
189.59409 82.20505 0.81327 -0.43590 -0.38547 e
190.13833 28.22287 -0.72443 0.42036 -0.54635 e
190.34736 75.73374 -0.85905 0.12002 -0.49762 e
190.42119 43.63137 0.43473 0.39012 -0.81167 e
190.70108 56.40221 -0.57214 -0.06340 -0.81770 e
191.59842 58.58834 -0.05924 0.99628 -0.06265 e
192.51332 29.52946 -0.69275 0.70878 -0.13317 e
193.60849 32.92168 -0.07620 0.23727 -0.96845 e
194.06625 73.43331 -0.43339 -0.48759 -0.75791 e
194.17609 56.16851 -0.19618 -0.62831 -0.75282 e
194.29400 54.86387 0.32559 0.88837 -0.32371 e
194.97180 55.48893 0.30371 -0.65841 -0.68866 e
195.82007 55.49420 0.98565 0.15673 0.06265 e
195.82653 11.43466 0.74264 0.33389 0.58052 e
196.45443 61.04551 -0.79325 0.57283 -0.20645 e
196.84233 23.43449 -0.62447 -0.77815 0.06731 e
198.27191 50.50226 -0.49965 -0.82857 -0.25262 e
198.42902 48.09976 0.37949 0.59371 -0.70957 e
198.62594 42.63267 -0.95443 0.28025 -0.10261 e
198.72067 42.28919 0.59404 -0.41054 0.69179 e
199.83464 76.59773 -0.47782 0.38785 0.78821 e
200.03409 65.62333 -0.37473 0.92319 -0.08542 e
200.14073 40.79100 -0.81701 0.57597 0.02756 e
201.24118 40.11412 0.85259 0.08919 -0.51492 e
202.52767 31.86910 -0.28041 -0.60436 -0.74574 e
203.84830 51.72099 0.42408 -0.74035 -0.52157 e
204.06693 53.49634 -0.82262 -0.04208 -0.56703 e
204.19260 60.21193 -0.15982 -0.37203 -0.91436 e
205.14306 79.06430 -0.87123 -0.24421 0.42583 e
205.18060 77.92920 0.05249 -0.87211 -0.48649 e
205.45203 83.85608 -0.31277 -0.52855 -0.78918 e
205.74069 81.32276 -0.04107 -0.57001 -0.82061 e
205.74541 32.48023 -0.29368 0.71110 0.63882 e
206.62096 40.77892 -0.66280 -0.19113 -0.72399 e
206.82822 32.67386 0.38437 -0.91445 -0.12667 e
207.52829 42.44950 0.40868 -0.91267 -0.00307 e
207.53065 47.74985 -0.30997 0.78473 -0.53676 e
207.77760 25.61802 -0.49472 -0.51740 -0.69825 e
207.81121 43.19191 0.13780 0.63457 -0.76048 e
208.18103 49.22131 -0.39386 0.17928 0.90152 e
208.78535 27.25572 0.27985 0.78019 -0.55945 e
209.15026 36.81820 -0.16488 -0.94143 -0.29414 e
209.17627 60.58072 0.84466 0.46385 -0.26719 e
209.62592 45.11821 0.11819 -0.99055 -0.06951 e
210.14379 28.90340 0.27790 -0.94269 -0.18467 e
210.89769 43.22155 0.52225 0.84085 -0.14220 e
211.60473 23.80348 0.71399 0.15484 -0.68282 e
212.00854 18.52439 -0.16150 0.94362 -0.28897 e
212.13411 26.32568 -0.15057 0.97085 -0.18652 e
212.18012 27.83758 0.25432 0.61565 -0.74585 e
212.61246 43.96811 0.92238 0.37913 -0.07404 e
213.17487 47.16856 -0.03243 0.76755 -0.64017 e
214.08171 61.10629 -0.26960 0.96148 -0.05356 e
214.27005 54.15095 0.98123 -0.16070 0.10658 e
214.47770 36.60212 -0.39935 -0.86049 -0.31636 e
214.72625 45.53866 -0.66008 -0.43466 -0.61267 e
215.33712 67.95863 -0.01271 -0.33698 -0.94142 e
215.52989 47.38481 -0.30754 0.93637 -0.16917 e
215.73080 39.21658 -0.15977 0.33022 -0.93029 e
215.82607 65.74186 -0.96161 0.21389 -0.17191 e
216.65735 16.50837 -0.81105 -0.55715 0.17829 e
217.44469 58.27199 -0.88774 -0.25912 -0.38050 e
217.63150 37.32839 0.56073 0.65661 0.50443 e
218.63025 27.26121 -0.08093 -0.21611 -0.97301 e
219.19151 68.51838 0.78530 0.60079 -0.14953 e
219.33844 19.39886 -0.06024 -0.78747 -0.61340 e
219.40967 76.57546 0.86079 0.45670 0.22466 e
219.92989 53.94441 0.65578 0.46849 -0.59201 e
221.16536 18.40512 0.95437 -0.06628 0.29117 e
221.44514 74.19751 0.68275 -0.39519 0.61455 e
222.44532 53.25614 0.55413 0.64901 -0.52127 e
223.86578 33.08293 -0.58738 0.27351 -0.76170 e
224.65491 49.33887 0.46256 -0.23912 -0.85373 e
225.13669 59.06328 -0.53240 0.82713 -0.18001 e
225.29008 28.97685 0.27700 0.19710 -0.94044 e
226.27319 29.13090 -0.15940 0.96123 -0.22500 e
226.37948 29.91420 0.05014 0.53481 -0.84348 e
226.40727 66.77087 -0.70120 0.29644 -0.64842 e
226.61255 70.13425 0.16868 -0.31213 -0.93494 e
227.04458 83.74784 -0.54323 -0.22028 -0.81017 e
227.89156 73.56217 -0.64914 0.73242 0.20537 e
228.12283 24.31515 -0.96612 0.24390 0.08445 e
228.53963 71.93220 0.10911 -0.78238 0.61316 e
229.18972 79.30143 0.32600 0.53706 -0.77800 e
229.25590 50.67761 0.28126 -0.95358 0.10763 e
229.33496 21.03802 -0.17276 0.78832 -0.59052 e
229.34956 52.41047 0.12885 0.53482 -0.83509 e
229.48297 35.66060 -0.65966 0.07701 -0.74761 e
229.89363 43.53441 -0.74254 -0.06511 0.66663 e
229.97188 72.51258 0.46214 0.88288 0.08336 e
230.84942 26.08568 -0.90541 -0.35021 -0.23999 e
231.31127 40.70636 -0.55052 0.71321 -0.43389 e
231.90930 78.47037 0.45175 0.88649 -0.10026 e
232.12225 16.81627 0.89020 -0.45276 0.05050 e
232.32650 32.18681 0.75649 -0.62410 0.19549 e
232.52100 40.46508 0.05572 0.40664 -0.91189 e
233.04751 42.45266 -0.21886 -0.88252 0.41624 e
233.38208 55.26429 -0.79578 -0.17130 -0.58086 e
234.83776 19.59264 0.86770 -0.17580 -0.46497 e
235.25265 62.50765 -0.27184 -0.32990 -0.90403 e
235.58093 56.42429 -0.33958 0.10761 -0.93440 e
236.04600 46.25675 -0.18967 0.97973 0.06441 e
236.44887 64.29297 0.95845 0.09348 -0.26949 e
237.27930 9.88210 0.83141 -0.43068 0.35109 e
238.27238 52.06719 0.78063 -0.31662 -0.53885 e
238.47812 44.66974 -0.86368 -0.45587 0.21504 e
238.77447 27.34703 0.47827 0.81574 0.32531 e
240.04982 31.66672 -0.65493 -0.51856 0.54969 e
240.14025 59.68626 -0.85368 0.19956 0.48106 e
240.50682 59.38235 -0.58263 0.51464 -0.62903 e
241.47444 37.06802 0.80178 0.42688 -0.41823 e
242.32707 31.00995 -0.63142 -0.66560 0.39786 e
242.46785 62.51424 0.74534 0.43876 -0.50196 e
243.33206 79.69031 0.34734 0.66233 -0.66384 e
243.81661 49.73041 -0.71061 -0.36768 -0.59987 e
244.62449 61.69525 -0.89556 0.43584 -0.08949 e
244.75602 42.71909 0.78947 -0.58921 0.17196 e
245.69437 20.43784 0.93242 0.01983 0.36083 e
245.84190 77.12545 0.73352 0.17418 -0.65697 e
246.70987 63.81141 -0.12758 -0.86705 0.48162 e
248.94509 45.96191 -0.87627 -0.16072 -0.45423 e
250.10404 46.99120 0.30039 -0.95230 -0.05380 e
251.24179 73.55802 -0.43483 -0.64247 -0.63099 e
252.62687 37.15356 -0.36634 0.92523 0.09875 e
253.19670 33.29583 0.28526 0.00101 -0.95845 e
253.26267 23.98180 0.87329 -0.22603 0.43161 e
253.49554 16.06846 -0.96832 -0.20923 -0.13632 e
255.13059 57.20081 -0.88275 0.19462 0.42765 e
255.49734 58.00342 0.58597 0.76432 -0.26916 e
255.64387 33.31916 0.67370 -0.04188 -0.73782 e
256.01939 65.68448 0.43464 0.27839 -0.85649 e
256.09353 62.48170 0.35530 0.54283 0.76099 e
256.49593 51.97893 -0.83616 0.37346 -0.40170 e
256.53293 49.57725 -0.16937 -0.98471 0.04086 e
257.41379 37.88026 0.14192 0.82057 -0.55364 e
257.68016 58.22530 -0.32938 -0.43484 -0.83811 e
258.22804 36.15351 0.17308 0.91443 -0.36587 e
259.60915 37.74033 0.15756 -0.59633 -0.78712 e
259.78490 84.74195 -0.48388 -0.52347 -0.70131 e
259.96715 57.04933 -0.81928 -0.24136 -0.52012 e
260.09383 35.65957 0.79160 0.11964 0.59922 e
260.11992 42.06585 0.37600 0.54024 -0.75284 e
260.42706 27.51015 0.36404 -0.89534 -0.25659 e
260.66261 16.72948 0.02633 0.34156 0.93949 e
260.91681 52.56952 0.05877 -0.99498 -0.08100 e
261.11325 72.55337 -0.32726 0.68226 -0.65377 e
262.22795 74.45660 -0.83496 0.07197 -0.54558 e
262.78459 57.41645 -0.46659 0.82859 -0.30941 e
262.79364 60.21482 -0.00437 0.94914 -0.31483 e
262.93905 57.72640 0.89521 -0.35004 -0.27580 e
263.07748 62.78014 0.73964 -0.62209 -0.25677 e
263.09438 67.51201 0.06631 0.95464 0.29030 e
263.88977 23.06517 0.28538 -0.25241 -0.92458 e
266.31502 48.45176 0.16145 0.98648 -0.02810 e
266.42338 27.98919 0.43559 0.19451 -0.87888 e
266.70687 80.89401 0.27780 0.09907 -0.95552 e
267.24433 66.48200 -0.13545 0.38490 -0.91296 e
268.91754 19.21064 0.68858 0.64142 -0.33829 e
269.81565 68.45408 0.21467 0.18393 -0.95921 e
269.99476 50.96603 0.47225 -0.01073 -0.88140 e
271.06162 58.83217 -0.73118 0.02570 -0.68170 e
271.47054 81.59686 0.86426 0.21844 -0.45315 e
272.49706 47.03128 -0.97837 0.16966 0.11838 e
272.92790 24.62416 0.68686 0.33421 -0.64539 e
275.02822 56.21786 -0.59211 0.03019 0.80529 e
275.36995 42.91224 -0.67123 0.73720 0.07737 e
276.12436 57.18395 -0.41754 -0.67535 -0.60792 e
276.34132 44.08268 -0.50263 0.70859 0.49524 e
278.42468 49.00684 -0.13770 0.72182 -0.67824 e
278.99647 24.91692 0.58741 -0.63265 -0.50468 e
279.16679 70.77861 -0.99760 0.03092 -0.06200 e
279.54428 74.82816 0.05218 0.96646 0.25145 e
280.66683 70.30658 -0.52546 -0.01467 -0.85069 e
282.10209 46.52666 -0.82342 -0.08759 -0.56063 e
282.13687 52.39412 -0.93012 -0.22056 -0.29364 e
282.30619 82.42756 0.53756 0.63106 0.55928 e
282.54157 77.24901 0.23930 -0.86294 -0.44504 e
282.73241 43.59559 -0.28218 0.86995 -0.40444 e
283.22687 82.19825 -0.28548 -0.70221 -0.65223 e
283.25346 27.22873 0.01088 0.38414 -0.92321 e
283.89020 57.76168 -0.96208 0.22706 -0.15118 e
284.08210 83.13473 -0.71984 -0.40909 -0.56078 e
286.02684 29.19123 0.50056 -0.66946 -0.54888 e
286.19036 26.79534 0.49842 -0.60741 -0.61857 e
287.09788 38.25065 -0.12270 0.80056 -0.58656 e
287.69364 84.08546 -0.94250 0.25877 -0.21150 e
288.00158 54.56085 0.85512 -0.51414 0.06661 e
288.51143 38.96275 0.71560 -0.61205 -0.33662 e
292.08204 38.54230 -0.90369 0.02338 0.42755 e
292.59325 76.01119 -0.42342 -0.83748 0.34546 e
293.28980 41.05869 0.28478 0.87288 -0.39621 e
293.67693 40.33017 -0.81160 -0.13773 -0.56775 e
293.88276 76.87442 0.77315 -0.59685 -0.21450 e
294.00232 38.57758 0.14473 -0.92915 -0.34021 e
294.26066 53.42306 -0.95382 0.09749 0.28410 e
294.55801 65.29208 -0.59795 -0.52408 -0.60647 e
294.60607 80.45173 0.65445 0.73155 0.19112 e
295.22772 59.14839 -0.39753 0.36136 -0.84344 e
295.91361 48.18640 -0.72124 0.07010 -0.68913 e
295.98813 36.53902 0.30748 0.88691 -0.34475 e
296.03547 40.76601 0.71468 0.65036 0.25742 e
296.73078 46.20700 0.00872 -0.91171 0.41075 e
296.75834 49.61512 -0.95773 0.07590 0.27746 e
297.36584 20.85993 -0.72193 0.57986 0.37760 e
297.52258 58.91229 -0.20302 0.86176 -0.46492 e
297.57684 82.72535 -0.41166 -0.70012 -0.58341 e
297.74978 37.22519 -0.06959 0.88973 -0.45115 e
297.93657 77.21472 -0.44587 -0.71113 0.54360 e
298.86989 38.42256 -0.75227 -0.13545 -0.64479 e
300.75802 69.42530 -0.50252 0.31918 -0.80349 e
302.19621 84.22432 0.26274 -0.31549 -0.91183 e
302.34916 62.30828 0.81008 -0.44685 -0.37961 e
303.23952 83.27424 0.68488 0.69348 -0.22367 e
303.31877 33.82173 0.72114 0.38927 0.57309 e
305.81466 26.88931 -0.91400 0.04159 0.40357 e
306.16029 61.81638 -0.47583 -0.75174 -0.45659 e
306.36739 49.76036 -0.11687 -0.93143 -0.34464 e
308.03867 78.88379 0.99277 0.11799 0.02202 e
308.08908 31.62136 -0.44074 -0.27976 -0.85293 e
308.10093 31.20187 0.34722 0.77359 -0.53009 e
308.47702 54.65493 -0.85765 0.50950 -0.06960 e
308.59276 62.77190 0.09471 0.90556 -0.41351 e
310.87302 47.25689 0.48081 0.80163 0.35527 e
310.95415 28.58107 -0.51382 -0.84953 0.11954 e
311.11641 71.73505 -0.46683 0.43502 -0.76996 e
311.57060 29.82984 0.42619 -0.05864 0.90273 e
312.30949 77.45471 0.72132 -0.02439 -0.69217 e
312.36039 25.14381 0.57111 -0.46691 -0.67515 e
312.38822 42.56908 0.73167 -0.67938 -0.05570 e
312.52700 48.86296 0.95964 -0.15276 -0.23613 e
312.88767 74.10402 0.95258 0.07382 0.29519 e
313.83968 52.54347 -0.01233 -0.99977 0.01741 e
315.17755 26.59429 -0.92220 -0.27027 -0.27660 e
315.21912 58.96303 -0.44846 0.84326 -0.29629 e
315.55874 53.87432 -0.14784 0.71929 0.67880 e
315.57461 57.92315 0.60873 -0.69845 -0.37631 e
316.29771 56.37714 0.77794 -0.62832 0.00522 e
316.96562 44.39232 0.79062 -0.08545 -0.60632 e
317.20414 51.05190 0.35932 0.81824 0.44874 e
317.22428 19.60540 0.68087 -0.73191 0.02692 e
317.98860 46.13910 0.39507 -0.54368 -0.74050 e
318.77907 16.21977 -0.95156 -0.16883 -0.25698 e
318.88615 44.05911 -0.75070 0.22687 -0.62047 e
320.03661 44.34433 -0.62833 0.18549 -0.75551 e
320.08086 28.14002 0.28713 -0.93487 -0.20876 e
320.32389 80.67017 -0.17090 -0.51055 0.84269 e
320.32731 34.64140 0.06495 -0.06351 0.99586 e
320.45611 33.58222 0.86412 0.47440 -0.16805 e
321.00144 47.53873 -0.85691 -0.45771 0.23708 e
321.07045 28.92571 -0.60572 -0.78114 -0.15140 e
321.61669 52.41077 0.06242 0.39055 -0.91846 e
322.77204 30.18941 -0.43012 0.75608 -0.49329 e
323.24040 67.61607 0.70091 -0.71097 0.05695 e
323.30424 46.09545 -0.84340 -0.36140 -0.39759 e
323.33747 82.62343 -0.45739 -0.69902 -0.54969 e
323.95322 64.94273 -0.47409 0.81369 -0.33638 e
325.13210 36.96737 0.69796 0.03533 0.71526 e
325.47389 65.34011 -0.40213 -0.91423 -0.04963 e
325.88969 63.21332 0.14787 -0.75096 -0.64358 e
326.22614 31.25170 -0.44206 -0.06779 -0.89442 e
326.64503 51.05026 0.42987 -0.66268 -0.61324 e
326.71789 53.36715 0.92831 -0.36884 0.04687 e
326.76894 61.67514 -0.69845 -0.71547 -0.01641 e
326.83775 47.55386 0.53684 -0.08107 -0.83978 e
327.81537 63.96865 -0.12625 0.74770 -0.65192 e
328.64197 25.93531 0.95941 -0.27098 -0.07809 e
329.06258 72.22710 -0.01587 0.89880 0.43807 e
329.44167 67.52212 -0.40459 0.40210 -0.82136 e
329.71959 78.97898 -0.43649 0.42194 -0.79464 e
329.99784 65.24314 -0.52867 0.00617 -0.84881 e
330.77936 82.81725 0.05345 0.88792 0.45688 e
332.19786 36.82969 0.16939 0.57124 0.80311 e
334.06300 30.47153 0.42280 0.30201 -0.85442 e
334.36894 52.58169 -0.31017 -0.62485 -0.71649 e
334.84227 77.39946 -0.82959 -0.55457 -0.06508 e
334.92649 82.97634 0.78557 0.14545 0.60143 e
335.41677 20.45536 0.37159 -0.53698 -0.75734 e
335.59979 54.44007 -0.00116 0.93320 -0.35937 e
335.86825 33.54210 -0.67516 0.72630 0.12903 e
335.89760 44.03930 0.39696 -0.87654 -0.27222 e
336.68881 47.45453 -0.10474 -0.47493 0.87377 e
336.76796 43.91817 0.91754 0.34815 0.19210 e
337.13505 64.41878 -0.01076 -0.46466 -0.88543 e
337.98775 30.53462 0.35974 0.92485 0.12348 e
338.67908 54.08528 0.96515 0.11030 0.23730 e
338.76668 61.13176 0.59508 0.52800 -0.60589 e
338.97863 30.50606 0.71850 0.51921 -0.46279 e
339.34081 81.41037 0.37994 0.75886 -0.52894 e
339.37041 23.60749 0.08287 0.74352 -0.66356 e
339.75089 29.26295 -0.67288 -0.73781 0.05362 e
340.29154 71.10853 -0.39281 -0.90192 -0.17955 e
340.55181 77.84182 -0.59425 -0.80111 0.07132 e
340.88384 26.15223 -0.01735 0.89999 0.43556 e
341.28465 22.82479 -0.41885 0.90068 -0.11548 e
342.21917 50.51712 0.55337 0.06232 -0.83060 e
342.97526 60.55525 -0.93647 0.16335 0.31037 e
343.19397 45.05755 0.65041 0.73286 -0.19971 e
343.32930 42.55685 -0.52845 0.15112 -0.83541 e
343.89396 35.53554 0.30036 0.95371 -0.01511 e
344.68360 60.38626 -0.24785 0.80363 -0.54106 e
345.38127 20.93838 -0.63466 -0.68433 0.35903 e
345.76469 33.52434 -0.18316 0.25467 0.94952 e
346.26379 72.98491 0.18532 -0.58816 -0.78722 e
346.27075 45.54038 0.87583 0.31426 -0.36629 e
346.57882 74.29090 0.19987 0.92740 -0.31619 e
346.79655 49.13562 -0.07896 0.63258 -0.77046 e
347.08301 38.52576 0.96386 0.26627 -0.00817 e
347.15372 39.74227 0.27860 0.95738 -0.07613 e
347.20535 56.30532 0.87764 0.09979 -0.46881 e
347.35150 29.22095 -0.29803 -0.58195 0.75665 e
347.36290 18.51016 -0.36230 -0.17884 0.91474 e
347.97515 76.42247 -0.84719 0.03974 -0.52981 e
348.16952 79.66533 0.17685 0.53887 -0.82361 e
348.33883 70.63457 -0.84424 0.37886 -0.37911 e
348.62071 50.63751 0.95355 0.01396 -0.30090 e
348.74933 37.82335 -0.60447 -0.47477 -0.63970 e
349.67980 53.04379 -0.89104 -0.43968 -0.11283 e
349.72558 20.78010 0.32550 0.53591 -0.77901 e
349.73318 25.77249 0.96541 0.04072 0.25754 e
350.68866 38.52447 -0.25060 0.57194 -0.78108 e
351.37920 81.66860 0.21230 0.21056 -0.95425 e
351.98998 50.89011 -0.06394 0.85257 0.51869 e
352.47963 49.44767 0.90891 0.34289 -0.23729 e
352.51075 48.90784 0.13479 -0.49165 -0.86030 e
352.71690 49.94791 0.33623 -0.05391 0.94024 e
353.29772 35.60574 -0.37018 0.81845 -0.43944 e
353.47331 62.04706 0.65135 0.26239 -0.71196 e
354.29754 30.41033 0.51967 -0.59591 -0.61223 e
354.37763 25.58156 0.99352 -0.11362 -0.00090 e
355.13921 19.22570 0.53796 -0.04957 -0.84151 e
355.19198 27.87280 0.04713 0.92186 -0.38465 e
355.78504 32.24251 0.21423 0.51166 -0.83205 e
357.41809 50.86203 0.74724 -0.55728 -0.36204 e
359.29870 49.79947 -0.82939 -0.29366 0.47526 e
359.73656 71.94151 -0.20949 0.94495 -0.25135 e
359.76110 78.14513 0.25908 0.75754 -0.59918 e
360.32892 30.33695 -0.81971 0.35670 -0.44815 e
360.78221 40.45282 -0.84275 -0.52701 -0.10966 e
363.55966 57.74998 0.65282 -0.15423 -0.74165 e
372.77738 17.76878 0.43546 -0.11841 0.89239 e
373.80436 32.16370 0.87287 -0.27084 -0.40588 e
374.94184 55.67068 0.43023 -0.68376 -0.58939 e
376.06486 32.33185 0.27812 0.86247 -0.42285 e
376.15686 67.60934 0.75255 -0.06144 -0.65566 e
377.04526 36.38651 -0.04800 0.67130 -0.73963 e
379.98591 28.53712 -0.47874 0.87794 -0.00615 e
381.24864 49.83984 -0.16528 0.97565 -0.14420 e
382.28243 33.81061 0.83708 -0.28634 -0.46617 e
382.45355 29.09393 0.64778 0.74865 0.14108 e
384.95034 46.73346 -0.61913 0.06324 -0.78274 e
387.41662 34.71550 -0.59131 0.60170 0.53695 e
387.62657 47.66668 0.90204 -0.42860 0.05126 e
389.61471 80.83471 -0.12678 0.77454 -0.61969 e
393.12113 39.41561 -0.45597 -0.53582 -0.71063 e
394.04897 52.60056 -0.90728 0.09852 -0.40883 e
403.64136 47.58092 0.01300 -0.52057 0.85372 e
406.06553 37.11031 0.27547 -0.92948 0.24531 e
407.15201 13.04800 0.61490 -0.09274 -0.78314 e
409.02429 76.19649 0.39041 -0.88361 0.25849 e
410.03445 44.90620 0.17725 0.21259 -0.96093 e
412.90605 26.39932 -0.06414 0.20422 -0.97682 e
421.33209 27.49212 0.52245 -0.85267 -0.00240 e
421.76356 81.95537 -0.19986 0.56800 -0.79839 e
426.94209 66.15205 -0.05501 -0.50628 -0.86061 e
452.03421 48.28889 -0.33319 -0.92860 0.16336 e
454.81918 25.21167 -0.37843 -0.55862 -0.73806 e
458.37319 27.25230 0.23874 0.45356 -0.85866 e
484.77300 19.99700 -0.17179 -0.78343 -0.59727 e
496.55784 27.24430 0.50969 0.15116 -0.84697 e
501.63928 25.47583 -0.05661 0.98243 -0.17783 e
544.56755 20.68998 0.22731 -0.79848 -0.55745 e
587.87819 16.59833 -0.03979 -0.68472 0.72772 e
593.84381 21.98705 -0.80134 0.59279 0.08031 e
620.07644 27.12758 0.43847 -0.40405 -0.80280 e
622.44734 22.73875 0.78676 0.59027 0.18052 e
627.67664 13.36634 0.14348 -0.27517 -0.95063 e
636.18816 23.72212 -0.67791 0.19512 -0.70877 e
638.37548 16.35553 -0.47375 -0.38143 -0.79377 e
657.33471 24.67500 -0.28732 0.29652 0.91078 e
705.68642 33.91867 0.99420 0.01094 -0.10703 e
720.37970 15.02025 0.12044 0.93281 -0.33965 e
726.33334 32.55385 0.60915 -0.75448 -0.24433 e
726.55864 26.61912 0.50778 0.75726 -0.41076 e
757.76889 35.61050 -0.90789 -0.41136 0.08076 e
801.67625 23.03932 0.80782 0.48489 -0.33512 e
824.60499 11.81158 -0.34574 0.90601 -0.24415 e
839.47351 21.78833 -0.55054 -0.29496 -0.78096 e
912.48019 23.22862 0.46591 -0.37654 -0.80071 e
953.75354 21.90451 0.09803 -0.59662 0.79652 e
954.91528 22.29372 -0.10252 -0.67996 -0.72604 e
968.52642 21.75927 0.09725 0.77588 -0.62333 e
1026.06323 21.23607 -0.54745 0.35407 -0.75824 e
1092.16110 20.21668 0.26974 -0.66761 0.69393 e
1123.70687 15.24092 0.72506 0.17096 -0.66713 e
1132.28892 28.61860 -0.01181 0.62927 0.77710 e
1280.51780 17.30997 0.46951 -0.86516 -0.17621 e
1683.26435 15.88212 0.43213 -0.53054 0.72924 e
1874.94066 77.93047 0.99432 -0.04701 0.09549 e
1952.31791 29.73827 -0.25281 -0.95204 0.17235 e
2236.02582 79.35631 0.04062 0.99896 -0.02060 e
2342.11086 77.75030 -0.82108 -0.52738 -0.21839 e
3618.06543 27.16434 0.74333 -0.22480 0.63002 e
3893.86267 50.43647 -0.82656 -0.43005 -0.36311 e
4207.52445 35.57677 -0.96072 -0.11898 -0.25073 e
4554.52902 27.68797 -0.17664 0.82463 -0.53738 e
4889.81417 38.73810 0.09261 0.92639 -0.36500 e
5141.75616 50.52096 0.26437 -0.93905 0.21977 e
5473.38169 76.78418 0.71341 0.26701 -0.64788 e
5949.67752 32.04811 -0.40862 0.02110 0.91246 e
6186.13501 28.27692 0.65502 -0.65723 -0.37282 e
10906.08912 22.30110 0.42178 0.86063 -0.28533 e
11272.38774 23.34774 0.88998 -0.11022 -0.44249 e
11551.99059 19.77650 0.66345 0.06673 -0.74524 e
12379.75561 30.76280 0.32251 0.80802 0.49305 e
13566.56509 18.54303 -0.88186 -0.47104 0.02098 e
16872.44046 17.87962 0.88072 0.19022 0.43377 e
