17.42757 52.38291 -0.67983 -0.35831 -0.63988 eb
18.17475 74.43758 0.44564 -0.38050 -0.81032 eb
19.23324 63.58190 0.44528 -0.26296 -0.85591 eb
19.55375 87.09575 -0.76170 -0.27161 -0.58826 eb
20.49427 17.72870 0.22563 -0.96989 0.09172 eb
21.20897 46.65615 0.81231 -0.38213 -0.44059 eb
21.40891 80.21415 0.46961 0.09868 -0.87734 eb
22.02364 54.12652 0.05332 0.67291 -0.73780 eb
22.82762 29.01349 0.19624 0.22349 0.95475 eb
23.69994 77.10258 0.96004 0.13013 -0.24775 eb
24.15178 58.50418 0.78181 -0.02106 0.62317 eb
26.42491 65.99560 -0.74078 -0.51722 0.42864 eb
26.49256 60.93702 -0.66077 -0.66048 -0.35657 eb
26.49379 15.72650 0.67485 -0.00490 -0.73794 eb
26.65743 73.16426 0.67818 0.60497 -0.41723 eb
26.92155 71.22980 0.36956 -0.58122 -0.72499 eb
27.81531 52.28735 0.36352 0.80650 0.46628 eb
28.83012 85.77576 -0.27074 -0.68903 -0.67226 eb
29.51113 35.68883 0.14807 -0.98236 -0.11425 eb
30.92583 83.17522 -0.69240 0.71882 -0.06222 eb
31.83666 65.87899 -0.50679 -0.41253 -0.75696 eb
32.21539 76.40620 -0.85235 0.31282 0.41909 eb
32.22454 73.89372 -0.61503 -0.08685 -0.78370 eb
32.39025 73.74266 -0.01235 -0.54378 -0.83914 eb
33.21297 45.46450 -0.47420 0.05531 -0.87868 eb
33.82228 46.42165 -0.65474 0.74418 -0.13232 eb
34.66047 32.59040 0.52858 -0.48106 0.69941 eb
35.25923 70.39354 -0.53153 0.37916 -0.75744 eb
35.68740 73.00257 0.50609 0.43842 -0.74274 eb
35.80184 81.65054 0.57711 0.66803 -0.46976 eb
36.23933 52.07546 0.38080 -0.23681 -0.89382 eb
36.28694 54.31652 0.65003 0.22917 -0.72453 eb
36.50199 45.63385 0.17292 0.20073 -0.96427 eb
37.41242 21.37986 0.46117 0.84103 -0.28282 eb
38.26197 78.57690 -0.80768 -0.03661 -0.58848 eb
38.35013 48.45249 -0.29935 -0.65114 -0.69743 eb
38.36616 46.22598 0.55827 0.03654 -0.82886 eb
38.95130 32.64170 -0.52246 -0.24001 -0.81819 eb
40.19558 40.57245 0.05473 -0.29690 -0.95334 eb
40.57127 47.73856 0.07156 0.78416 -0.61642 eb
40.80761 52.19154 -0.26643 -0.95609 -0.12207 eb
40.90040 37.94999 -0.92055 -0.38873 -0.03847 eb
41.01003 30.66756 0.70553 0.49238 0.50970 eb
41.42189 20.06199 0.46289 0.84104 -0.27999 eb
41.49927 75.52836 0.96006 0.05470 -0.27438 eb
41.58096 70.83185 -0.60335 0.52592 -0.59948 eb
43.87153 40.95709 0.71351 -0.43063 0.55269 eb
44.04785 75.59573 -0.00656 0.69369 0.72024 eb
44.13788 44.26084 0.87482 -0.08196 -0.47747 eb
44.20663 68.61942 0.83823 0.11401 -0.53327 eb
44.28854 69.80692 -0.31544 0.30103 -0.89993 eb
45.11217 16.28788 0.03561 0.37778 0.92521 eb
45.78292 59.31602 0.39742 -0.65371 -0.64400 eb
45.97020 75.92071 -0.23874 -0.43771 -0.86684 eb
46.00932 49.72387 -0.33791 0.45076 -0.82622 eb
46.27759 34.51879 0.98757 -0.11079 0.11152 eb
46.53178 66.53083 0.63941 0.21551 -0.73804 eb
46.63936 54.77231 -0.44192 0.60831 0.65929 eb
47.01747 18.17934 -0.99975 -0.00909 0.02067 eb
47.56788 31.39411 -0.25625 0.96647 0.01630 eb
47.69723 23.37233 -0.99909 -0.03604 0.02261 eb
48.43653 31.61027 -0.73938 0.48959 -0.46219 eb
48.52035 66.46363 -0.92759 0.27956 -0.24784 eb
49.96718 37.51993 0.51298 0.85839 -0.00295 eb
50.20818 37.53141 -0.28381 0.62191 -0.72985 eb
51.11291 31.52555 -0.60615 0.47496 -0.63796 eb
52.79067 78.87493 0.55672 -0.81518 -0.15979 eb
53.03766 44.88686 0.05665 -0.26638 -0.96220 eb
53.11189 65.37700 0.41461 -0.85208 -0.31947 eb
54.03101 54.37711 0.98864 -0.14782 0.02736 eb
55.36910 23.39837 0.53536 0.72218 -0.43801 eb
55.64940 72.53189 -0.27468 -0.14866 -0.94998 eb
55.89707 52.47761 0.05431 -0.26375 -0.96306 eb
56.24059 87.14633 -0.75607 -0.65102 -0.06728 eb
56.51513 77.74892 0.72540 -0.27546 -0.63081 eb
57.13383 65.55953 0.36278 -0.67045 -0.64721 eb
57.20297 57.72486 0.41051 0.86923 -0.27555 eb
57.26911 63.87386 0.82030 -0.54771 -0.16472 eb
58.26692 44.74075 0.82084 0.56790 -0.06094 eb
58.39233 68.02885 0.80425 0.35226 0.47864 eb
59.55370 37.25330 -0.23946 0.21986 -0.94569 eb
59.66581 22.26810 0.35037 -0.66201 0.66256 eb
60.12558 70.03557 0.72495 0.66976 -0.16084 eb
60.24510 56.12601 -0.39385 0.70900 0.58498 eb
60.45691 50.33833 0.06343 0.76254 -0.64383 eb
61.19330 30.81812 0.35027 -0.34851 0.86940 eb
61.55954 44.00079 0.78130 0.54957 0.29588 eb
61.67044 87.21801 0.77407 0.63005 0.06211 eb
62.44423 72.71558 -0.87479 -0.47159 -0.11113 eb
63.21738 26.04298 0.50537 -0.84082 -0.19399 eb
63.53512 49.22973 -0.17719 0.65442 -0.73508 eb
63.94132 80.45643 -0.57758 0.08930 -0.81143 eb
63.95961 34.82441 0.79003 0.46582 -0.39858 eb
64.58817 73.96343 -0.67656 0.72894 -0.10449 eb
64.83223 85.93159 0.01635 0.91942 -0.39293 eb
65.35389 30.47973 -0.53143 0.72419 0.43946 eb
65.47263 48.93700 0.31674 0.04195 0.94758 eb
65.68788 34.19746 -0.33183 0.79246 -0.51176 eb
65.85116 28.39108 -0.45657 -0.25726 0.85168 eb
66.33785 55.93578 0.65387 0.35064 -0.67045 eb
66.38003 40.50349 -0.05478 0.34347 -0.93757 eb
66.50691 47.67714 -0.14385 -0.89124 -0.43012 eb
66.85396 14.36559 0.62535 0.70926 -0.32539 eb
67.80242 25.62845 0.69545 -0.56707 0.44134 eb
68.73451 34.31812 0.48865 0.52976 -0.69324 eb
70.25595 33.92337 0.69555 0.63272 0.34041 eb
70.31302 18.27080 0.28637 0.50181 -0.81619 eb
71.13200 42.74653 0.02540 0.92715 -0.37382 eb
72.40791 54.99132 -0.72810 0.64407 -0.23462 eb
72.58279 78.26315 0.81390 0.38457 -0.43551 eb
72.75018 70.49366 -0.95753 0.01943 -0.28767 eb
73.82079 61.29763 -0.51458 0.29482 -0.80517 eb
74.24119 32.34792 -0.21382 0.97678 0.01389 eb
74.83420 24.56060 0.46109 -0.83925 0.28818 eb
76.12367 54.22933 -0.19948 -0.49696 -0.84453 eb
78.13797 75.04965 -0.87099 -0.48801 -0.05668 eb
78.62304 60.77987 -0.86981 -0.35603 -0.34157 eb
78.72453 64.76182 0.55934 -0.37921 -0.73712 eb
79.35093 20.99250 0.64562 0.70102 0.30290 eb
80.41498 45.33541 -0.94410 -0.29843 0.14002 eb
80.96064 73.96545 0.84591 0.07172 0.52848 eb
81.02757 62.55187 0.16562 -0.49687 -0.85187 eb
81.40719 37.16352 -0.79788 0.60030 0.05507 eb
82.31508 54.58022 0.81148 -0.29260 0.50585 eb
82.44409 27.83920 -0.08411 -0.60129 0.79460 eb
82.77924 37.52211 0.05769 0.91116 0.40799 eb
83.14928 19.22093 -0.97384 0.13787 -0.18061 eb
83.87965 50.25164 -0.14467 -0.85643 -0.49558 eb
84.29926 66.80588 -0.22024 0.58542 -0.78025 eb
84.39844 77.24266 -0.38447 -0.91413 -0.12865 eb
85.61638 54.27988 -0.40335 -0.88455 -0.23427 eb
86.73935 18.63250 0.39291 0.91692 -0.06983 eb
86.79722 41.96092 -0.51927 -0.64766 -0.55758 eb
87.20003 84.96442 -0.27061 -0.43309 -0.85977 eb
87.36157 66.73683 0.25461 0.95067 -0.17721 eb
88.71477 81.29267 -0.05478 -0.99475 0.08647 eb
89.56295 73.87904 0.61278 -0.71063 -0.34571 eb
89.59245 53.21281 0.43593 -0.89647 0.07943 eb
89.76165 65.67432 -0.18054 0.58137 -0.79336 eb
90.75904 28.47733 -0.85598 0.36531 0.36584 eb
90.87574 50.68821 0.78045 0.57774 -0.23899 eb
90.98818 62.29872 -0.05720 -0.25397 -0.96552 eb
91.16403 29.50476 -0.26904 -0.94468 -0.18764 eb
91.20637 63.56049 -0.46177 0.23230 -0.85604 eb
94.05036 27.91329 -0.94396 -0.08815 -0.31806 eb
94.32268 49.09616 -0.97930 0.17821 -0.09596 eb
94.88459 27.17346 -0.02694 -0.59429 0.80380 eb
95.44748 60.03218 0.39594 -0.81494 0.42321 eb
96.23340 15.15166 -0.14908 -0.97082 0.18784 eb
97.12682 24.53260 -0.83029 -0.28068 0.48150 eb
98.67051 53.66754 -0.35958 -0.87175 0.33279 eb
99.13929 38.29196 -0.08782 -0.18255 0.97927 eb
99.14544 84.06384 -0.69285 0.44870 0.56446 eb
99.33305 38.77608 -0.08605 0.99472 -0.05596 eb
99.43169 63.44966 -0.63231 -0.69311 0.34610 eb
102.46811 43.83987 -0.41251 0.41020 0.81337 eb
102.85380 45.47979 0.35116 0.60721 -0.71273 eb
103.27391 74.76543 0.42348 -0.24763 -0.87140 eb
103.95989 24.76857 -0.09887 -0.81603 -0.56949 eb
104.36148 36.07986 -0.39555 0.91293 -0.10054 eb
104.36825 49.71196 -0.81805 -0.13253 -0.55967 eb
105.66581 41.95457 -0.98192 -0.18822 -0.02003 eb
106.84362 47.61122 -0.58833 0.40802 0.69813 eb
106.95818 57.76076 0.66629 -0.71024 -0.22720 eb
108.35379 37.34536 -0.17322 -0.27869 -0.94463 eb
109.07644 22.40919 -0.74904 0.64262 0.16115 eb
111.14122 38.11622 0.50657 -0.85805 -0.08446 eb
111.67722 68.42363 -0.79602 0.33783 -0.50222 eb
112.17742 49.98440 -0.28085 0.94792 0.15025 eb
112.55472 50.08378 -0.68001 -0.68196 0.26929 eb
112.82241 43.40156 -0.00724 0.26446 -0.96437 eb
112.85150 25.93800 -0.35075 0.79684 -0.49196 eb
115.34991 65.32196 0.69283 -0.01761 -0.72089 eb
115.41170 25.42773 0.71658 -0.34444 -0.60653 eb
116.16781 41.01114 -0.46608 -0.88474 0.00081 eb
116.43384 21.07902 0.62048 0.78333 0.03735 eb
118.07991 45.00101 0.74184 -0.64370 0.18794 eb
119.27559 41.54346 -0.18419 0.63979 0.74616 eb
119.37391 38.82339 -0.64051 -0.74802 -0.17382 eb
120.18073 69.26364 0.00015 -0.57645 0.81714 eb
120.61141 22.78214 0.67388 0.56980 -0.47034 eb
123.00607 18.15600 0.26403 0.93187 0.24880 eb
123.04308 31.06878 -0.86830 0.06752 -0.49143 eb
123.78153 59.15263 -0.16007 0.97074 -0.17900 eb
124.32072 35.85077 -0.85789 -0.49708 0.13010 eb
125.63273 30.34249 -0.53601 0.42821 -0.72755 eb
125.64687 49.47546 -0.02819 0.77045 -0.63687 eb
125.79085 38.27127 0.99612 0.08253 0.03058 eb
126.05278 36.77156 -0.66784 -0.61740 0.41569 eb
126.29658 43.28196 0.81007 -0.57089 -0.13369 eb
127.20349 23.36953 0.43690 -0.41612 -0.79747 eb
127.44498 14.47954 0.09987 -0.89548 -0.43375 eb
127.49547 50.62221 0.61976 0.77198 -0.14121 eb
129.71714 23.76348 -0.91601 0.39891 0.04230 eb
129.89261 45.19598 -0.00946 0.16102 -0.98691 eb
129.90441 39.75909 0.63130 0.38131 -0.67532 eb
129.98306 46.13338 -0.45336 0.01496 -0.89120 eb
131.23624 53.43017 -0.22688 0.28017 -0.93275 eb
133.36780 65.89886 -0.49803 0.46577 -0.73145 eb
133.56141 35.31449 0.11943 0.44531 -0.88738 eb
134.11330 24.99396 0.95320 0.04421 -0.29908 eb
134.75829 80.81470 0.03882 -0.79393 -0.60677 eb
134.90571 21.30950 -0.22649 0.78851 0.57180 eb
135.37440 68.73474 0.60105 0.08878 -0.79426 eb
136.52464 44.23415 -0.16109 0.25863 -0.95245 eb
136.74342 65.24453 -0.61656 -0.00875 -0.78726 eb
137.46662 20.40388 -0.86873 -0.46975 -0.15699 eb
137.89061 16.37801 -0.81971 -0.21073 -0.53261 eb
138.40874 27.76311 0.77253 0.40318 -0.49055 eb
138.88444 33.79071 -0.46512 0.80116 0.37656 eb
141.61492 33.68922 0.03265 0.59139 -0.80573 eb
142.72961 11.04341 0.44120 -0.25081 -0.86165 eb
143.01289 54.81454 0.18025 -0.07751 -0.98056 eb
143.13437 29.55268 -0.22136 0.16874 -0.96048 eb
143.28400 36.42924 -0.43441 0.89303 -0.11743 eb
143.36875 84.54793 -0.03601 -0.29476 -0.95489 eb
144.42789 60.06575 -0.13657 0.04669 -0.98953 eb
144.71679 35.66978 -0.74580 0.40968 -0.52530 eb
145.47644 58.25838 -0.58071 0.31407 -0.75109 eb
145.91983 27.22154 0.63411 0.44122 0.63500 eb
146.91765 37.85300 -0.00385 0.90672 -0.42172 eb
147.11270 35.27496 -0.25687 -0.76163 -0.59493 eb
147.26766 22.51251 0.18669 0.96478 -0.18533 eb
147.52163 21.38696 0.16089 -0.66768 -0.72685 eb
147.55372 68.58459 -0.27528 0.86889 -0.41140 eb
148.56154 24.74363 0.81990 -0.55134 -0.15426 eb
148.67972 51.47701 0.65962 -0.45575 -0.59766 eb
149.54136 22.69430 0.40937 -0.83485 -0.36804 eb
150.05430 53.50208 0.42264 0.30157 -0.85465 eb
150.28928 88.15627 0.20987 0.94947 -0.23335 eb
150.64976 28.78809 0.33407 0.80425 -0.49151 eb
151.38979 29.08394 0.46013 0.28509 -0.84083 eb
152.55719 22.53795 0.48871 -0.07005 -0.86963 eb
152.56879 18.05060 0.24512 0.96156 -0.12375 eb
152.87308 41.26245 0.39224 -0.90051 -0.18769 eb
153.04456 50.62189 -0.37531 -0.89378 0.24556 eb
153.17400 30.28936 -0.77348 -0.54832 0.31794 eb
153.50068 20.99428 0.83391 -0.54513 0.08617 eb
153.61730 47.74268 0.32697 -0.25502 0.90997 eb
153.80728 41.79227 -0.28362 -0.94899 0.13774 eb
154.21915 34.73995 -0.79836 -0.48180 0.36123 eb
154.71555 38.39507 0.56693 -0.01467 -0.82364 eb
154.72397 34.29131 -0.38469 0.25929 -0.88588 eb
155.19873 81.80047 0.91007 0.19238 -0.36709 eb
155.48718 40.09441 -0.28010 0.78297 -0.55543 eb
155.60558 17.41990 0.89249 -0.45025 0.02702 eb
155.80092 85.15475 0.59747 0.14437 -0.78879 eb
156.00394 26.20328 0.05887 -0.09180 -0.99404 eb
156.00427 54.24620 -0.78950 -0.00640 -0.61372 eb
156.25454 44.76945 -0.49670 -0.41703 -0.76117 eb
156.32873 61.62123 0.50735 -0.36577 -0.78026 eb
156.40216 31.09575 -0.45661 0.21000 0.86453 eb
156.52131 34.58948 -0.56965 -0.80708 -0.15529 eb
156.77169 82.70088 -0.72107 0.52870 -0.44781 eb
158.14327 37.43204 -0.39842 -0.91237 0.09400 eb
160.11360 49.72781 0.42635 -0.27634 -0.86132 eb
160.36119 56.97311 -0.80771 0.17087 -0.56427 eb
160.98710 28.91821 -0.21399 0.86651 -0.45096 eb
161.50720 40.89707 -0.81811 -0.16759 -0.55010 eb
161.93930 41.52517 0.16012 0.64873 -0.74398 eb
161.93978 75.84923 -0.93085 -0.33310 -0.15023 eb
162.33432 45.05797 -0.00493 -0.74385 0.66833 eb
162.54565 13.06254 0.03185 0.91705 0.39749 eb
162.70602 36.88925 0.11448 -0.93198 -0.34395 eb
162.71355 26.17332 -0.03917 0.85257 0.52115 eb
163.05485 47.11146 0.42770 0.87667 -0.22029 eb
163.14301 12.09065 0.14467 -0.64206 -0.75288 eb
163.30773 23.63639 -0.66727 0.06416 -0.74205 eb
163.47905 80.46761 -0.18966 0.12468 -0.97390 eb
164.16063 27.90728 -0.11862 0.88818 -0.44392 eb
164.31118 20.89366 0.14613 0.79189 -0.59292 eb
164.72593 38.76618 0.22467 -0.53908 -0.81174 eb
165.07222 62.02449 0.43159 0.76152 -0.48354 eb
166.37069 59.34171 0.93633 0.28096 0.21059 eb
167.79470 67.74088 0.89042 -0.43383 0.13765 eb
168.01471 77.60447 0.54290 -0.69012 -0.47852 eb
168.02359 28.90557 0.66609 -0.54906 -0.50482 eb
168.18549 18.35631 -0.11079 0.78552 -0.60884 eb
169.74540 54.17207 -0.58269 -0.08858 -0.80785 eb
170.90092 56.04331 -0.65385 -0.33172 -0.68003 eb
171.05018 41.30175 -0.25310 0.84997 0.46205 eb
171.22104 53.54796 0.31982 0.67784 -0.66200 eb
171.45658 62.75961 0.69535 -0.51794 -0.49822 eb
171.79357 67.51361 -0.16670 0.32891 -0.92953 eb
171.85656 61.33565 -0.22469 -0.97340 -0.04484 eb
173.06870 49.37487 0.14231 0.13514 -0.98055 eb
173.73455 83.50640 -0.41181 0.47668 -0.77666 eb
174.66288 9.43665 -0.57071 0.79344 -0.21154 eb
175.26917 40.11400 0.10008 0.30909 -0.94575 eb
175.52126 18.29927 -0.83305 -0.43201 -0.34554 eb
177.36665 42.84405 0.91413 -0.26548 -0.30640 eb
179.94422 33.70117 0.03893 0.32629 0.94447 eb
180.36461 35.21120 0.41076 0.04296 -0.91073 eb
180.46618 43.35582 0.66942 -0.74202 -0.03570 eb
180.72520 61.90979 -0.67097 0.73324 0.11027 eb
180.92669 17.28732 0.80856 0.54202 -0.22902 eb
181.29792 13.67881 -0.46161 -0.32898 0.82382 eb
181.61797 60.48565 -0.16379 -0.35038 -0.92218 eb
181.77576 57.81045 -0.30529 -0.85867 -0.41169 eb
182.59463 54.02237 0.05466 0.30005 0.95236 eb
183.50562 23.88983 -0.40638 0.32148 -0.85528 eb
185.80074 35.89793 -0.72786 0.68495 0.03262 eb
186.22742 39.06554 0.33645 -0.29033 -0.89583 eb
186.65268 50.85866 -0.19954 0.09205 -0.97556 eb
186.94016 37.47381 0.60850 -0.48675 -0.62674 eb
187.09075 56.14450 0.56740 0.30812 -0.76362 eb
188.39787 21.78346 0.38373 -0.72244 0.57517 eb
188.42529 26.83444 0.09576 0.13579 0.98610 eb
188.54943 42.39217 -0.93966 -0.34046 0.03350 eb
188.57893 51.81122 0.09380 -0.87946 -0.46665 eb
189.02912 18.07685 -0.15050 -0.96700 -0.20558 eb
190.67137 28.03819 0.80329 -0.28255 0.52430 eb
190.69052 54.08320 0.44114 0.84921 -0.29022 eb
191.07397 18.80989 0.89760 -0.43853 0.04473 eb
191.69370 28.78632 0.15591 -0.25865 -0.95330 eb
192.53440 39.40172 0.19206 0.94244 -0.27372 eb
193.35020 44.39043 0.21398 0.55443 -0.80425 eb
194.25597 23.96321 -0.27260 -0.09190 -0.95773 eb
194.90569 19.45565 -0.19434 -0.48186 0.85443 eb
195.69992 43.45336 -0.22271 -0.97061 0.09118 eb
196.63767 27.83772 -0.96802 0.21394 -0.13100 eb
196.66353 40.36234 -0.56721 0.75036 0.33946 eb
197.67078 41.20274 0.34178 0.72155 -0.60213 eb
197.86284 40.81893 -0.32688 -0.15446 -0.93236 eb
198.47016 56.09287 0.49211 -0.10556 -0.86411 eb
200.36065 21.00979 0.53765 0.06550 0.84062 eb
200.81315 36.69139 0.14912 -0.48246 -0.86313 eb
201.54940 59.64330 0.35358 0.90067 0.25253 eb
202.26041 32.58168 0.49242 0.86688 0.07774 eb
203.14469 59.27599 0.33607 0.21124 -0.91784 eb
203.53396 17.67789 -0.75469 -0.35672 -0.55063 eb
203.99161 23.50177 0.23513 -0.91376 -0.33130 eb
205.03246 18.92356 -0.29030 -0.56110 -0.77517 eb
206.12433 21.32655 0.59136 0.50598 -0.62792 eb
206.18260 20.32042 -0.29420 -0.18168 -0.93832 eb
207.22061 42.41869 -0.20707 0.92819 -0.30917 eb
208.84982 42.10690 0.94294 -0.09820 -0.31816 eb
209.10566 62.86242 -0.47900 0.18333 -0.85846 eb
209.32379 53.59005 -0.66876 -0.28402 -0.68709 eb
211.93365 28.18638 -0.54384 0.16982 -0.82183 eb
211.98549 55.84967 -0.79953 0.52557 0.29072 eb
212.68789 50.80624 0.21865 -0.81423 -0.53780 eb
212.83213 36.42185 0.80007 -0.18820 -0.56963 eb
213.49681 31.87284 0.83234 -0.25801 -0.49056 eb
213.53232 11.79584 -0.16845 0.96057 -0.22122 eb
213.93173 36.17399 -0.00206 0.30254 -0.95313 eb
215.06802 25.31877 0.26071 0.68168 -0.68363 eb
215.14273 29.55759 0.07371 -0.44411 0.89294 eb
215.83670 85.56487 -0.57979 0.64783 0.49412 eb
216.56066 10.63058 0.09628 0.99182 -0.08382 eb
216.89725 44.26152 -0.20379 -0.23767 -0.94973 eb
216.97088 21.56158 -0.52723 -0.72344 -0.44571 eb
217.66233 26.27969 -0.99645 0.02353 -0.08087 eb
217.78734 16.26994 0.10875 -0.64615 -0.75542 eb
219.37049 54.19384 0.61057 -0.79102 -0.03876 eb
220.24175 49.78559 0.25167 -0.32073 -0.91312 eb
220.33993 21.06223 -0.91021 -0.06588 -0.40888 eb
220.95412 22.72262 0.17910 0.75238 0.63391 eb
221.28117 34.62603 -0.51921 0.42029 -0.74416 eb
221.81901 69.60077 0.67933 -0.68354 -0.26701 eb
222.32186 50.96015 0.46372 -0.87647 0.12946 eb
222.53649 36.61707 -0.24900 0.45296 -0.85606 eb
222.68150 20.03742 0.80747 0.47937 0.34379 eb
223.18885 55.55000 0.15488 -0.86339 -0.48018 eb
223.74302 34.86380 -0.55517 -0.82879 -0.06989 eb
224.77832 18.77730 0.92523 -0.03723 -0.37758 eb
225.10596 25.24741 -0.71692 -0.29662 -0.63090 eb
225.49181 29.17735 0.24622 0.15136 -0.95732 eb
225.78472 47.29192 0.85659 -0.46049 0.23280 eb
226.03826 20.55036 -0.57352 -0.62659 0.52770 eb
226.61819 27.83391 0.16703 0.78190 -0.60060 eb
227.37545 25.37267 0.21941 -0.17396 -0.96000 eb
227.76011 50.04548 0.91885 -0.37960 -0.10780 eb
228.70230 31.19987 -0.24582 0.78490 -0.56878 eb
230.68166 33.11678 0.46590 -0.39090 -0.79381 eb
231.88755 57.36771 -0.67260 -0.72765 0.13467 eb
232.54694 38.01603 -0.69614 0.52975 0.48451 eb
232.65494 35.91705 0.37142 -0.02526 -0.92812 eb
233.98393 51.74539 0.98545 -0.13245 -0.10647 eb
234.80750 29.24468 0.43955 0.24939 0.86290 eb
234.96798 27.08283 -0.33181 -0.21712 -0.91802 eb
235.30356 63.75845 -0.22484 0.07480 -0.97152 eb
235.43746 21.17699 0.90469 -0.36130 0.22582 eb
235.63855 35.90371 -0.12857 -0.48278 0.86625 eb
235.98816 65.56632 0.36814 0.21731 -0.90402 eb
236.77850 16.10618 -0.83684 0.37211 -0.40154 eb
237.00807 81.24673 -0.93790 -0.02230 -0.34618 eb
238.98239 36.81325 0.64906 -0.69201 -0.31597 eb
239.47612 74.61282 -0.26365 -0.78112 -0.56599 eb
241.09886 47.06168 0.34178 0.60624 0.71810 eb
242.07789 46.32825 0.07400 0.79261 -0.60522 eb
242.13470 28.98861 0.89342 0.09360 -0.43935 eb
242.56529 53.27928 0.77118 0.63616 0.02425 eb
243.08028 29.84749 -0.71371 0.64966 -0.26185 eb
245.42807 84.07357 -0.97765 0.20974 -0.01425 eb
246.80975 54.18294 -0.84201 0.39025 -0.37246 eb
247.97110 35.11340 0.08590 0.03004 -0.99585 eb
248.11498 37.49406 0.26290 -0.63654 0.72505 eb
249.35345 24.38829 0.34474 0.68344 0.64348 eb
252.24589 13.14183 -0.05103 0.14780 -0.98770 eb
252.28804 62.73944 -0.17765 -0.96198 -0.20743 eb
253.50608 26.93631 0.55007 0.69404 -0.46447 eb
253.89845 76.22069 0.91848 -0.27564 -0.28359 eb
253.92205 62.29508 -0.07000 -0.64486 -0.76109 eb
254.17010 85.76683 0.81452 0.02198 -0.57971 eb
255.07723 31.78921 -0.25594 -0.23074 0.93875 eb
256.03804 37.65746 -0.82294 0.34100 0.45441 eb
256.36089 13.57125 -0.60270 0.38228 0.70044 eb
257.77634 13.48793 0.75462 0.21097 -0.62132 eb
259.36202 29.42484 0.58020 0.16780 -0.79700 eb
260.45222 50.49122 0.55249 0.63320 -0.54204 eb
260.72414 81.15629 0.44335 0.47194 -0.76205 eb
261.11424 58.27180 -0.59541 0.58082 -0.55509 eb
261.17807 30.96114 -0.12282 0.92612 -0.35668 eb
261.40931 70.91885 -0.59150 -0.45626 -0.66479 eb
261.52434 17.66239 -0.92852 0.01482 -0.37098 eb
261.56715 30.45035 0.89572 0.41282 0.16512 eb
262.03703 14.54525 -0.87246 -0.47281 -0.12357 eb
262.87208 21.21594 0.38348 -0.86105 -0.33396 eb
263.15013 76.52923 -0.29675 0.69534 -0.65456 eb
263.59805 19.32412 -0.68579 -0.72050 0.10278 eb
263.61083 80.75189 0.46234 0.80501 0.37175 eb
264.00448 31.69213 0.08798 -0.30271 -0.94901 eb
264.04225 86.49731 -0.97380 -0.15720 0.16432 eb
264.52776 62.12511 0.33419 0.93732 -0.09874 eb
264.77725 50.06723 -0.11080 -0.97615 0.18668 eb
265.65157 31.77157 0.15701 -0.34634 -0.92488 eb
265.68889 31.23220 -0.85168 -0.14878 0.50251 eb
267.55622 38.23453 0.61415 -0.73767 -0.28049 eb
267.81878 32.65702 -0.12864 -0.54748 0.82687 eb
268.82027 33.18819 0.89313 -0.39855 -0.20851 eb
269.24774 47.78648 -0.00318 0.81557 -0.57864 eb
270.07714 29.14440 -0.03194 0.86805 -0.49544 eb
270.14935 43.83324 0.63320 -0.01170 -0.77390 eb
270.85753 22.48925 0.35793 -0.90488 -0.23039 eb
272.60156 53.14196 0.81777 0.02945 0.57479 eb
273.13949 65.75083 -0.98988 0.13446 0.04536 eb
273.44912 37.17916 -0.20774 0.86207 -0.46226 eb
274.28253 26.23941 0.39112 -0.74285 -0.54332 eb
274.44232 56.31539 0.04739 -0.73700 -0.67423 eb
274.67986 44.26420 -0.98226 -0.17482 -0.06782 eb
275.28956 22.93238 0.73329 -0.26520 -0.62606 eb
275.29344 41.24572 -0.02302 -0.97337 -0.22809 eb
276.32515 78.09534 0.21443 0.60464 -0.76709 eb
276.53313 53.68420 -0.37301 0.92759 0.02086 eb
277.02556 33.48354 -0.25486 -0.36986 -0.89345 eb
278.60347 17.40052 0.74114 0.67129 -0.00925 eb
279.10957 17.63494 -0.78062 -0.62260 0.05472 eb
279.99854 31.62927 -0.35007 -0.74540 -0.56731 eb
280.13271 25.90078 0.91340 -0.35894 -0.19197 eb
280.64426 86.06663 -0.54569 -0.70001 -0.46066 eb
280.86505 78.14186 0.71677 0.49172 -0.49442 eb
281.18892 38.49893 0.21150 -0.38334 -0.89906 eb
282.18275 34.26410 0.27088 -0.89357 0.35799 eb
282.70045 31.19598 -0.23481 -0.01254 -0.97196 eb
282.78475 12.56317 -0.10597 0.29399 0.94992 eb
284.88753 44.03180 0.90423 -0.16418 -0.39423 eb
285.06439 29.08168 0.13099 -0.95493 -0.26636 eb
285.08082 59.46554 0.17092 -0.88398 -0.43515 eb
285.33781 82.49556 0.42753 -0.90377 0.02034 eb
285.55618 10.01248 0.21559 -0.77468 0.59447 eb
285.70396 78.12259 -0.35022 -0.13260 -0.92723 eb
285.71220 19.30595 -0.72226 -0.33458 0.60531 eb
285.92201 52.05928 -0.43885 -0.86847 0.23058 eb
286.92679 59.30217 0.57146 0.17914 -0.80084 eb
287.60549 45.52852 -0.47831 -0.86023 0.17671 eb
287.60638 37.00146 0.15555 -0.38437 0.90998 eb
287.73738 53.03776 0.27691 0.85034 0.44749 eb
287.92841 53.62768 0.98441 -0.17559 0.01058 eb
289.10662 37.45732 0.69494 0.57852 -0.42705 eb
290.35529 33.86149 0.48300 0.38941 -0.78426 eb
290.68429 27.26361 -0.39698 0.86212 0.31491 eb
291.33496 32.72159 -0.87528 0.41036 -0.25592 eb
291.81143 51.07750 -0.15202 0.85177 0.50138 eb
292.07938 35.46731 -0.40804 -0.73916 -0.53586 eb
292.18835 45.04734 0.29112 -0.71546 0.63511 eb
293.18482 15.20341 0.43409 -0.87988 0.19333 eb
293.23300 44.23812 0.56195 -0.68854 -0.45839 eb
293.50001 28.95414 -0.75653 0.58759 0.28704 eb
294.17499 72.53989 0.32900 0.21502 -0.91952 eb
294.25979 27.02993 -0.84692 -0.27396 0.45571 eb
294.38353 42.56857 -0.28455 0.78520 -0.54999 eb
294.57648 20.29186 0.09001 0.63510 -0.76716 eb
296.39396 74.63631 0.61425 -0.27029 -0.74138 eb
296.86951 52.13939 0.84998 -0.34871 0.39488 eb
296.94733 24.81964 0.55421 -0.72193 -0.41433 eb
300.04932 82.23531 0.13972 -0.74203 -0.65564 eb
300.29192 58.05730 -0.39196 0.83658 0.38275 eb
301.03339 20.03774 0.88393 -0.45143 -0.12200 eb
301.47247 51.88649 -0.41901 0.90699 0.04252 eb
301.61308 63.60573 -0.48546 -0.77693 -0.40089 eb
302.41252 17.73460 0.06619 0.65358 0.75396 eb
302.43934 71.46356 0.96830 0.24878 0.02268 eb
302.68607 54.42299 0.13300 0.70452 -0.69711 eb
304.68534 20.38512 -0.32529 0.86649 0.37866 eb
305.86090 45.42360 -0.05022 0.27639 -0.95973 eb
306.31618 68.87738 0.70872 0.50625 0.49136 eb
308.37866 78.30375 0.26287 -0.75595 -0.59953 eb
310.28402 38.22174 -0.47372 0.82056 -0.31981 eb
311.39395 59.29919 0.39834 0.85074 -0.34289 eb
312.54846 15.70305 0.71772 0.26258 -0.64493 eb
313.39659 38.83738 0.11929 0.59019 0.79840 eb
315.26495 32.75426 0.32492 0.17795 -0.92885 eb
315.50354 13.05826 0.23456 -0.42306 -0.87522 eb
315.64330 38.53718 -0.12095 0.76211 -0.63605 eb
316.66085 37.93474 -0.90715 -0.37873 -0.18341 eb
316.95797 13.12303 -0.05460 -0.08090 -0.99523 eb
317.12888 28.01019 0.30318 -0.19944 -0.93183 eb
317.62805 54.18824 -0.53130 0.72484 -0.43855 eb
317.73444 28.06310 -0.75362 0.60883 -0.24775 eb
319.83494 52.55718 -0.63313 -0.72762 -0.26402 eb
320.73401 47.43574 -0.71566 -0.21552 -0.66436 eb
320.73969 78.61533 0.52369 -0.04778 -0.85057 eb
321.61830 51.84834 -0.61450 0.73690 0.28171 eb
322.37349 28.98583 0.85491 0.49789 -0.14572 eb
323.28602 49.21102 0.97568 0.21767 0.02593 eb
323.70242 45.23152 -0.92601 -0.27877 -0.25453 eb
324.94864 25.20749 0.69171 -0.47477 -0.54417 eb
325.09304 60.11041 0.09707 -0.77347 -0.62635 eb
326.05605 86.39687 0.95426 -0.06567 0.29167 eb
326.65371 38.10736 0.96168 -0.23419 0.14257 eb
326.93493 11.21888 -0.41439 -0.90812 -0.06005 eb
328.68824 27.33075 -0.39990 -0.15558 -0.90326 eb
329.11544 16.30148 -0.99443 0.02208 -0.10310 eb
329.47455 73.40420 0.56373 -0.42584 -0.70772 eb
329.88014 11.78220 -0.05801 0.13253 0.98948 eb
330.67945 20.85597 0.79339 0.38980 -0.46753 eb
331.45070 33.94476 0.94195 0.31603 0.11340 eb
331.86304 34.41251 -0.55984 -0.33106 -0.75959 eb
332.47480 23.72686 0.59946 0.64733 0.47076 eb
332.58742 35.78285 0.29148 0.93200 -0.21545 eb
333.98666 32.28076 0.74086 -0.24009 -0.62728 eb
334.11913 16.47349 -0.91545 0.17666 0.36158 eb
334.21872 54.18094 -0.64763 -0.39989 0.64859 eb
334.93527 53.69607 0.56717 0.27188 -0.77743 eb
335.19921 54.41127 0.85717 -0.00701 0.51499 eb
335.32363 15.63417 0.97269 0.21210 -0.09424 eb
335.64830 44.05868 0.04718 -0.98138 0.18621 eb
336.17402 80.73331 -0.07114 0.99737 0.01360 eb
336.38430 24.50201 -0.92657 -0.34643 -0.14648 eb
337.41987 58.90489 0.58045 0.16813 -0.79675 eb
338.16079 47.29319 0.16483 -0.95707 -0.23842 eb
338.23381 60.24257 0.84849 -0.52888 -0.01856 eb
339.71512 9.07062 0.39094 -0.91433 0.10563 eb
339.78598 45.70181 0.06229 0.02116 -0.99783 eb
340.38675 55.81552 -0.61770 0.14860 -0.77225 eb
340.44814 52.28314 -0.87420 -0.23528 -0.42476 eb
341.26234 14.38877 0.80836 0.44535 0.38498 eb
342.49346 76.76599 0.19702 -0.78024 -0.59365 eb
344.25083 51.95230 0.54546 -0.74395 0.38603 eb
344.35134 26.63113 0.40994 -0.75055 0.51829 eb
344.59240 22.26177 0.27120 -0.63432 -0.72394 eb
344.65028 27.73736 -0.40591 -0.61689 -0.67430 eb
344.88588 36.62448 0.19786 0.56600 0.80031 eb
345.04785 62.15145 0.33777 -0.83477 -0.43483 eb
345.33936 63.42423 0.74078 -0.46662 0.48323 eb
346.24957 28.41368 0.70126 0.18267 -0.68910 eb
346.28670 43.82397 0.80363 -0.53730 0.25592 eb
346.95011 46.74833 -0.82047 0.06797 -0.56763 eb
348.15196 11.29092 0.17207 -0.27602 -0.94563 eb
348.31409 78.20297 0.73073 -0.68101 -0.04750 eb
349.37819 47.73360 -0.01526 0.25263 0.96744 eb
349.57900 62.54211 0.62113 0.71703 -0.31633 eb
349.90879 50.06085 -0.34304 0.87526 0.34094 eb
350.83008 29.68508 0.70054 -0.69566 -0.15904 eb
351.47247 59.66741 0.86851 -0.07281 0.49030 eb
351.84782 67.20800 0.45660 -0.83882 0.29647 eb
352.17825 52.56262 -0.94798 0.31828 0.00546 eb
353.16247 32.47613 -0.35530 -0.77874 -0.51705 eb
353.38612 34.86942 0.01931 -0.97769 -0.20916 eb
354.42526 27.19018 -0.62078 0.23941 0.74654 eb
354.66578 24.94303 -0.56224 -0.58102 -0.58848 eb
356.64201 45.98309 0.07659 0.49930 -0.86304 eb
358.69630 54.85070 -0.52495 0.61449 -0.58892 eb
361.10625 32.57908 -0.50272 0.74179 -0.44387 eb
362.64546 39.56186 -0.77865 0.40534 -0.47897 eb
363.57294 24.14895 0.50694 0.81521 -0.28008 eb
364.22616 36.62436 0.65008 0.75808 -0.05201 eb
366.23955 38.89582 -0.04212 0.86335 -0.50285 eb
366.46219 51.04622 0.04321 -0.16542 0.98528 eb
367.37233 74.89257 0.94336 0.07268 0.32371 eb
367.42693 19.17003 0.57088 0.32061 0.75585 eb
367.51883 33.80145 0.64029 -0.45073 0.62199 eb
367.64555 38.60939 -0.36742 0.58122 -0.72607 eb
368.79083 41.77791 0.39584 -0.91530 -0.07442 eb
368.83378 57.80906 -0.05232 -0.84190 -0.53710 eb
368.96528 32.51051 0.75087 -0.47328 0.46064 eb
369.80243 31.45108 -0.07470 -0.81950 -0.56819 eb
370.96336 49.41353 -0.59395 -0.50980 -0.62236 eb
371.18638 56.15484 0.47200 -0.88144 0.01660 eb
371.79689 75.19973 -0.28530 0.26187 -0.92197 eb
374.15734 43.11275 0.26129 -0.96480 -0.02983 eb
376.76772 47.12422 -0.17295 -0.11629 -0.97804 eb
376.84256 62.58591 -0.43795 -0.88308 0.16844 eb
377.41100 20.00705 0.68168 -0.18940 0.70671 eb
377.46413 26.06401 0.02512 0.95338 0.30072 eb
377.46967 59.20300 0.16846 -0.60756 0.77620 eb
379.15941 33.81144 -0.80347 0.54411 -0.24163 eb
386.50770 18.76595 -0.94973 -0.18373 0.25349 eb
396.57406 22.44855 -0.51252 -0.18262 -0.83903 eb
396.84566 35.55106 0.25394 -0.63845 -0.72656 eb
397.00204 39.29196 0.79076 0.59480 0.14458 eb
398.71147 23.23842 -0.68347 -0.44016 -0.58235 eb
399.89126 43.31900 0.15449 -0.96874 -0.19412 eb
401.45362 20.80692 0.61839 -0.53854 -0.57234 eb
405.83364 45.94057 0.30414 -0.79736 -0.52126 eb
407.67919 44.55226 0.58612 0.17312 -0.79151 eb
408.72996 18.62741 -0.21442 0.97412 0.07154 eb
410.61918 30.36374 0.22268 -0.97430 0.03407 eb
411.11423 46.17753 0.62668 0.72616 -0.28278 eb
411.72498 28.74827 0.27625 -0.90021 -0.33662 eb
412.11480 33.08409 -0.80502 0.50558 0.31039 eb
415.68860 36.40819 0.27945 -0.85538 -0.43615 eb
423.03904 29.08017 0.09262 0.95240 0.29045 eb
430.62769 33.79512 0.87849 -0.09049 -0.46911 eb
435.07715 35.42512 0.78004 0.49049 -0.38853 eb
442.18084 60.58627 -0.36651 -0.85150 -0.37499 eb
451.14267 64.58599 0.12914 0.04187 -0.99074 eb
453.94909 17.44116 0.49464 -0.74598 -0.44592 eb
462.31715 29.60303 -0.87561 -0.42380 -0.23174 eb
474.61446 52.46229 -0.32703 0.94322 -0.05815 eb
505.03256 15.90441 0.75571 0.65444 -0.02451 eb
581.41899 14.41232 -0.04153 -0.42326 0.90505 eb
591.07770 30.37193 0.57281 0.26894 0.77431 eb
595.69482 16.13187 0.46737 0.88260 0.05074 eb
596.02702 23.25149 -0.22531 -0.21513 0.95024 eb
626.08435 23.37562 -0.39117 0.74452 -0.54100 eb
673.42683 42.42097 -0.04595 -0.54833 -0.83500 eb
687.38014 18.13180 -0.97158 0.19488 -0.13435 eb
702.66219 12.69134 -0.70982 0.70430 0.01094 eb
735.38617 36.90104 0.90710 0.12414 -0.40218 eb
807.10245 24.38790 0.68909 -0.60935 -0.39224 eb
849.92602 13.55296 -0.31943 0.94760 0.00455 eb
856.74429 11.05966 -0.79713 -0.27677 0.53664 eb
896.03790 56.24104 0.21403 -0.40674 -0.88812 eb
933.25924 26.34066 -0.03861 0.75449 -0.65518 eb
987.89183 29.38507 -0.49140 0.38628 -0.78058 eb
1006.00045 30.86782 0.95561 -0.25647 -0.14505 eb
1220.78178 29.89682 -0.55292 0.49900 0.66729 eb
1424.50772 18.36124 -0.77601 0.61701 -0.13084 eb
1584.04727 19.06114 -0.86000 0.21305 -0.46369 eb
1646.98954 32.62746 -0.26359 -0.14660 -0.95343 eb
1649.26221 7.07884 -0.50352 -0.86164 0.06363 eb
1703.01495 14.68075 0.84216 0.53831 0.03137 eb
1927.35715 31.54208 0.79461 0.12727 0.59363 eb
2099.24911 15.52814 0.57249 -0.65227 -0.49679 eb
2165.91742 32.14832 0.55984 0.82323 -0.09420 eb
2506.44199 21.12839 0.36031 -0.64765 0.67136 eb
2603.67958 12.14458 0.62157 -0.74249 0.24971 eb
2747.67139 5.78108 0.28959 -0.69978 0.65303 eb
2776.60333 11.15472 0.20751 -0.52878 0.82300 eb
2995.50409 27.50301 0.97407 -0.04400 -0.22193 eb
3030.93113 20.10539 -0.99843 0.04748 -0.02964 eb
3176.26646 15.19260 -0.77702 0.13817 0.61413 eb
3198.96005 32.16772 -0.60075 0.66868 -0.43814 eb
3341.61496 19.28981 0.72134 -0.12604 -0.68102 eb
3362.27188 28.25056 -0.64717 -0.16838 0.74352 eb
3484.26145 16.07988 -0.97307 0.12150 -0.19589 eb
3561.93126 15.35973 0.76332 -0.34097 0.54871 eb
4114.75477 28.18618 -0.94742 -0.31760 -0.03894 eb
5467.54818 21.19866 -0.88254 0.02840 -0.46938 eb
5716.48107 9.72799 0.52184 -0.49208 -0.69681 eb
5857.58037 16.90152 -0.64016 0.76611 -0.05713 eb
6781.04463 20.87389 -0.49391 -0.43664 -0.75193 eb
7709.35754 8.88749 -0.79490 0.51460 -0.32142 eb
8928.36073 22.55411 0.77958 -0.19561 -0.59497 eb
13070.14119 14.89433 0.77488 -0.60286 0.19005 eb
15240.88728 13.76116 -0.39527 0.86658 0.30463 eb
