16.03850 69.78953 -0.67389 -0.70270 -0.22823 e
16.39189 52.49642 0.05097 0.96378 -0.26177 e
16.79566 66.94653 0.67864 0.63563 -0.36800 e
16.86376 61.83308 -0.19063 -0.36456 -0.91146 e
17.57478 75.96966 0.37888 0.81688 0.43492 e
18.13321 73.41794 0.50779 -0.23502 -0.82880 e
18.30233 63.62064 -0.91334 0.34325 -0.21906 e
18.32275 72.22639 -0.72536 0.39437 0.56420 e
18.92560 52.48291 -0.89416 0.28413 0.34604 e
18.93296 34.82749 0.56031 0.34910 -0.75112 e
18.98586 36.03348 0.78673 0.45847 -0.41335 e
19.29019 73.95568 -0.13657 -0.91170 -0.38750 e
20.32322 75.70271 -0.77862 0.57861 -0.24283 e
20.48527 81.51922 -0.07112 0.99713 0.02586 e
20.63542 72.68668 0.25910 0.91052 -0.32221 e
20.89750 56.29906 0.03874 0.46214 -0.88596 e
21.10722 60.95148 0.79813 0.18309 -0.57399 e
21.15006 57.57550 0.77147 -0.63590 0.02150 e
21.19905 46.03868 0.15927 -0.84260 -0.51445 e
21.26216 80.10124 -0.11318 -0.93864 -0.32580 e
21.27208 54.21519 -0.42886 0.82889 -0.35919 e
21.31069 51.50709 -0.96538 -0.24650 0.08535 e
21.50950 80.36601 -0.08554 0.64742 -0.75732 e
21.65984 74.26803 0.97781 0.20947 0.00018 e
21.92111 76.98273 0.56721 -0.27545 -0.77614 e
22.04832 47.72048 -0.96898 -0.00116 0.24714 e
22.17547 63.65272 -0.22045 0.69062 -0.68879 e
22.21574 76.39487 0.01952 -0.69654 -0.71725 e
22.45738 48.21800 0.58689 -0.68673 -0.42891 e
22.76480 62.91713 -0.20873 0.84739 -0.48822 e
22.82960 84.21409 0.15531 0.96179 0.22546 e
22.91979 68.70423 0.82255 -0.43668 0.36432 e
23.45391 67.26392 -0.87797 -0.46437 -0.11631 e
23.66635 42.33205 0.29223 -0.92275 -0.25126 e
23.79689 67.61134 -0.87973 0.06045 -0.47161 e
23.99739 73.86312 0.72328 0.61423 -0.31557 e
24.03868 38.19545 -0.85564 0.17708 -0.48634 e
24.15277 82.22328 -0.55899 0.82592 0.07335 e
24.17332 72.15321 0.50474 -0.70064 -0.50432 e
24.21191 72.33142 -0.21835 0.52962 -0.81965 e
24.31955 77.32315 0.41076 -0.25032 -0.87671 e
24.51714 66.35803 -0.69693 0.64042 -0.32271 e
24.54335 24.88982 0.75335 0.01019 -0.65754 e
24.60799 17.81604 0.24094 -0.78054 0.57680 e
24.86694 56.33222 0.56725 -0.18227 -0.80312 e
24.96983 81.08659 0.65446 -0.74199 0.14535 e
25.24474 79.80110 0.80830 -0.57997 -0.10140 e
25.33923 83.62549 0.09850 -0.98678 -0.12869 e
25.70900 83.05190 -0.12361 0.94740 0.29522 e
26.12162 81.90946 -0.17697 0.06677 -0.98195 e
26.26975 68.32164 -0.58787 0.80162 -0.10869 e
26.31040 61.88388 0.90397 0.21225 0.37119 e
26.36722 84.56722 -0.45785 0.46391 -0.75839 e
26.44404 73.97054 0.20882 0.88130 0.42391 e
26.57102 74.84394 0.47576 -0.86110 -0.17930 e
26.67957 73.63974 0.81612 -0.00088 -0.57789 e
26.76128 74.89729 0.78800 -0.07604 -0.61096 e
26.88811 69.45242 -0.12732 -0.62557 -0.76970 e
27.04035 59.08796 0.28098 0.89899 -0.33595 e
27.12672 80.95233 -0.06749 -0.98502 0.15870 e
27.33879 53.37205 0.38805 0.00197 -0.92164 e
27.34375 67.69196 0.59294 0.74065 0.31599 e
27.42259 77.05098 -0.86713 -0.42756 -0.25551 e
27.46328 36.69598 -0.68949 -0.64703 -0.32552 e
27.53066 42.39434 0.98995 0.11672 -0.07985 e
27.61929 72.85871 -0.42094 0.87319 -0.24567 e
28.06235 80.86105 0.63888 -0.30516 -0.70619 e
28.08057 30.56808 0.20310 -0.48718 -0.84936 e
28.25907 49.88608 -0.30173 -0.41467 -0.85849 e
28.33276 82.52993 -0.39208 0.25081 -0.88508 e
28.44627 83.14806 0.77918 0.25589 -0.57218 e
28.51538 35.17088 -0.57621 0.51993 -0.63060 e
28.53043 62.96368 0.98375 -0.17007 -0.05750 e
28.64171 38.96044 0.91183 -0.33137 -0.24242 e
28.64305 84.31515 -0.49446 0.59384 -0.63472 e
28.89785 63.42586 -0.53199 -0.62675 -0.56936 e
28.96037 78.11435 -0.35364 0.24854 0.90176 e
29.04204 70.48168 0.57686 -0.72440 -0.37746 e
29.28766 65.73321 -0.07854 -0.93439 -0.34748 e
29.37032 43.54636 -0.75912 -0.17953 -0.62570 e
29.39107 25.10679 0.72309 0.40493 0.55961 e
29.45206 72.66148 0.48032 -0.32031 -0.81651 e
29.46773 67.37175 0.95403 0.20138 -0.22197 e
29.52003 81.44499 -0.86705 0.33627 0.36763 e
29.78362 74.20534 -0.44301 0.54418 -0.71247 e
29.82672 72.26639 0.12332 -0.51696 -0.84708 e
29.89256 45.46593 -0.01889 -0.00049 -0.99982 e
30.03470 33.81408 -0.41151 0.79264 -0.44986 e
30.05871 58.55769 0.67797 -0.56825 0.46631 e
30.48400 66.83291 -0.45117 0.38678 -0.80427 e
30.69648 40.65923 -0.87802 0.46458 -0.11510 e
30.71742 81.95975 0.72923 0.05401 0.68213 e
31.15007 44.56293 0.41537 -0.86012 0.29607 e
31.42040 74.06568 0.12639 0.87116 -0.47444 e
31.45288 65.62572 -0.20666 -0.20811 -0.95602 e
31.50372 79.20915 -0.57522 -0.40059 -0.71319 e
31.62339 76.07149 0.01759 -0.88116 -0.47249 e
31.62800 55.30735 0.02809 0.09424 -0.99515 e
31.67584 82.78423 0.87539 -0.41779 -0.24321 e
31.73831 65.59214 -0.74893 0.06645 0.65931 e
31.75887 66.91187 0.09505 0.96210 -0.25561 e
31.75972 57.14896 -0.23802 -0.76613 0.59698 e
31.89271 29.87460 0.59882 -0.68328 -0.41777 e
31.92899 82.68943 -0.43955 0.05289 -0.89666 e
32.51279 51.43405 0.79643 -0.33638 -0.50255 e
32.51960 74.23377 -0.88874 0.24107 0.38990 e
32.85756 62.40942 0.66937 -0.67539 0.30950 e
32.99331 51.23490 0.26542 -0.63364 -0.72668 e
32.99931 66.03600 0.46988 -0.08449 -0.87868 e
33.38884 63.10227 -0.27499 0.01580 -0.96132 e
33.57937 71.61562 -0.46033 0.65531 -0.59889 e
33.62626 32.97075 0.48128 -0.69511 -0.53403 e
33.67296 48.88701 0.16580 0.34743 -0.92293 e
33.75657 53.57560 0.55203 0.17014 -0.81628 e
33.81169 62.08716 -0.66740 0.48023 -0.56917 e
34.37196 57.60569 0.67876 0.71692 0.15909 e
34.38220 71.72157 -0.03835 0.95391 -0.29762 e
34.59348 21.74467 -0.77889 -0.36625 -0.50910 e
34.62464 55.00331 0.81009 -0.34565 -0.47359 e
34.71408 61.40790 0.53677 -0.22838 0.81223 e
34.76590 41.43077 -0.80076 -0.17147 -0.57392 e
34.80121 71.25008 0.20347 -0.30873 -0.92913 e
34.84117 82.44690 0.60605 0.56433 0.56057 e
34.84974 30.84456 -0.56125 -0.50574 -0.65515 e
35.15138 55.95353 -0.19101 -0.79855 -0.57082 e
35.74030 66.28362 -0.43650 0.88429 -0.16585 e
35.83876 18.70760 0.43057 0.59230 -0.68102 e
36.21630 82.23484 -0.91945 -0.35744 0.16388 e
36.46088 50.92495 0.43708 0.19281 -0.87851 e
36.48750 75.08317 0.36300 0.87005 -0.33354 e
36.53651 61.24114 0.60524 -0.60106 0.52194 e
36.65549 52.33572 0.78935 -0.57771 -0.20777 e
36.75461 68.19759 -0.68470 -0.08058 -0.72435 e
36.81241 79.62946 -0.86083 0.44214 0.25195 e
36.86992 75.48286 -0.39359 -0.74836 -0.53389 e
36.91690 66.86586 -0.33453 0.25937 -0.90599 e
36.94541 75.14536 0.50712 -0.44692 -0.73695 e
37.17303 27.69848 -0.61535 -0.68568 0.38883 e
37.19939 41.02021 0.30250 0.36719 -0.87958 e
37.21995 80.40692 0.86071 -0.40873 -0.30350 e
37.29124 62.13532 -0.40176 0.74239 -0.53613 e
37.46831 17.06376 -0.03614 0.99572 0.08501 e
37.52551 38.54118 0.48591 0.38804 0.78314 e
37.59128 59.55470 -0.23151 -0.93111 0.28183 e
37.60354 76.41225 0.94088 0.12487 -0.31489 e
37.61771 35.87334 -0.08681 -0.38790 -0.91761 e
37.73765 53.60949 0.52190 -0.51652 -0.67884 e
37.75093 35.19644 -0.88830 -0.20051 -0.41319 e
37.75369 47.31193 0.10526 -0.81287 -0.57285 e
37.77343 76.25889 -0.17245 -0.64127 -0.74769 e
38.27897 62.69389 0.59249 -0.42857 -0.68211 e
38.38681 27.12640 -0.87140 0.01851 -0.49023 e
38.68354 79.88937 -0.68161 0.46161 -0.56774 e
38.68757 71.11065 -0.33970 -0.45650 -0.82232 e
38.70642 56.11635 0.14427 0.90383 -0.40284 e
38.80084 34.37018 -0.20434 0.96398 0.17028 e
38.90694 61.32863 -0.82904 -0.45206 0.32914 e
39.26794 34.14993 0.94554 0.00730 -0.32542 e
39.27673 74.88650 -0.20615 -0.84653 -0.49080 e
39.39619 23.70393 0.96997 0.20195 0.13553 e
39.43207 57.83285 -0.68148 -0.69605 -0.22604 e
39.49324 41.07261 -0.08563 -0.47084 -0.87805 e
39.64547 84.47796 -0.67251 0.08934 -0.73467 e
39.74168 56.72573 0.63288 -0.10945 -0.76647 e
39.78504 44.69890 -0.12026 -0.54297 -0.83110 e
39.87815 59.40873 0.32723 0.87536 -0.35590 e
39.94206 44.15248 0.35558 0.49325 -0.79389 e
39.95094 53.50039 -0.32741 -0.58107 0.74510 e
39.97091 56.64644 0.63414 -0.65434 0.41194 e
40.01446 76.08836 0.19760 -0.64183 -0.74095 e
40.13936 56.64481 -0.43091 -0.89538 0.11232 e
40.18144 46.82054 -0.84197 -0.02694 -0.53885 e
40.21636 75.88254 -0.78976 0.61342 0.00093 e
40.46934 51.51691 0.70372 0.29012 -0.64855 e
40.54343 67.48909 -0.30066 0.51254 0.80431 e
40.61985 49.70600 -0.69882 -0.61206 -0.37018 e
40.68009 46.84575 -0.20864 0.61136 -0.76336 e
40.98961 66.75940 0.57535 -0.72683 -0.37509 e
41.05869 49.31951 0.81784 -0.07446 0.57061 e
41.30038 58.93607 0.10469 0.81525 -0.56956 e
41.30356 75.17156 0.07217 -0.97556 -0.20754 e
41.39204 59.82582 -0.37158 -0.88141 -0.29163 e
41.59911 72.26300 -0.35106 -0.19464 -0.91590 e
41.61608 79.97149 0.49250 -0.19615 -0.84792 e
41.76594 74.69137 -0.59634 0.73749 -0.31700 e
41.86376 73.56262 -0.05743 -0.54761 -0.83476 e
41.89856 75.98877 -0.66772 0.17438 0.72370 e
42.17122 38.09582 0.14669 0.73623 -0.66064 e
42.22538 47.51502 0.97381 0.10309 -0.20267 e
42.25015 53.78825 -0.84874 0.32815 -0.41467 e
42.25386 48.14122 -0.27171 0.01183 -0.96231 e
42.57585 80.90558 0.43000 -0.86938 -0.24347 e
42.77426 22.03711 -0.85573 -0.29119 0.42771 e
42.77493 84.52158 0.52571 0.71657 -0.45843 e
43.03112 43.68023 0.96193 -0.05665 0.26736 e
43.05879 82.15129 -0.07380 -0.68513 -0.72467 e
43.13812 53.55664 0.87583 0.17292 0.45058 e
43.19257 59.19043 -0.51546 -0.42583 -0.74362 e
43.22378 59.68577 -0.83700 -0.33940 0.42924 e
43.30117 39.92847 0.89612 -0.40675 -0.17755 e
43.53077 68.40031 -0.26051 0.58435 -0.76855 e
43.64179 67.85304 0.60931 0.43845 -0.66068 e
43.73680 22.42361 -0.61317 0.11507 -0.78152 e
43.85812 83.34880 -0.95651 -0.23025 -0.17911 e
44.04191 70.53873 0.20017 -0.77321 0.60174 e
44.08299 72.86571 -0.36739 -0.78731 -0.49514 e
44.34769 35.68011 0.75177 -0.46739 -0.46517 e
44.42120 44.67385 -0.41469 -0.73332 0.53877 e
44.54050 57.73916 -0.21758 0.95290 -0.21130 e
44.87825 46.79802 0.14758 0.16402 -0.97535 e
45.00975 77.93998 -0.39783 0.15442 0.90437 e
45.08766 51.14409 0.01765 -0.10200 0.99463 e
45.29547 16.62401 -0.31086 0.81016 -0.49700 e
45.54628 18.49620 -0.16572 0.28202 0.94499 e
45.64299 78.08992 0.90457 0.34940 0.24429 e
45.72317 29.99113 -0.78131 0.57573 -0.24103 e
45.79136 38.51223 0.00931 -0.80067 -0.59904 e
45.83793 70.12407 0.19177 -0.91473 -0.35566 e
45.85605 51.06080 0.02819 -0.21283 -0.97668 e
45.96380 81.44509 0.80691 -0.48981 0.33013 e
46.26625 57.61330 -0.33128 0.03380 -0.94293 e
46.37145 50.88853 -0.81240 0.49820 -0.30298 e
46.39020 60.56133 -0.61900 0.71448 -0.32612 e
46.44207 45.49232 0.28510 -0.53041 -0.79836 e
46.58895 67.33112 0.88774 -0.40652 0.21603 e
46.78159 80.71062 0.16149 -0.03528 -0.98624 e
46.84332 74.61610 0.05577 0.46525 -0.88342 e
46.98409 28.58929 0.28802 -0.09786 0.95261 e
47.04416 67.82856 0.06751 -0.45612 0.88735 e
47.05416 76.00020 -0.79783 0.09486 -0.59537 e
47.08709 34.85640 -0.45311 -0.35773 -0.81653 e
47.12653 75.48715 -0.87896 0.38105 -0.28676 e
47.23860 29.18470 0.90611 0.35089 -0.23632 e
47.25334 68.73493 -0.61416 0.37968 -0.69184 e
47.40872 70.22567 0.46155 0.00151 -0.88712 e
47.75334 31.82341 -0.17086 -0.43133 -0.88587 e
47.84481 64.10502 -0.31338 0.20109 -0.92809 e
47.89297 55.52301 0.91025 -0.24001 -0.33739 e
47.91090 78.30473 0.84844 0.51365 0.12773 e
47.94073 47.51488 0.35097 0.93470 -0.05613 e
48.12444 60.86697 -0.69567 -0.57918 0.42495 e
48.32019 59.32518 0.16154 0.15155 -0.97516 e
48.51593 27.50310 -0.99195 0.12116 0.03672 e
48.61806 78.78408 -0.61894 0.10167 -0.77883 e
48.80165 60.53880 -0.90583 0.42095 -0.04768 e
48.84948 82.03517 0.78177 0.59228 -0.19506 e
49.15569 32.41506 -0.27980 -0.51812 -0.80824 e
49.20438 47.05255 -0.18596 -0.97274 -0.13855 e
49.31843 35.86713 -0.62194 -0.70803 0.33448 e
49.68198 44.64384 0.86102 0.41395 -0.29545 e
49.79510 80.21951 -0.77806 -0.61256 -0.13923 e
50.17928 18.30361 -0.83811 -0.20779 0.50438 e
50.26782 44.53616 -0.58840 0.07396 -0.80518 e
50.51325 45.91976 0.13895 -0.10203 -0.98503 e
51.03318 84.83902 0.89171 -0.44726 0.06944 e
51.20879 65.25015 -0.41209 0.64932 -0.63919 e
51.35197 70.23478 -0.43142 -0.48414 -0.76124 e
51.57148 20.94849 0.61582 0.78785 -0.00749 e
51.70830 40.71260 0.38004 0.79818 -0.46741 e
51.88515 81.80441 -0.93767 -0.16943 -0.30342 e
51.98469 21.23873 0.40634 -0.88949 -0.20903 e
52.09419 62.89962 0.39778 0.90757 -0.13452 e
52.41582 74.02283 0.43270 0.89313 0.12285 e
52.61440 67.12887 -0.64908 -0.72103 0.24251 e
52.68429 26.63695 0.61285 -0.39948 -0.68179 e
52.78353 40.68867 0.00587 0.27166 -0.96238 e
52.94086 29.56567 -0.97953 0.06172 -0.19162 e
53.04163 57.83483 -0.76463 -0.46389 -0.44738 e
53.16678 36.30113 0.17303 0.94796 0.26727 e
53.18241 33.66707 0.00103 -0.98267 -0.18535 e
53.45432 34.97481 0.80146 0.05577 -0.59545 e
53.64843 84.34482 -0.12016 0.83240 0.54099 e
54.15233 48.82190 -0.34329 -0.81414 -0.46833 e
54.22600 45.26738 0.26681 -0.76748 -0.58291 e
54.57689 49.50368 0.25442 -0.66027 -0.70662 e
54.60972 50.94388 0.97664 -0.13334 -0.16853 e
54.72858 36.08357 -0.58737 0.79592 -0.14664 e
54.95167 44.02899 -0.16463 -0.13358 0.97727 e
55.31019 70.43363 -0.11606 0.88403 -0.45280 e
55.35678 51.86042 0.21159 0.83120 -0.51414 e
55.63276 32.24156 0.48970 0.07201 -0.86891 e
56.00384 77.23249 -0.89882 0.23105 -0.37246 e
56.11315 44.17265 0.88842 0.19818 -0.41405 e
56.31686 76.13530 -0.46321 0.56884 0.67960 e
56.43017 81.52340 -0.88537 0.11639 0.45008 e
56.45988 49.38573 -0.96930 -0.09700 0.22592 e
56.51970 73.46987 0.98985 -0.07956 -0.11776 e
56.89636 30.57772 0.03609 -0.82888 -0.55826 e
56.90190 41.50542 -0.53222 0.57130 -0.62479 e
56.95558 77.57953 0.28128 -0.78976 -0.54513 e
56.99372 81.80524 -0.99653 -0.03982 -0.07311 e
57.28916 80.78128 0.19264 0.93306 0.30381 e
57.29124 74.16186 0.95102 -0.25788 -0.17046 e
57.39521 37.80405 -0.45188 0.86037 0.23571 e
57.45418 26.79326 -0.01716 0.56603 -0.82421 e
57.47414 39.37319 0.17160 0.62900 -0.75823 e
57.48147 78.14807 -0.77954 0.62628 -0.00947 e
57.56219 79.52301 0.96902 -0.22440 0.10317 e
57.57745 33.89835 0.94961 0.25925 -0.17614 e
57.76267 69.36233 -0.08200 -0.99563 -0.04479 e
57.76994 45.55219 0.16405 0.98200 0.09362 e
58.01230 60.02326 0.96669 0.09988 0.23568 e
58.01426 35.42697 0.63098 0.71374 -0.30404 e
58.02920 83.59362 0.86324 0.50316 -0.04042 e
58.05555 59.07463 0.64916 -0.71487 -0.25990 e
58.10433 47.97914 -0.22212 -0.90933 -0.35181 e
58.37790 70.14237 -0.43270 0.10001 -0.89597 e
58.42103 55.84016 -0.00370 -0.88025 -0.47449 e
58.44164 34.54598 -0.80099 -0.57633 -0.16204 e
58.46148 50.04738 0.61924 0.57579 -0.53386 e
58.48973 42.79607 -0.94398 0.26346 0.19874 e
58.77374 44.06073 0.30775 0.90268 0.30075 e
58.86580 72.96768 0.39928 -0.26162 -0.87871 e
58.88844 49.13448 -0.49735 -0.79504 -0.34720 e
59.23066 45.99593 0.20450 -0.77874 -0.59308 e
59.27319 76.35801 -0.47993 -0.51343 -0.71138 e
59.35457 52.32691 -0.42833 -0.13742 -0.89311 e
59.38143 81.71718 -0.45693 -0.80522 0.37794 e
59.52538 55.06005 0.56013 -0.82207 -0.10220 e
59.60627 59.32635 0.68849 -0.42031 -0.59104 e
59.74614 51.00181 -0.40986 0.84707 -0.33836 e
59.81325 68.07623 -0.98783 0.13153 -0.08306 e
59.92166 21.86817 -0.89965 -0.25563 -0.35395 e
59.95780 61.72411 -0.38136 0.87763 -0.29040 e
60.16609 36.89762 0.13578 -0.83540 0.53261 e
60.17927 58.09786 -0.65453 -0.11204 0.74769 e
60.42264 42.08582 0.99887 -0.04146 -0.02336 e
60.53240 75.01503 -0.15758 0.91296 0.37640 e
60.57727 67.36727 0.28054 -0.52434 -0.80397 e
60.72740 66.89096 0.51179 -0.07265 -0.85604 e
60.80617 44.17897 -0.14468 0.97753 0.15327 e
61.15117 51.77400 -0.82901 0.19524 0.52404 e
61.16266 52.09486 -0.08332 -0.62519 -0.77601 e
61.35141 83.11557 0.94676 0.32171 -0.01200 e
61.49010 72.35369 -0.34782 -0.77687 -0.52487 e
61.51913 84.33330 0.87586 0.47947 -0.05447 e
61.57562 63.82885 0.44484 -0.30742 -0.84120 e
61.60939 42.54331 0.17827 -0.50255 -0.84597 e
61.79085 41.99874 -0.68226 -0.41172 0.60416 e
62.19152 38.23974 0.62068 0.60371 -0.50029 e
62.35566 46.58383 0.07045 -0.83132 -0.55131 e
62.63298 27.64651 -0.38890 0.00956 0.92123 e
62.83347 51.46451 -0.58091 0.72308 -0.37376 e
63.20317 27.30322 -0.44835 -0.66815 -0.59377 e
63.29701 75.10479 0.78211 0.17944 -0.59675 e
63.32240 66.89997 0.70499 -0.55557 -0.44083 e
63.47135 66.44268 0.01075 0.40005 -0.91643 e
63.48935 12.27728 0.21358 0.97575 0.04785 e
63.64038 53.23270 -0.00238 0.01487 -0.99989 e
63.65210 33.90362 -0.21772 0.08237 -0.97253 e
63.87859 37.28133 0.70024 0.71157 -0.05779 e
64.55918 69.59949 -0.03409 0.12399 -0.99170 e
64.58907 50.19900 -0.77248 0.53362 -0.34427 e
64.68777 46.77978 -0.52788 -0.65359 0.54238 e
64.76315 78.04650 0.01485 -0.98467 -0.17378 e
64.78714 54.05104 -0.59467 0.38814 -0.70407 e
65.24670 52.76849 0.24919 0.41624 -0.87444 e
65.28365 49.11917 0.34558 0.93495 -0.08025 e
65.32492 48.37283 0.08138 0.99323 0.08294 e
65.48885 76.73711 -0.56828 0.14272 -0.81036 e
65.68282 58.53903 -0.95952 -0.11300 0.25797 e
65.76861 55.27935 0.14422 0.48512 -0.86247 e
65.86485 73.31274 0.62640 0.75556 0.19170 e
66.11606 44.28140 0.79889 0.39165 0.45650 e
66.15897 50.53354 0.67796 0.06644 0.73209 e
66.19164 78.86910 -0.76009 0.57234 -0.30773 e
66.28707 61.07272 -0.50452 0.82741 -0.24669 e
66.46795 58.33409 -0.74160 -0.59652 0.30692 e
66.50215 49.05343 0.74736 0.08239 -0.65929 e
66.69608 83.49373 0.31981 0.17845 -0.93053 e
66.92752 68.56807 0.00870 0.97174 -0.23591 e
67.08688 78.64803 0.37031 0.67656 -0.63650 e
67.44301 32.56592 -0.09870 0.82945 -0.54979 e
67.49974 84.64072 0.49665 0.83152 -0.24883 e
67.52301 51.65723 0.99079 0.03714 0.13019 e
67.64105 57.85006 -0.20434 0.93625 0.28580 e
67.65471 33.07245 0.98996 0.08467 -0.11317 e
67.73572 81.05956 -0.62206 0.68986 -0.37032 e
68.74619 54.35428 0.99866 -0.00123 -0.05183 e
68.82475 43.69355 -0.45611 0.46502 -0.75876 e
68.87916 78.41303 0.62511 -0.36995 -0.68730 e
68.99507 33.62291 0.12399 -0.47658 -0.87034 e
69.15397 79.99257 0.95899 -0.17171 -0.22552 e
69.26623 55.45974 0.51947 -0.77256 0.36511 e
69.27306 36.32549 0.29850 0.95368 0.03737 e
69.43223 49.61314 -0.78286 0.29285 -0.54898 e
69.59795 84.53295 0.43192 -0.33671 -0.83670 e
69.63147 54.75455 0.70891 0.66217 0.24284 e
69.84091 79.64090 0.39921 0.87429 0.27612 e
70.11880 60.62509 -0.03920 0.41593 -0.90855 e
70.46233 13.78779 -0.33007 0.46426 0.82190 e
70.61959 66.57481 -0.97326 -0.17632 -0.14721 e
70.62969 57.45574 -0.44164 0.23142 -0.86683 e
71.22651 72.02124 -0.30207 0.41481 -0.85831 e
71.24231 53.27868 -0.77745 0.54970 -0.30561 e
71.25295 53.98889 0.32520 0.63082 -0.70449 e
71.33894 77.57674 0.53870 -0.32624 -0.77677 e
71.55400 41.09648 -0.73373 -0.65609 0.17660 e
71.76903 35.40004 -0.36003 -0.92087 -0.14959 e
71.79076 78.39174 -0.12538 -0.63656 -0.76097 e
71.81431 84.72130 0.56670 0.51994 -0.63915 e
72.48308 49.78518 -0.55875 -0.34228 -0.75541 e
72.86474 70.61031 -0.33799 0.89899 0.27852 e
73.11572 48.29880 -0.53292 -0.84603 0.01550 e
73.37660 77.39822 -0.11581 -0.71146 -0.69312 e
73.44828 40.46694 -0.63424 -0.32418 -0.70189 e
73.58975 84.79299 0.59862 0.58097 0.55147 e
73.69857 64.99446 -0.62813 -0.03236 -0.77744 e
73.71111 63.57325 -0.83150 0.30076 -0.46707 e
74.17456 54.15802 -0.63131 -0.30802 -0.71174 e
74.18942 50.38051 0.47563 -0.67354 0.56580 e
74.22045 62.25454 -0.80723 -0.24299 0.53789 e
74.29623 35.34165 0.12268 -0.15639 0.98005 e
74.40473 32.77242 -0.27543 -0.93976 0.20248 e
74.72517 23.17253 0.45454 -0.83577 -0.30804 e
74.83768 54.86265 -0.32271 0.17540 -0.93010 e
75.00874 23.68467 -0.67659 -0.63306 0.37611 e
75.01860 43.66662 0.32461 0.21968 0.91998 e
75.12500 53.31278 0.13656 0.96797 0.21067 e
75.22984 55.76469 -0.82316 -0.56581 0.04751 e
75.39187 66.81845 -0.54346 0.51723 -0.66115 e
75.47071 41.98217 -0.68494 0.59707 -0.41756 e
75.99245 49.21876 -0.98153 -0.13165 -0.13878 e
76.41233 54.42153 0.24736 0.96383 -0.09921 e
76.79843 15.09305 -0.73023 0.50596 0.45909 e
76.91814 62.08020 -0.90111 -0.42371 0.09208 e
77.09853 32.49474 0.91011 -0.21883 -0.35186 e
77.69438 46.05882 0.53954 0.14397 -0.82956 e
78.14444 36.44501 -0.12808 -0.73619 -0.66454 e
78.14724 32.15597 -0.63206 -0.52819 -0.56702 e
78.39870 59.20670 -0.58973 -0.80228 0.09257 e
78.42881 80.60371 0.90900 -0.13692 -0.39367 e
78.58542 52.16754 0.98547 0.05253 -0.16150 e
78.72936 70.33111 -0.77098 -0.59572 -0.22519 e
78.78251 57.37129 0.95447 0.10138 0.28056 e
78.96173 46.39567 0.30422 -0.77449 0.55464 e
79.34627 75.73769 -0.92940 0.18643 -0.31853 e
79.36548 36.78783 -0.85100 -0.51433 -0.10611 e
79.48021 45.04029 0.88031 -0.34658 -0.32392 e
79.48777 78.96389 -0.69694 -0.42881 -0.57480 e
79.64429 30.48420 0.49792 0.64915 -0.57505 e
79.68647 73.16584 -0.04204 0.61427 0.78798 e
79.69576 81.41532 -0.40583 0.10896 0.90743 e
79.83855 55.75308 0.97626 -0.16797 0.13675 e
79.92557 71.42005 0.84802 -0.08803 -0.52261 e
80.28757 63.53529 0.19936 -0.78111 -0.59171 e
80.58536 65.35020 -0.85654 0.35631 -0.37335 e
80.88623 76.80163 -0.58454 -0.78926 -0.18811 e
81.22933 39.85354 -0.17785 -0.95258 0.24690 e
81.55032 48.04782 0.35300 0.77784 0.51996 e
81.56478 19.71839 -0.17857 -0.73336 -0.65597 e
81.59016 62.85558 0.52191 -0.53093 -0.66762 e
81.59545 62.97051 -0.78027 -0.59945 0.17843 e
81.73706 14.92120 -0.25221 0.96757 0.01440 e
82.60600 51.43058 -0.35957 0.10074 -0.92766 e
82.67463 37.15848 -0.25572 -0.62103 -0.74090 e
82.94426 70.02940 0.70576 -0.23674 -0.66773 e
83.03928 29.40925 -0.61302 -0.78746 -0.06410 e
83.08172 41.36252 -0.94202 -0.30726 -0.13489 e
83.55905 41.77491 0.01482 0.74031 -0.67210 e
83.65567 28.96786 0.63659 -0.58530 -0.50218 e
83.70363 47.51089 -0.45136 0.89072 0.05367 e
83.94429 73.27004 0.34696 0.93587 -0.06136 e
84.12578 26.20314 0.79146 -0.27098 -0.54788 e
84.25080 75.88869 -0.79305 -0.60138 0.09707 e
84.28880 43.21389 0.67486 0.49398 0.54822 e
84.94898 54.00961 -0.90523 -0.14390 -0.39982 e
85.13334 19.83580 -0.28421 0.57667 -0.76595 e
85.27810 40.82517 -0.10338 -0.96093 0.25677 e
85.34792 70.45971 0.41988 -0.33976 -0.84158 e
85.74196 37.64389 0.77638 -0.25175 -0.57780 e
85.81935 73.65672 -0.26319 0.88122 -0.39265 e
85.85485 34.21264 -0.47311 0.53342 -0.70116 e
86.08117 33.85588 0.85857 0.10278 -0.50229 e
86.24291 46.31837 -0.66690 0.50201 -0.55066 e
86.47809 19.09433 -0.20866 0.29141 -0.93356 e
86.73486 74.27657 -0.63893 -0.70722 0.30266 e
87.04778 25.73186 0.20320 0.17925 -0.96259 e
87.41152 37.80405 0.68063 0.62662 0.37960 e
87.86665 41.07651 -0.20299 0.03717 -0.97847 e
87.90426 52.31079 -0.87480 -0.24012 -0.42080 e
88.02051 84.11059 -0.89961 -0.13209 -0.41624 e
88.39964 34.96786 0.60179 0.78902 0.12371 e
88.61554 68.53824 -0.73207 0.57723 -0.36178 e
88.66538 20.77548 -0.43177 -0.46783 0.77118 e
88.70160 67.42383 0.70944 0.32448 -0.62562 e
88.79847 23.75889 -0.06502 -0.92731 0.36862 e
88.84500 44.90445 0.40968 -0.53243 -0.74073 e
88.88001 69.39909 0.52532 -0.70673 -0.47389 e
89.18320 76.75477 0.51976 0.25366 -0.81579 e
89.57691 36.05530 0.74966 -0.59590 0.28795 e
89.63308 40.65757 0.05988 -0.02388 -0.99792 e
89.67387 72.73791 0.21292 0.86392 0.45641 e
89.88731 76.28953 -0.73338 -0.23592 0.63758 e
89.99956 40.99218 0.80582 0.27863 -0.52251 e
90.19263 29.20240 0.98795 -0.15461 -0.00684 e
90.40074 74.52461 0.71785 -0.58405 0.37891 e
90.49827 83.46240 -0.22234 -0.44529 -0.86734 e
90.55889 47.10800 0.83261 -0.20156 -0.51587 e
90.69102 46.81353 -0.25144 0.70455 -0.66362 e
90.72178 38.36777 -0.11338 0.99036 -0.07963 e
90.93674 43.70241 0.92773 -0.34479 -0.14294 e
91.05198 36.15581 -0.21825 0.89108 0.39793 e
91.30157 70.83382 0.40172 -0.49141 -0.77275 e
91.45208 72.36537 -0.24686 0.85495 0.45620 e
91.46388 75.10457 -0.78019 -0.60489 0.15944 e
92.36691 65.26801 0.90503 -0.05743 -0.42145 e
93.50248 48.63902 -0.15956 0.73400 -0.66014 e
93.50771 25.05343 0.07915 -0.03159 -0.99636 e
93.62701 45.13068 -0.75333 0.09673 0.65049 e
93.86108 71.41624 0.37523 -0.02189 -0.92667 e
93.92652 60.20423 0.31002 0.94891 -0.05884 e
94.04100 37.42150 -0.64545 0.73938 0.19160 e
94.05537 45.10376 0.17977 0.77630 -0.60419 e
94.16131 45.80545 0.75539 0.56755 0.32751 e
94.24318 52.04929 0.98339 -0.04562 0.17566 e
94.60619 64.19353 0.55397 -0.78267 -0.28382 e
94.65362 26.32703 -0.00851 0.59994 -0.80000 e
94.79461 29.48898 0.49135 -0.78474 -0.37784 e
95.01749 60.83634 -0.05299 0.08020 -0.99537 e
95.20862 70.97288 -0.80964 -0.02754 0.58627 e
95.35810 28.97354 -0.60098 0.00235 -0.79926 e
95.61598 72.27029 0.71514 -0.65659 0.23972 e
95.94927 48.91927 0.79745 -0.37183 -0.47520 e
96.08423 37.20682 -0.65378 -0.44873 -0.60928 e
96.11489 82.98772 -0.30723 0.66331 -0.68237 e
96.42871 62.45736 -0.26287 -0.01251 -0.96475 e
96.57761 69.08607 -0.91381 0.29784 -0.27613 e
96.77731 25.22389 -0.72457 -0.68742 0.04956 e
96.80971 60.44805 0.85850 -0.29008 0.42288 e
96.81929 55.64692 -0.86620 0.38452 0.31912 e
96.99218 29.74207 0.85851 -0.11506 -0.49973 e
97.19465 38.00469 -0.76011 -0.38118 0.52624 e
98.03875 27.78088 -0.28584 0.95113 -0.11683 e
98.34299 27.70499 0.60976 -0.77168 -0.18085 e
98.49797 44.81032 0.87183 -0.40662 0.27309 e
98.75763 64.80393 0.05421 -0.68021 -0.73101 e
98.82773 19.09703 0.59147 -0.25050 0.76643 e
98.87699 35.81527 0.58654 0.19199 -0.78684 e
98.89510 40.32641 -0.05378 0.30882 -0.94960 e
98.94642 47.52756 -0.49972 0.10412 -0.85991 e
99.39389 27.12283 -0.04498 -0.48447 -0.87365 e
99.58977 27.83249 0.03444 -0.67046 0.74115 e
99.80849 50.63141 0.98833 0.06770 0.13645 e
100.14230 73.61875 0.59041 0.46863 -0.65712 e
100.28122 75.90490 0.14586 -0.97012 -0.19389 e
100.39662 61.75417 -0.53384 0.18418 0.82528 e
100.61780 72.03421 0.44115 -0.30316 -0.84468 e
101.12929 65.74262 -0.12073 -0.51205 -0.85043 e
101.33388 71.38380 -0.36226 -0.74476 -0.56044 e
101.35790 78.64087 0.90418 -0.40845 0.12504 e
101.56762 26.88917 0.43945 0.86190 -0.25300 e
101.62937 26.70539 0.79131 0.17274 -0.58651 e
102.15957 38.06806 0.88293 -0.37702 -0.27979 e
102.17507 36.82523 -0.89477 -0.11081 -0.43257 e
102.41497 76.61678 0.68729 -0.35571 -0.63333 e
102.50359 75.90174 0.80042 0.05633 -0.59678 e
102.63827 48.02210 0.56914 -0.20271 -0.79687 e
103.22033 43.69881 0.81373 -0.58044 -0.03058 e
103.43728 40.70217 -0.39943 -0.46001 -0.79300 e
103.50611 45.08345 0.74368 0.54577 -0.38611 e
104.29468 41.11352 -0.08648 0.10024 -0.99120 e
104.37494 43.48031 -0.80360 -0.59037 -0.07543 e
104.65823 53.31134 0.65634 -0.39976 0.63985 e
104.79336 53.43341 0.51163 0.47461 -0.71622 e
104.90174 20.54917 -0.13769 -0.98192 0.12993 e
104.98244 24.93741 0.01782 -0.00600 -0.99982 e
104.99790 58.11880 -0.46023 -0.46584 0.75577 e
105.02228 64.70075 0.25381 -0.88010 -0.40125 e
105.20913 37.55046 0.56737 -0.13066 -0.81303 e
105.66426 33.73073 -0.77201 0.36971 -0.51702 e
105.91320 34.34775 0.70369 -0.26542 -0.65907 e
106.03995 41.82479 -0.27354 0.62260 -0.73317 e
106.58695 37.25845 -0.68998 0.58799 -0.42214 e
106.73471 41.21167 -0.23275 0.71311 0.66129 e
106.93200 73.89103 -0.38561 -0.35761 -0.85054 e
107.24730 82.77646 0.13628 0.99060 0.01140 e
107.29566 56.21860 0.43850 0.89695 -0.05662 e
107.45055 18.60943 0.95798 0.25719 0.12701 e
107.46529 50.51131 -0.94742 -0.07862 -0.31017 e
107.75527 48.46032 -0.33455 0.47758 -0.81240 e
107.99379 25.52547 0.09404 0.86321 -0.49601 e
108.13751 50.73834 0.45805 -0.50709 -0.73010 e
108.28846 75.93247 -0.30907 -0.50434 -0.80630 e
108.66148 34.04390 -0.60028 -0.77954 -0.17882 e
108.75466 54.00070 0.96318 -0.09349 -0.25208 e
108.82390 52.92538 0.83757 0.52358 0.15603 e
109.07999 30.89983 -0.63833 0.13978 -0.75697 e
109.58808 26.85364 -0.74208 0.38607 -0.54796 e
110.71390 32.66516 -0.17376 -0.13342 -0.97571 e
110.87747 36.06930 0.67194 -0.36352 -0.64525 e
110.94954 57.33220 -0.71003 -0.58683 -0.38922 e
111.13070 30.64621 0.44701 0.08798 -0.89019 e
111.49970 36.26472 -0.78448 0.08615 -0.61414 e
111.53454 40.18130 -0.61996 -0.48112 0.61982 e
111.54475 35.88885 -0.25197 -0.08197 -0.96426 e
111.56518 32.73315 0.19423 -0.95782 -0.21180 e
111.62491 40.15725 0.44534 -0.76898 0.45863 e
111.79992 40.11692 0.91508 -0.21992 -0.33802 e
112.09798 53.73540 -0.64840 -0.19002 -0.73720 e
112.22260 34.06852 0.06315 0.40642 -0.91150 e
112.23864 62.62627 0.90565 0.24700 -0.34466 e
112.26804 46.61590 0.08054 0.55757 0.82621 e
112.32538 40.64271 0.29050 -0.81840 -0.49582 e
112.43776 54.16481 0.05158 -0.90364 -0.42517 e
112.49718 24.94818 -0.63394 0.73475 0.24137 e
112.58395 30.92299 -0.01730 0.46369 -0.88583 e
112.85691 48.13664 0.83177 0.54859 -0.08492 e
113.16323 46.89914 -0.28035 -0.93453 0.21922 e
113.38382 56.43141 0.97226 0.21289 -0.09685 e
113.40932 32.51567 0.15707 0.53072 -0.83287 e
113.43513 80.47959 -0.12136 0.93860 -0.32295 e
113.74196 31.57640 -0.57333 -0.79434 -0.20080 e
113.86939 54.00830 0.84912 0.50465 -0.15593 e
114.84756 48.11580 -0.50307 -0.04344 -0.86315 e
114.87862 36.43637 -0.51811 -0.45405 0.72485 e
114.91610 30.98020 -0.14119 -0.97839 -0.15104 e
115.30070 43.23997 -0.94218 0.31920 0.10197 e
115.61423 47.42575 0.62721 0.72075 0.29517 e
116.02544 29.13654 -0.64461 0.13757 -0.75204 e
116.51461 56.40741 -0.06503 -0.27412 -0.95950 e
116.80460 63.96050 0.89610 -0.10497 0.43126 e
117.03512 51.93407 0.38595 -0.44473 -0.80824 e
117.29499 46.14687 -0.87173 -0.29467 -0.39149 e
117.34685 29.49288 0.89491 0.06943 -0.44080 e
117.54790 29.55450 -0.94562 0.20094 -0.25579 e
117.55001 77.85479 -0.60733 0.72951 -0.31458 e
117.83263 53.82718 0.44821 -0.80679 0.38496 e
117.98155 46.08957 -0.91459 0.40102 -0.05210 e
118.05714 55.21833 -0.08801 -0.74293 -0.66355 e
118.62458 82.38729 -0.57342 -0.58350 -0.57508 e
119.01874 30.09071 -0.99155 0.05515 0.11740 e
119.14925 53.37216 -0.68684 0.50031 -0.52720 e
119.52373 24.53240 0.72757 0.00839 -0.68599 e
119.53627 31.43396 -0.82198 -0.10113 -0.56046 e
119.60280 42.54706 0.72184 -0.61885 -0.30978 e
120.90784 58.45639 -0.69180 -0.61950 -0.37097 e
121.36396 41.40210 0.81044 0.47310 0.34548 e
121.48558 78.49788 0.57323 -0.81679 -0.06529 e
121.61940 50.17617 0.21730 0.89714 -0.38460 e
121.65411 70.60648 -0.61835 -0.55742 -0.55401 e
122.09829 32.85435 0.50414 -0.84858 -0.16050 e
122.80812 59.59081 -0.10362 -0.76068 -0.64080 e
124.66175 13.66259 0.09940 -0.99321 -0.06044 e
124.81043 55.86544 -0.33042 -0.69246 -0.64134 e
124.86277 46.89863 0.75988 -0.60437 -0.23943 e
125.24543 28.27201 -0.66728 -0.43588 -0.60394 e
125.55272 41.32273 0.50885 0.57399 -0.64157 e
125.81380 34.42177 0.54008 0.67410 -0.50389 e
126.09043 71.18193 -0.18413 0.12510 -0.97491 e
126.23986 66.46526 -0.05507 -0.78328 -0.61922 e
126.42259 47.86282 0.05260 0.64975 -0.75833 e
126.96653 79.59725 0.93081 0.12670 -0.34285 e
127.35865 55.54639 0.84645 -0.44425 -0.29355 e
127.45941 38.98273 -0.09621 0.39725 -0.91265 e
127.61485 82.96782 -0.81294 -0.21773 -0.54011 e
127.81634 51.66784 -0.55265 -0.83342 0.00029 e
127.85411 20.52649 -0.84171 -0.53431 0.07769 e
128.23145 56.36299 -0.62232 -0.75814 0.19482 e
128.43197 29.61642 0.83112 0.36678 -0.41799 e
128.55618 10.34269 -0.15839 -0.46703 -0.86994 e
128.89663 77.38937 0.74772 0.55440 -0.36545 e
128.97836 82.14598 0.48620 0.33615 -0.80661 e
129.22918 26.95242 0.12763 0.82803 -0.54596 e
129.31776 25.52735 0.67273 0.72932 -0.12464 e
129.80014 42.54209 -0.84401 -0.10078 0.52678 e
130.24230 41.14034 0.65723 0.64182 0.39513 e
130.25064 24.47498 0.33864 -0.06021 -0.93899 e
131.41014 79.31876 0.62314 0.00240 -0.78210 e
131.51301 31.83325 -0.57599 0.29499 -0.76238 e
132.14001 81.20462 -0.44922 -0.18619 -0.87381 e
132.29400 65.49327 0.74814 0.66313 0.02341 e
133.17198 57.15673 -0.70548 0.45553 0.54295 e
133.26602 40.85005 0.91903 -0.34311 -0.19407 e
133.29996 81.29502 -0.13646 -0.98325 0.12079 e
133.33984 23.50359 -0.36768 -0.86526 0.34078 e
133.45165 20.16102 -0.24154 0.79942 -0.55007 e
133.47198 36.13956 0.94216 -0.27752 -0.18791 e
133.69880 41.75312 0.83972 -0.30039 -0.45237 e
134.09742 40.23444 0.35122 -0.51226 -0.78373 e
134.14663 56.13701 -0.69792 -0.70217 -0.14095 e
134.38136 75.85270 -0.37932 0.92475 -0.03086 e
134.47449 66.67330 -0.87003 0.09717 -0.48332 e
134.57542 52.03307 0.01258 -0.88295 -0.46929 e
134.61101 52.34340 -0.62151 -0.38375 -0.68298 e
134.80797 51.04239 -0.45273 0.89159 -0.01016 e
135.04338 78.89769 0.28652 -0.29874 0.91031 e
135.32407 64.92117 -0.59587 0.06386 -0.80054 e
135.34424 25.61037 0.70592 -0.70773 0.02814 e
135.63609 24.05499 0.19568 0.90496 -0.37784 e
135.91057 54.32549 0.32250 0.61394 -0.72047 e
136.28609 64.59074 -0.20131 0.59949 -0.77465 e
136.46461 63.61933 0.65805 -0.61066 0.44053 e
136.59468 48.06533 0.19149 0.25694 -0.94727 e
136.67483 35.83875 0.28464 0.65334 -0.70151 e
136.97242 58.22070 0.04120 -0.79888 -0.60008 e
137.15084 64.23650 -0.85159 0.43091 -0.29852 e
137.50073 66.74198 -0.69034 -0.60476 -0.39711 e
138.40471 29.50748 0.58884 0.02378 -0.80790 e
138.50103 79.41647 0.29309 -0.28152 -0.91370 e
138.53341 23.40614 0.50615 0.58521 -0.63352 e
139.61768 47.13758 0.10548 -0.98072 0.16450 e
140.06865 58.55114 -0.23904 0.40180 0.88398 e
140.07333 84.62699 -0.72921 0.41317 -0.54548 e
140.36934 73.68980 -0.06107 -0.45551 -0.88813 e
140.65073 25.59813 -0.16112 0.98162 0.10231 e
141.20906 53.22437 0.52307 -0.68397 -0.50851 e
141.21218 50.75822 0.96836 0.16591 0.18642 e
141.49748 46.24366 -0.36870 0.86573 -0.33848 e
141.53743 72.16379 0.12320 0.95038 0.28564 e
141.75571 46.05080 -0.49122 0.79635 -0.35288 e
142.19573 54.89485 -0.79688 -0.55527 0.23802 e
142.77382 71.66642 0.65660 0.73086 -0.18632 e
143.01795 27.12801 -0.88350 -0.46451 -0.06055 e
143.35664 44.76234 0.97842 -0.15992 -0.13087 e
143.61610 26.64278 0.79799 0.57896 0.16741 e
143.78997 54.69742 0.99244 0.00931 0.12240 e
143.97042 71.03926 0.80838 0.33683 -0.48277 e
144.47467 80.68784 0.30913 -0.01856 -0.95084 e
145.11124 34.78325 -0.43378 0.89531 0.10127 e
145.23604 52.01140 0.30391 -0.00594 -0.95268 e
145.36869 73.40496 0.24948 0.95714 -0.14711 e
145.75909 16.61677 -0.63116 0.63525 0.44508 e
145.92484 78.96155 0.65753 0.72300 0.21196 e
146.30078 60.82445 -0.45825 0.61648 -0.64028 e
146.40203 28.99319 -0.86052 0.50882 0.02472 e
146.73124 50.55527 0.46411 0.67780 -0.57026 e
146.74016 34.03091 0.78817 0.48584 -0.37782 e
146.89496 55.84745 0.03415 0.93761 0.34601 e
147.11227 69.00226 -0.55301 -0.63190 -0.54304 e
147.31721 41.65441 0.68730 0.23913 -0.68588 e
147.48485 27.65992 0.70472 0.33998 -0.62272 e
147.58522 13.62703 -0.54346 0.19250 0.81707 e
148.17620 61.67715 -0.05600 -0.57265 -0.81789 e
148.19172 30.71081 0.00667 -0.88149 0.47216 e
148.44655 31.25616 0.57619 0.29392 0.76264 e
148.47632 76.79630 -0.55015 0.16937 0.81771 e
148.99165 32.13043 0.23322 -0.95740 0.17026 e
149.04891 25.75454 0.41451 -0.64638 0.64060 e
149.24927 54.50625 -0.17964 -0.25467 -0.95020 e
150.16106 30.47364 -0.66954 0.66160 0.33764 e
150.40495 24.06759 0.44710 -0.54873 -0.70640 e
150.49226 27.86852 0.19139 0.89839 -0.39531 e
150.86755 53.92249 -0.72853 0.01883 -0.68476 e
151.30701 36.11280 -0.12616 0.83665 -0.53301 e
152.29273 71.51350 0.34881 -0.76252 -0.54489 e
152.58155 23.32546 -0.96221 -0.21589 -0.16597 e
152.71013 44.34445 0.77558 -0.08503 0.62549 e
152.91641 52.40551 0.94499 -0.19480 0.26277 e
153.05447 55.69928 0.46751 -0.47978 -0.74246 e
153.18979 77.07771 0.43410 -0.09483 -0.89586 e
153.27995 30.59611 0.04210 -0.86020 -0.50822 e
153.87636 35.53010 0.68259 -0.16825 -0.71117 e
154.10319 33.94150 -0.02461 -0.63500 -0.77212 e
154.28357 41.58023 -0.93081 0.16960 -0.32378 e
154.37217 27.86604 -0.48486 -0.28780 0.82588 e
154.72986 24.03339 -0.91780 0.06153 -0.39224 e
154.73307 46.45144 0.06668 0.44751 -0.89179 e
155.91493 69.50876 -0.04458 0.72989 -0.68211 e
156.00036 50.20587 -0.60192 0.66066 -0.44857 e
156.83790 81.83153 -0.74372 0.49530 -0.44896 e
157.08609 50.43513 0.75665 0.62148 0.20307 e
157.52487 19.25405 0.33337 -0.43900 -0.83435 e
158.39573 25.35617 0.07797 -0.98956 0.12121 e
159.21369 30.13569 0.18727 -0.96395 -0.18902 e
159.83046 60.52359 -0.78964 0.56734 -0.23363 e
159.86591 76.34924 -0.13912 0.37398 -0.91694 e
160.33700 17.68442 0.96019 0.24453 0.13504 e
160.36089 62.82309 0.94902 -0.13167 0.28640 e
161.82044 59.99023 -0.02347 -0.53589 -0.84396 e
162.29015 52.94622 -0.83748 0.54119 0.07576 e
162.75604 34.05799 -0.38243 -0.92012 0.08445 e
163.15251 23.20338 -0.83408 -0.30815 -0.45755 e
163.34298 46.62038 -0.36089 -0.91539 -0.17838 e
164.84126 13.78786 -0.92618 0.17916 0.33180 e
164.91403 59.25404 -0.56218 -0.20819 -0.80038 e
166.23077 74.44876 0.58517 -0.28540 -0.75903 e
166.60123 47.75522 -0.57103 -0.13338 -0.81002 e
166.68895 71.91947 -0.12126 0.67355 -0.72913 e
167.79692 77.38265 -0.05025 0.80214 0.59502 e
168.05323 61.88185 0.24794 0.83720 -0.48747 e
169.00537 49.96420 0.45151 0.89125 0.04259 e
170.77430 45.87729 -0.32880 0.39598 -0.85737 e
171.52629 82.45581 -0.33119 -0.73082 -0.59684 e
171.70297 33.37436 -0.80701 0.49144 0.32746 e
171.86013 77.68664 -0.33564 -0.62593 -0.70395 e
172.29502 17.22039 0.61499 -0.75616 -0.22365 e
172.48973 12.66768 -0.31560 0.78651 -0.53085 e
172.82548 46.96549 0.83492 -0.13300 -0.53406 e
172.89481 41.70001 -0.55183 -0.78444 -0.28309 e
172.94698 60.93094 -0.64790 -0.61163 -0.45401 e
173.20024 31.03534 0.76865 -0.26177 -0.58365 e
173.37104 21.00892 -0.40295 0.63821 0.65599 e
173.40796 51.69832 -0.21019 -0.09905 -0.97263 e
173.41102 59.73615 -0.75789 -0.14740 0.63551 e
174.19533 63.73786 -0.58924 0.15253 -0.79343 e
174.19692 45.34249 -0.92234 0.16021 -0.35161 e
174.26292 42.82399 -0.00990 0.82339 -0.56740 e
174.90218 78.03434 0.74647 0.61886 -0.24453 e
175.10093 64.20973 0.39780 0.04192 -0.91651 e
175.13240 28.56626 -0.33428 0.21954 -0.91655 e
175.14249 31.63743 -0.12873 -0.25633 0.95798 e
175.40538 59.03574 0.78547 0.35173 -0.50923 e
175.72683 70.61433 0.57048 -0.60291 -0.55772 e
176.20304 43.06829 0.75383 -0.50223 -0.42369 e
176.83843 84.86028 0.85337 0.00427 -0.52128 e
176.95280 32.84027 -0.94292 0.02697 -0.33191 e
177.82338 38.34097 -0.53108 -0.29245 -0.79526 e
179.30751 49.05672 -0.23667 -0.89913 -0.36816 e
179.46069 25.00885 0.52960 -0.83184 -0.16603 e
179.62198 22.86556 0.07159 0.37079 0.92595 e
180.21064 51.15429 -0.16429 0.85452 0.49275 e
180.21218 52.61320 0.61537 -0.65190 -0.44311 e
180.27585 43.94089 0.82313 0.09489 -0.55987 e
181.16033 42.22259 0.39753 -0.53413 -0.74611 e
181.53860 36.32188 -0.63175 0.20427 0.74778 e
181.75916 67.74100 0.70262 -0.70061 -0.12437 e
181.85859 77.58024 0.75355 0.16981 -0.63508 e
181.91226 56.35568 -0.18542 0.90833 -0.37492 e
182.32071 24.56574 0.49020 0.52217 -0.69788 e
182.56832 43.46069 -0.87188 -0.43542 -0.22412 e
182.57178 28.64284 -0.35668 0.70247 -0.61589 e
182.59115 49.76651 0.95614 0.13363 -0.26064 e
183.02142 29.27999 -0.15762 0.78658 0.59704 e
183.43904 28.40262 0.04681 -0.84515 -0.53248 e
183.63969 26.98352 0.71244 0.56011 -0.42272 e
184.41428 21.38272 0.37152 -0.74619 -0.55242 e
184.58694 21.52659 0.40790 -0.06740 -0.91054 e
184.68916 79.94335 -0.30715 0.46239 -0.83178 e
184.90401 42.88626 0.32761 0.85224 0.40787 e
185.48202 15.56738 -0.86048 -0.08331 0.50262 e
186.07021 49.27292 0.09305 0.97876 -0.18269 e
186.16141 48.44568 0.57051 -0.76460 -0.29984 e
186.23118 84.49805 -0.62735 0.73493 -0.25752 e
186.36801 48.01222 -0.99211 0.06756 -0.10563 e
186.79381 48.48802 -0.43089 -0.80340 0.41096 e
186.94095 36.76928 0.16378 -0.55038 -0.81870 e
187.29616 59.18579 -0.66548 0.72727 0.16796 e
187.60820 38.68392 -0.38069 -0.46185 -0.80111 e
187.81136 35.24911 0.04262 0.10965 -0.99306 e
188.09313 48.58255 -0.03453 0.98912 -0.14302 e
189.23922 66.15295 0.35380 0.01959 -0.93512 e
189.77168 12.09778 -0.19797 -0.61639 -0.76215 e
190.20754 25.59835 -0.54525 0.58836 -0.59710 e
190.24591 82.80660 0.96460 0.23227 0.12489 e
190.74270 28.55743 0.51952 0.85082 -0.07882 e
190.75665 40.49926 -0.69374 0.29130 -0.65869 e
191.05009 59.86756 -0.92864 0.02575 -0.37009 e
191.22692 54.77552 0.25273 -0.46294 -0.84959 e
191.61266 82.51210 -0.01853 -0.99803 -0.06000 e
192.03043 67.49608 -0.98590 0.16334 -0.03644 e
192.28883 82.21356 -0.88437 0.44023 0.15518 e
192.55336 34.80366 0.71901 0.50825 -0.47404 e
192.58936 54.22277 0.07527 0.81204 -0.57873 e
193.82110 65.34614 0.75447 -0.46495 -0.46324 e
193.86472 67.08660 -0.45845 -0.56333 -0.68737 e
194.71239 47.81354 -0.51224 0.82554 0.23683 e
195.59167 71.37778 -0.61235 0.46438 -0.63983 e
195.89837 39.79786 0.08838 0.95234 -0.29194 e
196.79143 80.57502 -0.97736 -0.18249 -0.10703 e
197.07382 43.02548 -0.37453 -0.92186 0.09947 e
197.26114 62.05730 -0.98590 0.16442 0.03111 e
197.42470 38.18327 -0.73127 0.52681 -0.43326 e
198.07286 47.69057 -0.67604 0.60423 -0.42175 e
198.49543 66.06224 -0.38171 0.90644 -0.18073 e
198.54239 67.15442 0.70879 0.37313 -0.59866 e
199.14066 28.86673 0.97779 0.13639 -0.15917 e
199.24753 39.92063 -0.23731 -0.54675 0.80296 e
200.25231 38.88605 0.94008 -0.18721 0.28496 e
200.81746 52.35649 -0.68146 -0.58258 0.44295 e
200.93902 67.43599 -0.63394 -0.12397 -0.76338 e
202.87166 73.49269 0.30806 -0.55719 -0.77113 e
203.54433 75.06848 0.21985 -0.46803 -0.85593 e
203.62871 84.89295 0.12025 -0.68383 -0.71966 e
203.72385 71.83394 -0.20039 0.91149 -0.35920 e
203.88525 40.49253 -0.42933 -0.19428 -0.88200 e
204.52724 21.18513 -0.09230 -0.97165 -0.21764 e
204.61240 43.40879 0.74015 -0.01939 -0.67216 e
205.10692 22.20502 0.56612 0.57975 0.58600 e
205.12629 18.12921 -0.53266 0.08610 -0.84194 e
205.44952 66.05020 -0.36870 0.38727 -0.84503 e
206.90531 35.24749 -0.88706 -0.06576 0.45694 e
207.13717 44.44275 0.25286 0.96207 -0.10237 e
207.88355 29.55992 0.28955 0.38438 -0.87659 e
208.16996 29.29169 0.61166 0.43457 0.66108 e
208.32147 17.60978 0.69591 0.46428 -0.54786 e
208.45717 57.76110 0.15389 -0.58074 -0.79941 e
208.55321 68.77179 -0.00876 0.04922 -0.99875 e
209.15183 32.40929 0.40382 -0.12488 -0.90628 e
209.38091 40.95998 -0.55649 0.21652 -0.80215 e
209.68330 34.57070 -0.69844 -0.57580 -0.42501 e
209.78230 47.15917 -0.14590 -0.14862 -0.97807 e
210.01251 75.11123 -0.86115 0.37569 -0.34245 e
210.66897 37.91214 0.11627 0.91083 -0.39607 e
210.86179 42.34302 -0.75812 -0.62359 -0.19075 e
210.86500 39.89638 -0.84172 0.53345 0.08327 e
211.40818 59.11440 0.99295 0.01933 -0.11692 e
211.55407 20.78440 -0.59815 0.62690 0.49922 e
211.73735 52.59700 -0.77441 0.55715 -0.29978 e
212.25376 29.59267 -0.27254 -0.54234 -0.79473 e
213.07900 25.22347 0.14568 -0.24622 -0.95820 e
214.50685 30.17229 0.12748 0.51108 -0.85003 e
214.51141 54.92591 0.82506 0.03948 -0.56366 e
214.92641 19.51306 0.63363 0.71411 -0.29758 e
215.29937 43.42650 -0.67619 -0.49392 -0.54664 e
216.85225 17.67839 -0.26318 -0.69228 -0.67192 e
217.16947 33.47440 0.67602 0.54143 0.49986 e
217.48410 49.02223 -0.78012 0.32751 0.53306 e
217.58510 69.12600 -0.76778 0.04404 0.63920 e
217.65949 42.64903 0.48392 0.87489 -0.01985 e
217.83736 46.07838 0.95077 -0.15232 -0.26989 e
218.44822 16.60235 -0.35764 0.92643 -0.11756 e
218.51699 21.66628 -0.68196 -0.71814 0.13860 e
219.25840 30.44145 0.90568 -0.32445 -0.27291 e
219.37454 75.13918 -0.00716 0.68145 -0.73183 e
220.40247 20.87770 0.27382 -0.46560 0.84157 e
220.79355 8.63737 0.86268 0.31231 -0.39780 e
221.28794 84.41028 0.44416 -0.43137 -0.78526 e
221.31230 37.18548 0.49778 0.82681 -0.26192 e
221.85547 29.71468 0.80916 0.20873 0.54926 e
222.21066 74.54309 -0.30451 -0.87120 -0.38509 e
223.15140 68.96874 0.24856 0.96052 -0.12496 e
223.69834 28.68801 0.35808 -0.35726 -0.86264 e
224.07940 79.48211 0.43851 0.43365 -0.78718 e
224.11124 33.33610 0.89721 -0.34834 0.27144 e
224.66958 43.66016 -0.29240 -0.05044 -0.95497 e
224.87314 37.81632 -0.13906 0.80355 -0.57876 e
225.02647 60.17678 -0.97197 -0.18270 0.14801 e
226.35411 69.61341 0.11131 -0.65893 0.74392 e
227.19606 49.10761 -0.31547 0.94824 -0.03622 e
228.03647 58.79754 -0.52973 0.76760 0.36080 e
228.15926 57.12704 0.96670 0.08088 -0.24281 e
229.19478 18.31104 0.08172 0.18253 0.97980 e
229.93078 78.57492 -0.91460 0.22586 0.33541 e
230.39772 80.01594 -0.22220 -0.42041 -0.87971 e
230.84534 51.29012 -0.37273 -0.42102 -0.82693 e
231.53167 62.62605 -0.07581 -0.06472 -0.99502 e
231.65594 74.65652 0.33004 0.39332 -0.85812 e
231.71651 67.08559 -0.01053 0.99977 -0.01865 e
232.18014 25.14560 0.22397 0.69563 -0.68260 e
232.31305 44.95791 0.79810 -0.55617 -0.23178 e
232.36471 10.68616 -0.38943 -0.82046 -0.41856 e
233.13960 62.51929 0.29089 0.61485 0.73304 e
233.41608 41.42650 0.35626 0.80928 0.46706 e
234.35522 71.53223 0.65355 -0.10706 -0.74927 e
235.20004 31.21611 0.34058 0.81513 0.46859 e
235.41965 29.05618 0.42168 0.44615 0.78939 e
238.81418 52.44213 0.60555 -0.75710 -0.24515 e
238.98382 44.59583 0.40711 0.88820 -0.21299 e
239.44775 71.36894 -0.43280 0.90149 0.00076 e
239.54767 55.84916 0.16041 0.15433 -0.97491 e
239.65003 81.34592 0.57815 0.19425 -0.79247 e
240.27878 21.49027 0.62073 0.58027 -0.52724 e
240.95438 46.81624 0.12282 0.35267 -0.92765 e
242.11640 22.69001 0.82108 0.52882 -0.21489 e
242.14004 73.62363 0.31134 -0.67291 -0.67101 e
242.75189 42.15186 0.82547 0.55098 0.12252 e
243.04206 50.43826 0.41390 -0.89958 0.13942 e
243.96842 25.67360 0.04594 0.90387 -0.42534 e
243.98923 57.67598 -0.16794 0.29188 -0.94160 e
245.43816 49.93471 0.52973 -0.83360 -0.15652 e
245.53178 72.14962 -0.71315 -0.49307 -0.49829 e
247.10868 70.99420 -0.99470 0.01894 0.10108 e
248.21814 39.39649 -0.53030 0.81140 -0.24579 e
248.88757 76.64334 -0.37307 0.81898 -0.43600 e
249.29776 28.15021 0.03989 -0.98524 0.16648 e
249.33350 55.87291 -0.00197 0.99931 0.03713 e
249.88650 62.48027 0.38523 0.09981 -0.91741 e
249.90395 69.24193 0.76524 0.47647 -0.43289 e
250.03285 71.34275 0.72457 -0.15996 -0.67038 e
250.40019 46.54179 0.23688 -0.84812 0.47390 e
250.59318 26.73247 0.28330 -0.89111 -0.35449 e
253.18034 33.68308 -0.94958 -0.27445 -0.15158 e
253.85340 65.33098 -0.16813 0.57245 -0.80251 e
254.90760 72.98198 -0.81411 -0.55583 -0.16819 e
255.49677 52.02569 -0.90784 0.40208 0.11898 e
256.20970 76.07369 0.86966 -0.48531 0.09037 e
256.24826 50.32341 0.20270 0.40135 -0.89321 e
256.76611 26.64952 0.96584 -0.12488 -0.22705 e
257.87956 25.62708 -0.75388 -0.11667 -0.64657 e
258.35481 71.41351 0.14700 0.62538 -0.76635 e
258.82716 51.54430 -0.49480 0.81559 -0.29998 e
259.14993 19.16188 -0.67231 0.70801 0.21615 e
259.16862 61.85362 0.58629 -0.77894 0.22254 e
259.34852 83.48860 0.03734 0.87907 -0.47523 e
259.62525 45.34261 0.46788 0.87457 -0.12732 e
259.78564 38.91922 -0.80777 0.34021 -0.48142 e
260.89036 32.99064 0.00447 -0.79688 0.60411 e
261.37543 53.58292 -0.30701 -0.24592 0.91939 e
261.37665 44.32406 -0.73150 -0.63517 0.24793 e
262.81107 40.95507 0.68017 0.34362 0.64753 e
262.88036 37.48622 -0.49310 0.78127 0.38271 e
263.05791 52.04794 -0.05707 0.36350 -0.92985 e
264.38915 43.68300 -0.22629 0.86616 -0.44560 e
265.04321 81.97876 -0.65290 -0.74095 0.15721 e
265.56885 49.58767 -0.63237 0.65055 -0.42058 e
265.84432 47.95278 0.36907 0.82226 -0.43321 e
266.13626 38.12719 -0.61145 0.78588 0.09236 e
266.21470 38.36988 -0.77723 -0.45856 0.43085 e
266.50177 48.94151 0.24407 -0.63991 -0.72866 e
267.03221 54.46863 -0.37967 -0.18352 -0.90673 e
267.05333 77.05902 -0.05873 0.98205 0.17925 e
267.99318 73.73244 0.17180 -0.17159 -0.97007 e
268.13317 81.68061 0.20882 0.27494 -0.93851 e
269.11512 22.66658 0.23965 -0.91733 -0.31792 e
269.15422 69.47445 0.71730 -0.68079 0.14833 e
269.58388 12.35411 -0.95319 -0.28627 0.09732 e
270.40470 13.42131 0.65425 -0.70995 0.26063 e
270.76619 31.27425 0.16331 0.24835 0.95480 e
271.23533 12.31567 -0.41662 -0.80707 0.41840 e
273.32779 27.92991 0.53812 0.20505 -0.81754 e
273.53641 37.90131 -0.47127 0.50777 0.72117 e
273.59037 32.75329 0.69982 -0.70902 -0.08686 e
273.64832 42.54271 0.40834 0.44085 -0.79932 e
273.78257 68.98372 0.78430 0.60780 -0.12429 e
273.90666 40.21240 0.00895 0.99956 0.02826 e
274.04675 34.96235 0.65519 -0.16635 -0.73692 e
274.19778 25.24092 -0.34028 -0.48167 -0.80759 e
274.35951 42.53263 -0.19767 0.33460 -0.92139 e
274.90259 80.52976 -0.75430 0.58076 0.30619 e
275.44835 79.72964 0.10823 -0.28779 -0.95156 e
276.15034 63.60280 0.04079 0.83800 -0.54414 e
276.22616 28.05715 -0.19096 0.44668 -0.87407 e
276.80790 70.26336 0.32558 0.70631 -0.62859 e
277.29263 38.79006 -0.30418 0.68209 -0.66500 e
277.60213 35.24621 -0.83047 0.34722 -0.43560 e
277.84302 63.75883 0.85505 0.18170 -0.48567 e
278.16015 32.37070 0.09847 -0.08716 -0.99132 e
278.23364 30.34932 0.77508 0.57726 -0.25694 e
279.31234 65.17980 0.03983 0.82731 0.56033 e
279.35408 34.14396 -0.27124 -0.53818 -0.79799 e
279.38493 66.77647 0.11262 0.18488 -0.97629 e
279.50318 60.90201 -0.83556 0.25050 -0.48897 e
279.89827 41.60764 0.23206 -0.81713 -0.52768 e
280.15506 24.29830 0.25284 0.94957 0.18545 e
280.87818 65.83822 -0.79854 -0.22326 0.55901 e
280.87848 24.46761 -0.84258 0.43200 -0.32163 e
281.17781 69.49451 -0.90594 0.08870 -0.41401 e
281.90786 32.25387 -0.62874 -0.49978 0.59574 e
282.30869 18.73352 0.44975 0.63719 -0.62587 e
282.57240 76.45858 0.26405 0.17427 -0.94864 e
282.62565 74.85177 -0.44858 0.10115 -0.88800 e
282.89794 23.05231 -0.95676 -0.13783 0.25615 e
283.08814 59.87404 -0.34348 -0.46621 -0.81528 e
284.15848 29.00647 -0.53590 0.46002 -0.70795 e
284.89467 39.76697 -0.42206 -0.89586 0.13896 e
284.96136 29.77887 -0.13697 -0.10472 -0.98502 e
285.59988 42.01775 0.88935 -0.34604 -0.29886 e
286.06706 37.38735 -0.35501 0.60135 -0.71579 e
286.37690 39.03614 0.64804 0.51007 0.56558 e
287.29243 68.09489 0.78463 0.60156 -0.14995 e
287.85908 79.45804 0.70629 0.28581 0.64766 e
288.05273 44.22797 -0.36691 0.93000 0.02200 e
289.80726 71.82907 0.62599 -0.65522 0.42287 e
289.85155 53.34742 0.80207 0.53679 -0.26180 e
289.92117 41.19627 0.60551 0.26863 -0.74913 e
291.28375 25.39234 0.29587 -0.94838 0.11419 e
291.28821 24.44789 -0.89521 0.44145 0.06100 e
291.93522 29.51968 -0.16738 0.97562 -0.14193 e
292.75388 52.60074 0.54652 -0.83585 -0.05165 e
292.86903 27.05199 0.24448 0.66073 0.70969 e
294.35869 71.54529 -0.51688 -0.50990 -0.68763 e
294.62511 32.47768 0.43471 -0.90022 -0.02532 e
294.76426 24.34021 0.49400 -0.45725 -0.73951 e
296.11496 84.47488 0.76982 -0.62420 -0.13321 e
296.52741 55.39633 -0.92973 0.22183 -0.29391 e
297.13688 82.26080 -0.30584 0.92467 -0.22684 e
297.62624 43.69942 0.22475 0.27654 -0.93435 e
298.32082 40.05201 -0.59592 0.78833 0.15304 e
299.11540 33.62061 0.26931 0.95918 0.08633 e
300.46310 27.93302 0.18153 0.31314 -0.93220 e
300.69679 41.47628 -0.39072 -0.15441 -0.90747 e
300.90551 18.93992 0.05447 0.98387 -0.17042 e
301.41239 60.00013 -0.90038 -0.38073 -0.21063 e
302.01640 84.41558 0.10960 -0.83597 -0.53772 e
303.78419 83.99326 0.25388 -0.91814 -0.30423 e
304.41264 62.09718 0.35813 -0.88352 -0.30189 e
304.77019 12.62400 -0.47969 -0.84196 -0.24700 e
305.10933 70.51044 -0.55790 -0.47113 -0.68322 e
305.72419 33.00621 -0.08759 0.70714 -0.70163 e
306.59666 34.49908 -0.64767 0.51375 0.56266 e
307.00081 73.45223 0.56245 0.06416 -0.82434 e
308.14845 73.48240 0.82524 0.51785 -0.22541 e
308.44638 35.84109 -0.75920 -0.58353 0.28829 e
308.68118 45.55808 -0.09088 0.36442 -0.92679 e
308.71938 82.50503 -0.68290 -0.66314 0.30642 e
309.46647 14.93903 -0.84481 0.51716 0.13727 e
311.01561 50.95711 0.55369 -0.60327 -0.57402 e
311.10758 49.83730 0.03698 -0.99929 -0.00768 e
311.46054 29.64439 -0.30719 -0.81107 0.49779 e
312.07780 62.63919 -0.48714 -0.36950 -0.79131 e
312.45227 50.42887 -0.02118 -0.84223 -0.53870 e
312.86122 76.24818 -0.19921 -0.90617 0.37305 e
312.89081 60.34356 -0.82705 0.00527 -0.56211 e
313.63026 49.90986 0.38264 0.44431 -0.81005 e
313.66787 49.34565 -0.40872 -0.89454 -0.18095 e
313.87530 51.37731 0.11021 -0.98866 -0.10201 e
314.86736 25.89192 0.09900 -0.96800 -0.23060 e
315.12668 26.85770 0.46290 0.88454 -0.05752 e
315.68330 40.56227 0.06878 0.99661 0.04515 e
317.24500 28.98485 0.63273 -0.77131 -0.06876 e
317.63133 55.11727 -0.19330 0.79153 -0.57975 e
317.85879 52.80928 0.29915 0.95269 0.05378 e
318.67166 50.53311 0.77348 0.24770 -0.58342 e
318.74321 51.58540 0.89249 -0.41658 -0.17299 e
318.76891 40.49709 -0.94718 0.10152 -0.30422 e
318.95169 62.35653 -0.86354 0.12683 -0.48806 e
319.04087 72.54985 -0.81053 -0.52524 -0.25917 e
320.80516 54.75192 0.29131 0.09278 -0.95212 e
322.09156 34.02162 -0.99447 -0.04719 0.09380 e
322.38138 43.48201 -0.96534 0.25993 -0.02334 e
322.38969 39.09474 0.96801 0.24820 -0.03670 e
322.98977 84.68592 0.62853 0.50300 0.59325 e
323.09561 77.82097 0.47922 -0.63124 -0.60982 e
323.23599 48.44437 0.03693 -0.88768 -0.45897 e
323.71839 45.32239 0.49764 -0.59436 -0.63173 e
323.75063 73.77630 -0.05327 -0.38184 -0.92269 e
323.90676 31.94018 0.17209 0.98504 0.00918 e
323.92784 24.59820 -0.58404 0.79766 -0.15047 e
324.67430 61.27542 -0.65998 -0.39089 0.64159 e
324.80038 52.33895 -0.36700 -0.92980 0.02814 e
324.88236 74.66379 0.13030 -0.97979 0.15174 e
326.78004 41.95023 0.27831 0.68476 -0.67353 e
326.98908 47.80579 -0.54353 -0.73596 0.40366 e
327.17456 42.13415 0.38843 0.39083 -0.83449 e
327.36649 48.19892 -0.58032 -0.63363 0.51161 e
327.46868 79.81117 0.60210 0.66564 -0.44091 e
327.69550 50.48340 0.07534 0.99325 -0.08818 e
327.79496 72.16460 0.75334 0.13738 0.64312 e
327.86691 30.84355 -0.69676 0.54210 -0.46973 e
328.00432 44.38146 0.15283 0.92815 -0.33937 e
328.65973 60.21045 0.14426 0.96272 0.22880 e
328.95058 59.49279 -0.55359 -0.22031 -0.80312 e
330.63557 64.00357 0.04180 0.28131 -0.95871 e
331.40969 70.78766 -0.43573 0.69116 0.57657 e
331.88244 24.69463 0.98096 -0.00400 0.19418 e
332.08298 71.11364 -0.94241 0.03017 -0.33310 e
332.67213 28.58003 0.67630 -0.53802 -0.50315 e
334.16118 19.78261 -0.98815 -0.01228 -0.15300 e
334.27404 15.90937 -0.94034 -0.23171 0.24915 e
334.32720 51.15141 -0.41699 0.49297 0.76361 e
334.33960 39.97632 0.37186 0.86077 -0.34755 e
335.72807 59.61347 -0.64716 -0.14876 0.74770 e
336.12135 65.15928 -0.32897 -0.84379 -0.42402 e
336.31730 39.13628 0.09895 0.01817 -0.99493 e
336.62319 34.39145 0.52649 0.82594 -0.20158 e
338.05002 61.21274 -0.89681 0.13841 0.42021 e
338.60360 39.75027 -0.25939 0.65605 -0.70874 e
338.77000 53.67436 0.86534 -0.49390 -0.08521 e
339.00806 54.40392 -0.35942 0.72227 -0.59088 e
339.59102 66.08423 -0.96228 0.05255 -0.26693 e
339.71956 64.88828 -0.48655 -0.76458 -0.42270 e
339.79896 32.11458 0.00758 0.91150 -0.41122 e
341.08919 53.38386 -0.68482 -0.71197 -0.15528 e
342.11531 33.44312 0.79790 0.01102 -0.60269 e
343.85115 62.30912 -0.60451 -0.57671 0.54953 e
343.99633 60.59940 0.64921 -0.44298 -0.61830 e
347.50237 83.24456 0.15986 0.58664 -0.79392 e
347.68155 61.40658 -0.05341 -0.76743 -0.63890 e
349.27390 62.40551 0.99761 0.06403 -0.02602 e
349.53191 22.75668 0.52036 0.00262 -0.85394 e
349.88765 39.89181 -0.36806 0.05765 0.92801 e
350.51074 56.16490 0.37848 0.86377 -0.33264 e
350.52102 75.31701 0.92546 0.06139 0.37384 e
351.88890 56.77735 0.03947 -0.95278 -0.30108 e
352.00193 84.25601 0.36494 0.60324 -0.70917 e
352.79592 38.10922 -0.56625 -0.76070 0.31733 e
353.04277 48.47688 -0.83962 -0.15076 0.52183 e
353.16141 35.93804 0.86839 0.45668 -0.19322 e
353.60221 78.92984 0.86440 0.47333 -0.16963 e
356.07390 14.12780 -0.78996 -0.57433 -0.21474 e
356.66195 74.65455 0.12845 0.98904 -0.07287 e
358.25147 31.47731 0.52959 -0.36830 -0.76413 e
358.80924 39.70824 0.41285 -0.38621 -0.82486 e
360.83230 75.05818 -0.67457 0.73558 0.06224 e
360.88050 74.82347 -0.41714 0.85286 0.31403 e
361.12862 16.27705 0.11465 0.65125 -0.75015 e
361.86386 55.63841 -0.93831 0.31385 0.14517 e
362.92788 55.08394 0.19206 0.43910 0.87767 e
363.01836 72.24851 -0.10873 0.98873 -0.10295 e
363.79138 39.23160 -0.54674 0.10117 -0.83117 e
364.30823 54.88568 0.08949 -0.26560 -0.95992 e
364.54969 22.18730 0.37061 -0.56017 -0.74085 e
364.79054 50.43008 -0.99321 -0.05169 0.10419 e
365.72887 60.13745 -0.42915 0.87829 0.21080 e
369.65359 73.70429 0.23971 0.97011 -0.03772 e
369.69310 26.20931 -0.31424 -0.36395 0.87681 e
369.96575 46.35846 -0.92484 0.37939 -0.02705 e
370.47181 29.69683 0.28057 -0.81035 -0.51441 e
373.42676 58.00081 -0.70888 0.67414 0.20741 e
374.16755 26.53586 0.96606 0.01611 -0.25782 e
374.53264 60.69437 0.12609 -0.21002 -0.96953 e
375.18811 43.42098 0.17519 0.95863 0.22434 e
376.08072 20.04093 0.81441 0.08393 0.57418 e
376.92047 30.14195 -0.71177 0.42069 0.56249 e
378.67233 24.61979 0.68195 -0.57433 -0.45288 e
379.63626 53.67098 -0.11785 -0.87967 -0.46075 e
381.16326 46.83103 0.33143 -0.08830 -0.93934 e
382.39524 62.47520 0.97210 -0.23422 -0.01297 e
388.67726 58.10314 -0.12491 -0.89363 0.43107 e
389.81883 33.22045 0.75392 0.27925 -0.59466 e
393.18770 38.39566 0.44879 0.77568 -0.44374 e
395.29579 29.55564 -0.06208 -0.65328 -0.75457 e
401.80651 27.92779 0.91858 -0.02876 0.39418 e
403.17680 31.07620 0.09206 -0.95376 0.28612 e
405.08658 19.81237 0.17428 0.26466 0.94846 e
405.55845 20.35940 -0.83805 -0.02993 0.54477 e
410.16364 36.67184 0.99469 -0.10257 0.00849 e
415.78659 29.86030 0.40854 -0.47400 -0.78001 e
419.60736 37.84595 -0.72416 -0.33166 -0.60464 e
423.17625 38.56100 0.98970 0.09049 0.11097 e
432.20607 29.83553 -0.27509 -0.11848 -0.95409 e
442.99041 38.40658 0.73950 -0.67085 -0.05568 e
443.73626 75.03167 -0.78508 0.08359 -0.61373 e
444.77467 68.05455 -0.83817 -0.28314 -0.46615 e
445.05454 31.47477 0.88115 -0.45714 -0.12080 e
450.19249 34.84361 -0.31243 -0.47910 -0.82027 e
460.19140 55.05849 0.81490 -0.57883 0.02983 e
492.59680 25.75527 -0.57695 0.45925 0.67544 e
509.23200 32.46564 0.55473 -0.04846 0.83062 e
529.00074 26.81990 -0.84271 -0.12051 0.52471 e
536.03487 18.75972 -0.95941 0.27178 0.07532 e
538.28249 20.09819 0.98421 -0.13861 -0.11008 e
552.42355 18.59522 0.63287 0.70931 -0.31040 e
565.41122 14.95748 -0.53338 -0.84144 -0.08654 e
569.95108 46.02242 0.00580 -0.93685 -0.34968 e
587.58402 25.28151 0.94008 0.15002 -0.30618 e
595.08663 25.77422 -0.62306 -0.76307 0.17179 e
597.06598 23.27720 0.26963 0.89874 -0.34578 e
626.36819 32.66593 0.16014 -0.97283 -0.16723 e
652.97816 31.33954 0.46668 0.50206 0.72811 e
657.93840 36.36083 -0.01920 0.39670 0.91775 e
658.74837 35.19817 -0.52450 -0.71088 0.46856 e
686.47115 20.45386 -0.12332 0.89636 0.42583 e
728.63804 18.94430 0.55748 -0.75653 0.34189 e
752.78229 31.55776 -0.95505 -0.29329 0.04320 e
821.64444 12.83526 -0.78254 0.17757 -0.59675 e
832.50869 29.65950 0.09639 -0.98201 0.16239 e
840.01662 43.23109 0.03787 -0.48384 -0.87434 e
844.35686 18.54312 -0.69165 -0.65070 -0.31338 e
877.36009 28.27357 0.83399 -0.45353 -0.31428 e
911.35947 21.39611 0.44364 -0.37678 0.81315 e
936.92231 26.77494 -0.53122 -0.24325 -0.81157 e
959.01771 40.64962 -0.40952 -0.51367 -0.75395 e
981.39911 31.03573 0.04505 -0.89196 -0.44986 e
981.86620 30.53926 -0.45213 -0.25964 -0.85333 e
983.45936 31.38773 -0.75268 -0.38804 0.53188 e
1338.42292 18.56514 0.42754 0.76852 0.47601 e
1364.98344 12.38694 -0.43746 0.87212 -0.21917 e
1691.66823 21.27570 0.82445 0.38631 -0.41358 e
2602.72094 27.86603 -0.28752 0.58869 -0.75550 e
2682.63669 19.58829 -0.03496 -0.98095 -0.19108 e
2761.96463 25.31939 0.50430 -0.24837 -0.82704 e
3047.33660 29.50384 -0.59817 -0.29785 -0.74396 e
4261.23464 30.24475 -0.41398 -0.55377 0.72246 e
4858.44274 25.34412 -0.78859 -0.29007 0.54221 e
8152.68933 34.44314 -0.27560 0.09230 -0.95683 e
8920.71919 9.48428 -0.95782 -0.10510 0.26748 e
9535.42779 30.10039 -0.53756 -0.42613 -0.72763 e
9607.34587 25.29707 0.60102 0.75382 -0.26559 e
10385.25634 19.28095 0.36281 -0.48185 0.79761 e
