15.39402 44.60381 0.45903 0.28926 -0.84002 e
15.83200 65.31157 -0.67053 -0.69239 0.26643 e
16.63987 45.71401 -0.21004 0.78944 0.57677 e
16.70698 54.18955 0.72848 0.08328 -0.67999 e
17.00763 64.06062 -0.64103 -0.75579 0.13366 e
17.08297 61.15647 -0.73750 0.60710 -0.29585 e
18.61785 39.98003 0.13658 0.43624 -0.88940 e
18.92723 84.75162 0.42496 -0.51964 -0.74120 e
19.31912 26.67624 -0.20033 -0.43310 -0.87880 e
19.44555 74.28423 -0.50123 -0.24808 -0.82899 e
19.60152 73.58722 -0.45148 0.79749 -0.40023 e
19.60362 84.54209 0.93759 -0.30358 0.16963 e
19.98164 70.73636 -0.56495 -0.80787 0.16784 e
19.98390 78.72496 0.45232 -0.53320 -0.71492 e
20.06648 46.37817 -0.16110 -0.86487 0.47545 e
20.37863 70.32075 0.17062 0.92996 -0.32569 e
20.69789 84.59931 0.60964 0.42850 -0.66688 e
21.05793 75.81027 0.96026 -0.27852 0.01791 e
21.16811 84.67690 0.79761 0.44885 -0.40293 e
21.17333 83.66360 0.11248 -0.82832 -0.54885 e
21.26983 80.21017 -0.70931 -0.60116 0.36809 e
21.58910 82.02191 -0.62477 -0.50548 -0.59510 e
21.62237 73.15615 -0.01191 -0.12076 -0.99261 e
21.69373 54.59634 -0.70612 -0.11372 0.69890 e
21.86754 75.50890 -0.91651 -0.17908 -0.35769 e
21.89152 84.35012 -0.06920 -0.70447 0.70635 e
22.31927 64.64082 0.90056 -0.09775 -0.42361 e
22.41798 71.68651 -0.43569 -0.04572 -0.89894 e
22.64548 41.80551 0.74748 -0.42528 0.51031 e
22.78816 81.92683 0.63849 -0.37900 -0.66985 e
23.10571 48.70359 -0.09412 -0.25354 0.96274 e
23.14413 76.37803 -0.02126 -0.97321 0.22894 e
23.17923 36.62651 0.29580 0.87416 -0.38517 e
23.63904 42.95478 -0.18187 -0.07621 -0.98036 e
23.69791 77.74549 -0.56282 -0.49797 -0.65974 e
23.95359 83.03065 0.00458 -0.57789 -0.81610 e
24.04959 67.15687 -0.03167 0.94804 -0.31658 e
24.10705 51.15986 -0.30239 0.94485 0.12575 e
24.15212 65.88956 -0.53655 -0.82539 -0.17566 e
24.17212 32.02304 0.58394 -0.24452 0.77410 e
24.19811 46.71080 0.52021 -0.83656 -0.17189 e
24.33285 65.81572 -0.83317 0.43529 0.34109 e
24.75761 33.01936 0.50676 0.07373 0.85893 e
24.81867 72.24911 0.28062 0.80124 0.52845 e
24.88827 74.35947 0.85134 0.36276 -0.37898 e
24.92641 79.55269 -0.15240 -0.67724 0.71981 e
24.94491 72.77702 0.13271 -0.62740 -0.76730 e
25.30695 35.42854 0.10286 0.41791 -0.90265 e
25.51032 78.56342 0.42998 0.79035 -0.43642 e
25.60165 80.69904 0.31528 -0.90673 -0.28006 e
25.65315 77.67135 -0.57912 0.43947 -0.68665 e
25.73597 68.52964 -0.07039 -0.77147 0.63236 e
25.96017 83.43319 -0.26475 -0.75266 -0.60283 e
26.10458 78.40100 -0.17337 0.85602 -0.48701 e
26.13379 77.97010 -0.66968 -0.71539 -0.19937 e
26.15578 48.18023 0.01926 -0.80349 -0.59500 e
26.33872 75.68969 0.93746 -0.34485 0.04734 e
26.52450 45.22052 -0.01115 0.77540 -0.63137 e
26.52786 80.26880 0.24913 0.22252 -0.94256 e
26.72936 84.29405 -0.23164 -0.56642 -0.79089 e
26.88425 47.56988 0.90346 -0.36186 -0.22981 e
27.25547 48.52299 0.70459 0.32761 -0.62946 e
27.62096 55.89774 0.87615 -0.48068 -0.03605 e
27.74200 84.55208 0.71726 -0.66243 0.21614 e
27.99563 34.30088 0.81808 0.33989 -0.46391 e
28.02615 65.23376 0.18627 -0.22254 -0.95696 e
28.07066 49.67845 0.83684 -0.08285 -0.54115 e
28.17897 52.87228 -0.08283 0.23964 -0.96732 e
28.26729 83.42118 0.28501 0.91758 0.27715 e
28.30354 70.47585 -0.45751 0.87873 -0.13609 e
28.54807 71.90531 -0.17093 0.95485 0.24297 e
28.84684 73.54822 0.11711 -0.29527 -0.94821 e
28.85454 28.49806 0.41832 -0.46252 -0.78172 e
28.87630 58.09209 -0.70999 0.70248 -0.04930 e
28.89081 65.26033 -0.27965 -0.89535 0.34663 e
29.27242 37.71222 -0.21165 -0.82249 -0.52794 e
29.58897 72.23123 -0.99994 0.00999 0.00439 e
29.68271 60.72200 0.44881 -0.89063 -0.07310 e
29.73644 68.03673 0.37182 0.33877 -0.86428 e
29.81938 66.67229 0.71351 -0.64934 -0.26317 e
30.08420 65.79671 -0.65954 -0.71386 -0.23538 e
30.33033 79.77968 0.02711 0.73304 -0.67965 e
30.42777 54.58255 -0.13028 0.67265 -0.72840 e
30.81801 53.23560 -0.92196 0.00740 0.38720 e
31.03019 70.39957 -0.82598 -0.56084 0.05674 e
31.08142 80.76471 -0.80797 -0.10541 0.57972 e
31.11907 45.80320 0.47443 0.05036 -0.87885 e
31.25569 31.65717 -0.30569 0.68135 -0.66507 e
31.32273 47.70673 0.12198 -0.51965 -0.84562 e
31.42712 56.89150 0.70982 0.42518 -0.56158 e
31.84183 32.24568 0.40178 0.91068 0.09604 e
31.92658 75.45254 0.16756 0.58975 -0.79001 e
31.95007 70.59802 -0.84394 0.52928 0.08733 e
31.97983 82.97029 -0.68051 -0.07260 -0.72913 e
32.15549 28.82984 -0.49364 0.75275 -0.43553 e
32.30322 84.86731 0.87034 -0.37649 -0.31743 e
32.30487 18.81666 0.72475 -0.29730 0.62157 e
32.32743 36.77213 0.74620 -0.37973 0.54681 e
32.41487 73.32278 0.66559 0.27746 0.69282 e
32.62355 76.84323 0.82001 0.03812 0.57108 e
32.82223 37.82709 -0.35980 -0.54325 -0.75856 e
32.91629 77.99340 0.60032 -0.15823 -0.78395 e
33.02252 70.36467 0.02595 -0.83200 -0.55416 e
33.14193 43.93141 0.46384 0.47241 -0.74945 e
33.18331 47.90501 -0.84839 0.17266 0.50042 e
33.33374 83.87400 0.01711 0.98978 -0.14159 e
33.55845 66.45998 -0.50215 0.04333 -0.86369 e
33.84359 20.07429 0.87469 0.08651 -0.47690 e
33.89752 71.68731 -0.27609 0.69920 0.65947 e
33.90939 42.04860 -0.10895 -0.83891 -0.53326 e
34.03986 60.30190 0.01555 -0.50009 -0.86583 e
34.12861 25.20413 -0.98480 0.04415 0.16802 e
34.23802 51.91098 0.36747 -0.93004 0.00131 e
34.24194 67.43582 0.81674 0.18749 0.54570 e
34.31195 26.76134 -0.20039 0.76211 -0.61566 e
34.56071 53.35368 -0.24741 -0.06151 -0.96696 e
34.64020 79.50793 -0.59180 0.76836 0.24370 e
34.67884 83.11949 0.11282 0.41848 -0.90119 e
34.82391 84.62757 0.38466 -0.89397 -0.22992 e
35.34950 60.74508 -0.77355 0.62863 -0.08029 e
35.35208 82.08324 -0.87577 0.30265 -0.37606 e
35.37441 64.21527 -0.45555 0.04422 -0.88911 e
35.42029 57.36002 0.59848 0.02485 -0.80075 e
35.54263 55.53250 0.17227 -0.16016 0.97194 e
35.55501 59.60576 -0.47269 0.23659 -0.84888 e
35.55803 63.09496 -0.19785 -0.63491 -0.74683 e
35.57663 60.17043 -0.10488 -0.70086 -0.70554 e
35.63651 76.15134 -0.56303 0.44873 -0.69401 e
35.66263 30.27716 0.13324 -0.26034 0.95628 e
35.93825 50.38578 0.12328 0.90367 -0.41011 e
36.00481 8.61335 -0.43743 -0.02467 -0.89892 e
36.01040 61.82886 0.45545 -0.67377 -0.58190 e
36.30239 36.43689 -0.36019 -0.85299 -0.37773 e
36.45237 74.89833 0.18563 -0.01717 -0.98247 e
36.61609 55.05920 0.63618 -0.37519 0.67417 e
36.63701 65.16513 0.66926 0.54398 -0.50614 e
36.72554 77.87358 -0.34902 0.22211 -0.91041 e
36.77606 82.00128 0.64619 0.76074 0.06094 e
36.80635 82.38859 0.95897 -0.25592 -0.12196 e
36.83890 30.06196 0.02776 0.99482 0.09783 e
36.87228 80.43010 0.16620 0.93038 -0.32676 e
36.90965 69.15092 -0.11290 -0.80769 -0.57870 e
36.91230 72.75006 -0.63434 -0.51728 -0.57448 e
36.91886 43.07713 -0.78364 0.35840 -0.50741 e
37.02855 56.55645 0.32703 0.93212 0.15560 e
37.05549 54.27097 0.12252 -0.38150 -0.91621 e
37.15185 14.88493 -0.44448 -0.04693 -0.89456 e
37.40956 57.74360 -0.99733 0.06285 -0.03732 e
37.45604 70.86798 -0.18080 -0.74131 -0.64635 e
37.48829 62.60407 0.62824 -0.75654 0.18155 e
37.54387 83.85139 -0.00610 -0.99888 -0.04687 e
37.84343 31.24507 0.56906 -0.59827 -0.56414 e
37.88946 53.47931 -0.14023 0.79145 -0.59493 e
37.92626 31.91782 -0.31564 -0.84914 0.42347 e
38.00050 84.23836 0.09731 0.88892 -0.44760 e
38.01432 43.42832 0.05850 0.76936 -0.63613 e
38.08884 68.58470 0.96762 0.19746 0.15724 e
38.27529 67.80674 -0.59950 -0.24488 0.76199 e
38.30284 65.46945 -0.37047 -0.53648 0.75825 e
38.60227 43.82786 -0.18599 -0.56600 -0.80315 e
38.70399 75.13903 -0.95300 -0.07147 -0.29441 e
38.76321 45.87306 -0.95054 -0.04326 0.30759 e
39.33255 57.68689 -0.68179 0.70627 0.19063 e
39.39019 74.87828 0.59989 0.78262 0.16625 e
39.90390 66.33788 0.29065 0.85160 -0.43623 e
40.06355 70.04202 -0.02012 -0.83480 -0.55019 e
40.13619 8.84904 0.88525 -0.42242 -0.19470 e
40.14151 67.58176 -0.12252 -0.73022 0.67214 e
40.43939 33.71582 -0.17635 0.43757 0.88172 e
41.08699 53.30000 0.90491 -0.41244 -0.10499 e
41.22179 71.98023 -0.75480 -0.15066 0.63842 e
41.34753 83.17626 -0.86818 -0.00871 0.49617 e
41.73812 80.90914 -0.38942 -0.75824 -0.52289 e
41.99657 80.66589 -0.45451 -0.46158 -0.76181 e
42.12488 71.90682 -0.82627 -0.14500 -0.54429 e
42.21998 77.61371 0.83283 0.55348 -0.00770 e
42.30333 84.29272 -0.50747 -0.32305 -0.79882 e
42.37196 58.67797 -0.64869 -0.01714 -0.76086 e
42.40586 84.73997 0.72766 -0.41524 -0.54598 e
42.55824 69.81335 -0.50226 -0.81127 -0.29931 e
42.60874 67.49507 0.94233 0.18992 0.27557 e
42.66439 31.39270 -0.93453 0.19588 0.29712 e
42.67315 62.63186 0.95630 0.04076 0.28955 e
42.72158 40.14662 -0.05547 0.98556 0.16001 e
42.74601 84.87758 0.02686 0.68984 0.72347 e
42.96451 82.44520 -0.03771 0.48634 -0.87295 e
42.99776 59.03555 -0.36957 -0.42090 0.82841 e
43.38792 40.87486 -0.08473 0.93721 -0.33832 e
43.40719 50.32882 -0.25587 0.95201 0.16795 e
43.81127 75.79262 -0.90183 -0.43046 0.03758 e
44.02399 44.75252 0.35199 -0.93302 -0.07472 e
44.02883 81.82419 -0.15515 0.98544 0.06951 e
44.03907 81.41910 0.10117 0.91835 -0.38262 e
44.29709 64.78198 0.43014 0.19980 -0.88037 e
44.39419 63.23954 0.63309 -0.69049 -0.34989 e
44.39663 80.63431 -0.32427 0.06827 -0.94350 e
44.59146 35.66631 -0.18100 -0.87100 0.45673 e
44.63693 26.01260 0.69110 -0.66776 0.27654 e
44.86149 37.54742 0.99063 -0.13563 -0.01631 e
44.88643 34.79325 0.22132 0.02088 0.97498 e
44.94233 75.61729 0.46916 0.70259 -0.53503 e
45.01556 69.04787 0.60829 0.25938 -0.75014 e
45.16249 77.62317 -0.90228 0.24007 -0.35814 e
45.17583 72.04164 0.80044 -0.07727 -0.59441 e
45.23613 57.31244 0.07179 0.94447 -0.32065 e
45.25125 47.98126 -0.78387 -0.60812 0.12544 e
45.40238 70.15046 -0.60458 0.42476 -0.67384 e
45.41223 36.83596 0.21668 0.18726 0.95811 e
45.41536 38.04087 0.45786 0.36927 0.80871 e
45.56682 66.33452 -0.12851 -0.78945 -0.60021 e
45.58882 66.52903 -0.34469 -0.91444 0.21208 e
45.62153 40.19003 0.56451 -0.81345 -0.14010 e
45.66005 65.89661 -0.47054 0.06274 -0.88015 e
45.77721 69.11509 -0.01399 0.16519 -0.98616 e
45.94907 59.56750 0.62065 -0.71129 -0.32994 e
46.09981 68.03228 -0.18886 0.48668 -0.85292 e
46.11306 69.75102 0.79355 -0.50935 0.33292 e
46.26527 50.80243 0.60908 0.18888 -0.77029 e
46.42953 50.00469 0.42348 0.67819 -0.60061 e
46.53930 32.85846 -0.77288 0.56719 0.28450 e
46.58333 42.15466 -0.41335 -0.40375 -0.81617 e
46.62557 64.63595 0.95947 0.15681 -0.23414 e
46.69192 82.08117 0.43861 0.76486 0.47181 e
46.74056 80.39989 0.81162 0.23680 0.53404 e
46.91369 38.72869 -0.63071 0.61561 -0.47247 e
46.91383 42.80791 0.31102 0.23048 -0.92203 e
46.99695 70.31376 0.45329 -0.48006 -0.75105 e
47.24082 43.27104 0.46703 -0.85927 0.20868 e
47.35084 74.06830 -0.83547 -0.38175 0.39530 e
47.43247 21.82371 0.26496 -0.88141 0.39105 e
47.60193 71.85723 -0.92421 -0.34735 0.15868 e
47.63230 17.99895 -0.90897 -0.03796 0.41512 e
47.65224 53.74972 -0.33233 0.76080 0.55743 e
47.71179 59.26401 -0.50374 0.37358 -0.77890 e
47.97643 58.62279 -0.74641 0.02280 -0.66509 e
48.18755 60.50058 -0.91189 -0.40868 -0.03784 e
48.25805 74.23459 0.35824 -0.78604 -0.50379 e
48.53898 60.92950 -0.75905 0.65082 -0.01641 e
48.58457 84.74930 -0.81719 -0.31815 -0.48061 e
48.69482 49.40751 -0.11407 0.69780 -0.70715 e
48.75137 74.08422 -0.14423 0.68016 -0.71874 e
48.84414 41.15381 0.13119 -0.59075 -0.79612 e
48.85872 55.41981 -0.58844 -0.55071 0.59199 e
49.16211 67.97582 0.33961 0.43959 -0.83152 e
49.21815 68.39883 -0.23640 -0.85627 -0.45925 e
49.22958 55.84346 -0.47652 -0.71734 -0.50828 e
49.29768 46.63733 0.26364 -0.81856 -0.51035 e
49.65665 59.28106 0.36923 0.92678 -0.06898 e
49.70339 43.41219 0.37596 0.88634 -0.27030 e
50.40229 51.48726 0.30079 -0.85834 -0.41567 e
50.40662 57.58577 0.97549 -0.15158 -0.15951 e
50.47710 30.11255 0.66055 0.48921 -0.56951 e
50.47796 23.23004 0.46403 -0.48279 -0.74269 e
50.77930 70.66462 0.38209 0.72885 -0.56815 e
50.82921 75.60259 0.80952 0.12273 0.57412 e
50.86212 46.77342 0.02651 -0.63237 -0.77421 e
50.91407 44.62754 0.34189 -0.89997 -0.27050 e
50.92224 36.86704 0.79069 -0.41730 0.44796 e
51.00581 35.34162 -0.12270 0.67018 -0.73199 e
51.01966 51.11874 0.96093 0.06536 -0.26898 e
51.06035 75.77561 -0.88226 -0.35093 0.31380 e
51.15110 54.90181 -0.02364 0.76046 -0.64895 e
51.43252 66.06446 -0.84066 0.51660 -0.16251 e
51.55209 60.53345 -0.92378 -0.33141 0.19181 e
51.73236 29.94993 -0.83605 -0.24773 -0.48954 e
51.92706 22.68534 -0.47223 -0.76435 -0.43906 e
51.97891 66.99456 -0.53580 0.71365 0.45124 e
52.23114 24.32172 0.38837 -0.26331 -0.88308 e
52.28433 67.96252 -0.19363 0.68399 -0.70332 e
52.80702 79.06948 0.03321 0.03903 -0.99869 e
53.00613 53.42480 0.29973 -0.90128 0.31281 e
53.40678 74.44985 0.17486 -0.37495 -0.91040 e
53.41738 75.33492 -0.83926 0.49856 -0.21697 e
53.67009 67.55942 -0.90681 0.23034 -0.35305 e
53.78562 61.73437 -0.28512 -0.64662 -0.70752 e
53.86845 14.31009 -0.04994 0.99043 -0.12866 e
53.97309 82.68708 0.19580 -0.93767 -0.28711 e
54.07432 34.27950 -0.51459 0.29340 0.80567 e
54.21270 46.40723 0.51032 -0.82226 -0.25192 e
54.23515 65.37074 0.19335 0.56060 -0.80519 e
54.37815 46.84125 -0.57835 0.48374 -0.65689 e
54.46925 84.56583 0.94981 -0.31055 0.03769 e
54.47396 54.26464 -0.18187 -0.02795 -0.98292 e
54.70033 24.95021 -0.83880 0.16262 0.51958 e
54.72378 70.42313 -0.44619 0.78107 -0.43686 e
54.80492 72.35558 0.74794 0.60182 -0.27998 e
54.87499 42.52575 0.89794 -0.18716 -0.39835 e
55.17159 35.62091 0.50663 -0.84506 0.17087 e
55.22789 28.13254 0.79055 -0.22573 -0.56927 e
55.38288 63.43786 -0.29415 -0.62959 0.71909 e
55.49144 54.47751 0.51022 -0.61248 -0.60378 e
55.58220 50.12120 0.22821 -0.42987 -0.87357 e
55.70278 33.57247 -0.14950 0.63452 -0.75831 e
55.81340 50.66792 0.85230 -0.30769 -0.42298 e
56.05509 57.04592 0.26482 -0.32141 -0.90916 e
56.18554 44.18198 0.61881 0.25829 -0.74186 e
56.24238 77.06482 -0.54890 -0.77008 -0.32508 e
56.25983 61.20532 0.62354 -0.34083 -0.70358 e
56.35978 42.01675 0.22688 -0.96249 -0.14879 e
56.47623 59.18574 0.50981 0.10529 -0.85382 e
56.79262 82.42797 -0.15225 -0.57563 -0.80341 e
56.80725 72.32079 -0.11307 0.24855 -0.96200 e
57.14689 78.65985 0.51989 -0.71858 0.46191 e
57.23431 79.68269 0.10417 0.96717 -0.23179 e
57.27562 81.62144 -0.26912 0.65296 -0.70796 e
57.60368 67.44626 0.22334 0.43688 -0.87135 e
57.63984 53.38784 0.58830 0.64328 -0.48999 e
57.64565 48.38988 0.83208 0.51807 0.19811 e
58.01677 34.32152 0.20884 0.36467 -0.90742 e
58.33525 81.05183 0.76660 0.58232 -0.27060 e
58.47787 68.00447 -0.44818 0.31241 -0.83758 e
58.49634 78.89586 0.05276 -0.92240 -0.38262 e
58.66345 58.81744 0.70997 0.02470 0.70379 e
58.66790 77.24764 0.49588 -0.77915 -0.38344 e
58.67820 61.16712 0.31801 -0.88743 -0.33368 e
58.77967 34.07978 0.99969 0.01792 -0.01741 e
58.97839 77.39736 -0.86387 0.19791 0.46320 e
58.99291 53.31629 -0.83129 0.54130 0.12632 e
59.08885 41.60333 -0.32943 0.54351 -0.77205 e
59.34658 53.29703 -0.33131 -0.93385 -0.13477 e
59.40500 72.36804 -0.63750 -0.07857 -0.76643 e
59.55422 49.50501 -0.42655 0.40253 0.80995 e
59.67146 27.78513 -0.39749 -0.09810 -0.91235 e
59.90656 55.60457 0.02955 0.41273 -0.91038 e
60.12773 66.40246 -0.33909 -0.57392 -0.74541 e
60.17513 71.17485 0.71565 0.48761 -0.50008 e
60.17808 79.15885 0.42283 0.19041 -0.88598 e
60.34065 26.60191 -0.93177 0.27668 0.23506 e
60.48074 36.30450 -0.84349 0.53714 0.00329 e
60.59794 67.05550 0.73138 0.62018 -0.28366 e
60.62464 72.25168 -0.28885 0.86321 -0.41405 e
60.74315 44.31571 0.37775 -0.61568 -0.69155 e
60.76206 53.83980 -0.98427 0.17335 -0.03409 e
60.85457 84.41711 -0.54915 0.69438 -0.46504 e
60.89731 82.63592 -0.92476 0.29020 -0.24617 e
60.93352 78.98506 -0.08840 0.85708 0.50754 e
61.01041 52.92231 -0.63153 0.38774 -0.67144 e
61.18971 65.92844 0.15569 0.01953 -0.98761 e
61.23360 55.95888 0.44000 -0.01325 -0.89790 e
61.28472 28.74194 -0.69766 -0.69455 0.17570 e
61.53592 31.47961 -0.16047 -0.15081 0.97545 e
61.66506 63.51256 0.96675 0.18056 -0.18107 e
62.08858 50.30385 -0.02946 0.28533 -0.95798 e
62.11894 30.35484 0.81395 0.44902 -0.36859 e
62.66345 31.94038 -0.64482 -0.29430 -0.70540 e
62.72426 59.00863 0.24265 0.78896 -0.56450 e
62.72833 42.42576 0.77966 0.35685 -0.51457 e
62.78931 30.25819 -0.07277 -0.02409 -0.99706 e
63.17517 28.76236 -0.69837 0.71291 0.06353 e
63.33277 46.34090 0.98549 0.05731 -0.15977 e
63.72232 27.75968 0.21493 0.95039 -0.22485 e
64.08091 60.19620 0.49826 -0.84618 -0.18898 e
64.17313 79.05790 -0.82344 -0.44652 0.35008 e
64.22651 56.31667 -0.32550 -0.11935 -0.93798 e
64.89533 73.21480 0.35687 0.65352 -0.66750 e
64.97362 83.25981 -0.58050 0.62623 -0.52044 e
65.08498 63.30945 0.52223 0.28831 -0.80259 e
65.13946 58.48265 -0.44873 0.81712 -0.36189 e
65.30189 77.60295 0.18081 0.95610 -0.23060 e
65.31496 40.90477 -0.97238 -0.13526 -0.19019 e
65.33275 51.35400 -0.55529 0.77472 -0.30242 e
65.35896 64.59396 -0.10077 0.78039 0.61713 e
65.50147 40.45354 0.34687 -0.91180 0.21978 e
65.68312 45.13615 0.98619 -0.10753 -0.12599 e
65.69875 77.41062 0.73831 -0.53240 0.41406 e
65.82241 67.37909 -0.13444 -0.15278 -0.97907 e
66.06992 46.27301 0.28238 -0.88483 0.37060 e
66.35118 65.33005 0.96686 0.22918 0.11247 e
66.53822 51.57927 0.80797 0.58769 -0.04236 e
66.58629 83.60392 -0.05474 0.61553 -0.78621 e
66.66494 41.66764 -0.65137 0.20497 0.73055 e
66.68999 71.97070 0.36844 0.88710 0.27802 e
66.69721 41.59485 0.38725 0.20950 -0.89786 e
66.92149 56.46743 0.75013 -0.18852 -0.63386 e
66.98300 24.89157 0.94819 -0.11313 -0.29689 e
67.20380 83.52055 0.88411 0.41794 0.20899 e
67.23818 46.97656 -0.10984 -0.87407 -0.47323 e
67.44088 23.12059 -0.13124 -0.99122 0.01622 e
67.65159 73.70459 -0.85922 0.19020 -0.47495 e
67.96643 46.79783 0.73075 0.47842 0.48695 e
67.98983 39.58844 0.21597 -0.57017 -0.79263 e
68.09715 83.84566 -0.89068 0.09715 0.44412 e
68.51342 75.43685 -0.26922 -0.90209 -0.33727 e
68.81779 49.08685 -0.33701 0.75142 0.56727 e
69.04086 54.35759 0.29822 -0.00574 -0.95448 e
69.04122 44.79608 0.49333 -0.74468 0.44953 e
69.08733 25.74713 -0.29017 0.93171 -0.21846 e
69.26101 72.55817 0.24378 -0.30456 -0.92077 e
69.49508 76.34108 -0.25671 0.54844 -0.79581 e
69.72684 56.78543 0.01598 0.95295 -0.30271 e
69.80682 63.34342 0.36272 -0.77131 0.52299 e
69.80931 44.30000 -0.56148 -0.79146 -0.24153 e
69.93340 33.98588 0.92987 0.09493 0.35543 e
69.97766 42.22925 0.13311 -0.16006 -0.97809 e
69.98188 72.19820 0.34639 -0.77065 -0.53489 e
70.18919 18.33677 0.95048 0.16956 0.26046 e
70.27257 55.85824 0.42613 0.49209 -0.75912 e
70.54312 75.35075 -0.89581 0.22192 -0.38506 e
70.68003 69.04602 -0.75197 -0.50421 -0.42464 e
70.86935 84.66051 -0.36083 -0.85297 -0.37714 e
71.05639 41.96025 0.05502 0.95597 -0.28827 e
71.11464 52.15694 -0.09641 -0.75852 -0.64448 e
71.26635 46.14019 -0.92282 -0.38339 -0.03775 e
71.31468 75.21395 -0.85613 -0.48465 -0.17931 e
71.58370 51.07480 -0.51272 0.83407 0.20358 e
71.66823 48.05038 -0.53143 -0.56001 -0.63559 e
71.73257 79.37299 0.18370 0.10126 -0.97775 e
71.75470 53.01380 0.96759 0.21029 -0.13977 e
71.89749 36.12326 -0.08486 0.79993 -0.59406 e
71.89769 51.45469 0.28401 -0.67742 0.67855 e
72.10247 84.66489 -0.71441 -0.02510 -0.69928 e
72.10374 42.55185 0.18504 0.98084 0.06096 e
72.10440 62.60330 -0.49965 0.26487 -0.82474 e
72.55696 60.87041 -0.40000 -0.84228 -0.36133 e
72.76423 65.04491 -0.57987 0.59973 0.55143 e
72.82204 52.15100 0.86474 -0.50142 -0.02841 e
72.94443 61.45471 -0.57066 0.23578 -0.78661 e
73.06058 38.08912 0.59206 0.39319 -0.70347 e
73.15096 37.56211 0.63462 0.21673 -0.74181 e
73.30206 40.85006 -0.73769 -0.28605 0.61155 e
73.37570 75.22671 -0.32756 -0.41450 -0.84905 e
73.37760 63.82260 -0.44835 0.57449 -0.68479 e
73.61509 77.07708 -0.27351 0.38799 -0.88015 e
73.63173 22.92427 0.59866 0.74534 -0.29337 e
73.76510 54.17487 0.71706 -0.54871 -0.42982 e
73.77511 49.83920 -0.70195 -0.00132 -0.71222 e
73.79592 54.30303 0.02950 0.71533 -0.69816 e
73.83192 39.64753 0.80770 -0.25780 -0.53024 e
73.89627 71.76536 -0.56504 -0.75081 0.34206 e
74.13675 32.37670 0.02443 -0.89582 -0.44375 e
74.16281 79.31188 0.74485 0.66549 -0.04816 e
74.22678 24.77443 0.70083 0.71231 -0.03817 e
74.26184 53.96322 0.56208 0.64890 -0.51283 e
74.60768 83.12649 -0.15101 0.76896 -0.62121 e
74.75117 83.29733 0.76364 -0.51149 -0.39400 e
75.80687 51.27968 0.04369 -0.69234 -0.72024 e
76.16877 51.90033 0.74302 -0.30900 -0.59367 e
76.28302 59.65463 -0.07887 -0.34394 -0.93568 e
76.42424 53.61989 -0.37519 -0.92453 -0.06692 e
76.65990 78.92404 0.96746 -0.21611 0.13162 e
76.99007 41.18588 -0.33651 -0.71391 -0.61408 e
77.40016 84.38307 -0.29448 0.67364 -0.67786 e
77.50233 68.02694 0.53907 0.80148 -0.25892 e
77.55959 63.98387 0.22978 0.93991 0.25253 e
77.63634 40.65810 0.81072 -0.58205 -0.06289 e
77.68375 22.65802 0.44208 -0.05307 -0.89540 e
77.90978 29.50129 -0.34059 0.13429 0.93057 e
78.07023 84.88503 -0.69232 -0.67089 0.26568 e
78.52347 29.73164 0.85148 0.32895 0.40838 e
78.79415 50.25511 0.96903 -0.23484 0.07633 e
79.18631 63.87749 0.90121 -0.42400 0.08971 e
79.67513 84.91092 -0.00869 -0.61594 -0.78775 e
79.73654 49.29232 0.70268 0.32508 -0.63290 e
79.83957 21.89160 0.17432 -0.17294 -0.96938 e
80.16960 62.08017 -0.39400 0.31534 -0.86332 e
80.39992 61.87854 -0.90390 0.16861 0.39311 e
80.62508 26.12955 -0.14584 0.98635 -0.07643 e
80.74341 67.27126 0.74535 -0.20525 -0.63429 e
80.75658 83.19631 0.80778 0.53428 -0.24908 e
80.76534 37.09561 -0.78504 -0.17048 -0.59553 e
80.88171 51.09142 -0.71910 -0.24925 -0.64867 e
81.00139 60.86900 0.68970 0.24180 -0.68253 e
81.47797 16.67786 0.91674 -0.28278 0.28218 e
81.56309 73.77948 0.30409 -0.85433 -0.42148 e
81.99157 49.55655 0.29576 0.50551 0.81055 e
82.52747 52.64436 -0.61838 0.76701 -0.17117 e
82.76450 46.66901 -0.20939 -0.77433 -0.59714 e
83.07933 80.55871 0.88208 -0.06154 -0.46707 e
83.13411 63.01221 -0.27286 0.69603 -0.66414 e
83.42853 59.96479 -0.07490 -0.27469 -0.95861 e
83.98385 67.89382 -0.66272 -0.08763 -0.74372 e
83.99434 63.85928 -0.66018 0.46341 -0.59112 e
84.42406 77.71206 -0.02126 -0.73354 -0.67931 e
84.45824 26.99406 -0.44276 0.89628 0.02563 e
84.57429 27.08996 -0.22506 -0.00840 0.97431 e
84.67400 45.33492 0.11354 -0.86337 0.49164 e
84.93316 61.28677 0.76022 -0.23960 -0.60387 e
85.25316 57.24832 0.93712 0.23467 0.25833 e
85.39925 70.24450 -0.11278 0.99120 0.06935 e
85.68378 67.51717 0.87398 -0.00361 -0.48595 e
86.28927 49.60241 0.18385 -0.02526 -0.98263 e
86.42877 32.56149 -0.28382 0.78556 0.54986 e
86.48754 73.32249 0.20484 0.46196 0.86293 e
86.95094 47.34735 -0.99162 -0.12637 0.02700 e
86.97291 45.56760 -0.40002 0.86519 -0.30236 e
87.06703 79.95101 -0.09715 0.87145 -0.48076 e
87.67215 35.56613 -0.09947 0.91469 -0.39172 e
87.85234 49.70525 0.47108 -0.11675 -0.87433 e
87.88111 41.52706 -0.82821 0.00220 -0.56042 e
88.29933 63.05709 -0.83841 -0.42058 0.34668 e
88.34699 81.05085 -0.64366 0.54226 -0.54005 e
88.43079 40.03220 -0.01518 0.93170 0.36292 e
88.46535 83.25169 0.84481 0.52245 -0.11553 e
89.00273 50.82770 0.93275 -0.19365 -0.30411 e
89.09234 42.33425 -0.55573 0.02744 -0.83091 e
89.27219 65.97963 -0.95528 -0.13501 0.26309 e
89.28675 28.89920 0.10049 -0.98220 0.15869 e
89.34147 59.90562 -0.87329 0.06728 0.48253 e
89.39190 36.80294 0.97187 -0.03240 -0.23329 e
89.49819 63.34331 0.12177 -0.72554 -0.67732 e
89.70016 72.28019 -0.72482 -0.25354 -0.64059 e
89.89798 51.58308 0.27673 0.92247 0.26920 e
89.90232 66.97939 0.32758 0.69658 -0.63834 e
90.19825 64.59116 -0.43282 -0.67241 -0.60044 e
90.27543 16.88542 -0.28662 0.90829 -0.30474 e
90.54419 24.57265 0.22043 -0.40053 -0.88937 e
90.92943 28.72958 0.02837 -0.48189 -0.87577 e
90.98241 79.26076 0.79075 0.59870 0.12756 e
91.00028 70.94780 -0.79400 0.58951 0.14846 e
91.19540 13.46674 0.51805 0.70827 -0.47955 e
91.45612 65.78797 -0.26195 -0.84749 -0.46167 e
91.82132 56.92698 0.70744 -0.60198 -0.37033 e
91.89267 79.57222 -0.42805 0.30498 -0.85074 e
92.07222 56.40953 -0.57886 -0.34060 -0.74088 e
92.15665 65.13836 0.28491 0.70893 -0.64517 e
92.41549 43.30621 0.74513 -0.17238 -0.64426 e
92.81048 69.24524 0.97327 -0.18806 0.13182 e
93.02052 56.72846 -0.78892 0.08455 0.60865 e
93.23657 37.62448 -0.82440 0.11391 0.55442 e
93.56605 72.05680 0.37740 -0.51579 0.76911 e
93.70609 56.52114 0.90995 -0.14525 0.38844 e
93.78775 84.32875 -0.72777 0.63233 0.26554 e
93.87207 40.38093 -0.75652 -0.65379 0.01563 e
94.05035 48.92702 -0.14124 -0.91108 -0.38728 e
94.32450 42.67748 0.41074 0.26716 -0.87173 e
94.42649 47.78654 -0.82694 -0.16280 -0.53821 e
94.53647 16.59706 0.59302 0.23007 -0.77162 e
94.53847 32.25871 0.81317 0.17765 0.55425 e
94.82213 39.34407 -0.37727 0.92006 -0.10567 e
94.90020 72.00015 -0.64997 0.74567 -0.14667 e
95.09442 36.98256 0.25004 0.01011 -0.96818 e
95.18576 53.98851 -0.95931 -0.27645 -0.05747 e
95.19020 21.95134 0.88036 -0.46180 -0.10825 e
95.60007 71.02440 0.18373 0.27116 -0.94484 e
95.72929 50.19872 -0.84552 -0.07495 -0.52865 e
96.08196 55.08649 0.29222 -0.55601 -0.77811 e
96.44620 79.39514 0.63650 0.14255 -0.75799 e
96.44807 44.52223 0.73238 0.41117 -0.54274 e
96.48317 35.25417 -0.24714 0.94120 -0.23035 e
96.75922 46.95503 0.89007 -0.06170 -0.45163 e
96.83417 34.25937 -0.11148 0.97697 0.18197 e
96.95998 25.27653 -0.10404 0.85916 -0.50101 e
97.36705 61.60702 0.09029 -0.89642 -0.43390 e
97.62773 37.34085 -0.53301 0.79095 -0.30050 e
97.77535 44.16607 -0.22157 0.43013 -0.87515 e
98.80373 23.25279 -0.44224 0.10523 -0.89070 e
99.23124 49.19933 0.92763 0.09351 -0.36161 e
99.35003 24.68919 -0.61585 0.00916 -0.78781 e
99.46004 42.45438 0.27308 -0.66617 -0.69401 e
99.52071 28.51837 -0.89365 0.42934 -0.13062 e
99.62911 50.93404 0.76508 0.59904 0.23625 e
99.89864 43.86185 -0.31347 0.91750 0.24483 e
100.18106 61.22546 0.49513 -0.19616 -0.84639 e
100.74957 48.20462 0.85112 0.16845 0.49721 e
101.17022 32.40457 0.23151 -0.96636 0.11201 e
101.58327 51.15561 -0.15331 -0.08848 -0.98421 e
101.71809 62.45396 0.59811 -0.21409 -0.77229 e
101.77020 60.42946 -0.06110 -0.98144 0.18178 e
102.09386 33.13539 0.06118 0.09477 -0.99362 e
102.45955 30.41594 0.22180 0.17566 -0.95914 e
102.51520 43.59757 -0.06438 -0.99713 0.03975 e
102.97579 49.31261 0.96709 -0.23669 0.09335 e
103.11832 43.19012 -0.02369 -0.11782 0.99275 e
103.48127 74.75610 -0.02530 -0.91802 -0.39571 e
103.62656 64.92425 -0.27995 -0.84077 -0.46339 e
103.93958 33.68061 -0.46668 -0.33534 -0.81839 e
104.03457 67.40463 0.11528 -0.54116 -0.83298 e
104.08657 43.27183 -0.90483 -0.06632 -0.42057 e
104.20932 39.30363 -0.66205 0.60289 -0.44521 e
104.76984 81.78296 -0.06408 0.93130 -0.35857 e
105.35027 59.74916 -0.87000 0.31615 -0.37835 e
105.66917 81.88225 -0.05202 -0.74668 -0.66315 e
105.76299 60.62400 0.57770 0.81244 0.07879 e
105.76558 68.49142 0.79032 0.54504 -0.27987 e
106.90839 62.95691 -0.99276 0.11890 -0.01702 e
107.48261 53.59818 -0.70488 -0.05746 -0.70700 e
108.07471 59.63239 0.32110 0.94425 -0.07268 e
108.68516 51.96319 -0.59195 0.57326 0.56654 e
108.73841 77.02482 -0.27746 0.85021 -0.44739 e
109.15671 14.74870 -0.87192 0.40227 -0.27916 e
109.30397 46.36946 0.03209 -0.56036 0.82763 e
109.48914 59.98342 0.63318 -0.20034 -0.74763 e
109.68202 41.65076 0.46379 0.56810 -0.67983 e
109.77980 63.89533 0.20528 0.88305 0.42201 e
110.39467 72.19895 -0.61887 0.78536 -0.01435 e
110.52998 54.34598 0.64104 -0.23868 -0.72946 e
110.53079 43.94726 0.17253 -0.29660 -0.93929 e
110.84398 48.49531 -0.28445 0.29659 -0.91166 e
110.99854 34.42253 0.02292 0.99198 -0.12426 e
111.10563 25.81996 0.14131 -0.11859 -0.98284 e
111.40781 46.42252 -0.94895 0.10923 -0.29590 e
111.64620 62.85381 0.79435 0.24829 0.55440 e
111.66363 40.71092 0.98382 -0.03773 0.17513 e
112.30705 52.51075 0.68781 0.72483 0.03924 e
112.42179 47.72848 -0.60606 0.76822 -0.20622 e
112.58922 34.58818 -0.83747 0.49848 0.22398 e
112.62951 67.06246 0.08145 0.49366 -0.86583 e
113.11605 50.37181 -0.11225 0.99271 -0.04389 e
113.21098 47.74193 -0.18364 0.95284 0.24161 e
113.59628 64.45615 0.02893 -0.36043 -0.93234 e
114.01434 62.91819 -0.83386 -0.10769 -0.54137 e
114.12963 60.90919 -0.70670 0.15892 -0.68944 e
114.46791 48.41645 0.30371 -0.74835 -0.58969 e
115.19894 54.73299 -0.91760 -0.03856 0.39562 e
115.29956 20.41399 -0.17208 0.87569 0.45116 e
116.22433 47.78034 -0.81791 -0.57289 -0.05320 e
116.93492 32.23511 -0.90395 0.38611 0.18385 e
117.29600 41.83061 -0.31308 -0.41726 0.85316 e
117.71704 46.18225 -0.90139 -0.33284 -0.27699 e
117.94181 45.80703 -0.06985 0.44726 -0.89167 e
118.30958 31.42983 -0.23198 -0.51299 -0.82646 e
118.40567 48.35369 -0.07516 0.07939 -0.99401 e
118.44036 39.32618 -0.05741 -0.95623 -0.28693 e
118.62887 66.18816 0.76480 0.27197 -0.58404 e
118.65733 22.05482 0.11466 -0.93603 0.33272 e
118.70823 30.87120 0.64782 0.25396 -0.71822 e
119.30105 61.65346 -0.75485 0.27252 -0.59660 e
119.50864 78.80021 0.45036 0.86433 -0.22384 e
119.71485 60.25523 0.43915 -0.83473 -0.33221 e
119.74279 23.65474 -0.55872 0.42139 0.71432 e
119.75843 60.87641 -0.47761 0.87132 -0.11267 e
120.04629 71.33588 0.62273 0.75401 0.20900 e
120.22319 51.93446 0.99371 -0.02904 -0.10812 e
120.46720 42.44673 0.82953 0.53993 0.14266 e
120.52102 22.44286 -0.39789 -0.79824 0.45222 e
120.89189 80.25559 -0.43652 0.80854 -0.39460 e
121.04864 51.91694 -0.43939 -0.83001 -0.34354 e
121.06393 46.23051 -0.33978 0.92923 -0.14519 e
121.39958 25.43437 -0.17304 0.72813 -0.66324 e
121.71045 62.02015 -0.01692 -0.89188 -0.45196 e
121.88480 33.28947 0.20926 -0.34909 -0.91342 e
122.05264 51.87633 -0.09495 -0.54954 -0.83005 e
122.58660 56.62181 -0.31853 -0.23248 -0.91896 e
122.79698 37.13065 -0.95736 -0.21869 0.18879 e
122.80269 45.00573 -0.26203 -0.96191 0.07797 e
123.07279 36.09105 -0.33169 0.90416 0.26922 e
123.48794 37.19164 -0.85131 0.02724 -0.52396 e
123.76173 48.02750 -0.90952 -0.39396 -0.13252 e
124.78477 33.43294 -0.78290 -0.60246 -0.15526 e
125.75624 71.88463 -0.00832 -0.19738 -0.98029 e
125.89882 27.43261 0.98766 0.14055 0.06912 e
125.95481 38.30159 -0.38229 0.79212 -0.47582 e
126.10324 22.33632 0.16027 -0.54947 -0.82000 e
126.44348 36.87184 0.95405 0.27756 -0.11290 e
126.68420 24.02136 0.32546 0.42178 -0.84627 e
127.53869 38.13939 0.65161 0.72393 -0.22657 e
128.82496 16.85807 -0.23503 -0.96078 -0.14720 e
128.82589 13.25233 -0.64308 0.25266 -0.72291 e
129.16554 21.71943 0.96815 -0.10749 -0.22613 e
129.44848 56.71793 -0.00387 0.99615 -0.08762 e
129.71077 25.99660 0.04146 -0.90583 -0.42161 e
130.18262 71.41210 -0.82584 -0.06133 -0.56056 e
130.32819 75.97100 0.82159 0.55988 0.10736 e
130.35615 49.89319 -0.40588 0.17895 -0.89623 e
130.78079 40.97190 -0.66526 0.50646 -0.54857 e
131.15945 52.93039 -0.03739 0.73366 -0.67849 e
131.33867 71.83127 0.55448 0.81225 -0.18112 e
131.38719 58.88703 0.29397 0.94567 -0.13886 e
131.52737 78.59586 0.88928 0.44315 -0.11315 e
131.97168 49.74000 0.82403 -0.39559 0.40555 e
132.48277 28.24352 0.02618 -0.84746 0.53021 e
132.70225 29.86320 0.60239 0.28947 0.74387 e
132.91879 45.15750 0.09219 -0.99266 0.07824 e
133.21424 54.78325 0.06166 0.27222 -0.96026 e
133.29069 74.81259 0.25285 0.68446 -0.68380 e
133.43470 41.95546 0.15735 -0.98578 -0.05889 e
133.79937 29.07251 -0.96762 -0.24633 0.05504 e
133.99765 52.78560 -0.27178 -0.87203 -0.40707 e
134.22096 50.14408 0.57745 0.56347 -0.59081 e
134.88487 79.96559 0.57945 0.71736 0.38682 e
136.32094 66.91441 -0.82643 -0.55949 -0.06310 e
136.40910 61.05635 0.96405 -0.25731 -0.06638 e
137.41884 55.55292 0.24930 0.48717 -0.83697 e
138.37464 15.49677 -0.44103 0.15215 0.88450 e
138.53030 71.24764 0.43752 0.75082 0.49481 e
138.62572 55.00176 0.25895 0.93842 -0.22873 e
138.98802 31.32515 -0.68329 -0.04320 0.72886 e
139.03995 81.18082 0.78347 -0.25572 -0.56637 e
139.21407 56.16612 0.46824 -0.01913 -0.88339 e
140.47865 47.30086 -0.16321 0.84586 -0.50781 e
141.08064 57.62252 -0.40702 -0.58751 -0.69941 e
141.24245 83.47318 -0.64174 -0.72420 -0.25240 e
141.29550 38.39614 0.74614 0.42819 0.50983 e
141.36934 74.64732 0.62475 -0.70643 0.33263 e
141.40629 83.57458 0.99286 0.11506 0.03138 e
141.54253 20.73232 0.53020 0.09338 -0.84272 e
141.73935 16.35822 -0.19143 -0.33602 0.92220 e
141.88027 43.99975 0.78694 -0.42954 0.44297 e
142.04073 58.69543 0.08937 0.91373 -0.39636 e
142.60506 28.12142 0.39946 -0.89890 -0.18004 e
143.56927 32.73933 0.66470 0.71566 0.21448 e
144.03241 65.14068 0.59000 0.00471 -0.80739 e
144.26928 74.13249 -0.78135 0.19357 -0.59332 e
144.72918 53.24369 0.07657 -0.70074 -0.70929 e
145.17287 12.10472 -0.15337 0.02067 -0.98795 e
145.29746 28.06863 -0.26905 -0.74774 -0.60704 e
145.79801 33.38161 0.60824 0.76125 -0.22485 e
146.13780 82.93218 0.44108 -0.40868 -0.79902 e
146.18160 48.61785 -0.58451 0.39546 -0.70849 e
146.22479 24.37472 0.87714 -0.03624 0.47886 e
146.56379 59.94726 0.01636 -0.85502 -0.51834 e
146.58156 31.09957 0.17190 -0.44718 -0.87777 e
146.84952 14.32861 0.73055 -0.25309 -0.63422 e
147.15975 45.03163 -0.47569 -0.32746 -0.81639 e
148.25152 46.42434 -0.30218 -0.69365 -0.65386 e
148.53620 58.27115 0.46980 -0.34710 -0.81167 e
149.00413 32.07814 -0.93698 0.33601 -0.09570 e
149.08919 67.85528 0.14791 -0.95707 -0.24929 e
149.13719 30.51725 0.87340 0.06755 -0.48230 e
149.17904 48.30829 0.03938 -0.71472 -0.69830 e
149.38068 78.39480 -0.29242 -0.89938 -0.32497 e
149.57972 47.13946 -0.37947 0.66277 0.64556 e
149.70331 40.97649 0.91590 -0.32883 -0.23023 e
151.29266 29.99871 0.54285 -0.47529 0.69240 e
151.38963 56.52088 -0.13208 -0.96408 -0.23044 e
151.60400 23.40433 0.47942 -0.17913 -0.85911 e
151.60980 36.94431 0.98794 -0.15482 0.00260 e
153.23734 27.52048 -0.60692 0.79226 -0.06307 e
153.39864 27.98635 -0.30153 0.90409 -0.30281 e
155.28913 43.52616 -0.95781 -0.22383 -0.18030 e
156.37522 10.69300 0.51320 0.38146 -0.76884 e
157.08789 15.25943 0.66748 0.43158 -0.60680 e
157.30872 83.55662 -0.12654 0.43286 -0.89254 e
157.53277 42.85343 0.75801 0.64607 -0.08956 e
158.14462 31.21715 0.90911 -0.20186 -0.36437 e
158.59576 40.88517 0.09611 0.82622 -0.55509 e
158.65194 65.83665 -0.79327 0.56001 -0.23896 e
158.94344 25.72535 -0.17829 -0.83158 -0.52601 e
159.93402 78.84160 -0.63088 0.10960 -0.76810 e
160.59581 43.49728 0.49826 0.63947 -0.58550 e
161.07774 56.10736 0.59543 -0.80341 -0.00058 e
161.34318 68.65370 0.82014 0.57080 0.03941 e
161.95463 38.41245 0.18539 0.25583 -0.94878 e
162.47978 25.04661 -0.55047 0.80202 -0.23184 e
162.67219 44.24514 0.23079 0.15583 -0.96044 e
163.18703 59.28941 0.28072 -0.84997 -0.44582 e
163.45342 63.45818 0.47186 0.85224 -0.22590 e
163.92342 84.74693 -0.88590 0.32231 -0.33360 e
164.09216 40.63908 0.09466 0.86526 -0.49230 e
164.64540 57.74536 -0.36464 0.46099 -0.80903 e
165.29513 36.09882 -0.94105 0.29535 -0.16492 e
165.45986 61.64936 0.80518 0.44972 -0.38656 e
165.47816 67.05794 -0.47671 0.27586 -0.83466 e
165.74206 25.67313 -0.97362 0.01477 -0.22770 e
165.82842 44.01192 -0.62848 0.39779 0.66841 e
166.64284 50.73633 0.46520 -0.16129 -0.87039 e
166.83238 48.64575 -0.10602 0.47748 -0.87222 e
167.36467 36.64052 -0.29999 -0.36824 -0.88000 e
168.24337 55.10813 0.45678 0.36156 -0.81279 e
169.65050 54.91046 0.48943 0.86873 0.07594 e
169.77985 64.50262 0.02486 -0.82349 -0.56678 e
170.58045 75.08930 -0.28356 0.85784 -0.42861 e
170.76502 42.63585 0.04648 0.32038 -0.94615 e
170.98748 52.31039 0.09258 -0.92418 0.37058 e
171.45904 20.86494 0.33193 -0.62712 -0.70466 e
171.48097 49.83352 0.39042 0.76198 0.51668 e
171.63145 41.52795 0.49436 -0.76539 0.41205 e
171.71149 39.58100 -0.74726 0.66404 -0.02550 e
171.78454 27.83309 0.09520 -0.91204 0.39890 e
172.58978 30.80535 0.58495 0.10519 -0.80422 e
172.65325 18.30028 0.84602 0.46514 -0.26055 e
172.72197 39.24158 -0.56185 -0.77066 -0.30069 e
172.78198 43.85855 -0.24952 0.31070 -0.91717 e
173.03657 31.03446 -0.15454 -0.96817 0.19691 e
173.04412 79.91137 0.50384 0.34009 -0.79403 e
174.07240 29.89092 0.07794 0.72105 -0.68848 e
174.31798 23.91959 0.97157 -0.22817 0.06323 e
174.70992 44.02330 0.30086 -0.35107 0.88670 e
175.15765 67.29684 -0.98883 0.13499 0.06318 e
175.30035 36.91369 0.65350 -0.70613 -0.27260 e
175.59301 37.15368 0.10224 -0.37949 -0.91953 e
176.25473 33.40239 -0.92461 0.37517 -0.06590 e
176.55559 56.65725 -0.41236 -0.12178 -0.90285 e
176.62161 35.26737 0.41005 -0.78181 -0.46971 e
176.91828 43.41935 0.08823 0.38719 0.91777 e
176.95176 75.59003 -0.13515 0.97735 0.16287 e
177.30756 38.36387 -0.59776 0.73292 0.32481 e
177.42068 63.25116 0.85442 0.50380 0.12710 e
178.52002 45.94915 0.64362 0.34791 -0.68170 e
178.53807 46.92634 0.64074 -0.02588 -0.76733 e
178.76383 33.04587 0.96245 0.26844 -0.04037 e
179.19926 21.22643 0.10153 0.76552 0.63534 e
179.83353 25.53057 -0.66491 -0.69516 0.27322 e
180.49747 57.04917 -0.32060 -0.70386 -0.63388 e
180.94055 71.90405 0.01315 -0.77610 -0.63047 e
181.06879 49.71751 -0.58863 0.29523 -0.75257 e
181.32442 44.06783 -0.02302 -0.69619 -0.71749 e
182.00839 78.83753 -0.48203 -0.87233 0.08177 e
182.17327 33.57075 -0.13801 0.03978 0.98963 e
182.63414 37.74645 -0.61239 -0.04624 0.78920 e
183.79261 55.72871 -0.75369 0.60133 -0.26523 e
183.79893 64.66247 -0.58347 0.36857 -0.72368 e
183.95074 47.51056 0.36226 -0.67589 -0.64183 e
184.73876 27.08602 0.62684 -0.75768 -0.18162 e
185.10531 39.27561 -0.96026 0.26799 -0.07796 e
185.37175 69.34518 -0.54982 0.41421 -0.72535 e
186.11531 29.98895 -0.16625 -0.10766 0.98019 e
186.41976 39.46448 0.82625 0.40857 -0.38778 e
187.02249 17.32190 -0.46407 -0.85440 0.23373 e
188.14197 75.00664 0.62368 -0.42527 0.65587 e
188.59682 24.26145 -0.16172 -0.14200 -0.97657 e
189.15714 66.13842 -0.54509 0.83581 0.06553 e
189.40862 80.01065 -0.00271 0.81453 -0.58011 e
189.77913 29.81087 -0.29596 -0.66572 -0.68500 e
190.07426 40.50935 0.83532 0.54396 0.07964 e
190.19857 47.87900 0.43699 0.41030 -0.80043 e
190.54979 28.59918 -0.24346 -0.94697 -0.20972 e
190.55596 80.66472 0.48412 0.66716 -0.56615 e
191.07151 75.40303 -0.26496 0.95521 0.13178 e
191.21042 56.30228 0.36142 -0.86265 -0.35385 e
191.61311 62.12436 -0.72237 -0.42209 0.54774 e
192.38433 66.17212 -0.49650 -0.72844 0.47209 e
192.66066 60.60914 -0.63810 0.08590 -0.76515 e
192.98947 16.79217 -0.80452 0.40015 -0.43890 e
193.01430 35.16810 0.37991 -0.87582 -0.29767 e
193.54446 28.73352 -0.03685 -0.04567 0.99828 e
193.55516 37.38171 -0.73358 -0.50453 -0.45530 e
193.94688 50.24166 0.31951 -0.92584 0.20180 e
195.18915 40.68798 0.23071 0.59053 -0.77333 e
195.37383 37.69184 0.54215 0.84026 -0.00568 e
195.43863 53.74694 -0.78956 -0.60102 0.12398 e
195.51113 49.66516 -0.91849 0.13888 -0.37026 e
195.70254 52.20455 -0.73381 -0.67330 -0.09053 e
195.73666 62.85823 0.57724 -0.69794 -0.42387 e
196.21352 75.18085 0.34349 0.92423 0.16679 e
196.59266 34.25527 -0.25531 0.21563 0.94251 e
196.76776 36.22571 -0.95047 0.23385 0.20476 e
198.02689 40.59905 -0.07868 0.09563 -0.99230 e
198.18425 16.85132 -0.99309 -0.10427 -0.05389 e
198.33527 45.12323 -0.57752 -0.41481 -0.70314 e
198.75599 66.60674 -0.17841 0.72897 -0.66089 e
198.77847 32.20532 -0.42967 -0.24520 -0.86906 e
198.85389 27.37068 -0.03722 0.82712 -0.56079 e
198.85478 17.90077 -0.01724 0.98928 -0.14499 e
199.49780 65.78322 -0.44389 -0.39662 -0.80353 e
199.78000 35.20818 0.34877 0.30572 -0.88594 e
200.11757 62.04717 0.89456 0.36474 0.25831 e
201.77513 55.91188 -0.89484 0.19673 0.40069 e
202.49217 31.98988 -0.05776 -0.18254 -0.98150 e
202.63491 80.35452 0.78948 -0.21477 -0.57497 e
203.35590 37.29743 -0.20678 0.68584 -0.69776 e
203.50426 50.04799 -0.81485 -0.04716 -0.57775 e
203.67275 62.03579 0.36933 0.53758 -0.75803 e
203.90534 74.50790 -0.90203 -0.21793 -0.37263 e
203.96932 36.16316 0.15396 0.98305 -0.09951 e
204.28860 67.20560 -0.04732 -0.99599 0.07595 e
204.48359 47.78880 0.93688 -0.34337 -0.06601 e
205.42122 67.91705 -0.53647 0.61813 0.57456 e
206.18642 77.52025 0.54706 0.11331 -0.82939 e
206.78377 20.52694 0.27914 0.65455 -0.70260 e
206.93685 38.74577 -0.66169 0.74914 0.03100 e
207.70487 65.62403 0.89459 -0.03481 -0.44553 e
207.72357 59.11371 -0.05331 0.37122 -0.92701 e
208.25720 18.50920 0.81656 0.21530 0.53561 e
208.61003 11.38191 0.95334 -0.15268 0.26044 e
208.97512 17.11623 -0.14002 -0.12123 0.98270 e
209.22944 65.31293 0.59748 0.38582 -0.70297 e
209.87342 32.39528 -0.53702 0.40408 -0.74050 e
209.90167 78.53247 -0.68994 -0.71288 -0.12566 e
210.08632 44.30103 -0.68385 0.72957 0.00885 e
210.18788 22.34454 0.92590 -0.21782 0.30865 e
211.04172 44.40311 -0.62072 0.51287 -0.59301 e
211.53091 19.68668 0.66007 0.74781 -0.07130 e
211.76802 43.13117 -0.26381 -0.80623 -0.52953 e
212.51754 72.05969 -0.14672 0.65861 0.73805 e
212.64403 78.65355 0.42883 -0.09866 -0.89798 e
212.71690 60.37540 -0.65324 -0.69280 -0.30546 e
213.17820 50.96402 -0.64794 -0.59653 -0.47363 e
213.21552 67.82217 -0.54655 -0.57884 -0.60518 e
214.07181 51.34556 0.61353 0.47183 0.63321 e
215.05502 35.37428 -0.64389 0.72828 -0.23454 e
215.56480 81.60831 0.84324 0.39023 -0.36967 e
215.77239 68.93880 -0.82220 -0.55061 -0.14431 e
217.48691 30.16348 0.05129 -0.52321 -0.85066 e
217.86600 71.37997 -0.14166 0.96465 -0.22221 e
218.39039 47.45852 -0.12724 -0.32448 -0.93730 e
220.18300 33.17505 -0.55976 0.82837 -0.02166 e
220.44884 32.16759 0.28648 0.76119 -0.58182 e
220.54055 79.47815 0.30988 -0.89895 -0.30962 e
221.49780 23.20806 -0.05544 0.40391 -0.91312 e
221.82852 65.33949 -0.79883 0.21658 -0.56122 e
222.01539 40.23829 -0.12422 -0.80304 -0.58283 e
222.81362 78.21026 0.87868 0.16488 0.44803 e
222.88885 28.49664 -0.65353 -0.07877 -0.75279 e
223.63088 27.69407 0.16210 0.20036 0.96622 e
224.73549 57.02038 -0.93317 0.20822 -0.29300 e
224.84291 54.18045 -0.19261 0.21893 -0.95654 e
225.22462 50.13063 0.48046 0.41660 -0.77175 e
225.60724 77.07806 0.98265 -0.18498 0.01377 e
225.91666 56.19245 -0.24252 0.04199 -0.96924 e
226.10212 17.77185 -0.85814 0.24130 0.45318 e
226.19211 45.54011 -0.28019 -0.85164 -0.44294 e
226.49206 39.32767 0.96348 0.24399 -0.11030 e
227.99102 53.61601 0.54882 0.81665 -0.17854 e
228.76264 70.11804 0.84179 -0.53980 0.00206 e
229.23724 31.99742 -0.47066 0.54149 -0.69661 e
230.54289 37.39679 0.50492 -0.67320 -0.54024 e
231.10537 50.13942 -0.45136 0.34301 -0.82378 e
231.48884 82.01750 -0.85489 0.51821 0.02515 e
231.52777 40.26302 -0.04745 -0.71073 -0.70186 e
231.53957 68.85067 0.79521 0.22510 -0.56300 e
231.93674 47.55946 -0.82959 0.11534 -0.54633 e
232.68710 48.00928 -0.28229 -0.93165 -0.22877 e
232.73434 12.41613 -0.14102 0.71490 0.68486 e
232.77158 58.38419 -0.75076 -0.28027 -0.59817 e
232.99310 48.56818 -0.89913 0.43407 -0.05611 e
233.28258 22.00271 0.44937 -0.80196 0.39359 e
233.64655 54.13600 0.80018 0.30981 -0.51355 e
234.05288 53.70702 -0.95373 -0.10872 0.28033 e
234.10529 35.33130 -0.36141 0.92308 0.13155 e
234.58258 45.00913 0.80413 -0.15929 0.57271 e
234.60531 83.21421 0.09277 0.83996 -0.53466 e
235.00161 61.69010 -0.10020 0.15844 -0.98227 e
235.31346 36.74687 -0.97628 -0.19979 0.08344 e
235.53427 55.86120 0.88823 -0.12774 -0.44127 e
236.51439 72.06766 0.43524 -0.30425 -0.84735 e
238.05544 42.93146 -0.91875 -0.23736 -0.31552 e
238.19445 51.54156 0.85266 -0.25323 -0.45699 e
238.69562 68.59186 -0.89665 0.04101 -0.44083 e
241.23969 34.66330 -0.26292 0.93784 0.22656 e
242.15637 24.90859 0.43935 -0.77340 -0.45697 e
242.15958 35.86690 -0.87817 -0.35231 -0.32356 e
242.65074 48.58352 0.33945 0.93923 -0.05114 e
243.00799 61.83391 -0.00684 0.22336 -0.97471 e
243.75135 68.24343 -0.79058 0.61170 -0.02848 e
243.96832 35.26268 0.42341 -0.26184 -0.86727 e
244.49920 75.63360 -0.84065 0.47694 -0.25658 e
244.69698 81.92269 -0.77743 0.41759 0.47034 e
245.02888 53.74621 0.30609 0.64957 -0.69596 e
245.20516 26.50995 -0.36179 0.10095 -0.92678 e
245.51721 64.69567 0.56091 0.05011 -0.82636 e
245.85279 80.19878 -0.99557 0.06434 0.06852 e
246.69528 40.96630 0.97580 -0.14127 0.16690 e
246.96166 30.59732 -0.00998 -0.26548 -0.96407 e
247.08052 68.00241 -0.68745 -0.12680 -0.71507 e
248.57168 81.69485 0.92498 -0.36711 0.09818 e
249.73032 60.50266 0.38707 0.74154 0.54799 e
250.17390 37.33361 0.88860 0.28187 0.36185 e
250.42895 58.36929 0.54457 0.70666 -0.45174 e
250.59661 53.84970 -0.71406 -0.68037 -0.16495 e
251.53180 41.53547 0.27494 -0.68690 -0.67274 e
251.95284 61.36145 0.23623 -0.95203 -0.19451 e
252.02075 30.59888 0.82820 0.20030 -0.52342 e
253.07738 28.89436 -0.27889 0.29575 -0.91365 e
253.82807 33.88978 -0.16961 -0.03164 -0.98500 e
255.82472 81.54072 0.18248 -0.57580 -0.79697 e
257.80167 37.94440 -0.25287 -0.26253 -0.93120 e
258.24162 17.76945 0.66466 0.37144 -0.64827 e
258.93760 83.18392 0.80294 -0.49701 -0.32904 e
259.33661 29.57694 0.98716 0.09604 0.12768 e
260.26061 75.90585 -0.10843 -0.61459 0.78136 e
260.66227 67.49630 -0.11597 -0.24172 -0.96339 e
262.66676 37.41472 -0.38373 0.11346 -0.91645 e
263.33211 47.91192 0.25041 0.96107 -0.11675 e
263.34288 22.70762 -0.08194 0.60827 -0.78949 e
263.60753 44.50724 -0.99811 0.01921 0.05844 e
263.86651 54.60787 -0.95914 -0.16500 0.22982 e
264.97571 30.46853 -0.20295 0.83621 0.50947 e
265.37737 49.17094 -0.21773 -0.44001 -0.87119 e
265.99480 43.94606 -0.35517 0.91481 -0.19228 e
266.71237 33.22753 0.31817 -0.87903 -0.35506 e
267.22438 84.34331 -0.28502 0.25252 -0.92466 e
267.23663 71.98878 0.69100 0.56386 -0.45231 e
268.12118 21.18246 0.50875 -0.42772 -0.74715 e
268.82771 71.25317 0.01879 0.59826 -0.80108 e
268.89399 56.16840 -0.64216 0.60691 -0.46827 e
268.93402 37.10239 -0.28902 -0.06570 -0.95507 e
269.52624 72.66532 0.37882 0.48861 -0.78597 e
269.71326 51.69263 0.63918 0.51854 -0.56795 e
269.74805 48.83667 0.47015 0.03725 -0.88180 e
269.89842 43.33352 0.54553 0.80380 -0.23729 e
271.19939 23.44167 0.66625 -0.23209 -0.70870 e
271.31972 43.18315 -0.07347 0.76778 -0.63648 e
271.58327 74.82434 -0.43319 -0.63590 -0.63873 e
272.74558 39.01812 0.16489 -0.75453 0.63522 e
274.43647 79.84228 0.23492 -0.97177 0.02197 e
274.75539 40.36280 0.16453 0.72150 -0.67258 e
274.76960 84.08319 0.61444 -0.11632 -0.78034 e
276.74427 27.96193 0.01595 -0.16815 -0.98563 e
276.96310 40.00457 -0.43929 0.27423 -0.85547 e
277.85329 23.63437 0.47665 -0.08734 -0.87474 e
279.58304 38.22212 -0.09319 -0.99316 -0.07037 e
279.84940 22.59886 0.52857 0.51487 -0.67493 e
279.98807 34.69844 -0.26480 0.17651 -0.94801 e
279.98898 20.73446 0.53910 0.81280 -0.22073 e
280.33961 29.26430 0.59306 0.64772 -0.47826 e
280.63500 69.62236 -0.89082 0.10244 -0.44266 e
280.82911 42.81402 -0.88190 0.00990 0.47134 e
280.86741 45.84829 -0.04863 0.10620 -0.99315 e
281.22685 26.83003 -0.71353 -0.62802 -0.31057 e
281.72875 51.53046 -0.36269 0.78443 0.50312 e
281.97390 39.59733 -0.15907 -0.29197 -0.94311 e
282.62524 26.04135 -0.97279 0.20977 -0.09838 e
283.97977 40.46962 0.48600 -0.82872 0.27753 e
284.07130 28.30941 -0.85903 0.04511 -0.50993 e
284.92972 38.75644 -0.49166 -0.19903 -0.84774 e
285.36826 46.38212 -0.31558 0.40945 -0.85601 e
285.69390 25.01814 0.10096 -0.69640 0.71052 e
286.79315 36.00812 -0.50845 -0.82758 0.23789 e
287.07490 22.85010 0.22330 0.54247 -0.80986 e
287.31594 49.12374 -0.07569 0.09158 -0.99292 e
287.91260 60.32970 -0.73274 0.63946 -0.23277 e
288.01031 74.95553 0.89375 -0.04081 0.44670 e
288.27227 18.56348 -0.01227 0.73016 0.68316 e
288.97328 43.11373 -0.09298 -0.78995 -0.60608 e
289.48158 74.74197 0.17412 -0.97588 -0.13165 e
289.49021 65.74371 0.60452 -0.66088 -0.44473 e
289.50739 61.13190 -0.54091 -0.07635 0.83761 e
290.23115 51.40316 -0.88491 -0.06166 0.46167 e
290.59345 33.92785 -0.48894 0.74479 0.45412 e
290.80646 25.43333 -0.15431 0.14666 -0.97708 e
291.09776 73.30187 -0.12063 -0.75687 -0.64234 e
291.66608 79.28640 0.85639 -0.50717 -0.09685 e
291.89408 73.05190 -0.76868 -0.53316 0.35337 e
293.32332 65.29476 -0.79433 0.56098 -0.23312 e
293.77776 15.96219 -0.99865 -0.00889 -0.05119 e
294.20948 50.97638 0.89652 0.13835 -0.42085 e
294.64748 41.33401 0.77460 0.01261 -0.63232 e
296.78949 56.18095 0.55230 -0.06085 -0.83143 e
297.54053 33.11919 0.24943 -0.89465 0.37065 e
297.93372 49.41613 0.68977 -0.50308 0.52069 e
298.15464 48.53493 -0.05471 0.11669 -0.99166 e
298.81887 49.51061 -0.13460 -0.83725 0.53000 e
299.45607 32.75007 -0.60451 -0.52464 0.59943 e
300.36734 51.81829 -0.34041 -0.72364 -0.60039 e
300.89903 46.31792 0.25695 0.51504 -0.81775 e
301.26874 54.63760 0.65148 -0.72928 -0.20911 e
301.35182 55.89141 0.83984 0.28662 -0.46101 e
301.44686 75.48551 -0.28261 0.24983 -0.92613 e
301.79125 82.67249 0.76959 0.43309 -0.46922 e
302.98276 59.95276 -0.37952 -0.58415 -0.71744 e
303.91698 59.25966 0.57125 0.61059 0.54850 e
304.29779 62.92108 0.08365 -0.87948 -0.46853 e
304.33996 80.42248 -0.99044 -0.07283 0.11716 e
305.90471 61.77194 -0.27118 -0.69535 -0.66554 e
306.60019 79.76977 -0.85753 0.33620 0.38938 e
308.22405 36.90514 -0.54145 -0.83793 0.06862 e
308.89301 24.73185 -0.94428 0.22054 0.24434 e
309.40748 65.73174 -0.37782 0.92539 -0.03012 e
310.68260 13.69911 -0.90684 -0.23689 0.34861 e
310.77722 30.40761 -0.70149 -0.65313 0.28518 e
311.33780 17.31926 -0.05817 0.77893 -0.62441 e
313.03724 71.50130 0.75215 -0.27426 -0.59921 e
313.23506 41.56781 -0.62755 -0.06956 0.77546 e
313.37928 35.43593 -0.16953 0.04768 -0.98437 e
313.46910 35.90361 0.38647 0.22667 0.89401 e
313.78039 42.47886 -0.02340 -0.91465 -0.40358 e
314.13931 57.42069 0.50345 0.52580 0.68562 e
315.36419 30.72822 0.95661 0.03495 -0.28927 e
316.86717 38.50032 -0.71278 0.41484 -0.56556 e
316.88621 49.02907 0.84549 0.49978 0.18809 e
317.10494 60.43433 -0.34389 -0.72015 -0.60260 e
317.29373 66.29650 0.60500 -0.50470 0.61583 e
317.40512 62.59479 0.10507 0.81098 -0.57556 e
317.52651 41.58648 -0.72617 -0.11224 0.67829 e
317.75259 61.90229 0.43638 -0.89286 0.11126 e
317.98944 75.73486 -0.33198 -0.86865 -0.36774 e
318.99766 54.76063 -0.77962 -0.59576 -0.19303 e
319.29618 29.87172 -0.06793 -0.28242 -0.95688 e
319.36369 80.06741 0.64956 -0.70755 -0.27828 e
319.91066 69.74686 -0.08592 0.86020 -0.50267 e
320.00727 62.40615 -0.14257 -0.98192 0.12456 e
320.38139 40.21992 0.26622 0.69995 0.66272 e
320.46574 77.16618 -0.22502 -0.80695 0.54608 e
320.52982 26.60635 -0.61404 -0.33854 -0.71299 e
321.77575 53.97996 0.66839 -0.74074 0.06751 e
322.09033 62.04127 -0.72884 -0.37238 -0.57457 e
322.34941 29.82430 0.65369 -0.64052 0.40302 e
322.79107 58.96572 0.46499 -0.05071 -0.88386 e
323.87398 66.83797 -0.25843 -0.91747 -0.30243 e
323.89837 13.85792 0.52332 -0.49770 0.69168 e
324.24424 58.14085 -0.00676 0.67953 -0.73361 e
324.55068 21.32642 -0.74503 0.53636 0.39655 e
325.22248 62.27822 -0.19885 0.77867 -0.59510 e
326.72358 72.81872 -0.28833 -0.67073 -0.68336 e
327.23005 54.45511 -0.37241 0.24939 -0.89393 e
327.73560 46.03992 -0.94286 0.02645 -0.33213 e
328.08623 67.71255 0.46949 0.88056 -0.06474 e
328.12589 56.21917 -0.04122 -0.92579 0.37578 e
328.23631 40.13510 0.06299 0.83100 0.55270 e
329.48076 19.08437 -0.95639 -0.25970 -0.13370 e
329.56520 53.18181 -0.96641 -0.05731 0.25052 e
330.44951 46.53804 0.61332 0.78447 0.09192 e
331.33783 66.70527 -0.57026 -0.81769 -0.07862 e
331.78115 61.92486 0.79758 0.48808 0.35447 e
333.50599 68.88755 0.64406 0.02190 -0.76466 e
333.66698 78.15180 -0.12915 0.46231 -0.87726 e
333.95692 28.04072 0.60048 0.76401 -0.23603 e
335.20640 28.89780 0.75181 0.21696 0.62266 e
335.89224 71.88284 0.20234 -0.97899 -0.02520 e
335.91936 75.33291 0.77993 0.24378 -0.57644 e
336.06500 76.55364 0.81333 0.29585 -0.50097 e
336.82024 68.92480 -0.53677 0.17549 -0.82527 e
336.94662 36.10832 -0.85875 -0.03809 -0.51098 e
337.29856 32.37275 0.97010 -0.13573 0.20119 e
339.53214 77.69258 -0.69840 -0.57095 -0.43157 e
340.03826 21.76038 0.51447 0.73412 -0.44315 e
340.49562 51.81650 0.34587 -0.64300 -0.68332 e
341.23508 64.22352 -0.82972 -0.54951 -0.09796 e
341.28446 23.63903 -0.49634 -0.30460 -0.81293 e
345.92636 51.83583 -0.89165 0.45112 0.03810 e
346.05645 42.95391 0.24071 0.89038 0.38637 e
346.47230 69.21741 -0.08862 -0.99566 0.02845 e
346.61958 77.76786 0.13519 0.69889 -0.70234 e
347.48359 24.40169 0.38388 0.56344 -0.73155 e
347.61650 60.79393 -0.46748 0.68253 -0.56179 e
348.20147 36.96154 -0.35131 -0.31060 -0.88324 e
348.31379 81.53585 0.92046 -0.38313 -0.07719 e
349.75320 60.99519 -0.12588 0.31627 -0.94028 e
350.11315 71.76897 0.43501 -0.53806 -0.72198 e
350.24188 35.13785 -0.27068 0.83962 -0.47093 e
350.38833 8.22928 -0.48217 0.66149 0.57440 e
351.36322 46.00193 -0.34657 0.67930 -0.64687 e
351.99622 76.57495 -0.42924 -0.58064 0.69182 e
352.13351 14.87037 0.71899 -0.17355 -0.67300 e
352.92891 45.83956 -0.08767 0.92624 -0.36660 e
352.95431 34.89631 0.82882 0.49076 -0.26871 e
353.45172 30.70349 -0.65455 -0.60365 -0.45516 e
354.51638 74.56402 0.74968 -0.52269 -0.40593 e
354.94451 72.81284 0.67561 0.41251 -0.61106 e
354.94532 46.97962 -0.12320 -0.27592 -0.95325 e
355.94299 39.56986 0.74318 -0.44006 0.50401 e
359.86422 32.65067 0.59829 -0.66174 -0.45183 e
359.90722 76.02971 0.48777 0.36312 -0.79387 e
360.70459 50.14310 -0.93283 0.16226 -0.32172 e
363.49783 49.68941 0.33130 -0.21295 -0.91918 e
363.78485 58.19152 0.12616 0.76147 0.63580 e
364.37591 82.34458 -0.40951 -0.59437 -0.69212 e
365.22708 48.08223 0.60769 -0.66447 -0.43496 e
367.16833 41.27020 -0.43771 0.88511 0.15806 e
369.41694 69.68487 -0.93888 -0.13052 -0.31855 e
370.39174 74.49483 -0.34914 0.76976 -0.53439 e
370.80970 11.85406 0.15305 -0.86525 0.47741 e
373.32307 64.76007 -0.23663 0.07832 -0.96844 e
374.40994 66.32551 0.47377 -0.21007 -0.85522 e
374.45439 81.44959 -0.55908 -0.54813 -0.62208 e
377.61314 56.75214 -0.36902 0.85328 -0.36842 e
377.76444 52.07647 0.85088 0.45363 -0.26500 e
380.19909 26.38977 -0.89875 0.28818 0.33046 e
381.68712 38.06278 -0.88670 -0.11012 -0.44904 e
386.17969 45.20102 -0.58571 -0.09282 -0.80519 e
387.83230 71.33712 -0.21762 -0.32572 -0.92008 e
389.90455 40.28568 0.59457 0.14080 0.79162 e
390.76424 15.35977 -0.26992 0.00055 0.96288 e
390.95795 70.40706 0.03732 0.01209 -0.99923 e
392.63315 57.01643 0.80419 -0.55876 -0.20266 e
393.29301 42.21700 0.37622 -0.21685 -0.90080 e
394.51970 32.39523 0.65282 -0.68746 -0.31816 e
394.77028 54.09307 0.34349 0.56780 -0.74807 e
396.69376 55.29722 -0.53668 -0.77834 0.32583 e
397.66311 54.85461 0.53350 0.83416 -0.13980 e
399.34467 41.03537 0.32137 -0.88932 -0.32532 e
400.43302 20.70566 -0.21013 0.43012 0.87797 e
401.74714 65.43606 0.60593 -0.79418 0.04602 e
405.24081 46.69390 -0.46198 0.75130 -0.47129 e
409.11783 47.97333 0.19911 0.34257 -0.91815 e
409.52693 32.52888 -0.72008 -0.24043 -0.65091 e
409.86735 25.11439 -0.24008 0.93369 0.26566 e
411.65018 59.07413 0.21962 -0.31149 -0.92452 e
423.40082 33.64784 0.13655 -0.87629 0.46203 e
437.54099 64.38825 -0.44728 -0.89419 0.01913 e
446.85963 50.96844 0.81594 -0.57216 -0.08285 e
463.15443 49.79713 0.97812 0.20589 0.02992 e
472.22304 21.64559 0.03494 0.87348 -0.48560 e
478.39052 25.00939 0.73753 -0.06152 -0.67251 e
478.89897 29.58871 -0.11470 0.39256 0.91255 e
481.64414 32.41094 -0.33396 -0.93658 0.10624 e
481.67691 61.31154 0.39390 -0.43486 -0.80977 e
481.89172 30.77951 0.75240 -0.33820 -0.56526 e
485.23012 47.21557 0.47804 0.64100 -0.60050 e
495.28223 64.15668 0.31635 0.94847 -0.01788 e
535.75539 32.87205 -0.02581 0.45685 0.88917 e
564.64572 42.71237 -0.98080 -0.18806 0.05162 e
567.61080 30.29139 0.71247 0.45898 -0.53078 e
586.88314 30.38346 -0.17629 0.12844 -0.97592 e
608.81969 30.65722 0.77695 0.44907 -0.44123 e
616.74194 11.55137 -0.57216 -0.79116 0.21610 e
628.45598 28.15941 0.11835 0.65085 0.74993 e
700.52338 27.13051 0.06621 -0.23932 0.96868 e
708.29724 13.11288 0.25368 -0.02365 -0.96700 e
728.27661 23.64563 0.53600 0.15928 -0.82906 e
735.41983 38.85207 -0.15154 0.19563 0.96890 e
738.34117 28.68885 0.72357 0.68448 -0.08909 e
739.75744 38.42056 -0.52532 0.47905 -0.70324 e
756.80719 23.73586 -0.58419 -0.29750 -0.75513 e
758.63160 29.93228 -0.06855 -0.93029 0.36037 e
804.22085 49.70312 0.38298 0.73111 -0.56463 e
832.18501 26.00249 0.59077 -0.50109 -0.63238 e
853.32249 49.07071 0.17140 -0.77380 -0.60980 e
865.88768 26.54679 0.44439 -0.83933 0.31312 e
912.05346 47.76799 -0.43064 -0.78463 0.44599 e
928.63501 31.96791 0.17804 0.98319 -0.04056 e
934.93237 24.88993 0.78671 0.32449 -0.52516 e
938.60183 27.23468 -0.62920 -0.73866 -0.24186 e
947.52158 33.79352 0.25721 -0.02879 0.96593 e
1087.13862 15.28658 -0.73327 -0.59704 0.32535 e
1322.76058 44.18656 -0.21725 -0.14098 -0.96588 e
1912.13076 18.31623 0.24803 0.55868 -0.79142 e
2294.94888 74.56343 -0.47483 -0.73052 0.49080 e
2961.59823 29.24660 -0.63156 -0.30448 -0.71304 e
3038.30012 32.17617 0.65883 0.20525 0.72375 e
3666.67314 27.86976 -0.34642 -0.52362 -0.77834 e
3764.62629 9.62457 0.18107 0.69188 -0.69894 e
4181.48681 13.53418 0.76969 -0.54124 -0.33859 e
4887.85718 10.61316 0.32431 -0.92770 -0.18493 e
5666.11156 76.30914 0.08534 -0.66125 0.74530 e
5864.25267 19.84302 0.30548 -0.42080 0.85417 e
6924.08657 13.97411 -0.87866 -0.21164 -0.42799 e
9038.21078 30.08410 -0.06339 0.76534 -0.64049 e
10518.66754 10.67804 0.18651 0.89030 -0.41543 e
11658.14444 23.40036 0.21138 -0.95809 0.19337 e
14838.00878 12.57049 -0.64997 -0.75112 -0.11559 e
