19.61108 52.80670 0.45881 -0.35082 -0.81635 eb
19.71582 85.88318 0.12561 0.87926 -0.45949 eb
19.82790 55.73122 -0.79562 -0.03909 -0.60454 eb
20.49111 88.26266 -0.29023 -0.43208 -0.85386 eb
20.97593 58.98856 -0.60599 -0.72875 0.31891 eb
22.87561 47.97610 0.68541 -0.01185 -0.72807 eb
23.22441 87.94338 -0.19989 -0.86823 -0.45411 eb
24.00333 72.40110 0.63702 -0.67596 0.37051 eb
25.36034 23.30586 0.66897 -0.32730 -0.66735 eb
25.51297 37.95114 -0.39499 0.78712 0.47373 eb
26.42389 64.81267 0.65632 0.59073 -0.46935 eb
26.64455 41.10993 0.68135 0.71425 -0.16004 eb
27.15331 81.82807 0.36048 0.69032 0.62730 eb
28.00421 26.12429 -0.99506 -0.08346 -0.05368 eb
28.02559 87.44257 -0.00057 0.81199 -0.58367 eb
29.02630 35.99106 -0.35304 0.34263 -0.87061 eb
29.39415 78.61692 -0.47378 -0.52986 0.70340 eb
29.64882 11.84722 0.41543 0.50526 0.75639 eb
30.38381 7.78468 -0.11643 0.00076 0.99320 eb
31.61246 28.30478 -0.09957 -0.89927 -0.42590 eb
31.79340 51.46673 -0.14856 0.06887 -0.98650 eb
31.81337 71.54151 0.29043 0.80391 -0.51901 eb
32.49039 43.04210 0.66818 0.52672 0.52545 eb
33.33127 40.66907 -0.90811 0.03111 -0.41757 eb
33.33756 43.15280 0.13069 -0.31009 -0.94168 eb
33.56149 19.41448 -0.84668 0.27977 -0.45261 eb
33.94250 60.07816 0.23858 0.85612 -0.45840 eb
34.54618 55.52941 -0.45141 0.84550 -0.28524 eb
34.69080 34.34428 -0.86999 0.16908 0.46317 eb
36.63370 38.89382 0.56277 0.10650 -0.81973 eb
37.40380 43.81964 0.83823 0.48177 0.25547 eb
38.22793 7.17309 0.01674 -0.99824 -0.05697 eb
38.39868 68.87272 -0.14711 0.70572 0.69305 eb
38.66520 72.94456 0.62548 0.59370 -0.50625 eb
39.62105 71.84679 0.60945 0.29751 -0.73489 eb
39.90374 82.46158 -0.89302 -0.22846 -0.38771 eb
40.05589 43.22832 -0.12971 0.82393 0.55166 eb
40.89386 33.37783 -0.94776 -0.20936 0.24066 eb
41.08812 78.87656 0.75678 -0.55953 0.33795 eb
41.80099 85.23653 -0.08508 0.86743 -0.49024 eb
42.25323 67.37485 0.79617 0.18748 -0.57529 eb
42.47560 26.20739 -0.66810 -0.58882 -0.45490 eb
42.89447 26.39230 -0.70356 0.60480 0.37311 eb
42.95160 33.26969 -0.59101 0.61919 -0.51703 eb
43.00083 30.78137 0.00173 0.74282 -0.66948 eb
45.24883 31.83228 0.40864 0.36552 -0.83631 eb
45.31380 44.29024 -0.39971 0.55342 0.73073 eb
45.61870 75.25600 -0.42454 -0.90337 0.06076 eb
46.05807 30.77384 -0.56829 0.57777 -0.58586 eb
46.79097 81.12636 -0.85129 -0.11888 -0.51104 eb
46.91546 57.52615 0.93977 0.28091 0.19474 eb
49.16935 33.91185 0.95650 0.22468 0.18607 eb
49.23440 46.79586 0.17433 -0.87909 -0.44362 eb
49.68715 20.38981 -0.55863 0.80242 -0.20989 eb
50.80002 33.68502 0.97410 0.15997 -0.15981 eb
52.39845 22.92341 -0.09220 -0.88361 -0.45906 eb
52.54453 53.67868 -0.13655 -0.30359 -0.94297 eb
52.74143 40.26606 0.79875 0.14237 -0.58457 eb
52.81679 42.84487 -0.94169 -0.03738 -0.33439 eb
53.57209 78.67870 -0.83741 0.19875 -0.50916 eb
54.52677 52.41182 -0.12452 -0.89367 -0.43111 eb
55.05291 24.37508 0.21010 0.86727 -0.45133 eb
55.42741 86.96671 -0.01320 -0.08192 -0.99655 eb
56.27969 69.71074 -0.16907 0.85438 -0.49137 eb
56.54352 28.61488 -0.52788 -0.57705 -0.62318 eb
57.15612 55.28890 0.36585 0.53391 -0.76229 eb
57.97485 62.60503 0.98895 0.13692 -0.05690 eb
58.14988 27.03173 -0.12707 0.96284 -0.23831 eb
58.20796 71.34154 0.26168 0.34544 -0.90122 eb
58.31773 62.38875 0.87096 -0.48402 0.08462 eb
58.42869 23.61476 0.28550 0.42685 -0.85807 eb
59.92870 12.82516 0.69904 -0.60011 -0.38886 eb
60.00878 61.92919 -0.34103 -0.26328 -0.90243 eb
60.40948 68.17635 0.22933 -0.97038 0.07602 eb
60.60511 36.25744 -0.61654 0.19496 -0.76281 eb
60.60656 47.42429 0.23247 0.97185 -0.03835 eb
61.03229 42.23002 -0.48103 -0.80749 -0.34143 eb
62.52541 60.75888 -0.22630 0.78215 0.58055 eb
62.57679 23.69966 0.80327 -0.37005 -0.46672 eb
62.64255 50.94676 0.56488 -0.79128 0.23405 eb
62.80601 59.81610 0.98508 -0.02811 -0.16979 eb
63.25663 41.30733 -0.67576 -0.54245 0.49910 eb
63.60980 29.82294 0.14812 0.35337 -0.92368 eb
64.24826 25.90090 0.63562 -0.54955 0.54220 eb
64.64969 37.18913 0.05958 0.98684 0.15033 eb
64.80938 56.69238 0.46086 -0.51714 -0.72122 eb
64.81465 88.31245 0.06062 0.34061 -0.93825 eb
64.97372 80.01150 -0.72812 0.64674 0.22708 eb
65.54332 27.67660 -0.93657 -0.34245 -0.07457 eb
66.13748 36.94477 0.70170 -0.68399 -0.19943 eb
67.64556 78.92414 -0.91838 -0.22974 -0.32219 eb
70.50140 21.51385 0.79500 -0.59879 -0.09709 eb
70.65841 57.21259 0.14611 -0.89796 -0.41512 eb
71.09721 13.83830 0.45513 -0.52241 0.72107 eb
71.44647 18.26395 0.61433 -0.70779 -0.34877 eb
71.60901 70.50013 0.65718 0.42233 -0.62430 eb
74.12879 15.47885 0.63625 0.77146 0.00596 eb
75.91147 69.88045 0.13074 0.71421 -0.68761 eb
76.20256 42.55024 -0.49555 0.53607 -0.68342 eb
76.74286 46.29063 -0.55895 -0.69120 -0.45806 eb
77.18867 77.70560 0.25724 0.31604 -0.91321 eb
77.33845 42.64790 0.84184 -0.19633 -0.50276 eb
77.85424 66.71975 -0.28205 -0.95690 0.06919 eb
79.00426 34.43955 0.95307 0.18574 -0.23907 eb
81.20875 48.73021 -0.65211 0.45654 -0.60524 eb
81.21947 14.84066 0.34333 0.06130 -0.93721 eb
82.56635 50.42635 -0.77928 -0.60011 0.18051 eb
83.66292 47.37654 -0.49020 -0.39429 0.77733 eb
84.03976 67.59470 0.00378 -0.87353 -0.48676 eb
84.06066 30.18097 0.85321 0.51631 -0.07385 eb
84.58436 22.13362 -0.81663 0.36679 0.44563 eb
84.60567 38.89426 0.82724 -0.30136 0.47419 eb
85.46369 48.01081 -0.34995 -0.93232 0.09120 eb
87.25288 32.12566 -0.42986 -0.89972 -0.07565 eb
87.33721 57.67227 -0.44020 0.67071 -0.59698 eb
88.11194 39.17406 -0.11382 -0.86677 0.48555 eb
88.19221 40.84839 -0.66915 0.43000 0.60609 eb
90.45341 12.79494 0.49873 0.86031 -0.10551 eb
90.60908 30.09451 0.39954 0.40377 -0.82300 eb
90.76571 29.75390 -0.72279 0.06256 -0.68823 eb
92.23785 29.32285 -0.74002 0.51921 -0.42754 eb
93.82886 19.65214 -0.46530 0.22159 -0.85697 eb
94.32728 25.61126 0.65693 -0.43097 -0.61864 eb
94.47209 27.49928 -0.99200 0.06888 -0.10580 eb
94.71543 72.98817 0.58614 0.13003 -0.79971 eb
95.81060 67.71436 0.14689 0.05228 -0.98777 eb
96.15814 84.87207 -0.78863 -0.49769 0.36106 eb
97.18078 24.87454 0.94129 -0.33181 0.06220 eb
97.18751 38.48012 -0.62207 0.53781 -0.56902 eb
97.87883 60.76371 -0.45201 0.67748 -0.58026 eb
99.98191 55.62207 0.57127 -0.19507 0.79724 eb
100.60316 23.31723 -0.45342 -0.16421 0.87604 eb
100.62538 32.94112 0.61133 -0.66766 0.42485 eb
101.08376 88.42079 -0.38481 -0.31370 -0.86805 eb
101.10958 59.71901 -0.30070 0.33996 0.89107 eb
101.18136 58.62487 -0.61703 -0.02470 -0.78655 eb
102.47798 26.43149 0.19880 -0.94154 -0.27199 eb
103.07232 41.25546 0.39566 0.03848 -0.91759 eb
103.26269 73.98175 -0.06431 0.93940 -0.33674 eb
103.33577 5.72259 0.17668 -0.08307 0.98076 eb
103.92342 29.31644 -0.16100 0.34140 -0.92603 eb
104.01394 86.22763 0.79755 0.04006 -0.60192 eb
104.66546 35.38275 -0.24899 0.89871 0.36101 eb
105.69518 26.02193 -0.54009 0.84153 -0.01154 eb
105.70281 46.48661 0.48728 0.20103 -0.84979 eb
106.45353 74.98962 -0.04320 0.90763 -0.41755 eb
107.35157 45.73348 0.02715 0.00190 -0.99963 eb
107.88614 28.72639 -0.46073 0.70748 0.53591 eb
108.00497 75.32965 -0.55096 -0.11365 -0.82676 eb
108.22134 36.45668 -0.21708 0.86113 0.45971 eb
108.24035 68.51754 0.90448 -0.38207 0.18959 eb
108.78568 55.80975 0.23297 -0.45526 -0.85934 eb
109.47993 37.65148 -0.07771 0.87674 0.47464 eb
110.32787 42.51470 -0.76278 -0.63904 -0.09899 eb
111.05098 54.33362 -0.66894 0.21263 0.71226 eb
111.16085 46.12442 0.76999 0.50858 -0.38531 eb
111.22628 24.01396 -0.90774 0.40328 0.11566 eb
111.33579 28.59555 0.67608 0.65978 0.32805 eb
111.90472 66.12184 0.03183 0.98536 -0.16747 eb
111.91982 78.68846 0.00903 0.70780 -0.70636 eb
113.34312 46.71955 0.45411 0.86996 0.19224 eb
114.80125 83.26062 0.58117 0.69607 -0.42158 eb
115.75736 13.63449 -0.63481 -0.33552 -0.69602 eb
117.58055 27.80534 -0.69960 0.17547 0.69265 eb
118.27917 24.68425 0.99841 0.05541 -0.01064 eb
118.43335 35.48183 0.32191 0.50472 -0.80102 eb
118.61914 16.07406 -0.50534 -0.76371 -0.40171 eb
118.98175 29.81303 -0.46926 -0.23829 0.85030 eb
119.66632 31.91213 -0.44181 -0.01253 -0.89702 eb
119.87080 22.09073 0.91681 -0.19793 0.34683 eb
119.87149 77.22838 0.53011 0.18552 0.82738 eb
122.03333 41.40749 0.41103 -0.71858 -0.56098 eb
122.03406 78.97194 -0.62491 -0.65658 -0.42236 eb
122.18958 29.86249 0.71632 -0.69217 0.08824 eb
122.39107 36.38471 -0.61298 0.72441 0.31541 eb
123.29291 74.17763 -0.75694 0.15613 -0.63456 eb
123.76839 35.71042 0.82577 0.56133 -0.05487 eb
124.93633 43.75990 -0.49054 -0.50863 -0.70758 eb
125.28005 32.89575 0.95323 0.10516 -0.28336 eb
125.62792 32.51792 -0.97677 -0.08540 0.19655 eb
125.93556 32.84810 0.26861 0.48383 0.83292 eb
126.15431 51.67985 0.31959 -0.86188 -0.39373 eb
126.46885 80.15494 -0.38305 0.90356 -0.19198 eb
126.87036 78.55412 0.90344 -0.42017 -0.08510 eb
127.73004 63.81297 0.12085 -0.34780 -0.92975 eb
127.73690 70.61573 -0.03114 -0.42096 -0.90654 eb
128.07863 28.45349 0.83133 0.42893 -0.35343 eb
128.59134 32.79934 0.96751 -0.21577 -0.13179 eb
131.13547 29.37079 -0.69867 -0.36794 0.61358 eb
131.25639 29.84566 -0.71913 0.02634 -0.69437 eb
131.30722 36.00081 0.92786 -0.21177 -0.30697 eb
131.61586 14.30205 -0.38214 -0.50287 -0.77530 eb
131.69800 86.65495 0.24615 -0.06749 -0.96688 eb
133.83421 29.71255 0.07342 -0.95214 0.29672 eb
135.08434 70.64351 -0.32016 0.52842 -0.78630 eb
135.50778 48.74877 -0.10262 0.75302 -0.64995 eb
135.54956 12.05120 0.41708 -0.90859 -0.02242 eb
135.67372 70.17570 -0.65090 0.05547 -0.75713 eb
136.17972 15.60093 0.20871 -0.11339 0.97138 eb
136.51086 75.15382 0.14751 0.41454 -0.89800 eb
137.02801 27.44183 -0.35614 0.57357 -0.73769 eb
139.60175 40.40800 -0.59114 0.15802 -0.79094 eb
142.73714 48.86898 0.44334 -0.26946 -0.85490 eb
142.84322 20.78939 0.60579 0.79404 -0.05024 eb
143.56989 36.43591 0.33153 0.85025 0.40886 eb
145.51982 67.08635 0.62619 0.06505 -0.77695 eb
146.25552 30.76682 0.97903 -0.17850 -0.09818 eb
146.26277 25.45329 0.28462 -0.07150 -0.95597 eb
147.01207 45.74110 0.57243 -0.71504 0.40130 eb
147.01629 20.61972 -0.22252 -0.05889 -0.97315 eb
147.31533 31.45857 -0.59132 0.69304 0.41235 eb
147.53806 27.26335 -0.51988 0.16342 0.83847 eb
147.89868 35.53577 -0.75966 0.41603 -0.49983 eb
148.05085 13.67815 0.07984 -0.86177 -0.50097 eb
148.30521 53.05772 -0.48198 -0.40878 0.77498 eb
149.10187 38.33265 0.88879 -0.15198 -0.43238 eb
149.57452 48.82915 -0.31055 0.62384 -0.71721 eb
149.64658 65.01603 -0.40001 0.89494 0.19766 eb
149.90253 47.57003 -0.85399 0.44837 0.26396 eb
150.12908 58.84151 -0.61095 -0.27371 -0.74284 eb
150.54273 81.97439 -0.55828 -0.80145 0.21448 eb
150.55639 61.30736 -0.40991 -0.58616 -0.69885 eb
150.67128 24.48801 0.65552 0.11894 0.74575 eb
151.61337 39.41245 0.26416 -0.15241 -0.95236 eb
151.77968 36.65853 -0.26604 0.90462 0.33299 eb
152.14940 22.58123 -0.83176 0.16427 0.53028 eb
152.47379 82.71522 0.60363 -0.19749 -0.77241 eb
152.72799 76.41626 -0.33793 -0.54814 0.76508 eb
152.89405 37.06101 0.70646 -0.67796 0.20318 eb
154.10691 55.97316 0.38775 -0.92094 -0.03898 eb
154.35311 71.43783 0.45940 0.82903 -0.31884 eb
154.75663 42.15964 0.65527 -0.67636 0.33638 eb
155.66625 47.82727 -0.13197 -0.42549 -0.89529 eb
156.45193 74.32480 -0.33921 0.63076 -0.69791 eb
157.97872 35.22595 -0.78335 -0.61439 0.09429 eb
158.75597 43.82508 0.52023 0.12859 -0.84429 eb
159.45405 49.14248 -0.26993 0.71911 -0.64033 eb
159.71120 59.47040 0.14502 -0.87678 0.45850 eb
160.26562 13.66386 0.34149 -0.23886 -0.90903 eb
161.53395 45.01138 0.71944 0.31896 0.61699 eb
161.61510 20.98028 -0.40047 -0.77612 0.48709 eb
162.00424 14.72197 0.18650 0.95108 -0.24632 eb
163.53295 16.14025 -0.29221 0.72924 0.61872 eb
163.53312 16.18306 -0.96597 0.01440 0.25826 eb
163.72118 58.25235 0.11709 0.46521 -0.87742 eb
164.08695 48.71459 0.69570 0.15241 0.70198 eb
165.58400 78.09308 -0.55383 -0.59735 -0.58004 eb
166.65440 44.67045 0.89679 -0.43225 0.09451 eb
166.74327 56.51370 0.98870 -0.13660 -0.06176 eb
167.74970 50.78100 -0.56200 -0.40802 0.71950 eb
167.97271 24.00964 -0.89847 0.38861 -0.20429 eb
169.40639 72.57755 0.84124 0.32335 -0.43330 eb
169.58664 44.21959 -0.37355 0.51822 -0.76936 eb
171.38115 76.55088 0.92660 0.06019 -0.37120 eb
172.42948 42.88654 0.61028 -0.78332 0.11818 eb
172.81485 18.83864 0.07794 0.85493 -0.51285 eb
173.47160 37.64931 -0.35696 -0.77124 -0.52703 eb
177.38674 67.74265 -0.12520 -0.93495 -0.33195 eb
177.77296 50.24756 -0.26858 -0.05472 -0.96170 eb
178.08099 27.98483 0.14334 -0.59493 0.79089 eb
178.10527 36.49451 0.64019 -0.39169 -0.66086 eb
178.63471 85.60424 0.69753 0.03420 -0.71574 eb
179.95688 15.05803 0.39922 0.85236 0.33780 eb
180.70808 56.48025 0.72952 0.51739 0.44733 eb
181.31771 69.74175 -0.27564 0.13830 -0.95126 eb
181.50567 31.90332 0.60152 0.46101 0.65241 eb
181.61649 36.42639 0.85708 -0.43637 -0.27386 eb
181.72200 39.51404 -0.86184 0.47063 -0.18906 eb
181.85389 82.37425 -0.76239 -0.26532 -0.59023 eb
183.21525 75.80663 -0.82250 0.41709 0.38668 eb
183.81561 31.12612 0.90819 -0.21320 0.36018 eb
184.68433 29.20456 -0.99145 -0.10845 0.07261 eb
185.74488 63.36004 -0.86116 0.17372 -0.47772 eb
186.03531 29.88316 0.73467 -0.14278 -0.66323 eb
186.27720 28.36044 -0.13148 0.99015 0.04806 eb
186.32553 27.29417 -0.04188 0.99893 -0.01968 eb
186.62710 23.63606 -0.45898 -0.01744 -0.88828 eb
187.10429 27.24780 0.06012 -0.66460 0.74478 eb
187.83941 22.15813 -0.00426 0.67161 -0.74089 eb
189.23545 34.19836 -0.46474 0.87808 0.11402 eb
189.25233 13.90364 -0.73851 0.67410 -0.01381 eb
189.62505 32.15087 -0.56647 -0.21725 0.79493 eb
190.42136 40.95778 -0.83328 0.22279 -0.50597 eb
191.22355 72.51130 -0.48996 0.84035 0.23187 eb
191.48185 36.33516 0.64035 -0.48869 -0.59256 eb
192.81569 63.42358 -0.84474 -0.35043 -0.40448 eb
193.13505 38.68944 0.42721 -0.02681 -0.90375 eb
193.97934 25.32097 0.15329 -0.94954 -0.27364 eb
195.24905 19.73360 0.76816 -0.40844 0.49306 eb
195.43523 23.45919 0.43070 0.77359 -0.46482 eb
195.44480 45.17002 0.19895 0.58774 -0.78421 eb
196.85534 26.32318 0.01619 0.32254 -0.94642 eb
197.01217 80.45966 0.11656 0.24357 -0.96285 eb
197.15723 35.69521 0.01878 -0.84567 -0.53338 eb
197.70421 32.47502 0.98768 -0.06115 -0.14404 eb
198.10105 79.47694 0.69201 0.49699 -0.52356 eb
200.52770 34.43650 -0.17067 0.98381 0.05462 eb
203.00120 31.95667 0.67012 -0.53551 -0.51397 eb
204.78803 26.09524 0.83068 -0.51089 0.22130 eb
206.44484 33.69836 -0.70326 0.57163 0.42268 eb
206.53999 31.76311 0.58034 0.69922 -0.41748 eb
206.89003 28.21787 -0.38067 0.90369 0.19605 eb
207.21744 47.11589 -0.02944 -0.05582 -0.99801 eb
208.64202 40.36739 -0.59223 -0.71926 -0.36323 eb
208.92139 48.49700 0.17414 -0.53252 -0.82831 eb
209.35136 44.66744 -0.85641 -0.51601 -0.01704 eb
210.16820 22.51357 -0.46163 0.37537 -0.80374 eb
210.53419 43.95618 -0.95553 0.24617 -0.16234 eb
210.83222 59.11057 0.96821 0.24606 -0.04495 eb
211.25706 43.85324 -0.60741 -0.78919 0.09069 eb
212.43782 20.43637 -0.20908 0.97368 -0.09072 eb
213.17576 35.23345 -0.22664 0.95772 -0.17723 eb
215.13573 36.83057 0.12921 0.99085 0.03902 eb
215.50654 37.96127 -0.44214 0.23370 -0.86597 eb
216.16184 31.86002 -0.54175 -0.79071 0.28510 eb
216.48866 37.09228 -0.82481 -0.05137 -0.56307 eb
218.46881 54.55006 -0.67589 -0.36905 -0.63795 eb
218.86537 48.85137 0.38778 0.51404 -0.76511 eb
219.46780 47.83209 -0.18576 0.93510 -0.30180 eb
219.92731 60.56045 -0.79073 0.42834 -0.43735 eb
221.29312 65.57711 0.99174 -0.12633 0.02226 eb
221.86126 30.41575 -0.19269 -0.08025 0.97797 eb
222.44452 48.07764 0.63934 -0.46032 -0.61591 eb
223.36133 40.80267 0.36483 0.65911 -0.65762 eb
223.65819 11.40541 -0.31228 0.79368 0.52206 eb
223.74631 73.65850 -0.72537 -0.68616 0.05497 eb
224.16346 32.32009 -0.43089 -0.67611 -0.59767 eb
225.04159 56.73295 0.32618 0.89106 -0.31564 eb
225.64656 48.29770 -0.89390 0.21458 -0.39358 eb
225.76564 41.04964 0.93462 -0.19210 0.29931 eb
226.51930 58.96141 0.21370 0.41945 -0.88227 eb
226.79621 54.58816 0.14512 -0.74974 -0.64563 eb
227.68028 50.69447 0.98594 -0.00698 0.16697 eb
228.08905 59.30035 -0.31991 0.20659 -0.92465 eb
229.39737 67.59334 0.31396 0.18745 -0.93075 eb
229.45353 56.65793 0.05882 -0.21590 0.97464 eb
229.93826 29.47834 -0.45334 -0.51646 -0.72646 eb
230.07936 83.78872 -0.28273 0.85406 -0.43664 eb
231.34407 50.18947 -0.75915 0.62471 -0.18282 eb
231.92851 28.42263 0.16061 -0.89063 -0.42542 eb
232.03717 55.85568 -0.46699 -0.43756 -0.76841 eb
234.17922 50.71830 0.65497 0.42519 -0.62468 eb
239.48100 31.64854 -0.65041 -0.66460 -0.36780 eb
239.54713 46.23335 -0.54007 -0.53902 -0.64636 eb
242.03037 41.15731 0.60548 -0.03278 -0.79518 eb
243.59872 22.41794 0.29001 -0.48639 -0.82421 eb
244.16169 28.99328 -0.46348 -0.72878 -0.50405 eb
244.30767 29.84587 -0.19981 0.85092 -0.48580 eb
244.58700 57.11796 -0.93038 -0.35704 0.08315 eb
244.95370 25.14878 0.72962 -0.46160 0.50457 eb
245.12408 30.21775 0.85696 0.14198 0.49545 eb
245.25870 60.35738 0.12336 -0.99026 -0.06456 eb
245.54905 26.48234 0.12115 -0.72827 0.67450 eb
247.16036 28.76971 -0.46246 -0.20985 -0.86145 eb
247.96575 12.36191 -0.98693 -0.06952 -0.14539 eb
248.78561 53.60417 -0.83100 0.25836 -0.49263 eb
250.45521 23.19363 -0.55757 0.58915 -0.58482 eb
252.74266 32.91262 0.27367 0.59087 -0.75893 eb
254.12280 24.19344 -0.07560 -0.97665 -0.20110 eb
254.41206 39.34496 -0.52051 -0.39123 -0.75895 eb
254.48990 18.62158 0.63295 0.46179 -0.62139 eb
255.07489 38.77792 0.83641 0.47828 -0.26772 eb
256.33912 45.09425 -0.19015 -0.82976 -0.52473 eb
256.72710 74.39681 -0.05917 0.73207 -0.67866 eb
257.83079 78.33588 -0.76699 -0.50211 0.39952 eb
257.96907 39.52609 0.15104 0.19850 -0.96839 eb
258.00843 15.42174 -0.03894 0.67687 -0.73507 eb
258.91244 35.95123 0.40729 0.90327 0.13497 eb
259.32594 40.43578 0.53388 -0.71057 0.45832 eb
260.64184 44.93955 0.26057 0.17567 -0.94934 eb
261.65229 23.04135 -0.58903 -0.58105 0.56162 eb
262.44605 20.85145 0.67699 0.39605 -0.62035 eb
263.75441 61.62215 -0.24099 0.68457 -0.68795 eb
265.89852 42.26860 0.89060 0.24287 -0.38450 eb
266.25829 60.91571 0.85818 0.41305 -0.30481 eb
267.39203 48.26583 -0.27128 0.06759 -0.96012 eb
269.39492 41.65106 -0.37824 -0.92252 -0.07677 eb
270.38948 44.34947 0.16169 -0.54668 -0.82158 eb
270.52897 27.89262 0.46172 0.29192 -0.83762 eb
271.37390 25.11555 0.10742 -0.98581 -0.12901 eb
271.54637 21.15671 -0.80344 0.04593 0.59362 eb
271.65085 48.94015 0.06336 0.53785 -0.84066 eb
273.20484 36.76669 0.19160 0.38581 -0.90246 eb
273.24077 42.03949 -0.59464 0.39476 -0.70041 eb
274.04673 62.99223 0.59357 -0.79015 0.15275 eb
274.68005 43.13520 -0.35591 0.93429 -0.02067 eb
274.94189 39.57209 -0.20879 -0.11428 -0.97126 eb
274.95209 33.32883 0.96597 0.16255 0.20121 eb
275.25083 55.39348 -0.39871 -0.45142 -0.79828 eb
275.57585 40.82321 -0.21264 0.21095 -0.95409 eb
275.90128 15.51616 0.26218 -0.91675 0.30138 eb
276.04196 88.38956 0.73309 0.68009 -0.00775 eb
276.21488 50.69831 -0.72040 0.66925 -0.18201 eb
276.48158 58.21579 0.56520 0.58571 -0.58094 eb
276.93977 23.26756 -0.13494 -0.94952 -0.28321 eb
276.95536 9.17120 0.04513 -0.91651 -0.39745 eb
277.23669 39.98692 0.69232 -0.41174 -0.59259 eb
277.46143 53.61303 0.25122 0.22731 -0.94086 eb
278.11438 41.52074 -0.74546 0.32816 -0.58017 eb
278.12252 19.84307 -0.74072 -0.65584 0.14560 eb
278.34910 21.47366 0.78564 -0.37298 0.49362 eb
278.55950 44.27197 -0.61640 0.75254 0.23180 eb
278.92342 14.36845 0.00726 -0.42900 -0.90328 eb
279.07746 18.66662 -0.38266 -0.40248 0.83161 eb
279.43387 24.33530 0.55957 0.69685 -0.44864 eb
279.52637 83.41158 -0.43269 -0.78498 -0.44337 eb
279.96277 20.14642 -0.43926 -0.10173 -0.89258 eb
280.19878 57.00606 0.44029 0.89785 0.00422 eb
280.50356 52.86081 -0.99287 -0.11422 0.03404 eb
282.68011 19.39311 -0.80642 -0.12963 -0.57697 eb
282.88794 29.68736 0.67772 -0.24411 -0.69362 eb
282.91277 42.56165 -0.04774 0.68033 -0.73135 eb
285.96827 24.21699 -0.38498 -0.22653 -0.89469 eb
285.97088 32.71335 -0.42540 -0.44117 -0.79019 eb
287.17598 14.19934 0.31642 -0.85786 -0.40491 eb
287.57382 21.78352 0.36692 -0.62834 -0.68598 eb
288.01783 26.12155 0.62070 0.08259 0.77969 eb
288.03943 79.38634 0.78633 0.41864 -0.45433 eb
290.15910 43.82668 0.87553 -0.48294 -0.01446 eb
290.28755 33.07717 0.28319 0.49567 -0.82105 eb
290.80748 30.45688 -0.16059 -0.59128 -0.79031 eb
290.90105 58.24847 -0.11450 -0.00140 -0.99342 eb
291.03368 32.05984 -0.91273 -0.08964 0.39861 eb
291.15008 87.42856 -0.99327 0.03837 0.10930 eb
292.15918 58.14840 0.04951 0.99850 -0.02353 eb
292.99153 77.04757 0.11629 -0.00753 -0.99319 eb
293.77139 37.11328 0.16972 0.78132 -0.60061 eb
294.09228 32.10692 0.00021 0.88453 -0.46648 eb
294.38797 48.84101 -0.54630 -0.80738 -0.22291 eb
294.56458 42.48470 0.36987 0.63280 0.68027 eb
294.93227 39.17510 -0.26491 0.89148 0.36755 eb
295.59272 37.78459 0.58440 -0.80725 0.08258 eb
296.31460 16.95015 0.88521 -0.06110 -0.46115 eb
296.91165 60.11831 0.88244 0.44541 0.15134 eb
297.11945 52.24156 0.95545 0.27944 -0.09504 eb
297.22244 32.77545 -0.02651 -0.17717 -0.98382 eb
297.31612 34.99527 0.76381 0.60137 0.23440 eb
297.95136 12.93284 -0.39120 -0.64897 -0.65253 eb
299.22315 39.69859 -0.20160 0.21504 -0.95557 eb
299.22987 39.07522 0.97448 0.18257 -0.13061 eb
300.31772 46.08093 -0.56205 0.79059 0.24303 eb
300.44623 60.71412 0.96171 0.27153 -0.03733 eb
300.77074 50.54820 -0.89076 -0.44857 -0.07296 eb
301.75637 42.32871 -0.37152 0.92791 0.03079 eb
301.99770 38.07084 0.44059 0.10280 0.89180 eb
301.99994 32.35049 0.00576 0.98020 0.19794 eb
302.85070 37.63594 0.88776 -0.45280 -0.08281 eb
302.85876 68.37903 -0.44007 0.67300 -0.59448 eb
303.43766 19.35650 -0.89518 -0.34811 0.27834 eb
304.04253 30.94544 0.47503 -0.70254 -0.52989 eb
304.33711 49.93409 -0.56566 0.22197 -0.79420 eb
304.64546 36.63227 -0.79638 0.25813 0.54694 eb
304.74020 84.41850 0.16373 0.40849 -0.89796 eb
305.86082 42.10084 -0.01924 -0.66025 0.75080 eb
306.25021 48.39122 -0.53730 -0.81119 0.23081 eb
307.14157 34.54738 0.13714 -0.64947 -0.74792 eb
307.39816 75.18718 0.00076 0.96985 -0.24371 eb
307.44189 25.26626 -0.81515 0.51809 -0.25908 eb
308.00911 36.18473 0.70854 -0.65629 -0.25933 eb
308.18688 36.67408 -0.46696 -0.85181 -0.23741 eb
308.30232 51.90670 0.09128 -0.96725 -0.23686 eb
309.59317 25.02934 -0.58744 0.80779 0.04886 eb
309.60129 46.56012 0.83176 -0.42970 -0.35147 eb
310.03342 78.59894 0.79804 -0.06250 -0.59936 eb
310.60831 49.52203 -0.70863 -0.07787 -0.70127 eb
311.11098 31.72591 -0.93395 -0.35507 -0.04076 eb
311.56416 35.68675 -0.02297 -0.79251 -0.60942 eb
311.64619 55.11815 -0.93243 -0.35473 -0.06884 eb
311.91601 38.99628 0.08071 -0.25313 -0.96406 eb
311.96969 75.36022 -0.72151 -0.27506 -0.63543 eb
312.42393 21.02320 0.22937 0.96862 -0.09570 eb
312.77842 22.80924 0.39355 -0.10684 0.91307 eb
314.05946 52.76369 0.18016 0.35177 -0.91859 eb
314.41273 28.98711 -0.86976 -0.24142 -0.43038 eb
314.82956 64.90822 -0.10451 0.03420 -0.99394 eb
315.47518 54.69420 -0.59094 0.67936 -0.43505 eb
316.61110 41.55502 -0.02736 -0.99753 -0.06472 eb
316.61363 12.49816 -0.20982 0.01598 -0.97761 eb
318.08319 25.29645 -0.14349 0.36462 0.92003 eb
318.38234 58.12350 0.51782 -0.84379 0.14100 eb
319.76641 76.29832 -0.36955 -0.78939 -0.49021 eb
319.90936 55.08777 -0.09441 -0.11787 -0.98853 eb
320.12133 55.88829 -0.20191 -0.65252 -0.73038 eb
321.00363 61.51931 0.19824 0.85217 -0.48426 eb
321.38730 70.09219 0.12296 -0.15872 -0.97964 eb
322.40126 52.17206 0.11422 0.07624 -0.99053 eb
322.98141 25.38027 -0.79838 -0.56579 0.20608 eb
323.17268 33.25017 0.43980 0.88462 0.15502 eb
323.18843 21.20989 0.46395 -0.55606 -0.68960 eb
323.77304 14.21592 -0.62189 0.78259 0.02833 eb
324.34312 35.80575 -0.53950 -0.52187 -0.66076 eb
324.61003 30.60305 -0.71376 -0.12256 -0.68958 eb
325.10010 43.16785 -0.73155 -0.60179 -0.32045 eb
325.56679 42.25760 -0.59939 -0.43649 0.67098 eb
325.83219 44.70463 0.46705 0.83762 -0.28330 eb
326.17195 31.69650 0.38031 -0.89283 0.24129 eb
326.63489 83.64641 0.80694 -0.52474 0.27109 eb
326.71118 74.20102 -0.65554 -0.73844 0.15802 eb
326.97606 55.05775 0.56374 -0.60687 0.56027 eb
327.28100 70.53567 -0.09262 0.06761 -0.99340 eb
327.45572 37.30451 -0.49359 -0.84978 0.18506 eb
328.53587 34.48879 0.44262 0.60547 -0.66143 eb
329.41824 30.13482 -0.31857 -0.48961 -0.81166 eb
329.73447 46.09625 0.26404 0.95344 0.14572 eb
329.84344 38.99602 -0.29162 0.95649 0.00872 eb
330.03691 43.62812 -0.01110 0.86948 -0.49384 eb
330.58098 73.97155 0.94951 -0.29870 0.09598 eb
331.55614 43.99261 -0.81003 0.58636 0.00549 eb
331.67513 68.90516 -0.37567 0.90596 -0.19520 eb
331.93521 31.58177 -0.79120 -0.21538 -0.57238 eb
332.34487 66.03833 0.18225 0.46083 -0.86857 eb
333.82945 23.65743 -0.01830 0.75499 -0.65548 eb
334.18095 15.20774 -0.39209 -0.29704 -0.87065 eb
334.33274 72.58945 -0.19662 -0.28987 -0.93665 eb
334.69049 25.54919 0.08759 0.34229 -0.93550 eb
335.02447 64.24953 0.92456 0.29111 0.24585 eb
335.17364 41.06883 -0.59694 -0.37466 -0.70943 eb
335.52394 46.09700 0.21054 0.62974 -0.74773 eb
336.24395 34.89506 0.35886 0.58020 0.73115 eb
336.56552 17.96491 -0.98182 0.09444 -0.16466 eb
336.70714 68.01161 0.75471 0.22149 -0.61754 eb
336.88207 62.71856 0.40295 -0.74871 -0.52637 eb
338.67337 49.90715 -0.73097 0.58135 -0.35738 eb
338.88707 13.62052 0.50664 -0.84801 0.15555 eb
339.91076 25.55582 -0.86654 0.25681 -0.42796 eb
340.31896 73.58113 0.30988 0.85496 0.41595 eb
341.15185 76.56586 -0.58667 -0.43217 0.68487 eb
341.36263 40.75445 -0.21806 -0.90571 -0.36350 eb
341.68859 53.76844 0.31077 -0.21865 -0.92499 eb
341.71654 73.53455 -0.89053 0.33055 0.31256 eb
342.01765 25.70414 0.79377 -0.48398 -0.36837 eb
342.79386 41.70092 -0.20576 0.25411 -0.94504 eb
343.86390 47.87458 -0.73467 -0.66494 0.13458 eb
344.48743 76.38983 -0.12039 0.95559 -0.26900 eb
345.94451 64.51903 0.12444 -0.68916 -0.71384 eb
346.38307 31.91860 -0.26840 0.86705 0.41975 eb
346.58567 39.02945 -0.82041 -0.39897 0.40957 eb
347.92256 47.22032 0.49812 -0.57212 -0.65157 eb
348.84414 87.70034 -0.37125 -0.84403 0.38703 eb
348.84775 21.59817 -0.64996 -0.73404 0.19681 eb
349.70868 59.91052 0.78584 0.46972 -0.40226 eb
350.25638 25.33733 -0.45495 -0.70834 -0.53970 eb
350.87891 26.72284 -0.37950 -0.81039 -0.44638 eb
350.92203 49.86495 0.22499 -0.52104 -0.82334 eb
351.09049 16.88971 0.28743 -0.15136 -0.94577 eb
351.16769 57.75585 0.86133 0.36876 -0.34947 eb
351.68119 14.14382 0.21011 0.57085 -0.79372 eb
353.22655 37.96178 0.56126 0.49682 -0.66193 eb
353.71137 46.06851 0.04384 -0.62931 -0.77591 eb
354.04967 85.04431 -0.93083 0.21908 -0.29251 eb
354.23760 38.31066 -0.12462 0.92877 0.34908 eb
354.85587 21.72562 0.22888 -0.96487 0.12899 eb
355.57529 17.56647 -0.02723 0.60731 0.79400 eb
356.19956 33.51438 -0.93897 -0.31850 -0.12998 eb
356.53045 16.15425 -0.44570 0.58645 0.67634 eb
357.12712 16.69097 0.02491 0.94234 -0.33372 eb
357.82207 29.55755 -0.14766 0.23805 0.95996 eb
357.89376 51.03857 0.27399 -0.30916 -0.91068 eb
359.53589 17.65693 -0.12274 0.20277 0.97150 eb
359.97513 20.18725 0.36578 -0.04276 -0.92972 eb
360.91048 62.96792 0.14975 -0.89420 -0.42187 eb
360.95006 48.78705 0.91802 0.29745 -0.26223 eb
361.16568 68.69911 0.12893 -0.99076 -0.04215 eb
361.50368 21.44490 0.47655 0.87144 0.11617 eb
361.52017 55.88261 -0.04681 -0.35223 -0.93474 eb
361.57914 48.37178 0.78846 -0.36969 -0.49158 eb
361.74154 75.37396 -0.59646 0.22784 -0.76963 eb
364.38127 87.29402 0.09473 0.79021 -0.60547 eb
364.68812 43.31267 -0.02926 -0.35741 -0.93349 eb
365.75889 24.99551 0.11675 0.38567 0.91522 eb
368.24507 35.83974 -0.98628 0.08366 0.14232 eb
368.47972 24.89884 -0.05264 0.50394 0.86213 eb
368.48701 21.51101 0.36025 -0.11706 -0.92548 eb
371.53765 44.30268 0.25543 -0.25589 -0.93235 eb
372.40203 52.54543 0.82296 -0.03388 -0.56709 eb
373.49791 21.35206 -0.81589 -0.35841 -0.45372 eb
375.31919 59.51998 -0.94832 0.31095 0.06317 eb
376.58584 43.38700 0.33453 -0.67871 -0.65378 eb
378.70690 26.87134 -0.65031 0.53636 -0.53798 eb
379.37573 18.63063 -0.42918 0.30751 -0.84926 eb
382.21234 52.85892 -0.16180 -0.95552 -0.24657 eb
383.52429 40.37014 -0.61585 -0.74679 -0.25107 eb
383.99880 40.88627 -0.57722 0.39465 -0.71489 eb
386.16476 26.55623 0.04033 0.52616 -0.84943 eb
387.83146 78.69910 0.08424 0.18567 -0.97899 eb
389.32452 35.74653 -0.03112 0.94280 -0.33190 eb
391.98952 59.92800 -0.17658 0.87639 -0.44806 eb
400.21355 28.14821 0.45557 0.39190 -0.79930 eb
406.01442 83.09846 -0.15951 0.98512 0.06392 eb
407.39068 73.02612 -0.36887 0.06988 0.92685 eb
408.21336 41.38169 -0.49640 -0.58096 -0.64504 eb
413.83533 32.93151 0.74923 0.42821 -0.50526 eb
418.93038 34.51766 -0.96196 -0.24691 0.11691 eb
419.33973 18.45536 -0.11361 0.20134 0.97291 eb
429.78677 13.99140 -0.30528 -0.18032 -0.93503 eb
436.19076 44.44712 -0.98349 0.02624 -0.17907 eb
436.93889 21.44369 0.82523 0.53912 0.16838 eb
440.46557 34.47209 -0.97747 0.18936 0.09321 eb
441.28337 12.61337 -0.48157 0.18671 0.85629 eb
449.87100 43.78904 0.82747 -0.02301 0.56103 eb
469.35371 84.42261 -0.49233 0.01396 -0.87030 eb
475.74209 27.02900 -0.54033 -0.73727 0.40555 eb
479.68037 62.65003 0.39977 0.37039 -0.83845 eb
520.14460 20.27481 -0.95519 -0.29518 0.02172 eb
520.22555 15.60610 -0.16135 -0.26317 -0.95116 eb
526.32536 14.03067 -0.09773 -0.44352 0.89092 eb
541.43872 38.23274 -0.62245 -0.57234 -0.53383 eb
562.57341 12.11771 -0.01460 0.99736 -0.07109 eb
571.57070 23.60131 0.06488 0.45647 -0.88737 eb
612.75140 28.43597 -0.79268 0.46373 -0.39575 eb
619.28531 26.95572 0.45001 -0.42227 -0.78688 eb
640.02698 62.44535 -0.40617 -0.49854 -0.76582 eb
640.93328 24.40807 0.79286 -0.44433 -0.41708 eb
641.62256 18.64035 -0.66203 0.72848 0.17616 eb
654.93878 12.06653 0.85158 -0.46107 -0.24945 eb
671.93162 38.55615 -0.76166 -0.48912 0.42500 eb
752.34393 30.35239 -0.16770 0.89893 -0.40472 eb
762.62697 17.07730 0.74763 -0.12446 -0.65235 eb
797.20114 24.00710 0.12384 0.58684 -0.80018 eb
829.97250 23.66947 -0.29997 0.44177 -0.84549 eb
841.87797 19.14189 0.44261 0.28658 -0.84968 eb
854.66639 26.72513 -0.90692 0.41904 -0.04363 eb
959.68362 16.13110 -0.62026 -0.76934 0.15292 eb
1024.50671 17.09096 -0.82837 0.27511 0.48797 eb
1111.95950 21.32987 0.20564 0.75620 -0.62119 eb
1278.94334 29.17997 0.83678 0.25669 -0.48364 eb
1288.56787 14.89954 -0.96835 0.24920 -0.01397 eb
1370.69505 8.77718 -0.19418 -0.96054 -0.19916 eb
1440.36287 20.84292 -0.10885 0.06638 -0.99184 eb
1505.75372 26.63806 -0.73330 -0.45680 -0.50359 eb
1528.94857 18.33631 -0.88220 -0.45210 0.13165 eb
1689.39282 16.42396 0.55836 0.68648 0.46581 eb
1695.98411 22.04269 -0.34388 0.93784 0.04694 eb
1817.68423 17.30699 -0.21339 0.45180 -0.86622 eb
1819.65906 25.05207 -0.87949 0.25328 -0.40291 eb
2316.61510 16.21668 -0.89932 0.08328 -0.42929 eb
2444.28155 8.14313 0.16012 -0.12627 -0.97899 eb
2770.59981 27.03964 -0.16385 -0.97006 0.17928 eb
3178.63593 20.18132 0.89254 0.30815 -0.32927 eb
3464.54746 18.60675 -0.25541 -0.96673 0.01380 eb
3508.14746 16.77258 0.21464 -0.17602 -0.96070 eb
3577.52931 10.91199 0.66542 0.06189 -0.74390 eb
3785.93426 32.07266 0.39978 0.13038 -0.90729 eb
4465.42321 20.56659 0.42226 0.13137 -0.89690 eb
4636.05313 17.65253 -0.98603 -0.16600 0.01400 eb
5709.92251 13.02963 0.82139 0.27380 0.50035 eb
5735.72671 22.61422 0.80521 0.13669 0.57702 eb
5747.29175 22.13713 0.92633 -0.09707 -0.36399 eb
5938.02397 31.87687 0.41936 0.61941 0.66367 eb
6016.38425 29.54412 -0.40772 -0.00672 -0.91308 eb
6121.92661 22.45287 -0.71615 0.12526 -0.68661 eb
7074.66133 17.51485 -0.43089 0.77021 0.47022 eb
7246.07501 16.21661 -0.10618 -0.10151 0.98915 eb
7294.26835 31.41079 -0.79958 -0.16099 -0.57858 eb
7666.26752 10.11236 -0.81061 -0.48389 -0.32980 eb
7800.62668 32.33981 -0.48231 -0.79926 -0.35856 eb
8077.32531 19.64878 0.08476 -0.33929 -0.93686 eb
8526.63517 21.43720 -0.56620 -0.47359 0.67464 eb
8989.31184 7.26511 -0.94358 -0.13529 0.30226 eb
9195.69654 4.09733 -0.15868 -0.88161 0.44450 eb
10982.20387 20.46855 0.84198 0.38865 -0.37419 eb
12339.99688 29.20064 -0.60140 0.65023 -0.46424 eb
