15.36453 26.16785 0.30518 -0.80128 -0.51461 e
16.26557 67.68114 0.60498 0.67757 -0.41821 e
17.04921 73.12179 -0.47845 -0.31084 -0.82126 e
18.16196 62.96510 0.93806 0.28227 0.20090 e
18.22498 59.02878 0.04556 -0.15860 -0.98629 e
19.01414 64.50800 0.76410 -0.57194 -0.29839 e
19.19598 84.80724 0.79146 0.58992 -0.15996 e
19.85718 65.42643 -0.27816 0.07067 -0.95793 e
20.21746 80.11840 0.65876 0.67145 -0.33940 e
20.22097 45.72592 0.21930 -0.03249 -0.97512 e
20.54776 76.33975 -0.38866 -0.57842 -0.71720 e
20.77585 77.96857 -0.23890 0.43675 -0.86728 e
21.10610 84.44343 -0.00696 0.11911 -0.99286 e
21.96780 26.91096 0.03591 -0.76410 0.64410 e
21.97767 57.28950 -0.44919 0.25137 -0.85734 e
22.79872 69.59756 -0.23395 0.90477 -0.35589 e
22.95616 57.77029 -0.97546 0.02451 -0.21879 e
23.49780 60.66645 -0.33166 -0.78593 0.52184 e
23.63368 79.24613 0.58503 -0.51375 -0.62753 e
23.65224 64.96765 -0.10904 -0.70771 -0.69804 e
23.81853 73.11088 0.12497 -0.39335 -0.91085 e
24.02102 81.78076 0.94869 0.01472 -0.31585 e
24.41369 59.81278 -0.53429 -0.72089 -0.44143 e
24.43104 65.35180 0.97697 -0.21339 -0.00110 e
24.55792 39.04861 0.92502 -0.37935 -0.02074 e
25.04685 27.62819 0.17300 -0.10680 -0.97911 e
25.38609 82.37591 0.06645 0.39397 -0.91672 e
25.41670 52.70507 -0.54440 0.78170 -0.30426 e
25.57431 59.48848 -0.32986 0.25819 -0.90804 e
25.59645 51.49369 0.85585 0.51496 0.04842 e
25.71612 48.37235 0.38554 -0.83491 -0.39279 e
26.08956 79.82463 -0.07852 -0.80204 -0.59208 e
26.10504 26.27489 -0.78784 0.12061 0.60395 e
26.10794 65.80694 0.42374 -0.41762 0.80377 e
26.11019 54.03597 -0.75532 -0.16313 -0.63473 e
26.12013 69.87861 -0.11405 -0.95014 -0.29023 e
26.31367 58.41505 -0.23328 -0.83075 0.50541 e
26.35786 24.40610 0.43145 -0.15447 -0.88881 e
26.91948 76.90609 -0.73612 -0.28894 -0.61208 e
26.95966 52.45406 0.35332 -0.03178 -0.93496 e
27.14596 52.04560 -0.39306 -0.58534 -0.70915 e
27.27403 70.67911 -0.19767 -0.84753 0.49257 e
27.28967 81.58493 -0.70914 -0.53935 -0.45413 e
27.30478 65.12145 -0.28052 -0.92266 -0.26458 e
27.49130 75.74035 0.77230 0.55893 0.30190 e
27.64116 80.84949 0.39236 0.08839 -0.91555 e
27.76334 71.98421 0.80922 -0.53372 0.24556 e
27.79405 41.85729 0.59986 0.78801 -0.13862 e
27.85878 66.26385 0.90941 0.16811 -0.38042 e
27.95411 34.47429 0.38473 0.79567 -0.46787 e
27.98988 35.08317 -0.04855 -0.39677 -0.91664 e
28.03398 62.01552 0.93458 0.34224 0.09713 e
28.50541 73.34460 -0.60539 -0.74134 -0.28969 e
28.67104 77.79597 -0.34745 -0.02606 -0.93734 e
28.76852 65.76097 0.88341 0.04152 -0.46675 e
28.84595 75.18048 0.09991 0.79903 0.59293 e
28.88550 29.76649 -0.18466 0.33224 0.92494 e
28.97384 65.83905 -0.11412 0.95602 -0.27020 e
29.15114 77.63352 -0.09820 0.24047 -0.96568 e
29.30911 53.35103 -0.71873 0.68618 -0.11223 e
29.43747 38.92409 0.98904 0.07184 -0.12899 e
29.47838 74.65504 0.78941 -0.01527 0.61368 e
29.64511 78.01532 0.75794 0.52206 0.39113 e
29.69929 57.65195 -0.97655 -0.18427 0.11135 e
29.71497 79.36237 -0.35026 -0.69208 -0.63114 e
30.02832 37.02604 0.98437 -0.16896 0.04974 e
30.04178 40.15081 -0.60736 -0.75285 -0.25363 e
30.05912 41.48117 0.30477 -0.65861 -0.68800 e
30.57814 71.65384 0.02007 0.11119 -0.99360 e
30.63546 53.52787 0.59825 0.64326 -0.47781 e
30.71496 49.11993 -0.56638 -0.80084 0.19462 e
30.74981 65.03068 0.47670 -0.68877 0.54621 e
30.87665 48.36845 -0.18281 0.81095 -0.55582 e
31.22753 26.78424 -0.11516 -0.96924 0.21751 e
31.25837 78.62334 -0.86459 0.46661 0.18643 e
31.46686 65.13914 -0.24792 -0.57546 -0.77935 e
31.58560 84.12861 -0.82534 -0.13729 -0.54769 e
31.79770 56.22324 -0.30537 -0.39919 -0.86452 e
32.35721 73.09156 0.16493 0.12077 -0.97888 e
32.42916 58.65501 0.69574 0.27694 -0.66275 e
32.43239 33.07015 0.75398 0.01506 -0.65673 e
32.49115 52.85802 0.97667 -0.05275 -0.20816 e
32.51756 36.64290 0.99317 -0.00203 -0.11669 e
32.73205 55.34189 -0.47518 0.47991 -0.73749 e
32.73961 43.18882 -0.19401 -0.54150 -0.81801 e
32.84799 84.75753 0.40527 0.59890 -0.69071 e
32.88715 77.49737 -0.08108 -0.68713 -0.72199 e
32.93001 42.76615 0.12101 -0.34154 0.93204 e
32.93174 71.88840 0.57514 0.72606 0.37690 e
33.11257 79.82030 0.85557 -0.05104 -0.51517 e
33.13874 50.18987 -0.69899 -0.60341 -0.38382 e
33.19751 71.92940 -0.58265 0.44244 -0.68173 e
33.21830 13.44734 -0.40588 0.87050 0.27837 e
33.34375 68.89235 -0.09358 0.10680 -0.98987 e
33.34999 68.42139 -0.79634 0.56945 -0.20390 e
33.50521 42.19054 -0.06921 0.53491 -0.84207 e
33.54885 64.41821 -0.78066 0.55060 0.29564 e
33.99691 78.62768 0.79771 -0.33815 -0.49931 e
34.14503 52.78051 0.05168 0.94052 -0.33579 e
34.17869 58.31598 0.70283 0.68422 -0.19462 e
34.49269 78.80349 0.40781 -0.82629 0.38850 e
34.74060 79.73137 -0.64533 -0.62189 0.44362 e
34.77488 28.47717 0.23283 0.76778 -0.59691 e
34.81138 63.75372 -0.84318 -0.51414 -0.15720 e
34.90941 59.28850 -0.60832 0.79230 0.04703 e
34.91536 84.41715 -0.17703 -0.46318 -0.86840 e
35.05398 39.43577 -0.05681 0.05229 -0.99701 e
35.16058 47.73565 -0.04693 0.25844 -0.96489 e
35.17298 57.78893 -0.41393 0.90797 0.06521 e
35.29846 36.67890 -0.41442 -0.61764 0.66842 e
35.31632 47.43860 0.08135 -0.08936 -0.99267 e
35.32815 78.88618 -0.23966 -0.24513 -0.93940 e
35.50015 60.92669 -0.79402 -0.50022 0.34542 e
35.54464 73.46819 -0.76792 0.11392 -0.63034 e
36.12469 27.27786 -0.06236 -0.44034 -0.89567 e
36.18141 84.12726 0.01508 0.99615 0.08642 e
36.29853 50.39136 0.27171 0.68237 -0.67863 e
36.54708 42.78205 -0.56356 -0.52273 -0.63965 e
36.61775 63.88537 -0.73146 -0.32726 -0.59822 e
36.72610 34.63968 0.95151 0.30304 -0.05296 e
36.80691 67.39101 0.63897 -0.57159 -0.51479 e
36.87253 70.73764 -0.71498 0.13659 -0.68568 e
37.12028 39.78815 0.87262 -0.40450 -0.27368 e
37.16374 56.39790 -0.19730 -0.30401 -0.93201 e
37.46489 18.98601 -0.12740 -0.49279 0.86077 e
37.57187 56.95810 -0.49228 -0.86628 -0.08490 e
37.64371 30.50302 -0.85488 -0.09645 -0.50979 e
37.65275 71.55061 0.90424 0.18859 0.38312 e
37.93723 78.43833 0.35901 -0.01587 -0.93320 e
38.33402 51.10633 0.89194 0.33558 0.30304 e
38.33645 64.41221 0.30848 0.72248 -0.61876 e
38.34043 73.05086 0.53660 0.80274 0.26012 e
38.54330 39.09477 -0.47292 -0.57892 0.66422 e
38.54458 45.16594 -0.15988 0.05742 -0.98546 e
38.61120 23.07755 0.27121 -0.86855 -0.41480 e
38.63490 25.77874 -0.42833 0.35328 -0.83170 e
38.85736 82.32575 -0.43756 -0.78114 -0.44538 e
39.30780 48.10121 -0.44225 0.63552 -0.63287 e
39.33137 77.00802 -0.90986 -0.40145 -0.10487 e
39.70766 66.80096 0.02618 0.96034 0.27761 e
39.75408 78.67400 0.38768 0.71647 0.57998 e
39.88372 76.41922 0.16428 0.10955 -0.98031 e
39.88903 81.95870 0.03042 -0.89207 -0.45086 e
39.91882 77.18470 -0.58145 -0.72854 -0.36213 e
40.27392 65.01950 -0.98701 0.15776 0.03033 e
40.34342 28.64862 -0.44095 -0.89678 0.03665 e
40.47946 77.57741 0.01497 -0.87384 0.48598 e
40.62255 74.59181 0.42579 0.46807 -0.77435 e
40.74952 36.06140 -0.01512 0.08669 -0.99612 e
40.86041 47.38396 -0.89317 -0.14092 0.42707 e
40.96413 36.23007 0.51374 0.79998 0.31001 e
41.02907 64.68137 0.34021 0.59251 -0.73019 e
41.12302 73.18035 0.53831 0.74214 -0.39930 e
41.35601 72.88467 0.57332 -0.02421 -0.81897 e
41.47000 50.47445 0.03056 0.87391 -0.48513 e
41.48512 66.72578 -0.70180 -0.64752 0.29697 e
41.56621 41.94893 -0.41291 0.65931 -0.62835 e
41.76892 78.02919 -0.29277 0.56459 -0.77170 e
41.91231 24.29425 -0.72975 0.64529 -0.22598 e
41.94087 59.35747 0.82998 0.48716 -0.27167 e
42.07185 49.28931 0.48984 0.65936 -0.57035 e
42.16826 21.84450 -0.71371 -0.09801 0.69355 e
42.48099 60.42503 0.88731 -0.21275 -0.40916 e
42.57487 35.87445 0.06184 -0.30127 -0.95153 e
42.60815 69.13826 0.19312 -0.19538 0.96153 e
42.61607 40.32265 0.60484 0.03145 -0.79573 e
42.71171 41.37706 -0.07894 -0.33314 -0.93957 e
42.83575 68.01999 0.31420 0.90254 -0.29444 e
42.97688 57.32912 0.85752 0.33065 -0.39412 e
43.12875 74.56886 0.66210 -0.58102 -0.47333 e
43.37897 77.05785 0.60752 0.75483 -0.24728 e
43.55476 37.78203 -0.56345 -0.78051 0.27079 e
43.67297 72.47388 -0.00145 -0.98547 0.16982 e
43.75975 31.29261 -0.33596 0.18451 -0.92363 e
43.77534 70.23594 -0.50809 0.76581 -0.39419 e
43.77779 46.42723 0.77347 0.38257 0.50535 e
43.84079 76.47427 0.96477 -0.12703 0.23038 e
43.89190 33.15338 0.26735 -0.17145 -0.94822 e
43.99936 75.75887 -0.47821 0.09062 -0.87356 e
44.18450 78.24470 -0.22420 -0.93032 -0.29025 e
44.33374 70.91097 -0.10312 -0.27111 -0.95701 e
44.37511 45.35291 0.84136 0.10448 -0.53029 e
44.48090 36.43631 -0.81735 -0.19551 0.54195 e
44.50114 48.43058 0.44888 -0.85626 0.25558 e
44.51800 58.20932 -0.24524 -0.90904 -0.33691 e
44.55780 70.06973 0.31585 0.69392 -0.64708 e
44.65737 33.79646 0.90429 0.16159 -0.39516 e
44.70195 82.54822 -0.05104 0.73828 -0.67256 e
44.79612 60.51492 -0.64793 -0.72452 -0.23509 e
44.83142 76.77245 -0.53600 0.19187 -0.82213 e
44.92677 59.67781 0.29614 0.65051 0.69939 e
45.01222 81.56951 -0.76313 -0.40001 -0.50757 e
45.07936 57.81308 0.44619 0.87967 -0.16457 e
45.21768 84.28085 0.59555 -0.76803 0.23549 e
45.37193 70.63942 0.31704 0.05892 -0.94658 e
45.39348 69.42226 -0.00022 -0.68140 -0.73191 e
45.40943 62.39441 0.46432 -0.42849 -0.77511 e
45.48733 35.56231 0.24218 -0.05333 -0.96877 e
45.51264 19.53449 -0.27951 -0.19470 0.94019 e
45.80286 24.80944 -0.56288 -0.45919 0.68725 e
45.89346 30.50823 0.79049 -0.22286 -0.57050 e
45.92547 30.38678 -0.92753 -0.16899 0.33335 e
46.03555 62.30604 -0.13566 -0.91313 -0.38444 e
46.15652 80.87846 -0.72070 -0.69324 -0.00047 e
46.37018 73.84086 -0.81383 0.47718 0.33165 e
46.55041 36.57170 -0.28244 0.22034 -0.93364 e
46.58337 79.74597 0.78546 -0.42674 -0.44828 e
46.67581 67.25115 -0.93650 -0.15428 -0.31490 e
46.70841 59.84220 0.69523 -0.17983 -0.69593 e
46.75678 45.31018 -0.95890 0.11290 0.26032 e
46.77569 81.69911 0.59871 -0.23488 -0.76576 e
46.85235 21.88080 -0.46370 -0.85882 -0.21775 e
46.88144 23.08754 0.62390 0.54939 -0.55581 e
47.35720 22.68719 0.81862 0.54630 -0.17727 e
47.51648 63.15059 0.59405 -0.74818 -0.29552 e
47.57708 41.21237 0.99345 0.00171 -0.11426 e
47.59620 12.70501 0.54834 -0.83540 -0.03769 e
47.62696 46.80393 0.86666 0.32225 0.38085 e
47.82241 33.24480 -0.51619 0.20414 -0.83179 e
48.04274 77.69400 -0.18234 -0.97681 -0.11226 e
48.10904 26.82344 -0.82321 -0.46776 -0.32177 e
48.11625 59.42219 0.89517 0.38938 -0.21692 e
48.16563 79.04249 -0.11524 0.78635 -0.60694 e
48.40987 81.20734 -0.51153 -0.18131 -0.83992 e
48.45159 77.19135 0.69240 -0.23020 -0.68381 e
48.69037 59.35294 -0.78229 0.42684 -0.45368 e
49.07520 59.67644 -0.14122 0.97580 -0.16693 e
49.07711 53.85012 -0.25946 0.10171 -0.96038 e
49.57203 59.72792 -0.20297 -0.88600 -0.41690 e
49.59889 64.95549 -0.50105 -0.73128 0.46279 e
49.70533 51.74175 0.74814 0.03033 -0.66285 e
49.91588 40.95117 0.03565 -0.42439 -0.90478 e
50.00102 38.93325 -0.26595 0.85187 -0.45120 e
50.14186 65.05730 -0.99293 0.10702 0.05133 e
50.16200 52.55601 -0.84995 0.20016 0.48737 e
50.44317 44.23365 0.54435 -0.51285 -0.66383 e
50.66794 82.14737 0.70774 0.66075 0.25002 e
50.99890 81.20687 -0.12382 -0.96959 -0.21108 e
51.04016 49.45255 0.12724 0.44185 -0.88802 e
51.38106 55.25807 0.11518 -0.06382 -0.99129 e
51.47658 82.58467 -0.48500 -0.87063 -0.08238 e
51.49852 45.98427 -0.66618 0.49745 -0.55565 e
51.58493 19.74879 0.70771 0.66324 -0.24343 e
51.78593 74.60306 0.27959 0.65697 -0.70016 e
52.14702 39.10837 -0.66657 -0.74544 -0.00098 e
52.25080 59.47941 0.14334 0.36584 -0.91957 e
52.27899 58.91225 -0.36488 -0.70245 -0.61109 e
52.41244 69.47508 -0.01922 0.19990 -0.97963 e
52.65801 72.16724 -0.25736 -0.22736 -0.93919 e
52.76294 59.88225 0.06869 -0.56983 -0.81889 e
52.79071 67.35706 0.20351 0.93085 -0.30349 e
52.81707 62.33465 0.45488 -0.86295 0.22000 e
52.82333 46.80695 0.52505 0.36461 -0.76901 e
52.84479 71.59424 0.80345 -0.40606 -0.43542 e
52.87270 64.23117 -0.13332 -0.66752 -0.73256 e
52.93721 36.86645 -0.57994 0.77937 -0.23719 e
53.24023 54.51545 0.23058 0.11363 -0.96640 e
53.27843 52.01888 0.48446 0.85724 0.17446 e
53.32415 54.61659 0.99819 -0.02563 -0.05441 e
53.46685 65.85221 0.94190 0.08489 -0.32499 e
53.75188 62.84006 0.55763 -0.71244 0.42600 e
53.96350 80.66293 0.88332 0.35063 -0.31113 e
54.16928 41.33871 -0.36218 -0.61133 0.70364 e
54.18545 70.25075 0.70244 0.65014 -0.28965 e
54.22643 19.86385 -0.12618 -0.36487 -0.92247 e
54.23582 33.60805 -0.60738 -0.49581 -0.62069 e
54.45459 34.53501 0.38064 -0.10188 -0.91909 e
54.57629 77.09225 0.16155 0.88323 -0.44024 e
54.75432 40.99882 0.30526 -0.93016 -0.20402 e
54.83364 80.02013 0.37010 0.69289 0.61882 e
55.09641 48.22659 0.18584 0.17248 -0.96732 e
55.26906 71.82589 -0.47964 -0.71902 -0.50294 e
55.29059 75.95384 -0.80877 -0.46537 -0.35962 e
55.37324 31.00428 0.94737 -0.15019 -0.28273 e
55.42272 66.45838 0.33313 -0.76665 -0.54888 e
55.43666 35.55168 -0.12856 0.95662 0.26143 e
55.66365 65.33090 -0.23575 -0.50344 -0.83124 e
55.69584 51.31557 -0.69274 0.13987 -0.70749 e
55.70745 71.15631 -0.04695 -0.89247 0.44865 e
55.73218 48.64384 0.08224 0.56918 -0.81809 e
55.74133 34.13179 -0.96433 0.04332 0.26112 e
55.96828 68.60299 0.24063 -0.30122 -0.92269 e
56.07279 68.72636 -0.80637 0.53084 0.26072 e
56.37226 44.07197 0.42176 -0.49967 -0.75660 e
56.39844 78.77567 -0.84138 0.52315 -0.13562 e
56.45156 53.01241 0.75822 0.63959 0.12661 e
56.48439 50.80999 -0.41688 -0.77396 -0.47665 e
56.60981 50.57335 0.10197 -0.80181 0.58882 e
56.71747 83.07490 -0.23745 -0.44354 -0.86423 e
57.02390 77.78111 0.96916 0.09490 -0.22742 e
57.27870 59.29268 0.12610 0.53437 -0.83579 e
57.42563 35.24542 0.91076 -0.24163 -0.33487 e
57.61201 45.40332 0.01898 -0.99289 0.11753 e
57.67797 25.72669 0.88642 -0.38519 0.25668 e
57.75214 27.72023 0.65866 0.17523 0.73176 e
57.80580 80.18142 -0.41098 -0.68723 -0.59901 e
57.89194 29.60903 0.64659 -0.17439 -0.74263 e
58.17089 16.33079 0.30667 -0.76160 -0.57089 e
58.20673 79.76855 -0.25990 0.77833 -0.57153 e
58.26006 77.13022 0.86775 0.09548 -0.48774 e
58.80060 43.39784 -0.45230 -0.76831 0.45291 e
58.91312 58.40245 0.76509 0.04925 0.64204 e
58.93610 73.80073 0.24840 0.93225 0.26307 e
59.29144 76.60430 0.46272 -0.87818 -0.12117 e
59.36809 39.52933 0.86613 -0.22231 0.44766 e
59.40539 70.63648 -0.85834 -0.02949 0.51223 e
59.47953 52.36793 0.54991 -0.12683 -0.82554 e
59.67456 60.13881 -0.98698 0.16051 0.01023 e
59.96480 38.13087 -0.67843 0.72688 -0.10666 e
60.37422 42.95571 -0.17996 -0.87969 0.44019 e
60.40877 65.02790 0.58364 -0.76916 0.26032 e
60.40984 24.39043 -0.88421 -0.31222 0.34741 e
60.42383 21.06572 -0.14642 0.57821 0.80264 e
60.99658 48.54735 0.35525 -0.33995 -0.87076 e
61.11654 76.79944 0.44067 -0.80553 -0.39615 e
61.15957 63.33846 -0.79431 -0.60523 0.05264 e
61.46786 34.46452 -0.63946 -0.36675 -0.67571 e
61.58240 55.48219 0.84222 -0.53323 0.07957 e
61.75006 74.83114 0.98212 -0.18330 0.04285 e
62.03202 38.75384 -0.70857 0.34865 0.61349 e
62.04003 38.34813 0.32728 -0.85960 -0.39239 e
62.20236 48.27751 -0.39435 0.89436 0.21123 e
62.21748 21.06175 0.23353 0.92761 -0.29155 e
62.27287 44.54154 -0.72113 0.05744 0.69041 e
62.31960 56.71946 -0.13860 0.49475 -0.85791 e
62.42193 41.77020 -0.56791 0.63433 -0.52449 e
62.71650 61.38384 -0.40229 0.80574 -0.43468 e
62.75914 75.79153 0.99515 0.05541 -0.08134 e
63.11873 47.41517 0.72317 -0.49846 0.47809 e
63.12906 43.06777 -0.51258 0.50935 -0.69125 e
63.53988 45.48515 -0.86263 -0.29006 0.41440 e
63.56841 58.78700 -0.61944 0.78499 -0.00928 e
64.00027 58.86743 0.20768 0.95058 -0.23080 e
64.25568 51.99378 0.20189 -0.94305 -0.26438 e
64.49690 49.59055 -0.42792 -0.89972 0.08596 e
64.81853 63.82830 -0.59844 -0.32245 -0.73341 e
64.82926 55.08523 0.71142 0.62111 0.32880 e
65.01495 41.54159 -0.32783 0.60526 0.72539 e
65.06801 67.15840 0.38273 0.33092 -0.86256 e
65.14069 38.67243 0.28702 0.21548 -0.93337 e
65.20069 49.79987 0.70422 0.70998 0.00038 e
65.28675 49.80950 0.16684 -0.54225 -0.82349 e
65.37023 79.28235 0.62476 0.63899 -0.44874 e
65.56617 84.07978 -0.83493 -0.37351 -0.40420 e
65.72357 78.77388 0.49103 0.30383 -0.81644 e
65.81924 76.56017 -0.97166 -0.13266 -0.19564 e
65.83786 79.20152 -0.80144 0.32063 0.50487 e
65.95420 81.30082 0.86356 0.50096 0.05753 e
66.19830 84.86363 0.79196 -0.33828 -0.50830 e
66.37242 75.46430 0.89380 -0.19734 -0.40271 e
66.50801 65.93114 -0.72915 0.40115 -0.55446 e
66.53967 73.12895 0.81294 -0.56637 -0.13545 e
66.54508 39.74191 -0.52740 -0.52964 0.66433 e
66.57756 41.95802 0.43454 -0.84235 0.31878 e
66.62199 73.00909 -0.18330 0.14363 -0.97251 e
66.92301 75.81098 -0.90089 0.17728 0.39620 e
66.97176 34.44625 -0.90664 -0.36960 -0.20348 e
67.34377 37.65284 0.14777 -0.74883 -0.64608 e
67.47018 66.47870 -0.85205 0.40305 -0.33401 e
67.53976 59.17048 -0.77952 -0.51455 -0.35720 e
67.58738 26.75962 0.05873 -0.69672 0.71494 e
67.73300 76.87711 0.58550 0.66931 -0.45739 e
67.81450 72.77381 -0.75649 0.62653 0.18761 e
67.94605 59.47678 -0.94702 -0.31061 -0.08166 e
67.94995 62.51094 0.67715 -0.35069 0.64690 e
68.34333 69.42275 -0.79537 0.24300 -0.55528 e
68.51128 70.48207 0.40212 0.84171 0.36030 e
68.56082 31.92023 0.24029 0.94110 -0.23790 e
69.22616 41.10334 0.87564 0.01318 -0.48279 e
69.25237 73.69318 -0.82602 -0.01660 0.56340 e
69.44813 37.30011 0.47864 -0.69806 -0.53255 e
69.68704 84.96145 0.93505 -0.27242 -0.22688 e
69.98834 75.81174 0.02889 0.86201 -0.50607 e
70.09348 58.14588 -0.02157 0.26724 -0.96339 e
70.18164 52.56836 -0.22653 0.63372 -0.73965 e
70.31180 45.96084 -0.40355 0.66929 -0.62386 e
70.63794 83.33650 0.16671 0.93481 -0.31359 e
70.75678 80.95357 -0.30534 -0.94763 -0.09361 e
70.77789 57.35547 0.16927 -0.95414 -0.24692 e
70.89771 28.58324 0.20579 -0.17349 -0.96310 e
71.00609 68.54897 0.35684 -0.37781 -0.85436 e
71.02492 59.73487 0.64517 -0.02100 -0.76375 e
71.49118 58.77072 -0.99427 -0.09753 0.04366 e
71.57531 29.97360 0.96232 0.08001 0.25987 e
72.01658 83.32663 0.99619 -0.06695 0.05583 e
72.11043 66.45962 0.46178 -0.88700 -0.00048 e
72.14841 51.69481 0.87654 0.29378 -0.38128 e
72.25782 68.52068 -0.65367 0.67903 -0.33412 e
72.38360 78.74307 0.25464 0.19680 -0.94680 e
72.41056 44.39583 -0.14185 -0.74991 -0.64616 e
72.45880 53.16817 0.77006 -0.52387 0.36410 e
72.53490 81.47672 -0.85268 0.27345 -0.44516 e
72.66506 71.91847 0.95762 -0.11618 -0.26356 e
73.02460 22.90880 0.59427 0.16782 -0.78656 e
73.04381 66.84834 -0.02742 -0.50835 -0.86071 e
73.09864 64.97902 0.12026 0.25502 -0.95943 e
73.16224 63.18096 -0.58758 0.78809 0.18347 e
73.39740 79.23778 0.88871 0.09486 -0.44854 e
73.52150 58.02000 0.32468 -0.86313 0.38677 e
73.60554 44.75309 0.48871 -0.73547 -0.46930 e
73.88186 34.63352 -0.39690 0.12218 0.90969 e
74.09150 71.93347 0.46988 0.76179 -0.44597 e
74.38529 84.13561 -0.53849 -0.65990 -0.52399 e
74.51081 60.04883 -0.92111 0.04483 -0.38670 e
74.68929 76.46892 -0.61400 0.24275 -0.75105 e
74.97660 80.45308 -0.77557 -0.40609 0.48330 e
75.17791 66.05299 -0.26445 -0.64709 -0.71508 e
75.94592 52.08048 0.49535 -0.58668 -0.64066 e
76.05254 29.01967 -0.66221 -0.74915 -0.01563 e
76.24369 56.63825 0.38163 0.89723 -0.22214 e
76.24982 44.67956 0.55360 0.09117 -0.82778 e
76.56581 58.81493 0.45595 -0.49794 -0.73767 e
76.97150 80.98285 0.54915 -0.13770 -0.82430 e
77.11693 59.11886 0.59205 0.57904 0.56053 e
77.78387 71.21839 0.20407 0.91652 -0.34400 e
78.02479 69.61151 0.29181 0.73887 -0.60738 e
78.12411 73.88424 -0.87799 0.11997 0.46339 e
78.19368 63.62594 -0.09269 0.01976 -0.99550 e
78.19437 46.35273 -0.07746 -0.97167 -0.22328 e
78.64892 81.40441 0.35121 0.67169 0.65230 e
78.71455 67.41914 -0.45574 0.62236 0.63637 e
78.76557 70.64359 0.38499 0.18012 -0.90517 e
79.21475 69.67354 0.56674 -0.12749 -0.81398 e
79.29031 31.85009 -0.37729 0.13894 -0.91561 e
79.30480 63.45764 0.79819 -0.60131 0.03622 e
79.34193 54.26077 -0.90871 -0.02251 -0.41682 e
79.58707 53.46954 -0.92027 0.37065 -0.12541 e
79.74674 56.89135 0.01884 -0.99776 0.06421 e
79.76464 35.25218 0.93320 0.27580 0.23037 e
79.91359 46.44025 0.13537 0.61786 -0.77455 e
80.00417 68.27468 0.66630 0.63266 0.39470 e
80.32185 45.63474 0.94784 -0.08373 -0.30754 e
80.55392 39.23482 -0.85067 -0.13997 -0.50673 e
80.63412 66.60767 -0.16898 0.94288 0.28708 e
80.67483 74.89000 -0.31344 -0.71006 -0.63053 e
80.77167 33.25805 0.26671 0.81897 -0.50808 e
80.93547 60.32081 -0.15058 -0.73122 -0.66531 e
81.28604 33.09444 -0.33381 -0.94146 -0.04709 e
81.30740 82.97043 0.97321 0.22786 -0.03066 e
81.32794 13.69178 -0.49987 -0.72227 0.47797 e
81.58512 69.56409 -0.83563 0.46709 -0.28905 e
81.78640 62.15636 -0.09532 -0.58301 -0.80685 e
81.82801 60.41170 0.48426 0.86700 0.11745 e
81.86930 47.67413 0.27887 -0.26081 -0.92423 e
81.88549 44.38283 -0.75607 0.05321 -0.65232 e
82.01702 61.97694 0.75786 0.65069 0.04749 e
82.04283 25.46369 -0.44965 -0.31240 -0.83679 e
82.35069 37.26209 -0.95086 -0.30215 0.06761 e
82.74356 72.58456 -0.06506 -0.93112 -0.35886 e
82.78338 22.58032 0.01764 0.34073 -0.94000 e
82.89856 53.70735 0.68067 -0.00111 0.73259 e
83.01429 49.95753 -0.93144 -0.17751 -0.31767 e
83.09287 84.74189 -0.27620 -0.44850 -0.85004 e
83.41566 18.89299 0.86782 0.24198 0.43398 e
83.41795 78.97701 0.38963 0.89207 -0.22893 e
83.47717 42.82371 -0.58155 0.70395 -0.40774 e
83.81884 40.91102 0.13692 -0.82392 0.54991 e
83.83109 59.20177 0.33488 -0.93708 0.09867 e
84.11299 34.68849 -0.32181 -0.14671 -0.93537 e
84.40578 42.63357 0.07609 -0.63873 -0.76566 e
84.82664 37.97208 0.74159 0.05818 0.66833 e
84.98045 47.94049 -0.64604 0.24939 -0.72141 e
85.38336 66.06328 0.59048 0.49212 0.63965 e
85.57706 33.97841 0.01442 0.01177 0.99983 e
85.67366 53.26273 0.40732 0.58914 -0.69786 e
85.86252 73.06701 0.41488 -0.00170 -0.90987 e
86.27712 40.38354 -0.02844 0.63814 0.76939 e
87.36929 53.59998 -0.67040 -0.69977 -0.24677 e
87.52776 30.87052 -0.78362 -0.43681 0.44175 e
87.82870 29.29026 0.18717 0.07828 -0.97920 e
87.95710 46.06499 -0.92482 -0.01575 -0.38009 e
87.96565 71.32387 -0.96649 0.24936 0.06089 e
88.47173 60.40149 0.12864 -0.72868 -0.67266 e
88.76679 47.44224 0.55512 0.34832 -0.75533 e
88.93726 63.59919 0.40068 0.91558 0.03420 e
89.11865 21.23430 0.58875 0.62621 -0.51111 e
89.41494 55.40458 0.15290 0.79350 -0.58905 e
89.90652 54.94201 0.16730 0.69483 -0.69944 e
90.03754 47.20552 -0.92861 0.36496 -0.06698 e
90.10669 54.01811 -0.47169 -0.20445 -0.85773 e
90.28796 65.25074 0.75970 -0.54009 0.36215 e
90.31643 25.73062 -0.37886 -0.88395 -0.27404 e
90.32321 69.90125 0.25024 -0.55938 -0.79023 e
90.34581 27.18536 -0.78821 0.58585 -0.18845 e
90.71584 57.66076 0.69226 -0.24172 -0.67996 e
91.26432 64.49781 0.98254 0.13656 -0.12635 e
91.28305 33.72813 -0.54012 -0.38959 0.74598 e
91.72367 30.21516 -0.81005 0.51926 0.27238 e
91.85890 76.81339 0.22616 -0.97394 0.01710 e
92.40489 57.40894 -0.74674 0.01884 -0.66484 e
92.46061 11.81662 0.47038 -0.03928 -0.88159 e
92.90525 34.01082 -0.02846 -0.58845 0.80804 e
93.40268 57.82181 -0.21847 -0.06353 -0.97377 e
93.76677 48.00496 0.17285 -0.91039 -0.37591 e
93.86505 48.08865 0.96167 0.24001 -0.13259 e
94.83443 14.13786 -0.55699 0.67744 0.48045 e
95.10553 83.14182 -0.38649 0.68950 -0.61255 e
95.57487 36.52014 0.94883 -0.19481 -0.24855 e
95.62495 76.67947 0.02935 0.65760 -0.75279 e
97.13839 52.15700 -0.65653 0.68172 -0.32284 e
97.64822 71.08728 0.95678 -0.28901 -0.03238 e
99.30342 34.29274 0.37511 0.39982 0.83632 e
99.42377 37.59270 0.04008 -0.65591 -0.75378 e
100.09695 36.16382 0.02644 -0.21421 -0.97643 e
100.27528 37.38153 -0.01075 0.32935 -0.94415 e
100.31253 40.08137 -0.10950 -0.31503 -0.94274 e
100.89899 31.43831 0.39881 0.73177 0.55269 e
101.04478 31.50679 0.42519 0.89530 0.13282 e
101.07113 59.95200 -0.36718 0.90430 -0.21776 e
101.64885 74.68060 0.73834 0.46811 0.48552 e
102.02369 43.23369 -0.09072 0.60459 -0.79135 e
102.14295 66.68688 -0.22338 0.53757 -0.81309 e
102.25293 65.34834 0.07271 -0.98866 -0.13141 e
102.30659 30.98961 0.61523 -0.68644 0.38767 e
102.67816 40.58512 -0.99408 -0.07098 -0.08223 e
102.79278 71.51067 0.86087 0.50012 -0.09370 e
103.44395 21.07871 0.26672 -0.93541 -0.23210 e
104.08274 22.80400 0.71249 0.51747 -0.47390 e
104.24236 55.35111 0.42300 0.75258 -0.50467 e
104.40089 49.90245 -0.06361 0.21486 -0.97457 e
104.90408 59.11263 -0.33782 -0.93408 -0.11562 e
105.23467 61.16417 -0.82703 0.53224 0.18091 e
105.40361 76.98631 -0.99022 0.00684 0.13935 e
106.44790 47.48795 0.26169 -0.80726 -0.52900 e
107.11592 69.77026 0.84581 0.41056 0.34066 e
107.16543 32.94029 0.24011 -0.88782 0.39259 e
107.59580 82.23273 -0.32262 -0.94017 0.10952 e
107.61606 62.45632 -0.40182 -0.22652 -0.88726 e
107.78480 52.43054 -0.47186 0.24587 -0.84670 e
108.14173 56.23768 0.17630 -0.72279 0.66821 e
108.27400 19.36663 0.70881 0.70533 0.00938 e
109.04205 60.58770 0.97048 0.14698 0.19121 e
109.25963 79.60323 -0.24626 0.93473 -0.25620 e
109.39261 32.07355 -0.43961 0.83713 -0.32551 e
109.52849 40.13824 0.31357 0.75677 0.57356 e
109.66561 36.33540 -0.96338 -0.26314 0.05157 e
109.87414 71.00981 0.99171 -0.02537 -0.12594 e
109.95826 66.64590 0.96887 -0.17253 -0.17756 e
110.28789 45.34930 -0.23553 0.88045 0.41151 e
110.40332 22.60648 0.65754 -0.63652 0.40309 e
110.46650 44.36027 -0.31207 0.82723 0.46724 e
110.79099 59.24084 -0.38881 -0.60557 -0.69435 e
111.11437 79.84905 0.87866 -0.44662 0.16878 e
111.87127 83.34434 0.72912 0.46503 -0.50212 e
112.21757 40.58060 0.64679 0.64976 0.39934 e
112.34076 36.51454 0.43186 0.10913 -0.89531 e
112.39102 60.44506 -0.00926 -0.35693 -0.93408 e
113.12669 60.64263 -0.89145 0.11867 -0.43730 e
113.60885 52.09661 0.61842 -0.68465 -0.38576 e
113.99016 60.65047 0.11771 0.69772 -0.70663 e
114.37301 62.07768 0.21001 -0.90945 -0.35887 e
114.40759 18.35586 0.26685 0.96232 0.05224 e
114.51717 38.44960 0.05552 0.93700 -0.34490 e
114.78983 59.34767 0.72075 0.68297 0.11859 e
115.01337 34.08254 0.07655 0.97192 0.22252 e
115.43930 53.97683 -0.69568 0.45885 -0.55271 e
115.48328 26.55519 -0.68760 -0.71405 0.13168 e
115.53679 32.55881 0.64421 0.65104 0.40144 e
115.58813 31.11603 -0.52264 0.28223 -0.80449 e
116.54217 25.97623 0.84951 -0.52386 0.06250 e
117.82226 52.62204 0.49491 -0.74695 0.44399 e
118.37948 59.55736 -0.48392 -0.53021 -0.69620 e
118.42838 50.22874 0.76693 -0.63113 0.11613 e
118.56743 5.98604 0.29378 0.15811 -0.94271 e
118.66624 54.01293 -0.63028 -0.69606 -0.34387 e
118.74541 31.85302 0.58586 0.70457 0.40043 e
119.48232 57.53007 0.35493 0.79076 -0.49872 e
119.58634 68.12222 -0.43973 -0.89101 -0.11287 e
119.89243 78.72448 -0.53666 -0.63018 -0.56113 e
120.43212 55.60111 -0.30617 -0.17468 -0.93581 e
120.50443 78.55175 0.14412 -0.94587 -0.29080 e
120.58657 73.41398 0.20553 -0.43675 -0.87579 e
120.86936 59.85554 0.84453 -0.34379 -0.41057 e
121.91018 43.28819 -0.04424 -0.96906 -0.24283 e
122.25059 35.94065 0.98808 -0.02036 -0.15256 e
122.48315 73.85063 -0.81739 0.39853 -0.41598 e
122.79229 84.06327 -0.26539 0.34154 -0.90162 e
124.00715 51.14088 -0.20622 -0.00392 -0.97850 e
124.08413 45.13637 -0.45870 0.87341 -0.16356 e
124.39967 69.91768 0.96749 0.09340 -0.23504 e
124.55318 35.02579 0.11286 0.25190 -0.96115 e
124.61853 53.64128 -0.92105 -0.35693 -0.15576 e
124.67248 37.88434 -0.82775 0.15216 -0.54007 e
124.74250 70.95357 0.27831 0.40353 -0.87161 e
124.75603 50.80012 0.49770 -0.38424 -0.77760 e
124.79059 79.36849 -0.25582 -0.96660 0.01536 e
125.40123 63.68512 -0.08955 0.98946 0.11383 e
125.62385 71.31217 0.57195 -0.63294 -0.52178 e
125.92208 18.69746 -0.78375 0.61001 0.11672 e
126.01910 59.98920 -0.59585 0.44238 -0.67027 e
126.44694 16.91375 -0.64311 0.74703 0.16837 e
127.05251 45.65539 0.45795 -0.88839 -0.03224 e
127.41548 67.16311 -0.66806 -0.64726 -0.36709 e
127.45879 45.13835 0.90956 0.40615 -0.08801 e
127.46887 23.58701 0.57862 0.37421 -0.72468 e
127.91400 26.57145 -0.36491 0.92020 -0.14168 e
128.06988 62.26095 0.43423 0.32103 -0.84166 e
128.13601 43.80343 -0.51975 0.08906 -0.84966 e
129.00883 70.60773 0.05693 0.51831 -0.85330 e
129.59288 79.37305 0.66813 0.32882 -0.66744 e
129.70948 81.43938 0.99252 0.07262 0.09809 e
130.38523 70.93478 0.65831 0.47028 -0.58776 e
130.77049 30.05069 0.26825 0.31750 -0.90953 e
131.41817 25.76331 -0.67495 0.52085 -0.52264 e
131.90377 79.08721 0.77986 0.41965 -0.46445 e
132.19160 79.87969 -0.35137 -0.03059 -0.93574 e
133.13298 58.60765 0.35939 -0.55138 -0.75287 e
133.43946 68.12399 0.01149 0.97186 0.23527 e
133.59129 78.46263 -0.95211 -0.19859 0.23247 e
133.71669 24.93351 -0.31160 0.28400 -0.90678 e
134.04938 53.91338 0.64764 -0.40942 -0.64260 e
134.21787 84.82273 0.23951 0.45078 -0.85990 e
134.46466 53.60140 -0.73886 -0.64899 0.18136 e
134.46987 52.12006 -0.64086 -0.10947 -0.75982 e
134.91288 47.28598 -0.59814 -0.47821 -0.64308 e
135.47910 56.56545 -0.14392 -0.27628 -0.95024 e
135.53697 69.69213 0.23344 -0.16178 -0.95882 e
135.73217 62.40762 -0.90278 0.15531 -0.40108 e
136.30982 55.33789 -0.63133 -0.27942 -0.72343 e
136.37244 49.93450 -0.76915 0.57174 -0.28551 e
136.89541 83.57502 -0.04736 -0.25463 -0.96588 e
137.95628 74.81522 0.71558 0.45009 -0.53419 e
137.97392 66.90745 -0.02249 -0.95797 0.28598 e
138.04518 79.11618 0.75695 0.26158 0.59883 e
138.32412 33.98683 -0.74076 -0.06872 -0.66825 e
138.39590 71.82112 0.32284 0.39246 -0.86125 e
139.01617 81.26506 -0.17119 0.06206 -0.98328 e
139.40856 44.92012 -0.19464 -0.97677 -0.08968 e
139.91008 77.97193 0.20111 0.94768 -0.24790 e
140.08116 54.25440 -0.83617 -0.27724 -0.47324 e
140.89259 60.72322 -0.59067 -0.72783 -0.34839 e
141.58914 56.61913 0.24563 -0.96007 0.13394 e
142.41705 63.17231 0.72982 0.63874 -0.24367 e
143.06957 48.28966 -0.44501 -0.81620 0.36850 e
143.29407 35.55178 0.95884 0.17456 -0.22397 e
143.38955 40.44127 0.90075 -0.19283 0.38920 e
143.40856 18.33702 0.08522 0.80927 -0.58123 e
143.43583 51.53997 -0.33867 -0.75432 0.56241 e
144.65227 47.26302 0.59433 -0.70509 0.38681 e
144.68373 42.10386 0.53131 0.50859 -0.67753 e
145.24942 43.72673 0.85705 0.51517 -0.00819 e
145.48823 27.65515 -0.61026 -0.55190 0.56832 e
145.77340 62.63707 0.87605 0.48164 0.02363 e
146.65223 49.62741 -0.40353 0.55432 0.72794 e
147.14584 49.27711 -0.37371 -0.69210 -0.61753 e
147.26172 31.25838 -0.35044 0.93144 0.09805 e
147.27886 39.03335 0.79359 -0.60518 0.06297 e
147.33750 69.12000 0.97060 -0.15105 -0.18741 e
148.39087 80.61519 -0.91162 -0.05641 -0.40715 e
148.54686 63.48399 -0.25180 -0.76434 -0.59361 e
149.30586 20.46385 -0.05008 -0.57041 0.81983 e
149.64186 45.52996 -0.91391 0.24569 -0.32312 e
149.69493 74.40380 -0.89749 0.00602 -0.44100 e
149.72920 48.80888 -0.55446 0.18672 0.81099 e
149.93395 44.42761 0.97371 -0.22283 0.04719 e
150.03063 76.19022 -0.41746 -0.12564 -0.89997 e
150.85340 76.96981 0.19435 0.84391 -0.50004 e
151.41375 65.76470 -0.39052 -0.63563 0.66593 e
152.08007 67.95908 0.92580 0.27733 0.25689 e
152.34492 42.12006 0.22804 0.08528 -0.96991 e
152.42131 52.26431 0.55151 -0.50162 -0.66649 e
152.67208 70.38832 0.18693 -0.53331 -0.82501 e
153.57668 40.25200 -0.60549 0.24991 -0.75560 e
153.63229 35.13503 0.94186 -0.05444 0.33155 e
153.72557 55.65776 0.33212 -0.81520 0.47450 e
153.94712 36.72029 -0.09459 0.22891 -0.96884 e
154.30599 53.11217 -0.21897 0.67964 -0.70010 e
154.89061 31.96526 -0.95750 0.21787 0.18901 e
155.34022 57.74547 -0.78117 -0.54142 -0.31088 e
155.75963 52.76925 -0.62722 0.77856 0.02105 e
156.18522 44.76040 -0.54905 -0.66179 -0.51047 e
156.29780 35.63842 0.00667 -0.99073 0.13570 e
156.46935 14.48748 -0.46771 -0.70301 -0.53575 e
156.78018 75.82177 -0.62720 -0.62265 -0.46789 e
157.11100 46.51680 0.04274 0.38803 -0.92066 e
157.64035 52.53702 0.60987 -0.22577 -0.75966 e
157.69252 62.61271 -0.43127 0.88623 -0.16909 e
158.20511 66.08347 0.23743 0.19483 -0.95167 e
158.37853 58.27385 0.59075 0.79649 -0.12895 e
158.38735 32.57053 0.49467 0.08781 -0.86463 e
158.40652 69.08549 -0.56834 0.39928 -0.71942 e
158.72955 32.83164 -0.15426 0.07450 -0.98522 e
158.76387 31.22532 -0.20958 -0.65691 -0.72425 e
159.32205 74.22379 -0.92346 -0.04237 -0.38136 e
159.45625 49.10930 0.54202 -0.65114 0.53125 e
159.67638 29.79144 0.05450 0.47199 0.87992 e
160.06330 24.58699 0.18032 -0.85760 -0.48167 e
160.31163 76.44229 -0.44948 -0.15188 -0.88028 e
160.91371 55.71268 0.32180 0.81807 -0.47666 e
161.43224 45.60283 -0.40280 -0.90269 -0.15135 e
161.51948 54.49803 0.61274 -0.30902 -0.72736 e
161.56889 83.24140 0.21311 0.86142 -0.46102 e
161.91794 43.37881 0.57576 -0.14419 0.80480 e
161.96153 55.99318 0.12533 -0.62353 -0.77169 e
161.97704 40.82340 -0.46935 -0.23506 -0.85115 e
161.98679 79.07821 -0.43616 0.89454 -0.09780 e
162.03894 81.40043 -0.21372 0.85058 0.48045 e
162.90904 31.17515 0.99203 0.12209 -0.03126 e
163.26671 31.78531 -0.06583 -0.14530 -0.98720 e
163.73213 33.28972 0.73583 -0.09725 -0.67015 e
163.74382 18.92441 -0.92262 -0.38512 0.02140 e
163.81251 58.74437 -0.03390 -0.21819 -0.97532 e
164.23628 19.19778 -0.17830 -0.71099 -0.68022 e
165.11835 62.46190 -0.70825 0.68878 -0.15482 e
165.28696 80.33248 -0.26438 0.46249 -0.84629 e
165.33377 43.15794 0.13702 -0.27044 -0.95294 e
165.68249 28.61368 0.04910 -0.15433 -0.98680 e
165.73489 34.18689 0.51471 -0.15289 0.84362 e
165.91812 73.87523 -0.96767 0.18917 0.16683 e
166.10417 49.59253 -0.83050 -0.33207 -0.44720 e
166.68264 44.48820 0.70300 0.49095 -0.51455 e
166.68966 51.58576 -0.82167 -0.52597 -0.21957 e
167.59602 51.80267 0.98525 -0.02181 -0.16973 e
167.63130 68.23612 0.89869 -0.43714 0.03544 e
168.34009 54.62710 0.91811 0.32654 -0.22458 e
169.04331 27.97264 0.52464 -0.60855 0.59533 e
169.15174 42.12602 -0.29696 0.59371 0.74788 e
169.59352 37.07240 -0.93150 0.35781 -0.06544 e
169.67493 50.09831 0.66518 0.23091 -0.71008 e
169.78640 31.40908 -0.88281 -0.13732 0.44921 e
169.97895 50.05307 0.02187 0.16192 -0.98656 e
170.20823 54.50542 -0.82962 0.26088 0.49363 e
170.28587 33.41011 -0.84885 -0.20538 0.48711 e
170.46598 49.45159 -0.59125 0.64977 -0.47772 e
170.64467 49.30049 -0.00660 0.93001 -0.36749 e
170.70850 23.57523 -0.61555 0.38611 -0.68704 e
170.92402 41.42758 -0.33733 0.41395 -0.84549 e
171.12474 58.88813 0.27764 0.83547 0.47423 e
171.44304 71.01937 0.80307 -0.11140 -0.58537 e
172.23053 30.67793 -0.91865 0.29125 -0.26693 e
173.16760 34.10544 0.91654 -0.10354 -0.38631 e
173.21966 81.89961 0.20224 0.62590 -0.75323 e
173.25935 47.95122 0.99088 -0.11190 0.07504 e
174.04590 29.08032 0.78261 0.50666 0.36168 e
174.06353 41.24116 -0.76340 0.61074 -0.21030 e
174.51947 56.14540 0.06859 0.99721 -0.02936 e
176.20615 66.00334 0.19621 0.17811 -0.96425 e
176.63508 31.54765 0.36334 -0.92755 -0.08741 e
176.67340 33.87419 -0.04732 0.28071 -0.95863 e
176.71575 45.37609 -0.09809 0.98532 0.13972 e
177.25744 27.46549 -0.21358 -0.75076 -0.62510 e
177.36619 63.47921 -0.81676 0.26142 0.51436 e
177.60945 44.93998 0.46663 0.84918 -0.24727 e
178.04314 83.72855 0.98595 0.12561 -0.11008 e
178.20532 64.79732 -0.77499 -0.41541 -0.47625 e
178.24162 55.90295 -0.06032 -0.60756 0.79198 e
178.42823 65.69191 0.18042 -0.84029 -0.51123 e
179.05422 66.20298 -0.65214 0.04762 -0.75660 e
179.05738 18.74310 0.12877 -0.75295 -0.64536 e
179.93975 65.21763 0.20470 0.78775 -0.58099 e
180.26357 34.42430 0.45484 -0.64536 0.61370 e
180.29315 34.95133 -0.61945 -0.70695 0.34131 e
180.80032 32.75364 -0.39565 -0.55888 -0.72878 e
182.45289 63.23077 -0.15837 -0.92574 -0.34340 e
182.47279 23.36757 0.14473 0.23077 -0.96218 e
182.52107 42.83370 -0.08471 0.04091 -0.99557 e
183.16398 68.39407 0.95167 0.24311 -0.18770 e
183.24177 39.87225 0.56747 -0.78613 0.24489 e
183.76171 27.92352 -0.67281 0.72843 0.12931 e
184.00729 34.61025 0.29440 0.90793 0.29832 e
184.08852 30.38982 0.53079 0.40144 -0.74640 e
184.09489 82.54172 -0.29329 0.34934 -0.88991 e
184.47468 53.77940 0.94618 -0.08228 -0.31301 e
185.01317 75.46825 0.83991 0.31567 0.44147 e
185.16792 40.51193 -0.44896 -0.69236 -0.56487 e
185.64172 38.75270 0.41029 0.88121 -0.23481 e
186.57698 60.69894 -0.39029 -0.26817 -0.88077 e
187.25038 45.68208 -0.05168 -0.42465 -0.90388 e
187.69000 68.86286 -0.98394 0.16617 -0.06522 e
187.70390 71.30100 -0.19274 -0.94798 -0.25336 e
187.77446 31.91000 0.02950 0.58182 -0.81278 e
189.10190 34.17393 -0.88007 -0.02814 0.47401 e
189.26367 44.76169 0.49703 0.11911 -0.85952 e
190.01023 48.98065 0.40036 0.42185 -0.81348 e
190.46955 50.05573 -0.95818 0.04852 0.28202 e
191.95010 49.56432 -0.08723 0.08195 -0.99281 e
192.50078 71.64113 0.23881 -0.66884 -0.70400 e
192.64604 47.29693 -0.49914 0.82675 -0.25951 e
192.95019 70.47089 -0.94205 -0.20367 -0.26658 e
193.36351 51.54892 -0.11322 -0.37790 -0.91890 e
193.59510 47.35996 -0.80792 -0.55380 -0.20142 e
194.06021 47.65946 0.23085 -0.29473 -0.92728 e
194.06458 37.36822 0.38465 -0.92306 -0.00318 e
195.00781 53.93593 -0.33553 0.75689 0.56083 e
195.09640 42.32937 -0.84895 0.09915 0.51908 e
195.29994 48.83977 -0.01798 -0.56789 -0.82291 e
195.83620 68.59130 0.26493 -0.87649 0.40198 e
195.86409 62.46511 0.30946 -0.82846 -0.46678 e
196.02627 44.28607 0.78519 0.52519 0.32810 e
196.42902 30.83164 -0.52447 -0.80991 -0.26264 e
196.44284 47.07101 -0.96892 0.24201 -0.05130 e
196.61236 22.09494 0.12817 -0.46496 -0.87600 e
198.28957 59.55682 0.79016 0.52162 -0.32181 e
198.76782 70.88594 0.16190 -0.98562 -0.04840 e
198.81764 12.97870 0.14869 0.11796 -0.98182 e
199.35228 23.18657 -0.37140 0.23689 0.89774 e
200.63799 59.21637 -0.68672 -0.52705 -0.50064 e
200.92620 78.60857 -0.32463 0.30602 -0.89497 e
200.95500 73.73568 0.88186 0.39843 -0.25213 e
201.10636 23.41095 0.72703 0.30638 -0.61446 e
201.24895 82.58389 0.94317 -0.07245 -0.32431 e
201.57938 74.88025 0.72154 -0.51400 0.46388 e
202.64296 67.89043 0.61185 0.32846 -0.71955 e
204.20954 59.64778 -0.81455 -0.41068 0.40970 e
204.90591 47.08816 -0.71379 -0.00358 0.70035 e
205.75982 82.57747 -0.68310 -0.65153 -0.32996 e
206.33546 54.15924 -0.60864 -0.07844 -0.78956 e
206.39145 64.31859 -0.71216 0.46473 0.52617 e
206.46601 29.97829 -0.29034 -0.94059 -0.17604 e
206.64223 33.71984 0.38003 -0.11419 -0.91790 e
206.74147 79.41143 -0.65375 -0.75101 -0.09273 e
206.92056 76.21944 -0.29933 0.06652 -0.95183 e
207.07513 79.33712 0.59245 -0.17388 -0.78662 e
208.68415 65.60755 -0.27524 -0.71329 -0.64456 e
209.27871 42.35617 0.67745 -0.32734 -0.65872 e
209.43835 51.52006 0.62962 -0.11293 -0.76865 e
211.26256 54.80596 0.70896 -0.21293 -0.67233 e
212.70158 65.08918 -0.05839 0.66109 0.74804 e
213.13168 21.83094 -0.55850 -0.80695 0.19210 e
213.14670 77.07232 -0.69301 -0.50326 -0.51621 e
213.66219 55.92680 -0.22541 0.95980 -0.16726 e
215.08428 82.03911 0.97912 -0.09468 -0.17989 e
215.99989 17.52702 -0.88352 0.16470 -0.43849 e
216.07757 60.13314 -0.29567 0.94978 -0.10247 e
216.31773 24.44884 -0.77796 -0.13859 -0.61284 e
216.55454 45.80226 0.45648 -0.61885 -0.63926 e
216.57942 61.29998 -0.93663 -0.23092 0.26342 e
217.14348 65.20319 -0.03249 0.55083 -0.83398 e
217.21416 14.67775 -0.99123 -0.12776 0.03365 e
217.31147 68.97737 -0.06781 -0.80303 -0.59206 e
217.56061 60.44355 -0.07991 -0.45594 -0.88642 e
217.85682 34.29958 0.72921 -0.31317 -0.60842 e
217.96630 25.50133 -0.31565 0.84984 0.42206 e
218.13734 46.90615 -0.86191 0.05499 -0.50408 e
218.26857 35.37087 0.73615 0.66983 0.09702 e
218.44473 10.49243 -0.97031 0.22830 0.07983 e
218.48958 35.76456 0.02151 -0.11355 -0.99330 e
218.55561 41.21352 0.99402 0.03476 -0.10355 e
218.80735 76.89594 0.92961 -0.36755 -0.02706 e
218.92438 67.58049 0.45515 0.51592 -0.72572 e
221.72133 27.67024 0.11892 -0.91922 -0.37537 e
222.13361 26.20132 0.61161 0.78018 0.13137 e
222.29444 29.41523 -0.77209 0.53112 -0.34899 e
223.25599 78.79262 0.05807 -0.06013 -0.99650 e
223.42483 33.34730 0.17424 0.55993 -0.81001 e
223.46281 52.09480 -0.56603 -0.21100 -0.79693 e
223.57082 18.67808 -0.07123 -0.99679 0.03661 e
224.32598 47.90515 -0.22926 -0.93139 -0.28275 e
227.60768 42.40661 0.75919 0.56382 -0.32516 e
227.67552 74.87557 0.74068 0.30454 -0.59887 e
228.19958 50.97196 0.59685 -0.69985 -0.39240 e
228.30876 15.62756 -0.84188 0.21950 -0.49300 e
229.39721 36.93570 0.96392 -0.16465 0.20914 e
229.93436 47.45941 0.81918 0.55358 -0.14999 e
230.77211 75.53777 -0.70369 0.66991 -0.23672 e
230.93347 65.55765 0.77936 0.26199 -0.56918 e
231.92590 60.21136 -0.74904 0.65844 0.07351 e
232.44259 36.19476 0.09947 -0.97055 -0.21941 e
232.98571 41.81516 -0.64517 -0.67792 0.35239 e
233.60971 36.61262 -0.34946 0.93647 -0.02997 e
233.60972 39.32827 0.07994 0.80466 -0.58833 e
234.97072 22.14538 -0.06660 0.22884 -0.97118 e
236.52569 43.12092 0.21282 -0.95761 0.19415 e
237.81395 63.47778 -0.63461 -0.76952 -0.07143 e
238.13092 61.49336 0.44914 -0.28098 -0.84813 e
238.38134 48.24506 0.81241 0.01885 -0.58279 e
238.46118 31.97741 0.35367 -0.45929 -0.81484 e
239.42707 31.70685 0.73516 0.34085 0.58597 e
239.63222 76.79354 -0.07381 -0.97094 0.22768 e
240.01694 63.09963 -0.69114 0.45193 -0.56399 e
240.93148 51.55524 0.16678 0.13657 -0.97649 e
242.52997 19.57006 0.28244 0.68211 -0.67450 e
243.46078 37.92566 -0.79678 -0.36834 -0.47902 e
243.77386 35.68919 -0.33584 -0.84260 -0.42099 e
243.77695 23.70048 0.66026 0.49776 -0.56240 e
243.99595 35.58640 0.85163 -0.51879 0.07471 e
244.09505 50.73285 -0.61810 -0.61870 -0.48494 e
245.00587 70.56744 0.01402 0.27991 -0.95992 e
246.15969 59.87340 0.51801 -0.64685 0.55968 e
246.36307 25.22630 0.94585 -0.22403 0.23492 e
246.47119 28.08822 -0.65216 0.53402 0.53806 e
247.23643 29.88423 -0.95809 -0.16015 0.23750 e
247.49788 25.15259 -0.58358 0.75655 -0.29507 e
247.84841 61.86652 -0.66884 -0.03493 -0.74258 e
248.21658 43.51503 0.28583 0.23274 -0.92959 e
248.80828 67.81282 0.56627 0.17192 0.80609 e
249.24599 82.87544 -0.69451 -0.28804 -0.65931 e
249.29161 41.94423 -0.67995 0.55773 -0.47602 e
249.71965 50.31505 0.24731 -0.96280 -0.10885 e
249.85735 64.85470 0.68032 -0.12145 -0.72279 e
250.42012 47.74469 -0.36304 0.22603 -0.90394 e
250.56007 11.62149 0.93295 0.17906 -0.31233 e
250.85305 54.88920 0.46085 0.83031 -0.31337 e
251.14096 53.44601 0.29863 -0.95048 -0.08604 e
251.30939 71.15825 0.03958 0.19966 -0.97907 e
252.23360 37.82109 -0.46376 -0.22632 -0.85656 e
252.34931 76.23274 0.22762 -0.63080 -0.74181 e
252.73997 30.36111 0.20494 -0.39015 -0.89766 e
252.99674 37.49891 -0.39188 -0.06360 -0.91782 e
253.12608 50.81449 0.09666 0.69562 -0.71188 e
253.57020 59.07002 0.38042 0.88143 0.27992 e
253.62269 42.89119 0.02886 0.93273 0.35942 e
253.80988 36.25777 0.14869 -0.18138 -0.97211 e
253.95797 24.30634 -0.33640 0.84413 -0.41747 e
254.09099 23.49789 -0.34480 0.14393 -0.92758 e
254.45826 62.82631 0.60339 -0.47665 -0.63932 e
258.37410 37.60079 0.47896 -0.81595 0.32378 e
259.29487 31.00047 0.73475 0.01307 -0.67821 e
259.31982 42.48819 -0.93175 -0.28220 -0.22847 e
259.66916 72.74307 0.45771 -0.73167 -0.50514 e
259.88900 79.48051 -0.05446 0.82104 0.56827 e
260.05534 25.62799 0.45254 0.72027 0.52576 e
260.43354 39.57554 0.50283 -0.86166 0.06853 e
261.57438 25.11474 0.23032 -0.26745 -0.93564 e
261.79637 38.45734 0.92726 0.32101 0.19270 e
262.86506 48.43022 0.28552 0.92951 0.23344 e
263.59129 30.60970 0.55749 0.65625 -0.50847 e
264.48646 64.47049 -0.14350 -0.16268 -0.97619 e
264.63574 52.92880 0.06073 -0.94703 0.31536 e
264.67146 67.01248 0.61250 -0.72361 -0.31817 e
265.29749 28.63134 -0.15001 0.54783 -0.82303 e
265.66585 78.94353 -0.80474 -0.10708 -0.58389 e
266.38025 77.04946 0.96995 -0.12730 -0.20736 e
267.21117 42.12712 -0.52258 -0.56324 -0.64005 e
267.30610 44.06353 -0.07188 -0.89468 -0.44089 e
268.29069 47.13462 0.34035 0.85078 -0.40042 e
268.47790 16.24488 0.94727 -0.22952 0.22362 e
268.70621 68.50758 -0.98420 0.17428 -0.03131 e
270.05636 82.82800 -0.37771 0.57869 -0.72281 e
270.50066 22.95691 0.15416 0.15983 -0.97503 e
270.80066 28.54110 0.94642 -0.06033 -0.31726 e
270.95625 40.52569 0.21428 0.80960 0.54648 e
270.99241 28.45632 0.02216 0.86619 -0.49923 e
271.55885 45.48745 -0.59179 -0.08372 -0.80173 e
271.75452 35.40726 0.31907 -0.58847 -0.74290 e
273.51312 27.29683 0.93518 0.33002 -0.12858 e
273.90045 60.77384 0.10194 -0.82373 -0.55774 e
274.98300 58.03963 -0.32484 0.62562 -0.70928 e
275.07416 80.47684 0.32517 -0.68691 -0.64994 e
277.29331 32.33530 0.89704 -0.43378 0.08461 e
277.44013 73.22190 0.10155 0.61524 0.78177 e
277.46615 52.24598 0.26465 -0.78388 0.56169 e
277.60496 30.41962 -0.22974 0.86747 0.44126 e
278.20155 52.77736 0.90353 0.17836 -0.38963 e
278.21291 73.76199 0.91026 0.37030 0.18522 e
278.98129 76.32341 0.33073 0.10098 -0.93831 e
279.11304 48.12287 0.21232 -0.93024 -0.29930 e
279.46063 40.27026 0.71846 -0.44423 0.53523 e
280.27769 76.47557 -0.54406 0.44747 -0.70977 e
280.40631 49.80019 -0.85317 0.51597 0.07664 e
281.04963 46.07877 -0.90968 -0.35150 -0.22121 e
281.48175 35.37361 -0.93289 -0.07987 0.35120 e
282.18069 32.67885 0.01438 0.16340 -0.98646 e
283.57259 51.47915 -0.88186 -0.44755 -0.14840 e
283.77872 42.19024 -0.25366 -0.95556 -0.15019 e
284.84927 68.33836 0.60781 -0.41684 -0.67587 e
284.89352 45.64236 0.78810 0.16198 -0.59386 e
286.10638 28.96063 0.80444 -0.36153 -0.47136 e
286.36207 82.42094 0.09278 -0.84511 0.52647 e
286.49051 73.75885 0.20843 -0.97007 0.12462 e
287.54816 37.70322 0.42283 -0.34690 -0.83718 e
288.26773 54.65367 0.64989 0.38283 -0.65657 e
288.43882 75.80801 0.62422 0.69722 0.35248 e
288.60897 44.56640 -0.10969 -0.27807 -0.95428 e
288.83239 36.75758 -0.64364 -0.25870 -0.72028 e
289.09417 15.06011 -0.41336 -0.32051 0.85229 e
289.45597 46.52669 -0.00664 -0.42662 -0.90441 e
289.51344 61.53173 -0.56537 0.82389 -0.03951 e
291.64955 45.94005 0.83940 0.02103 -0.54311 e
292.01064 45.57059 -0.37053 0.90210 -0.22118 e
292.54976 74.89905 -0.92913 0.36281 -0.07128 e
292.65138 42.74292 0.11858 0.57457 -0.80982 e
292.67033 70.78618 -0.83988 -0.25936 -0.47679 e
292.93699 27.69492 0.39689 -0.91543 -0.06687 e
293.78462 59.65196 0.31889 -0.04114 -0.94690 e
294.12906 71.96506 0.27067 -0.72427 -0.63417 e
294.71488 62.61189 -0.46980 -0.83332 0.29131 e
295.20324 62.92092 0.98473 -0.10441 0.13929 e
295.67714 56.42075 0.73128 -0.57981 -0.35923 e
297.02044 15.35288 -0.71105 0.70044 -0.06167 e
298.44240 61.56771 -0.60498 0.79473 -0.04893 e
298.52123 21.67077 0.69121 0.70729 -0.14823 e
298.62240 50.24696 0.27797 -0.63520 -0.72059 e
299.61236 78.45337 -0.34185 0.93360 0.10739 e
300.60343 30.09714 0.86977 -0.16981 -0.46332 e
302.65316 59.46808 -0.84760 -0.13739 -0.51255 e
304.70771 64.95972 0.16630 -0.09898 -0.98110 e
305.19964 69.17359 -0.88118 -0.42925 0.19813 e
306.56843 16.34735 0.92092 0.26169 -0.28882 e
308.09222 37.37130 -0.54382 -0.71188 -0.44439 e
308.17037 76.06418 -0.50012 -0.41237 -0.76146 e
309.36860 73.12356 -0.91534 -0.26926 0.29943 e
310.10092 27.04613 0.85638 -0.51518 -0.03465 e
310.62831 36.52210 -0.77747 0.07173 -0.62482 e
311.06144 34.78951 0.99385 0.03504 -0.10504 e
312.18402 48.92311 0.81347 -0.50559 -0.28747 e
312.62096 73.13008 0.00486 0.61227 -0.79063 e
313.47345 65.06297 0.38464 -0.46408 -0.79792 e
314.01751 80.75782 -0.22320 -0.57914 -0.78408 e
314.82745 40.79814 -0.79173 -0.57713 -0.20021 e
315.11132 44.51234 -0.02291 0.17810 -0.98375 e
315.16751 58.12365 0.13075 0.88067 -0.45534 e
315.34848 14.46674 -0.92197 0.04950 -0.38409 e
315.93685 53.89452 -0.64783 0.42842 -0.62990 e
317.11967 74.06816 0.92493 -0.12255 -0.35983 e
317.34547 74.87553 0.80101 0.59865 -0.00128 e
317.52317 24.50840 0.06389 -0.42111 -0.90475 e
319.32470 41.52250 0.12171 0.97015 0.20974 e
321.70910 81.35778 0.82445 -0.12644 0.55163 e
322.26294 69.22122 -0.92816 0.10213 -0.35789 e
323.52581 31.70783 -0.34641 0.89710 0.27423 e
324.14092 63.97424 0.59066 -0.63558 -0.49716 e
325.13425 24.25750 0.69944 -0.44723 -0.55747 e
325.22796 51.45640 0.62985 -0.03004 -0.77613 e
325.36221 34.75080 -0.40386 0.42384 -0.81071 e
325.47193 24.39951 0.06985 -0.16941 0.98307 e
325.52751 55.32101 0.15676 0.92966 -0.33341 e
325.85823 45.32583 0.29548 0.87687 -0.37919 e
325.97479 66.72458 -0.69063 -0.67790 -0.25194 e
326.69838 33.29686 0.07693 -0.03799 -0.99631 e
326.81333 44.41656 -0.74290 0.65481 -0.13900 e
327.02230 32.25380 -0.62572 -0.40491 0.66672 e
327.15900 57.95472 0.63627 0.71644 -0.28613 e
327.86001 29.19572 -0.62776 -0.48163 -0.61152 e
328.81731 78.34376 -0.07860 -0.78301 -0.61702 e
329.28753 13.09827 -0.97904 0.17243 -0.10841 e
331.12766 65.47650 0.82153 -0.52413 -0.22445 e
331.17380 45.51644 -0.25721 -0.28533 -0.92327 e
331.18404 81.77057 -0.92173 -0.37385 0.10324 e
331.24188 33.05207 0.56673 0.32624 -0.75656 e
331.29944 45.00687 -0.15058 -0.88854 -0.43338 e
331.58902 17.40255 -0.11569 -0.99302 -0.02281 e
332.69913 61.10034 0.20976 -0.00735 -0.97772 e
333.22237 36.82163 -0.81901 0.33274 0.46745 e
333.43753 67.82004 0.39738 0.42754 -0.81197 e
333.63345 35.22915 0.80964 0.40284 -0.42685 e
333.66897 53.19132 -0.42404 0.83889 -0.34126 e
333.70415 40.21106 0.34103 0.93974 -0.02437 e
334.01772 39.64016 0.17939 -0.30857 -0.93413 e
335.01495 56.67679 -0.29655 0.85074 -0.43393 e
338.07186 28.39775 -0.67866 -0.49320 -0.54422 e
339.00510 22.04697 -0.72831 -0.67991 0.08541 e
339.05714 30.61311 -0.01398 0.38341 -0.92347 e
340.79171 68.27143 0.83238 -0.29660 -0.46815 e
341.41911 48.65779 -0.90359 0.36045 -0.23150 e
341.60613 21.92471 0.06663 0.93669 -0.34378 e
341.76703 49.16883 0.95625 0.12251 -0.26567 e
342.00818 46.32342 -0.84224 -0.14284 -0.51984 e
342.20877 46.82619 -0.86231 -0.31490 0.39656 e
343.63786 53.91849 -0.53955 -0.78224 -0.31143 e
343.83295 58.12007 0.00667 -0.74118 -0.67127 e
344.31830 28.19089 -0.46738 0.13141 -0.87424 e
345.16178 48.33660 0.55650 0.73148 -0.39401 e
345.48823 22.30999 0.43197 0.42419 -0.79590 e
346.46856 48.67539 0.33257 -0.45384 0.82670 e
348.23518 13.65793 -0.25598 0.78085 -0.56987 e
348.54844 75.24876 -0.09027 -0.76647 -0.63590 e
348.95287 45.64188 0.36162 0.22216 -0.90547 e
349.63132 32.86603 0.36851 -0.38101 -0.84795 e
349.98835 54.06349 0.06778 0.29163 -0.95413 e
351.18374 60.32665 -0.23399 -0.97077 0.05337 e
351.22736 42.63920 -0.83839 -0.51098 0.18974 e
351.27088 72.85393 0.83695 -0.46300 -0.29179 e
352.83315 43.44919 -0.91669 -0.20254 -0.34446 e
353.66122 23.91290 -0.81727 -0.56542 0.11121 e
354.99775 48.97025 0.71231 0.52720 0.46333 e
356.52911 16.20861 0.15261 0.95730 0.24553 e
356.70152 20.29623 -0.26521 0.01192 -0.96412 e
357.71757 44.95067 0.23652 0.26232 -0.93554 e
358.02941 30.87737 0.77391 0.51010 -0.37533 e
359.78267 23.25270 -0.02974 -0.61253 -0.78989 e
360.15564 63.84314 0.74000 -0.64865 -0.17789 e
360.99123 71.13291 0.09495 -0.99543 0.01044 e
362.63075 46.25798 0.12896 0.45379 -0.88173 e
363.41600 57.92227 0.88185 -0.31014 -0.35518 e
363.76933 43.33945 0.14155 0.32711 -0.93432 e
363.80368 27.09994 -0.04766 0.40746 0.91198 e
364.02133 26.43123 -0.49765 -0.25211 -0.82993 e
365.04925 54.65390 -0.98555 -0.14749 0.08333 e
365.13218 20.86950 -0.21518 -0.97295 -0.08410 e
365.18523 26.89135 0.91972 0.17221 -0.35277 e
365.18574 38.21572 -0.49962 -0.71646 -0.48689 e
367.25578 78.62518 -0.17595 -0.33974 -0.92392 e
367.25870 65.66062 0.10511 0.19671 -0.97481 e
367.55997 48.19345 0.04982 0.96046 -0.27393 e
369.08457 41.95780 -0.74643 -0.64188 0.17560 e
369.23639 49.08679 0.65812 0.61457 0.43494 e
370.76156 67.36684 0.32994 -0.48034 -0.81266 e
372.59723 40.43827 0.91889 -0.30471 -0.25059 e
373.70744 41.14664 0.10182 0.49200 -0.86462 e
374.16413 22.87400 0.81354 0.43523 0.38567 e
376.93082 20.68619 -0.87085 -0.47714 0.11816 e
379.03783 61.19311 -0.96756 -0.24279 -0.06983 e
379.32639 61.06158 -0.07261 -0.38100 -0.92172 e
379.92942 72.26144 0.47518 0.87884 -0.04292 e
381.61215 61.52469 -0.99722 -0.06359 -0.03872 e
383.23636 50.74614 -0.08817 -0.86675 0.49089 e
384.66842 40.42018 0.07402 -0.91567 -0.39505 e
386.89488 39.93374 0.23359 -0.19173 -0.95324 e
387.71605 79.58431 -0.58975 0.75913 0.27553 e
388.80968 23.84198 -0.08045 -0.24436 -0.96634 e
388.94494 34.07948 -0.61425 0.78851 -0.03090 e
392.91289 33.63422 0.58741 -0.45998 -0.66586 e
395.35657 63.22287 0.42395 0.83180 -0.35829 e
395.63336 21.16137 -0.91920 -0.34837 0.18362 e
395.71434 28.69896 -0.09615 -0.10860 -0.98942 e
396.08352 54.03449 -0.13189 -0.97920 -0.15417 e
397.01826 45.41228 -0.37966 -0.76848 0.51508 e
398.89802 33.80873 -0.14678 0.55469 0.81901 e
409.56473 33.64955 0.78280 0.54617 0.29821 e
410.74411 67.82779 0.67963 -0.34800 -0.64575 e
415.27633 14.81630 -0.01586 -0.93795 0.34640 e
415.43483 38.72551 0.71125 -0.69856 -0.07835 e
417.10978 39.37173 0.55142 -0.76625 -0.32984 e
429.52249 29.77858 -0.58305 -0.68191 -0.44165 e
459.23157 16.81649 0.63925 0.69446 -0.33028 e
464.73073 38.60039 0.12788 -0.98899 -0.07446 e
469.67469 48.14737 0.47837 0.86551 0.14851 e
477.49237 15.74422 0.38189 0.14482 0.91279 e
484.07261 38.12814 -0.38196 0.52107 -0.76328 e
494.47153 39.07409 -0.83602 0.54584 -0.05593 e
534.81552 26.59213 0.87477 -0.02651 -0.48380 e
567.24620 21.93224 0.65035 -0.67796 -0.34267 e
614.18401 36.67882 0.22814 -0.88356 0.40900 e
616.87452 21.49587 0.14691 0.65027 0.74537 e
635.80459 30.58539 -0.37903 -0.33877 -0.86115 e
656.10179 22.88298 -0.69076 0.65323 0.31006 e
660.28072 18.39104 0.11970 0.95506 -0.27117 e
678.03371 16.71800 0.79744 0.58635 -0.14240 e
724.60968 25.42449 -0.71253 0.70163 0.00429 e
730.93431 16.61494 -0.57912 0.36143 0.73075 e
739.50753 16.81450 0.53968 -0.65450 0.52950 e
781.80447 12.81874 0.47584 -0.79725 0.37145 e
795.23669 12.04709 0.88488 -0.30422 -0.35276 e
806.47086 47.01950 0.72562 -0.19644 -0.65946 e
812.94715 21.08388 -0.20793 -0.01587 0.97802 e
816.12050 23.46880 0.63503 -0.52171 0.56971 e
819.66867 35.52127 0.27462 0.21270 0.93773 e
823.63990 25.93043 -0.98533 0.05328 0.16215 e
869.81546 23.64733 -0.70073 -0.57319 0.42477 e
877.74398 33.95110 0.41670 -0.58096 -0.69918 e
889.56490 22.01040 -0.50439 0.86317 0.02316 e
896.08400 34.20591 -0.61966 0.73462 -0.27634 e
911.87507 34.30623 0.41561 -0.90184 0.11812 e
935.84644 24.98067 -0.84178 -0.03112 -0.53893 e
953.30246 42.26406 -0.22546 0.79722 0.56001 e
963.87626 25.64118 -0.11125 -0.48345 -0.86827 e
969.86429 33.84991 -0.85166 -0.23523 0.46833 e
1110.37144 12.07534 0.32694 0.67490 -0.66153 e
1112.28062 23.30917 0.88119 -0.43509 0.18494 e
1233.41023 18.13400 -0.97515 0.14885 0.16411 e
1275.13898 44.76189 -0.29532 -0.76038 0.57846 e
1317.68324 30.24076 0.63875 -0.61742 -0.45911 e
1377.70312 77.48532 0.35571 0.33583 -0.87217 e
1666.84874 79.41148 0.19738 0.78022 -0.59355 e
2323.01897 21.06098 -0.34615 -0.40966 -0.84402 e
2914.03048 43.19538 -0.68729 0.21551 -0.69368 e
3262.88439 18.63910 0.70042 -0.70465 -0.11349 e
3308.73523 11.63196 -0.10681 -0.14977 -0.98294 e
3495.66078 17.30561 0.31019 -0.11537 -0.94365 e
3513.87206 23.19807 -0.17633 -0.09158 0.98006 e
4464.60022 23.98168 0.67441 0.72229 -0.15320 e
4512.87690 21.21015 0.96359 0.02160 -0.26651 e
4525.49202 83.17050 -0.79257 -0.37729 -0.47904 e
5585.22121 28.61085 -0.12383 0.18337 -0.97521 e
5868.07655 10.07787 0.83459 -0.50025 0.23066 e
7079.60356 20.71510 -0.67355 -0.66631 0.31992 e
7181.91636 28.56374 0.41619 -0.84429 0.33759 e
7357.60564 17.85498 0.11181 0.89379 -0.43432 e
7972.82431 21.89671 0.54777 -0.43011 -0.71760 e
14142.82212 13.36482 0.22262 0.96780 0.11748 e
14250.29854 11.83991 0.10485 0.55082 0.82801 e
