19.65231 12.23646 0.67824 -0.46398 -0.56983 eb
19.65911 33.91222 0.60295 0.67168 0.43045 eb
20.76852 83.78865 0.79117 -0.47762 -0.38200 eb
21.88235 72.75423 -0.76024 -0.11475 -0.63943 eb
22.37493 85.34803 -0.12414 0.66224 -0.73894 eb
24.26484 34.92146 -0.45271 -0.25449 0.85457 eb
24.28226 79.42735 -0.63318 0.59680 0.49285 eb
25.03547 49.56973 0.32914 -0.81579 -0.47556 eb
25.20390 23.23731 -0.98649 0.15957 -0.03697 eb
25.99955 22.95065 -0.55065 -0.20141 -0.81007 eb
27.09001 36.08549 0.29419 -0.93308 -0.20691 eb
29.71584 62.54356 -0.40322 -0.78411 0.47180 eb
29.93284 27.10351 -0.96430 -0.15356 -0.21576 eb
30.41646 51.62287 0.47307 -0.69620 -0.53991 eb
30.69808 80.01423 -0.00267 -0.60999 -0.79240 eb
30.77930 53.82562 0.83897 -0.18362 0.51227 eb
31.37793 36.82410 0.29012 0.80838 -0.51220 eb
31.89828 37.89327 -0.89727 0.37620 -0.23104 eb
31.94047 56.20160 -0.04896 0.65043 -0.75799 eb
33.03637 13.20752 0.24073 0.45215 0.85884 eb
33.30743 67.70212 -0.65798 0.46273 0.59409 eb
33.40606 53.43994 0.39374 -0.66101 0.63877 eb
33.98449 10.45685 0.20476 0.64624 0.73515 eb
34.42254 26.03454 0.56030 -0.78792 0.25542 eb
35.05638 57.13678 0.80860 -0.27215 -0.52163 eb
35.90205 53.64031 -0.92632 0.35766 -0.11833 eb
36.14104 84.01123 -0.36420 0.92668 0.09290 eb
36.52439 57.81009 -0.26181 0.56220 -0.78446 eb
39.84644 16.83229 -0.44587 -0.87046 -0.20856 eb
40.76833 52.14784 -0.75627 -0.65135 -0.06164 eb
41.74133 87.16699 0.04964 0.86979 -0.49091 eb
41.90542 35.88851 -0.78825 0.58237 -0.19877 eb
42.13768 21.24418 0.87446 -0.32296 -0.36196 eb
42.39432 47.88028 -0.96688 0.16106 -0.19800 eb
42.40025 72.87421 -0.01980 0.44406 -0.89578 eb
43.21314 86.99655 0.02319 0.48762 -0.87275 eb
45.08320 43.12228 -0.92728 -0.09264 -0.36274 eb
45.25352 45.04247 0.03478 -0.44196 -0.89636 eb
45.58693 49.65528 0.83227 0.21305 -0.51180 eb
45.68406 21.38830 0.54672 -0.53421 -0.64477 eb
45.82711 66.04913 0.49064 -0.85559 0.16503 eb
47.16281 85.20086 0.89759 0.23937 -0.37019 eb
47.42540 85.44738 0.76863 0.52213 0.36957 eb
47.47962 82.83648 0.53033 -0.63909 -0.55706 eb
47.59419 53.25499 -0.92292 -0.17201 -0.34444 eb
47.74412 51.43975 -0.68953 0.59577 -0.41183 eb
48.03132 45.16550 -0.07187 0.14200 -0.98725 eb
48.17962 40.93463 0.85675 -0.49641 0.13985 eb
48.32486 42.54935 -0.29984 -0.94655 -0.11889 eb
49.54737 73.57181 -0.90828 0.40408 -0.10838 eb
50.25789 48.12460 -0.25553 -0.58081 -0.77290 eb
50.39002 71.09257 0.45977 0.81532 0.35195 eb
52.81345 19.76211 -0.81833 0.56625 0.09843 eb
53.13696 51.00351 -0.20230 0.95547 0.21484 eb
53.25513 56.06724 -0.58461 -0.81123 0.01143 eb
54.01454 63.25373 -0.47606 0.84701 -0.23652 eb
54.28908 35.71435 -0.37734 -0.02900 0.92562 eb
56.73990 65.85004 0.71584 0.63120 -0.29861 eb
56.88224 46.99575 0.25394 0.63416 -0.73031 eb
57.17123 11.82258 0.75267 -0.64879 0.11204 eb
58.08880 15.44482 -0.56053 -0.81674 -0.13693 eb
59.32409 23.13914 0.95280 0.23705 -0.18968 eb
60.64953 52.69626 0.87488 0.48391 -0.02039 eb
60.68984 22.68770 0.02572 0.98154 0.18953 eb
60.85335 21.43170 -0.26441 0.15304 -0.95219 eb
60.88927 41.82592 -0.67040 0.67776 -0.30201 eb
60.92879 59.80228 0.91752 0.28532 -0.27703 eb
61.57480 24.16226 0.64556 0.32317 -0.69196 eb
62.37319 29.31234 -0.18683 -0.38742 -0.90277 eb
62.99303 30.66155 -0.88751 0.00514 -0.46075 eb
64.49379 84.54694 -0.34195 0.62271 -0.70377 eb
64.68276 14.76982 0.70385 0.10759 -0.70215 eb
65.64085 58.07151 0.75095 0.12475 -0.64847 eb
65.87915 57.16056 -0.79376 -0.59778 -0.11224 eb
66.58590 54.99379 -0.94256 0.23046 -0.24180 eb
67.28267 58.97391 0.15808 -0.94706 -0.27944 eb
67.49090 70.19705 0.65862 -0.56876 -0.49268 eb
67.67395 81.68736 0.38841 -0.63583 -0.66697 eb
67.97605 59.03435 0.77712 -0.02136 -0.62899 eb
68.62248 45.40006 0.67567 -0.65468 0.33893 eb
69.13356 58.81057 0.12015 0.92647 -0.35668 eb
69.50632 86.44361 0.04252 -0.37573 -0.92575 eb
69.65948 26.74712 0.81719 -0.46869 -0.33546 eb
70.00854 68.76872 0.25858 -0.94876 0.18165 eb
70.43829 65.21492 -0.79757 0.41414 -0.43859 eb
71.65901 32.57504 0.98106 -0.19337 -0.01140 eb
71.86889 79.08385 0.07449 0.98682 0.14366 eb
71.96570 30.36750 0.84193 -0.49826 -0.20708 eb
72.00955 71.38017 -0.38207 -0.25704 -0.88766 eb
72.03217 31.58345 0.72984 0.56765 0.38092 eb
72.05811 58.44407 -0.42634 -0.87491 -0.22971 eb
72.70773 34.03944 0.95125 0.30362 -0.05412 eb
72.90885 57.72452 0.02703 -0.20704 -0.97796 eb
74.62351 85.90555 0.68338 -0.71079 0.16662 eb
74.99101 51.08531 0.80915 0.27067 -0.52155 eb
75.50565 46.69569 -0.89773 -0.10078 0.42886 eb
76.60761 13.41521 0.24268 -0.96668 -0.08152 eb
76.67035 39.90470 -0.79425 0.60282 0.07596 eb
76.86088 48.40136 -0.75965 0.16983 -0.62776 eb
77.60363 36.27700 0.25155 -0.94284 -0.21859 eb
77.62760 55.12997 0.91457 -0.29719 -0.27431 eb
77.65756 27.46288 0.32960 -0.81127 -0.48291 eb
80.30270 43.35892 0.17450 -0.06931 -0.98221 eb
80.78454 78.92819 -0.52303 -0.30823 -0.79463 eb
81.67209 24.67528 -0.09088 -0.89924 0.42791 eb
82.32551 14.21078 0.72586 0.68698 0.03447 eb
85.75070 39.49165 -0.47979 0.75478 -0.44732 eb
86.77498 44.96496 -0.02829 -0.20042 -0.97930 eb
87.41139 20.70399 -0.45630 0.36325 0.81230 eb
87.67862 28.02361 -0.90970 -0.28058 -0.30614 eb
88.12618 77.51807 -0.67268 -0.11611 -0.73077 eb
88.21131 53.82079 0.73671 0.25139 -0.62775 eb
92.23249 75.22120 -0.53248 0.51525 -0.67155 eb
92.46464 26.16441 -0.03099 0.93703 0.34787 eb
94.79281 86.89280 -0.95115 0.24991 0.18129 eb
94.89585 25.74752 0.96304 0.14144 -0.22923 eb
96.19902 48.67531 0.75754 0.18284 0.62666 eb
97.38895 57.68279 -0.57055 0.68117 -0.45879 eb
98.60292 50.27622 0.81517 0.51961 -0.25594 eb
98.71119 38.93360 0.89959 0.37531 -0.22334 eb
98.72977 83.40339 0.83951 -0.39210 -0.37613 eb
101.52357 29.27450 -0.83325 0.03157 -0.55200 eb
102.17641 38.08289 -0.33293 0.93396 -0.12990 eb
103.99791 73.86891 0.94861 0.00022 -0.31645 eb
104.50847 47.47107 0.83724 0.06604 -0.54283 eb
106.11947 32.46380 -0.33841 0.89143 -0.30140 eb
106.57663 35.68247 -0.81048 0.13780 -0.56933 eb
106.97919 51.36964 -0.43473 -0.63406 -0.63952 eb
107.05405 71.24996 0.94208 0.16328 0.29297 eb
107.09197 50.08189 0.04076 0.64441 0.76359 eb
107.86870 53.33480 -0.94315 0.32760 -0.05604 eb
108.81804 33.22671 -0.62916 -0.27082 -0.72857 eb
108.97934 47.36531 0.92372 -0.37413 -0.08230 eb
110.17757 54.65547 0.40074 0.29525 -0.86731 eb
110.58594 41.06147 -0.96018 -0.04936 0.27500 eb
110.63844 54.98224 -0.56580 0.66062 0.49342 eb
111.87196 18.85458 -0.28657 -0.85643 0.42944 eb
112.17530 55.55473 -0.46747 0.79563 0.38529 eb
113.49996 56.27577 0.72214 -0.20258 0.66142 eb
113.87068 30.01095 -0.45717 0.70645 -0.54030 eb
114.85342 21.59397 0.59630 0.25304 -0.76184 eb
116.19426 16.15270 -0.19173 -0.82745 -0.52779 eb
116.24763 46.03901 -0.03288 -0.92859 -0.36965 eb
116.54629 30.15734 -0.75625 0.05095 -0.65230 eb
117.20442 53.18641 -0.76243 0.14250 0.63118 eb
117.22106 26.53669 -0.19686 -0.90758 -0.37087 eb
118.98028 77.85787 -0.24454 0.82143 0.51523 eb
119.30248 64.19619 -0.52959 -0.18947 0.82682 eb
121.67753 18.56411 0.53055 -0.30452 -0.79106 eb
122.01751 87.28615 0.08009 -0.99582 -0.04380 eb
122.24004 19.47695 0.57073 -0.25280 -0.78125 eb
122.64410 84.88291 -0.59418 -0.49850 0.63123 eb
123.92816 50.03121 0.83052 -0.55577 0.03677 eb
125.30355 54.50318 -0.03784 0.40227 -0.91474 eb
127.18583 16.40769 -0.38418 0.70334 -0.59810 eb
127.25654 70.18176 -0.36766 0.71485 -0.59482 eb
127.56201 72.37436 -0.83664 0.45123 0.31052 eb
127.65956 29.37880 -0.02639 -0.47886 -0.87750 eb
127.79677 13.53070 -0.58262 0.41949 0.69612 eb
128.02335 49.88703 -0.35003 0.92220 0.16441 eb
128.14543 25.46579 0.18163 -0.69468 -0.69602 eb
128.52381 21.46714 -0.64698 -0.07369 -0.75894 eb
129.07370 40.97475 -0.76755 0.38214 -0.51462 eb
129.62256 34.89542 0.73170 0.65451 -0.19033 eb
129.72333 86.86387 -0.57354 -0.81549 -0.07767 eb
132.78163 40.62025 0.82327 0.07187 -0.56308 eb
133.63962 38.93445 -0.41575 -0.19922 -0.88739 eb
133.98710 24.84889 0.21426 0.80664 0.55084 eb
135.47002 49.13167 0.12201 -0.70154 0.70211 eb
136.68998 84.89291 0.11468 -0.58870 -0.80018 eb
137.29122 41.44534 0.34846 0.88701 -0.30296 eb
137.70261 66.93081 0.58569 -0.73412 -0.34356 eb
138.04328 21.46105 0.27426 0.13844 -0.95164 eb
138.20909 57.62822 0.29901 -0.84735 -0.43886 eb
139.68586 67.45039 -0.04113 -0.22748 -0.97291 eb
140.16897 61.00071 0.66120 -0.58326 0.47184 eb
141.05775 37.43974 0.58806 -0.72626 -0.35600 eb
141.45683 75.01723 -0.90887 -0.04809 0.41430 eb
142.67214 38.53692 0.68608 -0.70126 0.19373 eb
143.34943 27.22964 -0.87485 0.08456 0.47696 eb
143.87489 33.13274 0.77231 -0.39737 -0.49561 eb
144.23860 50.99766 0.25881 -0.61528 -0.74461 eb
144.74950 20.58561 -0.24189 0.25913 0.93506 eb
145.03319 73.51694 -0.83095 0.11615 -0.54408 eb
146.37711 44.23858 0.51213 0.69678 0.50222 eb
146.75226 83.24685 -0.10483 0.72042 -0.68557 eb
147.15041 44.40718 0.69694 -0.31589 -0.64381 eb
147.19948 46.50995 -0.82395 0.34928 -0.44621 eb
147.20323 78.48463 0.26824 0.90930 -0.31817 eb
147.81656 26.46789 -0.75212 0.17963 -0.63407 eb
148.19361 52.91030 -0.08086 -0.99625 -0.03092 eb
148.31629 32.60861 -0.77448 0.43755 -0.45687 eb
148.42162 38.59220 -0.41519 0.90675 0.07363 eb
149.20770 15.70079 -0.66617 -0.73269 -0.13925 eb
149.33019 24.16474 -0.67706 -0.13061 -0.72425 eb
149.44997 39.91690 0.88742 -0.42064 0.18857 eb
151.23896 62.90700 -0.37317 -0.92121 -0.11006 eb
152.70837 35.79024 -0.50368 -0.21085 -0.83777 eb
152.89832 49.80089 -0.93843 0.26521 -0.22141 eb
153.11793 9.71047 -0.17394 0.51863 0.83712 eb
153.27907 37.95004 0.03945 0.79979 -0.59898 eb
153.86582 66.37706 0.06443 -0.97188 -0.22648 eb
153.96317 30.83028 0.54870 -0.47077 -0.69087 eb
154.48727 14.29923 0.06052 -0.96018 -0.27274 eb
155.22615 51.48914 -0.42273 -0.71385 -0.55832 eb
155.42810 29.01748 -0.97388 0.19845 -0.11033 eb
156.00233 40.10432 -0.25750 -0.29180 -0.92117 eb
156.05647 22.67348 0.98242 0.18333 0.03516 eb
156.79793 24.97103 -0.57852 0.47460 -0.66338 eb
157.73075 34.88992 0.46185 -0.86199 0.20897 eb
158.38071 51.99724 0.98503 0.02241 0.17091 eb
158.68801 19.77115 -0.88897 0.41115 0.20171 eb
158.81789 17.01190 0.14462 -0.97105 -0.19012 eb
160.04730 41.89236 -0.27205 0.62937 -0.72793 eb
161.18017 21.93008 0.90319 0.37364 0.21127 eb
161.63262 32.05339 -0.09189 -0.99477 0.04469 eb
162.82768 40.71258 0.91486 -0.38578 0.11917 eb
163.62931 39.16686 -0.57930 0.25232 -0.77508 eb
164.00723 29.01931 0.86074 -0.02184 -0.50857 eb
164.15259 21.80534 -0.56994 -0.81524 0.10269 eb
164.32683 46.00192 0.88703 0.45817 0.05701 eb
165.30626 32.00469 -0.51206 0.83909 0.18363 eb
165.66431 86.27465 0.71127 -0.38219 -0.58994 eb
165.69405 44.28070 -0.60373 0.69281 0.39437 eb
165.93174 23.59418 0.67647 0.12149 0.72638 eb
166.08290 52.55461 0.02872 0.00204 -0.99959 eb
166.49504 48.52899 0.50768 0.03468 -0.86085 eb
167.22009 41.90102 0.00682 0.89458 0.44686 eb
167.42489 63.05791 -0.78881 0.59004 0.17214 eb
167.47596 33.91222 -0.79124 0.60320 -0.10049 eb
168.35692 35.44826 -0.95072 -0.30008 0.07802 eb
168.40506 66.67540 -0.53089 0.53779 -0.65493 eb
168.85109 25.66005 0.05717 0.84760 0.52755 eb
169.01048 36.30529 0.86971 0.36402 -0.33331 eb
169.31336 23.93813 0.40413 0.26078 -0.87674 eb
169.60292 37.28417 0.26847 0.23810 -0.93340 eb
170.09174 62.56489 -0.33340 0.40251 -0.85254 eb
171.39256 21.94449 0.08024 0.05471 -0.99527 eb
173.15825 50.20974 -0.97157 0.16190 0.17272 eb
173.67781 21.11573 -0.26941 0.73131 -0.62658 eb
173.83780 59.28132 -0.85846 0.32076 -0.40019 eb
175.45298 7.54405 -0.80156 -0.55837 -0.21384 eb
175.90390 23.71073 0.69154 -0.35479 -0.62920 eb
176.48578 27.96276 -0.73267 -0.66537 0.14313 eb
176.59131 56.31211 -0.30401 -0.29199 -0.90682 eb
178.10955 31.02940 0.92634 0.21250 0.31104 eb
178.46147 36.83277 -0.92746 0.30568 -0.21536 eb
178.71327 63.86162 -0.24963 0.19100 -0.94932 eb
178.74143 55.35960 0.66656 0.72412 0.17704 eb
180.60002 51.08020 0.29044 -0.89812 0.33019 eb
181.73136 35.09185 0.29185 0.88537 -0.36187 eb
181.74326 20.95692 -0.15942 -0.94382 0.28945 eb
182.71096 49.23465 0.37093 0.43456 -0.82071 eb
182.79991 51.84357 0.86030 -0.19085 0.47272 eb
182.86774 47.25842 0.79038 0.24281 -0.56245 eb
183.12157 35.90934 0.07148 0.98631 -0.14860 eb
183.39731 28.79543 -0.59832 0.54332 -0.58891 eb
184.02891 28.67636 0.48535 0.14543 -0.86214 eb
184.60730 12.52328 0.55563 0.81009 0.18717 eb
184.87364 69.10552 -0.02913 -0.72529 -0.68782 eb
185.19914 66.82148 0.68387 0.37140 -0.62800 eb
185.30581 25.25881 -0.52230 -0.54983 -0.65184 eb
186.21585 41.49364 -0.16410 0.97906 -0.12051 eb
187.03597 58.88187 0.81691 0.46889 -0.33585 eb
188.28357 21.84659 -0.64091 0.24462 -0.72759 eb
189.25350 37.94986 0.41109 -0.50024 0.76208 eb
190.09098 16.38398 -0.89211 -0.43275 -0.12991 eb
191.66869 41.76040 -0.78684 0.42629 -0.44627 eb
193.10593 22.17159 0.01401 0.98854 -0.15029 eb
194.09663 77.68896 0.80535 0.24802 -0.53842 eb
195.49635 52.19626 0.11070 0.90216 -0.41696 eb
196.08933 82.72829 -0.34921 -0.92336 -0.15954 eb
197.01442 83.77955 -0.43950 -0.03759 -0.89746 eb
197.71387 14.55772 0.07426 -0.99259 0.09621 eb
197.93110 78.21364 0.61631 0.18109 -0.76640 eb
198.61834 53.19791 -0.10024 0.99246 -0.07060 eb
198.62979 30.13792 -0.50527 -0.45403 -0.73387 eb
199.42033 24.21379 0.48076 0.54059 -0.69039 eb
199.94298 62.98559 0.34164 -0.73581 0.58470 eb
200.99358 43.66084 -0.68535 -0.65744 0.31317 eb
201.64196 38.49578 -0.00711 0.91056 -0.41331 eb
202.41480 28.92992 0.99549 0.08062 0.04999 eb
202.59161 23.24590 0.60347 -0.03013 0.79682 eb
202.62773 27.78522 0.14380 0.42027 -0.89593 eb
204.93090 32.21474 0.07175 -0.30969 -0.94813 eb
205.16957 24.52009 -0.01612 0.76480 0.64406 eb
205.32864 27.18897 -0.50146 -0.76952 -0.39545 eb
205.38584 23.21698 0.94697 0.06171 0.31534 eb
205.75478 52.59401 -0.75344 0.64660 0.11931 eb
207.94586 12.52688 0.05728 0.98098 -0.18546 eb
208.15736 23.55986 -0.80021 0.45073 -0.39561 eb
210.03746 23.85340 -0.55024 0.06993 -0.83207 eb
211.47800 24.69650 -0.52771 -0.20181 -0.82510 eb
212.65863 55.89576 0.27223 -0.60311 -0.74976 eb
212.95399 53.85772 -0.99894 -0.02282 0.04002 eb
213.12160 52.84580 0.25881 -0.87963 -0.39909 eb
213.43083 64.07707 0.29686 -0.16525 -0.94051 eb
213.88798 55.95938 0.88307 0.30001 -0.36081 eb
214.24084 52.24893 0.65934 0.66518 0.35044 eb
214.34655 42.97650 -0.51447 0.29431 -0.80542 eb
215.39981 35.66748 -0.27619 0.89843 0.34137 eb
216.01847 30.80130 0.78842 0.61223 -0.05971 eb
216.27456 40.25841 0.82272 0.41336 -0.39022 eb
216.77154 60.06747 -0.01211 0.79792 -0.60264 eb
216.99941 39.87497 0.54403 0.81553 -0.19732 eb
218.22149 30.03507 0.02368 -0.73624 0.67631 eb
218.31867 31.50670 0.09537 0.98989 -0.10502 eb
219.16599 11.72150 -0.34118 -0.89203 -0.29643 eb
219.19158 42.27695 0.62483 -0.14897 0.76642 eb
220.56216 33.73516 -0.70645 -0.15763 -0.68999 eb
220.63301 32.72756 -0.74899 0.59134 -0.29889 eb
220.79439 10.56825 0.85137 -0.28260 -0.44194 eb
220.89806 28.22259 0.87817 -0.40213 -0.25904 eb
221.70481 28.57248 -0.40000 -0.84712 -0.34984 eb
221.96553 34.39950 0.68374 -0.49231 0.53864 eb
224.87549 66.01675 0.83047 -0.32466 -0.45268 eb
225.02498 70.16200 -0.66501 0.56428 -0.48924 eb
225.56112 33.69893 -0.14349 -0.98123 0.12887 eb
226.73136 54.91219 0.25867 0.76818 -0.58565 eb
227.61635 42.53168 -0.39434 0.40010 -0.82729 eb
228.04182 51.21123 -0.78184 0.55093 0.29190 eb
228.14382 18.24583 0.26574 0.96402 -0.00652 eb
230.63161 26.12557 -0.08864 0.99435 -0.05834 eb
230.77875 30.23814 -0.93703 0.34212 0.07018 eb
231.76049 65.42275 -0.48696 0.78497 0.38302 eb
233.18349 67.95830 -0.35812 0.23952 -0.90243 eb
233.87544 29.58556 0.50432 0.16893 -0.84683 eb
234.72039 34.75817 0.08975 -0.45815 0.88433 eb
234.84736 36.32684 0.18708 -0.25063 -0.94983 eb
235.24454 41.78556 -0.77775 -0.35351 -0.51974 eb
235.54378 60.40252 0.91752 -0.38263 -0.10845 eb
236.06063 65.33041 0.37320 0.90093 -0.22145 eb
236.52135 59.61734 -0.22718 0.50296 -0.83392 eb
236.65308 28.62558 0.58681 -0.46897 0.66009 eb
236.79418 21.71149 -0.09900 -0.92626 0.36366 eb
238.42664 37.71229 -0.35383 -0.11835 -0.92779 eb
239.48474 54.95039 0.01605 -0.22352 -0.97457 eb
239.63697 76.53701 -0.07772 -0.61460 -0.78500 eb
240.08805 83.90591 0.80383 -0.26780 -0.53117 eb
240.27867 20.79768 -0.04425 0.42842 -0.90249 eb
240.31022 43.58559 -0.17029 0.32020 -0.93192 eb
241.21689 57.27043 -0.30566 -0.38151 -0.87237 eb
241.40331 72.61780 -0.27549 -0.31803 -0.90717 eb
241.79359 49.16152 0.87725 0.31147 0.36528 eb
242.01960 37.85356 0.70329 0.33920 -0.62476 eb
242.11611 78.01343 0.43303 0.82179 -0.37033 eb
242.37175 50.97462 -0.02323 -0.92971 0.36755 eb
242.44233 30.72884 -0.10937 0.04193 -0.99312 eb
242.69204 73.62941 0.08337 0.46164 -0.88314 eb
242.74373 85.21560 0.22496 -0.85197 0.47280 eb
242.91054 38.81033 0.76241 0.27369 0.58636 eb
245.13699 17.25469 -0.60791 0.30882 -0.73149 eb
245.27139 31.21817 0.63982 -0.72178 -0.26394 eb
245.47408 24.64271 -0.68713 -0.67297 -0.27379 eb
245.51761 36.48540 0.23203 0.91175 -0.33894 eb
245.61000 40.30252 -0.71073 0.31982 -0.62655 eb
245.65928 36.54430 0.89675 -0.38415 -0.21970 eb
246.18056 41.31864 -0.28840 0.42544 0.85780 eb
247.16435 38.16850 0.76120 0.26180 -0.59333 eb
247.46957 7.15788 0.66948 -0.45114 -0.59014 eb
247.48283 66.43450 0.42864 0.22702 -0.87449 eb
247.62298 46.99577 -0.66368 0.56401 0.49136 eb
248.00510 76.58485 -0.06185 -0.57677 -0.81456 eb
248.60335 25.10983 -0.35645 -0.39519 -0.84662 eb
249.02650 26.03437 0.68560 0.62307 0.37648 eb
249.88291 19.47113 0.14717 -0.98060 0.12946 eb
251.37428 30.62315 -0.25239 -0.86230 -0.43903 eb
252.34059 26.09883 -0.35790 -0.90307 0.23742 eb
252.73754 31.02189 -0.88823 0.43952 0.13365 eb
253.26491 57.43997 0.70315 0.03184 -0.71033 eb
253.51186 34.54456 -0.29382 0.12878 0.94714 eb
253.70020 59.54811 0.53175 0.38040 -0.75666 eb
253.88798 82.47673 -0.59553 0.80253 0.03596 eb
254.40083 50.03084 0.89720 -0.15791 -0.41242 eb
255.79802 53.00417 0.42264 -0.85917 0.28845 eb
256.13058 58.89080 0.52679 -0.67331 0.51879 eb
256.86720 21.91220 -0.25901 -0.95361 0.15346 eb
257.47291 45.39503 -0.61065 0.38178 -0.69379 eb
258.12963 29.39232 -0.93531 -0.35372 -0.00889 eb
258.35547 47.81196 -0.26574 0.67647 -0.68685 eb
259.22468 56.93890 -0.85052 0.20956 -0.48239 eb
260.06163 53.17642 -0.26944 0.13988 -0.95280 eb
263.71545 21.35174 -0.87665 0.48094 -0.01363 eb
263.99690 75.52209 0.31585 -0.10867 -0.94257 eb
264.16250 59.68433 -0.43506 -0.86320 -0.25614 eb
264.84445 26.26447 -0.06840 0.76773 -0.63711 eb
265.36549 30.65594 0.63764 -0.24516 -0.73028 eb
265.71095 22.18424 -0.02108 -0.63652 -0.77097 eb
267.17066 40.43183 0.28934 -0.32859 -0.89906 eb
267.18674 32.95228 0.53112 -0.63214 -0.56419 eb
268.02572 29.01144 -0.67328 0.61517 -0.41019 eb
269.56628 41.10593 0.87509 -0.38317 0.29563 eb
269.62258 44.06787 0.14314 0.83912 -0.52478 eb
270.12482 30.22893 -0.99023 0.10820 0.08801 eb
270.15125 26.42618 0.85016 -0.00291 0.52652 eb
270.68494 32.86246 0.84239 -0.46666 -0.26948 eb
270.91619 37.22171 -0.15029 -0.69169 -0.70639 eb
271.51539 17.97859 -0.11197 -0.59285 -0.79749 eb
272.01057 58.32866 0.57629 -0.22204 0.78650 eb
272.23747 53.84325 0.26751 -0.33991 -0.90161 eb
272.66584 22.09678 -0.06177 -0.83937 -0.54004 eb
273.99016 34.09165 -0.39438 0.72332 -0.56681 eb
274.32295 67.94518 0.44191 -0.38085 -0.81220 eb
274.34214 44.46511 0.86632 0.42014 -0.27013 eb
275.39174 53.28534 0.13805 -0.17666 -0.97454 eb
275.78139 16.66661 -0.11454 0.40240 -0.90827 eb
276.17486 40.12631 -0.91521 0.12732 0.38234 eb
276.60691 86.93243 -0.42329 0.86498 0.26950 eb
276.67889 20.73500 -0.17675 -0.91719 0.35710 eb
276.95889 37.41257 0.39598 0.91634 0.05936 eb
277.15934 58.33949 -0.25682 0.10394 -0.96085 eb
277.21554 31.90569 0.02042 -0.77186 -0.63547 eb
278.28880 15.66251 0.21244 0.68756 -0.69436 eb
279.01288 49.38056 0.12337 0.38883 -0.91301 eb
279.83588 29.55536 0.94557 0.06901 -0.31801 eb
279.83919 10.81594 -0.46416 0.88027 0.09840 eb
280.68275 39.61022 0.95975 0.24034 0.14532 eb
280.87498 53.69859 0.29397 -0.56755 0.76907 eb
281.17359 19.45863 -0.56561 0.69655 -0.44148 eb
281.45062 35.20973 -0.63921 -0.55306 -0.53436 eb
281.47289 87.12601 0.30897 -0.60777 -0.73155 eb
281.91143 29.27888 0.23763 -0.76042 -0.60439 eb
281.94921 32.62298 0.64888 -0.03624 0.76003 eb
282.12278 44.11996 0.15140 -0.66144 -0.73456 eb
282.41408 55.79930 0.70212 0.16797 -0.69196 eb
282.65177 38.72069 0.13126 -0.66143 -0.73843 eb
285.00249 53.94431 -0.88309 0.09342 0.45981 eb
285.32544 45.91649 0.67199 -0.38963 -0.62978 eb
285.55610 19.72063 0.63123 0.27273 -0.72606 eb
286.01956 34.92064 -0.72641 -0.67685 0.11918 eb
286.67150 27.28880 0.47064 0.81908 0.32802 eb
286.74760 55.39765 -0.00285 0.17442 -0.98467 eb
287.60340 32.12201 -0.93784 -0.02270 -0.34633 eb
287.61576 35.87637 0.87770 -0.31857 -0.35800 eb
287.69733 72.76446 0.80934 0.56879 -0.14642 eb
288.59685 29.70511 0.43384 0.68259 -0.58810 eb
288.78756 51.39385 0.60575 -0.79532 -0.02283 eb
288.93933 32.09397 0.75629 -0.60229 0.25548 eb
289.68636 28.39621 -0.86390 -0.37659 0.33445 eb
290.04126 15.21257 0.35334 -0.53264 -0.76906 eb
290.65682 37.59796 0.28770 -0.95124 -0.11123 eb
291.66564 25.05849 -0.76472 -0.37974 0.52058 eb
291.77522 30.81775 -0.17670 0.97188 -0.15566 eb
291.78049 36.67682 -0.39100 -0.67195 -0.62897 eb
292.55728 26.68960 0.75934 -0.46722 -0.45288 eb
292.91664 37.34594 0.86914 0.16805 -0.46514 eb
293.45733 53.97376 0.84398 -0.02268 -0.53589 eb
293.54936 34.25723 0.63151 -0.77535 0.00469 eb
293.65957 33.12359 0.04499 0.97772 0.20504 eb
293.84514 36.76691 -0.89090 0.27067 0.36473 eb
294.33215 69.16076 0.69244 0.27378 0.66751 eb
294.44316 59.39797 -0.63317 0.74860 -0.19672 eb
294.47436 32.68416 0.32594 0.91469 0.23897 eb
295.18923 15.66302 -0.05915 0.00512 -0.99824 eb
295.86910 19.77464 0.37355 0.44391 -0.81450 eb
295.96681 26.06347 0.02524 0.10401 -0.99426 eb
296.32591 32.25454 0.34372 -0.87721 0.33520 eb
296.41154 41.88168 0.72406 -0.66075 -0.19785 eb
297.66251 51.45272 -0.62914 0.77722 0.01037 eb
297.87672 22.51486 -0.49484 0.02209 -0.86870 eb
298.60334 20.68043 -0.75170 -0.36011 -0.55252 eb
298.91929 30.55476 -0.57173 -0.06150 -0.81813 eb
299.78503 71.06992 -0.85323 0.06912 -0.51693 eb
300.14502 36.60492 0.44908 0.70456 0.54947 eb
300.53091 47.70353 0.28292 -0.93951 -0.19305 eb
300.81356 38.99513 0.98166 0.02655 -0.18878 eb
302.67854 83.79115 0.84137 0.46172 -0.28091 eb
303.47383 86.11942 -0.51898 0.21198 -0.82809 eb
303.65387 38.37300 0.67999 0.00518 0.73320 eb
304.13463 22.73721 -0.40372 0.73666 -0.54254 eb
304.34707 85.99374 -0.83404 -0.29793 -0.46434 eb
304.55393 13.63540 -0.33213 -0.59364 0.73300 eb
305.24582 41.53491 0.82356 0.18554 -0.53603 eb
305.45602 24.63207 0.63434 0.70454 0.31817 eb
305.86227 37.86393 -0.59910 0.36616 -0.71204 eb
306.52707 58.63111 -0.92116 0.06936 0.38296 eb
307.10034 39.68348 -0.40246 0.90998 -0.09984 eb
307.14270 47.67062 -0.06548 -0.55807 -0.82720 eb
307.19763 69.00941 -0.63569 0.48228 -0.60275 eb
307.29494 45.78775 -0.29112 -0.87718 0.38185 eb
307.33569 81.60587 0.96284 -0.23811 -0.12745 eb
307.70218 37.33169 0.37413 -0.85853 0.35065 eb
307.77095 17.01940 -0.73057 -0.25624 -0.63294 eb
308.54631 14.97276 -0.26231 0.64182 0.72060 eb
308.73663 64.52314 0.43013 -0.47865 -0.76543 eb
308.99082 23.26620 0.29708 -0.95444 0.02797 eb
309.48882 84.58678 -0.06025 -0.40329 -0.91309 eb
309.78175 20.19121 0.10180 -0.57399 -0.81251 eb
310.09368 42.50437 -0.51103 0.77970 -0.36182 eb
310.18497 25.89934 0.55953 -0.82135 -0.11095 eb
310.22297 16.03008 -0.91045 0.22279 -0.34848 eb
310.47460 20.74248 -0.70535 -0.23658 -0.66822 eb
310.86138 59.69390 -0.37509 -0.83225 -0.40826 eb
311.29350 46.54444 0.46411 -0.74600 -0.47759 eb
311.70544 30.21403 0.38953 0.87782 -0.27875 eb
312.19572 55.81463 0.97516 0.22108 -0.01341 eb
312.59529 39.61367 -0.06038 -0.63222 -0.77243 eb
312.59693 81.89059 0.41111 0.58242 -0.70126 eb
312.78211 52.57814 0.00543 -0.02550 -0.99966 eb
313.50380 62.32674 -0.72843 0.67701 0.10510 eb
314.02880 55.28365 -0.67490 0.72092 0.15743 eb
314.15473 33.44509 -0.77464 -0.28067 -0.56671 eb
314.20452 19.65481 -0.36363 -0.06088 -0.92955 eb
314.25198 19.67317 0.01505 0.15103 -0.98842 eb
315.37890 34.33440 -0.39682 0.90963 0.12296 eb
315.63701 42.72418 0.77398 0.39084 -0.49820 eb
316.10557 59.90279 -0.99531 0.06973 -0.06705 eb
316.21176 15.92193 0.54223 0.10826 0.83323 eb
316.22118 50.07736 0.84797 -0.50542 0.15968 eb
316.51393 85.98952 0.16952 0.11140 -0.97921 eb
317.22516 43.16127 -0.92207 0.04478 -0.38442 eb
317.33580 64.44656 -0.06977 -0.80529 -0.58876 eb
318.76559 14.66260 0.71061 0.38962 -0.58586 eb
319.79627 27.63836 0.68535 -0.03317 -0.72746 eb
320.55769 58.74164 -0.87755 -0.39476 -0.27215 eb
320.89885 82.21073 0.90204 0.23885 0.35956 eb
321.74087 41.27781 -0.68309 -0.69842 -0.21354 eb
321.91196 37.60646 -0.04024 0.09944 -0.99423 eb
322.59979 56.41478 0.37765 -0.19783 -0.90457 eb
323.15341 36.51839 0.90808 -0.33335 0.25351 eb
325.18188 39.03383 -0.00338 0.99999 -0.00236 eb
326.28287 73.52547 -0.93411 0.32116 -0.15585 eb
326.85713 14.86040 0.22249 -0.08664 -0.97108 eb
327.07370 51.11598 0.08223 -0.43894 -0.89475 eb
328.01122 80.71330 0.07125 0.94375 0.32289 eb
328.13841 32.01844 0.02746 -0.91324 0.40650 eb
328.22939 37.04873 0.02504 0.56984 -0.82137 eb
328.23678 81.20636 0.53598 0.43534 -0.72332 eb
328.70278 30.83313 0.74324 0.66113 -0.10247 eb
328.79614 37.93049 0.88596 -0.17109 0.43104 eb
330.51426 28.30145 -0.40779 0.64484 -0.64645 eb
330.52205 24.09456 -0.76079 0.47257 -0.44483 eb
330.68845 30.92347 0.24126 0.04125 -0.96958 eb
331.60599 37.87916 0.35048 -0.14463 0.92534 eb
333.98286 34.61143 0.91313 0.40533 -0.04367 eb
335.35030 19.76901 0.48544 -0.24931 0.83797 eb
335.58128 42.35225 -0.99932 -0.02682 -0.02535 eb
336.44010 34.57866 0.54334 0.74734 -0.38243 eb
336.44089 14.00770 0.36734 -0.48831 0.79159 eb
337.18822 64.22641 -0.61324 0.76982 0.17694 eb
338.52595 43.77977 -0.61775 0.33815 -0.70996 eb
338.81817 43.20849 -0.66756 0.67908 -0.30532 eb
339.62938 52.17193 0.64404 -0.28795 -0.70873 eb
339.90776 25.09234 -0.02760 0.29603 -0.95478 eb
340.90064 44.31219 -0.59765 0.06611 0.79903 eb
340.96335 71.86001 -0.45893 -0.00318 -0.88847 eb
341.12450 23.24778 0.76912 0.41622 0.48498 eb
341.55538 85.96324 -0.40866 0.27076 -0.87160 eb
341.61467 44.54780 -0.41945 0.87497 -0.24183 eb
342.34870 8.98326 -0.74745 -0.05908 -0.66169 eb
342.67582 24.68196 0.00326 -0.98595 0.16699 eb
342.96232 72.14495 0.18925 0.79119 -0.58155 eb
343.31035 24.03710 -0.32304 -0.14415 -0.93534 eb
343.55213 53.78471 -0.66294 -0.57564 -0.47871 eb
343.93434 24.20132 0.05159 0.81784 -0.57312 eb
343.94389 43.11383 -0.92415 -0.15386 -0.34967 eb
345.08501 39.92278 0.01392 -0.59960 -0.80018 eb
345.47621 25.29844 0.75082 0.38396 -0.53744 eb
346.75669 52.68052 0.40912 -0.70314 -0.58156 eb
346.83548 44.40823 -0.88888 0.18983 -0.41697 eb
347.03933 25.26153 -0.46021 0.62395 0.63158 eb
347.72071 27.22333 -0.57270 0.81618 0.07660 eb
347.82020 49.41101 0.77628 0.40265 -0.48503 eb
347.90159 32.35414 -0.60999 0.70192 -0.36772 eb
348.17283 29.78091 -0.78274 0.37057 -0.49999 eb
348.27127 52.19578 -0.23052 0.97226 0.03962 eb
349.51988 42.32904 0.47384 -0.13081 -0.87084 eb
350.15209 26.12038 -0.22998 0.41608 -0.87976 eb
350.59079 83.04260 -0.33620 0.43524 -0.83519 eb
351.01104 38.10273 0.13488 0.94642 -0.29342 eb
351.80377 38.52601 -0.78775 0.59466 -0.16071 eb
352.74125 51.24873 -0.10443 0.09302 -0.99017 eb
352.99471 43.60550 -0.52240 -0.01594 -0.85255 eb
355.70665 53.82569 -0.83072 0.01295 0.55653 eb
356.61395 46.98280 -0.01262 0.99393 0.10931 eb
357.37136 21.11824 0.13272 -0.96168 0.23993 eb
357.60625 23.29305 0.45057 -0.29704 -0.84187 eb
358.00445 40.73085 -0.52642 -0.29138 -0.79874 eb
358.81320 75.48896 -0.73595 -0.47690 -0.48056 eb
359.84746 62.45386 0.99695 0.05077 0.05927 eb
360.49852 31.69626 0.24105 -0.22437 0.94422 eb
360.75077 25.48063 -0.02322 -0.07349 -0.99703 eb
363.26408 34.94807 0.68774 0.64606 -0.33108 eb
364.11190 28.64592 0.60888 -0.59228 0.52770 eb
365.17053 22.62814 -0.30627 -0.79494 -0.52371 eb
365.41275 48.73478 -0.66749 -0.72836 0.15475 eb
365.75120 57.17391 0.74581 -0.07854 -0.66152 eb
366.09335 20.15090 -0.17079 -0.77556 0.60773 eb
366.47876 34.85094 0.09537 0.83602 -0.54034 eb
366.73472 26.50233 -0.47875 0.77602 -0.41059 eb
367.89457 57.90063 -0.73628 0.17669 0.65321 eb
367.93527 69.02798 0.74096 -0.60952 -0.28190 eb
369.37330 58.72360 -0.26168 -0.64591 0.71716 eb
374.94897 43.54381 0.76578 0.14395 0.62678 eb
376.94364 17.84871 -0.43660 -0.27366 0.85702 eb
378.91625 34.63979 -0.70182 0.04422 -0.71098 eb
384.66431 36.78824 -0.83828 -0.52971 0.12917 eb
386.04362 42.63254 0.61449 -0.47570 0.62937 eb
388.29827 26.67818 -0.43047 -0.60806 -0.66705 eb
391.01725 29.24786 -0.47739 0.67638 -0.56090 eb
393.98258 51.01709 0.87169 -0.10000 -0.47974 eb
394.00268 67.14789 0.95414 -0.10035 -0.28204 eb
394.36854 35.06112 -0.28454 -0.93884 -0.19397 eb
395.42677 13.26996 0.91419 0.32078 0.24770 eb
396.46824 42.27175 0.01411 -0.44823 -0.89381 eb
397.05033 65.99487 -0.93776 0.24804 -0.24309 eb
398.16734 33.35075 0.23598 0.95497 0.17986 eb
406.09114 21.57301 -0.32660 0.30417 0.89488 eb
408.67165 46.64853 0.63417 -0.04219 -0.77205 eb
414.44656 29.66062 0.72765 0.65876 0.19121 eb
417.14838 30.36460 -0.19569 0.75524 -0.62556 eb
417.75544 34.70480 0.35852 -0.36086 -0.86095 eb
424.36118 23.56558 -0.67506 0.73695 0.03466 eb
425.19030 85.68693 -0.03795 -0.46220 -0.88596 eb
434.39760 40.51953 -0.39264 0.86600 0.30965 eb
441.66194 20.86865 0.50973 -0.63144 0.58434 eb
441.73696 25.00760 0.27572 0.93945 0.20348 eb
441.83602 51.62164 0.99877 -0.03466 -0.03538 eb
454.51238 62.20363 -0.20137 -0.79659 -0.56999 eb
458.33089 22.71164 0.38615 -0.57906 0.71804 eb
465.84676 30.03856 -0.04297 0.62380 0.78040 eb
470.16420 49.46031 0.49720 -0.11860 -0.85949 eb
489.02692 34.95971 0.80695 0.58828 -0.05252 eb
506.65512 17.70059 0.42400 -0.89204 -0.15650 eb
557.58329 16.13010 -0.31879 -0.85012 -0.41913 eb
558.96530 25.96838 -0.96909 0.11842 0.21641 eb
568.31162 18.40424 -0.61255 0.59527 0.52003 eb
582.30923 30.54142 -0.45392 -0.89093 0.01406 eb
583.09005 26.25254 0.03456 -0.88236 -0.46930 eb
585.33687 10.75460 -0.16743 -0.51042 0.84347 eb
650.24159 15.16858 0.39083 -0.30481 -0.86853 eb
655.57603 13.44397 0.67268 0.53052 -0.51580 eb
666.30440 25.88122 0.74750 0.53288 -0.39660 eb
675.96739 12.22190 0.14849 -0.79388 0.58966 eb
776.74561 12.84038 -0.28979 -0.81850 0.49607 eb
778.39907 18.86112 -0.52366 -0.85168 0.02034 eb
857.52119 19.07924 0.29104 0.85432 -0.43063 eb
901.89270 11.51738 0.00514 -0.30007 0.95390 eb
962.52701 22.77824 -0.73110 0.22757 0.64320 eb
979.29071 16.90869 -0.95553 -0.27131 0.11559 eb
999.12421 19.52931 0.65136 0.71411 -0.25648 eb
1010.66209 25.92726 -0.35028 -0.66191 -0.66271 eb
1032.86535 14.25271 -0.66926 0.74300 0.00642 eb
1143.80198 30.38708 -0.14381 0.73787 -0.65944 eb
1205.55551 9.84121 0.13546 0.60254 -0.78651 eb
1209.89910 13.14547 0.12733 -0.77180 0.62298 eb
1220.37248 14.04305 0.72699 -0.59590 0.34116 eb
1248.46780 9.85394 0.38081 0.62292 0.68334 eb
1252.99788 31.95618 0.25867 0.23251 -0.93757 eb
1263.75009 18.62569 0.98863 -0.11034 0.10211 eb
1273.94135 14.82093 -0.81279 -0.44862 -0.37163 eb
1305.23963 26.58249 0.92545 0.14457 0.35021 eb
1680.38449 16.79381 0.87765 0.35045 0.32697 eb
1867.67784 17.38795 -0.65786 -0.11204 -0.74476 eb
1892.84905 12.64116 0.29632 -0.78707 -0.54103 eb
1964.91606 20.68305 -0.40782 -0.21105 -0.88833 eb
2004.88389 30.49745 -0.27859 0.92495 0.25858 eb
2195.91435 22.24109 -0.47010 -0.77558 -0.42129 eb
2573.31783 22.09167 -0.18022 -0.45051 -0.87439 eb
2942.43727 14.36582 0.36639 -0.93036 -0.01367 eb
2983.62923 16.55218 -0.59263 -0.23796 -0.76952 eb
3044.69017 16.20407 -0.06061 -0.94564 -0.31951 eb
3290.32376 34.52647 -0.54876 0.83514 0.03750 eb
3328.68687 33.49485 0.57955 -0.26626 -0.77022 eb
3561.79065 18.90358 0.50994 -0.82218 0.25295 eb
3872.10444 20.01097 -0.10742 0.32427 0.93984 eb
3921.03091 13.14211 -0.51680 -0.64383 0.56427 eb
3974.49174 25.80940 -0.04924 0.11918 0.99165 eb
4067.53912 26.96045 0.64675 -0.40885 -0.64386 eb
4449.78396 16.67273 0.68480 0.01738 -0.72853 eb
4517.51929 25.83612 0.28158 0.43343 -0.85607 eb
4732.61502 28.77668 0.18892 -0.90481 0.38162 eb
4793.90058 18.38066 0.37569 -0.59060 -0.71417 eb
6426.47940 32.77768 0.38903 -0.15706 0.90774 eb
7210.47058 31.70854 0.45606 -0.53811 -0.70883 eb
7344.63864 14.98906 0.38548 -0.30460 -0.87099 eb
7404.84949 18.57281 -0.89877 0.34254 0.27362 eb
9797.12869 17.78889 -0.89661 -0.11130 -0.42861 eb
9839.84599 23.65174 -0.13394 -0.10378 -0.98554 eb
10082.39182 20.39014 0.88383 0.46098 -0.07961 eb
10679.14842 10.15297 0.28249 0.36395 0.88755 eb
13761.66157 20.92755 -0.44962 -0.79633 -0.40459 eb
14417.05794 13.89994 0.29641 0.33441 -0.89460 eb
14476.09119 10.54182 -0.51393 0.42804 -0.74341 eb
16768.54465 14.18698 0.43480 -0.11960 -0.89255 eb
17009.17657 15.27413 -0.34388 0.91025 -0.23063 eb
18111.87826 21.37175 -0.27070 0.48098 0.83390 eb
