17.36809 10.71598 -0.04115 -0.13712 0.98970 e
21.66986 4.12475 -0.24529 -0.33799 0.90862 e
22.75349 22.26280 0.06211 0.11541 0.99137 e
23.37630 1.87388 0.48453 -0.39193 0.78207 x
26.13922 5.38375 -0.16938 -0.23396 0.95738 eb
26.63177 8.27337 -0.04420 0.23372 0.97130 xb
27.29305 10.93019 -0.12263 -0.00695 0.99243 e
28.01527 6.61475 -0.29912 0.20435 0.93208 e
28.76058 2.98761 0.46951 -0.17584 0.86524 e
28.94737 8.59758 -0.12669 -0.09982 0.98691 xb
29.12377 1.11065 -0.65272 0.43777 0.61831 e
30.43900 16.69672 0.10833 -0.02344 0.99384 e
30.56387 12.00313 -0.06446 -0.14437 0.98742 e
31.00586 25.39376 0.08586 -0.03168 0.99580 e
31.66364 32.40181 -0.02412 0.09109 0.99555 e
31.85037 2.35509 -0.51198 -0.27146 0.81498 e
32.45711 6.73516 -0.13094 0.15059 0.97989 e
33.22234 2.77066 0.12313 -0.49183 0.86194 e
33.78410 12.96373 0.11341 -0.13421 0.98444 e
33.94188 12.64668 0.11220 -0.11543 0.98696 e
34.03246 10.35659 -0.11264 -0.20360 0.97255 x
34.98854 5.19203 -0.15438 -0.27942 0.94768 e
35.26217 14.50326 0.22352 0.08292 0.97116 e
35.49402 7.46388 -0.18653 0.00023 0.98245 e
36.11683 4.67253 -0.09585 0.33694 0.93664 e
36.12025 6.66797 -0.29282 -0.12080 0.94851 eb
36.44457 4.00565 -0.38541 0.04835 0.92148 e
36.91046 5.96048 0.19652 0.26652 0.94358 eb
36.92575 2.12381 -0.10596 -0.53957 0.83525 e
36.93595 7.19009 -0.23136 -0.25596 0.93859 e
38.10234 4.06911 -0.19893 0.36916 0.90783 eb
39.05125 14.46943 0.00556 -0.16773 0.98582 e
39.14570 4.70996 -0.27444 0.26428 0.92458 eb
39.26366 6.87878 0.12202 0.28295 0.95134 e
39.50750 5.68688 -0.08497 -0.30611 0.94820 eb
40.39277 54.80702 0.00399 -0.07892 0.99687 eb
40.48631 17.14909 -0.00081 0.05085 0.99871 xb
40.96343 10.10069 -0.06692 -0.21590 0.97412 e
41.07704 6.76061 0.20774 -0.09028 0.97401 e
41.54974 3.80909 -0.13723 -0.31109 0.94042 e
41.97653 9.69943 -0.10064 0.07274 0.99226 e
42.10617 25.52944 -0.03858 0.04043 0.99844 e
42.65889 23.87923 -0.15278 0.05859 0.98652 e
43.23577 14.46923 -0.07458 0.20270 0.97640 e
43.83756 1.25628 -0.71296 0.09745 0.69440 xb
45.06675 1.51754 -0.50553 -0.46539 0.72653 eb
47.06749 17.10661 0.00385 0.15424 0.98803 e
47.43699 7.69521 0.13456 0.23527 0.96257 e
47.62423 6.07325 -0.13983 -0.22318 0.96470 e
47.69402 7.91164 -0.22658 -0.05340 0.97253 e
49.37967 57.58192 0.05728 -0.06403 0.99630 e
49.71307 9.92087 -0.08802 0.16799 0.98185 eb
51.61906 1.98774 0.53781 -0.31030 0.78389 e
51.86954 11.94263 -0.00091 0.21086 0.97752 e
52.02343 3.02687 -0.51145 0.05253 0.85771 e
52.31733 3.32084 0.25133 0.33016 0.90985 eb
53.41633 4.53394 0.04901 0.39437 0.91764 e
53.85206 2.94411 -0.19990 0.45678 0.86683 xb
54.05310 5.82834 -0.25460 0.21557 0.94271 eb
54.20454 1.90764 0.11440 -0.60331 0.78926 eb
56.24876 4.03675 -0.03325 0.45130 0.89175 eb
57.15456 20.49498 -0.12453 0.06331 0.99019 e
57.26488 6.70853 -0.29232 -0.19396 0.93645 e
57.59939 9.65338 0.12553 -0.20598 0.97047 e
57.67732 19.49390 -0.07127 -0.03419 0.99687 e
58.05506 4.07046 -0.20148 -0.30792 0.92983 e
58.10075 1.36597 0.65259 -0.31480 0.68922 e
58.27160 34.43537 0.05429 0.11889 0.99142 x
58.35444 17.87392 0.12949 -0.03059 0.99111 e
58.48016 2.80905 0.04560 0.52958 0.84703 eb
58.73323 29.96233 -0.11963 0.01000 0.99277 x
58.83821 2.04497 -0.24745 0.55815 0.79198 eb
59.01155 3.03295 0.36566 0.34882 0.86291 eb
59.49705 1.47492 0.68548 -0.00187 0.72809 e
59.56233 45.35554 -0.03350 -0.02845 0.99903 e
59.75276 30.88826 -0.11931 -0.02219 0.99261 e
60.48816 22.05191 0.01825 -0.03026 0.99938 e
60.99424 10.20386 -0.19214 0.11827 0.97421 e
61.54516 14.06144 0.12286 -0.03153 0.99192 xb
62.21532 1.53479 0.43225 -0.52333 0.73436 e
62.53639 1.39598 0.37439 -0.55971 0.73930 xb
62.58466 12.28626 0.01021 -0.13808 0.99037 e
63.37952 37.73933 -0.04301 0.03218 0.99856 e
63.58179 4.71050 -0.16720 -0.14968 0.97449 e
64.13256 39.10284 -0.00479 0.02112 0.99977 e
64.81454 4.56220 -0.22553 0.29944 0.92707 e
64.88951 2.69885 -0.49468 -0.00178 0.86907 eb
65.06343 11.64617 -0.09407 0.04880 0.99437 e
65.68626 5.57553 -0.16246 0.33211 0.92914 e
66.09473 1.56399 0.64705 -0.05778 0.76025 e
66.29675 19.96664 0.07406 -0.06967 0.99482 e
66.46539 11.65350 -0.10661 -0.07517 0.99146 x
67.17637 1.22115 0.38213 -0.65582 0.65106 xb
67.78481 2.83597 -0.45021 -0.13984 0.88191 x
67.95594 4.40172 -0.42154 0.05437 0.90518 xb
68.07649 26.56761 -0.03448 0.00853 0.99937 e
68.56989 12.70407 0.11016 0.19857 0.97388 e
69.19787 1.25496 0.73948 0.03507 0.67226 eb
69.54852 4.25551 -0.18740 0.03914 0.98150 e
69.68152 10.11445 -0.17744 0.00380 0.98412 e
69.88171 7.69463 -0.15408 -0.21575 0.96422 e
70.21398 5.13938 0.10365 0.13482 0.98543 x
70.98047 6.02701 0.07831 -0.27731 0.95758 eb
71.20122 21.32746 -0.16359 0.02455 0.98622 e
71.78736 13.12269 -0.01305 0.18909 0.98187 e
72.08404 1.73467 0.43472 0.46607 0.77058 eb
73.84813 12.70224 -0.07038 0.04087 0.99668 e
74.13664 6.22758 -0.23735 -0.26402 0.93486 e
74.80152 11.19384 -0.06216 0.18112 0.98150 e
75.52512 2.47255 -0.34123 0.40795 0.84684 e
76.85636 2.95678 0.05952 0.51009 0.85806 e
76.96082 3.73411 0.04598 -0.37159 0.92726 e
77.64379 2.92873 0.23898 -0.44947 0.86074 e
78.68343 15.03244 -0.06236 -0.11880 0.99096 eb
79.05339 12.57931 -0.02779 0.08047 0.99637 e
79.10023 3.54630 0.05714 -0.44132 0.89553 e
79.49057 8.64203 -0.00700 -0.27305 0.96197 e
79.78833 17.07157 0.01939 -0.17797 0.98385 e
81.13766 2.07120 0.58216 -0.19255 0.78995 e
81.93812 32.95701 0.05308 0.03244 0.99806 e
82.17345 4.42673 -0.36681 -0.19217 0.91023 xb
83.79797 9.14311 0.25625 -0.07548 0.96366 e
84.89744 8.94631 -0.13106 -0.14175 0.98119 e
85.50937 1.23922 -0.67611 -0.33270 0.65741 e
85.82990 4.36577 -0.00982 0.37743 0.92598 x
85.85797 25.63645 0.09240 -0.11731 0.98879 e
88.84937 3.10742 -0.04785 0.49380 0.86826 eb
88.94435 4.59595 0.21851 -0.34660 0.91221 e
90.70683 3.57184 -0.02779 -0.45826 0.88839 e
90.86420 17.63177 -0.05360 0.15207 0.98692 x
92.97186 4.49774 0.01229 -0.41024 0.91189 e
93.43071 6.76649 -0.12547 0.01573 0.99197 e
93.84017 20.27131 -0.00307 -0.09539 0.99544 e
94.30875 36.21111 -0.02270 -0.04657 0.99866 e
94.31633 2.15361 0.47156 -0.29600 0.83067 e
94.41281 10.33401 0.22075 0.06028 0.97347 e
94.54385 4.55186 0.17873 -0.35427 0.91790 e
95.10411 16.08542 0.01248 0.17296 0.98485 e
95.21598 13.96801 0.14615 0.16096 0.97608 e
96.31389 2.72255 -0.51080 0.06048 0.85757 e
96.64074 19.70146 -0.06233 -0.11742 0.99112 e
96.89074 15.25573 0.12955 0.00310 0.99157 e
97.21238 13.51276 0.15348 -0.13220 0.97927 e
97.36173 2.63489 -0.53169 -0.10050 0.84095 e
97.42853 2.25730 -0.01883 -0.57202 0.82003 x
98.92822 11.75259 -0.23549 0.02386 0.97158 xb
99.27523 13.27061 -0.02920 0.12885 0.99123 e
99.33857 24.78230 0.08630 0.00907 0.99623 e
99.84906 6.91075 -0.13387 -0.27790 0.95123 eb
100.56791 13.68406 0.18120 -0.03232 0.98291 e
100.58945 38.76134 -0.01914 0.09741 0.99506 e
101.09685 4.05008 -0.41200 0.08199 0.90749 e
101.33694 4.82220 0.22884 0.36067 0.90418 e
102.23355 0.95165 -0.61442 0.56170 0.55406 e
102.58214 1.29548 0.51644 0.50457 0.69188 eb
102.78889 4.31320 -0.31231 -0.24862 0.91687 eb
103.06649 7.90857 0.28259 0.00853 0.95920 e
103.17934 9.02791 -0.10997 0.10461 0.98841 xb
104.74290 3.62936 0.29213 0.36536 0.88384 eb
104.88457 1.56582 -0.59023 0.31513 0.74318 e
105.98269 3.02285 0.39274 0.28340 0.87489 e
106.49538 14.82164 0.05739 0.16579 0.98449 e
106.67161 6.08791 -0.16784 0.26671 0.94905 eb
107.61777 12.36387 0.03191 -0.11249 0.99314 eb
107.77479 6.53315 -0.23495 -0.21234 0.94853 eb
107.84667 8.89135 0.09180 -0.19284 0.97693 e
109.37292 11.11684 0.02994 0.20861 0.97754 e
109.72258 12.53015 0.15769 -0.07529 0.98461 e
110.61115 1.47381 0.26799 -0.65300 0.70836 eb
110.80217 6.14023 -0.27279 0.08740 0.95809 e
112.20512 4.93702 0.37227 -0.06942 0.92553 e
113.30067 3.18188 0.41680 -0.20877 0.88470 e
113.44693 8.76193 0.28142 0.06341 0.95749 e
114.71555 8.18422 0.28902 0.05877 0.95552 e
117.09221 5.90798 -0.17310 -0.30443 0.93667 eb
118.23996 9.00168 0.18646 0.06479 0.98032 e
118.50311 4.02707 -0.09151 -0.18486 0.97850 e
120.27145 17.14947 0.16382 0.06716 0.98420 e
121.51024 4.12012 -0.23287 0.27089 0.93402 eb
122.03400 20.42567 0.15368 -0.01034 0.98807 eb
122.60625 2.49973 -0.48208 0.12050 0.86780 x
122.80944 32.35441 -0.01103 0.10214 0.99471 e
123.53463 21.55410 0.04136 -0.07231 0.99652 e
123.67543 23.35078 0.06815 0.03363 0.99711 e
124.48440 5.36861 -0.24590 0.17474 0.95342 x
124.49696 2.53989 0.31789 -0.43142 0.84429 eb
124.90235 3.16843 0.22680 -0.42294 0.87732 x
125.77330 12.24690 0.00564 -0.03244 0.99946 e
127.25012 1.69336 0.66149 0.07307 0.74638 e
127.93644 30.80003 0.07463 0.09320 0.99285 e
129.12434 2.40701 0.54366 0.19831 0.81554 eb
129.33463 15.02193 0.09326 0.05002 0.99438 e
129.58165 5.99121 -0.07502 0.28983 0.95413 e
129.70362 2.91313 0.26453 -0.38952 0.88221 eb
129.83175 19.49151 0.03418 -0.00248 0.99941 e
130.20508 12.29780 -0.21853 -0.04591 0.97475 eb
130.68441 7.46253 -0.21957 -0.13311 0.96647 eb
131.03475 12.87131 -0.03806 -0.16850 0.98497 e
131.47090 4.30863 -0.40368 -0.01542 0.91477 x
131.55520 4.19793 -0.29424 0.33186 0.89627 eb
131.58857 10.13291 0.13260 0.11719 0.98422 e
131.68068 3.88119 0.21460 -0.32000 0.92279 e
132.22167 7.41472 0.29136 0.13755 0.94667 eb
132.65225 35.70000 0.07664 -0.01065 0.99700 e
133.01163 17.97203 0.11839 -0.03861 0.99222 x
133.11066 28.60949 -0.03339 -0.07375 0.99672 e
133.39831 3.17353 -0.43249 -0.12987 0.89224 eb
133.72103 3.46233 -0.37979 -0.27378 0.88363 e
134.78210 19.98413 0.04383 -0.07762 0.99602 e
135.18224 4.50787 -0.03054 0.37563 0.92627 eb
135.45957 11.08637 -0.11233 -0.01694 0.99353 x
136.98578 9.76899 -0.21687 -0.20109 0.95527 e
136.99915 17.16850 -0.03701 -0.10028 0.99427 eb
137.56130 4.55077 0.23921 -0.31566 0.91822 xb
137.84906 10.00231 0.15809 -0.18933 0.96910 x
140.38745 2.87425 0.43861 -0.05992 0.89668 x
140.93790 10.46779 0.14070 -0.05897 0.98829 xb
141.56643 2.96081 -0.49739 0.01919 0.86731 e
141.75145 2.30309 0.37883 -0.43609 0.81628 e
144.63649 17.20370 -0.00004 0.12185 0.99255 e
144.98710 4.30744 0.34471 -0.27101 0.89874 eb
146.37998 40.32526 -0.05783 0.01583 0.99820 e
146.59339 2.00211 0.60838 0.06344 0.79110 e
146.65611 35.66874 0.00610 -0.06711 0.99773 xb
147.04443 1.15433 0.65172 0.41631 0.63399 eb
147.18883 32.52049 0.00688 -0.00938 0.99993 eb
148.04789 12.67877 0.12797 0.08592 0.98805 e
148.09189 18.14296 0.05855 -0.12167 0.99084 x
148.47582 11.89710 -0.24827 0.00945 0.96865 e
148.48353 1.33628 -0.63717 -0.34576 0.68881 eb
148.66036 13.73800 0.02555 -0.15436 0.98768 x
148.82427 13.89030 -0.02504 0.19700 0.98008 eb
150.36016 15.60186 -0.08226 -0.12756 0.98841 e
150.85714 29.96449 -0.00131 -0.03086 0.99952 eb
151.12747 4.72483 0.38664 -0.08457 0.91835 eb
152.08331 44.48222 0.07913 0.04218 0.99597 e
152.49599 4.13726 -0.13043 -0.38955 0.91172 eb
152.60232 8.92713 0.13734 0.24682 0.95928 e
152.81931 11.62776 0.01999 -0.21654 0.97607 eb
152.92136 21.39901 -0.11773 -0.00451 0.99304 e
153.18333 11.48290 -0.14831 0.14878 0.97768 eb
153.64979 3.93333 0.41499 0.00992 0.90977 eb
154.52410 9.71333 0.23496 -0.10348 0.96648 e
155.03250 1.29346 -0.04080 0.73194 0.68015 xb
155.51507 4.44013 -0.37421 0.00995 0.92729 x
155.96506 4.14337 -0.45446 0.03337 0.89014 e
156.37006 37.73339 -0.05271 0.04515 0.99759 e
156.66114 1.78026 0.34049 0.55271 0.76065 eb
157.11709 2.00978 0.23497 0.36560 0.90062 e
157.35165 10.62192 0.15470 -0.14366 0.97746 eb
158.39070 4.62664 -0.36822 -0.18241 0.91167 xb
158.95325 1.98160 -0.55871 0.13619 0.81811 x
160.14237 2.74590 0.02052 -0.50061 0.86543 e
160.48486 5.43254 0.16443 0.23707 0.95747 eb
160.85530 25.47330 0.07079 0.06066 0.99565 e
160.89410 5.91620 0.16531 0.31161 0.93572 e
160.98552 24.06642 0.07083 0.00132 0.99749 e
161.15440 1.42358 0.26826 -0.64817 0.71268 e
161.79949 4.45595 0.37069 0.07684 0.92557 e
161.83583 9.50424 -0.12684 0.14491 0.98128 e
164.12381 2.63141 0.50357 -0.02722 0.86352 eb
164.21038 8.91037 0.12346 -0.17701 0.97644 xb
164.39608 20.00360 0.14392 -0.03738 0.98888 e
164.40269 3.52476 0.22941 0.42486 0.87571 e
164.55456 3.99122 0.38150 -0.15734 0.91088 eb
164.85352 3.05377 0.31642 -0.32308 0.89191 e
166.51817 5.86464 0.24127 -0.11560 0.96355 xb
166.53572 1.25132 -0.70777 -0.24414 0.66291 e
166.56993 6.45318 -0.29608 -0.00810 0.95513 e
166.80660 7.06163 -0.28320 0.11685 0.95192 x
167.66006 7.71834 0.28815 -0.07382 0.95473 eb
168.94205 10.93560 -0.01924 0.20737 0.97807 e
168.97755 4.41088 -0.00980 0.16810 0.98572 eb
169.37596 7.12396 0.00949 0.30736 0.95155 e
169.40041 20.27264 -0.08153 0.01463 0.99656 e
169.65083 25.12139 -0.07062 0.00812 0.99747 e
170.82789 32.03875 -0.03893 0.02527 0.99892 xb
173.66794 16.44815 -0.10323 -0.00183 0.99466 e
173.91076 12.29881 0.14017 0.13248 0.98122 xb
175.32497 11.10914 0.09919 0.00877 0.99503 e
175.55133 19.87170 0.11880 -0.07409 0.99015 x
175.59280 13.67869 -0.13764 -0.05305 0.98906 eb
176.50692 11.00258 0.06967 -0.19651 0.97802 e
176.87244 12.11383 0.17951 -0.13013 0.97511 e
176.94018 16.59664 0.02377 -0.10179 0.99452 e
177.13946 6.95422 0.01534 0.26372 0.96448 xb
177.20263 24.24270 0.03466 -0.13738 0.98991 e
177.58936 9.35852 0.11591 -0.25247 0.96064 e
177.66366 7.23121 0.19308 -0.20062 0.96045 eb
179.78591 17.67419 0.11001 -0.08241 0.99051 e
180.13753 5.20232 -0.01502 0.26667 0.96367 eb
180.73171 3.84632 -0.37806 0.23552 0.89532 eb
181.12606 28.01763 0.10978 0.02057 0.99374 eb
182.12889 1.62713 0.66274 -0.10225 0.74184 x
182.25659 5.04450 0.27051 0.04565 0.96163 x
184.38360 1.34385 0.12444 0.70997 0.69315 eb
184.83405 25.43250 0.04546 0.07187 0.99638 e
185.18267 2.35600 0.17580 0.53483 0.82647 eb
185.32648 5.06821 -0.37086 0.10698 0.92251 e
186.08442 9.37957 -0.03811 0.26194 0.96433 eb
187.52970 47.62468 0.08568 -0.02573 0.99599 x
187.64716 27.35939 -0.04879 0.13186 0.99007 e
188.70975 13.07082 -0.12151 -0.14857 0.98141 e
188.98210 1.48912 -0.13157 -0.65666 0.74262 xb
189.84445 8.53912 -0.01763 0.26750 0.96340 e
190.95102 4.74681 0.29287 0.30176 0.90729 e
191.58493 5.64505 -0.28587 -0.12002 0.95072 xb
191.58647 7.05681 0.29681 -0.03079 0.95444 e
193.68404 11.38619 -0.05082 -0.11063 0.99256 e
193.79075 19.15653 0.04774 0.15207 0.98722 eb
194.18373 5.57090 -0.34135 -0.19285 0.91994 e
194.71250 8.92017 0.08190 0.26647 0.96036 e
195.02584 22.48269 0.00574 -0.09079 0.99585 x
195.08266 6.77898 -0.25711 0.08079 0.96300 eb
195.23913 22.09566 -0.06573 0.10842 0.99193 e
195.53236 12.78335 -0.02503 -0.20382 0.97869 eb
195.99641 15.97448 0.03723 -0.06521 0.99718 e
196.19365 8.13516 -0.18898 -0.21436 0.95830 xb
196.63393 10.17297 -0.25544 -0.07622 0.96382 e
196.91921 2.81661 0.14073 0.46923 0.87179 eb
197.44620 37.06403 -0.03167 -0.08010 0.99628 e
197.66645 9.80276 -0.10636 -0.21114 0.97165 x
198.12783 10.77542 0.24892 0.06115 0.96659 eb
198.25813 5.22393 0.13813 0.25806 0.95620 eb
198.27544 4.70382 0.03173 -0.39864 0.91656 e
199.47045 20.75365 -0.09407 0.06824 0.99322 e
200.54187 2.89625 0.25571 0.44259 0.85949 eb
200.93116 2.50588 -0.15427 -0.51858 0.84100 eb
201.07006 21.86863 -0.09335 -0.10036 0.99056 e
201.86524 10.13144 0.26064 0.06733 0.96309 eb
202.21914 3.97397 0.31318 -0.13025 0.94072 e
202.83152 3.91303 -0.39246 0.20505 0.89662 x
204.00504 8.82653 -0.12153 0.24163 0.96273 xb
204.11257 6.10079 -0.25688 -0.15095 0.95458 eb
205.82924 11.41489 -0.05132 -0.13266 0.98983 xb
206.40074 11.79975 -0.03813 -0.22547 0.97350 e
207.54829 10.09294 -0.02996 -0.00673 0.99953 e
208.21627 1.89414 0.55019 -0.31131 0.77484 e
209.30863 2.45954 -0.10042 0.56573 0.81845 e
209.63833 1.77931 -0.28156 -0.57660 0.76698 eb
210.67586 17.85640 -0.04106 -0.05420 0.99769 e
211.56834 6.58844 -0.27842 0.15327 0.94815 eb
211.64475 3.81215 -0.40816 -0.24015 0.88076 xb
211.69344 10.28801 0.20733 -0.03381 0.97769 eb
212.15863 8.48357 -0.08210 -0.27067 0.95916 xb
212.18079 23.45800 0.00569 0.10877 0.99405 e
215.32950 2.45225 0.54281 0.15759 0.82494 eb
215.41215 6.72229 0.09199 -0.32877 0.93992 e
216.64407 30.21331 0.05770 0.08354 0.99483 e
216.81820 3.32931 -0.34634 -0.33941 0.87456 eb
217.77181 9.46731 0.01414 0.27414 0.96159 e
220.37411 21.45052 0.00953 -0.00263 0.99995 xb
220.64775 2.02563 -0.60698 0.00974 0.79466 e
221.86599 52.45710 -0.03185 0.04149 0.99863 e
225.31782 11.24541 -0.15173 -0.12730 0.98019 e
225.53290 1.54776 0.27374 0.63219 0.72485 eb
226.49479 21.51724 0.06157 0.05362 0.99666 e
226.90543 7.36006 0.26843 -0.07939 0.96002 e
227.16269 6.48642 0.34153 -0.02031 0.93965 eb
228.31934 5.60891 0.21437 -0.18685 0.95871 eb
228.87686 1.53072 -0.42310 0.45802 0.78180 eb
230.08373 34.78583 0.09432 0.07976 0.99234 e
230.92360 1.57271 -0.21430 -0.65916 0.72082 eb
232.51362 35.97845 -0.02428 -0.03119 0.99922 e
232.74733 17.33813 0.01377 0.14827 0.98885 e
232.78003 4.54508 -0.31287 -0.15044 0.93781 xb
233.03976 10.75047 -0.15950 0.15420 0.97508 e
233.04184 4.91243 -0.15488 -0.28090 0.94716 e
234.42734 7.67546 -0.02916 0.28976 0.95666 eb
236.42214 4.31538 -0.04831 0.43671 0.89830 e
236.47992 16.93603 -0.03395 0.15786 0.98688 eb
236.48482 15.15787 -0.15000 0.17302 0.97343 x
236.78918 1.45976 -0.46737 -0.52692 0.70988 e
237.32140 11.65904 -0.10279 -0.04121 0.99385 e
237.69106 7.40340 -0.11386 -0.28014 0.95318 e
237.84579 1.44450 -0.66524 -0.19310 0.72123 eb
237.95188 15.89324 -0.01893 0.08989 0.99577 e
238.40796 13.28587 -0.13761 0.01452 0.99038 e
242.69622 2.75102 -0.03805 0.52937 0.84753 e
243.71158 10.85857 -0.05344 -0.15940 0.98577 e
243.76299 7.29283 -0.22126 -0.17087 0.96013 eb
243.87098 6.54426 0.16740 -0.23164 0.95829 eb
244.25987 23.37575 -0.14872 0.04319 0.98794 eb
244.26881 15.78302 -0.12091 0.12834 0.98433 e
244.68749 8.55572 -0.14921 -0.03732 0.98810 x
244.72358 15.74276 0.10295 0.08431 0.99111 eb
246.08287 5.28309 -0.24054 -0.24962 0.93799 e
248.50821 15.41163 -0.18439 -0.09039 0.97869 eb
248.52547 1.27881 -0.27004 0.69348 0.66796 xb
248.75689 21.19185 -0.14502 0.07495 0.98659 e
249.12231 4.99965 0.24178 0.32348 0.91482 e
249.45545 22.01902 -0.02340 0.08951 0.99571 e
249.79117 7.23463 0.24180 0.10651 0.96446 x
250.12479 24.86680 -0.07588 0.00779 0.99709 x
251.69072 6.36411 0.26873 -0.12315 0.95531 e
253.40606 15.26135 0.02302 -0.02632 0.99939 e
254.80734 2.03302 -0.61630 -0.08814 0.78256 eb
256.60343 7.43436 0.14692 0.20058 0.96860 xb
256.65088 4.27813 0.41745 -0.07684 0.90544 eb
257.89277 12.13635 0.09924 -0.20446 0.97383 e
259.03777 13.74111 -0.10548 0.13608 0.98507 eb
259.24390 7.58803 0.17028 0.21233 0.96225 eb
259.46561 2.65198 -0.17669 -0.47900 0.85985 eb
260.32143 2.27744 0.36210 0.43848 0.82257 eb
260.89953 11.60491 0.14704 -0.08456 0.98551 e
261.69262 7.84610 -0.17343 0.24596 0.95364 eb
262.07241 1.35423 0.48902 -0.51292 0.70553 eb
263.57821 6.42581 0.15222 0.31388 0.93718 x
264.65081 25.52806 0.05001 -0.10586 0.99312 e
264.98284 1.02250 0.28949 0.75343 0.59037 eb
265.88596 0.93228 0.65334 -0.50721 0.56204 eb
266.71463 9.84605 0.07612 0.16094 0.98403 eb
266.72914 2.43294 -0.33435 -0.39641 0.85503 eb
267.61362 14.83751 0.11950 -0.04372 0.99187 eb
269.53138 20.66331 0.03453 -0.09355 0.99502 e
269.91825 21.33901 -0.07503 -0.06322 0.99518 xb
271.41988 14.00984 0.10848 -0.06483 0.99198 xb
271.67690 5.37253 0.32956 0.09915 0.93891 e
272.54728 19.57800 -0.01732 0.02829 0.99945 e
273.89726 2.56991 -0.27292 -0.47299 0.83773 e
275.23360 4.97873 -0.12356 -0.22877 0.96561 e
276.62575 3.66372 0.44913 0.12163 0.88515 eb
276.73508 50.32497 0.02501 -0.00991 0.99964 x
277.03977 5.85048 0.34200 -0.14067 0.92911 xb
277.37279 16.33555 0.02685 -0.20062 0.97930 e
278.12683 10.84735 0.04948 0.21512 0.97533 e
278.19255 22.07042 -0.06731 -0.06336 0.99572 e
278.54453 8.36454 0.18466 -0.23780 0.95360 e
279.53376 6.61191 0.17641 -0.10673 0.97851 xb
279.79856 30.29145 -0.12922 0.00255 0.99161 e
281.57979 2.21726 -0.40079 -0.43164 0.80812 eb
282.95420 4.05026 -0.10480 0.40720 0.90731 xb
283.64090 11.55441 -0.05063 0.15952 0.98590 e
284.27130 15.69643 0.05683 0.09728 0.99363 e
285.08487 8.11142 0.08150 0.03789 0.99595 eb
286.39484 35.04591 -0.06699 0.01217 0.99768 e
287.21308 13.61739 0.10149 -0.05898 0.99309 x
288.00469 1.34621 -0.51377 0.39922 0.75939 eb
288.41565 4.15444 -0.28951 0.31324 0.90447 eb
289.06496 15.51945 -0.10576 -0.18798 0.97646 eb
289.46407 1.98972 0.10352 -0.61602 0.78090 x
290.83720 2.70907 0.25379 -0.47495 0.84262 e
291.09746 8.30339 -0.11077 -0.08211 0.99045 xb
291.18658 5.12280 -0.07416 -0.36062 0.92976 eb
291.51002 8.38487 -0.23536 -0.09348 0.96740 eb
292.11875 15.90563 -0.13578 0.07928 0.98756 xb
292.65351 20.02442 0.14043 -0.01581 0.98996 e
292.78924 10.64898 0.09021 0.21847 0.97166 eb
293.37445 26.77575 -0.00609 0.06514 0.99786 e
293.66003 7.64651 -0.11057 0.29378 0.94946 eb
293.71673 5.05068 0.08585 -0.01688 0.99617 e
294.93885 5.79112 -0.12170 -0.31267 0.94203 e
295.28041 5.60268 0.20620 -0.30658 0.92924 eb
295.59874 6.22334 -0.08568 0.32333 0.94240 xb
296.55887 2.29167 0.39556 -0.33863 0.85373 e
296.58568 1.30974 0.66819 -0.27412 0.69165 eb
297.71496 2.95013 -0.18053 -0.45892 0.86994 eb
299.79507 1.77289 -0.51450 -0.34524 0.78492 eb
303.10988 10.18470 0.24275 -0.06657 0.96780 x
303.37557 2.28748 -0.46726 0.26113 0.84468 e
303.61029 12.51610 -0.14108 -0.09626 0.98531 e
304.32020 9.14556 -0.22677 -0.00406 0.97394 eb
305.40970 1.52549 -0.69363 0.04074 0.71918 e
306.10026 13.93509 0.13516 0.14116 0.98072 eb
306.18647 1.14928 0.73467 0.02733 0.67787 eb
307.57569 8.30763 -0.16105 0.17908 0.97056 e
308.78902 17.56004 -0.06686 0.04080 0.99693 x
309.81615 38.75493 0.04959 -0.02253 0.99852 eb
314.43658 1.43002 0.49509 0.51492 0.69982 xb
314.76408 12.58874 0.05086 0.20661 0.97710 e
315.27167 5.95523 0.32532 -0.06778 0.94317 e
315.76449 5.27538 0.18022 0.28552 0.94127 e
316.00761 13.04888 -0.06692 -0.19472 0.97857 e
316.03811 10.54606 0.22984 0.05546 0.97165 eb
316.72151 19.78554 0.01215 0.16974 0.98541 x
316.99778 28.20588 -0.02500 -0.00010 0.99969 xb
317.21233 15.55565 0.10873 0.01574 0.99395 e
317.26073 21.47169 -0.16539 0.04162 0.98535 e
317.44866 10.31090 0.16758 0.18772 0.96782 e
317.68222 10.52854 -0.22613 -0.01572 0.97397 eb
318.46530 33.16025 -0.08663 0.02963 0.99580 e
318.85175 11.62709 0.19626 -0.08510 0.97685 eb
320.77039 10.08712 0.22648 0.04842 0.97281 e
321.83052 3.04827 0.01607 -0.45256 0.89159 x
322.65647 1.41260 0.01556 -0.67787 0.73502 eb
323.91036 7.81128 -0.21842 0.16613 0.96161 e
325.21573 2.38626 -0.07508 -0.56257 0.82333 x
326.26318 7.05201 -0.03494 0.29611 0.95452 eb
326.27669 17.88874 -0.13298 -0.06594 0.98892 e
326.71688 5.53771 -0.02939 -0.18444 0.98240 e
326.97398 12.80794 -0.00785 0.18061 0.98352 e
328.07128 4.72238 -0.14886 0.24263 0.95863 e
328.48960 28.67378 -0.10767 -0.03140 0.99369 eb
330.70148 3.46999 0.46415 -0.03829 0.88493 eb
330.72900 68.71678 0.06758 0.00221 0.99771 e
331.49713 7.46749 0.08245 0.27394 0.95821 e
336.23584 12.76854 0.03720 0.04781 0.99816 x
336.70934 1.22798 -0.74516 -0.11324 0.65720 e
336.99869 16.57005 -0.17399 -0.07261 0.98207 eb
337.89837 6.79586 -0.30278 -0.07579 0.95004 e
339.42979 15.63055 0.03925 0.14945 0.98799 e
339.77380 17.39464 -0.11192 0.08429 0.99014 xb
340.93051 9.64369 -0.17836 0.21462 0.96027 eb
341.13920 1.03914 -0.28935 -0.75185 0.59245 e
341.88589 2.85817 -0.49258 -0.21327 0.84373 eb
343.89773 20.38525 -0.00372 0.15189 0.98839 e
344.02906 8.02771 -0.14766 0.17074 0.97419 e
345.15946 18.49421 -0.10331 -0.08527 0.99099 eb
345.88482 7.20612 -0.29080 0.04487 0.95573 e
346.67416 12.84239 0.05117 -0.18800 0.98084 e
349.54181 1.51007 -0.68492 0.14636 0.71377 x
349.56572 10.77060 0.23400 -0.14592 0.96122 eb
351.16351 14.99265 -0.01849 0.19392 0.98084 e
353.00667 7.76152 0.16827 0.10372 0.98027 e
354.39972 14.18941 -0.11820 -0.17398 0.97763 eb
355.18078 8.89170 -0.21450 -0.21865 0.95194 eb
356.69529 7.47869 -0.06925 0.11993 0.99036 e
356.74468 2.12251 -0.47844 0.32195 0.81697 xb
357.35112 2.59722 -0.37425 -0.40655 0.83346 eb
361.02760 9.38287 0.15987 -0.15688 0.97459 e
361.98512 5.72575 0.05958 0.34076 0.93826 xb
363.52521 14.47864 0.02200 0.03819 0.99903 e
364.23911 1.00435 0.60296 -0.53597 0.59091 e
364.43666 2.71720 -0.49779 -0.14832 0.85452 eb
367.53935 4.40611 -0.41270 0.14360 0.89948 e
369.44756 6.81983 -0.26647 0.08930 0.95970 eb
371.35386 6.71839 0.21382 0.22998 0.94942 eb
372.95320 19.33712 0.00779 -0.06911 0.99758 e
372.97759 8.28951 -0.22437 0.06753 0.97216 eb
375.06102 15.93414 0.08274 0.14030 0.98665 x
375.97691 15.31196 0.04313 -0.14966 0.98780 x
376.13542 12.60275 -0.14264 0.13514 0.98051 e
376.88860 17.35193 -0.06078 0.03553 0.99752 xb
377.99884 12.17655 -0.12294 -0.11076 0.98621 xb
378.89038 0.86328 -0.79851 0.19460 0.56965 eb
378.94893 18.45721 -0.15057 -0.04052 0.98777 e
380.12936 26.73396 -0.00482 -0.15440 0.98800 e
380.18641 13.80532 -0.02481 0.16124 0.98660 xb
382.65971 3.13105 0.30478 -0.34109 0.88925 e
385.97785 17.17656 0.13742 0.01714 0.99036 x
386.38134 8.33172 -0.17835 0.10669 0.97817 x
386.64111 18.85540 0.04799 0.14328 0.98852 e
387.01730 2.47517 0.36896 -0.39033 0.84351 eb
387.60778 12.88133 -0.09626 0.09223 0.99107 e
388.31241 8.63406 -0.27567 0.03030 0.96078 x
388.37266 24.39425 0.08655 -0.02345 0.99597 e
389.51916 11.83342 -0.10398 0.13946 0.98475 xb
390.97251 11.23509 -0.11063 0.06567 0.99169 xb
399.59445 2.40917 0.47795 0.27354 0.83471 eb
400.97344 7.80635 -0.27280 -0.07584 0.95908 x
401.11613 7.86811 0.24380 0.00716 0.96980 eb
405.31439 19.93477 0.06997 0.14011 0.98766 x
405.67134 2.01086 -0.56662 -0.19535 0.80049 e
406.11532 7.12330 0.15791 -0.25565 0.95379 eb
406.52144 1.39315 0.50003 -0.50783 0.70148 e
409.63107 14.58714 0.16084 -0.04458 0.98597 eb
410.03165 28.19988 0.03367 0.04063 0.99861 e
411.32157 7.00429 0.12149 0.27745 0.95303 e
413.49240 15.01114 -0.19711 -0.03805 0.97964 e
413.50020 8.06590 0.13169 0.24747 0.95990 x
415.60407 1.04120 -0.66427 0.42799 0.61283 eb
416.42923 23.47751 -0.09049 -0.04065 0.99507 e
419.65780 1.35121 0.69007 -0.11127 0.71514 x
422.65262 2.88275 0.49677 0.19295 0.84616 eb
426.23663 8.96336 -0.21404 0.09974 0.97172 e
426.63787 2.23960 -0.57332 -0.02261 0.81902 e
427.27642 1.70636 -0.60816 0.21903 0.76300 xb
427.27791 11.65928 0.19053 0.07022 0.97917 e
427.80810 3.22995 0.03696 0.31668 0.94781 e
431.13596 17.32951 0.01413 -0.08431 0.99634 e
431.84047 8.72638 -0.24125 0.00164 0.97046 e
434.77427 2.71745 -0.16416 -0.44948 0.87808 e
437.89925 3.81815 -0.28629 -0.32027 0.90303 e
439.83514 4.21741 -0.20166 -0.01300 0.97937 e
440.01526 6.51939 -0.04774 -0.31163 0.94900 eb
442.16125 13.67169 -0.07417 -0.06601 0.99506 e
442.83317 20.03428 0.06461 0.00284 0.99791 e
444.50176 39.20012 0.02204 0.02709 0.99939 e
451.06302 1.64914 0.34471 0.51526 0.78465 e
453.66942 18.09638 -0.08035 0.03693 0.99608 e
454.41031 10.24323 -0.00927 0.05001 0.99871 eb
454.52971 9.20061 -0.12811 0.14203 0.98154 x
457.73995 3.02603 0.35613 -0.31609 0.87935 e
457.75517 1.14364 -0.74829 -0.13973 0.64849 e
457.86465 2.78420 -0.08966 0.51131 0.85470 eb
458.41238 4.61060 -0.16939 -0.34462 0.92333 e
459.51151 9.04026 0.04651 0.18832 0.98101 e
461.42454 7.77921 -0.01789 -0.28337 0.95884 eb
461.76514 9.94181 -0.05679 0.16814 0.98413 e
463.27458 20.16956 -0.02216 0.16186 0.98656 xb
467.20020 3.77638 -0.41077 -0.20403 0.88862 e
469.66363 2.54107 0.29937 0.40063 0.86595 eb
480.19777 45.03960 -0.04461 0.04043 0.99819 e
480.82204 1.89518 -0.03278 -0.57917 0.81455 e
483.25340 2.82303 -0.06369 0.50284 0.86203 xb
483.94388 2.50506 -0.54310 0.05389 0.83794 e
486.88771 6.83270 0.02059 0.11102 0.99360 x
492.86855 19.85480 -0.09710 0.01710 0.99513 x
494.75639 2.84321 0.06142 0.48963 0.86976 eb
495.04395 6.29256 0.24616 -0.07089 0.96663 eb
498.28763 3.12231 -0.50812 0.02465 0.86093 x
500.13926 3.38661 -0.41877 0.22599 0.87952 eb
510.39763 4.20501 -0.23722 0.13120 0.96256 e
511.27578 1.13596 -0.64949 0.31859 0.69041 e
515.97639 6.47636 0.28737 0.02940 0.95737 e
516.16105 7.89574 -0.10664 0.08928 0.99028 e
516.28171 1.37316 -0.66639 0.21197 0.71484 e
517.09646 10.61210 0.12247 0.11699 0.98555 e
518.74317 5.97760 -0.27994 -0.03431 0.95940 e
523.49512 26.70116 0.06832 0.01632 0.99753 e
523.92636 15.51804 -0.14065 -0.09439 0.98555 e
524.04717 0.89409 -0.38706 0.71648 0.58038 eb
525.09595 11.82496 0.09282 -0.11892 0.98856 x
525.11659 16.00590 0.01622 -0.08923 0.99588 e
528.01023 10.02555 0.07087 0.05522 0.99596 x
531.55487 9.57856 0.21491 0.02925 0.97620 e
532.63003 2.46713 -0.52648 -0.11040 0.84299 xb
532.88433 8.28980 0.19221 -0.07552 0.97844 eb
533.04876 1.91886 -0.13699 0.60661 0.78311 e
536.26622 19.71225 0.01533 0.13731 0.99041 e
540.88020 7.70514 -0.12519 0.14166 0.98197 e
541.24160 8.59787 -0.22962 0.06759 0.97093 e
542.06314 11.22030 -0.13872 0.03968 0.98954 e
542.20651 9.34849 -0.14308 0.16124 0.97649 e
542.35806 10.04531 0.18494 0.11279 0.97626 e
544.06256 35.81390 0.00123 -0.02954 0.99956 eb
545.52527 8.29819 -0.03050 -0.27651 0.96053 e
547.59660 8.33878 0.01931 0.26108 0.96513 eb
549.64475 13.44038 -0.08138 -0.09557 0.99209 e
553.41588 3.64145 -0.15962 -0.31582 0.93530 e
554.99193 2.72190 -0.41467 -0.09843 0.90463 e
555.57617 16.62095 -0.07619 -0.12886 0.98873 e
557.98993 10.08381 0.13621 -0.20693 0.96883 e
558.80723 3.24151 0.25699 0.37626 0.89016 eb
560.74764 8.50906 -0.00229 0.06058 0.99816 e
561.09345 6.71207 0.12946 0.19899 0.97141 x
561.29266 5.58924 0.26119 -0.09108 0.96098 eb
568.75946 5.78075 0.35684 -0.01930 0.93397 e
569.19482 1.06464 0.76968 0.18863 0.60992 x
571.60332 8.76211 0.09843 0.01885 0.99497 x
572.97731 1.03092 0.79029 -0.10876 0.60301 eb
573.31261 14.05894 -0.18200 0.02338 0.98302 eb
573.63538 16.23707 0.15040 0.02522 0.98830 e
573.77306 13.03424 0.02827 0.01697 0.99946 e
574.99276 12.72653 -0.14568 0.06301 0.98732 x
579.97118 3.36239 0.23235 -0.40181 0.88575 e
581.97888 6.13883 -0.28050 -0.16761 0.94511 eb
583.65883 1.70066 0.39632 -0.51716 0.75860 eb
585.35765 8.99011 0.11689 -0.08723 0.98931 xb
585.44336 12.01748 0.11627 -0.02314 0.99295 e
587.72654 22.24487 -0.03956 -0.01098 0.99916 e
588.36132 11.58002 -0.05327 -0.02675 0.99822 e
589.94331 1.69276 -0.56302 -0.27522 0.77927 e
592.90531 1.63704 0.19269 0.63622 0.74706 eb
593.51764 1.31865 -0.25801 0.66661 0.69934 x
595.66708 3.35106 -0.15269 -0.40784 0.90020 e
596.34925 4.75528 0.29548 0.20258 0.93362 eb
596.92728 15.52386 -0.03011 0.05100 0.99824 e
598.86534 2.23872 -0.20633 -0.47375 0.85615 e
599.75793 13.67973 -0.10687 0.08692 0.99047 e
599.77474 15.12435 0.16446 -0.01976 0.98619 e
600.90568 7.26853 -0.00421 -0.19976 0.97984 e
603.54515 12.35066 0.06685 -0.17617 0.98209 e
604.22841 16.55913 -0.05650 -0.01569 0.99828 e
605.59955 3.07254 -0.31598 -0.18977 0.92959 e
606.33214 4.09198 0.06485 0.39608 0.91592 e
609.17540 8.37574 -0.14368 -0.20527 0.96810 e
613.52200 6.45385 0.13290 -0.29097 0.94746 e
613.77498 1.67902 0.36753 0.49529 0.78715 eb
614.59708 9.63837 -0.24520 0.07957 0.96620 e
616.53610 2.65792 0.13626 0.52055 0.84289 eb
616.65210 1.50459 0.46634 0.43190 0.77200 e
619.81998 3.16273 -0.17928 0.42644 0.88657 xb
621.71832 1.20387 -0.69152 -0.29981 0.65720 eb
625.48247 13.18462 0.02759 0.15779 0.98709 x
629.86735 6.62205 -0.26681 -0.08198 0.96026 e
637.02486 4.47667 0.07135 -0.39827 0.91449 e
639.06754 2.83361 0.49691 0.08135 0.86398 e
639.41868 3.33617 0.25645 0.36956 0.89312 xb
641.51976 6.25426 0.18630 0.07132 0.97990 e
641.94159 4.56172 0.29667 0.01332 0.95489 e
643.92349 5.52364 0.22634 -0.20658 0.95189 e
646.82840 1.35034 -0.68822 -0.13074 0.71362 e
647.58451 13.30015 -0.05524 -0.12982 0.99000 e
649.27722 7.45202 -0.21370 -0.15409 0.96467 e
649.44750 13.85267 0.01195 0.01613 0.99980 e
651.79253 13.23151 0.02861 -0.15735 0.98713 e
657.77938 8.26674 -0.28198 -0.06333 0.95733 e
659.03519 6.90063 0.00048 0.20833 0.97806 e
660.78281 2.85396 -0.47059 -0.12830 0.87297 eb
668.79947 8.94896 0.01887 0.23311 0.97227 xb
670.87163 7.07384 0.06248 -0.16250 0.98473 e
671.93294 13.26194 -0.00537 -0.20018 0.97974 x
674.19139 17.73604 -0.01992 0.18471 0.98259 e
674.27204 8.17723 -0.18723 -0.22425 0.95638 e
675.11097 5.94537 -0.27497 -0.19552 0.94136 eb
677.35360 5.46313 -0.15973 0.24775 0.95557 e
678.38519 4.49121 -0.10347 0.28351 0.95337 eb
679.26636 1.41359 -0.53800 0.44718 0.71455 e
680.20005 4.49447 0.28972 0.30757 0.90635 e
684.95632 9.86804 0.04389 0.15414 0.98707 e
686.65023 3.50914 0.04652 -0.45682 0.88834 xb
688.39083 1.32076 -0.68699 -0.25523 0.68037 e
690.02623 7.30215 0.12933 0.26190 0.95639 e
690.53046 30.61136 0.02109 0.04176 0.99890 e
695.99281 2.36924 -0.56794 -0.11069 0.81559 e
696.84067 36.69389 0.03315 -0.08973 0.99541 e
702.26610 19.78707 0.06444 0.02494 0.99761 e
705.07303 3.36970 0.39135 0.16522 0.90529 e
706.71028 2.60926 0.32667 -0.40190 0.85543 e
707.76234 2.23794 -0.56949 0.10729 0.81497 e
714.07003 9.48281 -0.00991 -0.21707 0.97611 xb
715.32668 4.88103 0.30490 0.22958 0.92430 e
715.84589 2.69370 0.25028 0.37962 0.89064 e
717.76299 1.62670 -0.65990 -0.09525 0.74529 eb
719.43776 12.55158 -0.10902 -0.13744 0.98449 e
722.35924 2.65544 0.43061 -0.28815 0.85530 e
723.47533 2.61585 0.18377 0.40314 0.89650 e
724.80949 2.73663 0.49769 0.00483 0.86734 e
725.43542 3.89850 0.08018 0.21005 0.97440 e
725.77876 5.36557 -0.28171 -0.18516 0.94147 e
733.02141 9.26145 0.14210 -0.02482 0.98954 e
739.36741 5.55394 -0.31622 -0.18532 0.93041 e
742.22728 4.24617 0.23698 0.27772 0.93097 e
742.99523 13.28698 -0.09176 -0.09082 0.99163 eb
749.77142 4.97832 -0.12713 -0.20348 0.97079 e
749.83481 7.13356 0.27108 -0.00451 0.96255 eb
750.09089 11.23616 -0.05696 0.17175 0.98349 e
754.64545 12.82325 -0.14580 0.08978 0.98523 e
761.42521 18.75615 0.04669 0.07619 0.99600 e
766.83509 1.45516 0.68211 0.04277 0.73000 eb
771.13457 4.76199 -0.07887 -0.35878 0.93009 e
771.39196 15.91062 -0.03985 0.04499 0.99819 x
774.03421 18.43190 0.08914 -0.05887 0.99428 eb
774.08315 4.91322 -0.13429 -0.22233 0.96568 e
775.65601 9.26702 0.09737 -0.17631 0.97951 e
781.61855 18.28146 -0.11699 0.01360 0.99304 xb
784.58374 7.48750 -0.26911 0.16105 0.94955 x
787.09716 2.58410 -0.50434 0.16674 0.84726 xb
787.11842 18.03893 -0.05804 0.04103 0.99747 e
789.67160 3.31992 -0.35192 -0.19027 0.91649 eb
795.71354 3.28229 -0.25882 0.42670 0.86657 e
796.51450 5.35997 0.30795 -0.20758 0.92848 eb
801.69279 7.47065 0.10273 -0.28143 0.95407 e
804.10836 13.92095 0.03442 0.12805 0.99117 e
807.41295 12.04227 -0.08427 0.18592 0.97895 x
807.51329 5.57057 0.36163 -0.04339 0.93131 e
812.54376 1.68307 -0.59294 -0.23982 0.76871 eb
812.77827 6.16478 -0.08247 0.24670 0.96558 x
813.54818 6.16353 -0.34294 -0.06371 0.93719 x
814.88462 2.97466 0.22644 0.43803 0.86998 e
820.52122 2.42110 0.14803 -0.41893 0.89587 eb
820.54742 9.84398 -0.10102 0.04583 0.99383 e
827.97796 6.65699 0.21020 0.11206 0.97121 e
832.28301 5.58539 -0.35996 -0.05468 0.93136 e
835.08960 2.05404 -0.49677 -0.33579 0.80029 e
836.24675 21.26168 -0.01845 0.07926 0.99668 e
837.33998 2.87748 0.04741 0.44391 0.89482 e
861.55794 1.64878 0.37264 0.53216 0.76023 eb
861.87928 9.02732 0.12130 0.14671 0.98171 e
866.64566 0.90679 -0.70684 -0.43194 0.56018 e
873.28411 1.99293 0.28130 -0.38962 0.87696 e
875.02095 6.87104 0.29781 -0.10402 0.94894 xb
886.51953 3.47056 -0.16458 -0.41855 0.89316 e
894.49883 6.69662 -0.29681 0.07668 0.95185 x
894.98372 22.17438 0.05705 -0.07944 0.99521 e
897.91127 16.23513 -0.03471 -0.06825 0.99706 x
902.19010 4.46347 0.06571 -0.36754 0.92768 eb
919.13982 1.64648 0.63225 0.15852 0.75837 e
922.11205 21.90811 0.05665 0.03016 0.99794 e
922.80877 3.42611 -0.05685 -0.43162 0.90026 eb
930.14583 20.32674 -0.01541 -0.01861 0.99971 eb
931.84296 1.78851 0.61880 0.06405 0.78293 e
933.70756 16.61725 0.15225 0.01829 0.98817 eb
937.55188 0.90132 0.19284 -0.80801 0.55672 e
943.06441 1.64557 0.41643 -0.48434 0.76942 eb
947.83085 4.47523 0.17788 0.07357 0.98130 e
947.93665 8.84220 -0.03024 0.25413 0.96670 xb
948.55356 7.00764 -0.15692 -0.27464 0.94866 e
949.07905 16.80891 -0.09547 -0.02379 0.99515 e
949.89002 6.10939 -0.14812 -0.12907 0.98051 e
951.46529 1.55868 -0.50129 -0.45380 0.73673 e
963.13067 9.64091 -0.08768 -0.11775 0.98916 e
964.12485 7.91460 0.02075 0.26996 0.96265 x
969.03565 7.35150 -0.14300 0.17678 0.97381 x
973.85087 14.22137 0.08266 0.19576 0.97716 e
974.21450 4.23263 0.35181 0.24743 0.90278 e
977.27055 7.44648 0.15708 -0.05642 0.98597 e
978.16293 6.91709 0.24952 0.07904 0.96514 eb
979.62687 7.10816 -0.20700 -0.01107 0.97828 e
981.32725 5.96192 -0.34099 -0.08794 0.93595 eb
984.74788 1.83864 -0.24692 0.44773 0.85940 x
984.84971 1.98040 0.29356 -0.39251 0.87164 e
990.84144 5.15606 -0.31765 0.20919 0.92485 e
991.23723 7.18389 0.12188 0.24392 0.96211 e
992.82637 19.56717 -0.09063 -0.11481 0.98925 e
999.21276 12.54175 -0.13234 0.13517 0.98194 eb
1002.36904 1.87605 -0.55116 -0.07747 0.83080 e
1006.24627 6.64058 -0.22483 -0.14703 0.96324 eb
1008.70911 1.26038 0.72594 0.12226 0.67681 e
1009.44748 4.55613 -0.10489 0.17179 0.97953 xb
1011.76627 13.13362 -0.10232 0.11583 0.98798 x
1016.98497 6.07915 -0.09292 -0.33805 0.93653 e
1019.06190 24.86904 0.02396 0.06877 0.99734 xb
1024.20879 5.20466 0.32916 0.04224 0.94333 eb
1024.52037 15.03178 -0.07643 0.13056 0.98849 e
1030.21052 13.42461 0.00149 0.17954 0.98375 xb
1030.62346 15.51855 0.13743 0.04397 0.98953 xb
1037.49628 8.65288 0.15874 0.08880 0.98332 e
1039.80432 10.29365 -0.02047 -0.06180 0.99788 e
1040.68712 3.99209 -0.23346 0.26690 0.93502 x
1041.48888 4.56652 -0.11899 0.28232 0.95191 e
1049.18782 7.61783 -0.23151 -0.17154 0.95759 xb
1049.54443 5.45058 0.17258 -0.18524 0.96742 eb
1055.06250 3.50296 -0.36306 -0.04259 0.93079 e
1058.64765 9.33893 0.15575 0.22368 0.96214 x
1067.54742 5.48688 0.08312 -0.22345 0.97117 e
1068.05316 11.06673 0.19421 -0.08085 0.97762 e
1068.45972 7.35640 0.12788 0.26279 0.95634 e
1071.20746 1.13718 -0.65544 -0.39041 0.64652 x
1072.64164 6.55954 0.00133 -0.17178 0.98513 xb
1073.71785 9.42913 -0.11075 -0.16350 0.98031 e
1077.01631 1.36640 -0.60514 0.38593 0.69632 x
1078.15572 4.23686 -0.15674 0.37454 0.91387 eb
1083.31942 3.10270 0.19380 0.42257 0.88537 eb
1085.96037 0.80225 0.59746 0.57995 0.55381 xb
1090.04671 9.00780 -0.02842 0.00258 0.99959 e
1090.31756 8.02951 -0.03332 -0.18896 0.98142 e
1091.43350 8.10637 0.18792 -0.18621 0.96437 x
1094.88989 2.15429 -0.51180 0.16775 0.84256 e
1096.53665 15.88490 0.00735 -0.02147 0.99974 x
1097.38546 8.99142 0.18410 -0.00658 0.98289 e
1104.91521 1.46340 -0.60763 0.35658 0.70967 xb
1113.14056 2.06605 -0.53596 0.05834 0.84222 e
1113.52798 8.80830 0.09087 0.24789 0.96452 x
1119.54941 1.25289 0.52992 0.51395 0.67456 xb
1123.66739 2.15592 -0.54218 -0.16981 0.82292 xb
1123.89880 4.97381 -0.31575 -0.00051 0.94884 eb
1123.98128 5.61643 -0.00960 -0.34898 0.93708 x
1133.02627 1.51391 0.10120 -0.65287 0.75068 e
1133.09103 17.79465 -0.06357 -0.03804 0.99725 e
1134.48353 16.94027 -0.00575 -0.07788 0.99695 eb
1142.93701 5.24818 0.05607 -0.00162 0.99843 e
1144.33926 2.11581 -0.19389 0.52762 0.82706 eb
1152.10506 20.97758 -0.01279 0.05900 0.99818 xb
1159.83191 17.25956 -0.09920 -0.11346 0.98858 x
1163.27590 4.67612 0.23305 0.19699 0.95230 x
1171.45744 12.68148 0.09739 -0.00380 0.99524 e
1181.31221 4.16055 0.31825 0.08623 0.94408 eb
1181.46200 12.29084 -0.05385 0.08420 0.99499 e
1182.77117 2.60366 -0.46100 -0.29326 0.83754 e
1196.69399 2.42472 -0.39222 0.33372 0.85720 xb
1201.75748 2.57619 0.00921 -0.30005 0.95388 x
1207.59618 1.95155 -0.43150 -0.31156 0.84661 xb
1222.94007 6.74682 -0.06279 -0.17385 0.98277 eb
1223.73497 0.81599 -0.32811 -0.79822 0.50517 e
1231.92202 12.63016 0.14980 -0.14037 0.97870 x
1233.93310 6.43248 -0.27384 -0.06595 0.95951 x
1241.72281 8.78109 -0.10472 -0.22657 0.96835 eb
1246.47556 12.71115 -0.01236 -0.16933 0.98548 e
1249.38959 0.96362 0.71829 -0.38684 0.57829 xb
1253.58259 4.33749 -0.23339 0.32690 0.91579 e
1258.33682 2.75723 0.12794 -0.47021 0.87323 eb
1264.51693 1.75986 0.53805 0.17580 0.82438 xb
1265.18632 2.16640 -0.51408 -0.29532 0.80530 e
1267.48938 6.94597 0.00478 -0.01679 0.99985 e
1277.44913 0.83234 0.72141 -0.44108 0.53387 e
1281.93791 1.92370 -0.37366 0.38352 0.84456 e
1282.84916 13.98916 -0.12480 -0.16636 0.97813 xb
1284.88037 19.34843 0.09311 0.09690 0.99093 x
1288.65944 6.34057 0.15121 -0.16062 0.97537 e
1289.07513 0.83656 -0.32033 0.76390 0.56022 xb
1300.12724 4.40419 0.12063 0.09480 0.98816 e
1302.50918 7.60515 0.11229 -0.00788 0.99364 eb
1306.99167 5.46334 -0.05852 0.25881 0.96415 e
1310.47830 1.69488 0.26816 0.58903 0.76232 xb
1311.19711 6.85213 -0.20749 -0.20500 0.95651 x
1314.33962 15.29875 0.10638 0.09254 0.99001 e
1315.65799 3.88106 0.38606 0.22349 0.89499 e
1317.96206 3.92979 -0.36491 0.22361 0.90379 e
1319.43709 1.31341 0.63469 -0.35074 0.68859 xb
1323.56555 10.79527 -0.09418 -0.17364 0.98029 e
1330.35127 7.79599 0.07968 -0.14089 0.98681 e
1333.45887 4.08650 0.20049 -0.36334 0.90983 eb
1333.74564 5.41800 0.17924 -0.27282 0.94522 xb
1333.94511 9.09090 -0.01949 0.00046 0.99981 x
1343.19579 7.18163 0.26983 0.10656 0.95699 xb
1349.92577 8.64814 -0.24245 0.02872 0.96974 xb
1351.48604 5.70372 0.16004 0.16191 0.97374 eb
1353.47093 4.78369 -0.16615 -0.37776 0.91088 xb
1355.66695 11.71024 -0.12133 0.19022 0.97422 x
1355.71086 4.21889 0.04743 0.40324 0.91386 xb
1359.69987 2.57464 -0.02824 0.48972 0.87142 e
1361.71584 5.36296 -0.25118 -0.14969 0.95630 e
1363.91934 1.59754 -0.52214 0.39887 0.75384 e
1364.78519 9.57441 -0.07462 0.13602 0.98789 e
1366.86053 11.10733 -0.01794 0.11179 0.99357 xb
1375.05278 3.42113 -0.23696 0.40420 0.88344 xb
1381.91322 5.15399 -0.31589 0.18533 0.93052 x
1385.06590 2.14873 -0.47106 -0.22704 0.85238 e
1387.97571 7.77327 0.11187 0.25724 0.95985 x
1395.10574 5.67441 0.02056 -0.23987 0.97059 x
1397.94360 7.33820 -0.12563 -0.24562 0.96119 eb
1401.60528 3.58790 -0.39124 -0.06559 0.91795 e
1403.85365 13.23232 -0.15174 0.00004 0.98842 e
1404.40712 6.50219 0.14947 -0.10419 0.98326 e
1412.41834 2.50077 0.39378 -0.37257 0.84031 x
1415.69160 4.28045 -0.40243 0.16839 0.89983 x
1416.78381 9.35038 0.23987 0.05567 0.96921 x
1422.82569 4.05319 -0.08595 -0.40292 0.91119 e
1427.01258 3.75150 -0.41293 -0.18970 0.89079 eb
1440.06248 2.87730 0.46558 -0.03726 0.88422 e
1440.71301 4.97086 0.21975 -0.19000 0.95687 e
1448.03306 5.02976 0.15278 0.25398 0.95507 e
1449.30528 8.91096 -0.00250 -0.19520 0.98076 e
1449.81691 3.07015 -0.46441 0.08925 0.88111 xb
1449.92996 4.98851 -0.29085 0.04057 0.95591 e
1453.77110 8.39736 0.25485 -0.07875 0.96377 xb
1460.98969 2.62426 -0.37763 -0.33135 0.86464 e
1462.54630 20.37945 0.02484 -0.08970 0.99566 eb
1465.27224 9.47816 0.08897 0.09834 0.99117 eb
1470.33687 1.61345 0.15747 -0.58622 0.79470 x
1476.56795 7.95395 0.05952 -0.13984 0.98838 x
1484.90952 16.59606 -0.03214 0.10092 0.99438 e
1493.29919 0.77451 -0.56680 -0.66912 0.48064 e
1493.45212 2.51201 0.10488 0.39129 0.91427 x
1494.81790 6.67355 -0.00722 0.27321 0.96193 e
1499.10211 3.73339 -0.42550 -0.12931 0.89567 eb
1499.82014 4.35566 -0.21000 0.28181 0.93621 xb
1502.25229 2.21581 -0.50084 0.01682 0.86537 e
1512.47127 1.95680 0.05477 0.58539 0.80890 e
1514.64147 3.69209 -0.33354 0.24070 0.91149 e
1519.32089 0.99385 0.36607 0.70644 0.60575 eb
1525.42741 4.91071 0.24412 -0.18753 0.95144 eb
1528.55699 12.01232 -0.16889 0.00451 0.98562 eb
1528.96220 4.23851 -0.06626 0.19527 0.97851 e
1529.07068 15.75487 -0.11993 -0.02505 0.99247 xb
1529.59359 8.41035 0.17097 -0.07082 0.98273 eb
1530.89982 7.81113 -0.07962 0.15066 0.98537 e
1531.33410 2.05761 -0.13509 -0.59399 0.79305 xb
1534.05836 3.16746 -0.31527 -0.17813 0.93213 e
1536.98241 4.24551 0.29856 -0.17239 0.93869 xb
1537.18831 0.95357 0.42680 -0.65659 0.62188 e
1537.72059 6.01560 0.02742 0.26323 0.96434 x
1550.87800 13.46615 -0.00520 -0.11330 0.99355 e
1552.25051 9.48059 0.03355 -0.24182 0.96974 e
1554.83913 1.80336 -0.10129 -0.61908 0.77877 e
1556.96895 0.85554 0.75329 0.38158 0.53568 eb
1557.29954 3.40489 -0.43073 0.11691 0.89487 e
1560.69928 2.82811 -0.10180 0.41986 0.90186 xb
1562.84776 14.82525 -0.01658 -0.07610 0.99696 e
1569.74729 13.15904 -0.17083 0.04354 0.98434 x
1571.87519 2.89903 0.43889 -0.17306 0.88172 e
1572.79511 1.62778 0.62652 -0.19230 0.75531 x
1573.84822 2.18328 0.05439 -0.57104 0.81912 e
1574.39396 2.97348 -0.44737 0.00807 0.89431 e
1579.59142 4.93542 -0.12522 0.31265 0.94158 x
1591.09136 4.02657 -0.24874 -0.35867 0.89972 xb
1592.29540 3.44451 0.42278 0.15833 0.89230 eb
1593.65388 3.56877 -0.19858 -0.38828 0.89989 x
1594.75052 3.09245 -0.26694 0.28489 0.92064 x
1595.80205 4.31427 0.39569 0.08903 0.91406 xb
1599.79366 9.48785 0.11410 0.20938 0.97115 e
1603.34337 7.66130 0.19082 -0.07541 0.97872 eb
1607.62345 2.51584 0.40246 -0.34012 0.84991 eb
1611.88564 6.89922 -0.28757 -0.02013 0.95755 x
1613.35414 3.43502 0.30421 0.05189 0.95119 e
1638.64386 8.35402 -0.27559 -0.06650 0.95897 e
1648.52359 7.44693 0.29128 -0.04611 0.95553 eb
1652.50782 34.61000 0.03254 0.03256 0.99894 xb
1656.08705 3.27183 -0.46812 -0.02543 0.88330 e
1658.77407 6.49980 0.11168 -0.32756 0.93821 x
1664.18892 9.99283 -0.12920 -0.00736 0.99159 x
1665.71370 6.74238 0.28924 -0.18048 0.94009 xb
1670.39195 8.35581 0.21328 -0.18890 0.95856 x
1671.08349 2.61400 -0.35199 0.25970 0.89925 e
1676.34101 8.36252 -0.13712 -0.21978 0.96586 e
1677.50249 6.64990 0.25975 -0.09417 0.96107 x
1680.51078 6.97419 0.26527 0.11857 0.95686 e
1681.72585 6.42033 0.04962 0.33011 0.94264 xb
1685.36431 13.02388 -0.11672 0.01880 0.99299 xb
1691.26481 4.31065 -0.38176 0.18224 0.90612 xb
1697.17482 1.40092 -0.08736 -0.70280 0.70601 x
1701.91046 13.00823 0.12724 0.05685 0.99024 eb
1710.28042 8.44833 -0.19107 -0.04488 0.98055 e
1711.67073 5.81504 -0.09041 0.24694 0.96480 e
1713.06476 13.43344 -0.14694 0.08738 0.98528 e
1719.65336 4.75282 -0.02828 0.12699 0.99150 e
1733.24727 4.00457 -0.28408 -0.23892 0.92856 e
1751.73823 7.42351 0.15998 0.05905 0.98535 e
1757.17152 6.56891 0.05936 -0.18595 0.98076 e
1757.62838 6.88554 -0.17923 0.21561 0.95989 x
1761.08923 3.50804 0.42901 -0.05630 0.90155 e
1765.82607 6.62179 -0.25185 0.04993 0.96648 xb
1769.11970 4.75156 0.03273 -0.28427 0.95818 e
1769.78305 6.61859 0.12467 0.19150 0.97354 e
1775.29701 1.56604 -0.13216 0.65959 0.73992 xb
1784.39772 13.60205 0.09401 -0.13574 0.98627 x
1784.62225 5.76828 0.04225 0.12114 0.99174 e
1793.08698 4.19697 0.12553 -0.35977 0.92456 eb
1799.21970 2.98601 -0.31569 0.39808 0.86132 e
1801.35649 5.66728 -0.11973 0.17445 0.97736 xb
1805.97171 2.49091 0.45806 -0.15936 0.87452 x
1806.99188 3.99618 -0.33916 0.18063 0.92322 xb
1814.03204 5.48916 0.08926 -0.11939 0.98883 eb
1814.37154 8.90249 -0.00626 0.08257 0.99657 e
1814.70789 2.29421 -0.33323 -0.45731 0.82452 e
1820.79696 24.66457 0.04229 -0.07610 0.99620 x
1830.16900 7.40834 -0.24129 -0.03812 0.96971 eb
1834.31280 10.84088 0.19810 0.11794 0.97306 x
1834.33294 4.97176 -0.26916 0.25133 0.92972 x
1837.48201 6.97806 -0.01112 0.11623 0.99316 e
1846.79704 8.53949 -0.21382 0.03129 0.97637 eb
1847.62180 17.78450 0.09287 0.02578 0.99534 x
1850.82334 8.10261 -0.12916 -0.16902 0.97711 x
1857.52862 3.02544 0.42906 0.25183 0.86746 eb
1860.45950 6.57766 0.18289 0.12469 0.97519 eb
1862.80574 2.38435 -0.26024 0.43813 0.86042 x
1863.02551 10.16029 0.03367 -0.13023 0.99091 eb
1879.47833 5.04496 0.14036 0.28137 0.94928 e
1884.17426 6.08934 0.14764 0.31951 0.93601 eb
1889.61915 3.46989 -0.33272 -0.14892 0.93119 e
1890.21991 3.97780 -0.28280 -0.28238 0.91667 eb
1898.31086 6.16353 0.11212 -0.20850 0.97158 x
1902.61314 9.28196 0.17692 0.11409 0.97759 x
1904.23585 0.98496 -0.68553 -0.18754 0.70347 e
1911.94770 1.76648 0.18260 0.60172 0.77756 e
1914.92377 3.43296 0.35841 -0.26123 0.89627 e
1921.07951 2.29831 0.50675 -0.02796 0.86164 eb
1925.45324 23.38308 -0.08366 0.08245 0.99308 xb
1927.55535 1.27156 -0.15815 -0.67143 0.72400 x
1936.80944 2.17781 -0.23783 -0.51511 0.82347 eb
1946.59829 6.56344 0.15987 -0.14282 0.97675 eb
1951.16417 1.10001 -0.29056 0.72358 0.62611 e
1963.06381 9.88454 0.22977 -0.00018 0.97324 eb
1973.68161 1.84472 0.10022 0.60722 0.78819 xb
1977.36412 1.99989 -0.19898 -0.54659 0.81342 e
1993.16931 4.33618 -0.24036 0.04624 0.96958 e
1995.83656 2.30624 -0.29377 -0.46854 0.83317 xb
2003.77048 6.85943 -0.09141 0.29101 0.95234 e
2006.69933 7.16032 -0.13726 -0.14830 0.97937 e
2008.56419 5.10085 0.27978 -0.21730 0.93515 xb
2009.13963 6.61204 -0.12405 0.30541 0.94411 eb
2014.38959 14.14988 0.07335 -0.01112 0.99724 x
2053.40079 4.38220 0.37200 -0.08570 0.92427 xb
2059.25748 9.94026 -0.15421 0.06503 0.98590 e
2063.95574 5.20423 -0.32604 0.03647 0.94465 eb
2080.71535 2.22320 -0.06907 0.53297 0.84331 e
2082.50905 11.45197 0.06484 0.19743 0.97817 e
2085.94138 1.15121 0.00877 0.71120 0.70293 e
2092.65689 3.40473 0.17952 -0.40040 0.89858 e
2094.25666 1.10735 -0.11131 -0.76464 0.63477 eb
2103.06382 2.07151 0.45998 -0.37050 0.80694 e
2104.74012 6.52205 -0.20196 0.15681 0.96676 e
2106.39094 11.41953 -0.09092 -0.03068 0.99539 eb
2106.85143 16.95667 0.04448 0.15310 0.98721 x
2109.93422 9.46670 0.22652 0.00962 0.97396 e
2110.31951 10.37410 0.17839 -0.06544 0.98178 e
2112.53174 1.32067 0.25651 0.64852 0.71667 x
2136.92340 13.65818 -0.03513 -0.14377 0.98899 x
2140.05665 0.78797 0.81998 0.31776 0.47610 xb
2150.25213 7.54475 0.22777 -0.07290 0.97098 x
2151.80209 1.45253 0.66922 0.01488 0.74291 eb
2156.21684 3.12127 0.08750 -0.17579 0.98053 x
2156.70260 6.81388 0.29378 0.10185 0.95043 e
2159.16867 7.07391 0.07926 -0.27029 0.95951 x
2160.05745 2.96929 0.07612 -0.49505 0.86552 eb
2163.31239 12.64340 -0.00378 0.21430 0.97676 xb
2172.20673 7.19739 -0.17534 -0.20309 0.96333 eb
2173.63062 7.51994 -0.08275 0.25524 0.96333 eb
2180.69532 7.13277 -0.01448 0.12522 0.99202 e
2186.48680 17.86125 -0.02451 -0.11055 0.99357 xb
2188.35545 1.28115 -0.73491 -0.07201 0.67433 e
2188.57234 4.74510 -0.15973 -0.38579 0.90865 e
2189.63246 4.15245 0.35448 -0.01090 0.93500 x
2199.04559 4.69391 0.40876 -0.07267 0.90975 eb
2206.32796 5.08060 0.36544 0.01845 0.93065 xb
2207.16897 12.27724 -0.11894 0.04793 0.99174 xb
2220.37381 5.05442 0.08299 -0.19332 0.97762 e
2220.44945 2.41015 -0.25547 0.27427 0.92710 xb
2226.90523 4.75536 -0.35090 -0.14736 0.92475 e
2231.40805 1.05406 -0.70645 -0.35113 0.61453 eb
2231.44086 8.10647 -0.25174 -0.16330 0.95392 xb
2237.55429 8.14145 0.07888 0.13474 0.98774 eb
2239.64733 21.43751 -0.00630 0.08500 0.99636 xb
2250.48194 17.69673 -0.04401 -0.01355 0.99894 e
2253.35694 3.37351 0.14847 0.43312 0.88902 xb
2262.20564 9.73379 0.20083 -0.15577 0.96716 x
2262.65235 5.16781 0.12906 0.03551 0.99100 xb
2262.70822 1.77780 0.18188 0.49986 0.84679 e
2263.03857 2.18620 -0.46082 -0.26570 0.84679 xb
2263.35904 1.67281 0.51749 -0.36759 0.77271 e
2270.32937 17.47868 -0.06930 -0.05987 0.99580 xb
2281.31469 2.14205 -0.48087 0.19225 0.85546 x
2285.45261 10.06088 0.05645 -0.11836 0.99136 x
2295.67784 1.32542 -0.64217 0.33243 0.69072 eb
2323.18692 7.95084 -0.13386 0.24106 0.96124 x
2325.21349 11.37401 0.14394 0.12852 0.98120 x
2330.48164 10.79526 0.05053 0.19271 0.97995 x
2336.27949 18.55836 0.08711 -0.01581 0.99607 x
2337.93058 2.67520 0.01167 -0.50239 0.86456 x
2349.06808 3.05988 0.05699 -0.39646 0.91628 e
2350.17267 2.55843 -0.48122 0.26263 0.83633 e
2350.42708 1.05071 0.76045 -0.21072 0.61426 eb
2360.55378 6.93119 0.15237 0.17232 0.97319 eb
2362.86750 3.75469 -0.00685 -0.42721 0.90413 e
2368.90037 1.67273 -0.58613 0.15796 0.79467 e
2372.14709 9.26293 0.15259 -0.13962 0.97838 x
2373.19151 4.51439 0.31134 -0.04920 0.94902 eb
2392.51804 4.48368 0.29955 0.15942 0.94067 e
2393.44889 7.64785 0.20563 0.03973 0.97782 e
2401.82161 10.66583 -0.04291 -0.20869 0.97704 eb
2410.82672 1.50165 0.43700 0.53640 0.72201 x
2425.98218 3.12447 0.32434 0.26779 0.90725 e
2426.22285 3.17277 0.27224 -0.40788 0.87151 x
2428.46738 8.47799 -0.18741 0.09181 0.97798 xb
2437.41572 11.43389 0.16426 -0.05232 0.98503 e
2456.33428 3.40668 0.10723 0.28875 0.95138 e
2462.87628 1.45079 -0.67556 0.15127 0.72162 xb
2476.72433 7.99260 0.16425 -0.22785 0.95974 e
2477.49432 11.34490 -0.03328 -0.06747 0.99717 x
2480.99452 3.54765 -0.37357 0.26807 0.88802 x
2504.26430 4.60424 0.23332 -0.31726 0.91919 e
2507.54106 2.15693 0.20349 -0.51799 0.83083 e
2526.14261 4.23980 -0.36305 0.18006 0.91420 x
2527.80191 6.47846 -0.19927 -0.15635 0.96739 e
2539.42621 2.57374 0.16783 -0.48081 0.86062 e
2541.28115 1.25670 0.07814 0.73713 0.67122 eb
2542.93078 1.35206 -0.57963 -0.21967 0.78471 x
2543.18378 3.53984 -0.15462 -0.38461 0.91004 e
2559.43175 5.84649 -0.33005 -0.13004 0.93496 xb
2560.25754 5.26918 0.05282 0.28219 0.95790 eb
2561.65487 3.64633 -0.33225 -0.23194 0.91423 xb
2563.61938 2.19733 -0.23876 0.43840 0.86649 eb
2571.33115 8.39172 0.01642 0.10553 0.99428 e
2574.11607 14.62317 -0.05184 0.06487 0.99655 eb
2582.67345 6.03171 -0.00606 0.24528 0.96943 e
2583.93944 8.07144 -0.11786 -0.07618 0.99010 x
2584.40837 3.60924 0.32970 0.16721 0.92916 e
2589.65364 5.33055 -0.00959 -0.13051 0.99140 e
2593.55052 6.96642 0.02502 -0.16094 0.98665 e
2605.05902 2.62467 0.08644 0.48902 0.86798 eb
2607.80784 7.93796 -0.19712 -0.09004 0.97624 xb
2608.73632 2.71213 -0.25736 -0.46617 0.84643 e
2611.48470 2.52604 0.46014 -0.26235 0.84820 e
2613.41612 3.50897 -0.18767 -0.01652 0.98209 x
2614.56697 0.92975 0.82726 0.01944 0.56148 e
2615.11338 10.67790 0.16197 0.02129 0.98657 e
2615.71416 12.27094 -0.08708 0.00995 0.99615 eb
2618.86482 7.42480 -0.27779 -0.14328 0.94990 xb
2620.40775 3.72760 0.31479 -0.14712 0.93769 x
2621.98296 11.73479 -0.12854 -0.09289 0.98734 e
2636.92638 5.80870 0.10628 0.22042 0.96960 e
2657.36298 15.93076 -0.00512 0.11183 0.99371 e
2661.74266 15.08695 -0.16505 0.07225 0.98364 e
2668.96211 4.66876 -0.33617 -0.02839 0.94137 xb
2672.22399 1.46303 0.08765 0.64499 0.75915 e
2682.40440 4.84798 -0.10801 -0.31578 0.94266 eb
2688.79471 5.46178 0.19521 -0.18645 0.96288 e
2689.42842 8.96367 0.18951 -0.18085 0.96508 eb
2689.47773 1.61908 -0.65637 -0.11277 0.74596 eb
2693.55010 2.06599 -0.52335 0.19732 0.82895 e
2699.76805 10.43042 0.19771 -0.12481 0.97228 xb
2703.94059 5.35891 -0.14518 -0.30086 0.94255 eb
2704.73412 0.89321 0.57022 0.59899 0.56219 e
2704.78818 10.05080 -0.01833 0.24112 0.97032 xb
2705.58655 20.71212 -0.11710 0.01882 0.99294 xb
2708.04336 5.64492 -0.01588 -0.19303 0.98106 e
2712.66512 6.01536 -0.27320 -0.11213 0.95540 e
2727.90641 18.24452 0.04234 -0.04470 0.99810 e
2736.89603 2.94104 0.36477 0.27079 0.89085 e
2739.96450 4.97197 0.27314 0.16263 0.94813 e
2754.25145 14.22462 -0.12111 -0.02906 0.99221 x
2759.50754 1.43740 -0.55640 0.35822 0.74973 x
2760.85290 2.02555 -0.04702 -0.54900 0.83450 eb
2773.32013 12.47897 -0.05896 0.06637 0.99605 e
2781.24672 9.33175 0.14804 0.07516 0.98612 e
2782.47631 5.16994 -0.26751 0.27270 0.92416 x
2800.12830 8.89842 0.02161 -0.25459 0.96681 xb
2800.71209 5.79003 -0.31364 0.12931 0.94070 x
2803.16674 1.85120 0.53751 -0.17794 0.82427 eb
2803.52253 2.16974 -0.01713 -0.59765 0.80157 e
2803.72099 15.53709 0.04354 0.07177 0.99647 xb
2806.76267 10.52883 -0.03455 -0.06270 0.99743 e
2813.89154 4.58842 -0.04918 0.39061 0.91924 xb
2817.85829 21.74887 0.00570 -0.15039 0.98861 x
2822.77204 3.85333 0.31062 -0.10560 0.94465 eb
2828.36574 0.88060 -0.54565 -0.64019 0.54076 eb
2833.15070 4.14413 0.32077 -0.26760 0.90857 x
2834.75243 1.69747 -0.24816 0.60454 0.75693 eb
2860.28842 8.22419 -0.07522 0.11221 0.99083 e
2861.34789 13.91843 0.13530 -0.05915 0.98904 x
2868.63132 3.93519 -0.41366 0.09837 0.90510 x
2895.94543 5.65395 -0.29946 0.10456 0.94836 x
2899.31367 1.53319 0.54807 0.38287 0.74366 eb
2900.72723 1.11293 -0.69528 -0.20845 0.68784 eb
2902.98118 2.35335 -0.50177 -0.13870 0.85381 eb
2936.22697 1.10569 -0.21556 -0.74087 0.63611 e
2940.08779 2.57688 -0.40674 -0.34194 0.84714 e
2947.45951 15.26720 -0.00353 -0.07253 0.99736 x
2952.94470 6.29115 0.21643 0.06489 0.97414 e
2963.22577 11.46555 0.05107 0.22191 0.97373 x
2964.85248 7.48097 -0.13017 0.19443 0.97224 e
2973.81493 2.59643 -0.51533 0.10498 0.85054 e
2975.22680 1.65504 0.08383 -0.62872 0.77310 e
2979.92987 2.48000 -0.51278 0.08098 0.85469 xb
2998.78161 5.85883 -0.17269 0.08301 0.98147 e
3008.46589 7.74478 -0.14434 0.11698 0.98259 x
3010.07952 7.43723 0.22822 -0.11318 0.96701 e
3011.48593 0.77322 -0.05963 0.88442 0.46288 eb
3017.07264 15.21322 0.10358 0.03471 0.99402 x
3033.83466 1.31866 -0.47946 -0.54583 0.68716 e
3034.20993 14.00463 0.01051 0.14624 0.98919 x
3039.78821 9.47178 0.07819 -0.04499 0.99592 x
3058.72128 11.09963 -0.02932 -0.05743 0.99792 e
3071.16412 6.90547 -0.09946 0.15932 0.98220 e
3074.96888 1.27600 -0.51003 -0.42060 0.75031 e
3080.98618 1.40731 0.52049 -0.48045 0.70588 xb
3084.96150 6.53707 -0.10805 0.32011 0.94120 x
3088.69114 6.24940 -0.02073 0.31706 0.94818 e
3089.28507 5.97183 -0.11109 0.28192 0.95299 x
3103.15949 7.44073 -0.27296 0.11398 0.95525 x
3104.32306 5.75162 0.05841 0.32310 0.94456 e
3108.08315 3.84347 -0.39195 0.03729 0.91923 e
3112.57900 20.54469 0.03173 0.01282 0.99941 e
3122.68121 2.10739 0.52702 0.18656 0.82913 e
3127.35717 1.34485 0.27222 -0.65732 0.70273 e
3135.85876 7.91310 0.24059 -0.05643 0.96899 e
3141.12967 10.66046 -0.01586 -0.02353 0.99960 e
3142.00552 6.48120 0.21430 -0.15202 0.96487 e
3148.38371 1.79774 -0.49438 0.37523 0.78409 xb
3153.91538 7.81947 -0.19136 -0.10003 0.97641 e
3156.61506 8.39944 -0.10255 0.17266 0.97963 eb
3164.30509 1.78742 0.05777 -0.61056 0.78986 e
3168.55786 15.30608 0.11024 0.01970 0.99371 e
3176.33652 3.40209 0.32009 0.11466 0.94042 x
3178.32161 7.35324 -0.03239 0.04828 0.99831 x
3179.90167 11.37840 0.04474 -0.18209 0.98226 xb
3186.18854 8.60854 0.14677 0.03816 0.98843 e
3195.20434 10.50432 -0.14073 -0.16572 0.97608 e
3196.85300 8.50480 0.04270 0.23331 0.97146 e
3204.97602 4.40880 0.31976 0.07606 0.94444 e
3234.64581 3.72219 0.31396 0.06967 0.94688 e
3235.34725 3.55133 0.47300 -0.02047 0.88082 eb
3246.00781 7.35937 0.21623 0.08902 0.97227 e
3249.60363 1.46300 -0.19640 -0.64016 0.74272 eb
3251.80141 3.95982 0.36107 -0.00243 0.93254 xb
3256.95983 1.53804 0.66446 0.14411 0.73330 eb
3259.36870 2.13603 -0.41782 0.37046 0.82957 eb
3262.56214 6.71887 0.20872 0.00295 0.97797 xb
3267.45681 4.42574 0.21555 0.30620 0.92724 xb
3271.10587 6.21374 -0.05683 -0.26268 0.96321 e
3288.70549 7.29158 -0.18185 0.21237 0.96012 eb
3296.28908 11.33286 0.03317 -0.19169 0.98089 e
3299.88210 0.87877 -0.45324 -0.69039 0.56386 e
3318.04244 9.85343 0.16162 -0.07610 0.98391 eb
3322.12890 6.75885 -0.11053 -0.05810 0.99217 e
3322.53179 4.35476 0.22690 0.10142 0.96862 e
3327.24715 1.11295 0.47577 0.61853 0.62534 x
3330.52328 12.59049 -0.00524 0.01923 0.99980 x
3330.78160 14.18683 0.17932 -0.08869 0.97978 eb
3332.15300 1.34993 -0.60457 -0.15388 0.78155 eb
3339.93759 16.82839 -0.00787 -0.06928 0.99757 e
3341.52327 4.86341 -0.02751 -0.17790 0.98366 e
3343.02647 18.26024 0.12138 0.10432 0.98711 x
3351.49131 4.15313 0.15313 0.34993 0.92417 xb
3354.71725 3.77208 -0.01204 0.39196 0.91990 eb
3361.98312 4.61626 -0.35416 0.17382 0.91889 e
3374.47915 7.14209 0.28919 0.03539 0.95662 x
3376.89198 2.08400 0.56950 -0.15177 0.80786 xb
3388.07457 2.63603 0.47551 0.18587 0.85985 e
3400.49913 6.27498 0.23365 0.17623 0.95622 e
3404.06801 9.86704 0.08019 0.08829 0.99286 e
3413.56540 7.29334 0.22636 -0.14716 0.96286 x
3417.57424 2.36056 -0.56368 0.12123 0.81705 xb
3420.29816 1.21538 -0.37624 0.64854 0.66169 e
3431.89869 0.92531 -0.77927 -0.28534 0.55796 eb
3432.72643 1.95388 -0.11503 -0.47556 0.87213 x
3456.50719 5.92119 0.20087 -0.26400 0.94337 e
3466.57871 6.07278 -0.27354 -0.04391 0.96086 e
3472.34529 0.80715 0.77835 -0.38326 0.49727 eb
3478.34598 2.04828 0.01226 -0.57501 0.81806 e
3502.13872 1.55366 0.42594 0.48994 0.76061 eb
3505.34709 6.59756 0.04148 0.09279 0.99482 e
3513.75604 26.63640 0.03439 -0.01579 0.99928 eb
3514.58605 12.88668 -0.03322 0.15464 0.98741 xb
3525.67664 10.03491 0.19110 -0.10986 0.97540 e
3526.25236 1.36073 -0.60767 0.14595 0.78066 x
3543.45581 10.17625 0.11979 -0.15058 0.98131 eb
3548.30868 3.95400 0.35843 0.23679 0.90303 x
3559.53891 2.40829 -0.42277 -0.26526 0.86655 e
3561.72167 4.32221 0.30116 -0.16346 0.93946 e
3569.42834 7.69477 0.04793 -0.09729 0.99410 e
3595.78011 3.95042 0.35449 0.07805 0.93180 eb
3600.07575 7.11580 0.00626 0.30677 0.95176 eb
3602.36869 5.72479 0.31383 0.13373 0.94001 eb
3603.41026 2.32133 -0.27820 0.48660 0.82815 xb
3603.56779 5.34023 0.34217 0.02576 0.93929 x
3628.70554 2.59387 0.48115 0.13426 0.86630 xb
3630.32730 0.97754 -0.80533 -0.14722 0.57426 eb
3646.16605 6.41410 0.14350 -0.15405 0.97759 x
3652.74166 3.68343 -0.37012 0.11517 0.92182 e
3680.37701 1.84620 0.59678 -0.02070 0.80214 xb
3683.64750 10.55251 -0.03458 0.19663 0.97987 xb
3688.24864 5.54237 -0.27531 -0.16781 0.94660 x
3703.61809 5.92425 -0.06684 -0.02119 0.99754 e
3719.35919 10.47988 -0.10922 -0.06222 0.99207 e
3721.62595 12.53688 0.10699 -0.01844 0.99409 e
3746.76657 14.41486 -0.01535 0.06072 0.99804 e
3760.98227 1.11534 0.62287 0.41099 0.66568 e
3771.72813 1.26673 0.15415 -0.68033 0.71651 x
3772.49910 19.47905 0.08049 0.03274 0.99622 x
3772.59530 11.27386 0.11188 -0.17935 0.97740 e
3773.05193 4.36242 -0.11594 0.35194 0.92881 e
3773.77991 4.14507 -0.29903 -0.06624 0.95194 e
3775.72642 3.36875 -0.43158 0.10002 0.89651 x
3785.29147 9.97707 0.08510 -0.03616 0.99572 x
3795.57988 1.94566 0.44408 0.36640 0.81765 eb
3809.99504 2.06632 -0.46014 -0.36957 0.80727 xb
3821.70708 15.50178 -0.13070 0.08456 0.98781 xb
3824.46584 5.79037 0.18383 0.20676 0.96097 xb
3826.63075 13.47359 0.13934 -0.01004 0.99019 e
3845.20033 2.34383 0.54781 -0.20867 0.81016 eb
3850.93724 1.37084 -0.38188 -0.57687 0.72207 eb
3854.33055 7.85882 0.03957 -0.15646 0.98689 e
3861.62835 0.91092 -0.64126 0.51480 0.56901 e
3904.91755 5.40417 0.35350 0.01829 0.93526 xb
3916.56171 6.56750 0.20151 -0.03940 0.97869 e
3928.55817 7.48698 -0.00141 -0.10713 0.99424 e
3928.99945 9.47375 -0.14598 0.13232 0.98040 e
3945.45472 2.64300 0.18826 0.44001 0.87804 e
3955.07148 1.88629 -0.47975 0.01435 0.87729 xb
3968.93319 3.17610 -0.34290 0.11878 0.93183 xb
3975.67713 7.91150 0.01003 0.27646 0.96097 xb
3981.42288 1.68777 -0.59561 0.24157 0.76609 eb
3997.95096 4.00662 -0.11561 -0.37509 0.91975 x
3999.23934 7.38782 -0.09155 -0.26096 0.96100 x
4031.37929 7.98491 -0.22166 0.11059 0.96883 xb
4049.71975 1.32383 0.37136 -0.60347 0.70563 eb
4050.49594 2.82667 0.45836 -0.20607 0.86455 xb
4081.35911 4.20669 0.17932 0.12204 0.97619 x
4098.77559 5.98122 -0.22336 -0.01966 0.97454 e
4104.01033 3.33614 -0.01045 -0.41676 0.90896 xb
4105.67385 7.29263 -0.01710 0.01515 0.99974 x
4107.72070 1.77250 0.25263 -0.58850 0.76801 xb
4121.45455 3.25716 -0.29524 -0.37758 0.87765 x
4125.80118 5.20885 0.29708 0.23515 0.92545 x
4139.46715 21.80568 0.03867 -0.02784 0.99886 xb
4145.61978 2.58007 0.46269 0.27960 0.84127 xb
4154.03821 2.42894 -0.28236 0.46043 0.84159 x
4155.42107 3.84861 -0.30302 0.31854 0.89817 e
4155.98173 1.01175 0.77562 0.21260 0.59432 xb
4160.32241 3.61913 -0.22367 0.35726 0.90683 e
4172.01010 2.66772 -0.17132 -0.18148 0.96836 eb
4177.04201 16.10687 0.12300 0.11281 0.98597 xb
4179.86579 0.89212 -0.70675 0.43242 0.55992 e
4180.22794 1.31090 0.66062 -0.23581 0.71272 eb
4190.18859 6.26141 -0.12741 0.22915 0.96502 e
4190.82467 1.84318 0.29616 -0.49646 0.81598 e
4200.29988 16.53398 -0.01912 -0.13261 0.99098 x
4204.33653 4.77930 0.28439 -0.12016 0.95115 e
4220.03599 1.74546 -0.46728 0.38386 0.79643 eb
4226.49430 9.18066 -0.10978 0.11809 0.98692 e
4231.69924 7.89713 -0.23153 -0.04358 0.97185 eb
4233.88245 5.66477 0.30053 0.01360 0.95368 xb
4236.53472 14.52310 0.06492 0.07171 0.99531 x
4246.29129 9.07573 -0.14398 -0.05733 0.98792 x
4248.20155 3.54870 -0.31933 -0.25987 0.91131 eb
4251.17597 10.00346 0.14868 -0.12941 0.98038 xb
4259.32680 1.32722 -0.41555 0.56861 0.70993 e
4275.54376 17.33932 -0.07107 -0.07369 0.99475 e
4286.71498 11.81974 -0.02555 -0.00090 0.99967 x
4289.40678 1.36325 0.35591 0.60082 0.71578 eb
4293.78925 2.27389 0.21339 -0.41559 0.88417 xb
4296.98958 5.51949 -0.24591 -0.09070 0.96504 e
4299.48701 6.93799 0.22963 -0.19687 0.95316 eb
4303.14086 6.15774 -0.14899 0.30061 0.94204 xb
4312.15913 4.48957 0.13212 -0.27024 0.95368 e
4314.99838 11.97741 0.06477 0.18842 0.97995 xb
4317.67142 2.99713 0.07363 -0.07178 0.99470 e
4342.39811 9.16185 -0.02293 0.17013 0.98515 x
4357.18964 2.24724 -0.20506 -0.47902 0.85351 x
4360.39408 16.56798 0.00519 -0.06558 0.99783 xb
4360.87522 0.80355 0.79882 -0.35606 0.48488 x
4361.79754 3.48033 -0.34925 0.10770 0.93082 e
4366.01484 3.14526 0.47982 -0.02715 0.87695 eb
4368.67248 2.10334 0.30162 -0.48146 0.82294 e
4373.02939 10.98909 -0.19000 -0.05142 0.98044 eb
4385.20266 8.86188 0.08188 -0.11939 0.98947 xb
4397.94267 3.93660 0.29619 -0.23003 0.92702 xb
4401.60547 5.46549 -0.27551 0.13486 0.95179 e
4401.95551 2.75246 0.02786 -0.50105 0.86497 e
4403.71850 1.40638 0.60555 -0.29031 0.74097 eb
4416.82998 2.96864 -0.16453 -0.31275 0.93548 e
4420.24105 9.51627 0.15747 -0.07683 0.98453 x
4428.92738 1.78106 -0.48174 0.25440 0.83858 e
4434.10497 2.04523 -0.42021 0.35971 0.83309 xb
4435.78147 2.87130 0.40857 0.14292 0.90147 eb
4443.52056 12.36260 -0.12150 -0.08405 0.98903 xb
4467.00411 7.31147 -0.10895 0.25239 0.96147 e
4476.32710 6.57779 0.12432 0.04372 0.99128 e
4496.99539 4.15962 -0.36219 0.03973 0.93126 xb
4505.03096 7.94188 -0.04644 0.10725 0.99315 x
4523.95345 9.38133 -0.16824 0.12680 0.97756 eb
4526.56822 3.37142 -0.33422 -0.30461 0.89191 xb
4527.14927 6.11740 -0.09613 -0.23116 0.96815 e
4531.08806 4.93658 0.34893 0.00154 0.93715 xb
4545.12609 1.53098 0.30189 0.61102 0.73179 x
4546.57191 4.34328 -0.28368 0.22678 0.93172 eb
4551.96006 4.85197 -0.25377 0.27546 0.92721 x
4573.93385 11.30690 0.18135 0.01324 0.98333 xb
4586.33158 12.78951 -0.01459 0.00929 0.99985 xb
4588.64377 17.16349 0.07998 0.04019 0.99599 xb
4594.12471 0.89270 -0.73757 0.40154 0.54291 eb
4637.03165 7.07545 -0.25994 -0.14904 0.95405 xb
4651.94775 10.51361 -0.03534 0.02769 0.99899 xb
4658.27378 4.10644 0.14400 -0.25628 0.95582 xb
4658.33018 2.98576 -0.12908 0.15990 0.97866 e
4658.78514 2.59834 -0.28533 0.44438 0.84918 x
4678.54809 11.06836 -0.11934 -0.15194 0.98116 xb
4687.51916 1.62458 -0.64611 0.08965 0.75796 e
4696.16584 5.28108 0.00648 -0.33508 0.94217 e
4698.74477 11.25293 0.08795 0.10458 0.99062 e
4701.62283 4.70884 0.18729 -0.27860 0.94197 eb
4703.85370 5.33267 -0.28483 0.07670 0.95550 e
4715.38684 1.51489 -0.09019 -0.68765 0.72042 x
4719.14694 4.76067 0.29837 0.04334 0.95346 e
4726.80357 1.12490 0.71547 0.25128 0.65189 e
4733.06682 0.92810 0.49403 -0.66108 0.56472 eb
4767.28325 3.73258 0.29620 -0.25093 0.92158 x
4770.18001 2.34944 -0.55281 0.06998 0.83036 e
4777.07106 8.65496 0.22518 0.09463 0.96971 x
4797.08057 1.47628 -0.31335 0.60674 0.73053 eb
4812.63097 6.32663 0.11603 0.29066 0.94977 e
4823.62258 2.39836 0.43378 -0.35378 0.82866 eb
4833.80549 16.52715 -0.08457 0.00014 0.99642 x
4877.77435 2.00871 -0.55958 -0.13791 0.81722 eb
4889.76268 2.30770 0.37624 0.36929 0.84975 x
4890.66175 0.98946 -0.58675 0.55415 0.59046 xb
4906.24844 1.29940 0.39249 0.60046 0.69671 xb
4909.93780 0.88523 -0.74988 -0.32640 0.57545 x
4959.20390 1.28440 0.51729 0.49034 0.70142 xb
4974.34722 12.44233 0.08021 -0.13478 0.98762 x
4993.32299 1.49495 0.10364 0.68027 0.72559 e
5007.57724 4.10119 -0.24385 0.15100 0.95798 e
5009.46030 8.11977 -0.00607 0.06065 0.99814 x
5017.36327 16.60668 0.01202 0.12068 0.99262 x
5028.11166 6.26609 -0.23844 0.02997 0.97070 e
5030.38557 2.93591 -0.41118 -0.25065 0.87641 eb
5061.82218 9.55068 -0.18427 -0.20644 0.96095 x
5067.26386 8.50518 -0.06050 -0.23123 0.97102 eb
5070.64102 1.80561 -0.59500 -0.09680 0.79787 xb
5086.00016 5.73187 -0.01466 -0.25717 0.96626 e
5086.83606 3.31807 0.17935 -0.41631 0.89136 e
5098.90800 1.64673 -0.66580 0.03414 0.74535 xb
5099.71328 4.16713 0.21103 0.03833 0.97673 e
5102.93937 1.08644 0.56388 0.53650 0.62786 eb
5108.84599 8.12053 0.14734 0.16462 0.97529 xb
5112.30477 3.54092 -0.26796 0.27355 0.92378 e
5115.03191 3.32089 -0.29892 -0.11305 0.94756 xb
5121.10554 1.71552 0.42312 0.45668 0.78257 x
5129.89709 4.71373 0.29460 0.08261 0.95204 eb
5139.19703 1.33884 -0.37558 -0.57472 0.72708 x
5157.11747 6.76810 0.12957 0.24857 0.95991 x
5171.05588 3.65303 0.43981 -0.06017 0.89607 xb
5190.48451 12.66086 0.14827 -0.01265 0.98887 eb
5221.85972 0.91138 -0.78888 -0.20028 0.58099 x
5229.58700 4.65869 -0.26282 -0.26233 0.92850 x
5232.80794 10.10851 0.00045 0.08752 0.99616 e
5240.57343 6.77380 -0.00117 -0.19766 0.98027 eb
5247.00961 3.18197 -0.01388 -0.37238 0.92797 e
5248.32389 4.25533 -0.15580 -0.28530 0.94569 eb
5256.54078 1.59102 -0.67152 -0.11643 0.73178 x
5267.53727 1.21093 -0.06974 0.73722 0.67204 e
5276.77472 2.05374 -0.49185 -0.30570 0.81525 eb
5295.78093 15.77295 0.01749 -0.01759 0.99969 e
5299.53492 10.84050 -0.15007 -0.01515 0.98856 eb
5307.10460 10.75805 -0.04065 -0.12564 0.99124 e
5373.03320 2.53637 0.28105 -0.44269 0.85149 e
5419.99324 13.92800 -0.06814 -0.10984 0.99161 xb
5420.79952 10.44071 -0.11682 -0.08979 0.98909 xb
5445.93152 8.26361 -0.02287 -0.01517 0.99962 e
5473.45106 1.83124 0.06217 -0.51693 0.85377 e
5491.76289 5.87636 -0.14522 0.29124 0.94556 xb
5509.32154 5.89742 -0.06150 0.00315 0.99810 xb
5527.83345 2.03044 0.25329 -0.51530 0.81873 xb
5535.61311 1.00038 -0.09903 0.77077 0.62937 e
5566.51137 9.95254 -0.23304 -0.12219 0.96476 e
5578.97262 4.39120 0.31372 -0.02460 0.94920 e
5622.79575 1.44057 0.57775 -0.17615 0.79698 xb
5654.86415 12.13730 -0.08144 -0.17286 0.98157 x
5667.77048 5.98032 0.16234 -0.26548 0.95035 xb
5673.39686 2.08161 0.18039 -0.53974 0.82228 xb
5676.50299 8.07966 -0.08244 0.18073 0.98007 e
5687.89204 17.66728 -0.09002 0.12262 0.98836 e
5714.03758 8.11084 0.03113 0.17169 0.98466 x
5723.10022 1.34378 -0.55858 -0.42609 0.71164 e
5743.47575 6.48522 -0.16757 0.01892 0.98568 e
5771.01365 1.78020 -0.48585 -0.32998 0.80936 eb
5777.65180 3.25250 -0.01974 -0.34222 0.93941 eb
5790.25168 1.57063 0.31194 0.57270 0.75809 e
5793.13623 1.41096 -0.18122 -0.68335 0.70724 eb
5799.12110 2.27538 -0.40503 0.39424 0.82494 xb
5857.51244 2.13809 0.26898 -0.45050 0.85129 e
5864.43714 0.97073 0.11231 -0.81211 0.57259 x
5892.07109 7.15956 0.20638 0.17668 0.96239 xb
5898.38471 2.08116 -0.18182 0.51710 0.83639 e
5910.68655 14.20700 -0.13050 0.00031 0.99145 e
5922.12988 0.93864 -0.66666 0.48843 0.56302 x
5937.90079 2.85189 -0.45371 -0.14317 0.87957 e
5940.80846 2.51485 -0.27466 0.43471 0.85767 e
5949.15985 4.30150 0.04387 0.32031 0.94630 e
5949.21583 3.94841 0.13258 -0.39595 0.90865 x
5952.71652 2.50843 0.44958 0.16925 0.87706 e
5959.99916 14.60098 0.07198 0.02666 0.99705 eb
5980.46074 4.95844 0.16702 -0.17160 0.97091 e
5999.57567 5.90205 0.16422 -0.16775 0.97206 e
6006.42868 6.43435 0.16386 0.22875 0.95960 x
6018.87382 1.03814 -0.39866 -0.68095 0.61431 eb
6031.78257 1.50873 0.44633 0.43721 0.78079 e
6048.94442 9.41579 0.03630 0.23312 0.97177 xb
6089.17781 2.19323 -0.21771 0.52696 0.82153 xb
6099.52333 6.42426 -0.21956 0.09287 0.97117 eb
6101.83215 4.71334 -0.29539 -0.27934 0.91363 x
6116.23355 3.51864 -0.18002 -0.04912 0.98244 e
6126.77693 1.05507 0.40652 0.66374 0.62784 xb
6137.16112 15.30024 0.05069 -0.00218 0.99871 xb
6143.31997 0.89547 0.39334 -0.74226 0.54252 x
6150.52798 4.43893 0.13713 0.29310 0.94620 e
6161.56572 2.96122 0.15798 0.21529 0.96369 x
6179.77871 2.78933 -0.27726 0.36710 0.88790 xb
6182.44018 11.11849 -0.02914 -0.09253 0.99528 e
6183.78881 1.07906 -0.48020 -0.58577 0.65290 eb
6193.95569 0.82637 0.79951 -0.29626 0.52250 xb
6209.79003 5.21391 -0.23378 -0.16494 0.95820 e
6214.64405 5.33918 -0.18747 -0.26482 0.94590 e
6231.77322 6.12627 -0.18571 -0.16689 0.96833 e
6263.08431 0.99349 0.75276 -0.00796 0.65825 e
6264.82138 3.59654 -0.11532 0.43713 0.89197 xb
6282.67830 3.63886 0.31221 0.32156 0.89394 e
6288.68180 3.35922 0.35820 0.12641 0.92505 e
6294.58256 3.56318 0.24783 0.33601 0.90867 x
6307.10212 3.15609 -0.01511 -0.27866 0.96027 x
6325.64887 7.55320 0.15197 -0.02743 0.98800 x
6344.74604 6.80442 0.28928 0.06797 0.95483 eb
6345.97043 3.23039 0.20794 0.40030 0.89248 eb
6365.71510 2.79394 0.35595 0.27804 0.89218 eb
6378.38308 6.53627 0.01354 -0.21015 0.97758 e
6385.97269 5.75272 0.26389 -0.14518 0.95356 e
6389.35715 15.16012 -0.11137 -0.00745 0.99375 x
6393.75732 3.90497 -0.09901 -0.41465 0.90458 x
6397.79779 3.85799 0.26831 -0.30159 0.91491 x
6437.02605 7.95846 -0.07333 -0.25413 0.96439 xb
6440.70100 7.97166 0.07247 -0.18231 0.98057 eb
6450.20874 5.46932 -0.29064 0.06912 0.95433 x
6457.12873 8.69041 0.10738 0.20703 0.97242 e
6458.92799 5.05470 0.23622 0.20684 0.94943 e
6459.54576 2.22253 0.42396 0.38097 0.82166 eb
6461.03297 8.74689 0.03698 -0.06747 0.99704 e
6501.60673 2.94379 -0.33031 -0.31211 0.89078 x
6502.92394 3.58849 -0.04980 0.31370 0.94822 xb
6542.27962 5.76105 0.28042 0.18491 0.94190 e
6570.19526 4.82839 0.34802 -0.02129 0.93725 xb
6579.61319 6.94017 0.02550 -0.17384 0.98444 e
6595.98001 3.21277 0.30148 0.35198 0.88613 x
6603.71681 1.15534 0.76862 -0.03715 0.63863 eb
6606.98134 7.62991 -0.11707 -0.04917 0.99191 e
6621.95356 8.46358 0.01318 0.23651 0.97154 e
6641.37837 1.96537 -0.58191 0.17894 0.79332 eb
6646.06338 11.79383 -0.17168 -0.07000 0.98266 xb
6700.15698 1.54517 -0.18936 -0.64145 0.74343 xb
6708.20594 7.32290 -0.26776 0.00701 0.96346 eb
6722.51294 0.86589 0.50278 -0.64517 0.57530 eb
6732.92149 3.58344 0.09956 0.29701 0.94967 x
6733.29666 3.64791 -0.20889 -0.38287 0.89988 xb
6754.32781 0.78213 -0.76997 0.42668 0.47444 e
6764.98358 2.55969 -0.30909 -0.34122 0.88771 x
6776.24750 0.82257 0.13297 0.85511 0.50110 eb
6811.85987 8.52392 0.09057 0.07194 0.99329 e
6815.49440 2.53278 0.47684 -0.22320 0.85018 eb
6817.02708 10.20996 0.01785 0.17384 0.98461 e
6824.81930 10.16123 -0.16785 0.10687 0.98000 e
6857.42466 7.34235 0.24883 0.13202 0.95951 x
6881.58762 4.98534 0.30520 -0.02388 0.95199 e
6885.75518 2.48616 -0.44098 -0.31428 0.84069 e
6912.58962 4.88268 -0.33966 -0.04834 0.93931 e
6915.88479 1.78805 0.37846 -0.49607 0.78147 e
6916.90932 14.96947 -0.12768 0.14362 0.98136 e
6921.95656 1.81621 0.07091 -0.57898 0.81225 e
6936.76622 5.43980 0.22042 0.09477 0.97079 e
6947.46492 11.17063 0.05284 0.14702 0.98772 x
6961.93031 8.18340 0.10465 0.09722 0.98975 xb
6963.50171 1.37167 0.60082 -0.18088 0.77865 e
7019.28488 2.93128 -0.38576 0.18194 0.90448 e
7042.36839 5.53076 -0.18389 0.29170 0.93867 xb
7078.33083 7.33650 -0.07380 0.25511 0.96409 e
7079.19607 1.54612 0.45044 0.43113 0.78181 x
7080.75721 13.99371 0.10201 0.07359 0.99206 e
7084.01269 6.88624 -0.06290 -0.14390 0.98759 xb
7093.72461 16.37054 0.14904 -0.06925 0.98640 x
7095.16822 3.56362 0.10141 -0.45274 0.88585 eb
7111.10053 2.13268 -0.13192 0.57435 0.80791 xb
7115.69929 9.28890 -0.19304 0.16219 0.96769 e
7122.80106 1.34431 0.51879 0.50669 0.68857 eb
7149.13894 3.94034 -0.22648 0.21289 0.95047 e
7158.48728 6.87838 0.20045 -0.18157 0.96273 x
7164.01446 2.58704 0.40666 -0.34449 0.84614 e
7211.20199 7.92735 0.11506 -0.17632 0.97759 e
7238.61777 7.80925 0.06191 -0.23628 0.96971 e
7239.42546 2.36197 0.54773 -0.02110 0.83639 e
7260.90364 9.61990 0.02126 0.16671 0.98578 x
7300.50695 5.27980 0.27721 0.08649 0.95691 e
7307.80805 4.96540 0.02313 -0.35082 0.93616 eb
7320.01910 11.13144 -0.19129 -0.02110 0.98131 e
7371.77105 15.25627 0.05005 -0.09077 0.99461 e
7409.87486 1.80762 -0.32282 0.54387 0.77459 e
7446.54135 1.77288 -0.37284 0.48569 0.79063 x
7466.29896 6.18546 -0.25930 0.13814 0.95587 eb
7469.88934 14.84828 0.09457 0.10046 0.99044 x
7470.06067 1.46391 0.56800 -0.38305 0.72846 e
7480.06315 2.86581 -0.00176 -0.43820 0.89887 e
7482.86869 4.79593 0.33145 0.15201 0.93115 eb
7497.17131 13.69237 -0.03705 -0.09282 0.99499 e
7501.01160 15.81572 -0.10272 0.07701 0.99172 e
7514.88953 11.61095 -0.20616 0.08756 0.97459 e
7538.24046 2.02547 0.49013 -0.10325 0.86551 e
7545.73714 5.10594 0.23988 -0.20827 0.94820 x
7550.67538 7.91188 -0.03790 -0.08764 0.99543 e
7557.70759 5.84740 -0.26095 -0.16981 0.95030 e
7557.97546 0.99817 -0.36267 -0.70695 0.60720 e
7568.90341 12.64172 -0.02309 0.09144 0.99554 e
7606.97933 2.76265 -0.24135 0.41714 0.87621 e
7627.72172 11.20946 0.02609 -0.20930 0.97750 e
7644.68005 4.73968 0.15526 -0.25277 0.95499 e
7682.22317 7.68782 0.23402 -0.08516 0.96850 e
7687.64300 7.58359 0.01259 0.04986 0.99868 xb
7694.38914 3.43897 0.47452 -0.02367 0.87993 x
7713.43263 8.97242 0.10102 -0.20553 0.97342 x
7724.62667 1.45231 0.37855 0.57671 0.72395 e
7733.90387 1.60983 0.37366 -0.48698 0.78945 eb
7744.24090 2.83067 0.31422 0.28346 0.90604 e
7761.37049 8.57057 0.01220 -0.20221 0.97927 e
7771.39790 9.95379 -0.06504 -0.16786 0.98366 e
7775.44227 4.88129 -0.27055 -0.02286 0.96243 e
7780.89737 7.29968 -0.19436 -0.03663 0.98025 e
7795.19223 4.61536 0.18034 -0.27941 0.94308 xb
7801.44012 6.92879 -0.20451 0.18934 0.96038 e
7812.37073 6.26398 0.10340 -0.09805 0.98980 e
7840.93383 3.16015 0.33210 -0.34211 0.87902 e
7854.25952 2.48147 0.03931 0.23565 0.97104 xb
7881.41291 7.58024 -0.14808 0.15552 0.97667 xb
7885.80158 1.32153 -0.56344 0.40284 0.72129 xb
7902.95899 2.25448 -0.00155 -0.36139 0.93242 xb
7903.47603 11.71886 0.12535 0.18230 0.97522 xb
7912.41234 10.05531 0.01997 -0.08306 0.99634 x
7920.44441 2.54869 0.20240 -0.42769 0.88097 e
7923.07446 1.85749 0.24674 0.55943 0.79130 e
7929.18430 13.56536 0.12088 0.14611 0.98186 eb
7941.47177 5.84535 -0.31590 -0.09654 0.94387 xb
7950.04152 5.87185 -0.02570 0.24998 0.96791 e
7970.39468 2.74457 0.17284 0.43589 0.88325 e
7991.90119 4.78701 0.01631 -0.17623 0.98421 e
7996.22085 2.07406 -0.07458 -0.51799 0.85213 xb
8046.61996 1.22980 0.57793 0.47138 0.66618 e
8058.52939 10.77335 0.08320 0.08843 0.99260 e
8080.56102 2.63733 0.21790 0.47841 0.85068 eb
8131.69354 5.76288 -0.28199 0.21060 0.93602 x
8150.82339 1.57058 -0.21851 -0.57982 0.78489 e
8162.47372 2.15181 -0.41883 -0.29137 0.86005 xb
8176.28142 4.28824 -0.24165 0.27032 0.93195 x
8214.32796 1.41104 -0.69480 -0.11127 0.71054 e
8219.70817 3.57502 0.40443 -0.00750 0.91454 e
8221.12178 3.44993 -0.41430 0.08913 0.90576 eb
8231.01208 7.10383 -0.14999 -0.16653 0.97456 eb
8238.57727 1.23848 -0.68637 -0.20607 0.69745 xb
8254.38825 7.66200 -0.19780 0.11547 0.97342 e
8267.80302 1.66851 -0.52005 0.25373 0.81558 eb
8278.34552 2.68864 -0.52998 -0.02313 0.84770 xb
8288.88872 2.79504 -0.15550 0.05928 0.98606 x
8324.26358 4.77293 0.16133 -0.30448 0.93876 x
8330.17564 1.36663 -0.12329 0.69131 0.71196 eb
8341.08596 1.00743 -0.40467 0.65039 0.64283 e
8349.63877 18.38141 0.00047 -0.09005 0.99594 xb
8381.37003 2.19537 0.55897 0.12994 0.81894 x
8388.37990 5.23206 0.30869 0.10430 0.94543 e
8456.00057 7.34949 0.28535 -0.11019 0.95207 e
8471.00824 1.95608 0.39600 0.43418 0.80912 x
8471.04631 3.01377 0.10784 -0.31164 0.94406 e
8483.13792 8.17887 0.14214 -0.04125 0.98899 e
8489.55924 11.92492 0.00076 0.00183 1.00000 e
8500.97565 3.79189 -0.39858 -0.04414 0.91607 e
8506.14157 5.12891 -0.09327 0.00106 0.99564 e
8532.59576 6.34050 -0.20370 0.07558 0.97611 eb
8536.88854 13.04210 0.03625 0.13804 0.98976 e
8541.73861 1.69024 0.60035 -0.22447 0.76759 xb
8565.97159 2.58484 -0.27045 -0.34609 0.89838 eb
8568.79432 1.27773 -0.35048 0.61223 0.70876 x
8584.22619 2.65335 0.37658 -0.01731 0.92622 x
8607.84053 1.39078 0.47563 -0.49759 0.72538 x
8636.94076 9.81757 -0.07008 0.05568 0.99599 xb
8661.03428 6.98530 0.08814 -0.17885 0.97992 e
8705.30441 12.51692 0.05033 0.07840 0.99565 x
8722.01598 6.25825 0.02497 -0.16776 0.98551 x
8752.27561 1.67718 0.60895 -0.14657 0.77955 x
8754.98402 9.54819 -0.03213 0.21642 0.97577 eb
8756.77788 1.43979 -0.67865 0.07558 0.73057 e
8769.84583 1.15482 0.18038 0.72157 0.66844 eb
8771.15413 0.90404 0.34403 0.76686 0.54181 xb
8783.43509 12.00019 0.04254 -0.15140 0.98756 xb
8794.76496 8.53287 0.20049 0.05760 0.97800 e
8800.02864 1.17885 -0.55652 -0.51144 0.65477 x
8816.71936 8.94945 -0.03121 -0.23721 0.97096 x
8817.91085 7.46547 -0.11099 0.14674 0.98293 e
8818.02022 5.60817 -0.14654 -0.27713 0.94959 xb
8851.04322 7.16334 0.01237 0.27420 0.96159 e
8855.58282 2.71979 -0.36133 -0.25332 0.89737 e
8865.55332 1.87105 0.45489 0.24393 0.85649 e
8889.18831 10.17400 0.01865 -0.08923 0.99584 e
8898.93044 3.67220 -0.37233 0.02724 0.92770 e
8904.66506 10.45130 0.15048 -0.08826 0.98466 x
8909.39793 3.67123 -0.06960 -0.07233 0.99495 e
8916.66528 2.80725 -0.42552 -0.18307 0.88624 eb
8921.21851 0.95442 -0.22956 -0.78698 0.57267 eb
8930.92918 3.98317 0.21299 0.30835 0.92712 e
8939.65078 5.02284 -0.28476 0.20056 0.93738 e
8954.64059 3.55164 0.29258 -0.30948 0.90477 xb
8963.63377 12.86245 0.05697 -0.17590 0.98276 e
8965.55185 9.18680 0.04092 0.05740 0.99751 e
8967.34822 15.28855 0.11602 -0.05083 0.99195 e
8977.76917 3.97150 0.28076 -0.20243 0.93819 e
8986.54652 9.26978 -0.22168 -0.07902 0.97191 xb
9050.49608 10.14567 -0.01773 0.06528 0.99771 x
9080.75302 5.96595 0.09183 -0.19834 0.97582 e
9113.87396 1.80911 -0.54806 0.09415 0.83112 xb
9120.59531 10.68721 0.16914 -0.15744 0.97294 e
9135.16735 1.18526 0.54969 0.18299 0.81508 xb
9156.56432 5.90282 -0.00322 -0.21654 0.97627 e
9185.21388 6.58661 -0.15150 0.04020 0.98764 eb
9198.37375 0.91123 0.76925 0.32552 0.54980 xb
9217.14712 3.38832 0.24048 -0.31354 0.91862 eb
9219.74148 0.83763 -0.50857 0.66216 0.55036 eb
9220.93575 1.77383 0.28879 0.47808 0.82948 eb
9222.28697 1.29554 -0.09839 -0.72520 0.68147 e
9244.76943 6.89959 0.26495 -0.08331 0.96066 xb
9248.53063 2.87266 0.19698 0.41592 0.88781 x
9258.32482 1.54669 0.21991 -0.58841 0.77808 x
9321.55922 2.11302 -0.39194 -0.23906 0.88839 eb
9339.75667 4.55827 -0.12599 0.29668 0.94663 e
9341.00931 6.96387 -0.14516 -0.04907 0.98819 e
9347.74492 5.10250 -0.01441 -0.12568 0.99197 x
9382.05593 23.44518 0.08963 0.03151 0.99548 e
9390.49219 1.48404 -0.00087 0.65398 0.75651 eb
9403.85079 1.97771 -0.49632 0.31577 0.80868 e
9409.46570 2.96588 0.18196 0.43799 0.88037 e
9410.40243 5.83511 0.05725 -0.16432 0.98474 e
9410.98632 1.90651 -0.45961 -0.36371 0.81023 eb
9416.74314 2.64332 -0.24542 0.33768 0.90870 xb
9448.78675 4.27858 0.23892 -0.34962 0.90592 e
9460.76890 3.69283 -0.21308 0.16787 0.96251 xb
9466.52149 5.19461 0.08699 -0.28340 0.95505 eb
9469.48432 2.77849 -0.45590 0.19478 0.86846 xb
9478.85881 9.80072 -0.01395 -0.22016 0.97536 e
9495.72949 1.75003 0.61358 -0.10228 0.78298 x
9505.67206 11.41531 0.14641 -0.12216 0.98165 eb
9506.22618 1.74471 0.44569 0.43854 0.78041 xb
9515.75232 1.10839 -0.70584 -0.13642 0.69511 eb
9522.41784 4.12982 0.15949 -0.37841 0.91179 xb
9530.39373 1.26242 0.44897 -0.26998 0.85179 e
9566.86487 7.84472 0.18552 -0.03428 0.98204 e
9596.74933 1.99045 -0.18132 0.52996 0.82841 e
9614.52623 1.02689 -0.14806 0.78803 0.59756 eb
9697.50615 3.16747 0.19892 0.31136 0.92924 e
9731.87970 20.06841 -0.08668 -0.02172 0.99600 x
9753.26316 5.25681 -0.01669 0.34516 0.93839 x
9770.45062 1.21263 -0.45107 -0.50519 0.73575 e
9804.88314 2.40780 -0.51314 -0.06186 0.85607 e
9815.74970 5.19744 0.04190 0.31497 0.94818 e
9838.15494 11.11111 -0.08016 0.02952 0.99634 e
9845.12019 9.72325 0.05338 -0.23685 0.97008 x
9851.60973 0.91035 0.77380 -0.22445 0.59233 xb
9912.56968 9.82376 -0.00088 0.14979 0.98872 e
9929.96636 2.90814 -0.16272 0.44044 0.88291 e
9969.18497 2.63696 0.38268 0.32911 0.86327 x
9991.22231 7.61026 0.13734 0.09765 0.98570 e
10003.07642 9.21837 0.19391 -0.15602 0.96853 e
10042.81550 2.68978 -0.33570 -0.34473 0.87662 e
10063.75095 1.48361 -0.58270 -0.36603 0.72559 eb
10064.86980 3.35565 -0.09409 -0.43778 0.89415 e
10068.14706 1.02785 0.46735 -0.62476 0.62551 eb
10072.03364 5.57977 0.14976 0.25288 0.95584 eb
10079.57882 8.21027 -0.15817 0.07220 0.98477 e
10089.42346 14.59603 0.07666 -0.10107 0.99192 e
10142.93590 2.98250 -0.39553 0.05673 0.91670 eb
10145.76184 6.16465 -0.24643 -0.07742 0.96606 xb
10146.37406 1.35983 -0.59109 0.07787 0.80284 e
10202.60891 4.73139 -0.15685 -0.28454 0.94575 e
10211.62158 6.55939 0.19272 0.22904 0.95415 e
10222.31641 1.23122 0.03518 -0.72078 0.69227 x
10224.13666 2.68965 0.30506 0.43063 0.84941 xb
10227.75224 7.69432 0.23925 -0.00543 0.97094 xb
10247.88366 2.65387 -0.48349 -0.19306 0.85380 xb
10267.43193 6.44888 -0.19181 -0.23471 0.95295 x
10271.46970 2.84591 -0.21055 -0.43753 0.87420 e
10292.92790 1.14989 -0.68327 -0.31354 0.65942 e
10321.25444 10.52551 0.03747 -0.15185 0.98769 eb
10354.56871 1.11124 0.61260 0.46753 0.63729 xb
10373.11123 8.00807 0.24730 0.01126 0.96887 e
10378.87985 5.90606 -0.06033 0.20197 0.97753 e
10386.36389 12.99043 0.08305 -0.14289 0.98625 e
10442.27423 6.67837 0.20876 0.21630 0.95375 xb
10449.53394 1.85100 0.56606 0.20875 0.79749 e
10540.20712 11.66668 -0.15770 -0.15107 0.97586 eb
10549.05822 9.07659 -0.14255 -0.08762 0.98590 xb
10582.33757 3.60632 0.39426 0.14881 0.90687 x
10609.12795 4.06538 -0.29413 -0.23060 0.92753 e
10619.39116 17.82164 0.07085 -0.10511 0.99193 e
10635.20970 2.17679 -0.18726 -0.53905 0.82120 e
10649.12244 11.62637 -0.12552 -0.08285 0.98863 xb
10666.06935 7.09368 0.25419 0.13310 0.95795 e
10706.58639 4.47945 0.02174 0.10593 0.99414 e
10746.07770 13.58130 0.05540 -0.09234 0.99418 x
10755.84986 7.84238 0.16520 0.17792 0.97008 xb
10758.92061 12.61080 -0.13477 0.08122 0.98754 x
10774.42541 16.01795 -0.07983 0.02114 0.99658 x
10779.48261 8.08856 -0.22707 -0.10073 0.96866 x
10792.56002 10.78489 -0.01335 0.17499 0.98448 e
10796.22028 6.02546 -0.15136 0.23701 0.95964 e
10830.39745 3.71856 0.09165 0.00072 0.99579 x
10830.45131 3.17052 0.11017 0.37032 0.92235 eb
10847.96575 3.09809 0.40235 -0.29680 0.86604 e
10911.72275 2.30439 0.04861 0.53647 0.84252 e
10918.24723 1.87735 0.18279 0.58322 0.79148 e
10925.67437 1.02622 -0.72338 0.13779 0.67657 eb
10962.46845 1.62338 -0.55331 -0.36247 0.74997 e
10972.57370 2.25820 -0.18856 0.55815 0.80803 xb
10974.03329 5.36830 0.17531 -0.04488 0.98349 e
11003.08503 1.29530 0.26432 -0.67188 0.69189 eb
11042.09968 3.91466 0.11133 0.17904 0.97752 e
11142.80805 3.73984 0.08658 0.39823 0.91319 x
11152.97942 5.20203 0.20162 0.22652 0.95291 xb
11190.71618 1.32101 0.01867 0.72629 0.68713 x
11225.27862 6.63213 -0.06689 -0.10453 0.99227 eb
11230.04424 2.07211 -0.42262 -0.37971 0.82293 e
11234.32381 5.40294 -0.06639 -0.05526 0.99626 e
11245.13519 6.05309 0.04604 -0.27162 0.96130 xb
11250.67613 4.28526 0.21475 0.08701 0.97279 e
11321.00368 7.38197 0.15170 -0.22324 0.96289 x
11351.31472 4.99698 -0.25049 0.06369 0.96602 e
11362.70180 5.70764 -0.17676 0.00253 0.98425 e
11392.85761 1.36971 0.55609 0.40574 0.72535 xb
11400.97860 6.50338 -0.03752 0.19414 0.98026 x
11449.25732 1.34281 0.10026 0.63465 0.76627 e
11462.47202 2.63310 -0.31033 0.40475 0.86016 x
11467.44702 6.89375 -0.05746 0.17841 0.98228 e
11494.99406 1.80812 0.42891 0.20707 0.87929 e
11497.44870 2.31286 0.57636 -0.07089 0.81412 eb
11552.02148 16.14448 -0.01349 0.11235 0.99358 xb
11561.63166 6.79441 -0.01240 -0.10490 0.99441 e
11570.74691 14.32606 -0.00986 0.11988 0.99274 xb
11582.67827 4.89881 -0.30599 -0.11195 0.94543 e
11609.97512 6.58690 -0.18247 -0.23329 0.95514 e
11687.22862 7.30215 -0.26632 0.08728 0.95993 x
11692.74793 2.61793 -0.38960 0.11945 0.91321 e
11710.09187 1.52069 -0.06917 0.68258 0.72753 xb
11743.79081 2.19508 0.53119 0.03626 0.84647 e
11743.82632 10.59968 -0.10058 0.18896 0.97682 eb
11745.20208 1.62093 0.58127 -0.26429 0.76960 eb
11774.09635 0.91621 0.75132 -0.36518 0.54968 eb
11798.72526 3.41376 -0.29574 -0.04387 0.95426 e
11805.37344 10.55821 -0.06153 0.16581 0.98424 e
11807.98830 6.40161 0.19355 -0.20765 0.95886 x
11814.24381 4.49397 0.05729 0.38674 0.92041 x
11834.55667 17.04175 -0.08345 -0.12631 0.98847 e
11894.37435 4.62916 -0.32852 -0.01128 0.94443 e
11912.85491 14.23517 0.11605 -0.09007 0.98915 e
11919.22198 5.11588 -0.20485 -0.08189 0.97536 xb
11929.76609 0.95426 -0.74883 0.30520 0.58831 e
11939.19882 3.61679 -0.32195 0.12310 0.93872 x
11956.88513 9.86735 -0.05268 0.12654 0.99056 xb
11986.87928 1.27349 -0.10210 0.72160 0.68474 xb
12015.47760 1.84639 0.52837 -0.33925 0.77829 eb
12025.49438 5.73141 0.20511 0.22049 0.95358 e
12048.98484 2.14483 0.16213 0.45736 0.87438 e
12072.38260 5.08449 -0.20940 -0.31410 0.92601 e
12080.61129 2.14380 0.12528 -0.56145 0.81797 e
12097.65009 11.58390 0.11570 0.02366 0.99300 e
12111.88592 7.21606 -0.12543 -0.19099 0.97355 eb
12135.52143 6.30484 -0.14985 -0.16571 0.97472 eb
12140.56249 3.97716 -0.03216 -0.30225 0.95269 e
12161.36824 1.03382 0.02073 -0.75880 0.65099 x
12174.25736 2.19635 0.38809 0.42075 0.81997 e
12182.02468 2.24520 -0.20825 -0.46575 0.86006 e
12190.16572 8.64142 0.10692 -0.04929 0.99304 e
12197.70535 2.48796 0.11885 -0.47372 0.87262 e
12198.66231 23.14282 -0.05413 0.03755 0.99783 x
12208.05691 7.38368 -0.20253 0.15038 0.96766 e
12210.32977 1.97135 0.46359 0.28328 0.83955 e
12213.78011 2.39307 0.00985 0.56587 0.82444 e
12226.08267 1.90358 0.30655 -0.45375 0.83674 eb
12264.78049 4.08665 -0.16978 0.38995 0.90505 xb
12267.71076 17.18476 -0.02821 -0.02516 0.99929 eb
12270.37411 3.95628 -0.33657 -0.09779 0.93657 e
12285.80880 2.30812 0.37192 -0.41578 0.82994 x
12286.59185 12.81106 0.00624 -0.03155 0.99948 e
12301.80132 2.20315 0.10331 -0.30317 0.94732 x
12360.08079 2.80925 -0.48893 -0.13202 0.86228 e
12366.06294 3.35076 -0.45843 0.07447 0.88560 e
12381.70837 1.20110 -0.04854 0.72036 0.69190 e
12404.03535 4.75939 0.20681 -0.25762 0.94385 e
12490.22002 13.68019 0.11370 -0.05521 0.99198 x
12501.45612 1.24790 0.12047 0.72993 0.67282 x
12510.15844 4.71280 0.26811 -0.15811 0.95033 x
12598.84121 3.90851 -0.19412 0.26063 0.94572 eb
12638.57094 2.75708 0.49059 0.14574 0.85911 e
12656.45672 10.75688 -0.10015 -0.07412 0.99221 xb
12726.46208 7.87568 -0.08086 -0.09728 0.99197 e
12751.89786 2.76986 0.37360 -0.12953 0.91850 e
12761.22359 3.94476 0.07439 0.37969 0.92212 e
12820.47698 1.98648 -0.47605 -0.32857 0.81573 x
12821.83177 1.00463 -0.36852 -0.69784 0.61418 eb
12841.02919 14.70934 0.00151 0.16818 0.98575 eb
12842.52371 17.41522 -0.03029 -0.01429 0.99944 e
12895.05519 3.58284 0.20063 0.38422 0.90118 e
12909.68656 2.34044 0.06427 -0.44291 0.89426 x
12917.83701 2.54603 -0.29534 0.43368 0.85129 e
12929.90576 6.11228 0.02993 -0.22437 0.97404 e
12931.87394 2.70145 -0.34450 0.17226 0.92285 x
12939.71323 2.87278 0.38631 -0.02109 0.92213 x
12940.33566 1.88163 0.13283 -0.57533 0.80706 e
12946.82863 1.55717 0.55818 -0.17690 0.81064 x
12971.03019 2.40638 0.21130 0.35295 0.91147 x
12972.18296 14.09790 0.11883 -0.02140 0.99268 xb
12981.15873 2.62136 0.17185 0.17769 0.96897 e
13003.29246 9.65768 0.08212 0.04830 0.99545 e
13011.57433 5.95634 0.07156 0.34350 0.93642 xb
13021.63782 1.32530 -0.70316 -0.14817 0.69543 eb
13077.37545 2.97781 -0.21702 0.09785 0.97125 x
13124.18524 0.92487 0.19180 -0.80837 0.55656 xb
13159.24784 4.36734 0.32492 0.20254 0.92380 xb
13172.78676 2.31759 -0.30309 -0.02823 0.95255 x
13185.05104 3.30787 -0.47939 0.08766 0.87321 xb
13250.21077 10.05799 0.09238 0.18233 0.97889 e
13288.72028 3.83348 0.13880 -0.36876 0.91910 x
13378.37939 6.17063 -0.20322 0.25299 0.94588 eb
13405.51556 5.14488 -0.28921 -0.17421 0.94128 eb
13418.04664 5.90835 0.31879 -0.00410 0.94782 x
13453.35050 7.25952 -0.29149 0.00227 0.95657 e
13456.61019 0.77779 0.58416 -0.63915 0.50024 xb
13461.16518 1.09396 0.38061 0.68197 0.62454 xb
13476.73058 3.22639 -0.21964 0.33948 0.91461 x
13503.90847 12.44701 -0.00620 -0.03467 0.99938 e
13603.93579 9.98274 -0.10173 -0.10831 0.98890 x
13610.77470 5.58368 -0.25974 -0.13233 0.95657 eb
13617.87202 5.59219 -0.17227 -0.17823 0.96879 e
13642.74776 4.32468 0.00576 0.34515 0.93853 eb
13648.06908 1.02227 0.30904 0.71354 0.62878 e
13657.42081 3.60856 -0.08180 0.07468 0.99385 x
13682.00444 5.77904 0.20850 0.26112 0.94252 xb
13766.58604 1.93541 -0.44544 0.20406 0.87175 eb
13766.95090 0.99384 0.40620 0.59131 0.69668 xb
13780.84170 8.32395 -0.17707 -0.07883 0.98104 eb
13812.22970 2.15050 0.34276 0.40059 0.84973 x
13816.80012 7.49329 -0.18986 -0.09000 0.97768 e
13833.09442 17.27437 0.00699 -0.12192 0.99252 x
13863.19257 2.41139 0.16919 0.46609 0.86841 e
13869.78477 4.40419 0.21217 -0.27639 0.93733 e
13893.93891 1.10549 0.08712 -0.75130 0.65419 x
13941.30856 1.32116 -0.03005 0.71168 0.70186 e
14044.84378 8.94195 0.07952 0.03644 0.99617 e
14069.46720 2.00280 0.52049 -0.25398 0.81522 x
14090.33777 3.02969 -0.44238 0.03449 0.89616 e
14124.60846 4.27558 -0.31903 0.08144 0.94424 e
14186.14628 18.20940 0.10497 0.10511 0.98891 e
14283.97427 4.33129 -0.03931 -0.35962 0.93227 e
14291.90176 1.08488 -0.73316 0.25486 0.63049 eb
14311.31298 18.35272 -0.02843 -0.14549 0.98895 x
14338.61852 0.92611 -0.29789 -0.78069 0.54934 eb
14376.32922 3.40225 0.25056 0.23505 0.93913 e
14442.79440 7.92472 -0.13674 -0.13033 0.98200 e
14475.75133 1.84531 -0.39292 0.32536 0.86009 e
14476.42012 9.13181 0.08915 -0.13723 0.98652 xb
14495.36803 1.54498 0.56108 -0.34809 0.75102 eb
14528.72227 1.42263 0.52214 0.44011 0.73053 e
14536.74256 5.70968 0.06278 -0.28566 0.95627 xb
14545.18559 9.57132 0.17072 -0.02314 0.98505 xb
14553.87569 2.98742 -0.49599 -0.10291 0.86221 eb
14564.00559 1.30898 0.25769 0.63482 0.72842 eb
14598.18621 2.37676 0.49682 -0.16097 0.85279 eb
14646.63401 1.30557 -0.22661 -0.61045 0.75894 xb
14710.87994 5.45052 -0.23432 0.22212 0.94645 eb
14713.34995 1.02886 0.58220 -0.53881 0.60887 e
14749.85726 4.81413 0.03851 -0.33971 0.93974 e
14860.27666 7.12830 0.12317 0.22323 0.96695 xb
14923.73955 3.09802 0.41163 0.03840 0.91054 e
14977.28742 4.84582 -0.22409 -0.20124 0.95356 e
15063.09769 1.48235 0.58138 0.24524 0.77579 e
15082.60196 1.17033 0.52441 -0.55723 0.64381 eb
15113.40189 3.68861 -0.01453 -0.35800 0.93361 e
15119.16978 1.76381 -0.48239 0.33297 0.81020 e
15131.13980 6.60357 0.08477 0.18491 0.97909 e
15141.59434 10.60591 0.12109 -0.01882 0.99246 e
15164.70999 6.61735 -0.07304 -0.25130 0.96515 eb
15176.51421 4.26410 -0.39311 -0.00886 0.91945 eb
15178.55413 15.80882 -0.05919 -0.03850 0.99750 e
15249.83987 2.75844 -0.50083 -0.06951 0.86275 xb
15251.77508 3.23177 -0.38450 -0.11586 0.91583 e
15255.36011 2.94149 0.25053 -0.42529 0.86969 eb
15317.30613 5.01119 -0.25511 -0.15755 0.95399 e
15432.31130 4.13421 0.28731 0.25717 0.92267 eb
15434.96058 4.57914 -0.20281 0.33842 0.91888 xb
15455.68362 9.32625 0.06596 -0.15918 0.98504 e
15466.26489 1.28497 -0.64599 -0.17092 0.74396 eb
15559.20338 3.76368 0.11480 -0.32197 0.93977 x
15614.24136 4.60697 0.36511 0.01477 0.93085 x
15627.58375 0.86149 0.70165 -0.39101 0.59565 e
15650.45628 18.51702 0.03449 -0.13911 0.98968 xb
15674.32440 10.08265 0.09193 0.05977 0.99397 e
15675.47401 1.75681 0.21715 0.58256 0.78324 xb
15745.57700 3.61341 -0.28105 0.12226 0.95187 e
15746.42752 2.32346 0.07909 0.52713 0.84610 eb
15766.83734 2.99260 0.42816 -0.20965 0.87905 eb
15778.13706 1.89697 0.08760 0.51967 0.84987 e
15806.57191 1.75703 -0.43861 -0.45750 0.77351 xb
15841.65603 2.86653 -0.36865 -0.25063 0.89514 x
15878.97113 3.01140 -0.15100 -0.31622 0.93659 e
15931.00985 1.54277 0.49617 0.36527 0.78765 e
15931.01755 2.04746 0.02410 -0.58209 0.81277 eb
15972.17125 7.87768 -0.05692 0.02558 0.99805 xb
16067.46218 8.75129 -0.23131 -0.01637 0.97274 xb
16084.44308 1.17082 0.56637 -0.43333 0.70103 e
16147.24490 1.92111 0.40851 -0.36121 0.83824 e
16200.71424 2.37538 -0.11502 0.51360 0.85028 e
16223.36198 2.34638 -0.55586 0.03907 0.83036 xb
16224.22882 2.88425 -0.49219 -0.00156 0.87049 eb
16236.89257 1.21601 -0.58705 0.44220 0.67811 eb
16336.46080 1.69936 -0.59279 0.23574 0.77008 e
16381.32013 2.06790 0.17913 -0.39399 0.90149 xb
16397.41426 3.15197 0.12031 0.37223 0.92031 x
16466.13849 8.35321 0.01737 -0.10169 0.99466 x
16488.66608 6.50244 0.25049 0.05344 0.96664 x
16496.71232 6.36043 -0.13001 -0.31599 0.93981 xb
16526.65759 5.30269 -0.18807 -0.19703 0.96219 x
16527.20512 1.83078 0.59547 0.01854 0.80316 eb
16537.62069 2.27670 -0.26336 0.47497 0.83967 e
16554.69636 3.24496 -0.33185 -0.02878 0.94289 e
16571.86172 2.94435 -0.14337 0.28831 0.94674 x
16619.63921 4.43871 0.16717 0.02076 0.98571 e
16656.55873 4.70823 -0.28058 0.02767 0.95943 eb
16684.62745 4.94616 0.08007 -0.09307 0.99243 e
16685.97431 14.17281 0.05032 0.07199 0.99614 x
16761.79376 1.59567 -0.37114 0.49307 0.78685 xb
16765.88339 2.02677 -0.50659 0.05306 0.86055 x
16862.86254 4.20566 0.29482 -0.14393 0.94465 xb
16883.53616 4.67790 0.18498 -0.01233 0.98267 e
16957.60364 6.03019 0.14508 -0.20691 0.96754 xb
17020.69030 3.39665 -0.30124 0.25402 0.91909 eb
17020.87766 3.20629 -0.36102 -0.17477 0.91604 eb
17031.34915 2.29164 -0.06064 0.35015 0.93473 eb
17086.83967 2.59359 0.30071 0.38901 0.87077 eb
17101.06951 3.14525 0.24529 0.40562 0.88051 x
17119.17649 1.86169 0.16199 0.60877 0.77663 xb
17125.86633 5.11768 0.11899 0.22896 0.96614 e
17128.99776 0.89365 -0.02989 0.82979 0.55727 eb
17148.86787 1.25852 -0.21966 0.69719 0.68240 e
17160.16954 5.33514 0.20008 -0.05222 0.97839 x
17244.88371 6.45155 -0.20523 -0.09265 0.97432 xb
17275.66306 10.21531 -0.03090 0.02693 0.99916 e
17276.84635 5.48364 0.05301 0.18761 0.98081 eb
17338.91153 2.28970 -0.15210 0.53337 0.83209 eb
17354.99996 2.68596 0.32258 0.42854 0.84398 eb
17427.14128 1.64737 0.42256 -0.40739 0.80962 e
17581.23409 4.73579 0.02365 -0.19348 0.98082 x
17608.86563 1.41635 0.36976 -0.49253 0.78784 xb
17620.81249 18.92884 -0.01076 -0.10783 0.99411 e
17648.33491 1.90460 0.27636 0.53306 0.79967 x
17748.19617 2.78351 0.29737 0.32763 0.89679 e
17750.06840 2.00340 0.19118 -0.55032 0.81277 xb
17841.48535 4.04216 0.30584 -0.11969 0.94453 e
17851.56107 4.45997 -0.04751 -0.35132 0.93505 e
17949.06992 6.88605 -0.14227 0.23409 0.96175 xb
18001.92659 1.82440 0.04761 -0.60432 0.79532 eb
18031.01748 9.54168 -0.06694 -0.16579 0.98389 x
18057.53206 2.41571 0.41988 0.27613 0.86455 xb
18076.52589 10.10289 -0.00212 0.02020 0.99979 e
18123.05364 8.76609 0.00163 -0.05322 0.99858 e
18158.02367 1.98629 -0.09827 0.57874 0.80957 e
18177.51870 3.18418 0.03585 0.40950 0.91161 x
18182.79370 2.07071 0.47632 0.23370 0.84764 eb
18191.63475 1.27471 0.50887 -0.36464 0.77980 xb
18230.57368 4.41385 0.15923 -0.30176 0.93999 e
18336.98256 4.71742 -0.19924 -0.31967 0.92634 eb
18354.80696 1.57031 0.62886 -0.02470 0.77713 e
18358.86094 5.02279 -0.02963 0.13233 0.99076 e
18361.06627 3.83240 -0.23747 -0.06316 0.96934 x
18443.50086 1.76729 0.57815 -0.24809 0.77730 x
18576.31184 2.23219 -0.54741 0.13955 0.82515 xb
18684.68830 6.65018 -0.01177 0.24865 0.96852 e
18703.81040 5.29748 -0.24826 -0.13678 0.95899 e
18776.72791 16.32265 0.06501 0.11118 0.99167 e
19010.76621 2.08511 0.09562 0.34482 0.93379 e
19013.88331 2.31922 0.32100 0.18222 0.92938 xb
19038.84811 1.83023 -0.47727 -0.26262 0.83860 x
19114.72159 14.63059 0.00283 -0.00100 1.00000 e
19118.15338 4.27849 -0.00144 0.17084 0.98530 xb
19126.06716 5.47356 -0.03915 0.30562 0.95135 x
19139.45751 12.47628 -0.16459 -0.03973 0.98556 x
19154.91817 11.21474 -0.00185 0.11068 0.99385 xb
19211.49725 3.59383 0.07335 -0.31907 0.94489 x
19217.37822 5.73906 -0.15792 -0.02275 0.98719 e
19274.83683 3.30159 -0.16041 -0.38686 0.90808 eb
19308.92201 6.09304 0.08511 -0.08364 0.99285 eb
19344.98092 4.98044 -0.05535 -0.26531 0.96257 e
19374.69461 1.49939 0.52551 0.17039 0.83355 e
19425.86765 6.47597 -0.26788 -0.03368 0.96286 x
19472.71843 2.14591 0.24179 -0.47872 0.84402 xb
19530.30404 9.94077 -0.07174 0.11006 0.99133 x
19561.13118 4.02853 -0.30896 -0.15057 0.93908 x
19643.92734 1.66132 -0.15116 0.61360 0.77501 e
19663.54922 3.94677 -0.33063 -0.18909 0.92463 e
19734.08207 0.98862 0.76218 -0.07610 0.64288 e
19747.91867 13.56176 -0.00481 -0.10030 0.99495 e
19758.45851 11.67571 0.10758 -0.09481 0.98967 e
19759.27856 3.31346 0.19510 0.39979 0.89560 eb
19857.59937 10.52316 -0.14657 0.09438 0.98469 e
19870.70498 1.95030 0.50048 -0.09724 0.86027 eb
