16.83803 54.18602 -0.67552 0.46761 0.57009 e
17.06410 73.26234 0.30294 0.68190 -0.66576 e
17.28780 40.65084 0.76504 0.34171 -0.54585 e
17.29301 76.45847 0.32629 0.19337 -0.92528 e
17.36609 36.01888 0.23452 0.67419 -0.70033 e
18.04128 54.86069 -0.77990 0.18252 -0.59870 e
18.15396 72.41047 0.17091 -0.90422 -0.39137 e
18.44315 76.01607 -0.42599 -0.71658 0.55232 e
18.85619 48.75399 -0.86392 0.32909 -0.38123 e
18.91316 68.52813 -0.00118 0.87127 -0.49081 e
19.23674 80.37130 0.86418 0.30930 0.39690 e
19.48646 67.88722 -0.58961 -0.67007 -0.45096 e
19.55190 80.34900 -0.10569 0.76284 -0.63789 e
19.73972 61.92577 -0.59434 0.68462 -0.42197 e
19.92723 52.30198 -0.64556 0.69001 -0.32734 e
20.00149 73.19402 -0.31876 -0.92972 -0.18443 e
20.14290 70.11565 0.30589 -0.43447 -0.84715 e
20.29639 82.38405 -0.50519 -0.46525 -0.72686 e
20.42846 72.93558 -0.23287 0.95695 -0.17324 e
20.52071 66.14937 0.86510 -0.34078 0.36806 e
20.61656 78.13532 -0.75170 0.45140 -0.48082 e
21.11522 49.96889 0.84452 -0.50859 0.16769 e
21.19696 64.13415 -0.80006 0.41919 0.42917 e
21.52237 81.25246 0.98458 -0.15526 -0.08066 e
21.56573 70.08011 -0.36981 0.47613 -0.79783 e
21.73764 74.83721 -0.42518 -0.88958 -0.16693 e
21.77677 41.85215 -0.73552 0.31784 -0.59832 e
21.79961 65.74500 -0.31435 -0.54110 -0.77999 e
21.91335 70.37283 0.75984 -0.54023 0.36166 e
22.08019 67.66250 0.76093 0.62432 -0.17665 e
22.17635 65.74306 -0.54272 -0.83891 -0.04109 e
22.33166 76.96983 -0.52845 0.80570 -0.26756 e
22.46777 69.16484 -0.29372 -0.57296 -0.76514 e
22.53203 60.83762 -0.11682 0.77187 -0.62496 e
22.56496 62.28280 -0.44646 0.69115 -0.56832 e
22.61398 84.74821 -0.98273 -0.12034 -0.14054 e
22.71605 68.40613 -0.50645 -0.63380 -0.58465 e
23.01272 66.19317 0.70474 0.68619 -0.18024 e
23.03290 70.11943 -0.13523 -0.56595 0.81327 e
23.12353 55.21530 0.14665 0.89479 0.42171 e
23.12397 64.87109 -0.16434 0.96747 0.19233 e
23.16314 56.05294 0.06120 0.97525 -0.21247 e
23.16937 22.26187 0.50372 0.34796 -0.79069 e
23.37487 82.51524 -0.35503 0.18986 -0.91537 e
23.61009 58.39777 0.04979 0.90780 -0.41644 e
23.76482 80.27683 0.30276 -0.15541 -0.94031 e
23.90078 60.65474 0.50282 0.64518 -0.57525 e
24.10500 75.35362 -0.81472 -0.52799 -0.23970 e
24.14730 34.73780 0.52297 0.62448 0.58011 e
24.27660 66.96549 0.29432 -0.61227 -0.73383 e
24.48246 70.01868 -0.97664 0.21484 0.00406 e
24.73011 77.65358 -0.16001 0.18096 -0.97039 e
24.89860 54.71161 -0.06699 -0.97097 -0.22964 e
24.91215 68.71339 0.91346 0.29871 0.27634 e
25.00437 29.57073 -0.81837 0.30428 -0.48753 e
25.11380 51.78049 -0.65437 0.74429 -0.13354 e
25.35017 68.56412 -0.16117 0.95729 -0.24002 e
25.66637 59.80035 -0.73397 0.33803 -0.58908 e
26.00472 78.03060 -0.43816 -0.86263 -0.25276 e
26.01170 69.72080 0.66282 0.59113 -0.45962 e
26.11477 52.04164 -0.25874 0.03572 -0.96529 e
26.42009 83.58094 -0.77887 0.41118 -0.47360 e
26.71507 80.41928 0.53054 -0.71446 0.45615 e
26.80459 78.60963 -0.25091 -0.15217 -0.95597 e
26.94998 80.64915 0.38393 -0.74566 -0.54460 e
27.08440 38.28133 -0.05218 -0.59600 -0.80129 e
27.14124 69.21278 0.73896 0.16201 -0.65398 e
27.24390 51.59912 0.56741 -0.50740 -0.64853 e
27.35825 82.10924 0.57879 0.42178 -0.69793 e
27.38334 41.88527 0.42739 0.14165 -0.89290 e
27.41872 41.29762 -0.50335 -0.86248 0.05269 e
27.41890 52.54203 0.62630 0.77652 -0.06908 e
27.54132 78.44760 0.24609 0.87639 0.41399 e
27.78746 84.32770 -0.27152 0.31464 -0.90955 e
27.88946 73.74237 0.44586 0.48807 -0.75033 e
28.14205 77.26437 -0.78377 -0.50629 -0.35969 e
28.33256 59.05020 0.29285 -0.79476 -0.53159 e
28.37895 59.04283 0.73836 0.62852 -0.24452 e
28.53758 62.95604 0.01493 -0.31910 -0.94760 e
28.79709 54.54257 0.51596 0.85636 -0.02067 e
28.82138 72.09416 -0.23580 -0.77101 0.59156 e
28.88556 48.30941 0.10422 -0.98711 0.12142 e
28.92008 77.56502 0.64617 -0.75876 -0.08215 e
29.01364 49.40886 -0.83936 0.01778 0.54329 e
29.06151 83.13852 -0.59346 -0.48521 0.64217 e
29.07388 38.88891 -0.32477 0.85295 0.40866 e
29.31132 78.98080 0.29905 -0.94870 0.10263 e
29.31933 83.60561 0.41022 0.56639 -0.71479 e
29.44075 65.70563 -0.46567 -0.80004 -0.37826 e
29.47962 79.14863 0.50571 -0.30167 0.80824 e
29.49572 61.21369 -0.00890 0.99580 0.09114 e
29.53001 33.86518 0.54416 0.67831 0.49374 e
29.68969 71.83921 -0.99193 -0.11045 -0.06219 e
29.93252 65.61680 0.64193 -0.76455 0.05828 e
30.25093 66.02212 0.76831 -0.48591 0.41664 e
30.31863 70.59255 -0.17665 0.36843 -0.91272 e
30.38014 43.78279 0.22482 0.21876 -0.94952 e
30.42318 70.59052 -0.88820 0.03014 0.45848 e
30.71275 38.38892 -0.37965 -0.90502 -0.19186 e
30.74815 59.55207 0.16787 0.95585 0.24118 e
30.81148 82.48327 -0.48113 -0.54061 0.69011 e
30.86006 46.18694 0.91987 -0.37785 -0.10522 e
30.95284 51.59718 0.23778 0.58948 -0.77199 e
31.10151 35.31611 0.61769 -0.74657 0.24715 e
31.12027 51.30458 -0.98955 0.04791 -0.13598 e
31.51298 53.29036 -0.58945 0.69468 -0.41226 e
31.54431 81.59327 -0.98860 -0.13592 0.06478 e
31.64179 34.94374 -0.53321 0.20577 -0.82058 e
31.66705 65.26094 0.69164 -0.56315 -0.45221 e
31.72629 45.59580 -0.79944 -0.35418 -0.48523 e
31.94581 45.05199 -0.93584 -0.32201 0.14323 e
32.20022 46.90713 -0.43741 -0.74887 -0.49786 e
32.20985 25.19588 0.52654 -0.53249 -0.66273 e
32.37524 45.16324 -0.88629 0.17988 -0.42677 e
32.40433 45.78227 -0.94849 0.12245 -0.29218 e
32.73358 67.22399 -0.41624 0.24510 -0.87560 e
32.80575 73.92807 0.43687 0.02542 -0.89917 e
32.96837 45.31085 -0.96864 -0.23099 -0.09153 e
33.03184 75.35532 0.66271 0.22769 -0.71342 e
33.08595 70.30550 0.26361 0.96325 0.05157 e
33.35462 79.76588 -0.04466 0.78396 -0.61920 e
33.36792 80.93611 -0.55173 0.32484 -0.76817 e
33.38780 52.01952 -0.74136 0.61715 -0.26367 e
33.52757 72.21115 0.17917 0.39687 -0.90022 e
33.54894 69.82672 0.55220 -0.82473 -0.12206 e
33.57037 84.49891 0.00505 0.77205 -0.63554 e
33.61103 82.75822 -0.01302 -0.98891 -0.14796 e
33.87270 50.67901 -0.77632 0.18481 0.60264 e
34.08480 58.89869 0.26424 0.66620 -0.69740 e
34.15910 38.22127 -0.04093 0.07925 -0.99601 e
34.27410 34.04135 -0.93184 0.11056 -0.34560 e
34.52323 58.97090 -0.41230 0.56627 -0.71368 e
34.58787 14.74763 -0.26897 0.86515 -0.42329 e
34.65704 80.80560 -0.55510 0.23749 -0.79716 e
34.89940 73.30035 0.97956 0.11653 -0.16397 e
34.93330 74.01498 0.79222 -0.05035 -0.60815 e
35.13052 52.41755 -0.02869 -0.47809 -0.87784 e
35.28678 47.94570 0.50534 0.50713 -0.69817 e
35.33698 42.47775 0.44098 -0.89202 0.09917 e
35.47160 65.17996 -0.23520 0.92408 -0.30125 e
35.51553 40.57353 0.08381 -0.49393 -0.86545 e
35.57760 57.70152 0.13188 -0.75964 -0.63683 e
35.61622 61.39855 -0.41499 0.31962 -0.85184 e
35.61937 49.70952 -0.42958 -0.06505 -0.90068 e
35.65021 37.55374 -0.21534 -0.51572 0.82926 e
35.85430 55.65018 0.67643 -0.14467 -0.72215 e
36.15787 51.72838 0.80048 0.59382 -0.08122 e
36.29308 49.86858 -0.42007 -0.73750 -0.52881 e
36.48539 35.41557 -0.65836 0.26089 0.70604 e
36.76180 69.07951 -0.71993 -0.29755 -0.62703 e
36.80716 82.21878 -0.62982 0.55525 -0.54315 e
37.02559 77.54626 0.35932 -0.38877 -0.84838 e
37.14709 74.23532 -0.71897 0.49257 -0.49036 e
37.48878 30.87433 -0.80518 0.24484 -0.54013 e
37.59543 33.42992 -0.83534 -0.19847 -0.51265 e
37.61669 69.55693 0.86021 -0.03542 0.50871 e
37.85301 84.17247 0.94526 -0.01827 0.32580 e
37.98601 41.74298 0.22088 -0.76429 -0.60586 e
38.01789 49.46593 -0.18796 -0.18891 -0.96384 e
38.02144 44.84897 -0.42939 -0.48068 -0.76457 e
38.12144 81.94964 -0.31304 0.30929 -0.89797 e
38.15974 50.23665 0.15303 -0.50544 -0.84918 e
38.16630 50.63251 0.40005 0.59227 -0.69941 e
38.24596 80.90875 -0.12086 -0.26082 -0.95779 e
38.25615 56.84349 -0.96792 -0.16843 -0.18646 e
38.71645 49.85427 -0.30403 0.61844 -0.72464 e
38.77988 42.81349 -0.39776 -0.47918 -0.78242 e
38.94906 24.89852 -0.19489 -0.73298 -0.65174 e
39.02526 65.43081 -0.47531 0.68319 -0.55438 e
39.02715 78.52208 -0.37083 0.78286 -0.49962 e
39.27012 52.53717 -0.01996 0.91122 -0.41145 e
39.30750 62.09618 -0.91416 0.38257 -0.13400 e
39.33470 28.56791 -0.06788 -0.34656 -0.93557 e
39.62108 37.66519 -0.44634 -0.87481 -0.18838 e
39.75327 42.87038 0.70912 0.01277 -0.70497 e
39.79694 70.73822 0.69022 -0.30117 -0.65794 e
39.80664 71.53980 0.68943 -0.30250 -0.65816 e
40.10983 74.71790 -0.64896 0.50695 -0.56732 e
40.18899 49.87865 0.55290 -0.16590 -0.81656 e
40.37500 34.22857 -0.03799 0.79768 0.60189 e
40.56915 79.23103 0.79412 0.57006 -0.21072 e
40.64639 50.77428 -0.25049 -0.87094 -0.42275 e
40.68046 58.19519 -0.09768 -0.34427 -0.93377 e
40.71098 31.07844 0.22207 0.39883 -0.88973 e
40.76457 61.45211 0.16081 -0.68170 0.71374 e
40.87863 68.54399 0.91378 0.01215 -0.40602 e
40.94694 76.87380 -0.94966 0.29511 0.10512 e
41.05542 60.19498 0.77033 0.42837 -0.47233 e
41.18721 57.20404 -0.11496 0.69488 -0.70988 e
41.22474 42.91858 0.36189 0.90076 0.24016 e
41.25535 31.22484 -0.04077 -0.29908 -0.95336 e
41.54952 79.47374 0.09458 -0.98692 0.13059 e
41.56022 71.75859 0.14657 0.85124 -0.50389 e
41.58689 76.02659 -0.08247 0.19432 -0.97747 e
41.68391 61.93171 -0.18971 0.83705 -0.51318 e
42.00786 28.22382 -0.96530 -0.23418 -0.11554 e
42.26630 32.06588 -0.05534 0.05843 0.99676 e
42.31178 28.85195 -0.75406 0.28138 0.59348 e
42.40555 39.93826 -0.65703 -0.72278 0.21425 e
42.58530 62.99765 -0.99349 -0.07345 0.08705 e
42.62855 78.89136 -0.41673 -0.08158 -0.90536 e
42.65235 60.69097 0.60398 -0.02786 -0.79651 e
43.00541 61.25862 0.84283 0.07823 0.53246 e
43.03461 40.10154 -0.81609 0.42766 0.38872 e
43.04536 60.60426 0.71285 -0.49470 0.49710 e
43.10205 54.69291 -0.43668 -0.45720 -0.77478 e
43.10827 29.32310 0.32038 0.94578 0.05341 e
43.15307 64.02615 0.12109 0.99147 -0.04813 e
43.33961 60.55715 0.35728 0.66253 -0.65834 e
43.59631 79.75255 -0.41005 0.81953 0.40029 e
43.65657 67.67559 -0.86988 0.00534 -0.49324 e
43.84810 84.58847 -0.45980 0.86739 0.19032 e
44.19045 59.14863 -0.69143 0.69351 -0.20242 e
44.37420 66.30152 0.12316 -0.57552 -0.80846 e
44.53421 65.97994 0.16823 -0.60820 -0.77576 e
44.57484 70.29986 0.24507 0.96627 0.07918 e
44.59088 66.22894 0.91086 0.34453 -0.22725 e
44.68927 62.62114 0.84092 -0.09157 0.53336 e
44.75741 47.01608 0.08529 -0.99624 -0.01500 e
44.83688 43.67831 -0.04869 -0.43990 0.89673 e
44.89458 63.64833 -0.90980 0.01375 -0.41481 e
44.97000 79.27643 -0.80357 0.42104 0.42071 e
44.97379 73.55621 -0.18687 0.92111 0.34151 e
45.00912 41.79787 0.11613 0.44436 -0.88829 e
45.35423 38.59920 -0.26925 0.20612 -0.94075 e
45.45387 49.47198 -0.44642 0.33833 0.82840 e
45.76919 79.83311 0.18374 0.50797 -0.84155 e
45.77402 77.61798 -0.50714 -0.69752 -0.50624 e
45.93156 84.81795 -0.19070 -0.86086 -0.47176 e
45.96625 25.38515 -0.58008 0.73899 -0.34264 e
45.97899 36.81692 -0.59076 0.75153 -0.29359 e
46.04231 48.17875 -0.51322 -0.11414 -0.85063 e
46.04738 42.08639 -0.16555 -0.97530 0.14621 e
46.14405 65.75600 -0.47863 -0.67638 -0.55985 e
46.27967 73.95977 -0.55471 -0.55052 -0.62388 e
46.40945 18.89471 0.90476 0.39776 0.15227 e
46.40961 61.32258 0.12516 -0.79186 -0.59775 e
46.51323 55.87831 0.44051 0.65015 -0.61908 e
46.68659 67.97733 0.87283 -0.39487 -0.28678 e
46.86171 57.58827 0.30897 -0.61664 -0.72408 e
46.89505 40.17842 0.49965 -0.63507 -0.58910 e
47.03230 22.75219 -0.63153 0.57042 0.52517 e
47.51512 43.98647 -0.72945 -0.64176 0.23675 e
47.58432 61.37395 0.14300 -0.98138 0.12828 e
47.73931 65.42395 -0.91744 0.36646 0.15498 e
48.52781 52.33457 0.83219 -0.41072 0.37251 e
48.58584 47.31064 0.14406 0.37369 -0.91630 e
48.64926 31.90025 -0.99750 0.01082 0.06988 e
48.72256 75.92124 -0.35194 -0.03497 -0.93537 e
49.00682 55.19141 -0.58510 -0.39928 -0.70586 e
49.68343 42.98930 0.09380 0.36103 -0.92782 e
49.78319 44.32427 0.32935 -0.73002 -0.59883 e
49.86012 55.40012 -0.96703 0.20678 0.14867 e
49.99231 31.00235 0.10083 -0.44354 -0.89057 e
50.15619 72.37675 0.19767 -0.87840 -0.43512 e
50.58919 68.61198 -0.45132 0.80080 -0.39373 e
50.66913 58.65657 -0.47461 -0.80054 -0.36589 e
50.78420 52.36786 0.89714 0.40897 0.16698 e
50.89164 58.52643 0.75623 0.34106 -0.55838 e
50.99916 77.79985 -0.14327 0.30964 -0.94000 e
51.05218 41.61909 0.66750 0.46107 -0.58469 e
51.18785 54.66467 -0.57552 -0.70083 -0.42144 e
51.26363 72.15345 0.22493 0.80854 -0.54376 e
51.38645 73.95089 -0.70992 0.57318 0.40925 e
51.48639 44.27534 0.99858 0.00402 0.05319 e
51.68872 23.17020 -0.68214 0.10616 -0.72347 e
51.76881 59.73687 0.04535 -0.18104 -0.98243 e
51.78172 44.39617 -0.51697 0.68718 -0.51042 e
51.98265 35.25005 0.93297 -0.08404 0.35002 e
52.07659 58.10601 0.02052 0.42763 -0.90372 e
52.31376 53.90246 -0.93537 -0.34861 -0.05970 e
52.31500 27.31157 -0.13565 -0.77311 -0.61960 e
52.34408 66.36666 -0.77114 0.58171 -0.25878 e
52.40228 53.18555 0.02530 0.41448 -0.90971 e
52.40598 81.54943 0.72935 0.09347 0.67772 e
52.47996 45.09832 0.64847 0.54977 -0.52654 e
52.66897 74.27885 -0.42935 0.79475 -0.42900 e
52.75332 56.98288 0.46440 0.78793 -0.40436 e
52.86589 54.37905 -0.22833 -0.14217 -0.96315 e
52.87283 48.51866 -0.71126 0.19318 -0.67586 e
53.03064 84.24415 -0.60466 0.13193 -0.78548 e
53.03768 45.61897 -0.82698 0.26013 -0.49843 e
53.18167 20.58293 -0.80325 -0.34123 -0.48821 e
53.24069 55.53696 -0.62321 -0.61788 -0.47942 e
53.34369 79.23401 0.22473 0.78014 -0.58385 e
53.37216 57.84279 -0.43098 0.72113 -0.54243 e
53.42648 81.53647 -0.71188 -0.39046 -0.58375 e
53.55810 16.34120 0.78702 -0.35850 -0.50207 e
53.59000 42.01942 -0.98067 0.19533 -0.01111 e
53.69381 79.01073 0.30416 -0.37085 -0.87747 e
53.79298 70.64179 0.52268 -0.23877 -0.81841 e
53.80921 28.31465 0.77624 -0.37500 0.50677 e
53.90417 35.65895 0.65828 0.74525 0.10620 e
54.33721 46.56513 -0.55086 -0.65687 -0.51486 e
54.47270 49.79402 0.58584 0.77682 -0.23098 e
54.48245 41.39644 0.77742 -0.40424 -0.48188 e
54.55741 49.64484 -0.67186 -0.65212 0.35119 e
54.62878 25.55978 -0.17719 0.46772 -0.86593 e
54.70365 82.75279 0.23703 0.84973 -0.47093 e
54.91054 33.56043 0.96670 -0.18725 -0.17447 e
54.99353 83.85502 0.17982 0.03735 -0.98299 e
55.04608 77.71049 0.28337 -0.34175 -0.89605 e
55.07702 75.42702 0.16799 -0.45880 -0.87251 e
55.29267 71.07307 0.58766 0.32483 0.74104 e
55.42894 59.24664 -0.45676 0.03822 -0.88877 e
55.49507 75.37188 0.00335 -0.82283 -0.56828 e
55.56320 30.56443 0.67364 0.35487 0.64829 e
55.68138 41.43579 0.20787 0.06282 -0.97614 e
55.74490 73.39566 -0.89786 0.17783 -0.40277 e
55.88138 66.17747 0.15933 -0.38548 -0.90886 e
56.12632 42.64161 -0.29110 -0.57939 -0.76129 e
56.24515 77.50293 -0.34139 0.74502 0.57306 e
56.39295 66.27846 0.02738 0.58686 0.80923 e
56.41910 63.06561 -0.67563 0.73484 0.05950 e
56.55377 79.73510 -0.71568 0.69605 0.05763 e
56.77836 31.74144 -0.92501 -0.18069 -0.33422 e
56.92200 44.81113 -0.42889 0.65878 -0.61812 e
57.24757 50.89950 0.57634 -0.61908 -0.53345 e
57.39984 61.03637 0.26477 0.93809 -0.22334 e
57.47050 79.94305 0.88792 -0.18990 -0.41898 e
57.51046 72.60951 0.03467 -0.49263 -0.86955 e
57.56897 84.20084 0.42195 0.46835 -0.77628 e
57.66559 50.27501 -0.16973 0.92477 -0.34059 e
58.03132 61.45187 -0.86119 0.33857 -0.37909 e
58.05340 55.17917 -0.16659 0.44281 -0.88100 e
58.47175 32.12233 0.02094 -0.00610 0.99976 e
58.60143 63.11055 -0.21123 -0.71149 -0.67019 e
58.62327 18.91253 -0.36911 -0.17643 -0.91249 e
58.72845 66.33168 0.39719 0.07671 -0.91452 e
58.82617 75.22070 0.76356 -0.04166 -0.64439 e
58.95343 50.77106 -0.92132 0.38767 -0.02968 e
58.96069 69.32797 0.11804 -0.66578 -0.73675 e
59.04822 82.48750 -0.80741 0.52540 0.26841 e
59.25863 69.78374 -0.77496 0.51388 0.36792 e
59.48851 52.87390 -0.40730 0.87099 -0.27473 e
59.75840 36.79485 -0.37314 0.01289 0.92768 e
60.00594 55.93416 -0.18736 -0.61996 0.76193 e
60.07212 70.54217 -0.39040 -0.76492 0.51234 e
60.18454 48.47900 -0.27182 0.76408 -0.58506 e
60.20451 74.26454 0.30626 0.37825 -0.87358 e
60.68919 39.89960 -0.09602 0.98501 -0.14329 e
60.70978 37.09847 0.19432 -0.97082 -0.14056 e
60.72630 68.49146 -0.89120 -0.06439 0.44902 e
60.76864 25.57752 0.43113 0.70840 0.55883 e
61.04568 53.76580 -0.32675 0.91739 -0.22722 e
61.06238 34.27963 -0.41846 0.85160 0.31569 e
61.11191 44.05995 0.44566 0.89373 -0.05128 e
61.17547 45.91914 0.18262 0.85536 -0.48477 e
61.64282 59.35655 0.45068 -0.81262 0.36951 e
61.65200 67.75112 0.60835 0.56795 -0.55439 e
61.73464 34.46491 -0.65746 0.70685 -0.26098 e
61.77214 76.23043 -0.23302 0.38850 -0.89150 e
62.01521 67.07054 -0.72174 -0.56054 -0.40607 e
62.23984 65.38857 0.22680 0.67572 -0.70140 e
62.31034 49.94359 -0.57326 -0.72264 0.38622 e
62.38282 81.13107 -0.63373 0.74845 -0.19549 e
62.71793 50.19803 -0.71228 -0.59284 0.37576 e
63.02956 83.13580 -0.82051 -0.53691 0.19617 e
63.24225 63.15124 0.68084 0.48483 -0.54900 e
63.24268 43.27642 -0.99372 0.08953 0.06713 e
63.61475 31.98890 0.45615 0.88827 -0.05379 e
63.70307 73.42956 0.92714 -0.34400 0.14856 e
63.76800 44.35199 0.59992 0.77449 -0.20067 e
63.89339 70.29630 0.90120 -0.38160 -0.20545 e
63.98027 27.51634 0.68464 -0.72789 0.03810 e
64.00837 81.59602 0.35968 0.88050 -0.30879 e
64.21901 26.03576 -0.34694 -0.81769 -0.45936 e
64.22167 56.60820 0.13542 0.85441 -0.50164 e
64.25450 51.09291 -0.99897 0.02829 0.03548 e
64.42208 59.96917 0.95349 -0.03757 -0.29906 e
64.54327 65.81189 0.22260 0.50517 -0.83382 e
64.60625 64.89935 -0.42136 0.90058 -0.10685 e
64.79576 47.08944 0.58320 -0.39753 0.70841 e
65.00180 54.99252 -0.67887 0.55994 0.47498 e
65.23118 51.80052 -0.67287 0.53772 -0.50804 e
65.53285 31.82604 -0.06369 0.34545 0.93627 e
65.63504 57.90595 0.92010 -0.39157 -0.00959 e
66.06529 51.80429 -0.26179 -0.13592 -0.95551 e
66.31374 63.25785 -0.40796 -0.52746 -0.74522 e
66.46736 44.85909 0.18781 0.55979 -0.80707 e
66.59752 56.80468 -0.70627 0.49408 0.50701 e
66.64981 56.26108 0.81077 0.58203 -0.06237 e
66.76248 31.40779 -0.73059 -0.68019 0.05982 e
66.79529 74.51368 0.00082 0.99707 0.07653 e
66.81358 80.57608 0.50097 -0.80063 -0.32865 e
67.01295 71.08111 -0.19033 0.79628 -0.57420 e
67.14435 62.10004 0.97919 -0.19608 0.05235 e
67.16819 76.34107 0.38438 0.13269 -0.91359 e
67.32074 80.36533 0.93840 -0.19488 -0.28536 e
67.32917 40.00883 -0.30628 0.60139 -0.73792 e
67.59797 38.57917 -0.34662 0.54881 -0.76070 e
67.63850 51.10983 -0.93155 0.07073 -0.35666 e
67.67773 84.12476 0.58900 0.24800 -0.76914 e
67.70983 83.75252 0.82171 -0.43317 -0.37034 e
67.77557 63.22748 0.67289 -0.73965 0.01145 e
67.95764 55.11507 -0.68722 -0.15844 -0.70896 e
67.99129 65.90961 -0.43425 -0.65336 -0.62012 e
68.13588 80.07285 0.76312 -0.03784 -0.64515 e
68.21722 29.18955 0.86800 -0.49428 -0.04763 e
68.25731 56.26156 0.20420 -0.52867 -0.82390 e
68.31710 51.49642 0.33292 -0.15112 -0.93077 e
68.40081 60.93420 -0.48317 -0.50773 -0.71327 e
68.67428 68.91930 -0.43031 -0.66882 -0.60623 e
68.85180 69.55385 -0.24967 0.60118 0.75911 e
68.85974 37.30841 -0.41505 0.25997 -0.87186 e
68.99620 63.14006 0.18565 0.81938 -0.54235 e
69.13039 79.88344 -0.77983 0.60646 0.15515 e
69.39126 32.36538 -0.39500 -0.10253 -0.91294 e
69.44890 78.32568 0.53035 0.82925 -0.17626 e
69.52286 60.50163 0.12128 0.08949 -0.98858 e
69.60725 52.59253 0.24416 0.94053 -0.23619 e
70.24466 49.18626 0.59746 -0.53539 -0.59699 e
70.42257 81.38504 0.31811 -0.83777 -0.44379 e
70.45047 38.91706 0.21278 0.15450 -0.96481 e
70.58555 34.67037 -0.16456 0.96686 -0.19518 e
70.73983 36.74917 -0.71736 0.69133 -0.08636 e
70.77119 38.47131 0.03562 0.93266 -0.35899 e
70.78332 34.63466 0.89983 0.42604 -0.09383 e
70.81438 31.56903 0.59048 -0.02949 -0.80651 e
70.91607 62.09301 0.38999 0.92021 -0.03338 e
71.18543 32.41274 0.86839 -0.49321 0.05141 e
71.23490 39.42172 0.95669 -0.28854 0.03853 e
71.62227 45.93463 0.15153 0.40933 -0.89971 e
71.76858 27.18003 -0.30691 0.35771 0.88196 e
71.76984 56.15847 -0.64560 0.58573 -0.49002 e
72.02489 71.03730 -0.52166 -0.30514 -0.79672 e
72.26467 63.79071 0.74885 0.51665 -0.41508 e
72.32903 48.88570 0.14184 -0.22996 -0.96281 e
72.53405 77.96337 0.57548 0.23517 -0.78327 e
72.87627 82.56982 -0.79293 -0.43406 0.42762 e
72.91466 36.63129 0.01692 -0.57938 -0.81488 e
73.01250 42.86136 -0.84902 0.15131 -0.50623 e
73.03642 32.43585 -0.91683 0.31149 -0.24979 e
73.55841 36.61706 -0.96374 0.02976 -0.26518 e
73.69001 72.84790 -0.68022 -0.60542 -0.41324 e
73.79296 32.26673 -0.35188 0.46145 -0.81440 e
73.79875 24.64583 -0.93094 0.29586 0.21404 e
73.87158 71.27342 -0.82886 -0.53344 0.16860 e
73.88019 28.79015 -0.44884 0.64369 -0.61985 e
74.38020 59.60895 -0.57636 -0.45077 -0.68163 e
74.48026 19.55529 0.52435 -0.83509 0.16637 e
74.63562 49.33361 -0.83136 -0.55514 -0.02557 e
74.80780 48.38792 -0.70868 -0.56534 -0.42209 e
75.10980 45.62400 -0.23414 -0.83233 -0.50241 e
75.18381 37.09772 -0.12981 -0.08429 -0.98795 e
75.43945 38.32674 0.11005 -0.94589 0.30527 e
75.46755 64.30170 0.06373 0.36086 -0.93044 e
75.65833 63.04667 -0.52726 -0.84967 0.00804 e
75.77398 57.42999 0.30611 -0.26175 -0.91530 e
75.97065 58.00615 -0.41952 -0.59141 -0.68865 e
75.97343 31.88242 0.54747 -0.10175 -0.83062 e
76.00879 29.80430 0.09131 0.86099 -0.50036 e
76.13930 72.61491 -0.62474 0.76052 -0.17696 e
76.73459 61.23200 -0.22263 -0.02209 -0.97465 e
76.88584 47.25479 0.38257 -0.36952 -0.84682 e
76.98439 83.12350 -0.56756 -0.29699 0.76790 e
77.32543 49.27351 -0.65988 0.71183 0.24055 e
77.46299 70.85291 0.67145 0.41362 0.61488 e
77.68757 56.23835 -0.65414 0.18334 -0.73382 e
78.09752 76.73424 -0.60371 0.01479 -0.79707 e
78.23470 32.19161 -0.18644 0.80445 0.56400 e
78.69520 68.05352 -0.38825 -0.90619 0.16756 e
79.34866 68.87460 -0.87513 -0.41033 0.25648 e
79.36755 46.14363 0.84376 0.27190 -0.46276 e
80.18265 36.38687 -0.95415 -0.26019 -0.14800 e
80.52348 49.72098 -0.60338 0.06276 -0.79498 e
80.70045 66.35459 0.24616 0.93301 -0.26250 e
80.83509 75.11581 0.45382 -0.29975 -0.83916 e
81.03727 67.09352 0.13814 -0.18946 -0.97212 e
81.06365 61.79064 -0.93963 -0.28513 0.18920 e
81.31656 54.80025 0.51183 -0.13676 -0.84813 e
81.40532 49.43314 -0.08801 -0.00805 -0.99609 e
81.60737 65.02942 0.06901 -0.80838 -0.58460 e
81.70553 69.36551 0.03971 -0.89612 -0.44202 e
81.93844 73.51504 -0.03512 0.83399 -0.55066 e
81.97421 67.84190 0.63170 -0.77157 0.07508 e
82.04581 78.95899 0.47114 -0.87955 -0.06652 e
82.27641 37.57679 0.87418 -0.48258 0.05412 e
82.30000 25.76120 0.16666 0.65079 0.74074 e
82.55011 38.39737 0.12031 0.51605 0.84807 e
82.64256 76.30223 0.59464 -0.16152 -0.78760 e
83.04460 54.02977 0.34729 0.78293 -0.51615 e
83.45629 50.29503 0.12370 0.70521 -0.69812 e
84.07391 38.73589 -0.92064 0.38477 0.06615 e
84.33854 78.64859 -0.06328 0.98012 0.18807 e
84.38505 77.63010 0.86100 -0.46238 0.21187 e
85.76742 19.58750 0.05210 -0.98258 0.17841 e
85.78111 27.26282 -0.64002 -0.76743 -0.03777 e
85.90559 84.59555 0.80578 -0.54153 -0.23971 e
86.73160 24.03299 -0.40580 -0.90796 -0.10453 e
86.79713 56.63330 0.50748 -0.42818 0.74775 e
86.88831 49.90234 -0.54253 0.53821 -0.64498 e
87.10536 53.21918 -0.04894 0.95600 -0.28926 e
87.31056 49.90906 -0.44017 0.84229 0.31114 e
87.42631 39.69982 -0.62783 0.51279 -0.58555 e
87.44171 72.15035 0.07089 -0.97805 -0.19594 e
87.48598 81.65946 -0.12147 -0.93459 0.33433 e
87.62727 36.31141 0.83715 0.27651 -0.47192 e
87.70765 76.70080 -0.08279 -0.98088 0.17614 e
87.71891 33.61935 -0.22414 0.65971 -0.71731 e
87.89836 65.46548 -0.08802 -0.69763 -0.71103 e
88.30991 30.39249 0.51117 0.32183 0.79695 e
88.90262 81.47086 -0.85828 0.38863 -0.33514 e
88.95227 40.65861 0.93495 -0.21279 -0.28390 e
89.49420 63.81139 0.50645 -0.70082 0.50235 e
89.59561 68.43760 0.58006 0.80889 -0.09607 e
89.60904 56.72081 0.01064 0.58239 -0.81284 e
89.71595 76.75589 0.24186 0.52620 -0.81524 e
89.73572 34.68822 0.40416 -0.71393 -0.57181 e
89.93805 53.87678 0.49085 -0.29134 -0.82109 e
90.49963 41.68941 0.96444 -0.02225 -0.26336 e
90.57227 42.74494 0.27843 -0.35725 -0.89154 e
90.69375 47.15459 -0.50587 0.85975 0.07011 e
90.71866 20.84965 -0.60648 -0.10965 0.78750 e
90.92649 58.60780 0.25305 0.05660 0.96580 e
90.94283 45.92284 0.96728 0.24088 -0.07962 e
91.16208 49.79164 0.30475 0.92979 -0.20644 e
91.67643 60.98984 0.60577 0.46569 -0.64511 e
92.09836 52.75445 -0.91160 -0.40567 -0.06641 e
92.59314 41.37295 -0.06292 0.03724 -0.99732 e
92.71707 45.42106 -0.60835 0.17253 -0.77469 e
93.26257 39.22999 0.05930 0.40203 -0.91371 e
93.48943 25.64297 -0.50685 -0.86133 0.03467 e
93.57500 51.47145 -0.73025 0.45484 -0.50976 e
93.85420 84.91309 -0.46215 0.83501 0.29862 e
93.89491 75.18478 0.49979 0.86613 -0.00545 e
94.11519 64.44523 -0.25257 0.38030 -0.88971 e
94.76932 78.10227 0.24208 -0.25815 -0.93529 e
94.80447 56.57927 0.81487 0.08020 -0.57407 e
95.15409 48.29136 0.10824 0.54002 -0.83466 e
95.30323 42.62676 -0.72955 -0.57741 -0.36655 e
95.35670 53.43260 0.37317 0.91252 0.16751 e
95.49769 83.06776 0.36953 0.92247 -0.11185 e
95.94982 73.40781 -0.20752 0.81101 -0.54699 e
96.70938 78.53772 0.04069 -0.07829 -0.99610 e
96.92856 46.68782 0.99997 -0.00162 0.00799 e
97.21130 60.18254 0.54237 -0.47205 -0.69499 e
97.31477 84.79355 -0.16885 -0.71856 -0.67466 e
97.32026 72.35544 -0.30169 0.95334 -0.01152 e
97.34538 67.72609 -0.47528 -0.65652 -0.58574 e
97.36591 62.52020 0.87917 -0.31902 -0.35396 e
97.71305 51.26035 -0.63333 0.46008 0.62227 e
97.89999 68.62367 -0.55009 -0.47535 -0.68662 e
98.08936 62.90851 -0.77947 0.60571 0.15984 e
98.21295 47.81943 0.52535 -0.27952 -0.80366 e
98.33672 23.90829 -0.86389 -0.30508 0.40076 e
98.35698 40.63987 -0.97185 -0.14471 -0.18590 e
99.13855 64.17486 0.61794 -0.67427 -0.40436 e
99.21333 36.90850 -0.80764 -0.54666 -0.22109 e
99.36186 54.89063 0.83003 0.22911 -0.50849 e
99.84440 45.46493 -0.99313 0.03370 -0.11206 e
100.35434 43.87203 -0.31236 -0.07062 -0.94734 e
100.66858 41.34273 -0.99586 -0.00954 -0.09038 e
100.68735 34.75539 0.67882 -0.42484 -0.59893 e
100.71198 34.12772 -0.11670 -0.50679 -0.85413 e
100.90000 47.36031 0.80403 0.29973 -0.51351 e
100.96655 65.38165 -0.21937 -0.75405 -0.61910 e
101.15865 18.18901 0.43442 0.83228 -0.34436 e
101.19227 72.99170 -0.52836 -0.84893 0.01247 e
101.95557 64.20099 -0.78424 0.52605 -0.32899 e
102.42852 36.71363 -0.77032 0.43221 -0.46884 e
102.71772 31.97588 0.15235 0.69771 0.69999 e
103.60991 29.08346 -0.86676 -0.43107 0.25083 e
103.99642 59.36744 -0.78068 -0.16781 -0.60198 e
104.00737 38.62375 0.17464 0.98320 -0.05306 e
104.21421 36.26549 -0.32597 0.11709 0.93810 e
104.33028 50.82156 -0.79780 0.60275 0.01420 e
104.90581 44.95804 -0.15294 0.72046 -0.67643 e
105.19845 74.38348 0.95043 -0.27186 0.15094 e
105.28643 60.96577 -0.13044 0.91080 -0.39171 e
105.35999 20.78999 -0.36563 -0.93046 -0.02360 e
105.59848 62.50236 0.21183 -0.17859 -0.96085 e
105.91255 52.46469 0.37283 -0.06990 -0.92526 e
107.04341 79.25788 0.17750 0.79333 -0.58234 e
107.07692 30.90629 0.54279 0.79936 0.25768 e
107.21360 75.66150 0.12319 -0.79184 -0.59818 e
107.77590 84.41176 -0.49710 0.25989 -0.82786 e
108.06044 21.05904 -0.01977 0.06457 -0.99772 e
108.26490 80.99225 -0.18480 0.13479 -0.97349 e
108.30523 57.51779 -0.80731 0.30613 -0.50451 e
108.63734 59.33714 0.99292 0.09059 -0.07678 e
108.87097 61.99792 0.58983 -0.31668 -0.74285 e
109.65454 80.92653 -0.07412 0.79757 -0.59866 e
111.20642 83.56742 -0.77398 -0.55106 0.31190 e
111.34144 53.51132 0.77266 -0.04078 -0.63351 e
111.34430 42.52479 -0.39353 -0.85024 0.34961 e
111.77640 36.18351 -0.36280 -0.70299 -0.61170 e
112.15727 40.50233 -0.52676 -0.02191 -0.84973 e
112.43453 51.91918 -0.08183 -0.65648 -0.74989 e
112.44956 59.10679 -0.12462 0.36879 -0.92112 e
112.93194 47.47214 -0.03183 -0.67410 -0.73795 e
113.08720 66.66009 -0.07055 0.98544 0.15470 e
113.17353 35.58302 -0.25241 0.47066 0.84544 e
113.90598 73.91586 0.27479 -0.84611 -0.45670 e
114.14278 50.53101 0.27861 -0.10936 -0.95416 e
116.55185 78.45133 0.11210 -0.99357 0.01595 e
116.55266 72.72326 -0.47426 -0.85627 0.20463 e
116.68033 31.67891 0.35100 -0.87739 -0.32710 e
116.83665 44.15514 -0.74620 0.63830 -0.18908 e
117.34071 33.27317 0.83359 0.34054 -0.43492 e
117.76636 40.08374 -0.38754 -0.84721 0.36339 e
118.00810 41.66971 0.39702 -0.85176 -0.34186 e
118.16523 82.61120 -0.40348 0.58960 0.69970 e
118.33270 64.12284 -0.41704 0.00951 -0.90884 e
118.36202 37.72546 0.85813 -0.36140 -0.36470 e
118.57192 31.09479 -0.95878 0.22538 0.17307 e
119.02165 36.12584 -0.77500 0.56527 -0.28257 e
119.08583 36.19123 0.43016 0.13134 -0.89315 e
119.47729 63.80485 0.35576 -0.93103 -0.08142 e
119.61414 39.01454 -0.49166 -0.73598 -0.46542 e
119.71409 68.13125 0.74534 -0.63500 -0.20310 e
119.94382 53.57516 -0.41327 -0.88156 -0.22816 e
120.13821 79.53318 -0.17927 0.83243 0.52432 e
120.28598 71.97071 0.44540 -0.82565 -0.34631 e
120.58155 23.85186 0.30841 -0.47412 -0.82468 e
120.73057 80.12790 0.62184 0.63408 -0.45963 e
120.86146 81.27850 0.55822 -0.22528 -0.79853 e
121.17322 34.21360 0.32048 -0.92379 -0.20952 e
121.32326 26.64971 -0.71248 0.00941 -0.70163 e
121.62835 63.94433 -0.39885 0.02174 -0.91676 e
122.81788 77.34867 -0.22383 0.65701 -0.71989 e
123.43786 50.28748 -0.60377 0.44842 -0.65907 e
123.50910 74.73380 0.05429 -0.32563 -0.94394 e
124.01244 37.24364 -0.27244 -0.21236 -0.93845 e
124.47630 36.84650 0.79885 0.22007 -0.55983 e
124.48492 35.83830 -0.56140 -0.55640 -0.61258 e
124.63926 77.89550 -0.29640 -0.95506 -0.00327 e
124.77368 48.71775 0.14584 -0.69999 0.69910 e
124.96653 50.85240 -0.59614 -0.65445 -0.46510 e
125.42760 79.50689 -0.92320 0.03269 0.38293 e
126.31984 47.93426 0.30222 -0.84831 -0.43478 e
126.39417 28.93766 -0.40144 -0.63564 -0.65940 e
126.46456 79.32571 0.11303 -0.04080 -0.99275 e
126.78765 38.17133 -0.68394 0.29002 -0.66942 e
127.49479 82.82938 -0.07235 -0.86071 0.50392 e
129.42059 39.55991 -0.77093 -0.54310 0.33272 e
129.43644 61.87903 -0.33236 0.87562 -0.35048 e
129.55130 82.07569 -0.59427 0.13503 -0.79285 e
129.63925 31.13460 0.01341 0.91817 -0.39597 e
129.65216 46.20523 -0.42131 0.38747 -0.81998 e
130.07481 31.20391 -0.02419 -0.89334 -0.44872 e
130.42372 71.23343 -0.69383 0.44040 -0.56979 e
130.61268 58.84194 -0.55958 -0.59920 -0.57257 e
130.82042 23.10472 -0.40619 -0.76737 0.49613 e
131.00527 39.51942 -0.34074 0.55248 -0.76069 e
131.29317 29.54455 0.81135 0.58235 -0.05072 e
131.35567 28.23713 -0.29412 0.95551 -0.02214 e
131.77108 37.38553 -0.11187 -0.53998 -0.83421 e
132.66160 53.83748 -0.99681 0.07839 0.01494 e
132.68593 48.76999 -0.23855 0.90206 -0.35970 e
132.84314 39.35436 -0.31896 0.15064 0.93572 e
133.29012 64.38714 -0.15967 0.00778 -0.98714 e
133.33674 77.36947 -0.26966 -0.78628 -0.55592 e
133.55433 77.56581 0.14531 -0.40996 -0.90046 e
133.71414 44.27609 0.26013 -0.79532 -0.54753 e
134.05097 34.64881 -0.04316 -0.55216 -0.83262 e
134.41282 28.71836 0.49595 -0.73897 0.45602 e
134.45546 62.16574 0.18461 0.90911 -0.37341 e
134.66831 36.94000 0.79617 0.59664 -0.10071 e
134.71482 38.27319 -0.72242 -0.48736 -0.49050 e
136.14753 47.06817 0.13643 -0.35756 -0.92387 e
136.65202 72.53155 -0.06869 0.72522 -0.68508 e
137.26247 65.97089 0.59604 -0.41792 -0.68562 e
137.70848 44.98803 -0.61626 -0.78719 0.02339 e
138.47998 78.94426 -0.10997 0.91525 0.38758 e
139.12351 25.00413 -0.75376 0.64621 0.11940 e
139.21820 63.32474 0.12107 0.91828 -0.37697 e
139.35952 40.40480 -0.89205 -0.31432 -0.32474 e
139.61804 84.82136 -0.61534 0.70746 -0.34764 e
139.67222 80.77228 0.98037 -0.11764 -0.15824 e
139.97813 24.32725 -0.18165 0.58564 -0.78995 e
139.99412 56.01337 0.62941 0.77051 0.10083 e
140.62393 53.85177 -0.15565 0.82070 -0.54975 e
140.68453 50.48868 0.29375 0.94172 -0.16395 e
140.76397 37.95533 0.02357 -0.32817 0.94432 e
140.93804 15.38404 -0.74139 0.39959 0.53914 e
141.10387 53.40253 0.87716 0.46727 0.11071 e
141.57880 28.63340 0.93111 0.13386 -0.33928 e
141.73271 75.32950 -0.20420 -0.97674 0.06550 e
142.98682 42.94483 0.76981 0.54108 -0.33856 e
143.00614 44.10429 -0.77924 0.01389 -0.62657 e
143.28565 24.45568 -0.92426 -0.36827 0.10062 e
143.48877 39.53582 -0.95492 0.28184 -0.09323 e
144.06610 31.91539 -0.11281 0.57334 -0.81152 e
144.10020 36.09037 -0.31987 -0.86564 -0.38517 e
144.30342 45.01586 0.47721 0.32448 -0.81669 e
144.52642 37.89106 0.14128 0.98749 0.06999 e
146.09380 46.94966 -0.89764 0.42796 -0.10533 e
146.51410 36.56046 -0.77061 0.62613 0.11883 e
146.54174 27.56765 0.46656 -0.53185 -0.70672 e
147.16515 21.92291 0.35293 0.16910 0.92024 e
147.37344 39.17599 0.54391 0.69550 -0.46951 e
147.79952 68.34598 -0.82409 0.47478 -0.30897 e
147.93652 42.01145 0.35583 0.49402 -0.79330 e
148.45120 49.37504 -0.51187 0.81423 -0.27391 e
148.60966 59.31220 0.91963 0.05729 -0.38859 e
148.94152 36.85455 0.96265 -0.25808 0.08189 e
148.97956 56.83896 -0.47611 -0.84789 -0.23325 e
149.00434 68.80149 -0.38282 0.68486 -0.62001 e
149.20182 25.49471 0.22723 0.01420 -0.97374 e
150.77172 29.56737 -0.67671 -0.18644 -0.71225 e
151.30567 56.07970 0.13240 -0.26713 -0.95452 e
151.40837 79.32088 -0.77131 -0.21265 -0.59988 e
151.73490 84.43755 0.86820 0.48070 0.12315 e
151.76815 41.03185 -0.58600 0.18666 -0.78852 e
151.91322 22.23288 -0.13735 0.97126 -0.19437 e
152.18095 52.64439 0.74284 0.51968 0.42205 e
152.61802 72.17574 -0.98189 -0.17707 -0.06737 e
153.17669 30.50990 0.74552 -0.29682 -0.59673 e
153.49360 62.30832 -0.60282 -0.10440 -0.79102 e
153.72269 43.26461 -0.05305 0.99810 -0.03127 e
153.88983 74.52504 0.81260 0.25018 0.52639 e
154.26128 63.54308 -0.67139 -0.49583 0.55080 e
154.35273 23.53266 0.10578 -0.95423 -0.27975 e
154.43739 70.45034 -0.12222 -0.09054 -0.98836 e
154.51671 49.34783 -0.71439 -0.33151 -0.61624 e
154.53427 77.86317 0.48698 -0.68055 -0.54745 e
154.59852 52.26259 0.86238 0.29026 -0.41478 e
155.10322 48.64346 0.51042 -0.03034 -0.85939 e
155.16945 50.63436 0.92051 0.38928 0.03341 e
155.60713 36.66636 0.90498 0.03315 -0.42417 e
156.06674 50.97110 0.28624 0.82366 -0.48955 e
156.66864 51.89496 0.95680 -0.28640 0.04998 e
156.69392 33.25543 0.67838 -0.05868 -0.73237 e
156.86317 44.67724 -0.92906 0.32073 0.18433 e
157.02727 18.96070 -0.29515 0.48126 -0.82539 e
157.23357 51.83571 0.87531 -0.41956 0.24043 e
157.37257 65.85226 0.70158 -0.61773 0.35524 e
157.72605 72.09511 -0.37171 0.45414 -0.80968 e
157.85686 71.92879 0.27263 0.80209 0.53134 e
157.98646 40.49864 -0.54027 0.77407 -0.33002 e
158.17489 37.08090 0.01991 0.85940 -0.51092 e
158.41644 50.38521 -0.69619 0.45463 -0.55554 e
158.74247 58.24796 0.31135 -0.52886 -0.78953 e
158.74890 60.31881 -0.22588 0.38368 -0.89541 e
159.54764 58.96363 -0.98860 -0.13996 -0.05551 e
159.92573 73.30675 -0.33963 -0.54886 -0.76381 e
160.03008 31.47269 0.84619 -0.45455 -0.27810 e
160.13560 47.00779 -0.19216 -0.45792 -0.86798 e
161.04743 70.84188 0.14588 0.98822 0.04623 e
161.19967 19.94801 -0.36657 0.92673 -0.08239 e
161.77200 37.24576 0.27331 0.00823 -0.96189 e
162.32589 76.11082 -0.67905 0.02203 -0.73376 e
162.63061 23.25951 0.37451 -0.33564 -0.86434 e
162.73712 30.20563 -0.10162 0.33776 -0.93573 e
163.11443 31.95186 -0.34130 0.65848 0.67075 e
163.36782 26.15574 0.03981 -0.99776 0.05381 e
163.41328 40.16528 -0.93927 0.18550 0.28872 e
164.02930 45.90620 0.00194 0.39238 -0.91980 e
164.53379 42.18839 0.63550 -0.74370 0.20750 e
164.66879 79.34625 -0.35213 -0.44282 -0.82457 e
164.71853 74.48373 0.50592 0.80405 0.31233 e
165.40789 51.41980 -0.15234 0.89084 0.42801 e
165.85634 39.64099 0.20289 0.86425 0.46034 e
166.27606 53.72338 -0.15748 0.23409 -0.95937 e
167.23503 38.79266 -0.15806 0.95630 0.24600 e
167.46296 32.96010 0.36060 0.92606 0.11129 e
167.99711 75.44444 -0.64626 0.53936 -0.53985 e
168.15000 26.44958 -0.93356 -0.23106 0.27400 e
168.15212 19.73881 -0.97754 0.09146 0.18987 e
168.20011 62.55070 0.51315 0.55266 -0.65669 e
168.22849 66.39444 -0.67460 -0.45782 -0.57907 e
168.35889 63.85651 0.79883 0.53518 0.27468 e
168.41920 44.41389 0.40924 -0.90521 -0.11451 e
169.30307 35.44913 0.47634 0.05069 0.87780 e
170.05941 60.59471 -0.30386 0.11213 -0.94610 e
170.20547 69.97812 -0.03830 0.79863 -0.60060 e
170.68425 70.15931 -0.52243 0.69275 -0.49716 e
171.19294 39.74542 -0.85695 0.51326 0.04698 e
171.39857 71.36017 -0.53872 -0.23880 -0.80793 e
171.67431 46.79965 -0.43791 0.46657 0.76847 e
172.15159 63.39185 -0.63020 0.76620 -0.12565 e
172.30765 35.34625 0.17943 0.97197 0.15190 e
172.38591 25.06117 -0.35680 0.44396 0.82195 e
172.52773 66.62401 -0.02673 0.85693 -0.51474 e
172.78132 52.46252 0.52915 -0.57843 -0.62082 e
174.47767 44.21828 0.61678 0.51312 0.59690 e
174.69175 25.43231 -0.57144 0.69650 -0.43398 e
174.69540 45.57597 0.62014 0.66512 -0.41599 e
175.86076 79.47830 0.58268 0.21794 -0.78293 e
176.41756 50.54759 -0.62101 -0.65685 -0.42767 e
176.60279 45.04525 0.31082 0.88761 -0.33992 e
176.90373 36.67776 -0.67280 -0.31494 -0.66944 e
177.79760 13.49406 0.52940 -0.40669 -0.74454 e
177.97243 30.51149 -0.81107 -0.52416 -0.25966 e
178.56934 83.48570 -0.03543 0.82129 0.56940 e
178.64748 39.51726 0.79896 0.40250 -0.44683 e
178.72221 46.26009 0.43803 0.44663 -0.78016 e
178.75566 18.57728 -0.56654 -0.73912 -0.36432 e
178.83123 62.07835 0.50553 -0.36275 -0.78285 e
179.07545 72.23542 0.50276 0.04942 -0.86301 e
179.74585 63.23755 0.08540 -0.99463 0.05849 e
180.01692 40.73014 -0.76388 -0.33854 0.54943 e
180.02422 67.14387 0.11889 -0.92387 -0.36378 e
180.19342 46.29887 0.05413 0.53768 -0.84141 e
180.47638 40.36826 0.90396 0.26671 -0.33425 e
180.80836 72.82932 -0.66579 0.62865 -0.40190 e
181.20144 35.99578 0.57746 0.32995 0.74678 e
181.44960 27.70030 -0.36737 -0.51845 -0.77217 e
181.84596 43.79771 -0.12293 0.99192 -0.03141 e
181.88596 38.68880 -0.45720 -0.56449 0.68726 e
181.89841 15.55007 -0.19895 -0.29869 0.93338 e
182.08975 78.06282 -0.70801 0.50824 0.49033 e
182.20574 62.97769 0.59209 0.18233 0.78498 e
182.23410 29.94311 -0.79771 -0.51143 -0.31953 e
182.39915 41.58545 0.16647 0.29209 -0.94179 e
182.52567 62.08406 0.43768 -0.19624 -0.87745 e
182.71377 78.62869 -0.32542 0.56279 -0.75985 e
183.01184 12.64763 -0.36217 0.85308 0.37563 e
183.15344 70.33322 -0.16522 -0.67710 -0.71710 e
183.34317 39.10916 -0.52584 0.46961 -0.70920 e
183.78577 21.95054 -0.05847 0.60241 -0.79604 e
184.71631 70.48424 0.61534 0.76140 -0.20403 e
184.95822 21.92670 0.81255 0.35002 -0.46610 e
185.14354 39.04593 0.78686 0.45194 0.42024 e
185.39383 44.01255 0.19087 0.20400 -0.96018 e
186.14958 40.95621 -0.43847 -0.60362 -0.66587 e
186.18419 36.14683 0.27923 -0.60739 -0.74371 e
186.18745 78.84446 -0.74382 -0.12981 -0.65566 e
186.30501 64.64875 0.62317 -0.52820 -0.57677 e
186.68723 81.67297 0.58486 -0.58503 0.56185 e
186.76208 55.76103 -0.23725 0.93383 0.26772 e
186.97995 28.89292 -0.68767 -0.66267 0.29661 e
187.39715 21.39757 -0.06422 0.55916 -0.82657 e
187.64926 42.07220 0.76104 -0.16833 -0.62648 e
188.69024 64.74895 -0.94553 -0.12233 -0.30167 e
189.46805 45.44289 -0.80139 0.58533 0.12312 e
189.77192 49.47309 -0.80021 -0.44075 0.40669 e
191.84620 22.63774 0.53244 0.84435 -0.05975 e
192.06591 66.33745 0.18725 -0.72274 -0.66527 e
192.71104 80.66476 -0.67855 0.17595 -0.71317 e
192.75575 60.49804 0.75432 0.64897 0.09919 e
192.91834 27.87050 0.33843 0.74309 -0.57731 e
192.93167 30.50827 -0.83914 0.29125 -0.45936 e
193.29085 27.23102 -0.27655 0.83948 -0.46776 e
193.56504 46.19679 0.30918 -0.42118 -0.85265 e
193.60763 55.07069 0.19085 -0.93208 -0.30791 e
193.66252 30.85606 -0.12613 -0.77661 -0.61723 e
193.86717 18.61573 0.44028 0.20776 -0.87349 e
194.14073 45.97080 0.25884 -0.42909 -0.86538 e
195.21492 73.76875 -0.64552 -0.39499 -0.65367 e
195.26523 15.60864 0.55893 -0.41858 -0.71581 e
195.76305 20.01815 0.21407 0.20693 -0.95465 e
196.62627 56.48360 -0.38315 -0.10868 -0.91727 e
196.73763 68.51539 0.76722 -0.39586 -0.50465 e
196.94293 52.45382 -0.37848 -0.92310 -0.06805 e
197.39897 24.36742 -0.61228 0.78977 0.03707 e
197.65165 33.00787 0.87838 -0.32931 0.34641 e
199.61752 81.65826 0.83093 0.16739 -0.53059 e
200.04937 47.89038 -0.11850 -0.66488 -0.73749 e
200.57924 44.18612 0.73228 -0.11195 -0.67174 e
200.61511 15.99794 -0.76577 -0.21403 -0.60646 e
200.75628 52.01797 -0.73124 -0.56171 -0.38700 e
201.52511 51.16178 -0.05398 0.99752 -0.04514 e
201.84174 44.50806 0.47068 0.88192 0.02596 e
202.20101 50.82540 0.16606 -0.81786 -0.55094 e
202.28176 38.54863 -0.73818 0.64540 -0.19634 e
203.35990 71.34453 0.55199 0.05241 -0.83220 e
203.78925 69.06519 -0.94805 -0.13817 0.28656 e
203.92854 71.12167 0.11784 0.39955 -0.90910 e
204.24416 53.85001 -0.62957 -0.24514 -0.73726 e
206.03975 40.31194 -0.81645 0.56613 -0.11358 e
206.14809 23.42841 0.81665 0.31363 0.48447 e
206.29492 22.94259 0.21234 0.87016 -0.44467 e
206.70653 32.61845 -0.93448 -0.03604 -0.35420 e
207.12793 26.02366 0.95069 0.02342 -0.30925 e
208.13087 59.94989 0.65641 0.36809 -0.65851 e
208.53730 71.91534 0.53724 -0.82979 -0.15109 e
208.61800 19.37079 0.24348 0.78245 -0.57314 e
209.04695 33.63899 -0.03123 -0.14947 -0.98827 e
209.08721 24.92799 0.70986 -0.70019 0.07639 e
209.40564 51.99528 0.43759 -0.17346 -0.88229 e
209.54802 27.13509 -0.41736 0.89517 -0.15646 e
209.69732 50.51746 -0.07958 0.97170 -0.22241 e
209.91787 30.48718 0.63288 -0.74578 0.20804 e
210.42042 31.90083 0.57125 -0.28134 0.77105 e
210.64723 64.41680 0.05231 0.46877 -0.88177 e
210.69335 78.05038 -0.44977 0.36619 -0.81462 e
211.10985 61.52630 -0.55776 -0.03234 -0.82937 e
211.92835 29.21172 0.75945 -0.63822 -0.12610 e
213.46931 59.76059 0.07171 0.93493 -0.34751 e
213.49384 19.22006 -0.47596 -0.32910 0.81557 e
213.76121 40.06660 0.31453 0.71896 -0.61981 e
214.15864 60.11488 0.77997 -0.58175 0.23066 e
214.25614 45.19184 -0.18061 -0.95198 0.24721 e
215.26242 30.91149 -0.04341 -0.54257 -0.83889 e
215.29269 49.84662 -0.08730 0.25142 -0.96393 e
215.34821 25.79091 0.60260 0.79229 0.09564 e
215.50747 51.70155 -0.38462 0.88648 0.25732 e
215.57193 68.92531 -0.44361 0.19022 -0.87580 e
215.83521 83.62566 0.96072 0.12820 0.24613 e
215.83736 56.20291 -0.64312 -0.75734 -0.11328 e
216.97151 52.86319 -0.43466 -0.86343 0.25603 e
217.40565 42.53105 -0.43533 0.81607 -0.38016 e
217.82334 19.87868 0.66373 -0.74796 0.00396 e
217.83332 35.77192 -0.28831 -0.02766 -0.95714 e
218.06725 69.71688 0.59606 0.72460 0.34594 e
219.00872 45.64597 -0.79934 0.28757 0.52760 e
220.04547 68.30646 0.92392 0.22689 0.30804 e
220.26387 30.87142 0.09262 0.85168 0.51580 e
220.88471 36.80759 0.62815 0.19570 -0.75308 e
221.43749 14.00395 -0.68788 0.66979 0.27963 e
221.70863 71.52589 0.34457 0.93639 0.06667 e
222.01952 30.24306 0.47670 -0.65607 0.58509 e
222.05498 29.88223 0.80370 0.59465 -0.02130 e
222.53886 82.17942 -0.05164 0.07347 -0.99596 e
222.94534 71.70730 0.54344 0.38031 -0.74836 e
223.97666 73.49116 -0.67743 -0.41421 -0.60788 e
223.99871 82.50848 -0.23821 -0.96991 0.05028 e
224.02085 78.53656 0.54627 -0.72478 -0.41986 e
224.06089 82.29078 0.95167 -0.24717 -0.18232 e
224.49448 78.13170 -0.36694 0.77120 -0.52020 e
224.56867 38.46206 -0.82585 -0.43908 -0.35381 e
224.79716 36.14417 0.33600 -0.88495 0.32243 e
224.90719 61.32238 0.28002 0.95542 -0.09358 e
225.64723 55.90148 -0.96579 0.18765 -0.17900 e
226.09728 77.77427 -0.27531 0.66686 0.69246 e
227.32440 58.99078 -0.78279 -0.43471 -0.44528 e
228.05786 80.96495 -0.77847 0.41911 -0.46726 e
228.73606 76.19355 0.92492 0.28573 -0.25078 e
229.32976 70.94219 0.67913 0.72200 -0.13227 e
230.13574 45.70518 -0.12724 0.98396 0.12502 e
230.13888 70.92434 -0.53143 0.84507 0.05858 e
230.38111 51.42261 -0.00044 0.89159 0.45285 e
230.62244 25.24492 -0.43485 0.06627 -0.89806 e
231.01639 31.78439 -0.25822 0.79141 0.55407 e
232.41703 68.60391 -0.48425 0.07636 0.87159 e
233.15790 56.79028 0.83438 0.49758 -0.23711 e
233.32346 76.86139 0.80454 -0.12025 -0.58160 e
233.39875 61.54167 0.23220 0.95430 0.18814 e
233.45662 55.90630 -0.87479 0.34835 0.33674 e
233.76661 67.21627 -0.62397 -0.73938 0.25294 e
235.08763 26.43353 -0.10752 -0.13777 -0.98461 e
235.26366 61.23300 -0.91403 0.40165 -0.05684 e
235.48909 30.89631 0.40032 0.30013 -0.86583 e
236.64895 45.95243 0.23288 0.88439 -0.40449 e
237.94581 77.29721 0.48873 0.85992 -0.14724 e
238.99095 39.12208 -0.12653 0.95444 -0.27025 e
240.18654 51.52956 -0.07708 -0.95361 0.29101 e
240.26730 52.86108 -0.45396 0.21056 -0.86579 e
240.44022 47.93975 0.08314 0.75719 -0.64788 e
240.55591 20.78618 0.58497 -0.29243 0.75650 e
241.05173 18.59349 -0.09222 0.08528 -0.99208 e
241.29237 53.20623 -0.45865 -0.73221 -0.50349 e
242.37529 62.92272 0.14513 0.37832 0.91423 e
243.29054 33.03679 -0.12228 -0.85071 0.51121 e
243.32723 78.09753 -0.69651 0.49935 -0.51529 e
244.35701 77.88390 0.62811 0.20639 -0.75025 e
245.05741 10.86848 -0.06863 -0.66409 -0.74449 e
245.40842 34.71748 0.77128 0.04857 0.63464 e
245.65444 34.81557 -0.40585 0.91221 -0.05609 e
246.13659 78.87784 -0.11603 0.81991 -0.56061 e
246.40607 39.47694 0.88249 -0.42008 -0.21153 e
247.49476 41.94915 -0.14088 -0.98835 0.05765 e
247.55062 62.57458 0.22547 -0.46628 -0.85542 e
248.19762 48.48270 -0.23484 -0.07553 -0.96910 e
248.35448 68.06258 0.81376 0.09428 -0.57351 e
249.31500 45.27267 -0.68244 0.34484 -0.64448 e
249.59842 55.68704 -0.27183 0.46799 0.84089 e
249.70518 84.21844 0.57904 -0.10382 -0.80866 e
250.54918 83.72562 0.96724 -0.00979 -0.25368 e
250.66176 38.14001 0.28215 -0.95885 0.03151 e
251.17738 55.19196 0.49080 0.52368 -0.69633 e
251.26557 81.75356 0.14645 -0.53464 -0.83229 e
251.29821 39.84540 0.81124 -0.43522 -0.39048 e
251.71865 43.78145 0.65582 0.74414 0.12710 e
252.68025 29.13691 0.74311 -0.18865 -0.64203 e
253.06444 26.14649 -0.94395 0.28711 -0.16284 e
253.06746 36.27682 0.98928 -0.09712 -0.10908 e
253.33854 78.14225 -0.42745 -0.12467 -0.89540 e
253.81136 45.90563 -0.83106 -0.46581 -0.30390 e
254.10317 42.64294 -0.71225 0.56754 -0.41304 e
254.16096 41.36698 -0.47998 0.13376 0.86702 e
254.16613 68.79499 0.90157 0.40076 -0.16296 e
254.65389 46.66846 -0.80398 0.59136 -0.06248 e
255.19883 40.60471 0.70099 0.14452 -0.69838 e
256.68610 53.66906 -0.56615 0.38785 -0.72735 e
258.06618 36.43451 0.09323 0.75977 -0.64347 e
258.47461 50.03781 0.69167 -0.50277 -0.51847 e
259.25012 26.88685 -0.26520 -0.79700 0.54264 e
260.03300 19.49523 -0.30110 -0.62845 -0.71721 e
260.08940 35.54036 -0.90363 -0.41107 -0.12031 e
261.18091 40.08469 -0.04192 0.41320 -0.90968 e
262.76225 63.82338 0.29815 -0.16407 -0.94031 e
263.05562 29.20345 -0.96947 0.12014 0.21374 e
263.28493 62.13128 0.38568 0.73452 -0.55833 e
263.56271 48.21911 0.62332 -0.74664 -0.23239 e
263.58771 53.36654 -0.63428 0.36416 0.68197 e
263.83041 66.94230 -0.08797 0.25680 -0.96245 e
263.94254 74.09471 0.40631 -0.71014 0.57499 e
265.59922 19.56128 0.60555 -0.76311 -0.22576 e
265.80027 31.46508 0.55976 -0.81283 -0.16115 e
266.25644 49.05525 -0.19058 0.78154 -0.59404 e
268.00522 57.17092 -0.02016 0.08712 -0.99599 e
268.11683 69.29000 0.69793 -0.43030 -0.57248 e
268.25215 54.75667 0.15591 -0.44999 -0.87932 e
269.82576 83.51310 -0.16364 0.64075 -0.75011 e
270.07882 36.46469 0.85942 0.29066 0.42062 e
270.43763 33.40504 0.16062 -0.86318 -0.47866 e
270.99474 77.22955 -0.11786 0.36921 -0.92184 e
271.54629 71.76007 -0.62937 0.32145 -0.70750 e
271.93540 26.38661 -0.73025 0.68177 -0.04390 e
271.97577 47.04542 -0.57346 -0.20881 -0.79218 e
271.98141 56.85433 0.86505 -0.26113 -0.42837 e
272.88474 77.31946 -0.45007 0.03287 -0.89239 e
273.16893 46.86843 0.58891 -0.72657 -0.35394 e
273.23931 42.19473 0.88112 -0.02739 0.47210 e
273.24411 33.29280 -0.65421 -0.43736 -0.61704 e
273.72177 40.96971 0.38694 0.74167 -0.54790 e
276.20766 24.27120 -0.02880 0.52131 -0.85288 e
277.39043 65.38550 0.54139 0.63980 -0.54548 e
278.79373 78.34245 -0.96718 0.20310 -0.15271 e
279.54970 18.77094 -0.66878 0.53051 0.52086 e
279.60835 64.01349 -0.40088 0.40215 -0.82315 e
280.56806 73.21300 -0.06742 -0.98044 0.18491 e
281.51713 41.00104 -0.87443 0.48042 -0.06756 e
281.87194 74.97130 0.11796 -0.31705 -0.94105 e
281.99312 67.60809 -0.31653 -0.18018 -0.93131 e
282.75851 73.08600 0.53591 0.34801 -0.76922 e
283.04243 68.14017 0.17664 0.78136 -0.59856 e
283.08485 49.68737 -0.85580 0.36674 -0.36484 e
283.37341 81.01944 0.62014 -0.75589 0.20989 e
284.67521 54.25145 0.46427 0.37326 -0.80320 e
285.39742 32.44928 -0.89234 -0.08706 -0.44289 e
286.47439 23.15454 -0.82851 -0.00392 -0.55997 e
286.59436 79.75133 0.18780 0.57843 -0.79382 e
287.09557 40.67456 -0.59046 0.76903 0.24485 e
287.74065 37.29319 0.19965 -0.84035 -0.50394 e
287.74587 44.60676 0.61806 -0.47578 0.62581 e
289.84250 36.48248 -0.91331 -0.29931 -0.27617 e
289.84962 66.75864 -0.14999 -0.86310 -0.48225 e
292.53135 64.50297 -0.56094 -0.14845 -0.81444 e
292.63287 24.70796 0.34568 0.91735 -0.19740 e
292.70832 58.02073 -0.57425 -0.50775 -0.64221 e
292.77011 14.94252 0.90522 -0.26336 -0.33349 e
292.96962 46.07125 0.69318 0.27513 -0.66618 e
293.10783 78.65684 -0.03981 0.85783 0.51238 e
295.02437 32.83676 -0.51877 0.84725 0.11419 e
295.44653 56.21057 0.85800 -0.29540 0.42020 e
295.63003 58.47780 0.55889 0.46915 -0.68377 e
296.33013 30.09520 0.29090 0.85301 -0.43331 e
296.84743 53.87481 -0.34809 -0.55498 0.75553 e
297.07911 58.22106 0.81172 0.54434 -0.21168 e
299.59296 27.16674 -0.17850 -0.62449 -0.76037 e
300.07687 74.25929 -0.41999 0.82742 -0.37281 e
300.14438 73.83315 -0.48091 0.21228 -0.85068 e
300.22635 49.35012 -0.65273 0.63163 -0.41831 e
300.41190 53.08007 -0.08945 0.78436 -0.61382 e
301.29966 29.38822 0.51503 0.20930 -0.83123 e
302.56601 70.83043 -0.16163 0.43144 -0.88754 e
304.44375 48.77790 0.02323 -0.85041 -0.52560 e
305.12848 70.44645 -0.02337 0.67860 -0.73413 e
306.69268 33.37405 0.82530 -0.08478 -0.55829 e
307.00965 53.94334 -0.06841 0.98190 -0.17662 e
307.56369 29.37279 0.19262 -0.94628 -0.25970 e
307.64506 36.36608 0.94385 0.32680 -0.04837 e
308.50701 82.62590 -0.61691 -0.75943 -0.20661 e
309.11516 65.68520 0.23519 0.62451 -0.74476 e
309.54023 27.60778 -0.35462 0.61823 -0.70145 e
309.88959 28.74961 0.29942 0.94682 -0.11783 e
311.18763 42.63164 -0.17673 0.43795 -0.88146 e
311.91158 54.07778 0.53665 -0.78704 -0.30427 e
312.17409 44.59910 -0.47581 0.71123 0.51745 e
313.13637 60.66575 0.12397 0.63286 -0.76428 e
313.31593 63.10328 0.93424 -0.27262 -0.22996 e
313.61885 70.53477 0.60295 -0.57803 -0.54985 e
314.27684 35.46921 -0.60152 0.76021 0.24546 e
314.83057 51.53567 -0.30386 -0.01337 -0.95262 e
315.06992 52.11013 0.14742 -0.98862 -0.03010 e
315.86137 35.39559 0.57552 -0.64486 -0.50292 e
315.97899 58.50559 0.52649 -0.08602 -0.84582 e
316.35747 59.77318 -0.11574 0.49317 -0.86220 e
317.58361 80.22431 -0.05861 -0.70381 0.70797 e
317.61123 68.32361 0.55388 0.43094 -0.71240 e
318.01037 51.89881 -0.64047 -0.76789 0.01161 e
318.16370 34.25225 -0.69206 0.69778 0.18480 e
318.48196 34.08798 -0.62384 -0.16249 -0.76447 e
318.68977 34.64975 0.94273 -0.21843 0.25209 e
319.16454 38.16320 -0.70005 -0.25424 -0.66730 e
319.91765 83.93112 -0.71786 -0.65871 -0.22535 e
320.81812 62.80950 -0.95627 -0.18188 0.22906 e
321.67890 70.73066 0.99876 -0.00222 0.04975 e
322.91202 55.26685 0.14993 0.38131 -0.91221 e
322.94375 43.17649 -0.73839 0.67358 -0.03276 e
323.04621 80.82257 0.37625 -0.08007 -0.92305 e
323.12721 78.19753 -0.97238 -0.21725 -0.08536 e
323.52631 67.87483 -0.60691 -0.33776 -0.71944 e
323.66910 64.62857 0.06317 -0.50347 -0.86170 e
324.85026 61.37432 -0.75713 -0.02578 -0.65276 e
325.50820 38.75977 0.77625 -0.62196 0.10292 e
325.91358 53.82115 0.57243 0.64607 -0.50489 e
326.40689 71.10384 0.84620 -0.51797 0.12507 e
326.40737 58.58650 -0.12643 0.72371 -0.67843 e
326.60443 9.42092 -0.40287 0.50429 -0.76380 e
326.68151 55.71712 0.32753 -0.48812 -0.80899 e
327.21398 64.13635 -0.72459 -0.50009 0.47421 e
327.35412 25.80775 -0.12043 -0.87853 0.46226 e
328.08525 31.76595 0.46378 -0.87367 -0.14700 e
328.50461 24.72315 -0.91701 0.16370 0.36371 e
329.88101 68.62423 0.37650 0.88903 -0.26053 e
330.62284 69.51976 -0.54153 -0.83223 0.11895 e
330.72711 59.25403 -0.68985 0.70314 -0.17236 e
331.01590 69.18408 0.87581 0.07993 -0.47600 e
332.10328 51.48741 0.89317 0.44319 0.07633 e
334.17967 22.04101 -0.08442 0.16631 -0.98245 e
334.54960 69.54951 -0.80169 -0.03110 0.59694 e
334.55978 54.10874 -0.26328 -0.19358 0.94510 e
335.72604 32.54096 0.39951 -0.86588 -0.30108 e
336.79936 79.34403 0.29723 -0.42198 -0.85649 e
336.87879 77.82538 -0.24922 0.79868 -0.54772 e
337.06950 81.26410 -0.00795 -0.01662 -0.99983 e
337.57151 45.60693 -0.98954 -0.10658 0.09722 e
338.07662 77.51791 0.76183 -0.59685 -0.25177 e
338.91257 73.79496 0.13361 -0.75771 -0.63877 e
339.73155 51.82521 -0.55400 0.83225 -0.02120 e
339.80477 45.13315 -0.66831 -0.30655 -0.67779 e
340.00376 74.35612 0.65189 -0.34536 0.67511 e
340.02330 66.55671 -0.28843 0.15056 -0.94559 e
340.46282 56.14399 -0.43442 0.08259 -0.89692 e
340.71896 29.62782 0.73491 0.67635 -0.04960 e
343.10837 63.83086 0.69415 -0.05939 -0.71738 e
343.13902 29.62712 -0.38996 -0.30047 -0.87043 e
343.15493 46.68379 -0.22323 0.95645 0.18805 e
343.26202 55.41784 -0.22680 0.94845 -0.22139 e
343.86772 68.65396 -0.09745 0.10655 -0.98952 e
344.59230 43.55090 0.19123 0.90049 -0.39057 e
344.68684 61.05946 0.80853 0.46835 -0.35627 e
345.56680 38.59233 0.59069 0.79721 -0.12465 e
346.22653 41.05475 0.41353 -0.59396 -0.69008 e
346.54368 17.81847 0.28156 -0.91572 -0.28667 e
347.07908 58.35497 -0.70035 0.54506 -0.46089 e
347.52312 56.40970 0.74243 -0.33650 -0.57928 e
348.54693 65.65229 0.56300 -0.80635 -0.18122 e
349.33045 53.39370 -0.34928 0.73774 -0.57770 e
349.45900 57.22317 0.22679 0.89031 -0.39487 e
349.51463 51.85200 -0.53858 0.12720 -0.83292 e
352.46621 27.72053 -0.99054 -0.13016 -0.04341 e
354.19992 72.25663 0.61314 0.41663 -0.67118 e
355.31835 44.71373 0.49924 -0.71555 -0.48862 e
355.75740 65.80328 0.91606 0.17021 -0.36312 e
358.25231 31.28636 0.38236 -0.91770 0.10785 e
358.61656 41.09656 -0.55297 0.38657 -0.73809 e
359.61285 56.44798 0.22637 0.62725 -0.74519 e
359.83023 65.12923 0.42759 -0.65386 -0.62420 e
362.76803 69.53177 0.28937 0.92295 -0.25384 e
363.01151 60.06636 0.98777 -0.05507 0.14585 e
364.84240 33.42951 -0.13819 -0.86893 0.47525 e
365.36844 55.84730 0.34389 -0.38609 -0.85596 e
367.14171 35.54470 0.35428 -0.69307 -0.62781 e
368.59676 40.76452 0.60087 0.11982 -0.79031 e
369.74569 49.44373 0.49902 0.21891 -0.83849 e
372.33863 38.77872 -0.93422 -0.18263 -0.30639 e
373.19734 30.97695 0.92202 0.30554 -0.23774 e
373.40321 23.04287 0.57218 -0.70953 -0.41132 e
374.03406 32.83032 -0.93578 0.12399 -0.33006 e
374.67083 54.54365 -0.28328 0.02829 -0.95862 e
375.47626 24.72559 0.97275 -0.21560 0.08533 e
375.51682 60.89147 0.94958 -0.05253 0.30909 e
378.24445 22.63769 0.18605 -0.94898 0.25459 e
381.61661 61.46013 -0.71681 -0.36899 0.59163 e
384.36406 61.70848 -0.10791 -0.69598 -0.70991 e
384.46933 42.39437 0.99436 -0.06897 -0.08057 e
395.51040 29.14880 -0.53250 0.64372 0.54961 e
395.88998 24.36933 0.86901 -0.48346 0.10531 e
396.34655 48.20454 0.96785 0.24005 -0.07517 e
396.63574 29.41809 0.64151 -0.54983 -0.53494 e
397.91348 26.80867 -0.74032 0.58148 0.33735 e
399.32578 45.83100 0.37719 0.81369 0.44230 e
402.42392 23.75987 -0.50381 -0.75951 -0.41147 e
403.42421 71.75599 -0.31807 0.77839 -0.54124 e
413.10477 23.08935 0.09128 0.98522 -0.14497 e
414.19287 40.10076 -0.83457 -0.54462 0.08293 e
418.26170 69.12864 -0.09854 -0.71866 -0.68834 e
424.42253 30.51161 -0.40151 0.68186 -0.61144 e
424.75502 59.36895 0.54460 0.65095 -0.52884 e
425.70146 12.90051 -0.47531 0.72822 0.49374 e
428.07544 68.44477 0.69850 0.15745 -0.69807 e
434.59484 46.95981 0.68771 -0.13927 -0.71250 e
435.68274 28.87242 0.40719 -0.17248 -0.89691 e
443.76976 19.29615 -0.76951 -0.62864 0.11251 e
448.32541 14.96818 -0.40177 -0.70057 -0.58974 e
455.55453 16.16787 0.59369 0.20483 -0.77818 e
473.63191 20.34749 0.86329 0.44621 0.23588 e
488.38025 25.71429 -0.79012 0.58472 -0.18387 e
519.26106 20.51252 -0.85815 0.27484 0.43363 e
523.13459 19.15333 0.90609 0.25223 -0.33969 e
534.97384 37.17683 -0.04154 -0.67725 -0.73458 e
536.32520 22.67514 0.72843 -0.37725 -0.57190 e
543.70887 40.54043 0.43993 0.20326 -0.87473 e
556.99688 25.72250 -0.19145 -0.63198 -0.75096 e
577.81285 36.41416 0.04505 0.79892 -0.59975 e
594.58545 14.88114 0.22816 -0.41729 -0.87967 e
634.68355 37.85908 -0.64594 0.62171 -0.44298 e
667.62299 24.02563 0.85821 0.15789 -0.48842 e
697.72528 7.68201 0.54278 0.83783 -0.05858 e
729.43693 15.01782 -0.42226 -0.06796 0.90393 e
739.38685 19.62703 0.46432 -0.00324 -0.88566 e
759.14135 14.91934 0.24661 0.68896 -0.68156 e
811.79621 20.62324 -0.77232 -0.29856 0.56070 e
819.18107 22.84930 0.92137 -0.19546 -0.33598 e
847.65744 21.49323 -0.92493 -0.34186 -0.16624 e
858.46383 23.51831 0.67373 -0.73481 0.07840 e
867.89867 28.94858 0.80567 0.01658 0.59213 e
892.12932 32.59393 0.36446 -0.30092 -0.88126 e
895.84607 26.08355 -0.92496 0.09539 -0.36789 e
922.06018 23.72867 -0.87727 0.45274 -0.15949 e
941.85562 17.28900 -0.03270 -0.99766 -0.06006 e
944.29856 27.36379 0.16565 -0.07346 -0.98345 e
1124.52428 34.94677 -0.56027 -0.65445 -0.50773 e
1176.36090 36.00065 -0.75501 0.00858 -0.65566 e
1260.68257 25.24455 0.28839 -0.57859 -0.76293 e
1611.47277 35.54180 0.05640 0.66124 -0.74805 e
2476.25304 18.76697 0.47828 -0.80658 -0.34739 e
3205.26848 79.97471 -0.83408 -0.04441 -0.54986 e
3246.06676 25.17136 0.42192 0.15994 -0.89241 e
3319.30039 18.74495 -0.52250 -0.72157 -0.45423 e
3641.88040 82.37378 -0.50705 -0.67818 -0.53195 e
4280.31102 84.50038 0.55285 -0.75182 0.35935 e
4819.06671 26.05442 -0.54830 0.75419 -0.36132 e
4963.71841 8.55817 0.62003 -0.78430 -0.02076 e
5856.56897 28.87183 0.34728 0.29598 -0.88983 e
5984.02119 37.50960 0.39719 -0.91733 -0.02727 e
6751.74781 21.76340 0.53031 0.82533 -0.19393 e
6963.43200 30.23430 0.16018 0.80536 0.57073 e
7714.14535 30.56201 -0.61922 -0.39481 -0.67874 e
8846.26055 24.49676 -0.34967 -0.06056 -0.93491 e
11308.84928 20.20830 -0.78366 -0.09736 -0.61351 e
12084.09059 12.47432 -0.73583 0.52820 -0.42374 e
13518.69319 13.53373 -0.06719 0.76583 0.63952 e
18013.11406 33.47331 -0.25808 -0.96552 0.03406 e
