19.18220 59.16314 -0.78143 0.11119 -0.61400 eb
20.03220 80.81258 0.21309 0.91602 -0.33984 eb
20.57579 59.06672 -0.72482 0.02111 -0.68862 eb
21.06742 87.79989 -0.08408 -0.82876 -0.55325 eb
23.10442 49.49841 0.83831 -0.07793 -0.53960 eb
24.17913 7.27645 -0.21888 0.12689 -0.96747 eb
24.38471 25.65331 -0.00811 -0.09231 -0.99570 eb
26.86544 73.26351 -0.37648 -0.18239 -0.90829 eb
26.93472 61.97980 0.28388 -0.91295 0.29315 eb
27.61492 81.39960 0.80251 -0.02535 -0.59610 eb
27.76246 50.19714 0.07337 -0.81977 -0.56797 eb
29.26945 56.49611 0.81540 0.57186 -0.09002 eb
29.90538 41.05558 -0.81796 0.56579 0.10406 eb
31.09000 37.49230 -0.15231 -0.24595 0.95724 eb
31.36957 58.34207 -0.92825 0.36829 -0.05210 eb
31.81195 69.10509 -0.88416 -0.44999 0.12560 eb
32.03473 67.46498 0.65944 -0.08758 -0.74664 eb
32.63231 24.39275 -0.92669 -0.37452 0.03125 eb
33.45719 27.56802 0.93525 0.23117 0.26809 eb
34.19760 47.96821 0.06423 0.48440 -0.87249 eb
35.72642 69.40586 -0.65504 -0.28918 0.69807 eb
35.89328 26.41400 -0.50708 -0.34231 0.79101 eb
36.03368 56.32809 0.93943 0.32398 -0.11183 eb
36.39603 38.56183 0.68246 0.49229 -0.54028 eb
36.51726 29.24003 0.48193 -0.83788 -0.25632 eb
36.78326 46.18744 0.50953 -0.69426 -0.50831 eb
37.81320 41.97155 -0.96447 0.20543 0.16615 eb
38.37981 20.10860 0.33851 -0.93889 -0.06239 eb
38.66933 88.17003 0.45551 -0.15898 -0.87592 eb
39.75217 87.94243 0.16018 0.97708 -0.14022 eb
40.40028 59.34235 -0.98879 -0.14063 0.05008 eb
40.76070 45.66566 -0.51099 0.83382 0.20890 eb
41.21751 25.03860 -0.10029 0.98156 0.16274 eb
41.64645 42.46305 0.06317 -0.62987 0.77412 eb
42.36044 60.99291 0.60786 0.13777 -0.78200 eb
42.41538 32.11167 0.05673 0.10725 -0.99261 eb
43.02924 23.99396 0.91922 0.14874 -0.36458 eb
43.14836 66.02080 0.95430 0.26555 0.13707 eb
45.98163 84.15236 0.02595 -0.99943 -0.02162 eb
46.73906 83.64196 -0.31951 -0.94431 -0.07869 eb
48.03080 31.91222 0.69926 -0.69525 0.16632 eb
48.49667 68.98583 -0.69986 -0.69495 0.16504 eb
49.05443 51.64751 -0.53643 0.24706 -0.80697 eb
49.36458 47.92636 -0.23053 -0.92678 -0.29655 eb
49.60535 39.79589 0.98575 -0.02757 -0.16595 eb
50.50656 21.83817 0.50614 -0.44041 0.74152 eb
50.81076 47.47812 -0.56367 -0.24935 0.78746 eb
51.85567 46.88155 0.52534 -0.83757 -0.15000 eb
53.21366 82.91671 -0.83256 0.50201 -0.23416 eb
53.85412 72.23510 0.47067 0.14506 -0.87030 eb
54.22248 52.84806 0.48624 0.80310 -0.34438 eb
54.44682 64.93239 0.16022 -0.59132 -0.79036 eb
54.44952 25.22509 -0.21060 0.94393 -0.25425 eb
57.30257 57.37880 -0.70257 0.56606 -0.43125 eb
58.60912 39.38494 0.49625 0.01620 -0.86803 eb
58.64296 79.33472 -0.40995 0.58058 -0.70347 eb
59.19074 35.42050 0.00067 -0.72116 -0.69276 eb
60.18162 66.88797 -0.52249 0.77822 -0.34840 eb
60.18573 57.58642 0.69892 0.13486 -0.70237 eb
60.32280 46.56470 -0.17351 -0.98467 -0.01782 eb
62.34968 76.05680 0.93301 0.02253 -0.35913 eb
63.18647 17.03031 -0.80929 0.32876 -0.48680 eb
63.20322 36.34222 0.53274 -0.64621 -0.54644 eb
64.04564 41.30505 0.11230 -0.92956 -0.35114 eb
64.08136 45.91866 -0.60544 -0.14745 0.78212 eb
64.25994 36.11168 0.75467 0.51645 -0.40465 eb
64.43092 37.83411 0.58258 -0.75916 0.29030 eb
65.24495 36.77636 0.69303 -0.09382 -0.71478 eb
65.46103 52.30486 0.81915 -0.52725 -0.22582 eb
65.79423 86.29627 0.38814 0.28583 0.87616 eb
66.38781 27.34609 0.38484 0.89064 -0.24219 eb
67.01075 24.78568 0.97866 -0.11117 -0.17282 eb
67.42147 35.78546 -0.29804 -0.67518 0.67476 eb
67.74806 43.38407 -0.41529 -0.29212 -0.86151 eb
68.27850 43.17636 0.90837 0.27238 -0.31728 eb
69.16233 51.23397 -0.55474 -0.26710 0.78798 eb
70.16320 69.62441 -0.44945 0.41987 -0.78848 eb
70.28836 41.82054 0.95995 0.27776 -0.03657 eb
70.76733 48.92450 0.51837 -0.41302 -0.74880 eb
71.34745 55.65816 -0.54564 -0.72080 -0.42746 eb
72.12328 30.51283 0.28808 0.58971 -0.75449 eb
72.24365 29.99700 -0.60075 0.79686 -0.06407 eb
72.92623 84.78942 -0.68438 -0.62107 -0.38196 eb
73.30133 32.38333 -0.32705 0.75805 -0.56427 eb
73.42638 88.31387 0.98796 -0.09458 -0.12246 eb
73.53969 50.58890 -0.88867 0.32320 0.32527 eb
74.39263 30.08546 -0.30390 -0.20430 -0.93054 eb
74.64494 28.15108 0.00198 0.68805 -0.72566 eb
75.26433 80.84537 -0.31228 -0.47194 0.82447 eb
76.00768 54.51797 0.55748 -0.81392 0.16354 eb
76.13363 37.87745 0.53907 -0.60766 -0.58322 eb
76.59707 6.51540 -0.00402 0.21436 0.97675 eb
77.03436 54.59504 0.66240 0.46286 -0.58906 eb
77.79542 73.02294 -0.63159 -0.73400 0.24968 eb
77.96673 26.82938 0.76767 0.58811 0.25458 eb
78.50816 26.62749 0.90560 0.32625 0.27103 eb
78.63327 59.12952 0.22211 0.31767 -0.92182 eb
78.63988 40.13537 0.85263 0.52250 -0.00408 eb
79.78186 67.16537 0.64671 0.27510 -0.71139 eb
80.96993 34.88157 0.36200 -0.87342 -0.32572 eb
81.89091 11.45640 -0.07735 0.97163 -0.22352 eb
82.37517 39.96295 0.91956 0.33095 -0.21187 eb
82.55478 58.68404 0.02057 -0.20722 -0.97808 eb
83.16766 37.13185 0.78539 0.23496 0.57268 eb
83.57537 30.85138 0.43012 -0.12505 -0.89407 eb
84.24562 54.86121 0.81421 -0.05175 0.57826 eb
84.33171 13.69050 -0.12278 -0.48387 0.86648 eb
84.52625 44.90317 -0.36106 0.68049 -0.63764 eb
84.88751 20.98436 0.48069 -0.70757 -0.51795 eb
84.95394 56.72675 -0.62523 0.10297 -0.77362 eb
85.59269 58.24879 -0.45351 0.61927 -0.64096 eb
86.50879 46.28060 0.76315 0.62001 -0.18218 eb
87.17920 16.79647 0.28658 0.77122 -0.56840 eb
87.24771 16.70975 -0.22129 0.45021 0.86507 eb
87.99277 26.20268 0.62678 0.63184 0.45598 eb
89.29932 26.36284 0.50768 -0.65380 -0.56108 eb
89.78545 25.97481 0.41553 0.70922 -0.56952 eb
89.99147 40.93782 -0.96470 0.07317 -0.25296 eb
90.41558 68.65872 0.37536 -0.88933 -0.26115 eb
90.79925 64.56441 0.90242 0.28105 -0.32657 eb
90.83791 84.55230 -0.93425 0.27065 0.23221 eb
91.42023 25.60208 0.55180 -0.72350 -0.41480 eb
91.69386 45.84283 -0.65690 -0.55703 -0.50814 eb
92.72486 46.91348 -0.63998 0.75013 -0.16654 eb
93.05623 56.22507 0.18443 0.76885 -0.61225 eb
93.48841 87.57050 0.53192 -0.84068 -0.10155 eb
93.53306 46.35654 0.63556 -0.69160 -0.34315 eb
95.40139 31.68714 -0.62803 -0.44461 -0.63867 eb
96.09998 29.83391 -0.62375 -0.71059 -0.32557 eb
97.02903 12.05417 -0.71725 -0.01769 0.69659 eb
97.10666 56.73394 0.38152 0.91676 0.11834 eb
97.41230 34.84059 0.84421 0.20551 -0.49505 eb
98.87744 53.64672 0.70908 0.59804 0.37358 eb
100.68455 66.19134 -0.49741 0.12474 -0.85850 eb
100.79789 54.96953 0.45669 -0.54915 0.69990 eb
102.86883 29.21950 0.37532 -0.52618 -0.76307 eb
102.89678 44.28092 0.69971 0.63426 0.32882 eb
103.07302 23.59937 0.34279 0.43260 -0.83388 eb
103.31849 77.69851 -0.08576 0.95250 -0.29221 eb
103.89245 43.60288 -0.64712 0.68807 0.32832 eb
104.26050 24.78282 -0.42672 0.31146 -0.84906 eb
104.39219 54.53217 0.72004 0.45944 -0.52005 eb
104.96689 33.53061 -0.47064 -0.06205 -0.88014 eb
105.07150 43.59434 -0.20944 -0.97529 -0.07026 eb
105.10801 26.52050 -0.28523 -0.72104 -0.63146 eb
106.80500 62.82948 -0.31730 0.93992 -0.12599 eb
107.26750 51.21274 -0.84689 0.53176 0.00415 eb
107.64582 16.74886 0.04162 0.98967 -0.13716 eb
107.83972 40.76408 -0.89907 -0.38781 -0.20317 eb
108.11300 82.10285 -0.41441 -0.73120 0.54185 eb
108.15412 25.25724 0.45587 -0.08139 -0.88632 eb
109.05314 38.89248 -0.67969 -0.38304 -0.62554 eb
109.33815 22.23167 -0.04000 -0.99900 0.01983 eb
109.80933 43.65153 0.79563 0.59075 -0.13412 eb
110.35703 77.93148 0.43579 0.25721 -0.86251 eb
110.73746 51.46591 -0.66010 0.14653 -0.73675 eb
111.05367 9.19636 0.77393 -0.63265 -0.02806 eb
111.41483 27.96082 0.39879 0.74913 -0.52893 eb
111.91395 74.82267 -0.00318 -0.91104 -0.41231 eb
112.12221 21.03186 -0.50477 0.85483 0.12030 eb
114.34611 27.57335 0.78409 -0.58357 -0.21131 eb
117.55209 44.28200 0.18029 -0.22940 0.95649 eb
118.49322 73.79083 -0.74872 0.61323 -0.25173 eb
120.35132 61.91357 0.92484 -0.37374 0.07066 eb
120.82890 67.62464 0.59095 0.66639 0.45465 eb
121.08527 55.96479 0.63272 -0.73838 -0.23336 eb
121.40858 46.63345 -0.58338 -0.28885 -0.75910 eb
122.08930 58.74183 -0.66108 -0.72516 -0.19267 eb
122.42181 41.72750 0.80273 0.30579 -0.51197 eb
122.84501 30.17379 -0.74434 0.32374 -0.58407 eb
123.22324 29.00566 -0.58230 -0.81295 -0.00683 eb
123.63432 55.43433 -0.92411 0.15007 0.35141 eb
123.65725 37.49621 -0.20641 0.20171 -0.95745 eb
123.88355 45.53209 0.15162 -0.64109 -0.75234 eb
124.44394 60.89189 -0.74699 -0.40526 0.52704 eb
124.83975 82.40053 0.41877 0.47860 -0.77173 eb
126.54389 24.05577 -0.39941 0.30549 -0.86438 eb
126.60593 35.73429 0.68840 0.71422 -0.12645 eb
126.71671 34.71446 0.30148 -0.27810 -0.91201 eb
129.55677 19.86404 0.45061 0.42571 -0.78468 eb
129.85153 64.40631 0.95691 -0.22176 0.18746 eb
129.87307 20.59614 0.01243 0.81074 0.58528 eb
130.02614 42.65320 0.16912 -0.80663 -0.56634 eb
130.12812 38.27134 0.36527 -0.79347 0.48681 eb
130.15705 86.54227 -0.92832 -0.27271 0.25269 eb
130.31425 16.79350 -0.45437 0.80593 0.37950 eb
131.20736 54.45018 0.00613 0.99797 -0.06338 eb
132.18487 78.14305 -0.78663 0.40121 -0.46929 eb
133.02720 30.70227 0.97399 -0.07712 0.21305 eb
133.63340 21.66347 -0.92774 0.28604 0.23974 eb
133.72233 39.25614 -0.46459 -0.54063 -0.70134 eb
134.00672 38.50082 0.00126 -0.85353 -0.52104 eb
134.18042 76.20543 -0.50005 -0.64500 -0.57786 eb
134.21359 19.41462 -0.37467 0.49004 -0.78707 eb
134.47554 30.59300 -0.78590 0.08011 -0.61315 eb
134.49256 16.01013 0.58817 0.66483 -0.46049 eb
134.75235 77.06669 -0.58110 -0.75060 -0.31452 eb
136.12833 80.32552 -0.49405 0.02169 0.86916 eb
136.40633 45.18999 0.50323 -0.77999 -0.37198 eb
137.42344 48.98334 -0.83889 -0.18924 0.51034 eb
137.77452 56.53515 -0.72408 -0.68326 -0.09417 eb
137.92014 59.44448 -0.21974 0.78249 -0.58260 eb
138.20887 58.14349 0.32054 0.83188 -0.45302 eb
138.83115 24.30991 -0.88286 0.36287 -0.29813 eb
140.13344 45.75738 0.22748 0.06499 -0.97161 eb
140.20471 20.94815 0.11050 0.97414 -0.19706 eb
140.46534 41.62226 0.03133 -0.91335 0.40597 eb
140.87735 83.82591 0.96882 0.19634 0.15114 eb
141.22179 33.99345 0.67138 -0.74089 -0.01854 eb
141.45102 34.17287 0.72279 -0.68517 0.09011 eb
141.86889 68.16986 -0.47752 0.39517 0.78474 eb
142.14781 60.45844 0.42209 0.84170 -0.33673 eb
142.59778 78.44388 0.42750 -0.56888 -0.70258 eb
142.61113 27.28094 -0.25864 0.06567 -0.96374 eb
143.13144 41.40277 0.65391 -0.63336 -0.41383 eb
143.79467 62.59159 0.96988 -0.18352 0.16013 eb
144.39785 24.22645 0.32640 -0.52456 -0.78632 eb
144.63940 25.11066 0.45861 -0.12022 -0.88047 eb
144.82650 50.53941 -0.15909 -0.00063 -0.98726 eb
145.21904 31.49986 0.79073 -0.24943 0.55905 eb
145.52331 30.23172 -0.64903 -0.49764 0.57543 eb
146.40431 38.63321 0.34788 -0.60900 -0.71281 eb
146.58251 30.74105 0.70676 0.67054 -0.22554 eb
147.80955 28.93441 -0.23536 -0.67499 -0.69928 eb
148.03771 77.12028 -0.31543 -0.83820 -0.44488 eb
148.10863 31.99467 0.98641 0.02488 0.16238 eb
148.33996 30.63011 0.41249 0.67076 0.61639 eb
148.34277 58.98354 0.79109 0.07404 -0.60720 eb
148.49240 47.29210 0.08744 0.58825 -0.80393 eb
148.99411 82.34460 0.57072 -0.81756 0.07659 eb
151.23313 11.57251 0.59317 0.31830 -0.73949 eb
151.23950 28.01886 -0.40221 0.86520 0.29944 eb
151.58675 18.54718 0.51222 -0.50556 0.69429 eb
151.71202 28.80012 0.33321 0.94197 -0.04080 eb
152.56506 47.11691 -0.43487 -0.86155 -0.26194 eb
153.84197 73.19331 0.17694 0.73506 0.65450 eb
153.85693 44.26377 -0.29951 -0.88538 -0.35551 eb
154.69926 46.76014 0.64816 -0.75942 -0.05630 eb
155.40480 28.07441 0.30647 -0.79580 0.52228 eb
155.85198 59.80170 0.94426 0.16808 -0.28307 eb
156.33412 9.75195 0.92734 -0.29501 0.23023 eb
158.26601 30.66637 0.48312 -0.73237 0.47982 eb
159.19350 50.28019 0.39242 -0.42161 -0.81747 eb
159.69511 32.70178 0.79609 0.35373 -0.49103 eb
160.44945 79.62293 0.23725 -0.90082 -0.36364 eb
160.48006 46.91088 -0.16627 -0.98393 -0.06512 eb
161.79294 39.35294 -0.28014 0.88313 -0.37631 eb
162.01631 65.21382 -0.12325 0.99205 0.02563 eb
162.69523 47.45679 0.43729 0.52495 -0.73021 eb
164.12026 43.09740 -0.37229 0.32810 -0.86819 eb
164.30487 44.19110 0.16921 0.46320 -0.86995 eb
164.30606 32.59718 -0.05158 0.84609 -0.53055 eb
164.61835 23.44586 -0.02440 0.86877 -0.49461 eb
164.69034 42.61663 0.70079 0.68936 0.18349 eb
164.75439 84.06108 0.84619 0.34335 -0.40752 eb
165.55720 43.63295 -0.21553 0.93703 -0.27482 eb
165.78243 38.50262 -0.91141 0.16340 -0.37766 eb
165.99092 59.81432 -0.94830 0.15904 0.27465 eb
167.96846 18.56870 -0.62727 0.61116 0.48271 eb
168.13773 52.33388 -0.37714 -0.35999 -0.85333 eb
168.53504 77.89240 0.18558 -0.71276 -0.67641 eb
168.68674 25.93343 -0.90416 0.07164 -0.42115 eb
170.13287 27.11186 -0.24064 -0.43335 -0.86851 eb
170.43544 42.89243 0.01183 -0.72253 -0.69124 eb
171.21782 44.77529 0.58363 0.72501 0.36570 eb
171.21787 75.36667 0.36691 0.76796 0.52499 eb
171.72730 65.31638 -0.22898 -0.93550 -0.26909 eb
175.18346 57.59125 -0.18103 -0.90698 -0.38028 eb
175.62016 20.77238 -0.52871 0.81150 0.24887 eb
176.96539 54.87444 -0.37106 -0.21554 0.90325 eb
177.17305 48.99011 0.02763 0.95921 0.28135 eb
179.36945 42.07647 -0.55009 -0.75714 0.35234 eb
180.15834 56.07678 0.94104 -0.33741 -0.02436 eb
180.23772 35.92808 -0.05220 -0.03407 -0.99806 eb
180.57074 62.39652 0.83613 -0.03580 -0.54737 eb
180.80600 36.20688 -0.66322 -0.68369 -0.30447 eb
181.13910 23.79493 -0.58241 0.79955 -0.14671 eb
181.14826 37.55185 0.20474 -0.27078 0.94062 eb
181.22561 20.31273 0.29775 0.95250 0.06391 eb
181.78530 54.90873 -0.31074 -0.73565 -0.60188 eb
182.29439 39.80815 0.11156 -0.30035 0.94728 eb
184.21982 29.32605 0.90996 0.39838 -0.11523 eb
184.34495 24.39648 0.35676 -0.82464 -0.43896 eb
186.34099 14.59849 -0.63541 0.37792 0.67337 eb
187.02770 9.97250 -0.38843 0.58429 -0.71255 eb
187.34466 44.64944 -0.31732 0.09881 -0.94316 eb
188.04361 19.69432 -0.19910 -0.80097 0.56463 eb
188.29502 22.08982 -0.84872 0.49744 -0.17950 eb
188.82666 35.57795 0.44670 0.87266 0.19730 eb
189.14294 17.13210 0.36662 0.92114 -0.13076 eb
189.41485 45.78711 0.90432 0.30364 -0.30002 eb
189.88799 41.88164 0.01749 -0.92606 -0.37696 eb
190.10180 34.59900 0.90368 -0.42658 -0.03722 eb
190.72434 49.20241 -0.02364 -0.60540 -0.79557 eb
191.76155 49.81216 0.30342 -0.61590 -0.72705 eb
192.09912 19.16893 0.84538 0.35924 0.39533 eb
192.24164 25.78029 -0.68442 0.43867 -0.58235 eb
192.35085 26.38662 0.25458 0.64506 -0.72048 eb
192.62005 37.32154 0.10481 0.62624 -0.77255 eb
193.71193 47.33279 -0.28979 -0.81695 -0.49862 eb
194.28464 16.26363 0.98684 0.10571 0.12239 eb
194.53800 31.36128 0.26587 0.89471 -0.35889 eb
195.96945 32.72458 -0.12578 0.60016 0.78993 eb
196.30794 15.61981 0.47974 -0.82301 0.30415 eb
196.94432 83.67948 0.38472 -0.83744 0.38819 eb
197.45422 8.25199 -0.26988 -0.33229 0.90374 eb
198.32782 33.50235 0.33195 -0.04350 -0.94229 eb
198.33164 35.98172 -0.31714 -0.23213 -0.91953 eb
199.00449 14.13401 0.30252 0.13146 0.94403 eb
199.91328 19.65130 -0.13532 -0.44311 -0.88620 eb
199.98564 63.58496 0.53367 0.55126 -0.64134 eb
200.08626 33.92156 -0.35811 -0.77862 0.51527 eb
200.23515 27.03058 -0.61395 -0.54058 -0.57519 eb
201.12874 44.41045 0.79232 -0.50432 -0.34334 eb
202.24861 84.73508 0.95126 -0.30382 0.05287 eb
203.23677 82.09401 -0.76017 0.62968 -0.16014 eb
203.79208 28.38450 -0.71494 -0.67099 0.19656 eb
203.80338 45.14416 0.70692 -0.29361 -0.64348 eb
205.37254 31.37523 0.35096 0.87173 -0.34194 eb
206.90531 40.74321 -0.06543 -0.93795 -0.34053 eb
207.21506 53.70577 0.53241 -0.41659 -0.73688 eb
207.39149 88.41842 0.89740 -0.07176 -0.43535 eb
207.43735 43.51626 -0.01810 0.30671 0.95163 eb
209.52652 74.61144 -0.64589 -0.75887 0.08329 eb
210.01284 19.27754 0.73769 0.27186 -0.61799 eb
211.40520 19.39750 -0.24879 0.96674 -0.05926 eb
211.46126 43.81460 -0.61644 0.77551 -0.13630 eb
215.00446 20.21200 -0.11409 -0.78159 0.61326 eb
215.48760 64.15835 -0.95492 -0.24616 0.16595 eb
215.62992 40.66060 0.34748 0.39016 -0.85266 eb
215.84274 32.31748 -0.25928 -0.10158 -0.96045 eb
216.81710 20.33193 0.28505 -0.04842 0.95729 eb
217.41859 60.13600 -0.85854 -0.51242 -0.01829 eb
218.10870 81.17446 -0.58880 0.15076 0.79409 eb
219.35776 17.88123 -0.30847 0.60061 0.73764 eb
219.53412 18.78563 -0.82069 -0.20947 -0.53159 eb
220.24192 57.30816 0.53770 -0.82322 -0.18216 eb
221.57252 18.47785 -0.22346 0.03146 0.97421 eb
223.64354 20.28011 0.21401 0.91786 -0.33426 eb
224.18267 42.84370 -0.29822 -0.43265 -0.85081 eb
224.48714 32.08316 -0.16749 0.98509 -0.03932 eb
224.85252 29.29262 -0.90908 -0.38410 0.16137 eb
225.00094 28.52366 -0.96643 -0.23886 -0.09461 eb
226.27594 49.98886 -0.28448 0.85053 0.44236 eb
226.38312 40.19406 -0.45887 -0.54331 -0.70303 eb
226.58187 38.50281 0.99744 -0.05548 -0.04509 eb
227.00001 30.75596 -0.25564 0.27972 0.92542 eb
228.41182 19.10714 -0.15617 -0.12481 -0.97981 eb
228.42492 21.82452 -0.90412 0.13965 0.40382 eb
229.01052 42.43190 0.75954 0.63558 -0.13833 eb
230.08973 62.20424 0.90901 0.35903 0.21166 eb
231.41345 14.55270 0.01959 0.91408 -0.40506 eb
232.14999 23.38235 -0.61266 -0.55841 -0.55930 eb
234.21812 29.20025 0.83913 0.00987 -0.54384 eb
234.79114 39.99285 0.33156 0.02595 -0.94308 eb
235.14127 19.77186 0.42446 -0.89947 -0.10383 eb
236.13894 14.12171 0.07377 0.81433 0.57569 eb
237.32458 35.86375 0.93370 -0.29732 -0.19951 eb
237.33668 40.46564 0.37764 -0.88825 0.26152 eb
239.03422 29.04414 -0.60682 0.31603 0.72931 eb
240.83659 28.32808 -0.95544 -0.06651 0.28761 eb
241.26164 44.40532 0.26815 -0.94512 -0.18668 eb
241.37327 25.16305 0.32597 -0.66220 0.67472 eb
242.39279 32.55803 -0.82424 -0.11489 -0.55446 eb
242.51186 46.90416 0.84931 -0.39495 -0.35026 eb
243.20230 53.90346 0.56413 -0.74501 -0.35598 eb
245.65420 26.42244 -0.04231 0.99909 0.00619 eb
246.96040 15.72921 0.11916 0.07066 0.99036 eb
247.36263 42.66586 -0.73586 0.62963 -0.24914 eb
247.57570 30.39908 -0.50173 0.52051 -0.69090 eb
247.76857 82.83071 -0.58272 -0.55318 -0.59534 eb
249.57472 85.41387 -0.17486 -0.97028 -0.16729 eb
249.77879 47.01638 -0.55872 0.55456 -0.61668 eb
249.93928 39.26357 -0.23750 -0.95731 -0.16478 eb
250.30284 41.28213 0.60963 0.79268 -0.00185 eb
250.34050 61.81555 -0.23539 -0.31075 -0.92088 eb
250.94913 46.16201 -0.10744 0.39034 -0.91438 eb
251.21872 26.52990 0.81782 0.11896 -0.56305 eb
251.90325 16.84552 0.50648 -0.85585 -0.10483 eb
252.41962 51.90935 -0.48074 -0.18691 -0.85671 eb
253.59321 69.06738 -0.75067 0.57418 0.32684 eb
254.91378 19.45183 0.58993 -0.07230 -0.80421 eb
255.27800 17.77055 -0.52584 0.00279 -0.85058 eb
256.45361 38.47796 -0.84959 0.06418 -0.52353 eb
257.58432 48.32580 -0.53107 0.82871 0.17667 eb
257.81912 66.78757 -0.70563 -0.21639 -0.67473 eb
259.21948 22.57486 0.65063 -0.74704 -0.13640 eb
261.91049 68.99325 -0.10555 0.68839 -0.71762 eb
263.25897 52.56509 -0.13808 0.57095 -0.80929 eb
263.98498 47.28183 -0.03142 0.22327 -0.97425 eb
264.43629 52.29952 0.67776 -0.47652 -0.55998 eb
265.22836 39.58529 -0.48242 0.87180 0.08508 eb
265.32600 20.95237 -0.60298 0.74616 0.28222 eb
265.60164 37.92857 0.37547 0.24052 -0.89508 eb
265.91406 21.46725 -0.93437 0.27605 -0.22528 eb
266.07853 41.88626 0.92223 -0.38326 -0.05095 eb
267.43848 38.03219 -0.95802 0.28495 0.03149 eb
268.54639 35.87233 0.04317 0.61612 -0.78646 eb
269.52069 19.64294 0.45638 0.88954 0.02097 eb
269.52662 26.92485 0.64474 -0.70436 0.29695 eb
269.85316 73.27408 -0.11985 -0.33138 -0.93585 eb
271.58008 54.44736 -0.42432 0.65800 -0.62209 eb
271.97865 81.19360 0.99124 0.11731 -0.06062 eb
272.45334 65.29205 0.54001 0.83257 0.12335 eb
272.65958 48.32183 -0.08005 0.53365 -0.84191 eb
273.06534 21.60970 0.50129 -0.84444 -0.18876 eb
273.67055 45.83978 -0.87819 0.38842 -0.27913 eb
274.07476 27.06415 -0.64062 -0.03728 -0.76695 eb
275.13271 39.27749 -0.68556 0.62217 -0.37805 eb
275.77680 29.02324 0.65589 -0.52007 -0.54711 eb
276.10929 70.05662 0.32383 0.94079 -0.10020 eb
277.05919 48.52026 0.53287 0.35869 -0.76642 eb
277.78984 19.32605 -0.32824 0.34489 -0.87938 eb
278.00721 58.25028 -0.68767 -0.67886 -0.25741 eb
278.63683 32.48128 0.30122 0.03328 -0.95297 eb
278.70475 34.37231 0.93254 -0.22221 -0.28460 eb
278.86348 42.43689 -0.90928 0.36518 0.19964 eb
279.31138 59.33902 -0.50268 0.42601 -0.75222 eb
279.53931 65.26083 0.05878 -0.55564 0.82935 eb
279.73497 68.60500 0.90691 0.05035 -0.41830 eb
280.79675 22.80289 0.17536 -0.97848 0.10876 eb
281.06421 81.68300 0.41177 0.42930 -0.80383 eb
281.96755 24.05783 0.48444 0.87413 -0.03480 eb
282.18862 37.65464 0.15057 -0.10814 0.98267 eb
283.50349 62.98898 0.98004 0.08540 0.17951 eb
283.52438 45.62242 0.72503 -0.54406 0.42229 eb
283.68493 40.27533 -0.56752 -0.29113 -0.77017 eb
284.78999 45.20313 -0.13159 -0.98119 0.14125 eb
285.68097 72.90438 0.01996 -0.09852 -0.99493 eb
286.10575 55.73626 -0.58979 -0.53572 -0.60428 eb
286.17808 40.50041 0.31423 -0.61489 -0.72331 eb
288.33765 59.77690 0.14904 0.03175 -0.98832 eb
288.45673 48.17071 0.75956 0.43974 0.47926 eb
289.82417 30.40682 0.41217 -0.46694 -0.78236 eb
289.84518 35.35493 -0.77319 0.49353 0.39825 eb
290.61117 30.12800 -0.96646 -0.08219 0.24332 eb
291.31232 37.15463 0.31819 -0.57601 -0.75297 eb
292.14849 32.70202 0.37583 -0.51410 -0.77101 eb
292.59721 76.55386 0.61944 0.56801 -0.54190 eb
292.87641 50.31323 0.59198 0.43561 -0.67809 eb
292.98094 61.37184 -0.97878 0.05251 -0.19809 eb
293.11671 15.44776 -0.36357 0.18843 -0.91231 eb
293.44121 33.70773 0.71768 0.03332 -0.69557 eb
293.60522 56.71745 -0.78079 0.24635 -0.57417 eb
293.80003 34.76582 -0.71092 -0.65929 -0.24481 eb
293.90977 83.16537 0.97843 -0.16274 -0.12722 eb
293.95881 51.91929 0.93976 -0.32592 -0.10312 eb
293.99730 56.19612 0.12525 0.69036 -0.71254 eb
294.83178 37.12712 -0.70421 0.60505 -0.37149 eb
296.77194 22.84985 0.75553 -0.04934 0.65326 eb
297.10245 24.02485 0.12723 0.76287 -0.63392 eb
298.21852 45.55731 -0.31414 -0.87467 0.36914 eb
299.59830 15.05827 -0.98798 -0.13155 0.08113 eb
299.82883 33.31671 -0.45616 0.78684 -0.41570 eb
299.85988 66.25943 0.53203 -0.81155 -0.24152 eb
300.39658 58.42971 -0.20019 0.36727 -0.90832 eb
301.00098 12.90224 0.52726 0.84805 -0.05296 eb
301.02502 25.80210 -0.07049 0.89714 -0.43609 eb
301.90993 57.11628 0.68115 0.01785 0.73192 eb
302.05181 22.88353 0.94585 0.20726 0.24984 eb
302.37292 17.92518 0.29030 -0.51785 -0.80471 eb
302.78068 68.73195 -0.67338 0.33572 -0.65867 eb
303.67170 82.05064 -0.68930 0.59704 -0.41038 eb
303.90867 57.19461 -0.55141 -0.62426 -0.55339 eb
304.19407 49.48362 -0.37903 0.33920 0.86098 eb
306.98271 21.43083 -0.27565 -0.61711 -0.73702 eb
307.15146 57.52189 -0.21218 -0.58532 -0.78255 eb
308.15423 35.60783 0.18046 0.31963 -0.93020 eb
308.43549 39.52562 -0.69387 0.28144 -0.66283 eb
308.96591 13.90033 0.30375 0.09040 -0.94845 eb
309.03985 20.66127 0.68066 0.64549 0.34647 eb
309.66262 47.26729 0.97725 0.13323 0.16504 eb
310.12120 43.68765 -0.24527 0.86211 0.44340 eb
310.27466 25.96930 -0.80126 0.13937 -0.58186 eb
310.77351 22.18915 0.53159 -0.76245 -0.36888 eb
311.26108 10.05901 -0.96698 -0.01854 0.25417 eb
311.46621 63.48123 0.91815 -0.24688 -0.30991 eb
312.15199 41.46591 0.06699 -0.99306 -0.09669 eb
312.19303 70.69776 0.42715 -0.32591 -0.84340 eb
312.37964 37.10995 -0.14533 0.21604 -0.96551 eb
312.62930 11.66304 0.97069 0.20405 -0.12696 eb
312.99956 24.05014 0.59246 0.57868 -0.56047 eb
313.41505 31.12550 -0.60022 0.69779 -0.39093 eb
314.24081 35.48018 -0.28854 0.45755 -0.84106 eb
315.51548 34.14482 0.76484 -0.09078 -0.63780 eb
315.76545 36.94302 0.32342 0.93152 0.16636 eb
315.86700 27.29136 0.12850 0.04392 -0.99074 eb
316.56675 35.22460 -0.63980 0.19070 -0.74451 eb
317.43273 54.50297 -0.74902 0.26159 -0.60873 eb
317.44489 13.23499 0.83706 -0.44675 -0.31582 eb
317.49262 15.79030 -0.02376 0.58661 0.80952 eb
317.71365 50.37188 0.14357 0.85613 0.49642 eb
318.00266 21.79496 0.81675 -0.31255 -0.48500 eb
318.77019 59.91282 0.36338 0.71441 0.59797 eb
318.98230 50.54457 0.62879 0.65660 -0.41653 eb
319.36137 34.28228 0.54946 -0.75668 0.35431 eb
320.84173 28.66234 0.54273 0.36518 -0.75636 eb
321.27506 56.16655 -0.46649 0.31218 -0.82761 eb
321.88938 56.85827 0.79954 -0.06246 -0.59735 eb
322.57807 75.95563 -0.90901 -0.29011 -0.29924 eb
322.89418 36.67091 0.54144 0.84067 0.01099 eb
322.94148 60.74077 -0.38468 0.10235 -0.91736 eb
323.63929 42.27299 0.20974 -0.09075 -0.97354 eb
323.92310 34.32105 0.11440 -0.95851 -0.26111 eb
324.32196 56.22432 0.66073 0.73537 -0.15054 eb
324.68358 27.85364 -0.54838 -0.48339 -0.68236 eb
325.51932 20.09004 -0.46687 -0.55958 -0.68477 eb
325.86317 23.64693 0.95456 -0.13828 -0.26401 eb
326.17622 55.28832 0.16248 0.27349 -0.94805 eb
327.06135 50.50904 -0.37339 0.70321 -0.60504 eb
327.16930 15.37914 -0.52229 -0.68966 -0.50157 eb
327.57220 15.22931 -0.11649 -0.82470 0.55344 eb
328.49436 45.00363 0.65260 -0.60603 -0.45480 eb
328.54005 46.86501 -0.82854 0.25304 0.49949 eb
328.62084 29.18189 -0.09859 0.36784 0.92465 eb
328.89695 54.32308 -0.57888 0.78834 -0.20838 eb
329.51190 42.41220 0.66437 -0.56957 -0.48394 eb
329.68160 30.47227 0.93948 -0.31092 0.14386 eb
329.79746 41.61467 -0.03804 0.54107 -0.84012 eb
330.40083 57.04505 0.79389 0.46748 -0.38884 eb
330.55510 35.70382 -0.00692 0.76021 -0.64964 eb
331.10554 36.09080 -0.16111 0.35847 -0.91954 eb
331.27615 42.38166 0.49867 -0.40533 -0.76618 eb
331.59082 57.60812 0.99970 0.00170 0.02445 eb
332.08594 49.00418 -0.91774 0.39007 0.07479 eb
332.12225 25.04652 -0.95967 -0.03549 -0.27887 eb
332.14025 58.29041 0.21815 -0.26926 -0.93803 eb
332.22042 35.11088 0.70297 0.58606 -0.40296 eb
332.51999 64.08096 0.02446 -0.12273 -0.99214 eb
333.43019 19.79587 -0.70555 -0.31216 -0.63620 eb
333.85104 43.82946 -0.49748 0.38016 -0.77974 eb
334.01783 52.28556 -0.85574 -0.21791 -0.46928 eb
334.08252 44.50245 0.58119 0.28458 -0.76239 eb
334.35872 46.25693 0.51400 0.35995 -0.77861 eb
335.10807 30.44173 0.25615 -0.73966 -0.62232 eb
336.06121 30.96152 0.34448 -0.53319 0.77268 eb
337.56711 12.95475 0.23597 -0.73030 0.64107 eb
338.04433 29.46973 -0.29724 0.31223 -0.90231 eb
338.51673 24.43212 -0.52922 0.83670 0.14092 eb
338.60335 18.63500 -0.86822 0.49300 -0.05616 eb
339.26991 53.87625 -0.75126 0.58512 -0.30537 eb
339.46796 63.31341 -0.41083 -0.39856 -0.81998 eb
339.58591 34.48490 0.72623 -0.68738 0.00991 eb
339.64237 39.28532 -0.82628 0.07808 0.55782 eb
339.88317 38.62269 -0.24978 0.43681 -0.86418 eb
340.10480 67.29541 0.51185 -0.53611 0.67127 eb
340.12278 61.53968 0.99839 0.05289 -0.02040 eb
341.09841 61.00243 0.18294 -0.75962 -0.62411 eb
341.19550 62.65472 0.15112 0.98699 0.05492 eb
341.62760 35.15691 -0.23766 0.49834 -0.83377 eb
341.71388 45.92258 0.98955 -0.04781 0.13603 eb
341.73569 34.50988 0.08632 0.80918 0.58119 eb
341.78625 39.89437 -0.11149 0.48945 -0.86487 eb
342.08382 77.39540 0.40349 -0.86797 0.28953 eb
342.14152 72.72874 0.53023 -0.83781 0.13015 eb
342.25523 20.32610 -0.89302 -0.29569 -0.33925 eb
342.98144 45.66822 -0.00013 0.82629 0.56325 eb
343.01531 29.29901 -0.58308 0.22650 -0.78020 eb
343.15118 62.49419 -0.25274 -0.27516 -0.92758 eb
343.44221 49.44481 0.68696 -0.29235 -0.66530 eb
343.90957 28.32267 0.46988 0.81244 -0.34520 eb
344.33751 56.77672 0.38185 0.50986 0.77087 eb
345.49099 39.27680 0.81436 -0.47625 -0.33166 eb
345.55127 67.86451 0.93323 -0.08522 0.34903 eb
345.67461 53.09783 0.61729 0.76387 -0.18832 eb
345.68841 54.91440 -0.41035 -0.15229 -0.89912 eb
346.30660 46.82427 -0.40792 -0.90175 -0.14302 eb
347.02351 33.58965 -0.16745 -0.93861 0.30160 eb
347.25773 39.88466 0.61188 0.47028 -0.63595 eb
347.49245 41.03040 -0.16452 0.17454 -0.97081 eb
347.51491 38.83140 0.77142 0.14906 -0.61862 eb
348.08965 43.08137 0.66619 -0.74488 -0.03673 eb
348.38232 61.82413 0.03018 -0.66813 -0.74343 eb
349.21895 26.76154 0.94183 -0.07134 -0.32842 eb
349.53593 29.12857 -0.56174 -0.20364 0.80186 eb
349.74589 55.76096 -0.95333 0.30014 -0.03299 eb
349.77531 47.24976 -0.21585 -0.85406 -0.47328 eb
350.15037 54.30427 -0.83844 0.54183 0.05873 eb
350.41534 17.54304 0.09444 0.98869 0.11647 eb
356.15224 23.50440 0.64416 -0.23096 -0.72919 eb
356.35422 53.10381 0.06604 0.75221 -0.65561 eb
358.11981 33.82440 -0.72120 0.67833 0.14050 eb
358.67956 46.78077 0.92439 -0.24808 -0.28975 eb
359.29468 29.82371 0.53860 -0.80986 -0.23245 eb
359.74632 16.92806 -0.60666 -0.74267 0.28357 eb
359.74733 34.28939 0.28307 0.41649 -0.86395 eb
360.61163 29.24557 0.87600 0.26594 -0.40237 eb
361.19867 29.70808 -0.21038 0.97380 0.08634 eb
361.50187 48.55171 -0.83483 0.38075 -0.39761 eb
363.94840 43.77053 0.66959 -0.10282 -0.73558 eb
364.32343 38.73477 0.33142 0.52712 -0.78250 eb
365.85317 42.01072 0.89369 -0.11769 0.43297 eb
366.22730 64.14395 -0.89057 -0.45465 -0.01326 eb
366.54206 20.44303 0.57655 -0.81090 -0.10017 eb
368.76735 65.96271 0.82269 0.33000 0.46291 eb
369.29098 44.76932 -0.92496 -0.21807 -0.31128 eb
369.77135 67.36984 0.04398 -0.31548 -0.94791 eb
369.81560 78.81413 -0.65141 -0.26197 -0.71207 eb
371.46591 39.09886 0.11371 -0.80012 -0.58897 eb
372.25991 7.57973 -0.64230 0.60961 -0.46456 eb
373.14233 35.15861 0.69498 -0.58362 -0.41998 eb
373.82806 34.93765 -0.13496 0.98986 -0.04440 eb
374.11644 15.81088 -0.22773 -0.61527 -0.75471 eb
374.67325 43.79930 -0.59532 -0.62549 0.50434 eb
376.87962 37.46768 -0.39692 -0.49989 0.76978 eb
378.39483 54.07279 0.99178 0.06513 0.11016 eb
378.70103 30.86701 -0.74860 -0.41978 -0.51322 eb
378.89335 50.25969 0.10853 0.60789 -0.78657 eb
380.26295 58.46286 0.18636 -0.90843 -0.37421 eb
383.40824 26.09455 -0.50011 -0.02591 -0.86558 eb
385.43814 45.68616 -0.80525 -0.28814 -0.51821 eb
390.54794 68.55316 0.34407 0.78551 -0.51438 eb
391.77413 25.99618 -0.20838 0.45844 -0.86395 eb
398.57699 40.52536 -0.68143 0.57535 -0.45235 eb
399.60460 77.29774 0.44625 -0.88696 0.11902 eb
399.63152 21.90734 0.70583 0.52812 0.47212 eb
402.25278 20.68010 -0.52518 0.47128 -0.70858 eb
402.43344 39.59535 0.54188 0.83180 0.12031 eb
403.35598 61.41241 -0.26344 0.94552 -0.19131 eb
409.60489 26.77265 0.77796 -0.46612 0.42132 eb
410.64740 29.96364 -0.47691 -0.87417 -0.09154 eb
411.32697 53.77189 -0.98147 0.19106 -0.01427 eb
411.63949 23.53496 0.56876 -0.78568 -0.24334 eb
416.16005 29.83647 0.00210 -0.01984 -0.99980 eb
422.06068 45.56861 0.48234 0.70596 -0.51863 eb
427.19314 66.56800 -0.23412 0.73470 0.63671 eb
434.15210 28.72486 -0.90116 -0.02294 -0.43287 eb
441.92293 37.70817 -0.77733 -0.52475 -0.34700 eb
456.84887 39.73641 0.56500 -0.80361 -0.18706 eb
457.01608 16.87851 0.54121 0.77621 0.32341 eb
490.85645 31.50844 0.59963 0.79475 0.09395 eb
526.34835 30.14862 -0.23882 0.48669 -0.84029 eb
553.89218 22.33798 -0.47390 0.87978 -0.03745 eb
574.24976 12.63342 0.76417 -0.19789 0.61390 eb
575.93212 26.51568 0.74060 -0.66316 -0.10829 eb
581.56820 24.54604 -0.95491 0.29685 0.00609 eb
619.74599 15.54830 -0.90964 0.24461 -0.33573 eb
630.07044 19.01616 0.02029 0.18563 0.98241 eb
640.88998 55.13485 -0.18651 -0.65673 -0.73070 eb
645.04449 42.73999 -0.27918 0.53769 -0.79558 eb
678.36700 20.93945 -0.02422 -0.78216 0.62260 eb
687.98281 18.65762 -0.75373 0.42022 -0.50529 eb
702.15616 19.05894 -0.48777 0.39797 -0.77698 eb
778.50684 27.69718 0.99354 -0.10225 -0.04933 eb
859.35265 17.09831 -0.50419 0.86334 -0.02105 eb
875.14076 22.59929 0.41232 -0.75544 -0.50922 eb
940.60876 18.88377 0.53540 -0.45757 -0.70991 eb
955.02189 44.49037 0.02937 0.99093 -0.13111 eb
1040.90530 28.71840 -0.34429 0.87472 0.34107 eb
1132.25282 23.83593 0.97209 -0.17120 -0.16041 eb
1171.81807 15.93930 -0.71651 -0.00763 0.69754 eb
1205.06000 16.96490 0.23682 0.84514 -0.47922 eb
1270.77569 14.42031 -0.91265 0.39563 -0.10266 eb
1299.58598 13.82726 0.16150 -0.26154 -0.95158 eb
1547.13479 19.27219 -0.08582 0.97407 -0.20933 eb
1992.67280 24.54137 0.43431 0.74804 0.50181 eb
2118.10449 18.59814 0.36894 0.28719 -0.88397 eb
2463.21027 27.47054 0.51399 0.54811 -0.65984 eb
2519.54778 22.64318 -0.69971 0.51492 -0.49524 eb
2608.43531 6.80098 0.91233 0.02216 -0.40885 eb
2674.48007 23.22817 0.56057 -0.82590 -0.06040 eb
2783.60064 8.42284 0.19107 0.72065 -0.66646 eb
3360.41938 19.99835 0.23345 -0.42860 -0.87281 eb
3431.57262 21.19357 -0.71139 0.65893 0.24440 eb
3530.04900 12.47797 0.45651 0.35996 -0.81365 eb
3866.45048 16.28689 -0.49450 0.86355 -0.09876 eb
5013.75148 15.23240 -0.10944 0.99322 -0.03915 eb
6408.64931 15.97724 -0.07635 0.01381 -0.99699 eb
6696.47343 53.94367 -0.76798 -0.44087 -0.46458 eb
6705.93640 15.02594 -0.21100 0.97722 -0.02291 eb
7593.91996 22.02474 0.04392 -0.95727 0.28583 eb
7593.94168 21.55292 -0.37759 0.80386 0.45961 eb
8562.32140 36.37470 -0.17626 0.10822 -0.97838 eb
9040.43779 11.67296 -0.49255 0.69221 -0.52748 eb
11965.73424 13.40645 0.25322 -0.79978 0.54428 eb
12416.96385 18.24897 0.48542 -0.40379 -0.77545 eb
12702.66069 13.54864 0.76590 0.51277 0.38789 eb
12726.02902 20.93813 0.24349 0.61470 0.75023 eb
13288.80494 14.95779 -0.83510 0.53811 0.11418 eb
14387.09830 19.29837 0.27272 -0.95606 -0.10758 eb
14794.73848 17.71981 0.05770 0.62152 -0.78127 eb
16434.61779 16.55016 0.51019 0.55389 0.65796 eb
16766.34028 28.75233 0.64777 -0.44641 -0.61734 eb
19967.73428 28.78637 -0.93073 -0.01092 -0.36553 eb
