16.08353 3.99208 -0.26754 0.37718 0.88665 e
17.24343 3.63415 -0.34879 0.30121 0.88748 eb
19.28349 32.39407 -0.02460 -0.12063 0.99239 xb
20.71496 14.38771 -0.04630 0.16554 0.98512 e
21.69261 14.64453 0.02388 0.20535 0.97840 e
21.93379 6.71199 -0.07325 -0.26746 0.96078 e
23.42106 5.24246 0.04966 -0.40093 0.91476 x
24.29764 6.88898 -0.01542 0.28758 0.95763 eb
24.71965 4.96144 0.18731 -0.32640 0.92648 xb
25.09766 2.56592 0.41140 -0.33028 0.84951 eb
25.59991 11.19485 -0.25894 -0.06823 0.96348 e
25.70861 61.49084 -0.03927 -0.06179 0.99732 e
25.72415 7.81417 0.27187 -0.02784 0.96193 e
26.31081 6.92192 -0.26209 0.18604 0.94694 eb
26.49764 27.90204 -0.03008 -0.11070 0.99340 e
27.48098 7.58734 0.21290 0.00532 0.97706 e
28.82737 6.66060 -0.01034 0.16977 0.98543 e
28.97059 5.56404 -0.09395 -0.34439 0.93411 e
29.54344 8.64349 0.07923 -0.25232 0.96439 e
30.38901 26.69919 -0.11129 0.01997 0.99359 e
30.73798 9.17443 0.19629 -0.14395 0.96992 eb
30.77136 14.04100 0.13114 0.18208 0.97450 e
31.26832 4.76739 0.30566 0.25325 0.91784 e
31.41367 7.58464 -0.00649 -0.04949 0.99875 e
31.61156 27.34096 0.06663 0.06319 0.99578 e
32.00518 14.29041 -0.06128 0.19440 0.97901 xb
33.02785 20.88741 -0.07635 -0.03553 0.99645 e
33.32761 11.00795 0.15779 -0.13496 0.97821 e
35.65140 0.90330 -0.81623 0.21519 0.53616 e
35.67120 1.23548 0.29910 0.40224 0.86530 e
35.78883 9.96698 0.02057 -0.22922 0.97316 e
36.07707 18.35225 -0.13395 -0.03406 0.99040 e
36.46066 18.16820 0.01475 -0.16284 0.98654 xb
37.64117 15.18723 0.13250 -0.06031 0.98935 e
38.41694 5.10306 0.24495 -0.20502 0.94761 e
38.89853 0.92938 -0.52513 -0.64945 0.54995 e
40.37444 16.41557 -0.22022 -0.02967 0.97500 e
40.66438 0.85317 -0.02464 0.85411 0.51950 eb
40.90896 1.48951 -0.31347 0.61976 0.71947 e
41.26850 5.81306 0.29364 0.22132 0.92994 x
41.59981 30.46410 0.04264 -0.03087 0.99861 x
42.14114 2.99613 -0.14319 -0.40176 0.90448 e
42.51831 3.66334 -0.06198 -0.24320 0.96799 e
42.94022 20.95003 -0.02607 -0.00000 0.99966 e
42.97936 4.16529 0.12349 -0.39512 0.91029 e
43.25813 8.79806 -0.14465 -0.25139 0.95702 e
43.35974 9.80043 -0.22682 0.16055 0.96061 e
43.41225 3.54162 -0.10406 -0.43895 0.89247 eb
43.61529 1.59907 -0.44696 0.48720 0.75024 xb
44.69514 1.04223 -0.80161 -0.07559 0.59304 e
45.01284 53.87512 0.02254 -0.05064 0.99846 xb
45.14660 13.42958 -0.03606 -0.16410 0.98578 e
45.52917 15.34608 0.04170 0.02849 0.99872 e
45.72473 12.12752 0.15247 0.16766 0.97398 xb
45.79293 10.88563 -0.19621 -0.04218 0.97965 e
45.83008 26.90616 0.09624 0.01660 0.99522 e
46.59988 6.46721 -0.11969 0.26981 0.95545 eb
48.47745 1.35337 -0.72031 0.13387 0.68061 xb
48.77421 6.16171 -0.09014 0.31756 0.94395 e
49.56562 8.65855 0.21271 0.06591 0.97489 e
50.12535 5.80219 -0.21091 -0.31582 0.92508 e
50.71876 5.15078 0.18311 0.29019 0.93929 e
50.90886 39.80871 0.07688 -0.05729 0.99539 e
52.04316 19.23408 0.08947 -0.01114 0.99593 e
52.54937 8.31410 -0.06299 0.20948 0.97578 x
54.25258 3.52060 0.31787 -0.36243 0.87613 eb
54.38019 15.10564 -0.11285 -0.05741 0.99195 x
55.71362 4.92664 0.18751 0.15143 0.97052 e
56.31550 26.74241 -0.10513 0.04783 0.99331 eb
58.35218 3.35611 0.38390 -0.28186 0.87930 e
58.60842 4.24122 0.21207 -0.33974 0.91630 eb
59.64591 8.02672 0.14841 0.22216 0.96365 e
60.05864 2.24847 -0.14156 -0.57879 0.80310 eb
60.84970 18.83843 -0.00419 -0.12768 0.99181 e
61.37714 27.84587 -0.06615 -0.04717 0.99669 e
61.57700 13.90619 0.05446 -0.17749 0.98261 e
61.59167 19.70120 0.09614 -0.13738 0.98584 e
61.66005 1.85360 0.58809 -0.21612 0.77938 eb
61.66372 5.96709 -0.12012 0.27828 0.95296 eb
63.19004 11.46708 -0.22870 0.10078 0.96827 x
63.70158 8.11255 0.26843 -0.07540 0.96034 e
64.86622 11.66736 -0.01358 0.12306 0.99231 xb
65.56069 1.27797 -0.46725 -0.56664 0.67867 xb
65.75679 2.06921 -0.36576 -0.47454 0.80065 eb
65.97114 0.94357 0.82637 0.05536 0.56039 eb
66.10163 20.26457 -0.11158 -0.10859 0.98780 e
66.24118 3.44530 0.22851 -0.41827 0.87911 eb
66.47163 7.11624 -0.31070 -0.15763 0.93735 e
67.33418 1.30917 -0.29081 0.65814 0.69447 e
67.46274 12.34345 -0.05133 0.05646 0.99708 e
67.51996 11.31940 0.07159 -0.12445 0.98964 eb
67.73332 26.83050 0.08704 -0.07150 0.99364 e
68.38892 8.14240 0.28187 -0.04423 0.95843 e
68.77756 8.10470 0.13315 0.22323 0.96563 e
69.40950 1.65466 -0.11806 -0.53706 0.83524 e
69.72121 11.27345 -0.25069 -0.04052 0.96722 e
69.82447 6.89247 0.13036 -0.13634 0.98205 e
70.07091 13.93081 -0.08642 0.06766 0.99396 e
70.59816 11.74982 -0.24582 -0.05711 0.96763 e
70.70669 6.55224 -0.28522 -0.07570 0.95547 eb
71.89794 10.90531 -0.15181 -0.11636 0.98154 e
72.04001 2.19782 0.10961 0.52452 0.84431 e
72.88554 1.95141 0.60851 -0.03724 0.79267 e
72.97440 22.99429 0.07851 0.06851 0.99456 e
75.97845 4.50164 -0.07433 -0.28614 0.95530 e
76.81436 21.28056 -0.12220 0.10110 0.98734 eb
76.91098 1.00410 -0.55878 -0.58872 0.58410 e
77.16338 15.22379 0.13229 0.06893 0.98881 e
77.55541 8.05521 -0.24196 0.00185 0.97028 eb
77.64614 12.22527 0.03500 0.07996 0.99618 e
78.07059 4.01848 -0.16875 -0.36168 0.91690 e
78.60617 4.46356 0.11205 -0.37457 0.92040 e
78.91689 9.38753 0.21868 0.11970 0.96843 xb
79.11662 15.21196 0.03433 -0.07743 0.99641 e
79.66164 5.13529 0.15723 -0.22394 0.96184 e
80.98930 33.77557 0.03123 0.11895 0.99241 e
81.43825 2.68179 -0.49278 -0.20127 0.84656 e
81.54961 4.21411 -0.16478 0.40988 0.89713 xb
82.60335 15.55777 -0.08981 -0.02173 0.99572 e
83.66469 9.23842 -0.04011 -0.21815 0.97509 eb
83.91521 3.19239 0.38522 0.22642 0.89462 eb
84.75184 9.64558 0.18673 -0.04956 0.98116 e
85.56171 10.45424 0.08850 0.21550 0.97249 e
85.88016 12.73025 -0.20153 0.10995 0.97329 e
85.96092 6.23620 0.15591 0.03373 0.98720 eb
86.48685 3.55784 0.37603 -0.10322 0.92084 e
86.60656 22.17935 -0.07103 -0.03987 0.99668 e
86.68907 9.98675 0.12872 0.21542 0.96800 eb
86.89397 2.58627 -0.31744 0.41187 0.85416 e
87.20663 0.92563 -0.51373 -0.64408 0.56678 e
87.53251 0.97827 -0.28377 0.77464 0.56516 xb
87.56452 4.22703 0.20258 -0.38567 0.90012 e
87.61759 1.57844 0.30053 0.60767 0.73513 eb
87.80401 3.71020 -0.29553 0.31855 0.90066 eb
88.35533 1.82610 0.57368 0.26828 0.77390 e
89.68762 5.41407 0.33883 0.00127 0.94085 e
90.33365 8.47149 -0.14350 -0.22474 0.96379 e
90.36825 1.74055 -0.12555 0.59967 0.79033 eb
91.02956 10.16159 -0.12856 -0.17122 0.97681 xb
91.11460 2.09037 0.61484 0.01502 0.78851 e
91.95411 2.37360 -0.51157 -0.15434 0.84527 x
92.07663 17.55232 0.01102 -0.07165 0.99737 e
92.24601 20.04392 0.09945 -0.10625 0.98935 xb
92.72218 7.23065 -0.10265 0.13497 0.98552 e
93.25367 1.43470 0.39320 -0.54059 0.74374 eb
93.52836 3.07078 0.46772 -0.14892 0.87124 xb
94.04269 3.48455 -0.07785 -0.45875 0.88515 xb
94.36580 6.05484 0.30096 0.18276 0.93596 eb
94.50197 8.84820 -0.12543 0.19712 0.97232 eb
94.55191 4.75685 0.26139 0.24692 0.93312 eb
95.01600 7.36832 -0.13788 0.24669 0.95924 e
96.27945 3.63612 0.29573 -0.31834 0.90067 x
96.48059 8.00031 -0.23478 -0.09134 0.96775 e
96.61676 5.00014 0.33733 -0.17613 0.92476 e
97.39219 12.96537 0.04055 0.08857 0.99524 eb
98.19581 7.75522 -0.24444 0.01761 0.96950 e
98.48362 19.44430 0.13505 -0.04158 0.98997 e
99.57275 1.06310 0.36110 -0.70092 0.61507 eb
99.91472 20.67822 0.01088 0.14555 0.98929 x
100.55983 13.74432 -0.06605 0.11806 0.99081 xb
101.24272 5.68452 0.12688 -0.01469 0.99181 e
102.39089 3.24042 -0.32016 -0.38205 0.86691 eb
102.81990 2.25317 0.29957 -0.50268 0.81091 eb
103.08396 2.80727 0.30778 -0.40495 0.86098 eb
103.14772 16.40700 -0.19039 -0.06011 0.97987 e
103.14945 3.46875 -0.12019 -0.39559 0.91053 e
103.70611 1.46259 -0.49953 -0.51025 0.70008 eb
103.89679 11.63868 -0.13909 0.18635 0.97259 e
104.56009 11.03129 0.18257 -0.20039 0.96256 eb
104.67815 6.66852 -0.12319 -0.28675 0.95005 eb
105.04168 0.85241 -0.37641 -0.76229 0.52652 e
105.81676 9.30969 0.26026 0.05604 0.96391 e
105.89962 14.08860 -0.16337 -0.12972 0.97800 xb
107.81046 25.33941 0.05021 -0.10958 0.99271 e
107.96878 2.43765 0.36689 -0.37791 0.85005 eb
110.58994 3.27932 0.31026 -0.22897 0.92266 x
111.18414 1.49960 0.48312 -0.48450 0.72929 e
111.38156 14.22694 0.04484 -0.07603 0.99610 x
111.48577 11.26700 -0.22803 -0.03161 0.97314 e
111.91498 22.63875 0.05977 0.04586 0.99716 eb
112.06206 10.04601 0.09163 -0.04496 0.99478 e
112.32638 7.98525 -0.10250 -0.25097 0.96255 e
112.52888 10.85317 -0.20189 0.08131 0.97603 e
112.79574 2.22756 0.19487 -0.55727 0.80714 e
112.80021 2.59861 0.27105 -0.45571 0.84785 eb
112.90451 13.04071 -0.05954 -0.04287 0.99730 eb
113.63399 5.17173 0.08744 -0.36044 0.92867 e
113.65963 8.38350 0.02612 -0.21989 0.97518 eb
114.01505 36.24012 -0.07099 0.05031 0.99621 e
114.08219 13.46944 0.19999 -0.07622 0.97683 e
114.35525 10.38258 -0.05669 -0.20271 0.97760 e
114.51258 2.86723 -0.09659 -0.51462 0.85196 e
115.97492 2.50431 0.22889 0.50928 0.82960 e
116.14576 4.76728 0.04156 -0.11428 0.99258 e
116.66904 12.87197 -0.20039 0.11840 0.97254 e
116.86439 25.56150 0.02862 0.00070 0.99959 e
117.08040 15.49769 -0.02944 0.00729 0.99954 eb
117.16026 5.67715 0.00557 0.35310 0.93557 eb
119.56288 12.41012 0.13299 0.01243 0.99104 xb
120.29245 17.66077 -0.17624 0.05249 0.98295 e
121.27081 10.51148 0.11544 -0.05397 0.99185 e
122.14776 28.77832 -0.11054 0.04850 0.99269 e
122.53393 8.93122 0.15562 0.16117 0.97458 eb
122.93766 6.70589 0.27215 0.07037 0.95968 e
123.98400 3.59786 0.10298 -0.43494 0.89455 xb
124.01312 1.28570 -0.30656 0.66486 0.68116 eb
124.09380 12.38511 0.20036 0.00423 0.97971 e
124.23083 6.83730 -0.20757 -0.06720 0.97591 e
124.44670 18.14365 0.05520 0.03579 0.99783 e
124.84644 11.30319 0.18418 0.12239 0.97524 e
124.94475 11.00816 0.07000 0.26341 0.96214 e
125.89424 11.85906 -0.09844 -0.21056 0.97261 e
127.15769 3.00052 -0.39243 0.14392 0.90845 eb
127.35749 26.30317 -0.01871 0.07204 0.99723 e
127.63692 4.48418 0.06678 -0.39867 0.91466 e
127.91600 5.21694 0.25667 0.12002 0.95902 e
128.09002 32.75933 0.10579 -0.06246 0.99242 e
128.66846 36.60668 0.01618 -0.07933 0.99672 eb
129.15486 12.53219 -0.04825 -0.02379 0.99855 e
129.47979 9.58748 -0.22874 0.04628 0.97239 e
130.14455 14.04390 -0.01420 0.11182 0.99363 xb
130.42344 4.62098 0.28492 -0.13522 0.94897 eb
130.59811 20.11498 -0.10860 0.04546 0.99304 eb
131.85405 1.00574 0.42883 0.66823 0.60793 eb
131.88021 15.73534 -0.15825 -0.13748 0.97778 e
131.91428 13.34349 0.13235 -0.12416 0.98340 e
132.34770 9.34051 0.28749 -0.01933 0.95759 x
133.07129 8.55308 0.08770 -0.23509 0.96801 eb
133.35330 11.94055 -0.22097 -0.10209 0.96992 e
133.87280 5.13062 -0.32286 -0.09498 0.94167 eb
134.54789 29.74911 -0.13199 -0.00328 0.99125 e
134.75914 2.88416 -0.45590 -0.17932 0.87178 eb
134.92423 0.92830 0.38401 0.74247 0.54888 e
135.40302 16.57063 0.01722 -0.05252 0.99847 e
135.57225 6.76455 0.19794 -0.06468 0.97808 e
136.11644 8.74839 0.14743 -0.21659 0.96507 x
137.12784 16.69522 0.06479 -0.19424 0.97881 e
138.25863 22.70896 0.11467 -0.10436 0.98791 x
138.30911 14.19290 -0.05141 -0.20048 0.97835 e
138.36195 8.30134 0.02963 0.29357 0.95548 e
138.54896 6.03897 0.33342 0.08793 0.93867 xb
139.32578 17.11290 -0.08310 -0.05909 0.99479 x
139.38864 6.54110 0.29964 -0.02103 0.95382 xb
140.14148 5.49481 0.34619 -0.01801 0.93799 e
140.45660 28.14111 -0.07498 0.01264 0.99711 e
141.29033 12.33070 -0.10688 0.05662 0.99266 e
142.17520 2.50036 -0.04373 0.54555 0.83693 eb
142.17610 10.57512 -0.16261 -0.11114 0.98041 xb
142.87819 24.90360 -0.07630 0.02125 0.99686 e
143.17595 2.15091 -0.34603 -0.48762 0.80155 eb
143.32103 16.38475 -0.01546 -0.11344 0.99342 e
143.77338 16.27656 -0.16105 -0.05157 0.98560 eb
144.19301 19.95232 -0.06297 0.09892 0.99310 e
144.62849 15.18822 -0.08196 0.08532 0.99298 e
145.51031 15.23687 -0.04005 -0.13082 0.99060 e
146.37338 2.93616 0.28899 -0.41354 0.86341 e
146.71430 19.72823 0.15975 -0.00782 0.98713 e
147.12121 11.44886 0.01889 0.26356 0.96446 e
147.26945 19.10686 0.02407 -0.13910 0.98999 e
147.71777 10.20953 -0.12894 -0.05951 0.98987 eb
148.49646 4.54481 -0.39449 -0.14044 0.90811 e
148.60469 24.80509 -0.02980 0.10418 0.99411 e
149.77399 5.17552 -0.35316 -0.09997 0.93021 eb
150.27858 5.03840 -0.09165 0.37130 0.92398 e
150.89505 12.05144 0.08928 0.18146 0.97934 e
152.07258 2.47766 0.33933 -0.45274 0.82455 e
152.34917 5.58111 -0.08166 0.29969 0.95053 e
152.49850 11.39466 0.15299 -0.03395 0.98764 xb
152.70399 7.98072 -0.15251 -0.17894 0.97197 eb
153.47940 3.68323 -0.00226 0.44977 0.89314 e
153.78527 24.11073 0.00243 -0.01699 0.99985 e
154.17822 27.99418 -0.07449 0.04461 0.99622 eb
154.23282 13.43320 -0.17770 0.02450 0.98378 eb
155.86139 4.96674 0.25913 0.24848 0.93333 eb
156.08492 10.84060 0.17115 0.19331 0.96609 e
156.20330 7.70588 -0.28846 0.02363 0.95720 x
157.35923 21.66310 -0.09684 0.07251 0.99265 eb
157.42947 2.74884 -0.27703 -0.45210 0.84786 eb
157.67565 23.36582 -0.11610 0.02484 0.99293 e
158.35657 16.04953 -0.04808 0.10277 0.99354 eb
158.40193 28.48321 0.14061 0.00434 0.99006 eb
158.48101 8.36820 -0.17048 -0.23536 0.95684 eb
160.04305 2.53198 0.27562 -0.40253 0.87293 eb
160.61150 1.64579 -0.51458 0.37234 0.77238 e
161.01231 9.55887 0.03595 0.24119 0.96981 eb
161.57981 2.94404 -0.00777 -0.51428 0.85758 eb
161.66766 20.87421 -0.05365 -0.06916 0.99616 e
161.88941 18.64318 0.08191 -0.06642 0.99442 eb
162.29873 15.22354 -0.17758 0.10033 0.97898 e
163.29265 3.71362 -0.01280 -0.47732 0.87863 e
163.37820 4.61571 0.40722 0.11235 0.90639 e
164.56870 3.49997 0.48358 -0.00600 0.87528 e
165.32229 7.37087 0.19497 -0.22248 0.95524 e
165.37258 8.66076 0.19799 0.16210 0.96671 xb
165.38617 3.02522 0.45252 0.25600 0.85422 x
166.00698 10.20091 0.01578 -0.25072 0.96793 x
166.09289 2.70554 -0.32194 -0.41492 0.85100 eb
166.16422 10.10279 -0.17767 -0.18672 0.96621 e
167.29162 0.93410 0.60059 -0.57458 0.55601 eb
167.47504 1.31571 -0.69242 0.22668 0.68496 e
167.71415 16.13836 -0.01078 0.17309 0.98485 eb
169.23273 1.15795 0.62526 0.34810 0.69848 e
169.50697 3.59902 -0.35641 -0.30308 0.88381 eb
169.58954 7.09582 -0.25855 0.09903 0.96091 e
170.58253 11.42055 0.10996 -0.08452 0.99034 e
171.34185 4.48801 -0.41498 -0.01040 0.90977 x
171.36591 8.72842 -0.13734 -0.13027 0.98192 x
173.10287 3.49047 -0.46611 -0.10527 0.87844 e
173.14819 10.01534 0.12158 -0.25127 0.96025 e
173.93365 6.21921 -0.28882 -0.06306 0.95530 e
174.35530 2.66515 0.44484 0.18567 0.87615 eb
174.79915 9.29745 0.20589 0.03849 0.97782 x
175.68532 10.09318 0.14545 0.16867 0.97488 eb
176.16706 16.89987 0.00473 -0.15225 0.98833 x
176.48621 8.78297 0.26773 0.05088 0.96215 e
176.73404 4.08283 0.11327 -0.42224 0.89938 x
176.81829 0.83831 -0.18381 0.84020 0.51017 eb
177.24336 16.50350 0.10798 -0.01311 0.99407 xb
177.67412 11.17077 -0.16541 -0.07395 0.98345 e
177.87837 9.47923 -0.06554 0.21373 0.97469 e
178.91518 10.72525 0.17857 0.18355 0.96665 eb
179.33646 17.99713 0.16171 0.02533 0.98651 e
180.19610 21.59219 0.01883 -0.10504 0.99429 e
180.28008 9.37549 -0.19192 -0.18297 0.96420 e
180.43937 42.21061 -0.05576 -0.04677 0.99735 eb
181.26233 2.47062 0.09334 0.46939 0.87804 xb
182.91754 1.09809 -0.45547 -0.64207 0.61668 eb
183.00576 2.21992 -0.49185 -0.30368 0.81600 e
183.03122 7.56299 -0.02820 0.29956 0.95366 e
183.03283 5.73025 -0.18368 0.33729 0.92331 e
183.16778 20.76557 0.14111 -0.03299 0.98944 e
183.41575 6.02233 -0.01969 -0.22135 0.97500 eb
184.17271 14.84726 0.09767 -0.02345 0.99494 e
184.21418 3.90737 -0.42025 -0.05256 0.90589 x
184.49872 4.49629 0.24086 0.32201 0.91559 e
184.91916 1.78310 0.27520 -0.58947 0.75947 eb
185.41844 3.77039 -0.44642 0.02456 0.89448 xb
185.70425 4.98627 -0.14109 -0.30342 0.94235 eb
186.60564 14.45002 -0.15387 -0.08068 0.98479 xb
186.63250 8.92976 0.15068 -0.22496 0.96265 eb
186.81605 1.89373 -0.09620 0.59421 0.79854 eb
187.40467 2.29523 0.01668 -0.56575 0.82440 eb
187.99614 27.89630 -0.07411 0.06072 0.99540 e
189.00800 5.85613 0.29958 0.23316 0.92514 eb
189.17576 2.39417 0.26573 -0.47321 0.83991 e
189.92724 18.30859 0.04685 0.10518 0.99335 e
190.40137 5.38601 -0.29980 -0.20346 0.93205 eb
190.91459 5.47781 -0.23485 0.28520 0.92925 e
191.42273 1.84937 -0.43767 -0.46429 0.76999 e
192.79504 17.00685 0.06728 0.19653 0.97819 e
193.41633 15.24510 -0.17700 -0.12141 0.97669 x
193.85443 7.22476 0.03629 -0.20413 0.97827 e
193.96262 5.07548 -0.35221 -0.16920 0.92050 e
194.72222 10.02414 0.00682 0.11432 0.99342 e
195.09538 2.55432 -0.25400 0.50608 0.82424 e
195.59384 3.35759 0.35426 -0.32550 0.87667 e
196.37549 3.20019 -0.28315 -0.39538 0.87378 eb
198.75116 14.40830 0.13637 -0.00473 0.99065 e
198.81264 6.33253 -0.10253 0.24459 0.96419 e
199.79873 1.52757 -0.37591 -0.51440 0.77077 eb
199.92800 1.40253 0.47820 0.52784 0.70193 xb
201.31950 6.73438 0.23663 0.17028 0.95656 eb
201.44627 1.43656 -0.68410 0.17320 0.70853 e
201.82822 11.22357 0.21634 -0.04496 0.97528 e
202.18796 3.79432 -0.42377 0.12720 0.89679 x
202.63213 1.19792 0.52929 -0.51219 0.67640 x
202.80259 6.86076 0.15680 -0.15660 0.97514 e
203.70105 81.43585 -0.02725 0.02782 0.99924 e
203.98964 0.92405 -0.36830 -0.71603 0.59300 eb
205.36763 1.28967 -0.72206 -0.12834 0.67983 eb
205.99209 7.52640 -0.03124 0.29400 0.95530 xb
207.23392 1.78351 -0.45944 -0.45950 0.76012 eb
208.10591 1.85079 -0.59675 0.19009 0.77959 xb
208.25362 34.47453 -0.02851 0.01107 0.99953 e
208.57019 22.82302 -0.11278 0.10325 0.98824 x
208.99676 13.69375 -0.07129 0.17820 0.98141 e
209.10788 17.95407 0.02110 -0.05857 0.99806 e
210.14986 2.49504 0.42093 0.33422 0.84328 e
210.79266 4.65520 -0.31481 0.22118 0.92302 e
211.17028 6.50502 0.25208 0.25207 0.93430 e
211.62768 9.34567 0.20404 -0.13775 0.96922 eb
211.96100 2.39965 -0.38757 -0.43126 0.81474 e
212.05563 7.64228 0.20096 0.18929 0.96114 xb
213.53178 5.24607 0.29612 0.19420 0.93520 eb
213.93263 17.79831 0.17970 0.02648 0.98336 x
214.42423 17.55884 -0.11881 0.00322 0.99291 x
214.56304 47.51844 0.00117 -0.00022 1.00000 xb
214.74614 17.84443 -0.17462 -0.10249 0.97929 e
215.33798 12.88170 0.04709 0.01397 0.99879 e
215.53675 10.01580 -0.05215 0.08077 0.99537 xb
215.86112 2.08001 -0.61505 0.03293 0.78780 e
216.51983 6.01213 -0.26639 0.12845 0.95527 e
216.95200 29.13569 -0.11887 -0.05357 0.99146 e
217.58810 9.79547 -0.24094 -0.06143 0.96859 e
218.93055 18.82547 -0.08835 0.12946 0.98764 e
219.54416 15.85972 -0.16244 -0.02413 0.98642 x
220.10552 16.11847 -0.08995 -0.13013 0.98741 e
220.14732 10.54736 0.04410 -0.22589 0.97315 eb
221.39646 13.82679 -0.10270 -0.13286 0.98580 eb
221.60243 13.75129 0.19649 0.01705 0.98036 e
221.75636 5.02891 -0.03191 0.28322 0.95852 e
221.96645 7.32942 0.00897 0.31951 0.94754 e
223.65024 10.28954 0.00435 0.17947 0.98375 e
223.91848 14.16514 0.06590 -0.15625 0.98552 eb
224.37875 2.29104 0.01002 -0.57832 0.81575 e
224.46020 7.49570 0.13983 0.05575 0.98860 e
224.48764 11.67248 -0.02634 0.07885 0.99654 eb
224.50685 0.87582 -0.74016 -0.40215 0.53893 eb
224.62340 12.89646 -0.08246 -0.02596 0.99626 x
224.91052 8.01850 -0.23108 0.08040 0.96961 e
224.95774 3.40311 -0.35407 0.31198 0.88165 eb
225.57672 18.56685 -0.04269 -0.08389 0.99556 x
226.44250 8.89835 -0.22851 -0.05905 0.97175 eb
226.58727 4.04943 0.38288 -0.14475 0.91239 eb
226.61832 2.79672 -0.13231 0.52424 0.84123 e
226.97238 7.43403 0.08192 0.24378 0.96636 e
227.12445 23.12598 0.00444 0.09087 0.99585 e
227.47740 1.61333 -0.66478 0.15806 0.73013 x
227.60916 5.04548 -0.23334 0.04765 0.97123 e
228.16626 8.74774 -0.14051 -0.25071 0.95781 xb
228.85521 7.25372 0.23806 -0.10984 0.96502 eb
228.85865 3.26538 -0.44788 -0.18821 0.87406 eb
229.07750 2.30901 0.03418 0.57820 0.81518 e
229.20335 4.27287 0.33876 -0.19096 0.92129 e
229.69238 11.38463 -0.11806 0.16447 0.97929 eb
230.06316 2.46610 0.43377 -0.36033 0.82584 eb
231.63677 21.38149 -0.11343 0.05442 0.99205 e
231.91249 16.69233 0.14299 -0.08719 0.98588 e
232.59859 9.28065 -0.26747 0.10646 0.95767 x
232.69506 4.01980 -0.36071 0.18292 0.91457 e
233.08107 1.60444 -0.11593 -0.54890 0.82781 x
233.19792 3.52529 0.43939 -0.04949 0.89693 e
233.32461 14.92640 -0.00644 0.14692 0.98913 e
233.70733 5.58581 0.05001 -0.30857 0.94989 e
234.19845 1.49651 0.19227 -0.65888 0.72726 e
234.31787 21.30247 -0.07548 -0.00866 0.99711 e
234.70001 13.35273 -0.09726 -0.16862 0.98087 e
235.87100 7.09547 0.23413 -0.13384 0.96295 e
235.95869 1.47835 0.37583 0.56831 0.73197 eb
236.50561 28.39512 -0.01598 0.07322 0.99719 e
239.50782 12.37276 -0.13874 0.06029 0.98849 xb
240.38050 9.30104 -0.14694 -0.06620 0.98693 eb
241.29318 7.25662 -0.00092 -0.22276 0.97487 eb
243.46785 6.95329 -0.19487 0.03799 0.98009 x
244.15297 18.45844 0.10687 -0.08416 0.99070 xb
244.42099 3.30044 -0.47181 0.03037 0.88118 eb
247.09631 2.15839 -0.14226 -0.51326 0.84636 e
248.84622 7.06218 -0.28507 0.13528 0.94891 e
249.03414 6.67035 0.17330 0.13109 0.97611 eb
251.58884 7.47722 0.02488 0.29808 0.95422 xb
252.29318 14.42285 -0.13964 0.12878 0.98179 e
252.38925 44.67059 0.03584 -0.07373 0.99663 e
252.55179 1.78081 0.34628 0.54252 0.76535 eb
253.56387 5.21178 -0.30941 -0.05876 0.94911 x
253.60706 1.91470 0.56301 -0.24957 0.78787 eb
254.15199 3.83965 0.05552 -0.43002 0.90111 e
257.12406 4.93084 0.28612 -0.27612 0.91755 e
257.29789 8.57862 0.08061 -0.10763 0.99092 e
257.70868 29.25425 -0.01988 0.13230 0.99101 x
258.63228 26.00540 0.01617 0.00038 0.99987 e
259.29214 23.02336 0.03398 -0.10780 0.99359 e
260.63778 11.33265 -0.11409 -0.04459 0.99247 eb
262.68910 6.36045 0.28155 -0.14439 0.94862 eb
265.89252 6.82127 0.06190 -0.20360 0.97710 eb
266.65656 3.60269 0.16037 -0.41883 0.89379 e
270.91188 0.96342 0.73944 -0.35637 0.57116 e
272.69401 5.35510 0.32800 0.12976 0.93572 eb
273.74804 14.26179 -0.03978 0.22233 0.97416 eb
276.61529 8.61929 0.16820 0.01491 0.98564 eb
278.54780 5.97975 0.20248 -0.28923 0.93560 e
279.09588 3.20246 0.46807 0.01451 0.88357 eb
281.44619 19.29758 -0.02365 0.17057 0.98506 x
282.23247 17.89323 0.06369 0.06841 0.99562 e
283.57135 14.08082 0.05118 0.07335 0.99599 e
283.95607 1.77718 -0.60928 0.16670 0.77524 e
284.21713 10.66262 0.13487 0.03469 0.99026 eb
284.88663 2.60242 0.41063 0.30416 0.85957 eb
285.32354 13.65489 -0.01090 0.17586 0.98435 eb
286.27966 11.21266 0.04677 0.14829 0.98784 e
287.45981 13.21612 -0.01400 0.21326 0.97689 e
287.76651 20.83523 -0.13352 0.07577 0.98815 x
287.95827 4.63578 -0.32002 0.09175 0.94296 e
288.00369 4.14827 0.26708 -0.31497 0.91075 e
288.13090 8.47223 -0.25963 -0.09525 0.96100 eb
288.43585 2.06932 0.32384 -0.46849 0.82198 e
289.67685 3.15306 -0.11425 0.46962 0.87544 e
291.23771 1.74283 0.04542 -0.55666 0.82950 e
291.62125 3.97305 0.41732 -0.17893 0.89097 e
291.77107 9.84721 0.03184 0.14301 0.98921 e
291.77637 15.00988 0.02502 0.04280 0.99877 e
293.51130 5.91008 0.29925 0.16662 0.93952 eb
293.82522 4.55206 0.27341 -0.22916 0.93420 x
295.88647 24.64283 0.13075 -0.01742 0.99126 eb
298.03918 3.72459 0.40810 0.03701 0.91219 eb
299.06522 10.37281 -0.24222 -0.09193 0.96586 eb
300.13937 7.94078 -0.28926 0.11311 0.95054 eb
300.43343 12.71821 0.05676 0.04321 0.99745 e
301.33112 6.98226 -0.13311 -0.29275 0.94688 e
301.70183 24.10876 0.07981 -0.10288 0.99149 eb
303.39807 13.73776 0.10651 0.12118 0.98690 e
304.58444 4.18758 -0.16318 0.36544 0.91642 eb
305.01576 0.88488 -0.84673 -0.08108 0.52581 x
305.03547 7.10626 -0.08759 -0.30244 0.94913 e
305.89810 2.52970 -0.51178 0.15486 0.84505 xb
306.40961 40.93222 -0.02503 -0.01786 0.99953 e
307.08533 4.21965 -0.39239 -0.11570 0.91249 e
307.52525 5.30200 0.29645 -0.02671 0.95467 eb
308.27532 30.62554 0.05954 -0.01443 0.99812 eb
308.39165 2.87250 -0.42143 -0.26271 0.86798 eb
308.73103 3.79858 0.07080 0.45258 0.88891 eb
310.37135 5.41930 -0.00745 -0.34067 0.94015 e
311.18300 8.51234 0.11730 0.21843 0.96878 eb
311.74060 0.93963 -0.36563 0.74133 0.56280 eb
312.21415 18.82327 0.09508 -0.14830 0.98436 eb
313.07726 5.13582 -0.36237 -0.11931 0.92437 e
313.23251 18.44018 0.11816 0.03405 0.99241 e
314.42947 19.66871 -0.04499 -0.06179 0.99707 e
316.01264 2.20885 -0.38778 -0.45182 0.80342 eb
316.79269 6.66089 0.29996 0.14743 0.94249 e
317.94068 3.82432 0.02518 -0.42795 0.90345 e
320.70510 9.14102 -0.09659 0.25451 0.96223 eb
320.81243 8.29904 0.26723 -0.10808 0.95755 e
320.86032 3.29396 -0.41610 0.18926 0.88940 xb
320.87117 30.21973 -0.10269 -0.06517 0.99258 e
324.67230 1.35621 -0.70879 -0.13621 0.69214 eb
324.82042 5.07305 -0.18726 0.19254 0.96325 e
326.02054 10.35869 0.19740 0.11040 0.97409 eb
326.35275 31.77686 0.05613 0.00713 0.99840 e
326.72024 25.90481 0.12575 0.05874 0.99032 eb
328.86206 1.87805 -0.26429 -0.59168 0.76162 eb
329.19315 11.63225 -0.13648 0.05558 0.98908 e
330.40704 18.44355 -0.14263 -0.02799 0.98938 e
330.47991 29.34152 0.05614 0.05288 0.99702 e
332.53691 12.64447 -0.14242 0.07102 0.98726 e
332.86034 2.71814 -0.14778 0.45820 0.87648 eb
333.00863 0.85792 0.17876 -0.83577 0.51916 eb
333.43936 24.21759 0.06551 0.04743 0.99672 xb
334.02632 8.28744 0.27759 -0.06116 0.95875 eb
334.65735 11.42502 -0.23100 -0.09907 0.96790 e
335.87694 7.38548 0.25003 -0.08308 0.96467 e
336.26048 3.99145 0.24610 0.36492 0.89792 xb
336.96008 3.26468 -0.29127 -0.07568 0.95364 e
337.80891 11.12919 -0.08506 -0.22554 0.97051 x
337.95501 15.35943 0.04159 -0.04289 0.99821 xb
339.23692 4.32087 0.40029 -0.01553 0.91625 eb
339.53826 25.57856 -0.08188 -0.03066 0.99617 e
339.71914 5.88379 -0.14120 0.10009 0.98491 eb
340.09933 23.93188 -0.13890 0.03139 0.98981 e
340.90154 8.28468 -0.24237 0.10574 0.96440 e
342.20493 2.46521 -0.21222 0.50920 0.83407 xb
342.28627 22.59832 -0.09847 0.04033 0.99432 e
342.46023 25.28641 -0.00717 0.09999 0.99496 e
342.74807 12.25408 0.02990 -0.23344 0.97191 e
342.91046 26.93572 -0.03842 0.12568 0.99133 x
343.70690 6.30415 -0.23020 -0.20589 0.95112 eb
343.79558 12.45950 -0.02681 0.20728 0.97791 e
345.42487 3.09552 0.22840 0.45128 0.86266 eb
345.65420 27.33935 0.02105 0.01403 0.99968 e
345.74768 11.66820 -0.12005 0.21957 0.96818 e
346.72488 2.20854 -0.17214 0.56214 0.80893 eb
347.13899 5.91465 -0.22557 0.20220 0.95301 e
348.11346 20.45709 0.01947 -0.14496 0.98925 eb
349.03939 12.22240 -0.14920 -0.20063 0.96824 eb
350.76514 9.99004 -0.23322 -0.11303 0.96583 e
351.43552 21.38107 -0.16601 0.02436 0.98582 e
352.14046 15.79335 -0.07566 0.07774 0.99410 e
352.55299 1.46523 0.48556 -0.50292 0.71506 eb
354.65370 27.23419 -0.03029 -0.02295 0.99928 e
354.74372 3.74449 0.25784 -0.20982 0.94313 e
356.11382 45.15933 0.01988 -0.02368 0.99952 x
358.28518 12.62469 0.10210 -0.16984 0.98017 e
358.59650 68.15957 0.02520 0.01968 0.99949 eb
359.00718 10.55803 -0.11263 0.05019 0.99237 e
359.83147 11.74020 -0.07296 0.00912 0.99729 eb
361.47515 4.18318 -0.08945 0.39402 0.91474 e
363.36828 5.03941 0.34536 -0.01291 0.93838 e
364.54843 19.48668 -0.12807 0.10926 0.98573 e
365.09837 4.13056 0.15170 -0.39754 0.90496 eb
365.88749 6.03135 -0.09465 0.34971 0.93206 eb
367.36586 18.45243 0.03942 -0.02763 0.99884 xb
368.63019 26.74577 -0.04385 0.04557 0.99800 e
376.00306 11.38620 0.11160 0.06015 0.99193 x
376.24105 3.18755 -0.46021 0.17023 0.87134 xb
376.55865 2.77167 0.37324 0.37489 0.84862 e
379.41499 10.77214 0.04981 0.13209 0.98999 eb
380.84230 5.99942 0.22590 -0.15925 0.96104 eb
383.54826 16.17385 -0.17303 -0.03767 0.98420 e
384.09650 2.77198 -0.40971 0.33486 0.84853 e
388.85692 10.35754 -0.10920 0.14013 0.98409 eb
388.92867 2.82323 -0.29625 -0.38401 0.87451 e
389.18719 3.19355 -0.07417 -0.47892 0.87472 eb
391.05818 10.37834 0.05699 -0.21638 0.97464 eb
396.41009 1.29174 -0.01389 -0.71745 0.69647 eb
399.23725 6.22159 -0.21248 -0.20414 0.95560 e
405.20574 5.90849 -0.20622 -0.27344 0.93952 xb
405.60006 1.00417 0.17247 0.79601 0.58019 eb
406.02378 4.42357 0.13768 0.38066 0.91441 eb
409.54745 6.78476 -0.26745 -0.07504 0.96065 xb
410.08689 4.27663 -0.31131 0.15419 0.93772 xb
410.40546 11.41656 0.14219 0.08289 0.98636 e
412.72000 11.42930 0.05368 0.12158 0.99113 e
413.66081 5.06864 -0.35379 -0.12299 0.92720 e
413.80873 13.95131 0.20222 -0.06818 0.97696 e
416.79312 43.84362 -0.02648 0.03731 0.99895 e
419.20088 7.74885 0.13621 0.09886 0.98573 e
419.82235 2.68168 0.24694 0.45749 0.85424 x
421.28509 2.43127 -0.47660 0.22563 0.84967 e
423.91032 1.49887 -0.66526 0.15929 0.72942 eb
426.41106 3.68325 -0.41416 0.20464 0.88690 eb
426.64182 0.91086 0.42110 -0.72596 0.54374 eb
431.12151 4.60919 -0.30263 0.22857 0.92530 e
431.65219 2.91982 -0.37665 0.02787 0.92594 e
436.14249 7.56353 -0.09261 -0.07773 0.99266 xb
439.90301 6.37723 0.15547 -0.08883 0.98384 e
440.44070 3.21001 0.45375 -0.11308 0.88392 eb
441.07509 3.23121 0.46243 0.05661 0.88485 e
441.31421 12.08393 -0.19039 0.11678 0.97474 eb
444.58478 8.35158 0.11279 0.03464 0.99301 xb
446.27857 15.39547 -0.05464 -0.00121 0.99851 e
450.46278 4.39077 0.06931 -0.39882 0.91441 eb
450.94335 8.82672 -0.15576 0.04974 0.98654 e
455.78682 3.50061 0.33822 0.25239 0.90659 eb
456.96226 1.12093 0.29416 0.69892 0.65191 eb
461.50051 6.27619 -0.34022 0.01993 0.94013 xb
461.68911 3.72239 0.31736 0.23402 0.91897 e
463.15745 16.23125 0.16624 -0.09110 0.98187 e
465.99206 1.86831 0.42820 -0.45370 0.78154 eb
467.23180 6.13236 -0.22055 0.08462 0.97170 xb
469.33795 1.26727 -0.17462 0.71258 0.67951 e
471.65321 5.26606 0.00425 -0.35706 0.93407 e
472.74393 5.95959 0.11767 -0.33674 0.93422 eb
475.14973 3.54989 -0.15832 0.41812 0.89449 e
477.83881 6.70826 -0.28080 0.16663 0.94519 e
480.82680 13.16612 0.10938 -0.15189 0.98233 e
484.64299 16.63536 0.05824 -0.11503 0.99165 e
488.83385 4.34336 0.08584 -0.34579 0.93438 e
489.32668 15.99487 0.09037 -0.02586 0.99557 e
490.84335 6.03650 0.17504 -0.32500 0.92937 e
492.88875 5.76939 0.25468 0.19271 0.94763 e
493.32558 16.80173 -0.16070 0.00748 0.98697 e
493.97684 4.45259 0.37976 -0.18418 0.90656 eb
496.48877 5.84136 -0.28306 0.16055 0.94557 eb
496.64300 5.06364 0.18066 -0.33023 0.92645 x
497.26311 4.22787 0.39735 0.17937 0.89996 x
497.93182 9.53749 -0.13824 -0.15634 0.97798 e
498.69044 6.63072 0.05596 -0.24265 0.96850 e
499.22752 3.83588 0.42186 0.18897 0.88675 x
503.83109 1.81436 -0.20437 0.61518 0.76144 x
504.49658 11.74260 -0.04532 -0.12593 0.99100 xb
513.30845 4.34786 -0.18739 -0.33924 0.92185 eb
519.54648 18.46902 0.02531 -0.07469 0.99689 x
519.98503 24.04062 0.04902 0.10104 0.99367 e
520.87761 4.27966 -0.28572 0.30733 0.90769 xb
526.64346 3.03475 -0.44485 -0.00588 0.89558 e
530.57035 2.75721 0.45011 -0.08521 0.88890 e
531.49166 10.75474 -0.11804 -0.16405 0.97936 e
534.49722 4.95528 0.11786 0.38996 0.91326 e
537.71371 5.84531 0.11603 -0.27940 0.95314 e
541.98774 16.80558 -0.14204 0.03934 0.98908 e
543.26770 18.62081 0.01133 0.10874 0.99401 e
543.50552 28.55974 0.03256 0.06522 0.99734 e
546.25147 1.32536 -0.70819 0.04164 0.70479 e
547.96725 20.01565 -0.07982 -0.07487 0.99399 e
548.65562 9.38535 0.12976 0.07766 0.98850 e
549.41887 1.66390 -0.47536 0.46114 0.74926 eb
550.34508 4.65463 -0.31197 0.22222 0.92374 x
551.80065 15.79284 0.10844 -0.06282 0.99212 e
556.01265 11.28339 0.15045 0.16584 0.97461 e
557.99325 3.09490 0.09960 -0.45703 0.88386 e
564.06563 16.73594 0.00800 -0.04506 0.99895 e
565.51821 6.05341 -0.09494 -0.11555 0.98875 e
571.28341 8.43272 -0.20712 -0.10199 0.97298 eb
572.43142 1.19820 0.51994 -0.55037 0.65326 xb
577.09947 3.54396 -0.20376 -0.42835 0.88034 xb
578.28894 13.29349 0.01830 -0.18327 0.98289 e
583.74599 14.72729 0.05482 -0.12239 0.99097 e
590.52579 8.01097 -0.22320 0.11880 0.96751 e
594.55604 3.07233 -0.43057 -0.17726 0.88498 e
603.01139 6.31861 -0.21514 0.26315 0.94046 e
604.07036 9.61898 -0.07212 -0.14688 0.98652 e
615.88324 8.60092 0.00545 0.02211 0.99974 e
616.84184 3.85996 -0.03605 0.42252 0.90564 e
619.61235 9.88335 0.18710 0.12272 0.97465 eb
619.70081 3.32223 0.00237 -0.39079 0.92048 x
623.03314 0.86789 -0.74144 -0.38770 0.54768 eb
624.23960 2.64274 0.52298 -0.00696 0.85232 e
627.39877 3.75088 -0.08021 -0.44661 0.89112 e
629.65010 3.07953 -0.36504 -0.30784 0.87862 eb
634.62875 4.99974 -0.05034 -0.17974 0.98243 x
642.70681 2.51435 -0.14879 0.43541 0.88785 eb
642.87451 10.50599 0.05648 -0.11917 0.99127 e
644.78677 11.87584 -0.08556 0.18835 0.97837 xb
645.61714 11.82529 0.07112 0.11375 0.99096 e
647.99278 19.33004 0.10140 0.03515 0.99422 e
649.01430 1.64586 0.58199 0.23080 0.77976 eb
654.37337 4.69056 -0.29637 -0.22491 0.92821 e
655.21757 7.46943 -0.08266 0.14387 0.98614 e
657.58784 11.06968 -0.09532 -0.08171 0.99209 e
657.85472 3.20332 0.49925 0.03491 0.86576 e
661.29867 4.72099 -0.25292 -0.25634 0.93291 eb
661.56703 9.29457 0.13504 0.16689 0.97668 e
662.22595 3.58003 0.31920 -0.32719 0.88941 eb
663.86843 20.64745 -0.00975 0.10976 0.99391 e
664.99367 5.45998 0.36470 -0.02928 0.93066 eb
665.47718 3.74269 -0.16345 -0.34981 0.92245 eb
666.88457 3.91906 0.28215 0.08759 0.95536 e
673.84017 28.28431 0.07595 0.04821 0.99595 e
675.57604 3.28721 0.29886 -0.38681 0.87239 x
678.77053 3.15829 0.21374 -0.44701 0.86862 e
682.89882 4.87512 0.31790 -0.21869 0.92256 e
683.32151 10.50078 -0.08780 -0.16661 0.98211 e
685.13855 2.49806 0.55076 0.00837 0.83462 eb
688.16660 1.66114 0.46346 0.46396 0.75495 eb
691.67208 4.50523 0.32461 0.21859 0.92024 e
697.35699 4.00022 0.27524 -0.24126 0.93061 e
704.46301 5.63134 -0.18819 -0.20712 0.96005 e
704.91316 31.01766 -0.06367 0.03535 0.99734 xb
706.15426 9.54540 0.21517 0.07255 0.97388 e
707.34098 3.86056 -0.35566 0.16722 0.91953 e
716.48257 3.98168 0.07398 0.39569 0.91540 eb
721.23746 12.19954 -0.07839 0.07758 0.99390 xb
725.46021 1.01108 0.75381 0.15324 0.63897 eb
726.06377 9.78741 0.06170 -0.10098 0.99297 eb
733.72022 13.28765 -0.05372 0.00500 0.99854 e
739.82890 1.12485 -0.59647 -0.49786 0.62957 eb
746.93017 17.67994 -0.00421 -0.08754 0.99615 e
747.94094 0.84087 -0.83368 -0.22438 0.50460 e
757.05602 7.87868 0.12782 -0.21706 0.96775 eb
758.45618 1.83185 -0.16259 -0.53741 0.82750 e
762.71414 0.80866 -0.57709 -0.64999 0.49445 e
762.79769 21.99530 0.02231 0.11201 0.99346 e
763.60300 3.51416 -0.10775 -0.45899 0.88188 e
771.48724 3.79866 0.25184 0.32038 0.91320 eb
779.71953 1.14732 -0.55409 0.49021 0.67282 eb
783.32233 17.19462 -0.09818 -0.01040 0.99511 e
783.67448 3.13786 0.40129 0.17056 0.89993 eb
783.92915 18.86285 0.09914 -0.10199 0.98983 x
784.73964 15.53726 0.14610 -0.05154 0.98793 e
793.23608 3.97349 0.21104 -0.30077 0.93005 e
794.20383 2.22494 0.56232 -0.15123 0.81297 e
799.45890 3.46669 0.39724 0.22299 0.89021 e
806.92026 2.08908 -0.47613 0.23388 0.84771 e
810.85728 2.21346 -0.13236 -0.55568 0.82079 xb
814.77675 9.56402 0.15562 0.13052 0.97916 e
816.34077 5.42221 -0.33106 0.17147 0.92790 x
825.06260 8.86274 0.12041 -0.17133 0.97783 e
828.62299 1.87862 0.26180 -0.57313 0.77652 eb
830.92652 8.81128 -0.24607 0.09473 0.96461 e
832.32988 1.69852 -0.65712 -0.03623 0.75291 e
836.03143 3.77581 -0.30830 0.32294 0.89479 e
839.89619 5.66385 0.30319 -0.16970 0.93770 e
842.78644 17.83433 -0.07008 -0.05852 0.99582 e
843.34489 5.76346 -0.03738 -0.31828 0.94726 e
851.61786 12.56472 -0.05066 0.15262 0.98699 e
855.58836 2.33449 0.13419 -0.55999 0.81756 eb
856.32810 4.60490 -0.26879 0.30512 0.91359 e
859.59857 1.44822 0.46042 -0.53895 0.70537 e
861.74781 0.93541 -0.81866 -0.04101 0.57281 xb
862.28885 19.37773 -0.05261 0.06722 0.99635 e
865.61796 1.48214 -0.65451 0.21820 0.72388 e
867.32116 13.64727 0.17676 0.03655 0.98357 eb
870.20389 5.00679 0.26193 0.22341 0.93887 eb
873.67752 1.67524 -0.60489 0.24891 0.75641 eb
881.20699 4.19043 0.32570 0.13772 0.93539 e
881.44963 9.44771 0.06169 0.17615 0.98243 e
881.91823 5.11405 0.19882 0.04009 0.97922 eb
885.62550 2.10492 0.22545 0.52365 0.82156 x
885.75262 6.26244 -0.26734 -0.12322 0.95569 e
887.63086 9.30641 -0.10785 -0.12180 0.98668 e
888.55278 1.36551 0.51381 0.47307 0.71569 eb
893.51145 9.61137 0.17100 -0.02214 0.98502 e
902.14561 1.30389 -0.23521 0.67242 0.70180 e
903.05126 12.40922 -0.02543 0.19813 0.97985 e
903.69089 0.89460 0.52194 -0.66169 0.53827 eb
905.88003 8.34535 -0.16126 0.13605 0.97749 e
909.26463 6.19899 -0.15007 0.20030 0.96817 e
910.56830 8.61422 0.07147 0.06822 0.99511 eb
918.38212 13.21222 0.10646 -0.18283 0.97736 e
920.12503 7.82946 -0.14033 0.02245 0.98985 e
920.40255 14.61193 -0.05027 0.16939 0.98427 e
928.65295 12.95208 0.11944 0.04734 0.99171 x
931.39283 3.96038 -0.27559 -0.29636 0.91445 e
948.75968 10.40330 -0.01063 0.16174 0.98678 e
950.98800 1.74749 0.48408 0.40824 0.77396 eb
958.22853 16.33185 0.05701 -0.04406 0.99740 e
958.68513 8.03611 0.20439 -0.09457 0.97431 x
966.20046 4.07020 -0.21537 -0.27316 0.93755 e
968.86902 10.65989 0.04087 0.14294 0.98889 e
970.93080 1.10701 0.71531 -0.29479 0.63359 eb
977.76299 19.63698 0.12629 0.08353 0.98847 xb
1009.14930 5.01745 -0.12906 -0.29554 0.94657 e
1011.42507 5.42929 -0.24225 -0.08828 0.96619 e
1014.16877 5.99734 -0.15249 0.18131 0.97153 e
1018.44109 2.31249 -0.16727 0.49477 0.85277 e
1022.36423 4.52779 0.11921 -0.35039 0.92899 eb
1022.47512 13.83146 -0.09389 -0.09431 0.99111 x
1024.18605 6.88160 -0.22517 -0.10464 0.96868 e
1027.98229 3.80918 0.06572 -0.42521 0.90271 e
1028.38210 1.26160 0.62866 -0.32765 0.70528 e
1028.98342 2.75529 0.37260 0.35522 0.85731 e
1030.59016 8.21147 -0.03593 0.12011 0.99211 e
1030.73461 14.54593 0.09592 0.10176 0.99017 x
1031.19163 16.49209 -0.11794 0.08809 0.98911 x
1037.30032 13.95261 0.15002 0.06653 0.98644 x
1039.42164 1.87446 -0.60254 0.15867 0.78216 x
1044.70328 1.07348 0.77191 -0.12791 0.62273 xb
1045.67000 7.11601 0.20468 -0.20541 0.95703 e
1046.59366 7.37795 0.24936 -0.08296 0.96485 eb
1046.82361 10.57489 -0.07564 -0.19722 0.97744 e
1051.80105 5.84981 0.08351 0.28152 0.95591 eb
1058.01643 2.34830 -0.44647 0.35850 0.81984 x
1065.76135 8.38751 -0.14213 -0.20048 0.96933 e
1068.60440 9.45834 0.08640 0.22941 0.96949 eb
1068.93941 5.87427 -0.01098 -0.36834 0.92963 x
1073.07455 2.91717 0.37818 -0.23903 0.89434 eb
1074.23656 7.86477 0.03084 0.03138 0.99903 xb
1074.44511 13.02510 -0.15610 -0.12801 0.97941 e
1083.21977 26.54307 0.07010 -0.11051 0.99140 xb
1087.66401 3.15539 0.22794 0.40599 0.88500 eb
1091.48444 3.41892 -0.40541 -0.18936 0.89431 xb
1092.00277 2.98962 -0.35876 -0.06468 0.93119 e
1092.40100 4.28459 -0.19030 0.27724 0.94177 x
1094.67188 6.46934 0.02575 -0.16556 0.98586 e
1096.65563 1.10208 0.34682 -0.66435 0.66209 e
1097.48814 1.79694 -0.07799 -0.62543 0.77637 e
1098.67079 17.88147 0.01896 -0.02945 0.99939 e
1099.00570 2.71614 -0.03928 -0.52606 0.84954 x
1100.52789 8.26261 0.03438 0.22657 0.97339 e
1102.77469 1.79816 -0.22041 0.60507 0.76506 x
1108.05530 6.11599 0.22908 -0.05737 0.97172 eb
1115.10993 9.24008 -0.01283 0.12432 0.99216 xb
1121.36297 10.76498 0.19426 0.03707 0.98025 e
1124.55585 3.10750 -0.31005 0.05945 0.94886 x
1130.73760 11.87504 0.03098 0.20668 0.97792 xb
1131.49404 2.29012 0.54137 0.13108 0.83051 x
1131.57299 2.86396 0.03278 -0.50955 0.85982 eb
1135.19428 18.88556 0.09280 0.08614 0.99195 x
1137.96990 13.95032 -0.04274 -0.08826 0.99518 e
1139.82906 4.91525 0.01927 -0.26808 0.96320 e
1141.91974 1.14812 -0.65580 0.35771 0.66481 e
1144.20576 13.44836 -0.00151 -0.21579 0.97644 xb
1145.69149 6.08640 -0.29315 -0.18018 0.93893 e
1147.35204 7.72913 0.06917 0.11506 0.99095 e
1160.15337 1.44509 0.61610 0.13912 0.77529 x
1163.05920 17.83698 0.08928 0.10653 0.99029 xb
1164.33332 8.82621 -0.05382 0.14538 0.98791 e
1175.68073 7.70767 0.19326 -0.19439 0.96170 eb
1177.66366 4.23750 -0.07370 -0.36340 0.92871 e
1177.95535 2.25250 0.20075 0.50767 0.83784 e
1183.57694 15.96956 -0.03933 -0.09842 0.99437 xb
1184.55176 9.32975 0.02245 0.18658 0.98218 e
1191.69421 7.04797 0.22046 -0.24844 0.94323 x
1197.08198 11.07085 -0.13614 -0.06628 0.98847 e
1198.51208 9.83918 0.03326 -0.22759 0.97319 e
1200.93226 1.46775 0.21141 -0.63364 0.74418 e
1217.66219 4.08067 0.39935 -0.14549 0.90518 xb
1219.76924 1.44463 -0.59569 -0.29023 0.74895 x
1224.43893 2.12511 0.44910 0.25012 0.85776 e
1229.98689 6.62975 -0.18629 -0.19447 0.96306 x
1231.92398 0.81570 0.25425 0.83239 0.49243 e
1236.63928 1.62212 -0.54788 0.36446 0.75299 eb
1237.38482 1.89229 -0.60218 -0.15113 0.78392 eb
1238.21504 8.94996 -0.20470 -0.04731 0.97768 xb
1246.91342 2.83471 -0.11156 0.39167 0.91332 xb
1261.92807 13.04146 -0.05462 0.10724 0.99273 e
1273.30734 15.91391 0.05409 -0.03856 0.99779 e
1274.52499 17.34651 -0.15760 -0.06777 0.98518 e
1275.54485 1.29684 -0.27412 -0.64041 0.71744 e
1275.72660 2.34329 0.41308 -0.37472 0.83003 e
1277.84940 10.69446 -0.18709 0.05706 0.98068 xb
1278.38170 5.04006 0.29926 0.17594 0.93781 e
1278.78656 2.53862 -0.12267 0.42352 0.89754 x
1286.94093 4.33788 0.38728 0.07926 0.91855 eb
1287.79370 1.65519 -0.41831 0.49614 0.76083 eb
1291.13975 9.16471 -0.07205 0.25908 0.96316 e
1292.64534 1.17213 0.14479 -0.73485 0.66259 xb
1296.21869 2.35427 -0.07431 0.50590 0.85938 e
1296.23223 28.95751 -0.03996 -0.05058 0.99792 x
1299.94821 4.70237 -0.19543 -0.30454 0.93223 e
1303.08545 2.80955 -0.04902 -0.48985 0.87043 e
1308.42606 8.25551 -0.19646 0.04990 0.97924 eb
1308.49623 8.36940 -0.23062 -0.13756 0.96327 xb
1308.57176 4.66572 -0.07595 -0.36364 0.92844 x
1312.05798 22.67086 -0.04876 0.11384 0.99230 xb
1314.03251 11.06467 0.11285 0.00674 0.99359 x
1318.81958 7.16989 -0.10952 0.12560 0.98602 x
1322.27580 1.45012 0.34597 0.56842 0.74646 eb
1322.71829 0.94888 -0.34960 -0.73353 0.58285 xb
1324.77260 0.86752 0.28660 -0.79729 0.53121 e
1329.90958 2.14529 -0.03322 0.51605 0.85591 xb
1331.97928 24.60631 0.02369 -0.07081 0.99721 x
1332.57000 2.16744 -0.19741 -0.56559 0.80071 x
1343.26122 7.67519 0.25097 -0.11852 0.96071 eb
1347.27611 10.11851 0.07664 0.23812 0.96821 x
1350.71678 8.12131 -0.25313 -0.11464 0.96061 e
1353.33692 5.92508 -0.24397 -0.19689 0.94959 eb
1356.62451 3.09986 -0.32984 -0.35631 0.87421 e
1364.56459 10.86778 0.20583 0.10943 0.97245 e
1369.20032 1.16935 -0.63980 0.39318 0.66035 e
1372.79715 1.50082 -0.60865 0.27455 0.74442 e
1374.32930 2.42991 -0.35082 0.06597 0.93412 xb
1375.53146 9.48499 -0.02079 0.15227 0.98812 xb
1376.23958 7.92114 -0.18357 0.09286 0.97861 e
1381.81118 2.03410 0.09084 0.46426 0.88103 e
1385.22831 9.68579 0.11217 -0.03640 0.99302 e
1402.44845 7.29387 0.13415 -0.23679 0.96225 e
1407.20236 5.36303 0.25557 0.15999 0.95346 e
1409.81964 11.77629 0.04370 0.11805 0.99205 x
1410.75671 3.82008 0.21335 -0.39648 0.89291 xb
1412.43931 13.92459 0.19079 0.00636 0.98161 xb
1419.32245 2.04305 -0.54118 0.04311 0.83980 x
1425.71625 1.90810 0.53106 -0.23820 0.81317 eb
1431.05183 6.75553 0.01835 -0.07298 0.99716 e
1441.62600 4.20415 0.24643 0.15268 0.95706 e
1443.87727 8.20811 -0.21912 0.16731 0.96125 x
1447.29852 6.51374 0.19978 0.19158 0.96093 e
1453.15504 1.12056 0.03070 -0.74246 0.66918 e
1454.92630 7.38476 -0.08875 -0.09433 0.99158 e
1460.47999 9.70115 0.18545 -0.04020 0.98183 xb
1462.80562 18.23566 -0.10880 0.11595 0.98728 x
1463.80599 1.32620 -0.70842 -0.12547 0.69455 e
1466.84746 2.68897 0.47278 -0.25973 0.84204 x
1469.07809 0.96769 0.37185 0.70650 0.60214 xb
1477.64535 4.27240 0.41008 -0.09607 0.90698 e
1477.65939 6.09437 0.12709 0.29543 0.94687 x
1486.88247 9.54902 0.04586 0.24717 0.96789 xb
1487.59754 6.10054 0.27462 0.07498 0.95863 e
1495.45237 6.30379 0.31154 0.04306 0.94926 e
1509.73864 16.84728 0.02840 0.01845 0.99943 x
1519.06960 9.80610 -0.19998 0.03466 0.97919 e
1520.76533 3.47132 0.26260 0.29185 0.91971 e
1521.93053 9.30142 0.10676 -0.13535 0.98503 x
1523.96298 9.46529 0.04743 -0.09207 0.99462 x
1528.81684 9.31037 -0.01595 -0.20441 0.97876 e
1529.84851 2.42149 -0.41746 0.31961 0.85063 eb
1530.24825 2.18329 0.12180 0.55019 0.82611 e
1531.66016 6.10689 0.21342 0.16862 0.96230 e
1533.00312 1.14402 -0.38675 0.66425 0.63968 e
1540.32960 25.80474 0.03771 -0.02049 0.99908 xb
1545.30014 1.07442 0.19893 0.75545 0.62428 e
1546.35485 8.09159 0.14376 -0.14194 0.97938 eb
1563.92187 1.34049 0.19660 -0.67986 0.70650 eb
1563.92473 3.71260 -0.12070 0.40735 0.90526 eb
1565.31787 9.75200 -0.19771 -0.00860 0.98022 e
1573.85149 14.23444 -0.15888 -0.02654 0.98694 x
1581.09952 11.44751 -0.05505 0.05548 0.99694 x
1582.47691 19.92549 -0.03558 -0.01435 0.99926 x
1582.51944 22.54456 -0.04459 0.04644 0.99793 x
1586.65824 5.36197 -0.32527 0.00729 0.94559 x
1587.24085 0.79620 -0.55017 0.57407 0.60643 eb
1601.56999 11.22686 0.13792 -0.10243 0.98513 x
1612.44197 1.45849 -0.06925 -0.69065 0.71987 e
1612.96637 1.04690 0.61573 -0.50479 0.60504 xb
1617.84394 2.21309 -0.20781 -0.43993 0.87366 e
1628.09090 6.69709 -0.05095 0.00058 0.99870 e
1632.76833 17.50622 0.12536 0.02780 0.99172 x
1644.77840 1.39522 0.01909 0.70880 0.70515 xb
1648.71907 6.55850 0.01113 -0.25576 0.96668 x
1652.16362 19.53646 -0.04895 -0.05956 0.99702 e
1664.39986 7.57203 -0.20284 -0.04745 0.97806 x
1671.32665 2.55179 0.21666 0.30530 0.92728 e
1673.35259 5.07016 -0.00463 -0.24387 0.96980 x
1679.00131 3.11202 0.39519 0.23440 0.88819 e
1683.38618 2.34207 0.10470 0.53571 0.83789 eb
1683.81575 3.60569 0.21065 0.28918 0.93381 e
1684.42085 2.23923 -0.02990 -0.56715 0.82307 x
1687.61794 5.64803 -0.02398 0.08997 0.99566 e
1698.56380 13.95961 -0.01454 -0.07837 0.99682 xb
1702.74506 3.24564 -0.47543 0.11714 0.87192 xb
1709.92784 10.85377 0.23972 0.05787 0.96912 x
1710.57575 8.22561 0.19677 -0.05228 0.97906 x
1714.05643 12.86715 -0.07446 0.15847 0.98455 e
1715.33616 0.90969 -0.50536 0.64407 0.57427 eb
1716.96414 12.26795 -0.11064 0.00208 0.99386 x
1719.54472 15.31717 0.03246 0.03868 0.99872 x
1719.85147 23.22408 0.03516 -0.09645 0.99472 xb
1720.02483 6.29662 0.24091 -0.07219 0.96786 x
1728.00547 10.64443 0.12437 -0.17749 0.97623 e
1735.46407 5.84478 -0.03454 0.24549 0.96878 eb
1735.92552 11.01674 -0.05518 0.02231 0.99823 x
1741.48093 12.67252 -0.00265 -0.14573 0.98932 x
1743.14299 11.67776 -0.14844 0.07376 0.98617 x
1749.31749 0.93997 0.56112 -0.59456 0.57588 e
1767.84695 6.33036 -0.05260 0.15400 0.98667 e
1772.88285 5.53481 0.03330 0.34795 0.93692 eb
1775.49685 0.79490 -0.18986 0.85582 0.48117 x
1775.89350 3.55998 0.24004 0.35775 0.90244 x
1786.21939 11.22550 -0.02103 -0.00514 0.99977 x
1794.24126 4.34148 0.27133 0.21067 0.93915 x
1808.68991 22.03568 0.03951 0.01966 0.99903 x
1812.31774 6.45223 0.18581 0.22815 0.95573 eb
1819.46346 5.02000 0.29434 0.21520 0.93116 x
1819.50075 6.05255 0.12973 0.32532 0.93666 eb
1821.76680 3.14549 -0.28133 -0.25461 0.92522 x
1824.04476 1.96651 0.39770 -0.44835 0.80051 e
1830.07002 2.13457 -0.58857 0.13418 0.79723 x
1835.73740 3.39180 0.23417 -0.31510 0.91971 e
1837.59761 8.66636 -0.10924 -0.00063 0.99401 xb
1840.35393 9.99107 -0.00938 -0.22663 0.97394 xb
1842.84498 0.82290 -0.78669 -0.34035 0.51506 xb
1844.12326 2.19455 0.26078 -0.40768 0.87510 e
1850.72947 1.20315 0.60799 0.44872 0.65498 e
1855.50582 2.80936 0.39648 -0.29596 0.86903 eb
1876.67348 17.29285 0.15652 -0.04424 0.98668 x
1878.46045 4.62518 -0.27422 -0.06120 0.95972 e
1886.18280 4.58242 -0.39091 -0.06774 0.91793 eb
1886.33397 3.72624 0.31954 0.31288 0.89443 xb
1896.47869 7.02010 -0.02748 -0.01100 0.99956 e
1898.95314 8.01923 0.23068 -0.15928 0.95991 eb
1902.32499 13.74848 0.14071 -0.11953 0.98281 e
1903.71058 6.56718 0.23950 0.20740 0.94849 e
1912.25290 16.61777 0.05535 -0.12410 0.99073 x
1915.00226 3.64666 -0.38662 0.19030 0.90239 x
1915.83133 5.04019 -0.05121 0.26212 0.96368 e
1917.79995 7.59293 0.08400 0.20949 0.97420 e
1918.09889 1.10711 0.70255 -0.33959 0.62538 x
1926.68905 11.08262 -0.12692 -0.12274 0.98429 e
1936.31094 4.80717 0.33003 0.11463 0.93698 xb
1939.65144 6.65449 0.08068 0.23604 0.96839 x
1941.00895 2.31598 -0.30289 -0.39320 0.86813 e
1941.84989 5.59480 -0.04347 -0.37148 0.92742 e
1948.50638 2.76415 -0.24806 -0.44261 0.86172 eb
1949.40608 5.31093 0.30287 0.04665 0.95189 e
1949.75365 1.17836 -0.73344 -0.17563 0.65668 xb
1958.69550 3.08212 -0.31486 0.21720 0.92395 x
1959.22751 12.60845 0.06926 -0.18706 0.97990 xb
1963.02742 2.17911 0.49646 -0.28909 0.81851 xb
1966.85270 2.46505 0.02076 -0.42083 0.90690 e
1970.85707 7.17182 -0.09414 0.04204 0.99467 x
1974.88082 3.06591 -0.13493 -0.43347 0.89101 e
1979.26993 15.87257 -0.02673 0.03309 0.99910 e
1983.42591 6.45503 0.18681 -0.13336 0.97330 e
1986.49048 1.53639 0.37351 -0.45317 0.80940 eb
1999.05135 11.01619 -0.22626 -0.05593 0.97246 e
2001.58624 7.16459 0.16599 0.11303 0.97963 xb
2002.39762 10.55631 0.16712 0.07535 0.98305 x
2006.25216 1.84959 0.16866 0.60687 0.77670 eb
2008.27141 7.88180 -0.01729 0.06597 0.99767 x
2009.72932 3.27140 0.42787 -0.15898 0.88975 eb
2010.82281 3.66450 -0.10941 0.38601 0.91598 xb
2013.41322 7.71213 -0.05861 -0.04499 0.99727 e
2014.96883 6.04286 -0.16302 -0.22042 0.96169 x
2027.00240 1.33138 0.51268 0.42297 0.74716 eb
2035.63973 2.09107 -0.03352 0.55020 0.83436 x
2038.98272 13.10993 0.06761 -0.17393 0.98243 xb
2042.33007 23.36129 -0.00456 -0.05419 0.99852 e
2044.05441 5.10674 0.16214 0.30025 0.93998 e
2048.31050 1.47046 -0.33588 0.57437 0.74651 e
2052.74461 3.74790 0.27123 0.34823 0.89731 e
2059.40345 1.21376 -0.47628 -0.57268 0.66723 eb
2063.14851 1.26423 0.31353 0.66757 0.67531 eb
2064.35251 13.07639 0.06955 0.10347 0.99220 xb
2073.24513 5.37219 0.19977 0.27188 0.94137 e
2102.02038 10.86710 0.00544 -0.18001 0.98365 e
2104.87254 7.71812 0.09986 -0.06783 0.99269 e
2105.22242 1.37336 0.16607 0.68440 0.70994 x
2106.99754 6.48125 0.23438 -0.21019 0.94915 e
2110.56119 7.54897 0.02068 -0.26738 0.96337 x
2112.28886 1.95461 -0.07316 0.52256 0.84946 e
2117.51097 15.94331 0.05183 0.01419 0.99856 e
2134.72191 36.71318 0.04820 -0.01196 0.99877 x
2135.38897 0.79756 -0.48365 0.71656 0.50262 eb
2146.06217 19.78980 0.01123 -0.00312 0.99993 e
2147.22597 3.58955 -0.32237 0.10809 0.94042 e
2152.86405 3.01462 0.18084 -0.29935 0.93685 eb
2159.38152 2.14582 -0.24355 0.54006 0.80562 eb
2161.77444 2.78247 0.50696 0.00824 0.86193 eb
2165.26336 12.34585 -0.00614 0.09052 0.99588 xb
2168.65285 8.27666 0.25427 -0.13137 0.95817 xb
2190.86548 9.36477 -0.08030 0.19418 0.97767 eb
2196.51787 18.95902 0.00508 -0.13678 0.99059 x
2221.99718 11.80359 0.07105 0.13535 0.98825 e
2229.43752 6.48395 -0.03588 0.29130 0.95596 e
2240.50452 4.26163 0.02282 -0.41635 0.90892 x
2243.18689 6.69462 -0.03691 -0.29585 0.95452 xb
2243.56135 22.69505 -0.04803 -0.06609 0.99666 xb
2245.21246 4.39384 -0.07274 -0.27505 0.95868 e
2256.40250 9.11854 0.15386 -0.09835 0.98319 x
2256.54470 4.61216 -0.36313 0.19192 0.91176 xb
2277.58242 1.07523 0.72446 -0.25732 0.63949 eb
2281.27970 8.47451 -0.03307 -0.17806 0.98346 e
2287.39915 1.34658 -0.70602 0.08617 0.70293 e
2290.38755 11.87067 0.02525 -0.15977 0.98683 e
2294.02528 0.77470 0.08185 -0.87925 0.46928 xb
2298.76609 1.26551 -0.54615 0.39384 0.73933 e
2301.38863 6.75789 -0.20160 0.00718 0.97944 xb
2301.80597 3.71011 -0.27358 0.29404 0.91580 e
2307.20102 9.90321 -0.07210 0.24224 0.96753 xb
2310.60728 2.72109 -0.28471 0.23440 0.92951 x
2311.37972 7.38297 0.15068 0.09548 0.98396 e
2316.36407 1.82343 0.28635 -0.50554 0.81390 e
2319.35029 2.89418 -0.44196 -0.05808 0.89515 e
2324.13564 3.24605 0.44199 -0.13590 0.88666 eb
2324.75068 1.53058 0.12743 -0.65389 0.74578 eb
2331.81345 1.46036 0.65640 0.24884 0.71219 xb
2339.90144 8.50612 -0.25624 0.05844 0.96485 e
2340.79484 3.22374 0.27398 0.38820 0.87991 x
2341.47520 3.80606 -0.22109 0.34237 0.91318 e
2345.71624 2.43088 0.55612 -0.11053 0.82372 x
2347.34737 2.12090 -0.60292 -0.04591 0.79648 xb
2351.31879 6.46379 0.22442 -0.10851 0.96843 e
2354.99819 2.77026 0.43456 0.17987 0.88250 x
2355.88480 5.19158 -0.12082 -0.22821 0.96609 x
2372.98181 1.67402 -0.05185 0.65486 0.75397 e
2373.66214 8.29574 -0.08151 0.09306 0.99232 e
2373.85244 16.06062 -0.09474 -0.11291 0.98908 x
2384.87643 11.08970 -0.09059 0.10288 0.99056 e
2385.20567 4.48467 0.38280 0.17680 0.90676 e
2405.16457 6.27942 0.01254 -0.27464 0.96146 e
2405.73578 1.73727 0.04509 0.65267 0.75630 xb
2410.37577 3.15321 -0.43590 0.24381 0.86634 e
2411.94328 6.02553 0.24666 -0.09828 0.96411 xb
2440.56956 4.29060 -0.14092 0.22706 0.96363 x
2448.21586 14.30130 0.03812 -0.11130 0.99306 x
2448.31878 2.40525 -0.22126 0.51187 0.83008 x
2453.77217 1.08578 0.22783 -0.72967 0.64472 e
2460.99860 3.13739 -0.23176 0.38440 0.89360 e
2462.43748 9.54565 0.21386 -0.07145 0.97425 e
2470.96070 5.27541 -0.01902 -0.13657 0.99045 x
2505.30049 7.08712 -0.00812 0.22430 0.97449 e
2518.88732 12.48285 -0.12925 -0.07924 0.98844 e
2520.31147 4.65444 -0.27173 0.23091 0.93426 e
2524.42412 8.79116 0.09736 -0.14066 0.98526 e
2532.42275 0.98344 0.55640 -0.56296 0.61115 e
2532.43408 4.86871 -0.20487 -0.18602 0.96095 e
2533.45416 3.43525 -0.39039 0.13824 0.91021 e
2536.37481 5.34394 -0.27188 0.06600 0.96007 x
2537.29188 2.82794 -0.10146 0.51610 0.85050 x
2544.50534 3.95578 0.03559 0.41919 0.90720 e
2547.19792 1.79833 0.31129 -0.54932 0.77547 xb
2548.77019 2.24048 0.45902 0.33160 0.82422 e
2553.92975 0.87137 0.45374 0.67921 0.57689 x
2564.42364 3.42904 0.43769 -0.12857 0.88989 xb
2568.51118 5.94434 -0.16321 0.03676 0.98591 eb
2581.81645 13.82022 0.00098 -0.08031 0.99677 x
2582.22964 4.20672 0.33290 0.15818 0.92960 x
2587.02180 6.54830 -0.01652 0.02919 0.99944 xb
2588.94246 5.14453 -0.34117 0.03497 0.93935 x
2605.61832 1.83407 0.39139 0.48894 0.77958 e
2605.65804 2.52061 0.05468 0.50339 0.86233 e
2620.28218 5.92965 -0.22680 0.20864 0.95133 e
2621.50338 9.14312 0.12299 0.03744 0.99170 e
2624.21113 4.39862 -0.06373 0.39462 0.91663 x
2630.77818 2.91312 -0.38835 -0.14325 0.91031 xb
2632.24515 9.11535 0.00300 0.12709 0.99189 e
2632.63628 4.94986 0.16479 -0.33303 0.92840 x
2633.76216 1.00698 0.57234 0.56446 0.59482 e
2639.91622 11.67492 0.18627 -0.09920 0.97748 e
2647.93878 7.81060 -0.23788 0.11875 0.96401 eb
2662.42923 8.04538 0.07398 0.18670 0.97963 e
2674.14975 14.33707 -0.07346 -0.13430 0.98821 x
2677.18718 1.89801 -0.57175 -0.22992 0.78755 e
2681.93141 1.17862 -0.50569 -0.53039 0.68041 e
2692.71666 0.86972 0.62389 -0.53756 0.56727 e
2703.18211 3.54178 0.30747 -0.32777 0.89332 xb
2717.64171 8.72952 0.16080 0.06527 0.98483 e
2735.14130 1.46553 0.53972 0.44722 0.71323 e
2743.24970 2.08206 -0.21288 -0.54728 0.80942 eb
2744.09577 4.29390 -0.37046 -0.08597 0.92486 eb
2749.81541 2.76737 0.38751 -0.24754 0.88801 e
2756.19934 3.68738 -0.11354 -0.19826 0.97355 eb
2761.52196 20.20412 0.13671 0.03193 0.99010 x
2768.65694 2.38499 -0.03724 -0.46450 0.88479 e
2785.20453 4.83718 0.20889 0.29920 0.93104 eb
2802.68261 5.00862 0.10539 -0.15343 0.98252 e
2818.70230 1.88178 -0.51620 -0.22416 0.82661 x
2824.07199 6.37891 -0.17666 -0.25270 0.95128 e
2829.96214 11.03281 -0.13917 0.00194 0.99027 eb
2857.26242 9.90944 0.14199 -0.02148 0.98963 e
2864.81944 1.08446 0.58567 0.28018 0.76059 e
2869.80544 4.57811 0.28299 0.24279 0.92789 e
2874.73101 18.10368 0.02057 -0.07530 0.99695 x
2886.22643 4.51473 -0.38699 -0.16056 0.90800 xb
2893.83099 4.19099 -0.13141 -0.30705 0.94258 xb
2910.24372 10.64544 -0.00158 0.15810 0.98742 e
2915.63664 12.52220 0.02793 0.17130 0.98482 xb
2916.86806 2.86237 -0.40361 0.27621 0.87224 xb
2918.13216 3.34437 -0.09256 -0.41629 0.90451 xb
2932.69294 13.24948 -0.00613 0.07950 0.99682 e
2936.71480 2.17369 -0.50443 -0.27825 0.81739 x
2941.95575 8.60142 0.21871 -0.01564 0.97566 eb
2946.95425 13.50061 -0.09449 0.11742 0.98858 e
2954.02105 5.12807 -0.28729 0.13075 0.94888 eb
2957.13871 12.41007 -0.07089 0.10983 0.99142 x
2957.61210 3.33250 -0.38202 0.22714 0.89581 xb
2964.07292 7.80049 0.18257 0.18115 0.96636 e
2965.04053 3.97022 0.23815 0.29016 0.92687 e
2977.13822 8.07872 0.13639 -0.21517 0.96701 eb
2982.60793 7.49585 -0.29545 0.07395 0.95249 xb
2990.65490 7.81558 0.03577 0.07097 0.99684 e
2997.26741 9.04589 0.19701 -0.11096 0.97410 e
3008.60034 6.79505 0.07435 -0.28927 0.95436 x
3010.64999 4.43128 -0.10132 -0.17425 0.97947 x
3012.42977 2.17827 -0.51427 -0.21153 0.83113 e
3014.99307 8.12600 -0.09203 0.21157 0.97302 eb
3023.26312 13.83624 -0.22003 -0.03927 0.97470 xb
3051.43287 3.86728 0.15252 0.35347 0.92293 eb
3072.66692 8.09548 0.15270 -0.10316 0.98287 xb
3107.59720 4.15756 0.16668 -0.26807 0.94887 eb
3107.89499 5.25093 0.21264 0.21375 0.95347 x
3118.29456 0.88046 -0.58033 -0.60508 0.54506 eb
3119.36590 8.97861 0.07476 0.23725 0.96857 eb
3121.78370 1.05548 0.66370 -0.32916 0.67168 e
3133.75296 8.96106 -0.19003 -0.09366 0.97730 xb
3135.94142 4.20336 -0.00916 0.37429 0.92726 x
3146.68602 6.04037 0.20759 0.16374 0.96441 xb
3170.56990 3.45880 0.37235 0.21641 0.90251 e
3173.52230 6.08534 0.27268 -0.05384 0.96060 x
3175.88695 2.17553 -0.22110 0.50481 0.83444 eb
3193.53499 9.34370 -0.03104 0.23773 0.97084 e
3195.73421 7.23158 -0.06690 -0.25928 0.96348 x
3202.33566 1.64612 -0.27153 -0.58271 0.76597 e
3210.43321 5.16984 0.20833 -0.02734 0.97768 e
3227.56690 1.27087 -0.66594 -0.28381 0.68991 xb
3228.85089 2.99949 -0.02523 -0.50184 0.86459 e
3235.96829 7.89241 0.02292 -0.28166 0.95924 eb
3240.06524 6.54472 0.06801 0.30690 0.94931 e
3244.09557 1.19112 -0.07151 -0.75650 0.65007 x
3246.51421 3.76491 -0.12361 -0.34839 0.92916 e
3265.75323 1.80835 0.53435 -0.30757 0.78732 x
3266.18371 16.34293 0.02106 -0.15168 0.98821 e
3272.91206 5.81914 -0.24269 0.06164 0.96814 e
3281.85957 1.38641 -0.42505 0.56809 0.70470 eb
3284.81627 2.37305 0.23590 0.51214 0.82587 e
3299.63948 2.66341 0.17802 0.38079 0.90736 e
3326.50972 7.42423 0.05596 -0.08427 0.99487 e
3338.26089 1.81994 -0.50997 -0.32827 0.79509 e
3344.65015 6.18478 -0.13494 -0.24895 0.95907 e
3356.13117 10.86503 -0.18759 0.02119 0.98202 x
3361.01179 11.06490 -0.01820 0.20287 0.97904 e
3367.95831 14.20610 0.08149 0.03929 0.99590 xb
3371.92011 1.03129 -0.74128 0.30226 0.59928 eb
3374.93035 15.89894 0.06268 -0.03412 0.99745 e
3375.22411 6.81730 0.02658 0.20061 0.97931 e
3377.24492 1.91969 0.45820 -0.39437 0.79657 e
3390.42302 4.21712 -0.20659 -0.19354 0.95909 e
3394.33057 1.31584 0.11099 -0.68255 0.72236 x
3394.97139 7.32807 -0.05025 -0.23203 0.97141 e
3396.36760 11.93664 0.02297 0.11590 0.99299 e
3401.69049 1.49886 0.48006 0.34439 0.80681 eb
3415.65020 3.41465 -0.31072 0.31936 0.89524 xb
3417.22479 10.51775 0.05569 0.09435 0.99398 e
3417.59719 4.51140 -0.21362 0.20430 0.95532 xb
3430.11260 13.09861 -0.02599 -0.17813 0.98366 e
3432.39818 2.61856 0.50092 -0.17631 0.84735 eb
3442.64136 3.83707 0.20765 -0.37346 0.90411 eb
3449.15037 4.39208 -0.15210 -0.35052 0.92412 eb
3449.60882 5.04603 0.31563 0.12295 0.94088 xb
3464.71927 2.67087 -0.43071 0.26239 0.86351 e
3471.31983 16.21986 -0.02786 -0.05180 0.99827 e
3476.32394 1.97798 0.34719 -0.44818 0.82377 x
3480.95114 8.49767 -0.09794 0.23866 0.96615 x
3483.66236 7.29018 -0.24586 0.16081 0.95587 e
3494.37021 1.03284 -0.53762 -0.58345 0.60873 e
3500.81629 3.61412 -0.12331 0.26279 0.95694 x
3506.00719 12.58754 -0.11001 -0.02221 0.99368 e
3513.63931 1.13971 -0.41385 -0.58084 0.70097 eb
3514.69912 10.53600 -0.11695 0.04906 0.99192 e
3518.30682 15.83893 -0.05418 -0.01870 0.99836 e
3527.51281 8.24138 -0.18720 -0.19874 0.96201 x
3528.48120 1.29270 0.18520 -0.71824 0.67070 eb
3529.28568 2.10237 -0.42470 -0.40881 0.80778 e
3538.57366 10.02685 -0.06274 -0.14429 0.98755 e
3541.35200 3.68396 0.10734 0.03009 0.99377 e
3554.71497 3.88437 0.23579 0.27013 0.93350 x
3569.45316 1.62056 -0.17958 0.65492 0.73406 x
3580.31691 10.75871 0.03521 -0.00487 0.99937 e
3583.79124 2.91691 0.28466 0.44106 0.85114 xb
3587.14743 9.33894 -0.15777 -0.15430 0.97535 xb
3603.50470 7.63681 0.16263 0.22455 0.96080 x
3611.11762 2.80588 -0.46564 -0.05232 0.88343 eb
3622.48956 1.27643 -0.12607 -0.71185 0.69093 e
3631.50268 9.86617 -0.10612 -0.13609 0.98500 x
3634.99613 0.78011 -0.60233 -0.63623 0.48209 eb
3647.82919 3.57775 -0.04909 -0.24621 0.96797 e
3648.86361 0.88480 -0.48415 -0.67702 0.55429 x
3651.77369 2.55975 0.21813 -0.14293 0.96540 x
3666.74246 9.17544 0.22644 0.09955 0.96892 eb
3669.64655 3.09551 0.48015 0.08140 0.87340 eb
3672.31754 7.36895 -0.17566 0.01576 0.98433 xb
3679.32762 13.70870 0.13948 0.14646 0.97933 e
3683.49943 2.84885 0.13010 0.46882 0.87366 x
3686.02000 2.30963 -0.19630 0.52779 0.82638 eb
3695.93365 7.02602 -0.25237 -0.03113 0.96713 xb
3706.44691 2.27738 0.04418 -0.26733 0.96259 e
3715.95810 7.06534 0.25714 -0.00921 0.96633 e
3726.16293 7.13220 0.22578 0.23227 0.94608 x
3734.52758 4.98850 0.17081 -0.18617 0.96756 xb
3735.81915 7.62132 0.18035 -0.10081 0.97842 e
3740.93768 1.99700 -0.38722 -0.47199 0.79201 x
3741.93800 8.86934 -0.09300 0.03877 0.99491 x
3746.20702 4.27078 0.40125 -0.00097 0.91597 eb
3753.96984 5.33399 -0.00245 0.31494 0.94911 e
3758.81541 10.53110 0.13058 -0.11144 0.98516 eb
3778.84256 7.61815 -0.30574 0.06063 0.95018 x
3779.37010 2.96428 -0.36674 0.09076 0.92588 e
3791.65382 1.40004 -0.57229 -0.34807 0.74252 e
3795.29525 2.67864 0.14086 -0.28817 0.94716 eb
3820.13098 2.19162 -0.57353 -0.06187 0.81684 eb
3827.92594 4.75679 -0.13517 -0.37453 0.91731 x
3828.89983 8.07901 -0.21617 -0.07633 0.97337 x
3831.88775 1.52917 -0.61277 -0.26255 0.74537 e
3836.68429 1.49464 -0.52251 -0.09566 0.84725 e
3839.76680 6.57310 0.21937 -0.21160 0.95242 e
3842.02680 12.47739 0.01512 0.10861 0.99397 xb
3849.68497 10.03078 0.06671 -0.17052 0.98309 e
3857.52701 5.01566 -0.10660 -0.06446 0.99221 e
3862.77861 12.40636 0.12475 -0.12196 0.98466 x
3864.24722 1.81848 -0.48330 -0.29089 0.82571 eb
3877.40603 5.48185 0.23963 -0.19320 0.95145 e
3887.01185 8.13751 0.20452 0.08675 0.97501 x
3892.23287 1.63411 -0.65408 0.03948 0.75540 x
3902.86357 10.54752 0.22125 0.11251 0.96871 eb
3903.47705 2.99470 -0.28453 0.38421 0.87831 e
3909.18182 7.71914 0.01320 -0.13438 0.99084 e
3913.97924 9.37370 0.06186 0.03700 0.99740 x
3916.55564 4.28767 -0.01014 -0.41196 0.91115 xb
3918.83488 2.67141 0.45902 0.23081 0.85792 xb
3927.54219 1.58013 -0.55853 0.38019 0.73722 eb
3954.38903 5.68173 0.00915 0.13755 0.99045 xb
3962.97606 6.39240 0.20657 0.04730 0.97729 e
3966.34113 4.52811 0.07224 -0.02590 0.99705 x
3967.64459 14.47568 -0.10696 -0.11720 0.98733 eb
3967.71106 4.51083 -0.13850 0.35981 0.92269 x
3975.02657 2.17282 -0.47939 -0.04969 0.87620 e
3984.77082 3.94831 0.15484 0.36925 0.91634 eb
4004.72645 1.12560 0.37683 -0.67533 0.63397 eb
4008.00834 4.99763 -0.19726 0.21081 0.95742 e
4025.40815 3.80200 0.15796 -0.18922 0.96915 e
4029.92130 6.73325 -0.05538 -0.14399 0.98803 e
4039.65134 6.47371 0.16585 -0.06200 0.98420 xb
4044.82359 7.44626 -0.03615 0.29570 0.95460 x
4053.44271 1.17508 -0.73332 0.09576 0.67311 e
4056.10926 6.64005 -0.21220 0.25580 0.94315 eb
4060.81109 15.39692 0.02549 -0.07058 0.99718 e
4073.99809 4.26270 -0.30249 -0.13064 0.94416 eb
4106.75676 2.27260 -0.41793 0.31678 0.85146 e
4108.78900 3.36169 -0.15348 0.42873 0.89030 eb
4110.12436 6.69552 -0.30122 0.11721 0.94632 xb
4139.35790 1.53570 0.55752 0.05394 0.82841 e
4174.27153 4.39473 0.29920 0.21711 0.92916 e
4174.83914 8.22460 -0.07252 -0.23022 0.97043 e
4177.44087 4.99340 -0.05107 0.25228 0.96631 x
4237.70621 9.56055 -0.08343 0.06306 0.99452 eb
4243.04038 1.34672 -0.50075 -0.43762 0.74682 eb
4256.06336 3.58511 -0.46530 -0.04682 0.88391 eb
4271.14131 11.28429 0.20226 0.09678 0.97454 eb
4280.65315 13.09850 -0.00084 -0.08850 0.99608 e
4286.56182 6.09347 -0.25375 0.01198 0.96720 xb
4291.19294 2.69661 0.48581 -0.05974 0.87202 xb
4312.02273 34.23588 0.02090 0.01554 0.99966 xb
4316.98606 2.53428 -0.15876 -0.47335 0.86645 x
4333.60754 2.35424 0.22277 0.50146 0.83601 xb
4337.25928 7.83629 -0.16703 -0.11938 0.97870 e
4349.00764 8.82614 0.11866 -0.14520 0.98226 x
4352.09179 13.61668 -0.03291 0.07815 0.99640 e
4375.84528 2.23609 0.24147 -0.50510 0.82859 xb
4377.08180 0.83161 0.68214 0.52387 0.51014 x
4384.47290 5.97006 -0.12770 0.05692 0.99018 x
4393.49857 6.48179 -0.10133 0.17450 0.97943 x
4404.97601 5.34210 -0.28640 0.15702 0.94516 e
4426.10438 3.77630 -0.02730 -0.44529 0.89497 x
4433.70127 3.84195 0.35270 0.11164 0.92905 e
4435.13019 4.64338 0.08520 0.24550 0.96564 x
4443.22807 12.28946 0.08509 -0.11320 0.98992 xb
4447.96355 16.75503 -0.07298 -0.13032 0.98878 e
4455.27852 1.05189 -0.67268 -0.40834 0.61705 xb
4462.77996 1.24213 0.02943 0.73322 0.67935 eb
4473.46965 6.10898 -0.00840 -0.18860 0.98202 xb
4510.93910 1.62190 0.54507 -0.38339 0.74559 xb
4519.70608 3.97584 -0.01909 -0.44259 0.89652 e
4526.10749 3.86749 -0.38411 0.12747 0.91445 eb
4532.99237 5.72581 -0.06241 -0.31543 0.94690 eb
4555.98754 3.67067 -0.14062 -0.41027 0.90106 e
4563.21803 5.63748 0.03548 -0.36918 0.92868 e
4572.16949 7.64940 -0.24771 -0.03278 0.96828 e
4580.61536 11.16207 -0.03355 -0.08666 0.99567 xb
4586.22470 1.97521 -0.50383 -0.33668 0.79549 eb
4590.54921 5.26027 -0.06670 -0.18422 0.98062 e
4594.53932 8.81346 -0.06061 -0.07924 0.99501 e
4594.96527 4.86701 0.31597 -0.06276 0.94669 e
4596.52625 1.33614 0.65523 0.23742 0.71715 eb
4604.68296 8.17406 0.18137 0.14766 0.97227 e
4611.91786 7.82500 -0.06419 0.03774 0.99722 e
4620.55830 3.19938 -0.34618 -0.32426 0.88035 x
4622.12252 4.78156 0.08307 0.29862 0.95075 e
4632.68538 4.57199 -0.29689 0.00165 0.95491 e
4650.23509 9.20180 0.16913 0.20492 0.96406 x
4659.24416 14.24950 0.06959 -0.02717 0.99721 x
4667.22310 8.51435 0.07353 0.10980 0.99123 e
4677.20138 7.84939 -0.27782 0.04963 0.95935 x
4677.44130 4.55912 0.18813 -0.35577 0.91544 x
4680.65484 8.75148 0.03322 0.12774 0.99125 e
4682.97516 13.46680 -0.14883 0.09885 0.98391 xb
4686.93729 12.27080 0.11693 -0.09281 0.98879 x
4693.62905 2.91909 -0.42816 0.24039 0.87114 x
4698.87067 11.15691 0.01115 0.07920 0.99680 e
4702.91720 9.59425 0.00984 0.04906 0.99875 e
4704.34531 1.37984 0.07474 0.70809 0.70216 e
4710.04867 2.70161 0.43499 -0.14276 0.88904 e
4711.15168 4.21423 0.24113 0.30673 0.92074 x
4724.53248 1.08878 -0.62188 -0.44950 0.64126 e
4727.48392 17.18790 -0.02159 0.11614 0.99300 e
4731.29410 1.81729 -0.61882 -0.00797 0.78549 e
4749.24274 3.43797 0.24091 -0.40304 0.88291 e
4752.20643 15.99361 -0.13432 -0.03542 0.99031 xb
4755.22433 2.41645 -0.25062 0.38100 0.88996 e
4771.27141 5.14975 -0.17636 0.24284 0.95390 x
4772.67783 2.12975 -0.44924 -0.35092 0.82161 x
4776.03359 5.28196 -0.16189 -0.25643 0.95291 x
4781.19326 1.80809 -0.24580 -0.57436 0.78083 e
4800.95968 1.85201 0.46954 0.41016 0.78186 eb
4805.73015 11.11533 0.00804 -0.17817 0.98397 x
4806.30214 16.34998 0.03767 0.09117 0.99512 x
4806.57239 3.24321 0.04703 -0.37581 0.92550 e
4827.59271 6.62672 0.19417 -0.19177 0.96204 e
4838.11342 9.28842 -0.02713 0.02172 0.99940 e
4838.45797 6.56533 -0.14926 -0.09693 0.98404 e
4838.78741 2.03535 0.55273 0.01757 0.83318 e
4840.64125 6.28187 -0.08121 0.31086 0.94698 x
4851.66714 16.59896 -0.06525 0.10426 0.99241 x
4867.86064 14.09606 -0.13809 0.04608 0.98935 x
4891.56748 6.88231 0.09793 0.05090 0.99389 e
4892.66182 9.70798 0.16725 -0.14861 0.97465 e
4895.37724 1.97892 -0.56332 -0.15182 0.81217 e
4910.56606 8.29379 -0.13490 -0.16651 0.97677 e
4932.40013 5.79533 -0.29714 -0.14728 0.94341 xb
4937.95966 3.52530 0.06887 -0.39184 0.91745 e
4938.05593 0.91169 0.77855 -0.21191 0.59073 xb
4942.23343 16.75519 0.09041 -0.01137 0.99584 x
4952.89167 1.40608 -0.50434 -0.43298 0.74711 xb
4963.52792 3.17240 0.31773 -0.34684 0.88247 xb
4975.36259 1.17608 0.49248 0.47293 0.73062 xb
4980.84128 8.97277 -0.13845 0.12900 0.98193 x
4989.35398 14.91349 0.06433 0.01890 0.99775 e
4993.46520 7.12993 0.20681 -0.12833 0.96993 xb
4995.20716 25.69934 -0.00095 0.09292 0.99567 e
5005.98197 4.44729 -0.22922 0.08478 0.96967 e
5011.09523 7.96808 0.03925 0.26676 0.96296 xb
5020.54355 0.94219 0.44426 -0.69308 0.56769 x
5033.04353 1.53357 0.56814 0.22569 0.79138 x
5043.96443 3.00055 -0.38152 -0.32233 0.86634 x
5045.31344 12.67281 0.05777 -0.03016 0.99787 xb
5047.65151 2.12551 -0.04714 -0.25390 0.96608 x
5048.98817 1.72992 0.55247 -0.29279 0.78041 x
5066.92445 23.61280 0.02681 0.04110 0.99880 x
5070.56582 6.05549 0.20544 -0.13118 0.96984 xb
5076.17469 5.13506 0.03039 -0.24824 0.96822 xb
5114.53409 3.08787 -0.17478 0.46481 0.86799 e
5151.17455 12.30809 0.04288 0.21471 0.97574 e
5152.64738 5.79196 -0.07069 0.33280 0.94034 e
5157.94490 1.32171 0.57084 0.44559 0.68963 x
5163.41054 3.46845 0.40708 0.22639 0.88489 xb
5164.56077 4.21828 0.39269 0.07904 0.91627 eb
5168.77425 2.62162 0.48463 -0.00811 0.87468 xb
5198.67845 5.60277 0.15907 -0.22126 0.96215 x
5203.73169 2.76297 -0.05326 -0.02340 0.99831 e
5242.87127 1.60451 0.40996 0.51721 0.75128 x
5248.63869 11.42360 -0.23488 -0.00575 0.97201 e
5249.72819 3.84954 -0.44296 0.01541 0.89641 x
5250.82089 6.01246 0.10365 -0.26460 0.95877 x
5260.99434 2.10871 -0.29259 -0.21634 0.93145 xb
5269.48369 2.16609 0.53542 0.22481 0.81411 e
5273.17469 0.95567 0.64253 0.51131 0.57071 eb
5286.11325 2.42782 0.16388 0.49069 0.85579 eb
5294.98363 2.45715 -0.49193 0.03402 0.86997 e
5313.24359 1.42538 -0.64012 -0.20629 0.74006 e
5317.80620 4.30924 0.32503 -0.25720 0.91006 x
5321.71126 10.92480 0.11115 0.09568 0.98919 e
5322.27280 6.43241 0.15750 -0.14027 0.97751 eb
5325.54253 1.34571 -0.18515 0.70101 0.68869 e
5344.40735 2.57299 0.31744 -0.45545 0.83174 eb
5344.75005 15.80657 0.04564 -0.03645 0.99829 x
5360.78711 15.25331 -0.11740 0.10930 0.98705 x
5372.00672 8.05078 -0.21992 -0.08163 0.97210 eb
5374.76506 1.95967 -0.57955 -0.17466 0.79600 e
5381.39272 10.96519 0.06220 0.07129 0.99551 e
5392.57847 1.16954 0.55352 0.52896 0.64328 xb
5395.67958 4.07893 -0.27055 0.18681 0.94441 e
5397.04609 1.26328 0.08558 0.73048 0.67755 xb
5404.80299 5.16027 0.33351 -0.16005 0.92906 x
5406.84713 14.34373 -0.08407 0.04323 0.99552 e
5436.63636 1.35450 -0.52223 -0.45656 0.72029 e
5439.17573 6.01120 -0.03959 0.00814 0.99918 e
5450.30319 2.91559 -0.08481 -0.47204 0.87749 e
5462.65732 21.26957 0.03108 -0.00611 0.99950 e
5463.61275 6.03546 0.29576 0.07448 0.95235 eb
5473.29537 1.82038 0.45496 -0.38352 0.80369 e
5475.04310 3.80587 -0.32794 0.09173 0.94023 xb
5486.51653 5.99998 -0.00138 0.28319 0.95906 e
5490.07141 3.36205 -0.29706 0.32606 0.89746 e
5497.26712 5.00780 0.34170 0.04191 0.93888 xb
5502.63888 2.28104 -0.46588 -0.27823 0.83996 e
5505.29234 12.39131 -0.01405 0.20794 0.97804 x
5515.90862 19.08803 0.01730 0.10490 0.99433 x
5517.98281 5.22071 -0.15909 -0.25278 0.95436 x
5519.41477 3.73277 0.06401 0.39551 0.91623 e
5520.53285 10.04125 -0.06185 -0.14138 0.98802 e
5533.45700 6.64502 0.28349 -0.07328 0.95617 xb
5548.59357 1.91275 0.57829 0.02215 0.81553 e
5560.64162 7.18502 -0.08984 -0.21719 0.97199 e
5560.98198 1.68325 0.47809 -0.45468 0.75146 e
5582.66900 7.72939 -0.11445 0.19429 0.97425 eb
5585.10464 7.34282 -0.13477 0.07663 0.98791 e
5595.73414 2.47404 -0.24427 -0.45191 0.85797 e
5604.46602 2.56465 0.12003 -0.50695 0.85358 e
5604.95626 11.79162 -0.12841 -0.12396 0.98394 e
5617.29213 6.90369 0.09058 -0.01580 0.99576 e
5625.06923 1.41006 0.68378 -0.04601 0.72824 e
5644.80023 1.45330 -0.65254 0.12140 0.74796 xb
5645.10612 3.54680 0.23401 -0.24079 0.94194 eb
5650.44561 3.59423 0.33173 0.26776 0.90458 x
5653.48940 3.75021 -0.41508 0.01598 0.90964 eb
5688.06213 2.61917 -0.24040 0.46725 0.85082 e
5688.65203 3.90641 -0.10336 0.23054 0.96756 xb
5691.85695 4.68496 0.12350 -0.15820 0.97965 e
5704.14853 16.56417 0.17392 0.01592 0.98463 xb
5704.64674 1.06450 -0.60476 0.45206 0.65568 xb
5720.69272 8.46566 -0.01174 -0.24660 0.96905 xb
5742.16312 6.78917 0.15420 0.01772 0.98788 xb
5764.22680 9.03093 0.07487 -0.22853 0.97065 e
5768.18897 1.86038 0.54795 0.27975 0.78835 e
5792.42541 5.35276 -0.05340 -0.18600 0.98110 e
5854.06563 7.39960 -0.08561 0.16950 0.98180 e
5860.71623 1.27823 -0.12962 0.67952 0.72212 e
5896.33311 1.44307 -0.62847 0.15781 0.76166 e
5914.00892 10.17348 0.03361 -0.06264 0.99747 e
5920.77626 3.68813 0.42808 0.01515 0.90361 x
5930.64400 3.49606 0.29597 -0.15946 0.94179 xb
5961.02908 8.00457 -0.13908 -0.10975 0.98418 e
5967.46275 2.35688 0.39300 -0.39248 0.83157 eb
5970.21186 1.57243 0.41963 -0.41160 0.80901 x
5986.02533 1.84136 0.34034 0.54906 0.76335 eb
5988.98290 6.91655 0.05134 -0.10548 0.99310 x
5991.85151 5.09685 -0.10937 0.31674 0.94218 xb
6016.08728 1.62329 -0.16415 0.62299 0.76481 e
6029.83442 3.89445 -0.34493 -0.18149 0.92092 e
6031.93957 3.75043 0.37148 0.17890 0.91104 x
6034.83863 1.67347 0.64650 0.06465 0.76017 xb
6039.50661 12.93769 -0.08261 0.00280 0.99658 xb
6078.34880 10.07352 -0.05491 -0.14982 0.98719 e
6096.13624 13.68288 -0.07250 -0.05258 0.99598 e
6124.88967 1.34946 -0.55900 0.43266 0.70733 e
6149.62807 1.28544 -0.51659 0.50921 0.68836 x
6153.76017 4.21152 -0.32151 -0.08645 0.94295 e
6173.42478 5.67335 0.20742 0.22304 0.95249 xb
6173.47357 2.44943 -0.44189 -0.16949 0.88091 eb
6176.81167 3.00804 0.24327 0.40835 0.87981 e
6187.01497 4.61807 -0.08811 0.06948 0.99368 xb
6200.23254 20.93045 0.04962 -0.01820 0.99860 e
6205.41202 10.60164 -0.04446 0.13654 0.98964 x
6278.69140 4.33875 0.03852 0.08280 0.99582 e
6286.97988 1.42939 -0.70073 0.11094 0.70475 e
6305.20415 8.75691 -0.16786 0.02080 0.98559 e
6306.85824 3.91416 -0.40658 -0.04373 0.91257 e
6337.66676 5.68766 -0.10185 0.30966 0.94538 x
6341.09085 15.88861 -0.09572 -0.09576 0.99079 x
6391.93185 1.25268 -0.11202 0.70031 0.70499 e
6393.37785 2.66379 0.47963 0.17102 0.86064 eb
6400.81330 2.44125 -0.46228 0.30748 0.83172 x
6407.55244 4.32355 -0.35561 0.22673 0.90672 x
6410.88502 7.07091 -0.12614 -0.05916 0.99025 e
6417.19785 9.54283 -0.17724 -0.00886 0.98413 eb
6427.98209 3.79855 0.36167 0.03850 0.93151 x
6429.00535 2.48603 0.37390 0.40713 0.83333 xb
6436.58040 3.24399 0.29934 -0.33045 0.89510 xb
6441.75146 25.96043 0.01656 0.04743 0.99874 e
6446.36226 5.06153 0.22575 -0.19733 0.95399 x
6466.11060 4.85171 -0.33550 -0.09700 0.93703 e
6470.39160 1.58549 0.35223 -0.54776 0.75887 eb
6490.76328 4.50881 -0.19417 -0.26197 0.94534 e
6512.36868 10.39271 0.22340 0.11945 0.96738 e
6513.42290 17.28620 -0.01402 -0.02104 0.99968 xb
6540.13073 5.61570 -0.08754 -0.26148 0.96123 eb
6556.42152 12.69485 0.11142 -0.01363 0.99368 x
6557.60961 1.28916 0.46960 0.39338 0.79040 eb
6558.99138 8.62933 0.01836 -0.09399 0.99540 e
6567.38881 4.98696 0.18716 0.00370 0.98232 e
6590.45721 8.94759 0.11512 -0.00358 0.99334 e
6604.51161 1.58364 -0.40345 -0.48956 0.77302 xb
6616.88367 3.50009 -0.25987 -0.19790 0.94515 x
6636.13358 11.20448 -0.20301 -0.12991 0.97052 xb
6637.03394 4.02773 0.05639 -0.04642 0.99733 x
6638.18970 1.44421 -0.48307 0.41739 0.76970 eb
6640.41297 8.72178 -0.08798 -0.23263 0.96858 x
6641.44500 7.68587 -0.09112 0.03698 0.99515 e
6644.75524 12.07309 -0.10844 0.14412 0.98360 x
6647.55636 3.51884 -0.05237 -0.43618 0.89833 e
6692.57823 0.79745 -0.63225 0.57476 0.51953 eb
6711.04077 1.06830 -0.15651 0.73998 0.65417 xb
6716.76156 9.33754 0.22299 0.09022 0.97064 e
6736.12801 1.19863 -0.58634 0.39288 0.70841 eb
6737.73842 5.90289 -0.06823 0.02053 0.99746 e
6740.47568 7.71302 0.12526 -0.18449 0.97482 e
6757.60896 6.18582 0.01994 0.32624 0.94507 x
6758.25679 5.65577 -0.29843 0.09404 0.94979 xb
6766.80995 5.59148 -0.19493 0.20259 0.95967 e
6775.36647 1.69970 0.42695 0.48240 0.76486 e
6787.68513 5.67932 0.08669 -0.15379 0.98429 e
6793.69992 5.94525 0.15332 0.19050 0.96964 e
6815.20121 12.21606 -0.14016 0.03995 0.98932 x
6817.89600 5.55176 0.05641 -0.25727 0.96469 e
6825.08860 1.23944 -0.14090 -0.71790 0.68174 xb
6825.45620 1.56619 -0.05237 -0.57938 0.81338 x
6859.14764 2.43762 -0.36397 -0.36598 0.85650 e
6862.51911 1.30657 0.47786 0.50874 0.71612 xb
6875.11269 11.32379 0.07907 0.05690 0.99524 e
6924.10520 2.22010 0.38966 0.31423 0.86569 e
6929.58539 4.37610 -0.08542 0.36993 0.92513 e
6955.38235 1.20195 0.40276 0.64300 0.65141 e
7015.02280 4.48047 0.14380 -0.32808 0.93364 e
7037.01399 1.96776 0.25858 0.55607 0.78989 e
7039.11630 10.20052 0.18572 -0.09992 0.97751 eb
7054.95518 4.51851 0.31119 0.16849 0.93529 eb
7062.30894 4.77788 -0.37148 -0.11372 0.92145 x
7070.43850 4.70182 -0.26219 0.17887 0.94829 xb
7080.36347 8.14628 0.03287 -0.07872 0.99635 e
7085.15382 0.95878 -0.53208 -0.60836 0.58889 eb
7094.82030 8.14118 -0.19748 -0.12097 0.97281 x
7100.10046 2.17789 -0.46760 0.12161 0.87553 x
7168.53602 9.73015 -0.02930 -0.21838 0.97542 eb
7184.48767 2.43705 0.33561 -0.22491 0.91476 e
7191.53638 5.61291 -0.10149 0.33250 0.93763 x
7255.39429 1.59136 0.67078 -0.00092 0.74166 e
7267.18379 1.54236 -0.28883 0.62878 0.72195 eb
7298.33206 7.84339 -0.05585 0.07960 0.99526 e
7315.26027 3.19848 -0.28015 0.29922 0.91213 e
7358.79578 6.36036 -0.11025 0.25978 0.95935 e
7360.65753 2.61834 0.47667 -0.18451 0.85950 e
7383.98993 1.38649 -0.18002 -0.64551 0.74223 xb
7401.05491 5.83145 0.20074 0.21373 0.95604 e
7423.66173 5.59219 0.29918 -0.04940 0.95292 x
7433.51495 2.75422 0.06789 0.49780 0.86463 e
7447.55413 13.87163 0.10191 -0.11095 0.98859 x
7464.11932 4.41417 0.33623 -0.22922 0.91346 xb
7476.89475 0.98469 -0.80448 0.12987 0.57961 e
7498.51024 6.99883 -0.01362 -0.01143 0.99984 e
7503.57198 3.11520 -0.30742 -0.34752 0.88585 e
7524.49166 1.04943 -0.70438 -0.34165 0.62220 eb
7547.91279 1.17309 0.43476 0.51305 0.74011 x
7564.65777 3.83642 -0.24923 0.23108 0.94047 e
7566.28905 2.37509 -0.22030 -0.44031 0.87040 eb
7594.46807 1.88957 0.55080 0.16627 0.81791 eb
7601.07473 1.84453 0.55195 0.30598 0.77571 e
7610.21810 3.50314 0.37742 -0.21913 0.89974 e
7614.46992 11.13515 0.02319 0.14746 0.98880 e
7622.27064 10.44966 -0.11899 -0.13657 0.98346 e
7663.83723 6.78362 -0.01671 0.27367 0.96168 e
7674.35606 15.67466 -0.03862 0.07568 0.99638 xb
7692.85268 9.33037 -0.01274 -0.08713 0.99612 e
7720.09362 10.81201 -0.10318 0.11615 0.98786 e
7737.68056 1.05363 -0.22656 0.75944 0.60986 eb
7745.13994 0.78973 0.18099 0.84279 0.50690 e
7745.93666 2.85599 -0.20737 -0.40055 0.89250 e
7761.02099 2.10565 0.06346 0.54688 0.83480 e
7762.49228 4.43613 -0.36063 -0.00304 0.93270 eb
7771.89892 2.98059 0.36004 0.11296 0.92607 eb
7809.79341 5.27643 -0.26661 0.18590 0.94571 eb
7820.59075 13.03359 0.04946 0.15853 0.98611 eb
7825.40037 13.11235 0.10200 0.10856 0.98884 e
7837.03922 4.95356 -0.01483 0.28665 0.95792 xb
7837.27470 6.46848 0.18264 -0.21283 0.95987 e
7837.57656 14.12742 -0.08812 -0.01414 0.99601 e
7838.13246 3.47233 0.21933 0.11443 0.96892 x
7840.91791 11.39299 -0.07684 -0.14678 0.98618 e
7861.85622 2.43481 -0.01512 -0.47775 0.87837 e
7864.29072 13.94934 -0.15150 0.00010 0.98846 x
7878.20920 7.43928 0.03943 0.23624 0.97089 eb
7899.26922 5.17839 0.07055 -0.34335 0.93655 x
7923.29169 5.21589 0.16795 -0.06268 0.98380 e
7931.83348 1.31614 -0.19978 0.65837 0.72570 x
7954.28705 5.28932 -0.22961 -0.21116 0.95010 eb
7992.42691 1.25086 0.10320 0.74053 0.66405 xb
8008.26932 0.89681 0.78992 -0.27287 0.54916 x
8018.89922 3.35550 -0.19264 0.42350 0.88517 x
8025.54368 7.13619 -0.05922 0.26644 0.96203 xb
8032.02897 8.86155 -0.07317 -0.07473 0.99452 e
8047.63392 7.86987 0.07545 0.16445 0.98350 e
8061.75596 2.77511 0.36607 -0.18808 0.91138 eb
8093.55678 4.78770 -0.11710 0.24776 0.96172 e
8094.90859 2.11136 0.37204 -0.37985 0.84694 xb
8099.38668 2.74130 -0.29845 -0.38564 0.87305 x
8101.60008 3.99678 -0.25396 -0.28059 0.92562 e
8122.33689 11.35453 -0.13561 0.03337 0.99020 xb
8149.12812 1.51472 -0.51215 -0.36315 0.77835 xb
8179.23649 1.59970 0.41645 -0.46025 0.78405 eb
8205.15705 6.51969 -0.02572 -0.00532 0.99966 xb
8269.54615 13.10582 -0.00589 -0.10262 0.99470 eb
8308.59557 1.12827 -0.73238 0.18466 0.65538 x
8312.83429 18.01706 0.02182 0.04462 0.99877 eb
8362.07224 2.14997 -0.14032 0.46226 0.87557 xb
8399.74925 1.28147 -0.16919 0.68011 0.71332 e
8415.05756 1.64437 0.08466 0.63099 0.77116 xb
8458.67208 3.41268 -0.30042 -0.31277 0.90107 xb
8464.97080 13.85201 -0.13042 0.03042 0.99099 x
8527.51645 12.20755 -0.03477 -0.15656 0.98706 e
8533.98640 1.91652 0.39571 0.44452 0.80363 eb
8544.71475 5.13234 0.33880 0.08899 0.93664 e
8548.36363 5.02507 -0.30397 0.19272 0.93298 x
8550.29464 2.78481 -0.26699 -0.37006 0.88982 e
8553.98977 22.02611 0.04134 -0.09974 0.99415 e
8611.71852 10.16402 -0.03221 0.00437 0.99947 xb
8613.39937 3.67570 0.34030 -0.13139 0.93109 xb
8647.53148 2.79738 0.37060 -0.25646 0.89268 e
8649.86418 4.47155 -0.23691 -0.08571 0.96774 eb
8667.20209 11.49710 0.01297 0.14404 0.98949 e
8679.19410 4.79956 0.05535 -0.14831 0.98739 e
8695.85351 2.18177 -0.48034 -0.17621 0.85920 e
8705.22963 4.74760 0.12400 0.29559 0.94723 xb
8708.99412 1.04858 0.04893 0.76739 0.63931 xb
8747.45021 13.68904 -0.00011 -0.13111 0.99137 e
8758.82199 6.50958 -0.13097 -0.22398 0.96575 e
8809.86526 3.86756 0.34174 0.11930 0.93219 e
8813.70771 14.41327 -0.06822 0.00075 0.99767 e
8814.48350 4.45732 -0.22952 -0.30727 0.92353 eb
8840.43774 4.70175 0.31757 -0.20886 0.92495 xb
8845.47215 5.05360 -0.22863 0.23478 0.94478 xb
8847.48285 7.54968 0.12354 0.27066 0.95471 e
8877.34636 9.36530 -0.13548 0.04657 0.98968 e
8888.41425 5.45031 0.04587 0.05849 0.99723 e
8889.43333 8.22607 -0.09085 -0.08962 0.99182 e
8984.15989 4.70421 0.17382 0.18251 0.96772 xb
9007.25321 1.67069 0.49672 0.43159 0.75300 x
9008.83583 5.79631 -0.11479 -0.15254 0.98161 xb
9023.42731 1.13832 0.31142 -0.60918 0.72933 e
9037.16642 22.99485 -0.04898 -0.00344 0.99879 x
9048.18671 4.24881 -0.32084 0.17351 0.93110 e
9052.77523 8.90465 0.16949 -0.14055 0.97546 x
9055.14803 9.70879 0.13174 0.01337 0.99119 e
9069.95055 1.04870 0.61148 0.47930 0.62957 eb
9090.87454 5.74856 -0.02021 -0.32907 0.94409 x
9128.65821 16.85196 0.05184 -0.01469 0.99855 e
9128.87083 2.87650 0.08675 -0.49423 0.86499 xb
9130.21652 2.34248 0.21653 0.52105 0.82561 x
9157.15209 7.14952 0.21985 -0.13553 0.96607 x
9170.16028 17.63539 -0.02172 0.00208 0.99976 e
9170.35675 2.09866 0.01247 0.49848 0.86681 eb
9185.32203 6.47638 0.13375 0.17843 0.97482 e
9188.03164 5.58531 -0.31339 -0.00128 0.94962 e
9224.51346 3.09443 0.24797 0.02077 0.96855 e
9227.19120 12.81871 -0.16981 -0.03397 0.98489 e
9242.78703 5.46943 -0.10580 -0.09575 0.98977 e
9247.19130 4.34797 -0.34557 -0.09765 0.93330 xb
9268.68082 3.58534 -0.10088 0.40991 0.90653 xb
9273.94732 5.75361 -0.25137 -0.00133 0.96789 e
9314.35497 7.09387 -0.23735 -0.19244 0.95217 eb
9315.18256 1.28921 0.54526 -0.36379 0.75521 xb
9317.07563 5.43229 -0.25715 -0.12280 0.95854 x
9342.97866 3.81944 0.39315 0.23995 0.88761 e
9344.55436 11.89108 0.00670 0.22966 0.97325 xb
9358.57127 9.91745 -0.12524 -0.02262 0.99187 x
9389.27455 6.58604 -0.06559 -0.30722 0.94938 xb
9394.65356 1.06403 -0.43048 -0.62553 0.65068 eb
9397.97348 1.40096 0.68443 0.03307 0.72833 e
9428.52453 1.76727 -0.08378 -0.57296 0.81529 x
9440.90916 0.80731 -0.80933 0.28845 0.51165 e
9455.81397 2.55296 0.27971 -0.28823 0.91580 xb
9456.93714 3.14529 -0.33861 -0.04497 0.93985 e
9468.44281 3.29387 -0.11374 -0.27416 0.95493 e
9470.36556 4.78725 -0.25177 0.18306 0.95032 e
9473.09980 17.94815 0.15640 -0.06034 0.98585 e
9514.17991 6.22820 -0.25103 0.01306 0.96789 e
9525.06848 10.56662 0.12423 0.01317 0.99217 xb
9531.77798 6.29738 0.00631 0.09951 0.99502 e
9541.43193 4.80542 0.02605 -0.39019 0.92037 x
9543.83731 4.69391 -0.21558 -0.06628 0.97423 x
9544.01262 6.35920 -0.04683 0.19964 0.97875 e
9560.65564 1.01748 -0.50332 0.47967 0.71874 e
9573.44971 1.76079 -0.14986 0.61809 0.77169 x
9587.50473 3.28227 0.42371 0.07153 0.90297 e
9588.61734 1.09202 0.36899 -0.66041 0.65399 x
9591.58082 6.76645 -0.05574 -0.14312 0.98813 x
9601.21671 17.66345 -0.01763 -0.03784 0.99913 x
9605.19750 1.05502 -0.53685 0.56554 0.62606 e
9622.87951 2.01176 -0.38944 0.44053 0.80887 xb
9629.26299 4.51014 0.10742 0.36562 0.92454 xb
9641.98619 1.69747 -0.35866 0.49166 0.79350 e
9647.98736 10.44329 0.07672 0.16829 0.98275 e
9673.19276 11.42234 -0.05428 0.15474 0.98646 e
9699.59200 1.51541 0.57014 0.32149 0.75603 e
9739.12782 5.74060 -0.11817 0.30953 0.94352 x
9741.91176 3.96394 0.24633 0.15566 0.95660 e
9746.38124 2.64290 0.47377 -0.10831 0.87396 e
9787.57835 3.45514 0.45444 -0.02907 0.89031 xb
9814.80200 8.05169 0.10912 -0.01105 0.99397 e
9826.93319 12.48932 -0.10755 -0.08140 0.99086 xb
9834.44124 18.90385 -0.04710 0.11441 0.99232 x
9839.51417 3.14537 -0.46641 0.12732 0.87536 x
9842.50377 8.74234 0.01614 -0.06192 0.99795 e
9860.16713 1.01973 0.58184 0.54052 0.60770 eb
9946.66349 2.39201 -0.31678 -0.46722 0.82544 e
9980.13022 1.00114 -0.70319 -0.37533 0.60386 eb
9980.73044 13.84264 -0.08691 0.04964 0.99498 x
9989.39677 3.17935 -0.43214 0.01558 0.90167 x
9998.36851 12.17315 0.14520 -0.07327 0.98669 e
10004.89907 15.41677 -0.08450 0.07886 0.99330 e
10020.97271 2.28063 0.39836 0.34187 0.85113 eb
10032.14465 6.10681 0.20832 0.08126 0.97468 e
10035.09502 6.76714 0.06603 0.07738 0.99481 e
10045.68644 4.97369 0.33292 0.00831 0.94292 x
10052.52794 1.20065 -0.74869 0.02741 0.66236 xb
10076.28152 0.83882 0.84412 -0.09598 0.52750 eb
10137.84750 12.18914 -0.07116 0.04536 0.99643 e
10174.66510 1.56104 0.53273 0.37737 0.75749 eb
10183.27662 1.00584 0.33706 -0.73777 0.58488 eb
10199.85482 15.85858 -0.00371 0.16667 0.98601 e
10208.46755 4.12584 0.18732 0.36992 0.90998 x
10225.12000 2.42251 -0.35006 -0.28333 0.89285 e
10243.58505 3.03615 0.33956 -0.30655 0.88923 e
10252.38493 0.97934 0.53082 0.60882 0.58956 e
10289.70625 1.54406 0.32334 0.54171 0.77589 eb
10298.24053 5.89735 -0.25372 0.04801 0.96608 e
10335.47118 5.53707 -0.06468 0.19150 0.97936 x
10339.39670 5.66685 -0.30467 0.08041 0.94906 e
10350.78592 1.77589 -0.62241 0.18540 0.76041 xb
10373.84859 7.69830 -0.15590 0.17669 0.97184 eb
10384.93630 9.61957 -0.03067 0.07069 0.99703 eb
10418.92201 4.12198 -0.28386 -0.22488 0.93212 eb
10436.07256 1.96954 -0.13420 0.35239 0.92618 e
10461.76534 4.79788 -0.18738 -0.25878 0.94759 x
10585.22020 8.19436 -0.15946 0.08698 0.98336 e
10587.47820 3.01286 -0.39510 0.07741 0.91537 e
10590.80785 2.55698 0.30646 -0.08980 0.94764 e
10630.75481 3.39510 0.26369 0.33353 0.90511 xb
10658.64142 2.37368 -0.20574 -0.47846 0.85367 e
10696.53412 7.39590 -0.09816 -0.09799 0.99033 x
10704.03973 6.82621 -0.20684 0.05342 0.97691 e
10706.36255 9.14529 -0.11411 -0.15398 0.98146 xb
10714.96972 4.21725 0.40222 -0.08546 0.91155 eb
10783.83210 2.16887 -0.10619 -0.52017 0.84743 eb
10824.74407 3.74179 -0.10400 0.41412 0.90426 x
10840.21578 9.84182 0.07695 0.17638 0.98131 e
10842.71041 1.21035 0.67335 0.25532 0.69384 x
10850.32303 10.93764 0.18541 0.06743 0.98034 x
10879.47703 4.54478 -0.03311 0.30478 0.95185 xb
10888.84684 3.93512 0.31330 0.17573 0.93325 e
10916.87060 7.12268 0.21223 -0.19758 0.95704 xb
10968.54291 2.59562 -0.11743 0.48244 0.86802 e
10977.70169 6.23221 0.30127 0.02234 0.95328 x
10994.46081 15.36910 0.10130 0.10296 0.98951 eb
11003.49601 3.11895 -0.01280 -0.37424 0.92724 e
11006.24064 5.98636 0.16164 0.31835 0.93409 xb
11068.51062 5.81744 -0.32695 0.00103 0.94504 eb
11081.95224 6.13438 0.15885 0.26583 0.95084 e
11131.69237 6.12571 0.19150 0.22597 0.95513 e
11160.82145 3.18235 0.32306 0.36254 0.87418 x
11188.82006 0.81175 -0.04952 0.86321 0.50242 e
11266.78267 1.55903 -0.56841 -0.14564 0.80975 e
11312.67658 4.19033 -0.39885 -0.08363 0.91320 e
11385.78741 7.81667 -0.10086 0.04243 0.99400 xb
11392.51111 8.67926 0.02075 0.24043 0.97045 xb
11408.35275 2.00127 -0.34119 0.46592 0.81640 eb
11423.36214 7.78270 0.21517 0.11384 0.96992 x
11428.54665 9.35780 -0.06701 -0.23647 0.96933 eb
11442.75484 0.84714 0.53622 0.64001 0.55032 e
11444.27733 5.32771 -0.36437 -0.01392 0.93115 e
11493.90881 7.01682 0.22068 -0.05745 0.97365 e
11513.58868 2.05207 0.49582 0.14476 0.85628 e
11516.27363 14.51451 0.02459 -0.08472 0.99610 xb
11549.79641 0.82004 0.45403 -0.65354 0.60559 e
11605.38056 7.54393 -0.01801 -0.11967 0.99265 e
11607.66205 2.98892 -0.36407 0.15484 0.91841 e
11607.68450 1.61719 -0.45713 -0.30240 0.83641 eb
11621.57998 4.86921 -0.13461 -0.24466 0.96022 e
11637.16791 9.54655 -0.13140 0.18277 0.97433 e
11655.39768 7.53965 0.14437 0.03429 0.98893 e
11669.58806 4.81107 -0.05603 -0.35067 0.93482 eb
11688.48291 14.11294 -0.00199 -0.00892 0.99996 xb
11698.58066 7.21029 -0.02977 0.13738 0.99007 e
11708.65439 18.00482 0.06329 -0.05143 0.99667 x
11723.61226 3.91236 -0.23389 -0.19794 0.95190 eb
11752.67490 3.79685 -0.08532 0.39352 0.91535 eb
11776.50967 9.07717 0.05735 0.06104 0.99649 e
11829.95934 5.98677 -0.23095 -0.26499 0.93618 e
11838.62294 4.81024 -0.25007 0.11071 0.96188 e
11850.38264 10.54887 -0.10757 0.07342 0.99148 e
11851.15927 4.40395 0.10171 0.37946 0.91960 e
11864.29016 6.98750 -0.04961 -0.09528 0.99421 e
11941.88684 10.69978 0.08314 0.06569 0.99437 x
11989.29764 2.59481 -0.01460 -0.50395 0.86361 xb
11997.79568 1.21185 -0.73816 -0.09852 0.66739 eb
11998.38510 1.86329 0.24951 -0.54855 0.79802 eb
12066.73492 8.91597 0.14202 -0.11152 0.98356 eb
12081.06218 4.92570 0.35309 0.13286 0.92611 x
12098.29722 8.97690 -0.13641 -0.05760 0.98898 x
12108.40879 2.62496 -0.12050 0.43655 0.89157 e
12126.37239 1.42768 0.30580 0.61640 0.72562 x
12138.13083 7.49962 0.11081 0.05532 0.99230 xb
12176.29780 3.20063 0.33810 0.33680 0.87878 e
12181.00868 2.52402 -0.34634 0.35843 0.86694 xb
12184.60525 3.45594 0.34437 -0.16161 0.92482 x
12193.56535 1.26620 -0.67796 0.29758 0.67217 x
12206.61170 2.87106 -0.19810 -0.44398 0.87387 x
12209.60851 1.93102 0.27604 -0.38551 0.88044 eb
12212.76319 5.86661 0.10922 0.26584 0.95781 e
12233.96465 5.96497 0.18800 -0.21719 0.95785 xb
12251.01070 1.65953 -0.22837 -0.47753 0.84842 e
12314.53863 6.25575 0.31441 0.11441 0.94237 x
12345.20026 5.84610 0.09097 -0.28401 0.95450 e
12370.33984 2.10785 0.51469 0.23303 0.82510 eb
12376.81167 4.04774 0.17723 -0.37963 0.90800 eb
12377.89443 2.75072 -0.34402 -0.26919 0.89955 eb
12394.77625 0.79472 -0.44277 0.73116 0.51900 xb
12442.18433 4.35681 -0.30557 -0.04866 0.95092 x
12485.64818 2.36493 -0.55184 -0.06298 0.83157 x
12495.89406 5.87490 0.03019 0.24273 0.96962 e
12510.92385 2.06753 -0.02496 -0.37611 0.92624 e
12551.77510 4.08002 -0.20902 0.31160 0.92694 e
12600.06703 2.76197 -0.12618 0.40507 0.90554 e
12665.11223 13.41717 -0.20674 0.00538 0.97838 xb
12679.70723 2.52690 0.30506 -0.44641 0.84122 xb
12699.92796 3.84084 0.33943 -0.25826 0.90448 eb
12720.14964 4.84703 0.06786 0.29251 0.95385 xb
12727.12404 7.76235 -0.11921 -0.00035 0.99287 e
12789.46904 1.77294 -0.51227 -0.32633 0.79441 e
12801.59169 4.46208 0.26640 0.00152 0.96386 x
12839.21991 8.43064 0.04104 -0.09597 0.99454 eb
12839.78341 1.75575 0.62750 0.00320 0.77861 eb
12869.62519 1.06347 -0.68704 0.34053 0.64189 e
12897.50802 2.27151 0.36530 0.09017 0.92651 xb
12935.31813 6.23351 -0.03000 -0.22014 0.97501 e
12937.90613 5.62518 -0.07392 0.34987 0.93388 e
12961.37815 2.46754 -0.48541 -0.17875 0.85582 e
13004.79722 7.59152 -0.05083 -0.21024 0.97633 e
13020.55506 1.42315 -0.12524 0.67475 0.72735 x
13023.36493 7.80272 0.16707 0.13889 0.97611 e
13038.06820 7.77769 0.03556 0.23219 0.97202 e
13043.69215 4.27858 0.18793 -0.32109 0.92822 e
13103.94765 8.08743 0.05903 -0.23480 0.97025 xb
13116.26370 15.83368 0.04608 0.10580 0.99332 xb
13134.14958 20.74790 -0.08119 0.04843 0.99552 e
13159.75613 5.47091 -0.15534 -0.07140 0.98528 e
13206.92000 7.07092 0.18144 -0.26647 0.94661 x
13212.01666 5.76456 0.03166 -0.27091 0.96208 x
13226.65526 3.57909 -0.40154 0.09838 0.91054 eb
13288.50410 3.48326 0.41737 0.11229 0.90177 e
13296.84376 18.46437 -0.06251 -0.10412 0.99260 x
13313.75041 4.82626 -0.28928 0.15748 0.94420 eb
13348.67020 1.70120 -0.57143 -0.26664 0.77612 eb
13357.89688 7.67948 0.02610 0.27386 0.96141 xb
13358.14687 3.64615 -0.30329 0.25796 0.91732 e
13381.40731 16.72144 -0.00168 0.11221 0.99368 xb
13397.00882 1.89762 -0.31397 0.40119 0.86051 xb
13434.10380 7.30999 0.18106 0.11704 0.97648 e
13468.88907 3.46311 -0.40002 -0.19855 0.89474 x
13605.60850 2.71297 -0.26774 -0.44376 0.85522 e
13682.87128 3.30925 0.46568 -0.05880 0.88300 e
13713.26678 3.81298 0.33364 0.18299 0.92477 e
13713.98952 5.57445 0.30368 0.02014 0.95256 e
13736.63192 13.83127 0.05244 0.03681 0.99795 e
13811.12094 5.42395 -0.04518 -0.26337 0.96364 xb
13811.89712 8.30984 0.18368 -0.00382 0.98298 e
13890.25052 4.26992 0.27958 0.11060 0.95373 xb
13946.17570 1.33222 -0.27340 -0.66261 0.69728 xb
13975.21592 3.77747 -0.44171 -0.09137 0.89249 eb
14181.09727 3.04310 -0.17825 -0.39797 0.89991 x
14226.49480 3.70879 -0.22372 0.27908 0.93384 eb
14265.80369 4.95278 0.21976 0.07871 0.97237 xb
14298.95995 2.61885 -0.39940 -0.31649 0.86041 x
14301.74934 3.76453 -0.21923 0.07815 0.97254 e
14334.69144 0.98366 -0.72995 -0.29892 0.61468 eb
14417.87949 4.76566 0.29575 -0.25419 0.92082 e
14425.42440 4.41769 -0.17589 0.24881 0.95245 e
14457.21401 3.85638 -0.16643 -0.34360 0.92425 eb
14589.99238 0.80963 -0.79646 0.32182 0.51194 xb
14603.41751 22.27407 -0.04680 -0.03411 0.99832 e
14644.50561 11.44695 0.01367 -0.03226 0.99939 xb
14660.63224 1.17326 0.40526 0.52515 0.74832 eb
14678.50747 1.00314 0.47445 0.64412 0.60001 e
14705.58546 3.20449 0.04910 -0.23812 0.96999 x
14719.73881 1.96376 0.30319 -0.52195 0.79727 xb
14727.69253 9.01220 -0.06399 0.04537 0.99692 e
14757.20750 7.01173 -0.12122 -0.28442 0.95101 e
14828.75939 1.85058 0.54437 -0.26339 0.79642 e
14835.00287 2.49379 0.38667 -0.20688 0.89871 e
14840.90954 13.55178 0.00713 0.06352 0.99796 xb
14847.97579 6.26710 0.08962 -0.29870 0.95013 x
14865.96822 2.29491 0.49291 -0.28026 0.82371 x
14886.09254 3.00127 0.51668 -0.00520 0.85616 e
14977.85279 7.85809 0.12760 0.03119 0.99133 xb
14993.71152 1.28844 0.42870 0.59367 0.68101 xb
15032.29129 18.18271 -0.02385 -0.10955 0.99370 e
15073.97508 3.80358 0.22459 -0.12374 0.96657 e
15075.48755 2.31313 -0.14156 -0.55116 0.82230 eb
15123.27218 6.27451 -0.11667 -0.08168 0.98981 e
15157.17561 13.70163 -0.12391 0.06278 0.99031 eb
15190.96633 5.31546 -0.23362 0.24246 0.94161 e
15199.83266 5.82166 0.23377 -0.17468 0.95647 xb
15280.47464 2.95895 0.00878 0.45004 0.89297 e
15316.59382 4.54960 -0.01192 0.36533 0.93080 eb
15334.57181 0.98152 -0.09070 0.78827 0.60861 e
15357.24255 5.85048 0.08276 0.25515 0.96335 xb
15362.49881 2.89422 0.30847 -0.18008 0.93403 e
15369.69179 6.76719 -0.26105 -0.01983 0.96512 eb
15428.30830 4.55184 -0.01726 0.35371 0.93519 x
15456.55857 1.03191 -0.66013 0.43871 0.60972 xb
15525.50305 12.43171 0.17291 0.07206 0.98230 e
15601.23828 13.20646 0.05115 0.08088 0.99541 e
15637.37989 2.44039 -0.53396 0.03605 0.84474 x
15639.87799 1.94668 0.30632 -0.45685 0.83514 e
15661.03388 1.13833 -0.37585 -0.67230 0.63777 e
15680.67214 0.85370 -0.52222 -0.67016 0.52742 x
15682.73974 4.06661 0.30205 -0.09271 0.94877 e
15711.14018 4.42949 0.05743 0.37913 0.92356 e
15711.95415 3.75705 -0.16992 0.11220 0.97905 e
15714.84369 7.41395 0.13805 -0.12613 0.98236 e
15798.70644 2.23292 -0.52759 -0.12565 0.84015 eb
15800.16105 4.86544 -0.22824 0.14056 0.96340 xb
15805.61347 4.23721 0.31100 -0.25882 0.91449 eb
15877.57222 1.92418 0.30778 0.43885 0.84421 e
15911.66118 8.99153 0.12256 -0.21706 0.96843 xb
15943.55776 1.22726 0.56441 0.48085 0.67099 eb
16006.41151 11.25235 0.00945 0.12083 0.99263 x
16047.18418 2.42897 0.50418 0.02537 0.86323 x
16064.09261 0.83593 -0.27559 -0.80949 0.51844 e
16197.63724 2.08336 0.58072 0.05538 0.81221 xb
16254.59553 4.21618 0.24629 0.26394 0.93256 x
16304.65315 1.42449 -0.35985 0.33089 0.87236 xb
16324.23731 5.79726 0.30611 0.01517 0.95188 eb
16334.92797 10.91212 0.10073 -0.10297 0.98957 x
16350.44899 3.23576 -0.24562 0.39333 0.88598 e
16384.57995 2.81424 -0.03744 -0.43759 0.89840 e
16386.52888 2.08625 0.30525 0.46594 0.83050 e
16486.62135 4.07529 -0.39247 0.00575 0.91975 x
16502.71693 9.59791 -0.11332 0.13976 0.98368 e
16521.08283 0.87624 -0.62042 0.55848 0.55061 e
16525.82805 24.34861 0.04572 -0.05539 0.99742 x
16527.10997 3.65971 0.23319 0.27199 0.93362 e
16555.71454 5.04638 -0.26279 0.19247 0.94546 e
16569.67133 3.18491 -0.02967 -0.20900 0.97747 e
16818.83264 1.89914 -0.61735 -0.03701 0.78582 xb
16913.44516 1.20664 0.70298 -0.12020 0.70098 e
16938.24443 1.74902 -0.63012 -0.11541 0.76787 eb
16992.14419 2.18521 0.18603 0.53929 0.82132 xb
17024.12460 1.47617 -0.05109 -0.67467 0.73635 xb
17024.79517 6.30462 -0.11168 0.22690 0.96750 e
17098.03073 6.89546 0.05806 0.14581 0.98761 xb
17160.99619 2.37642 -0.50610 0.16696 0.84616 e
17170.37213 6.31129 -0.11314 0.03795 0.99285 e
17187.83600 1.00615 0.16651 -0.75226 0.63748 xb
17286.30118 2.49346 0.42666 -0.18831 0.88459 eb
17296.59908 9.90590 0.04101 0.23278 0.97167 x
17298.64639 6.27967 -0.13806 -0.26247 0.95501 eb
17389.44430 7.96804 -0.14700 0.12332 0.98142 eb
17451.77943 10.76507 -0.14126 -0.10074 0.98483 xb
17613.94140 13.31550 0.07054 -0.00330 0.99750 e
17620.84673 3.17200 0.23020 0.40003 0.88712 xb
17786.99445 14.46859 -0.06665 -0.02075 0.99756 xb
17789.69056 4.63074 -0.19781 0.16392 0.96644 e
17848.04812 1.80212 -0.62466 0.10000 0.77447 eb
17882.06507 6.24973 0.26849 0.12652 0.95494 xb
17904.71249 5.45615 0.29151 0.02045 0.95635 x
17909.98179 15.64761 0.07387 -0.00380 0.99726 x
17911.20278 2.67173 -0.38582 -0.28080 0.87880 e
17922.77679 3.15443 0.21413 -0.42980 0.87717 xb
17985.37027 1.73596 0.09686 -0.43594 0.89475 xb
17995.71859 3.13695 -0.28810 -0.10318 0.95202 xb
18054.04341 3.27455 0.17425 -0.19966 0.96425 e
18212.41240 4.00883 0.00241 -0.07725 0.99701 e
18229.71364 2.52591 -0.11457 0.46343 0.87870 e
18293.40405 3.15158 -0.22324 -0.38335 0.89622 e
18302.94956 7.25488 0.11809 0.13572 0.98369 xb
18340.77631 0.84616 -0.12023 0.82619 0.55042 e
18386.63299 6.47644 0.20275 0.00632 0.97921 e
18427.51774 3.52715 -0.41280 0.10503 0.90475 e
18459.90317 7.99198 0.19239 0.06254 0.97932 e
18484.97739 2.93901 -0.13112 0.46512 0.87548 xb
18505.20810 12.65018 -0.08412 0.02734 0.99608 x
18536.31803 3.48186 -0.14309 0.30814 0.94052 e
18557.02447 3.72872 -0.07829 -0.07979 0.99373 eb
18701.43874 10.91463 -0.11908 -0.19294 0.97396 e
18773.42857 6.00102 0.23547 -0.14268 0.96135 e
18774.34703 5.46462 -0.13988 -0.17699 0.97422 e
18790.58862 5.66727 0.12915 -0.25976 0.95700 e
18845.47006 2.32045 0.20618 0.53220 0.82113 eb
18939.28116 0.95936 0.71658 -0.26212 0.64638 e
18958.93795 4.91052 0.08735 0.09872 0.99127 e
18962.95351 0.78892 0.78837 -0.08776 0.60891 eb
19041.62405 1.73921 -0.39411 0.51202 0.76322 e
19090.05525 4.80540 -0.02677 -0.16383 0.98613 x
19121.03012 10.15546 0.05247 0.13832 0.98900 x
19174.81302 1.72282 -0.27884 -0.40449 0.87099 xb
19188.92977 7.86423 0.06421 -0.24091 0.96842 e
19335.54477 3.67001 0.42254 0.04155 0.90539 eb
19344.70990 3.24340 0.32488 0.17110 0.93015 xb
19355.65813 10.95252 -0.01001 -0.09512 0.99542 e
19453.02532 2.51036 -0.26353 0.45806 0.84896 e
19511.54904 4.54936 -0.08296 -0.30037 0.95021 e
19516.68395 3.50485 0.17833 0.39711 0.90028 eb
19562.39543 19.08593 0.04977 0.06363 0.99673 x
19570.84623 2.21145 0.56158 -0.17009 0.80975 e
19580.38980 6.08929 0.19031 -0.01973 0.98153 e
19651.71383 6.22665 0.34753 -0.07412 0.93473 eb
19661.95754 1.12342 0.19450 -0.74187 0.64171 eb
19662.91360 2.22156 0.28367 -0.21875 0.93364 e
19690.63068 1.22819 -0.17230 0.39382 0.90290 x
19754.39548 5.54680 -0.13824 0.27114 0.95256 e
19779.66765 4.85088 -0.00657 0.08743 0.99615 x
19781.94174 4.89588 0.20342 -0.10398 0.97355 eb
19888.06092 3.44370 0.20042 0.40862 0.89043 eb
19912.73096 7.12784 0.06471 -0.08132 0.99459 eb
19955.25218 2.77803 0.18831 -0.27367 0.94321 e
19955.31831 2.64381 0.28684 0.42652 0.85779 x
