20.18288 40.51547 0.55442 -0.82981 0.06348 eb
21.02051 69.81274 -0.99000 0.13760 -0.03094 eb
21.99475 41.88103 0.84461 0.22926 -0.48382 eb
22.51251 84.23841 0.21722 -0.64441 -0.73318 eb
22.89252 77.07607 -0.33445 0.90972 -0.24606 eb
23.73729 63.38641 0.34346 0.32722 -0.88032 eb
25.15625 59.33067 0.26852 0.72482 0.63446 eb
25.30841 52.22887 0.99614 0.08284 0.02917 eb
25.47615 74.28124 -0.66980 -0.63050 0.39223 eb
27.85566 21.29957 0.70257 -0.20067 -0.68274 eb
28.03411 19.58823 -0.36142 0.50402 -0.78444 eb
28.45442 58.21437 -0.45938 0.85662 -0.23487 eb
28.53352 55.20162 0.44084 0.37706 -0.81454 eb
29.07623 33.05547 -0.15821 0.67475 -0.72089 eb
29.31576 74.04659 0.13523 0.73018 0.66974 eb
29.59281 39.94700 -0.53449 -0.84419 0.04082 eb
30.00098 32.13908 -0.68533 -0.28065 -0.67198 eb
30.75809 53.76914 -0.92469 0.37093 -0.08574 eb
31.41868 48.24391 -0.68810 -0.53916 -0.48562 eb
31.76203 37.81403 -0.53994 0.28509 -0.79195 eb
31.98148 63.33342 -0.34776 0.58239 -0.73477 eb
32.57196 37.68775 -0.77222 -0.53873 -0.33681 eb
32.86617 48.38649 0.18325 -0.49786 -0.84768 eb
33.30103 68.70959 0.27595 0.67735 -0.68195 eb
33.38009 69.29495 -0.53104 0.48690 -0.69349 eb
34.04616 45.10924 0.17144 0.54620 0.81993 eb
35.98963 32.74213 0.29899 0.84825 -0.43713 eb
36.17720 60.52186 -0.72915 -0.65711 0.19117 eb
36.21444 37.21066 -0.56828 0.24975 0.78402 eb
36.22908 50.25610 0.84988 0.00128 -0.52697 eb
36.67837 47.88980 -0.48957 -0.43214 -0.75735 eb
38.71926 29.69549 0.16585 -0.63692 -0.75288 eb
39.05537 87.81457 0.33520 0.93802 0.08813 eb
39.16109 49.55270 0.28206 0.84564 -0.45314 eb
39.16581 86.42720 0.83462 -0.32766 -0.44278 eb
39.35160 63.54820 0.12006 -0.07544 -0.98990 eb
39.60625 69.84860 -0.34209 0.80776 0.48009 eb
39.82001 84.52671 0.53762 0.83351 0.12740 eb
40.02063 79.11492 0.93785 -0.27417 0.21277 eb
40.02453 30.68841 -0.97714 -0.20539 -0.05496 eb
40.65333 85.55910 -0.17450 0.93381 0.31232 eb
41.86295 52.86237 0.68777 0.56970 -0.44990 eb
42.93966 82.26171 0.09416 -0.66362 -0.74212 eb
43.05355 26.02867 0.82256 0.48554 -0.29606 eb
43.31012 43.69700 0.39082 -0.22497 -0.89255 eb
44.15243 83.31889 0.36487 -0.79080 -0.49143 eb
44.71865 77.75659 0.60984 -0.79252 -0.00397 eb
45.17245 45.67408 -0.70484 0.22582 -0.67246 eb
46.15252 24.92856 0.66931 -0.37318 0.64246 eb
46.41005 26.01002 0.95978 0.27664 -0.04791 eb
47.38631 49.54229 -0.98178 0.10199 0.16032 eb
48.12623 80.19225 0.07912 -0.62556 -0.77616 eb
48.35947 77.61117 -0.79592 0.47577 0.37438 eb
48.91203 59.67495 0.18993 0.92355 0.33314 eb
50.35087 46.23638 -0.45766 0.61714 -0.64006 eb
50.38959 26.55646 -0.96351 0.22344 -0.14739 eb
50.39815 73.38371 -0.28950 -0.95638 0.03922 eb
50.71857 84.98286 0.15568 -0.63344 -0.75797 eb
50.99166 87.84369 0.92938 0.09183 -0.35751 eb
51.00522 64.96130 0.43391 0.89672 -0.08727 eb
51.09745 59.76650 -0.28188 -0.26849 -0.92112 eb
51.36576 53.34937 0.17551 0.77299 -0.60965 eb
52.62669 82.37034 -0.25262 0.01591 -0.96744 eb
52.82830 58.39497 -0.58578 0.09752 -0.80458 eb
54.02286 82.59454 -0.40341 0.15294 -0.90215 eb
54.34665 77.22733 -0.61027 -0.78247 -0.12378 eb
54.77268 35.84513 -0.82670 0.38353 -0.41167 eb
55.05270 27.27355 -0.91791 -0.15660 0.36458 eb
55.92386 48.46233 0.31536 0.57443 0.75536 eb
55.97338 30.22996 -0.03967 -0.63813 -0.76891 eb
57.45312 49.09560 0.42432 -0.52369 -0.73871 eb
57.75464 53.13603 0.94896 0.31245 -0.04310 eb
58.75277 62.34238 0.36524 -0.80283 -0.47124 eb
58.75854 45.00014 -0.40135 -0.85958 -0.31629 eb
60.15157 71.88842 0.11912 0.77204 -0.62431 eb
60.25645 16.80879 0.45198 0.89188 0.01607 eb
61.12235 74.14027 -0.69960 -0.44744 -0.55709 eb
61.38851 53.17732 0.38852 -0.84310 -0.37181 eb
62.29836 14.45508 -0.12827 -0.81664 -0.56271 eb
63.28386 48.09677 -0.15592 -0.74640 0.64697 eb
63.93651 44.14687 0.60989 0.43562 -0.66202 eb
63.94973 87.96985 0.58235 -0.77423 -0.24786 eb
64.08946 87.38740 0.32899 0.14394 -0.93330 eb
64.15343 59.32555 0.77085 0.53608 0.34410 eb
64.51909 65.27343 0.89710 -0.12075 0.42501 eb
65.25362 49.41959 -0.03094 -0.61043 0.79146 eb
65.30930 35.30549 -0.68511 0.46311 0.56228 eb
65.54055 17.88255 0.21700 -0.95839 -0.18547 eb
65.83154 44.66749 -0.87250 0.44778 -0.19557 eb
65.92342 77.93413 0.68286 0.14104 -0.71680 eb
65.97107 81.78578 -0.00260 0.88438 -0.46676 eb
67.15481 71.24690 -0.11358 -0.98512 0.12902 eb
67.23827 57.71761 -0.77260 -0.58944 -0.23588 eb
67.60231 55.56377 -0.49861 -0.73507 0.45941 eb
68.14375 60.22880 -0.25331 0.96264 0.09572 eb
69.75126 25.81802 -0.52012 -0.81537 -0.25426 eb
71.24173 45.51987 -0.56951 -0.72444 -0.38840 eb
71.72958 84.63219 -0.09033 -0.74215 -0.66412 eb
71.75923 44.18258 0.35200 -0.16859 0.92069 eb
71.91734 29.64140 -0.40935 -0.07387 -0.90938 eb
72.46516 71.53049 0.29291 0.86507 -0.40727 eb
73.30768 14.33141 0.44303 0.59967 -0.66642 eb
73.35212 36.43745 -0.63321 -0.30323 -0.71210 eb
73.46759 46.58489 0.80763 -0.33362 0.48624 eb
73.57782 50.67350 -0.88422 -0.37761 0.27490 eb
73.68346 74.42985 -0.13259 0.37479 -0.91758 eb
74.07358 42.63404 0.33691 0.28738 -0.89661 eb
74.40748 7.80902 0.67350 0.00802 0.73914 eb
75.06087 34.05748 0.92708 -0.37092 -0.05424 eb
75.84930 7.70755 0.28570 0.94507 -0.15883 eb
76.64676 86.89402 0.30858 0.94688 -0.09052 eb
77.83521 14.47466 -0.32251 0.54153 -0.77636 eb
78.22834 53.70598 0.58835 -0.80253 -0.09897 eb
78.42701 48.29862 -0.60959 0.75947 -0.22717 eb
78.52965 25.15470 -0.41846 0.87615 0.23927 eb
79.39899 31.13369 -0.01347 -0.88221 -0.47066 eb
80.84814 14.39461 0.13991 -0.39582 -0.90761 eb
80.87406 80.41964 -0.40783 0.77879 0.47661 eb
81.93076 54.28809 0.71514 -0.59949 -0.35943 eb
82.03494 29.92307 0.54649 0.34077 -0.76500 eb
82.63425 54.38631 -0.77330 -0.48691 -0.40610 eb
82.64423 62.25571 0.87407 0.08787 -0.47779 eb
82.92863 74.53265 -0.62103 0.46881 -0.62812 eb
84.54910 28.87524 -0.30741 -0.87464 -0.37483 eb
85.03926 19.71766 0.55512 -0.77116 -0.31170 eb
85.61511 36.37427 -0.17001 -0.47672 -0.86246 eb
85.74191 33.78795 -0.42821 -0.86982 -0.24504 eb
85.99482 39.15277 0.46293 0.86255 0.20423 eb
87.69727 38.43491 -0.16559 0.46766 -0.86826 eb
87.89062 87.42647 -0.60417 0.39564 -0.69170 eb
88.18935 87.45592 0.87186 -0.41279 -0.26354 eb
89.37642 32.35473 0.42534 0.47846 -0.76822 eb
90.01846 46.09670 0.14772 0.98881 0.02103 eb
90.80555 41.20725 -0.86386 -0.46656 -0.18990 eb
90.93468 34.66806 -0.53604 -0.47762 0.69609 eb
91.12788 69.85838 0.08118 0.43577 -0.89639 eb
91.25773 44.88272 0.93682 -0.32633 -0.12604 eb
91.29799 25.51368 -0.92157 0.25223 -0.29510 eb
91.77593 36.54554 0.53935 -0.82376 -0.17473 eb
93.08287 36.26573 -0.21933 -0.85629 -0.46761 eb
93.36652 70.29410 -0.49851 -0.77479 -0.38884 eb
93.50721 72.81666 -0.69171 0.24085 -0.68083 eb
94.58493 44.75375 -0.42976 0.39574 -0.81160 eb
94.79912 59.16504 -0.45782 0.57604 -0.67719 eb
96.02629 63.79294 0.03319 0.82158 -0.56912 eb
96.88382 77.63960 0.60440 0.68124 -0.41305 eb
98.10278 69.40878 -0.07216 0.25296 -0.96478 eb
98.55833 49.95795 -0.33420 0.62527 -0.70523 eb
98.64671 43.69625 0.49307 0.82650 -0.27162 eb
99.32756 68.46941 0.61007 -0.79186 0.02790 eb
100.66941 83.05908 -0.60409 -0.06184 -0.79451 eb
100.74881 9.59917 -0.48508 -0.80878 -0.33251 eb
100.94698 67.37555 -0.20915 0.97746 -0.02874 eb
101.90468 73.77395 -0.14134 0.93107 0.33637 eb
102.68669 32.54577 -0.11878 0.99036 -0.07120 eb
104.54516 35.96806 0.76224 0.32297 -0.56096 eb
104.80425 39.20318 -0.22933 -0.52667 -0.81855 eb
104.99387 49.56491 -0.62776 0.68195 -0.37532 eb
105.19573 48.62932 0.08917 0.66883 -0.73805 eb
105.39535 44.32763 0.13049 0.90919 0.39541 eb
105.73453 52.45280 -0.77210 -0.57991 -0.25993 eb
107.39385 24.35922 0.79256 0.31078 -0.52466 eb
107.67962 45.63851 0.77120 0.61879 -0.14952 eb
109.00029 44.33186 0.15473 0.98613 -0.06012 eb
110.41579 69.08562 0.42543 0.54894 -0.71950 eb
112.79276 51.54889 -0.48940 -0.66858 -0.55990 eb
113.81014 29.81966 -0.10948 -0.17906 -0.97773 eb
113.94797 44.69370 0.73933 0.29091 -0.60725 eb
114.17320 54.35999 0.56027 -0.58706 -0.58435 eb
114.19434 9.71558 -0.40811 -0.09532 -0.90794 eb
114.58335 30.07693 0.20037 0.62879 0.75132 eb
115.28876 35.97122 -0.18461 0.80152 0.56876 eb
115.66064 42.80422 0.18896 -0.75851 -0.62367 eb
116.34782 51.57801 0.25010 -0.95606 0.15294 eb
116.82884 27.83110 0.61991 -0.33319 -0.71042 eb
117.04415 37.23076 0.98655 -0.08457 0.13988 eb
117.07600 51.01834 0.99787 0.00348 0.06512 eb
118.98066 31.15418 0.28695 -0.42277 -0.85961 eb
119.77404 53.28297 0.67461 0.66651 0.31726 eb
121.19677 25.89951 0.90401 -0.38773 -0.18011 eb
121.67091 63.43459 0.23699 -0.05436 -0.96999 eb
121.78115 45.23613 0.44759 -0.74639 -0.49251 eb
122.51294 44.37517 0.82220 0.55091 -0.14313 eb
123.31783 14.31809 -0.65230 -0.09261 -0.75228 eb
123.88489 56.82305 0.86363 0.42646 0.26882 eb
125.46695 22.09879 0.01953 -0.79738 -0.60316 eb
125.65214 41.87881 -0.69506 -0.69241 -0.19357 eb
126.07791 39.08883 0.94186 -0.33597 0.00594 eb
126.58494 56.70244 -0.83256 -0.04601 -0.55202 eb
126.63348 27.78369 0.57045 -0.74745 -0.34044 eb
127.00421 52.04647 0.57072 0.40176 0.71615 eb
127.80021 85.45707 -0.14201 -0.63767 -0.75710 eb
128.22592 67.87232 -0.88840 -0.27325 -0.36890 eb
128.33012 38.43236 0.06381 0.33784 -0.93904 eb
128.35748 15.31092 0.25880 -0.25757 0.93096 eb
128.60420 30.90858 -0.11185 -0.13116 -0.98503 eb
128.85324 30.76311 -0.84956 0.52237 -0.07330 eb
130.07031 39.26324 -0.74193 -0.05724 -0.66803 eb
130.16253 54.48571 -0.40984 -0.89482 0.17697 eb
131.05894 84.14419 -0.65050 0.74124 -0.16559 eb
131.85194 45.98145 -0.35377 0.56586 -0.74474 eb
132.02638 62.57106 0.01459 0.57548 -0.81769 eb
132.47123 62.76578 0.83547 -0.37803 -0.39886 eb
133.38434 62.53705 0.67104 -0.06616 -0.73847 eb
134.41087 6.98433 0.09217 0.88740 0.45168 eb
134.55490 21.78376 0.97244 -0.19856 0.12223 eb
134.98360 64.19417 -0.80803 0.12273 -0.57621 eb
135.53772 29.31331 -0.92942 0.36260 0.06863 eb
135.91264 17.68528 0.42620 0.21417 0.87891 eb
136.06983 42.29600 -0.38716 0.89125 -0.23619 eb
136.32176 57.88423 0.06302 -0.17768 -0.98207 eb
137.58425 46.80064 0.05351 -0.83820 0.54273 eb
138.06121 46.66174 0.92791 0.31845 -0.19384 eb
139.44371 32.74816 0.09960 -0.42219 -0.90102 eb
140.03416 24.38020 -0.81997 0.57011 0.05120 eb
140.55946 42.92843 -0.14916 0.74300 -0.65246 eb
140.68649 51.66512 -0.61941 0.69119 -0.37227 eb
141.22772 71.53379 -0.18947 0.97787 0.08866 eb
141.74563 82.94709 -0.83016 -0.47116 -0.29806 eb
142.13622 18.24076 0.29710 0.90925 -0.29155 eb
142.36569 22.16447 0.90473 0.23020 -0.35844 eb
142.43061 43.24085 0.00729 0.98840 -0.15172 eb
142.53078 9.11520 0.89566 0.32134 0.30747 eb
142.88355 45.17748 -0.67766 -0.37674 0.63154 eb
142.96042 71.68605 0.65628 -0.18240 -0.73214 eb
144.05261 88.32434 -0.10055 0.75956 -0.64262 eb
144.08003 62.26637 0.44971 -0.84604 -0.28631 eb
145.04465 38.49264 -0.15336 -0.42446 -0.89236 eb
146.06866 42.53226 -0.48114 0.85035 -0.21311 eb
146.29679 71.67563 0.53739 0.50863 -0.67268 eb
148.98203 26.14488 -0.21983 -0.94413 0.24553 eb
149.15803 39.14699 -0.31819 0.93813 0.13665 eb
149.33103 69.62773 0.48734 0.78781 0.37664 eb
149.65796 31.13875 -0.38520 -0.89324 -0.23184 eb
151.02636 67.32660 -0.60407 -0.57687 -0.54983 eb
151.37788 54.00568 -0.46321 0.88566 -0.03235 eb
151.46234 23.43473 -0.17298 -0.61949 -0.76571 eb
152.11784 24.47273 -0.64597 -0.51852 -0.56023 eb
152.13248 7.36445 -0.77600 -0.62728 0.06593 eb
152.32280 40.81665 0.59411 -0.62660 -0.50438 eb
152.40479 53.08331 0.92557 0.15840 -0.34383 eb
152.99190 15.08749 0.53983 -0.34498 0.76783 eb
153.62704 33.69923 -0.26548 0.04456 -0.96309 eb
153.85630 20.82596 0.71890 0.36621 -0.59083 eb
154.20862 59.64059 -0.23180 0.76133 -0.60552 eb
154.27854 24.18530 0.01556 0.94073 0.33880 eb
154.71580 37.79091 -0.38360 -0.90359 0.19071 eb
156.00687 68.23366 0.88056 0.31771 -0.35168 eb
156.20452 58.23903 -0.18273 0.38225 -0.90581 eb
156.50400 81.70860 -0.87060 -0.49138 0.02443 eb
157.47042 58.71748 -0.96249 -0.22467 0.15210 eb
157.92928 18.38051 -0.26940 0.75110 -0.60272 eb
159.30896 47.82889 0.72540 -0.29812 0.62042 eb
159.84005 30.05120 -0.60253 -0.18174 0.77713 eb
160.22268 25.16963 -0.41082 0.90889 -0.07169 eb
160.90577 30.86930 -0.08595 -0.47924 0.87347 eb
161.82736 49.61347 0.13277 -0.98623 -0.09859 eb
162.39533 18.47746 -0.35166 -0.92631 0.13519 eb
162.46010 39.20211 -0.74601 0.33418 -0.57602 eb
162.51948 20.21825 -0.75595 -0.65422 0.02313 eb
162.52946 62.65733 -0.35360 0.88347 0.30733 eb
162.68435 43.57543 0.46023 0.80774 0.36844 eb
162.68539 36.43654 -0.52256 0.85235 0.02079 eb
162.74548 67.50105 0.32783 0.90321 0.27703 eb
163.71693 49.66164 -0.74354 -0.46812 0.47750 eb
164.00206 33.03798 0.78304 0.61102 0.11624 eb
164.74759 31.12435 0.40538 -0.16602 -0.89895 eb
164.89800 17.00491 0.38847 -0.76221 -0.51781 eb
165.34456 18.00728 -0.07053 0.95470 -0.28910 eb
165.65043 23.68002 -0.52795 -0.02271 0.84897 eb
165.87161 24.54672 -0.05318 0.70889 -0.70331 eb
166.03276 39.14558 -0.54523 0.57675 -0.60834 eb
166.18823 37.86917 -0.16110 0.75450 0.63622 eb
166.30709 38.51702 0.09497 -0.85749 0.50566 eb
167.16332 52.26987 0.54651 -0.65466 -0.52225 eb
167.75713 25.19314 -0.62111 -0.45734 -0.63645 eb
167.81418 24.69597 -0.70642 0.07598 -0.70371 eb
168.27420 26.53737 -0.32643 -0.94429 -0.04193 eb
168.79842 33.45989 -0.57997 -0.37775 -0.72176 eb
169.00773 40.21012 -0.83247 0.07754 -0.54862 eb
169.38935 17.85373 0.28177 0.01838 -0.95930 eb
169.40090 37.37792 0.45645 0.60534 -0.65209 eb
169.77378 18.61690 0.75156 0.38505 0.53562 eb
170.19511 35.48821 0.75599 -0.41792 -0.50380 eb
171.46438 56.24711 0.07753 0.53585 -0.84074 eb
171.56672 26.47291 -0.07491 0.55789 -0.82653 eb
171.61585 53.41659 0.97227 -0.22111 0.07619 eb
171.85458 28.86215 -0.85393 -0.26329 -0.44887 eb
172.14116 72.92937 0.30413 0.65098 -0.69551 eb
173.15805 26.71215 -0.08334 0.42719 -0.90032 eb
173.66724 31.64535 0.97961 -0.15421 -0.12875 eb
173.94983 37.81601 -0.05782 0.08155 -0.99499 eb
174.06303 17.56973 -0.59365 -0.12362 0.79517 eb
174.31751 62.12419 0.78958 0.56516 -0.23905 eb
174.46358 27.92291 -0.14497 -0.84457 0.51544 eb
175.53991 43.67396 -0.22816 0.95589 -0.18496 eb
175.58048 36.36569 0.22584 -0.95296 -0.20216 eb
176.31427 33.50210 -0.29148 0.08888 -0.95244 eb
176.91124 60.57655 -0.60052 0.64700 -0.46987 eb
178.34379 38.23534 -0.09822 -0.99503 -0.01651 eb
178.71288 46.15925 0.58259 0.81143 -0.04653 eb
180.34773 15.61915 0.37156 -0.81561 -0.44354 eb
180.37526 83.22375 -0.68260 -0.51980 -0.51369 eb
181.62618 61.24456 -0.73554 0.44558 -0.51033 eb
181.95649 64.85484 -0.22147 -0.68115 -0.69784 eb
183.26012 65.13493 0.96086 -0.27406 0.04045 eb
183.30274 80.87310 0.41178 -0.37099 -0.83235 eb
184.15674 62.10101 0.92005 0.38459 0.07478 eb
184.66089 21.18950 0.22218 0.68882 0.69005 eb
185.40403 10.27149 -0.00717 0.84131 0.54051 eb
187.35663 38.42420 -0.77624 0.45244 -0.43903 eb
187.44775 58.67721 -0.67977 -0.63743 -0.36276 eb
188.19769 19.60209 0.01577 -0.65715 -0.75359 eb
188.42061 62.95677 -0.27057 -0.64174 -0.71761 eb
189.18841 32.63143 -0.80763 -0.48355 0.33751 eb
189.50958 49.82525 -0.41302 0.33249 -0.84786 eb
189.54581 58.70092 0.28652 0.43067 -0.85582 eb
189.98551 61.98038 -0.76792 -0.50899 0.38888 eb
190.16594 56.02854 0.19042 0.88503 0.42480 eb
192.13520 56.11623 0.83257 -0.37850 -0.40443 eb
192.25162 82.84950 0.71519 0.10356 -0.69122 eb
192.72618 15.81768 -0.93996 -0.20903 -0.26977 eb
192.76683 18.23224 -0.58521 -0.44074 -0.68064 eb
193.11263 73.50152 0.85529 -0.11574 0.50505 eb
193.26533 32.43546 0.51593 0.34215 0.78534 eb
195.04321 24.61383 -0.07323 0.24732 -0.96616 eb
196.13470 11.35293 -0.25202 0.48498 -0.83742 eb
197.02426 57.55293 -0.34502 0.93421 0.09061 eb
197.31104 43.17212 -0.06289 -0.83506 0.54656 eb
198.25959 12.61561 -0.87450 -0.01460 0.48481 eb
198.43075 82.23488 0.78685 0.13279 -0.60269 eb
199.68363 40.89884 -0.13391 -0.80671 -0.57558 eb
200.22157 68.56220 -0.19681 -0.52900 -0.82548 eb
201.18150 31.79820 -0.66646 0.36384 -0.65073 eb
201.64127 66.52135 0.43923 0.54868 -0.71135 eb
202.36447 47.64234 -0.05512 -0.67128 -0.73915 eb
202.48578 31.59524 -0.00586 0.00566 0.99997 eb
206.73911 62.10368 -0.54870 -0.60638 0.57553 eb
207.29100 36.61474 -0.22765 -0.97177 -0.06196 eb
207.48705 43.36341 -0.08576 0.34489 -0.93471 eb
207.63790 74.84295 -0.96838 0.22599 -0.10570 eb
207.93487 68.98432 -0.30705 -0.55778 -0.77110 eb
208.45809 78.03993 0.88635 0.39133 -0.24746 eb
208.81444 13.35517 0.41235 0.20710 -0.88717 eb
209.15508 32.03066 0.44733 0.07713 -0.89103 eb
212.99035 72.77865 -0.10299 -0.94486 -0.31085 eb
215.34222 28.45530 -0.85079 0.17801 -0.49444 eb
215.40712 31.82034 -0.07983 0.98797 0.13248 eb
215.74356 17.59890 -0.34626 -0.06707 -0.93574 eb
216.11753 39.75109 0.69438 -0.46565 -0.54864 eb
216.81814 45.51518 -0.96113 -0.13415 0.24132 eb
217.09868 39.72206 0.22577 -0.91916 -0.32275 eb
218.09875 42.11699 0.76046 0.20215 -0.61712 eb
218.17919 75.29805 0.28764 0.75833 -0.58497 eb
218.70651 46.05000 -0.75028 -0.50397 0.42789 eb
219.17090 30.90453 0.79749 0.33412 -0.50237 eb
219.33573 79.81410 0.19999 0.93117 -0.30485 eb
220.17091 12.24855 0.74531 0.66140 0.08408 eb
221.23135 33.36579 0.51899 -0.63243 -0.57506 eb
221.53813 67.88344 -0.28181 0.35149 -0.89277 eb
221.86312 78.29578 -0.63763 -0.34526 -0.68864 eb
223.51148 19.34964 -0.77187 0.14767 0.61840 eb
224.35671 41.53273 -0.77392 -0.49466 -0.39542 eb
225.05199 12.60433 -0.40449 0.43184 -0.80616 eb
225.79542 76.20729 0.13406 -0.18196 -0.97412 eb
226.33031 23.75125 0.62267 -0.76406 -0.16877 eb
227.26520 55.98842 0.49145 -0.81372 -0.31040 eb
227.35136 33.72480 0.88504 -0.29142 0.36301 eb
227.96419 46.09443 0.20963 -0.97581 -0.06204 eb
228.35471 32.71298 -0.80007 -0.54438 0.25209 eb
228.35543 71.48781 -0.82983 -0.38430 -0.40459 eb
230.68080 50.86450 -0.34761 -0.19858 -0.91637 eb
231.31348 45.30784 0.89409 0.19543 -0.40300 eb
231.95464 21.84581 0.96918 0.24210 -0.04551 eb
232.13198 14.73726 0.38345 0.32784 0.86342 eb
234.54883 23.44180 0.51173 0.17599 -0.84092 eb
234.63650 35.09026 -0.17784 -0.17833 -0.96777 eb
235.21624 59.67541 0.27169 0.35179 -0.89578 eb
235.92799 34.15619 0.92387 0.00888 0.38260 eb
236.36492 34.37792 0.19257 -0.96675 -0.16828 eb
237.01489 30.57572 0.57366 -0.03757 -0.81823 eb
238.88306 56.87596 0.04065 -0.48936 -0.87113 eb
239.76677 27.03870 0.93166 0.21903 0.28990 eb
240.06827 57.66004 0.91624 -0.03692 -0.39892 eb
240.21919 22.86827 0.86913 0.31709 0.37956 eb
241.86913 20.83862 0.57276 -0.42123 -0.70321 eb
242.03018 61.29723 0.47416 0.35316 -0.80651 eb
242.06029 42.55910 0.80801 0.52232 -0.27258 eb
242.43425 54.72804 -0.74967 0.47675 -0.45904 eb
243.20955 37.26075 -0.81672 0.01500 0.57684 eb
243.21876 59.59786 0.70387 -0.67455 0.22261 eb
244.58127 24.40896 -0.03268 0.75367 -0.65644 eb
244.71712 26.46170 0.72317 0.58255 0.37102 eb
244.73056 24.96989 0.89611 0.39810 -0.19621 eb
245.27544 52.70253 0.46612 0.40617 -0.78598 eb
245.50121 19.18935 -0.26676 0.29160 -0.91859 eb
245.87047 79.80300 0.82346 0.32315 0.46637 eb
246.15131 25.91017 -0.64819 0.27117 0.71156 eb
246.17557 12.81551 -0.08043 0.59098 -0.80267 eb
246.90574 33.49274 0.23429 0.71432 -0.65944 eb
247.58042 42.16034 -0.32934 -0.76663 -0.55119 eb
247.90050 52.87413 0.85891 0.01453 0.51192 eb
248.24923 42.17875 0.25268 -0.36269 -0.89700 eb
249.57267 12.07894 -0.12960 -0.59330 0.79448 eb
250.43618 80.58690 -0.46724 0.08130 -0.88038 eb
250.61939 51.64227 0.71835 0.08770 -0.69013 eb
253.55717 18.04351 0.91348 0.27538 0.29954 eb
253.83563 27.36308 -0.18628 -0.40363 0.89576 eb
256.21451 33.82863 0.28786 -0.50703 -0.81244 eb
256.62298 50.56335 0.52148 -0.58782 -0.61849 eb
258.72441 58.17481 -0.56116 -0.61250 -0.55672 eb
260.20003 29.87508 -0.76872 0.63642 0.06358 eb
260.34670 40.96505 0.09601 -0.85678 -0.50666 eb
260.46633 23.31228 0.53652 0.79805 0.27435 eb
260.47419 23.17013 -0.36681 -0.71875 -0.59063 eb
260.52482 29.71901 -0.47378 0.12511 0.87171 eb
262.92622 23.38462 0.76108 0.39732 -0.51274 eb
262.93758 30.06807 0.47896 -0.87099 -0.10944 eb
263.34109 59.57975 -0.86266 -0.18665 -0.47008 eb
264.14389 54.62986 -0.05087 -0.35297 -0.93425 eb
264.18016 36.12017 0.38249 -0.89981 -0.20988 eb
264.59961 35.32897 0.56818 0.54247 -0.61879 eb
266.48512 48.51582 0.56929 0.80678 -0.15815 eb
266.76035 20.04077 -0.13658 -0.03673 -0.98995 eb
266.80306 25.65874 -0.63169 -0.40619 0.66028 eb
267.25315 35.11663 0.19299 0.97062 -0.14373 eb
268.48817 70.89990 -0.60187 0.45330 -0.65747 eb
269.73100 11.07723 0.05344 0.75627 -0.65207 eb
269.81135 34.38599 -0.82206 0.49175 -0.28706 eb
270.09710 59.09172 0.05282 0.96988 -0.23780 eb
270.43803 37.35651 -0.64326 -0.30228 -0.70345 eb
270.50564 39.46879 -0.90760 0.41551 -0.06016 eb
271.51603 26.26479 -0.35857 -0.93036 0.07649 eb
272.22614 28.28154 -0.23570 -0.79544 0.55831 eb
272.44777 38.04230 -0.88479 0.12170 -0.44983 eb
272.63373 23.90085 -0.49348 -0.21937 -0.84164 eb
272.69852 19.57963 -0.08501 -0.34489 0.93479 eb
273.80030 74.23188 -0.48483 -0.86389 -0.13647 eb
274.16210 57.30089 0.97622 0.21566 -0.02208 eb
274.53336 36.58893 -0.20739 -0.67337 -0.70963 eb
276.47084 77.54808 0.19199 0.02063 -0.98118 eb
276.53615 43.33896 0.35340 -0.85388 -0.38210 eb
277.15841 43.51948 0.85593 0.51201 0.07233 eb
277.58744 51.86826 -0.25760 0.14164 -0.95581 eb
277.91325 41.86637 -0.92850 -0.16941 -0.33043 eb
278.14858 76.27669 0.29924 -0.69689 -0.65177 eb
279.28846 35.65199 -0.87179 -0.24174 -0.42607 eb
279.55764 81.70360 -0.23811 0.96723 -0.08811 eb
279.87687 29.74851 0.17538 0.29748 -0.93848 eb
280.19899 44.71258 -0.42541 -0.89604 0.12700 eb
280.77422 36.62905 0.19458 -0.67258 -0.71398 eb
280.80362 41.85106 0.75253 0.01832 0.65830 eb
283.12645 42.41343 0.41171 0.77678 -0.47655 eb
283.43238 73.35201 -0.18366 0.95591 0.22916 eb
283.60775 64.90974 0.12358 -0.67877 0.72387 eb
284.16961 24.29047 0.99810 0.06146 0.00321 eb
285.19469 27.15743 -0.65996 0.02413 0.75091 eb
285.39899 27.95876 -0.09749 0.26625 -0.95896 eb
285.50767 48.41081 0.79929 -0.42123 -0.42861 eb
287.31630 38.36500 0.89073 0.11045 -0.44091 eb
287.70708 59.42388 0.89672 -0.35160 -0.26882 eb
287.90696 46.49541 0.88297 0.41864 -0.21236 eb
288.06383 36.18877 -0.39507 0.78814 -0.47197 eb
289.26126 20.51148 0.73903 0.61413 0.27691 eb
291.50084 18.42954 0.12653 0.70556 -0.69727 eb
291.86733 70.05084 0.44018 -0.73514 -0.51556 eb
292.02600 14.43639 -0.65594 -0.60874 0.44629 eb
292.71772 50.15942 0.42490 0.13367 0.89532 eb
293.29104 57.45461 0.66111 -0.53639 -0.52461 eb
293.35701 51.11614 0.18231 -0.47767 -0.85942 eb
293.46108 45.82169 0.45242 -0.48642 -0.74747 eb
293.51731 55.96236 0.49905 -0.62181 -0.60358 eb
294.45774 77.23417 0.35491 -0.85035 -0.38852 eb
294.93835 47.54016 -0.98228 -0.15933 -0.09871 eb
295.33991 50.51219 -0.82231 0.38740 -0.41680 eb
296.84173 51.77688 0.60743 0.05065 -0.79276 eb
297.81471 48.57941 -0.80084 0.56829 -0.18896 eb
298.23624 30.46381 -0.28284 -0.86235 -0.41994 eb
298.75226 45.25821 -0.33799 0.35746 -0.87062 eb
298.94171 55.49025 0.17253 -0.96332 0.20555 eb
299.47689 46.38254 0.45139 0.35544 -0.81848 eb
299.74271 33.84505 0.87727 0.03043 0.47903 eb
299.74303 52.60432 -0.35451 -0.07285 -0.93221 eb
299.96527 46.90604 -0.14198 0.98750 0.06842 eb
300.23084 66.09384 -0.33187 0.94323 0.01322 eb
300.46354 67.26270 0.69364 -0.11493 0.71109 eb
300.54634 34.59701 -0.67895 -0.25869 -0.68710 eb
301.24694 55.17432 0.67256 0.46110 -0.57884 eb
301.38083 37.31487 0.64001 0.68475 0.34858 eb
302.17674 11.30535 -0.27199 -0.51886 -0.81044 eb
303.27834 70.78298 0.02315 -0.96358 -0.26643 eb
303.32512 35.06467 0.62789 0.77783 0.02700 eb
304.13974 11.47993 -0.89130 -0.42175 -0.16648 eb
304.21332 56.62652 -0.63719 -0.26943 -0.72208 eb
305.60679 33.41380 0.06922 -0.78103 -0.62065 eb
305.94204 79.93110 -0.12908 -0.22117 -0.96665 eb
306.72369 37.64128 0.46160 0.87601 0.13977 eb
306.77404 22.50508 0.05082 -0.85620 -0.51413 eb
308.27809 35.76691 -0.40785 0.78791 0.46137 eb
308.35714 52.53571 0.95939 0.06113 -0.27537 eb
308.60026 51.63996 0.59934 0.75270 -0.27246 eb
309.34331 36.22405 -0.08829 0.72772 -0.68017 eb
309.41431 33.69955 -0.74430 0.66662 0.04046 eb
310.31562 17.54827 0.30558 0.90586 0.29333 eb
310.78326 49.32420 -0.60562 0.32814 -0.72495 eb
311.56006 34.68823 0.40920 -0.20674 -0.88871 eb
312.71934 46.01067 0.94614 -0.15748 0.28287 eb
312.91945 18.04097 0.47494 -0.70510 0.52656 eb
313.93632 34.79312 -0.14345 0.06476 -0.98754 eb
315.22193 44.17042 0.76369 0.33633 0.55105 eb
316.00548 36.58711 0.64234 -0.70696 -0.29598 eb
316.13970 33.92844 -0.37887 0.88227 0.27939 eb
316.99818 69.43032 0.47962 0.04737 -0.87620 eb
317.85581 55.81252 -0.01927 0.46008 0.88767 eb
318.76644 33.93646 -0.98336 -0.17847 -0.03379 eb
319.71550 61.18399 -0.10809 -0.90431 -0.41296 eb
320.40688 41.12792 -0.85021 -0.47473 -0.22754 eb
320.72113 53.55417 0.58557 -0.79332 -0.16658 eb
320.86903 39.25961 -0.32365 -0.28274 -0.90294 eb
322.44726 56.95146 0.50481 -0.65762 -0.55920 eb
323.52987 46.00278 -0.14525 0.96683 0.21010 eb
323.83600 21.97516 0.95054 0.29642 -0.09279 eb
323.94043 63.70377 -0.10939 -0.34115 -0.93362 eb
323.94209 26.24552 -0.80639 0.57803 0.12501 eb
324.16715 21.57864 0.29358 0.94681 0.13173 eb
325.25978 84.47141 -0.77349 0.41472 -0.47930 eb
326.01787 35.21153 -0.32634 -0.22462 -0.91818 eb
326.13707 64.46577 0.46607 -0.59234 0.65720 eb
326.66898 47.96271 -0.09575 0.47431 -0.87513 eb
327.04845 58.72183 -0.21194 0.96708 0.14087 eb
327.34115 40.81679 0.77817 0.57624 -0.24982 eb
327.39348 27.54220 -0.57661 0.81221 -0.08849 eb
328.39453 36.01375 0.06593 -0.99662 -0.04905 eb
328.67076 40.50627 0.56021 -0.35779 -0.74710 eb
328.89111 33.56509 -0.31911 0.87191 -0.37141 eb
328.96718 62.29733 0.17392 0.96849 -0.17829 eb
329.03921 76.78695 0.61567 0.51839 0.59348 eb
329.21527 52.04517 0.84370 -0.47015 -0.25908 eb
330.06444 31.21893 -0.57363 -0.53600 -0.61940 eb
330.53955 40.17352 -0.06752 0.66001 -0.74822 eb
330.89657 80.54911 0.44161 0.70629 -0.55330 eb
331.40475 43.45983 0.56226 -0.55305 0.61482 eb
331.60334 35.61229 0.76109 -0.64862 0.00659 eb
332.02513 42.86770 0.18284 -0.29839 -0.93677 eb
332.22307 65.22763 -0.56605 0.49892 -0.65625 eb
332.28739 22.28235 0.42784 -0.28210 -0.85870 eb
334.28846 70.65506 0.97616 0.20914 0.05804 eb
334.35902 81.51961 0.26773 0.01532 -0.96337 eb
335.01337 33.05991 -0.25982 -0.35650 -0.89744 eb
335.41202 38.89377 0.23421 -0.73265 0.63904 eb
335.45513 66.65604 0.96822 0.06610 0.24122 eb
335.70136 14.72373 -0.66357 0.74445 0.07392 eb
336.13531 43.99803 0.44029 -0.76070 -0.47695 eb
337.15669 46.91828 -0.64925 -0.61378 -0.44917 eb
337.60136 52.21037 0.69024 -0.60940 0.39013 eb
337.93368 41.70966 0.38712 -0.38144 -0.83943 eb
339.11851 46.42679 0.44916 -0.45153 -0.77095 eb
339.45763 30.00653 0.14010 -0.95265 -0.26986 eb
340.35593 26.47513 0.57298 0.62052 0.53540 eb
340.42996 67.83428 -0.98630 0.11921 -0.11403 eb
340.49490 37.09031 -0.92793 -0.03395 -0.37120 eb
340.67846 72.81075 -0.49575 0.50651 -0.70546 eb
340.68091 73.69833 0.20878 0.57565 0.79059 eb
340.71697 13.17864 0.91292 -0.02073 0.40762 eb
341.13866 32.82535 -0.74276 -0.60494 -0.28697 eb
342.71906 62.05241 0.88119 0.14363 -0.45042 eb
342.90546 16.32633 0.59940 0.42873 -0.67596 eb
343.07345 86.92533 -0.39002 -0.52459 -0.75676 eb
343.30093 36.16632 0.32144 -0.74142 -0.58904 eb
344.79132 29.58763 -0.84152 0.48531 0.23732 eb
344.87237 53.09831 -0.14749 -0.98881 0.02221 eb
347.63582 37.16071 -0.95959 -0.02206 -0.28054 eb
348.50327 83.41153 -0.16158 -0.02926 -0.98643 eb
350.36829 21.47948 0.83463 -0.50626 0.21700 eb
350.52770 18.95131 -0.78637 0.43438 -0.43926 eb
351.26883 49.15536 -0.32881 -0.63638 -0.69779 eb
351.38321 43.46041 0.72205 0.65151 -0.23277 eb
351.48162 26.19352 0.49931 0.74210 0.44719 eb
352.19464 30.83819 -0.24896 0.92521 -0.28638 eb
352.74294 57.10294 0.74822 -0.66179 -0.04681 eb
353.24937 28.17790 -0.36004 -0.19571 0.91218 eb
353.63388 65.69153 0.54741 -0.80935 -0.21282 eb
354.17501 36.35202 -0.09020 -0.35169 -0.93176 eb
354.34677 43.61388 0.02966 0.46330 -0.88571 eb
354.59280 31.47768 0.08459 0.84600 -0.52643 eb
354.99944 47.01977 0.13177 -0.67138 -0.72930 eb
356.85906 49.64130 0.24675 0.45587 0.85516 eb
357.49500 17.24668 0.08633 -0.67496 -0.73279 eb
358.29529 52.11694 -0.56273 -0.77605 -0.28476 eb
359.09532 24.22722 -0.70714 -0.12772 -0.69544 eb
359.21959 42.57435 -0.63152 0.49700 -0.59512 eb
359.49758 51.77460 0.51501 0.33935 -0.78715 eb
359.53377 24.89162 0.01836 -0.98649 -0.16276 eb
361.01099 53.57737 0.66045 -0.58917 0.46550 eb
361.11834 48.24091 -0.00139 -0.59648 0.80263 eb
361.81106 24.75918 -0.69382 0.70770 0.13331 eb
362.19120 42.71809 -0.44165 0.39362 -0.80623 eb
363.14066 31.76389 -0.38261 0.08120 0.92033 eb
363.26870 82.72422 -0.58931 -0.33405 -0.73561 eb
363.29241 39.65355 -0.47543 -0.41855 -0.77381 eb
364.26882 36.86279 -0.61023 0.47414 -0.63468 eb
364.35379 31.43783 -0.98220 -0.15201 0.11038 eb
366.43058 45.20788 0.23811 -0.91298 0.33132 eb
367.47476 21.68293 0.73431 -0.57268 0.36444 eb
368.14058 48.88362 0.70273 0.01442 -0.71132 eb
369.58512 39.66169 0.00322 0.31491 -0.94912 eb
370.89712 27.92484 0.07270 0.51235 -0.85569 eb
371.57904 31.87826 0.93396 0.31330 -0.17192 eb
372.45615 27.46896 -0.05267 -0.58655 0.80820 eb
372.65207 33.90483 -0.03035 0.81415 0.57986 eb
373.75196 24.64558 -0.89525 -0.14262 -0.42212 eb
375.21537 19.99974 -0.00787 0.88629 -0.46307 eb
375.22629 63.03561 -0.32907 -0.41205 -0.84966 eb
375.84458 30.69444 -0.22829 0.18234 -0.95637 eb
375.90497 11.59451 -0.76137 0.14041 -0.63293 eb
376.65082 33.33586 0.75073 -0.65798 0.05896 eb
376.87031 14.08248 0.51434 0.71730 0.47005 eb
377.13770 74.57663 -0.39419 -0.45127 -0.80061 eb
377.15166 26.08164 -0.57774 -0.78257 -0.23194 eb
381.14183 60.46498 0.55994 -0.24800 -0.79055 eb
383.78702 15.30395 -0.04849 0.58048 -0.81283 eb
384.08254 25.68164 -0.42841 -0.58057 -0.69239 eb
386.36410 59.25398 0.91048 -0.34519 -0.22776 eb
386.61447 36.84953 -0.56797 0.70477 -0.42509 eb
388.56704 7.47236 0.80024 0.47972 -0.35983 eb
389.11009 7.90463 -0.57721 0.33059 0.74669 eb
389.24052 66.65452 0.77411 -0.18692 -0.60482 eb
389.35638 56.03477 -0.67381 0.43459 -0.59759 eb
389.45952 32.97890 0.39829 0.28141 -0.87302 eb
393.44106 78.10848 0.25847 0.96095 -0.09878 eb
393.70330 72.64164 0.53301 -0.14765 0.83313 eb
397.88928 71.51436 -0.57845 0.21184 -0.78773 eb
398.76307 65.83274 0.28138 -0.53339 -0.79770 eb
404.97417 68.34027 0.35622 -0.80773 0.46977 eb
405.45463 19.09625 0.21875 0.77407 0.59411 eb
405.98180 76.29592 -0.34332 0.39104 -0.85395 eb
406.43059 28.82445 -0.32882 -0.90759 0.26108 eb
419.50934 23.80626 -0.75053 -0.63700 -0.17590 eb
423.41893 25.11655 -0.25797 0.95061 -0.17261 eb
425.91010 12.38736 0.30304 -0.37904 -0.87436 eb
429.00558 32.86607 0.21738 -0.97578 0.02444 eb
434.16767 21.17640 0.31082 -0.21728 -0.92530 eb
437.84415 26.23788 0.21375 0.90023 0.37935 eb
456.98976 27.91906 0.31164 -0.35029 -0.88328 eb
485.71936 7.75022 0.04112 -0.20534 -0.97783 eb
487.64502 25.05537 0.64103 -0.17899 -0.74635 eb
488.70973 19.73691 -0.56549 -0.68361 -0.46142 eb
534.27087 25.69437 -0.20604 0.96562 0.15849 eb
562.97096 12.88855 0.87644 -0.41469 -0.24473 eb
565.21612 13.19789 -0.41181 -0.90623 -0.09574 eb
629.28281 29.42551 0.56982 -0.45640 -0.68338 eb
672.27758 10.91147 -0.84932 0.25406 -0.46272 eb
711.09631 55.24323 -0.24805 -0.29596 -0.92243 eb
831.26858 24.69450 -0.47547 -0.87332 0.10601 eb
878.50228 27.15255 -0.31052 0.93158 -0.18903 eb
879.40791 34.18689 -0.15822 0.10824 -0.98145 eb
1050.13487 14.88213 -0.70374 0.48892 -0.51547 eb
1184.91217 56.40694 -0.24075 0.35921 -0.90167 eb
1242.80900 10.40163 0.01644 -0.78137 -0.62385 eb
1259.90455 22.32896 0.77482 0.36603 0.51543 eb
1550.77925 19.80696 0.41316 0.76899 0.48781 eb
1911.10406 10.09523 -0.46090 0.38963 -0.79734 eb
1959.51297 21.40323 0.09084 0.23757 0.96711 eb
2017.86133 22.74978 -0.43436 0.89639 -0.08838 eb
2155.26790 19.80781 0.27527 0.46191 0.84313 eb
2199.75082 13.89245 0.58209 0.15875 -0.79748 eb
2509.42870 19.79122 0.53153 0.59409 0.60376 eb
2687.20410 9.40356 -0.29876 -0.68845 -0.66089 eb
2747.04794 16.33279 0.44662 0.66293 -0.60087 eb
2779.95766 31.39634 0.15318 -0.56873 -0.80813 eb
3157.29051 11.52904 -0.18961 0.53168 0.82545 eb
3480.22558 21.58986 0.63964 0.16959 -0.74973 eb
3570.70622 18.83166 -0.01316 -0.67277 0.73973 eb
3748.75543 31.88537 -0.53614 0.06627 -0.84152 eb
3858.46022 26.20620 0.73501 -0.65889 0.16008 eb
5235.60411 8.01157 -0.16588 -0.13567 0.97677 eb
5533.82106 8.18565 0.76666 -0.60897 0.20342 eb
5560.57335 12.83748 -0.09507 0.73401 0.67245 eb
6057.73900 19.43128 -0.65766 0.72026 0.22071 eb
6062.32752 19.45811 -0.39653 -0.88143 0.25659 eb
7368.29795 23.77660 -0.55562 0.13048 -0.82114 eb
7866.94283 10.75990 0.21289 0.76699 -0.60532 eb
8905.09734 28.02640 0.04601 -0.09891 -0.99403 eb
11650.69283 14.39810 -0.49736 0.20958 0.84185 eb
11733.91302 14.16004 -0.75902 0.59140 -0.27228 eb
12086.28732 20.47598 -0.72260 0.22180 -0.65471 eb
13279.11181 20.12682 0.78010 0.60347 0.16512 eb
13322.93079 14.52464 0.30077 0.27038 -0.91457 eb
14108.92725 20.76735 0.17439 -0.07041 0.98216 eb
14717.74400 23.32484 -0.84012 -0.37953 0.38750 eb
14767.72786 23.01334 0.61649 0.78729 -0.01052 eb
16332.88374 16.33959 -0.53599 -0.27513 -0.79814 eb
19170.22673 11.60094 0.12396 0.83695 0.53306 eb
