15.80703 83.16769 -0.99714 0.03153 -0.06861 e
16.73180 60.93228 0.49334 -0.25542 -0.83149 e
17.68853 84.15038 0.50495 0.38517 -0.77244 e
18.23344 80.10105 0.78763 -0.25725 -0.55987 e
18.93244 96.59826 0.55689 -0.26046 -0.78869 e
19.12923 47.56697 0.40199 0.41039 -0.81852 e
19.31810 72.26052 -0.37461 0.85216 0.36536 e
19.63520 94.71479 -0.87057 0.25542 -0.42057 e
19.87922 42.74057 0.89927 -0.05999 -0.43326 e
19.97969 59.68169 0.48702 0.51086 -0.70840 e
20.27359 93.37518 -0.99844 0.04778 0.02900 e
20.41327 45.10337 -0.09312 0.01101 -0.99559 e
20.42758 77.88406 -0.45426 0.87036 -0.19004 e
21.29966 56.95361 -0.48242 -0.87588 -0.01044 e
21.39870 50.06578 0.32029 0.86144 -0.39412 e
21.67807 98.22518 -0.93209 0.29736 -0.20682 e
22.18220 79.24567 0.68124 -0.41036 -0.60622 e
22.46415 69.46657 0.44505 0.66239 -0.60264 e
23.04066 59.19627 0.15724 0.79709 0.58302 e
23.15672 71.53142 -0.35628 0.13868 -0.92403 e
23.36718 50.19607 -0.73191 0.61112 -0.30139 e
23.36760 75.71344 0.34192 -0.50571 -0.79206 e
23.53651 39.51272 -0.14226 0.52086 0.84170 e
24.07667 58.46128 -0.70004 0.26948 0.66131 e
24.66527 55.79844 -0.92070 0.29995 -0.24967 e
24.67798 76.15898 0.07123 0.86667 -0.49376 e
24.74372 31.47076 0.11180 0.98963 0.09022 e
25.04155 88.28052 0.48247 -0.77945 0.39959 e
25.26761 77.32567 -0.62112 0.51200 -0.59336 e
25.27324 51.28139 0.97148 -0.23464 0.03410 e
25.50250 88.94283 0.16016 0.48627 -0.85901 e
25.52902 84.08287 -0.68315 -0.09641 -0.72388 e
25.66480 78.81536 -0.31728 -0.52729 -0.78823 e
25.90994 59.11380 0.05911 0.90400 0.42342 e
26.05196 53.83507 -0.02761 0.27540 -0.96093 e
26.26534 98.93211 -0.06131 -0.84749 -0.52727 e
26.46776 84.30083 -0.33994 0.12843 -0.93164 e
26.92148 83.50205 0.54436 0.17375 -0.82066 e
27.04096 47.57294 0.99148 -0.03378 -0.12582 e
27.23616 68.33060 -0.58476 -0.48688 -0.64885 e
27.96242 64.13253 -0.59916 -0.59117 -0.53994 e
28.04561 61.01196 0.94368 0.28719 -0.16432 e
28.07242 99.23664 -0.79833 -0.22479 -0.55869 e
28.17092 60.82776 0.61385 -0.69575 0.37299 e
28.22806 84.70769 -0.02998 0.92686 -0.37421 e
28.31831 71.81373 0.47633 0.84364 -0.24774 e
28.58294 66.62531 -0.99635 -0.04466 -0.07271 e
28.67712 90.22143 0.86632 0.49665 0.05314 e
28.99836 94.87234 -0.08691 0.14912 0.98499 e
29.26873 74.34920 -0.04596 0.99680 0.06536 e
30.00550 50.34182 -0.87101 -0.34810 -0.34666 e
30.03736 78.93285 -0.88293 0.45367 -0.12092 e
30.61660 88.07440 0.52976 0.74967 -0.39668 e
30.70180 80.31076 0.83233 -0.45763 0.31273 e
30.76810 72.66092 -0.89144 -0.45040 -0.04968 e
30.78099 76.18106 -0.05673 -0.61673 -0.78513 e
30.83940 69.67402 -0.20124 0.77714 -0.59628 e
30.87744 61.30488 -0.07118 -0.59356 0.80163 e
30.93994 75.33718 0.94175 0.31343 -0.12195 e
31.04204 93.39088 0.69549 -0.05452 -0.71646 e
31.14529 98.00598 -0.92026 -0.18669 -0.34389 e
31.20235 68.86528 -0.00625 -0.82131 -0.57045 e
31.28725 81.05850 0.68680 -0.62095 -0.37778 e
31.47366 89.47049 0.02233 -0.25705 -0.96614 e
31.67643 67.21030 -0.56918 -0.20804 -0.79546 e
32.00872 46.41203 0.10054 0.53388 -0.83956 e
32.07726 40.04688 -0.51155 -0.60038 -0.61471 e
32.39110 82.45333 0.50419 0.68977 -0.51962 e
32.75878 39.31444 0.71223 0.62289 -0.32364 e
32.89928 55.48525 -0.64662 0.34010 -0.68280 e
32.93336 75.18528 0.88745 0.44694 -0.11258 e
32.95966 76.91586 -0.32461 -0.55226 -0.76788 e
33.11241 82.97847 0.39030 -0.34277 -0.85450 e
33.16851 83.20905 -0.25244 -0.91034 -0.32795 e
33.45053 74.60527 0.43866 -0.47754 -0.76127 e
33.50869 89.69012 -0.69779 -0.57207 -0.43108 e
33.82699 94.20032 -0.21757 -0.90152 -0.37406 e
33.83505 86.39932 0.07221 -0.68627 -0.72375 e
33.93259 97.62380 0.11910 -0.91629 -0.38239 e
33.98003 93.36009 0.46664 -0.59271 -0.65646 e
33.99457 47.10625 0.22513 -0.56677 -0.79252 e
34.07878 61.29093 -0.21412 -0.93920 0.26842 e
34.12235 75.46572 -0.30400 -0.86576 0.39755 e
34.18944 88.35037 0.07383 0.99536 0.06165 e
34.20454 92.60676 -0.34550 -0.79551 -0.49779 e
34.57270 66.84109 0.81068 0.55623 -0.18277 e
34.64539 96.72783 -0.61467 0.09300 -0.78328 e
35.22088 89.89373 -0.74377 -0.14223 0.65313 e
35.86325 73.52409 0.65469 -0.46980 -0.59218 e
35.98567 85.92773 0.08225 -0.14082 -0.98661 e
36.08046 81.10680 -0.56578 -0.81414 0.13064 e
36.08161 47.29454 -0.89973 0.04056 -0.43455 e
36.16705 48.84713 -0.87852 -0.11657 -0.46327 e
36.31621 59.48954 0.01181 0.99798 -0.06242 e
36.42609 94.02382 -0.67328 -0.39191 -0.62697 e
36.46824 45.91487 -0.81696 0.54765 -0.18072 e
36.54555 94.49486 0.92641 -0.37581 -0.02284 e
36.75442 62.62545 -0.33079 -0.78092 -0.52985 e
36.82689 81.67668 -0.27785 -0.00667 -0.96060 e
36.92031 61.17096 0.15654 0.93467 -0.31919 e
36.99718 81.47969 -0.67663 -0.64113 0.36213 e
37.06094 88.14588 -0.66401 -0.49067 -0.56422 e
37.42121 68.10704 0.67520 0.68319 0.27815 e
37.46557 97.32984 -0.60741 -0.28720 -0.74065 e
37.57171 73.40516 0.17736 0.02393 -0.98385 e
37.64578 65.24790 -0.21353 -0.73753 -0.64067 e
37.72730 26.86020 0.79028 0.44901 0.41695 e
37.88160 49.47275 -0.33651 -0.21301 -0.91727 e
38.11559 92.90950 -0.38897 -0.84956 -0.35631 e
38.37248 87.02472 0.65900 -0.74408 -0.10979 e
38.52307 87.62400 0.61693 -0.78616 -0.03677 e
38.60449 99.95671 0.87398 -0.42114 0.24249 e
38.71119 93.12918 0.52171 -0.02056 -0.85288 e
38.88955 69.30262 -0.82944 0.41771 0.37087 e
38.92326 64.53971 0.34752 0.29381 -0.89045 e
39.03248 37.03333 0.22781 -0.96200 0.15055 e
39.06302 81.54520 0.61958 -0.34237 -0.70634 e
39.25599 97.18826 -0.72651 0.17357 -0.66488 e
39.27735 96.27956 0.22386 0.85517 -0.46751 e
39.89840 53.91460 -0.67063 -0.03256 -0.74108 e
39.97779 99.08955 0.15409 -0.82494 -0.54381 e
40.03623 90.30902 -0.50322 0.53458 -0.67897 e
40.69407 94.09129 -0.15583 0.05157 -0.98644 e
40.92986 35.64381 -0.97110 0.18552 0.15018 e
41.08960 88.46540 0.25598 -0.36468 0.89526 e
41.10857 60.65557 -0.05361 -0.99396 0.09575 e
41.17566 46.12529 0.72281 -0.60076 0.34152 e
41.38528 68.89543 0.88963 0.00517 0.45665 e
41.47433 80.07661 -0.32101 0.88632 -0.33376 e
41.64725 61.01644 -0.88827 0.45860 -0.02580 e
41.68964 64.85818 0.18108 0.84677 -0.50018 e
41.81649 36.00418 0.17085 0.97559 -0.13794 e
41.91153 89.73949 0.10834 -0.95567 0.27380 e
41.96038 90.56169 -0.83828 0.09151 -0.53750 e
43.01460 77.38472 -0.23976 -0.77406 -0.58596 e
43.12665 95.31561 0.57391 -0.04878 -0.81746 e
43.16673 81.74040 0.90288 0.33928 0.26400 e
43.17896 52.20418 0.20348 -0.30725 -0.92962 e
43.26989 98.16246 0.01412 0.71759 0.69632 e
43.33340 91.10015 0.59522 -0.71933 -0.35817 e
43.49331 69.53502 -0.90042 0.43134 -0.05653 e
43.83588 92.65197 0.90247 0.10777 -0.41705 e
43.96774 49.40597 -0.45535 0.30834 -0.83521 e
44.06440 66.49700 -0.81636 -0.57754 -0.00366 e
44.15827 86.34808 -0.91165 0.26046 -0.31791 e
44.21036 66.25705 0.67895 -0.69938 -0.22336 e
44.46836 80.16062 -0.53894 -0.82128 -0.18717 e
44.54365 97.54206 0.40342 0.61804 -0.67474 e
44.81996 74.33035 0.84377 0.32473 -0.42732 e
44.92176 99.52232 -0.50156 0.73968 0.44867 e
45.13776 42.92393 0.20244 0.92160 0.33118 e
45.19379 99.05145 -0.36020 0.27568 -0.89121 e
45.39536 66.02841 0.56601 0.80539 0.17598 e
45.53427 72.27152 0.21980 -0.83596 -0.50285 e
45.74506 52.91898 0.15463 0.50664 -0.84818 e
45.84627 56.16413 0.65166 -0.62468 -0.43026 e
46.06041 67.12956 -0.53195 0.22570 -0.81614 e
46.11586 67.05808 0.65903 -0.63354 0.40535 e
46.13760 48.67891 0.61590 0.22298 0.75561 e
46.14780 71.41800 -0.03277 0.68444 -0.72834 e
46.35244 77.52808 -0.34741 0.58905 -0.72961 e
46.38603 59.27439 0.59240 -0.80419 -0.04831 e
47.04314 98.83896 -0.59485 -0.34630 -0.72541 e
47.10575 82.52001 -0.69226 -0.63380 0.34508 e
47.51242 84.95260 -0.57750 -0.65469 -0.48772 e
47.53844 83.26681 -0.12280 0.34985 -0.92872 e
47.58599 94.05796 -0.40716 -0.55321 -0.72676 e
47.71279 94.99975 0.18856 -0.09031 -0.97790 e
47.96556 72.57284 -0.26009 0.77183 -0.58020 e
48.19551 88.35177 0.14086 0.98986 -0.01858 e
48.20184 50.33968 0.86989 -0.43701 -0.22874 e
48.23169 99.85656 0.23024 0.62604 -0.74503 e
48.55492 99.03113 -0.80111 -0.18893 -0.56791 e
48.61573 77.33757 0.37993 0.42589 -0.82114 e
48.72983 75.62845 -0.17140 -0.97874 0.11265 e
48.75420 70.38437 0.17482 0.89918 -0.40113 e
48.77733 62.74023 -0.89414 0.38009 -0.23672 e
48.99921 82.10123 -0.39542 0.77550 0.49218 e
49.02073 94.29750 -0.74564 -0.14110 -0.65123 e
49.14682 74.16140 -0.94930 0.18377 -0.25506 e
49.26349 46.58418 -0.46638 -0.87422 0.13501 e
49.29099 88.23127 0.57895 0.30879 -0.75463 e
49.71381 97.07655 0.48807 -0.74357 -0.45704 e
49.83066 86.64525 -0.41938 -0.84242 -0.33831 e
49.83406 52.59833 0.46335 -0.78407 -0.41296 e
49.94334 78.25482 0.00039 0.42659 -0.90444 e
49.98092 73.27010 -0.57497 -0.81341 -0.08818 e
51.11344 91.73989 0.61277 -0.13334 -0.77893 e
51.36120 55.54060 0.48874 0.82472 -0.28455 e
51.69778 93.38550 0.23920 -0.96836 -0.07110 e
51.70805 76.94227 0.36604 0.72059 -0.58886 e
51.85246 62.08297 0.76734 -0.21321 -0.60476 e
52.00353 62.02320 -0.68412 -0.68151 -0.25987 e
52.25659 40.13869 -0.25190 -0.85847 -0.44674 e
52.34946 80.66843 -0.03601 -0.84068 -0.54034 e
52.57184 95.17023 -0.26175 -0.67910 -0.68580 e
52.61788 73.70363 0.27592 -0.44987 -0.84941 e
52.62914 69.82131 -0.09229 0.63863 0.76396 e
52.74492 68.30730 0.54784 -0.48541 -0.68135 e
53.16820 98.86243 0.29285 -0.95615 0.00487 e
53.28922 46.64628 0.91627 0.14397 -0.37379 e
53.41514 69.43051 0.78381 -0.59926 -0.16287 e
53.67082 82.01021 0.71237 0.59300 -0.37534 e
53.74670 79.30279 0.29503 0.84848 -0.43937 e
53.88251 68.90141 -0.79885 -0.60120 -0.01986 e
53.99955 93.98507 -0.34610 -0.53474 0.77089 e
54.16998 73.93458 -0.45387 0.60877 -0.65069 e
54.73304 67.50898 -0.50646 -0.62663 -0.59232 e
54.80198 58.55602 0.31934 -0.59474 0.73777 e
55.03626 92.12134 -0.61875 -0.52389 -0.58540 e
55.07691 64.81563 -0.93016 -0.36688 0.01420 e
55.12336 67.53462 -0.33727 0.87619 -0.34430 e
55.32092 48.33760 0.46307 0.87770 0.12336 e
55.75223 47.88100 -0.16788 -0.59924 -0.78277 e
56.06121 98.33938 0.60929 0.27467 -0.74385 e
56.27889 42.52882 0.78382 -0.44855 0.42946 e
56.45873 48.73063 -0.47947 0.87073 0.10926 e
56.76823 73.28499 -0.18553 -0.98234 -0.02412 e
56.79406 60.76894 0.67184 0.15752 -0.72375 e
56.83857 59.28471 -0.80315 0.36221 -0.47302 e
56.95301 84.98191 -0.18053 -0.96686 -0.18051 e
56.98236 76.31159 0.83427 -0.00844 -0.55130 e
57.06526 51.85252 0.08378 0.99648 0.00206 e
57.46652 87.25944 0.12656 -0.89568 0.42630 e
57.85353 68.21911 0.64053 -0.16224 -0.75060 e
57.85892 55.10104 -0.44320 -0.81679 -0.36935 e
58.09374 37.61434 0.87681 0.21148 -0.43183 e
58.30387 94.39027 -0.82321 0.21698 -0.52464 e
58.34987 96.57683 -0.47038 0.75215 -0.46154 e
58.42340 60.18306 -0.87414 -0.03030 -0.48473 e
58.45404 86.56926 -0.00009 -0.99969 -0.02484 e
58.50383 61.00078 0.38535 -0.50532 -0.77211 e
58.88332 84.73105 0.43509 -0.37639 -0.81794 e
58.97003 32.49802 0.73100 -0.22506 -0.64419 e
59.52892 73.28816 0.33440 -0.84147 -0.42439 e
59.63107 53.71825 -0.53363 0.24717 0.80879 e
59.93602 46.43249 0.48135 0.87421 0.06375 e
60.13917 56.92464 -0.20054 -0.72663 0.65710 e
60.19160 50.98264 0.25193 -0.45943 -0.85174 e
60.22731 57.99265 -0.95139 -0.04347 0.30490 e
60.34423 62.35566 -0.12261 0.83989 -0.52872 e
60.38776 42.74981 0.50311 -0.64671 0.57327 e
61.31033 30.10706 -0.18626 0.55436 -0.81117 e
61.47176 52.81089 -0.22960 0.96516 -0.12548 e
61.47697 40.96850 0.48500 0.83473 -0.26076 e
61.64243 62.43124 0.91235 -0.22354 0.34299 e
62.01105 67.10327 0.28289 0.81699 -0.50250 e
62.02377 46.36071 -0.33842 0.91122 0.23485 e
62.14238 53.77934 0.60130 -0.73764 0.30712 e
62.65376 93.34985 0.99497 -0.09568 -0.02961 e
62.87991 76.52494 -0.07466 -0.84979 -0.52181 e
62.91325 60.55835 -0.10544 0.81876 -0.56437 e
63.43506 85.87202 -0.19389 -0.93642 -0.29245 e
63.63601 82.09299 -0.76759 0.02098 -0.64059 e
63.89122 63.93689 0.93145 -0.20791 -0.29863 e
64.23786 96.43954 0.34452 -0.93430 -0.09155 e
64.42059 60.52667 -0.44648 0.88641 -0.12222 e
64.55711 91.74898 -0.40955 -0.53524 -0.73877 e
64.56010 57.73860 -0.44237 -0.86309 -0.24369 e
64.92278 68.81172 -0.78386 -0.55138 0.28556 e
64.97699 49.81793 0.31651 0.20027 -0.92721 e
65.80410 45.21034 -0.92284 -0.27644 -0.26824 e
65.98957 88.16472 0.21055 0.70137 -0.68099 e
66.37861 64.75645 0.22182 0.53100 -0.81782 e
66.47078 78.91136 0.83665 -0.52567 -0.15393 e
66.55336 88.55457 0.05335 -0.93054 -0.36229 e
66.77124 91.29907 -0.16727 0.90459 -0.39209 e
66.96484 58.83782 0.38536 0.06965 -0.92014 e
67.93079 71.42127 -0.30391 -0.57220 -0.76173 e
68.04147 81.96839 -0.57604 -0.35694 -0.73537 e
68.29462 76.90082 0.28708 0.31649 -0.90411 e
68.29999 31.46180 0.28793 -0.68064 -0.67366 e
68.76556 76.23240 0.45257 -0.89159 -0.01574 e
68.80242 37.50753 0.62001 0.57598 -0.53277 e
68.81631 94.86550 0.19716 -0.83366 0.51588 e
68.87157 84.30813 0.88472 -0.39757 0.24331 e
68.94107 96.51578 0.86843 0.26280 -0.42043 e
69.30811 91.49419 0.67612 0.59672 -0.43218 e
69.32800 46.57365 0.05748 -0.47157 -0.87995 e
69.45727 61.33051 0.20565 0.12211 0.97098 e
69.53364 92.73914 -0.27771 0.03971 -0.95985 e
69.91662 39.18881 0.59044 0.02579 0.80667 e
69.99014 85.66194 -0.13824 0.96045 -0.24172 e
70.02971 96.61515 -0.61058 -0.78912 -0.06690 e
70.13048 62.48809 0.97523 -0.05537 0.21413 e
70.33622 60.91100 0.09173 0.97612 -0.19691 e
70.55177 53.01211 -0.48381 -0.22793 -0.84497 e
71.61508 83.53453 0.25409 -0.54507 0.79896 e
71.93935 95.10143 -0.32035 0.75226 -0.57574 e
72.61409 64.05168 0.74089 0.34374 0.57699 e
72.71455 68.28903 -0.75277 0.39101 -0.52958 e
72.95651 74.48441 -0.66040 0.66254 0.35343 e
73.25737 40.26470 -0.68666 -0.68711 0.23745 e
74.61131 74.28711 -0.13099 -0.50443 -0.85346 e
74.94803 89.43943 -0.57337 -0.64532 0.50479 e
74.95356 67.40907 0.36187 0.31621 -0.87696 e
75.05399 81.93522 0.74112 -0.38478 -0.55016 e
75.28945 53.51207 0.64820 -0.30193 -0.69905 e
75.57260 85.46996 -0.84672 0.11784 -0.51882 e
75.97637 32.81199 0.58127 0.63503 -0.50879 e
76.75216 43.27058 -0.71695 -0.62130 -0.31618 e
76.90111 88.28899 -0.21829 0.61181 -0.76029 e
77.00431 68.78378 -0.47954 -0.84231 0.24609 e
77.43041 88.63896 0.90371 0.42602 -0.04268 e
77.56898 28.69635 0.63379 0.29303 -0.71585 e
77.59912 24.81795 -0.12940 0.64284 -0.75499 e
77.96927 78.52260 -0.13402 -0.43023 -0.89272 e
78.05939 82.21191 -0.93491 -0.19940 -0.29357 e
78.13303 93.55927 -0.92306 0.06504 -0.37912 e
78.36599 90.69078 -0.12055 -0.98701 0.10618 e
78.47312 54.91930 0.58680 -0.80910 -0.03201 e
79.09301 81.02316 -0.45163 -0.89195 0.02153 e
79.39691 74.46653 -0.80970 0.56298 0.16564 e
79.47188 52.79731 0.97238 0.09651 -0.21250 e
79.52030 60.33410 -0.11878 -0.39080 -0.91278 e
79.74171 39.21389 0.35199 -0.68041 -0.64276 e
80.23314 44.59785 -0.53719 -0.38418 -0.75089 e
80.59651 41.27076 0.31711 0.55539 0.76875 e
81.10364 41.19523 -0.74214 0.47138 0.47648 e
81.43120 56.17355 -0.69662 -0.70147 0.15054 e
82.00154 49.69607 0.95585 -0.29348 -0.01467 e
82.13483 56.47516 0.14256 -0.98534 0.09367 e
82.49891 54.50987 -0.83476 -0.17762 -0.52118 e
82.73006 41.32471 0.47171 -0.77732 -0.41624 e
82.81854 85.90971 0.65395 0.06968 -0.75332 e
83.13029 85.41668 0.47741 0.48177 -0.73483 e
83.72368 91.27482 0.38114 -0.81380 -0.43871 e
83.93234 89.19132 -0.15035 0.53198 -0.83330 e
83.94068 43.16641 0.58039 -0.55120 0.59944 e
84.08173 55.38306 0.82724 0.45842 0.32486 e
84.17242 68.76294 0.48371 -0.15556 -0.86129 e
84.17741 46.06022 -0.72862 0.68111 -0.07221 e
84.22970 60.36829 -0.89325 0.16811 -0.41695 e
84.24823 82.93113 -0.80609 -0.52438 0.27431 e
84.48479 38.81243 0.42302 -0.89262 -0.15586 e
84.50540 86.65287 0.08033 -0.80753 -0.58433 e
84.67137 38.15315 0.90758 0.31641 -0.27602 e
84.85184 61.33835 0.03329 0.21477 -0.97610 e
85.66048 91.10490 -0.29095 -0.43359 -0.85285 e
86.00901 77.91267 0.93855 -0.32002 -0.12930 e
86.19378 79.86016 -0.17894 -0.23507 -0.95537 e
86.36335 81.48473 -0.74333 0.23789 -0.62519 e
88.17011 34.26315 -0.82939 0.34667 -0.43811 e
88.33335 41.80240 0.66320 0.33135 -0.67110 e
88.86922 66.13638 -0.59763 0.56219 -0.57165 e
89.28146 48.71863 -0.92951 0.24318 -0.27726 e
89.96282 81.40098 -0.57310 0.19259 -0.79653 e
90.80863 73.10550 0.40761 0.32314 -0.85407 e
90.95631 43.26310 -0.96885 -0.23188 -0.08696 e
91.03717 46.03737 0.16715 -0.16050 0.97278 e
91.21251 44.47024 0.23600 -0.61468 0.75264 e
91.37905 77.56482 0.45803 0.60447 -0.65179 e
91.81007 46.55628 -0.80204 -0.01116 -0.59717 e
91.92044 96.77046 -0.71621 -0.69757 -0.02099 e
92.33439 53.13901 -0.70457 -0.67242 0.22678 e
92.54322 36.79707 0.31864 -0.48876 -0.81214 e
92.56588 63.05414 0.05296 0.22272 -0.97344 e
92.63456 41.34615 -0.98478 0.10019 0.14204 e
93.62897 77.11627 -0.62503 -0.78002 0.03011 e
93.73818 85.03880 -0.01907 -0.35731 -0.93379 e
94.17795 49.84857 0.61778 0.69136 -0.37465 e
94.21136 38.41167 -0.96643 -0.01218 0.25664 e
94.57158 62.59507 -0.12200 -0.18951 0.97427 e
94.90135 81.08389 -0.92795 -0.22925 -0.29386 e
95.09960 96.41373 0.24406 -0.36585 -0.89810 e
95.58999 68.94320 -0.79781 0.59781 -0.07818 e
95.60874 45.16390 0.42241 -0.39125 -0.81762 e
95.82023 55.16622 0.00015 0.47286 -0.88114 e
95.89182 39.11951 0.59137 -0.26560 -0.76140 e
96.07034 72.42884 -0.52933 -0.25448 -0.80935 e
96.18619 94.64796 -0.62247 -0.47148 -0.62469 e
96.40450 47.57068 -0.60253 -0.61566 -0.50786 e
96.63850 31.20222 -0.13034 -0.21170 -0.96860 e
97.20188 41.07543 0.42715 0.65032 -0.62819 e
98.24700 56.38709 0.22893 -0.85090 -0.47282 e
99.20672 74.57328 -0.22588 0.48384 0.84551 e
99.32581 35.69918 0.98994 -0.14138 0.00630 e
100.11640 46.57045 -0.85292 -0.42630 0.30134 e
100.59410 52.03282 0.93365 0.15775 -0.32157 e
100.61313 62.37071 -0.84276 0.11360 -0.52616 e
102.79599 88.51174 0.25964 -0.96267 -0.07649 e
103.15736 35.06891 -0.78255 0.52715 0.33125 e
103.16094 96.37494 -0.07163 -0.63874 -0.76608 e
103.25307 53.20821 0.88021 0.20975 -0.42572 e
103.26101 90.21786 0.56681 0.13433 -0.81282 e
104.95701 69.24177 -0.60049 -0.60835 -0.51896 e
105.14556 42.26391 0.64693 -0.60457 0.46473 e
106.99228 51.46053 -0.79354 0.58835 -0.15538 e
107.35086 85.46086 -0.85479 0.15532 -0.49518 e
107.69428 51.75327 -0.65460 0.44911 -0.60811 e
108.02891 79.17947 0.93488 0.28373 0.21330 e
108.50638 54.23025 -0.50511 -0.55092 -0.66434 e
109.04905 50.85556 0.14390 0.69507 -0.70439 e
109.47898 75.15127 0.53956 0.66555 0.51566 e
110.88919 91.42847 0.72580 -0.35656 -0.58828 e
111.66135 49.08611 0.60484 0.69203 0.39405 e
111.97834 75.04553 0.37383 -0.75229 -0.54251 e
112.32362 65.47526 0.00781 0.47796 -0.87835 e
113.29953 76.61873 -0.58296 -0.62073 -0.52427 e
114.64257 80.34667 0.36050 -0.92074 -0.14927 e
115.35990 53.81517 0.42014 -0.35825 -0.83375 e
115.49172 76.76023 -0.69500 -0.58837 -0.41327 e
116.67209 40.85156 -0.89742 -0.43525 0.07213 e
116.84929 41.95178 -0.61841 -0.12157 -0.77640 e
117.01994 92.60041 0.84471 0.26770 -0.46347 e
117.49217 41.86661 -0.33123 0.67189 -0.66245 e
117.81645 94.64865 -0.27007 0.04642 -0.96172 e
118.00021 65.33617 -0.57118 -0.55588 0.60394 e
118.09661 77.75034 0.15554 -0.68328 -0.71340 e
118.34736 75.54933 -0.90931 0.11561 -0.39975 e
118.62942 92.88056 -0.81461 -0.49538 0.30168 e
118.64542 78.39145 -0.85508 0.05897 0.51513 e
118.64927 89.64731 0.17797 -0.72689 -0.66330 e
118.65490 73.58734 0.65053 0.59365 0.47370 e
119.86806 89.92952 -0.61824 -0.73270 -0.28446 e
119.88533 61.08547 0.37299 -0.76218 -0.52911 e
119.94416 50.86903 -0.46454 -0.10791 -0.87895 e
120.07932 74.19996 -0.54432 0.73975 0.39559 e
120.11183 51.85807 0.80685 -0.27623 0.52220 e
120.39681 77.59361 -0.31076 -0.91777 0.24723 e
120.42483 86.54817 -0.90150 0.28286 -0.32755 e
120.91527 41.07179 -0.27065 0.93190 0.24149 e
121.10921 47.98004 -0.87570 -0.13434 -0.46379 e
121.85326 54.94118 0.71414 0.68531 0.14268 e
122.71791 63.91544 0.85311 0.32656 -0.40690 e
124.05702 35.04979 -0.71894 -0.53502 0.44371 e
124.39656 84.95609 -0.26924 -0.66488 -0.69674 e
124.60153 71.90166 0.52826 0.54004 0.65521 e
125.13641 32.53895 0.07012 -0.02958 -0.99710 e
125.67525 76.56473 -0.76934 -0.09061 -0.63238 e
125.82888 78.60702 0.69014 -0.53230 -0.49027 e
126.29217 71.45538 -0.96902 0.11993 0.21592 e
126.30311 73.26405 -0.05670 0.17269 -0.98334 e
126.35246 64.63285 0.48215 -0.43234 -0.76198 e
126.62664 83.34621 -0.19291 -0.14621 -0.97026 e
126.69207 39.43041 0.89683 0.44140 -0.02938 e
126.85429 78.62820 0.45679 0.34789 -0.81873 e
126.87342 39.81402 -0.35571 -0.93344 0.04650 e
127.56522 41.65211 0.77792 0.58110 -0.23910 e
128.54319 51.59894 -0.07680 0.16785 -0.98282 e
128.69371 57.10337 0.36394 -0.22759 -0.90319 e
128.70944 58.74257 -0.34630 -0.20403 -0.91567 e
128.71320 55.21860 -0.39596 -0.21431 -0.89291 e
129.02228 70.27663 -0.48973 0.22929 -0.84118 e
129.14335 56.67082 -0.96930 -0.17115 -0.17653 e
129.25811 57.37609 -0.49455 -0.86708 -0.05996 e
129.38156 54.17704 -0.18990 -0.86617 -0.46226 e
129.66079 75.73222 -0.08098 -0.44383 -0.89245 e
130.60782 70.85043 0.67750 -0.51425 -0.52588 e
130.66990 90.17126 -0.23333 -0.34539 -0.90899 e
130.91009 56.55004 0.96421 -0.00582 -0.26509 e
131.00224 99.01948 -0.85081 -0.27471 -0.44794 e
131.28394 65.24812 -0.56342 -0.07537 -0.82273 e
131.97760 62.99111 0.15934 -0.44843 -0.87950 e
132.89063 96.52861 0.02441 -0.98386 0.17729 e
133.03082 36.50882 -0.25578 -0.62672 -0.73607 e
134.67451 51.13029 0.45623 0.73170 0.50643 e
134.97411 78.70387 -0.30935 0.94673 -0.08946 e
135.04775 38.16179 0.13491 0.96450 0.22702 e
135.05889 70.97247 -0.16566 -0.98471 0.05387 e
135.92350 99.29625 -0.37236 0.24983 -0.89383 e
136.78076 69.36476 0.98166 -0.19053 -0.00656 e
136.90219 96.15304 -0.38130 -0.56456 -0.73204 e
136.92919 50.45904 -0.06987 -0.77945 -0.62256 e
137.08689 40.49884 0.06036 0.98318 -0.17240 e
137.51753 66.02951 0.24959 -0.82686 -0.50400 e
137.52504 54.99029 0.84130 0.53801 -0.05256 e
138.07639 55.05289 -0.38428 -0.89604 -0.22237 e
138.28258 54.42539 -0.16551 0.46431 0.87007 e
139.02997 90.06237 0.26095 -0.82194 -0.50628 e
139.11140 51.52136 -0.05850 -0.43120 -0.90036 e
139.79074 97.97922 -0.84745 -0.49577 -0.18984 e
139.99316 61.31520 0.00874 0.51954 -0.85440 e
140.06904 97.55176 0.66338 0.63431 -0.39696 e
140.46099 76.47182 0.08104 0.93925 -0.33352 e
140.70983 75.47137 0.53734 0.20957 -0.81692 e
140.85286 61.54678 0.17927 -0.92874 -0.32452 e
140.98454 70.79998 -0.40996 0.50734 0.75799 e
141.46718 80.74159 0.84083 0.54066 0.02641 e
142.54167 64.08022 -0.13626 -0.94299 -0.30365 e
142.59888 55.87141 -0.36888 0.85154 -0.37257 e
142.99774 67.89557 -0.92751 0.08420 -0.36419 e
143.90055 47.52291 0.71510 0.43941 -0.54365 e
143.92649 75.59092 -0.41118 -0.61604 -0.67188 e
144.12459 41.29586 0.73098 0.11477 0.67268 e
144.51385 96.08018 0.91938 0.31414 -0.23675 e
144.63538 53.36621 0.89132 -0.45324 0.01107 e
144.66013 44.36825 0.80934 -0.08011 -0.58185 e
144.89501 59.04054 -0.62376 -0.74206 -0.24551 e
145.59391 64.97647 -0.29220 0.24737 -0.92381 e
145.93128 69.79459 0.51261 -0.38103 -0.76945 e
146.14139 60.79848 0.87661 -0.11179 -0.46803 e
146.30187 90.60893 -0.66402 -0.03261 -0.74700 e
146.45258 74.47919 0.43599 -0.44745 0.78084 e
147.02869 45.67208 0.80559 -0.42847 -0.40920 e
147.65016 48.62231 -0.12835 0.25452 -0.95851 e
148.87059 41.06163 -0.96937 0.12591 -0.21089 e
149.45407 66.24709 -0.56736 0.40660 -0.71608 e
149.51338 57.62550 0.64792 -0.11907 0.75234 e
149.84143 78.24229 -0.13358 -0.87468 -0.46594 e
150.10989 80.62719 0.29343 -0.14628 -0.94472 e
150.31683 63.26931 0.15190 0.90480 -0.39782 e
150.38958 88.02634 -0.48488 0.87276 0.05636 e
150.47205 71.03575 -0.98112 -0.18567 -0.05415 e
150.62270 83.70589 -0.13215 0.47571 -0.86962 e
150.62364 49.72254 0.11481 -0.24634 -0.96236 e
150.75468 62.27653 0.66749 0.29296 -0.68456 e
150.92076 74.06833 0.28162 0.93691 -0.20710 e
151.12268 76.97766 -0.95996 -0.10572 -0.25942 e
151.41015 52.08298 0.10324 0.46360 -0.88001 e
151.54946 60.09269 0.48165 -0.57808 -0.65866 e
151.55191 82.28426 -0.72749 0.02121 -0.68579 e
151.74194 48.32473 -0.97273 -0.03095 0.22988 e
151.92342 96.59825 -0.78465 -0.42045 -0.45558 e
151.94939 98.66693 0.30127 -0.77010 -0.56230 e
153.44676 73.23095 -0.47349 0.45591 -0.75363 e
154.10082 52.34395 -0.13972 -0.35937 -0.92268 e
154.54806 36.72284 -0.68620 0.60499 0.40388 e
154.94628 39.35152 -0.80307 -0.59117 -0.07486 e
155.65507 44.85438 -0.20032 0.94476 -0.25941 e
156.13286 39.23785 -0.70053 -0.70899 -0.08116 e
156.58666 49.58295 -0.42707 0.82425 0.37180 e
157.62804 83.32090 -0.37175 -0.92459 0.08325 e
157.64917 51.46066 -0.94480 -0.26579 -0.19159 e
158.04455 60.13526 -0.82448 0.52741 0.20509 e
158.15001 40.66664 0.64790 -0.28875 0.70487 e
158.47471 47.72384 -0.96429 0.19585 0.17830 e
158.85262 97.85320 -0.81559 0.26821 -0.51272 e
158.93142 80.17006 -0.64109 -0.61832 0.45462 e
158.96573 70.71780 -0.26753 0.61621 -0.74075 e
159.28638 78.12040 0.20599 -0.94600 -0.25031 e
159.33871 50.09615 -0.30555 0.70356 -0.64160 e
159.54244 74.97018 0.48709 0.79453 -0.36259 e
159.82862 30.49689 -0.33664 0.23482 -0.91188 e
159.89491 74.75256 -0.23252 -0.68716 -0.68829 e
160.02891 90.28522 -0.79960 0.02372 0.60007 e
160.52425 86.67427 -0.28524 -0.64650 -0.70758 e
160.98871 54.49078 -0.32232 0.00528 -0.94662 e
161.03341 59.60864 0.59779 -0.72837 -0.33486 e
161.61643 56.40139 -0.13108 0.18118 -0.97468 e
163.39432 61.29691 -0.36799 -0.92259 0.11579 e
163.73919 79.28378 -0.08479 0.93611 -0.34135 e
163.92592 63.55452 0.37399 -0.47537 -0.79633 e
164.84956 83.04759 -0.78376 -0.14255 -0.60448 e
165.41068 44.77574 0.92204 0.08454 -0.37775 e
165.73912 85.57218 0.22120 0.59626 -0.77172 e
165.84084 52.99398 0.66779 -0.12293 -0.73413 e
166.57762 59.55873 0.79470 -0.57778 0.18609 e
167.06660 61.45115 0.49877 -0.73809 0.45437 e
167.27859 98.62693 -0.88979 -0.44738 -0.09007 e
167.84676 98.44248 -0.85794 0.48220 0.17725 e
168.04263 62.87625 -0.24733 -0.44753 -0.85939 e
169.23853 67.42240 -0.55263 0.40152 -0.73034 e
169.31795 35.87035 0.41747 0.79560 0.43902 e
169.62109 63.59559 -0.45457 -0.42274 -0.78400 e
169.69413 45.81768 -0.15933 0.97422 0.15970 e
170.11023 75.06966 -0.86740 -0.33589 -0.36715 e
170.75590 50.67105 -0.20582 0.36141 -0.90941 e
171.04845 50.44188 -0.78959 -0.58860 -0.17349 e
171.09551 86.52836 -0.78590 0.61049 0.09829 e
171.33035 43.67844 0.80619 -0.35099 0.47630 e
171.67266 61.47703 0.09857 0.78782 0.60796 e
171.93081 75.02115 0.92779 -0.29805 -0.22445 e
172.44619 86.21830 -0.54959 0.49747 0.67117 e
172.82281 82.35119 0.09656 -0.95208 -0.29021 e
172.97596 75.11718 0.28772 -0.17022 -0.94247 e
173.05452 64.12613 -0.16156 0.82983 0.53411 e
173.06218 42.82697 0.91476 -0.39792 0.06986 e
173.06498 89.04796 0.31199 0.73121 -0.60662 e
173.18966 94.58450 -0.12992 0.89351 0.42983 e
173.70086 74.99346 -0.00008 0.64046 -0.76799 e
174.28310 75.88326 0.44347 -0.78179 -0.43835 e
174.38777 67.95805 0.44721 0.81066 -0.37793 e
174.39927 60.12754 0.72795 0.48651 -0.48311 e
176.62773 62.27236 0.49276 0.65902 0.56823 e
176.67926 69.06776 -0.48048 0.77346 0.41341 e
177.61162 53.57138 0.25060 -0.92507 0.28539 e
178.74756 50.49969 -0.79854 -0.36079 -0.48185 e
178.85650 54.05732 -0.25923 0.76861 -0.58484 e
178.94011 87.70770 0.44520 0.86820 -0.21915 e
180.76929 85.46455 0.69302 -0.06653 -0.71784 e
180.82257 46.27012 0.18660 -0.71936 -0.66911 e
181.05920 38.57814 0.15027 -0.94387 0.29417 e
181.16431 29.91610 0.91898 0.39419 -0.00940 e
181.20127 56.45678 -0.57459 0.79072 0.21120 e
183.67567 78.83224 0.94512 -0.10763 -0.30848 e
185.11930 52.67549 -0.78019 -0.49062 -0.38806 e
185.72702 26.10051 -0.27917 0.27103 -0.92120 e
186.46815 64.51529 -0.07998 -0.97858 0.18972 e
187.84092 45.66645 0.83516 0.48193 -0.26506 e
187.99800 73.59760 -0.05474 0.93537 -0.34941 e
188.11713 90.62974 -0.76736 0.60236 -0.21982 e
188.77505 44.66383 -0.00107 0.95722 -0.28936 e
189.39774 36.59514 -0.30268 -0.65637 0.69106 e
189.44563 70.43489 0.22556 0.37741 -0.89816 e
189.66656 42.65130 0.26846 -0.39324 -0.87937 e
190.00212 57.53096 0.88245 0.47022 0.01362 e
190.42062 76.30176 0.91652 0.25438 -0.30867 e
190.64646 88.87666 0.62791 0.73961 0.24230 e
191.11087 67.81187 0.33404 -0.88205 -0.33226 e
191.25468 34.91582 -0.32065 0.89958 0.29655 e
191.26502 99.49218 0.42052 -0.72998 -0.53879 e
191.31633 77.54106 0.85605 -0.10024 -0.50708 e
191.36303 84.44893 0.67906 -0.25989 -0.68654 e
192.34465 90.38340 -0.42891 0.25013 -0.86803 e
192.67068 65.82591 0.44442 -0.88142 0.15999 e
193.15332 77.68302 0.17064 -0.97845 0.11625 e
193.18631 59.32841 -0.81739 -0.09038 -0.56895 e
193.21927 58.30342 -0.09446 0.73953 -0.66646 e
193.56621 47.98701 0.09898 0.13177 0.98633 e
193.80459 83.02874 0.49885 -0.75468 -0.42615 e
194.43352 73.84883 0.03778 -0.92022 -0.38957 e
195.16137 86.08348 0.94403 -0.02128 -0.32916 e
195.39764 26.65990 -0.61165 0.15085 -0.77661 e
195.49266 39.13113 -0.72886 0.53656 0.42529 e
195.84591 60.06304 0.03883 0.61779 -0.78538 e
196.46030 68.58301 -0.79426 -0.20357 -0.57246 e
196.78445 48.66859 -0.98487 0.16391 0.05628 e
197.67393 63.59724 -0.80877 0.18147 -0.55943 e
197.72531 57.41226 -0.51611 0.73029 0.44755 e
197.89589 65.10718 -0.10761 0.43951 -0.89177 e
198.46574 48.39004 0.11202 0.75101 0.65071 e
198.46923 34.31790 -0.09363 0.96696 0.23709 e
198.73692 46.03113 -0.88904 -0.35903 0.28408 e
198.77676 54.02756 0.93937 0.15915 -0.30374 e
199.71716 69.23982 0.98136 -0.12231 0.14825 e
199.88854 88.97291 -0.13717 0.54490 -0.82721 e
200.06888 99.14047 0.97778 0.13578 -0.15974 e
200.97980 94.98690 -0.78214 0.00447 -0.62308 e
201.56947 54.10834 -0.93852 -0.32983 0.10190 e
202.13049 73.00615 0.56038 0.21195 -0.80066 e
202.62043 92.97392 -0.86346 0.23875 0.44433 e
202.77776 67.08521 0.52621 -0.11657 -0.84233 e
203.44768 51.35621 0.84247 0.37914 -0.38276 e
203.49742 27.38844 -0.96295 -0.15988 -0.21717 e
203.66782 49.58433 0.72038 -0.69357 0.00213 e
203.89103 49.38369 0.96496 -0.22330 0.13779 e
204.04721 49.05984 0.39847 0.90997 0.11481 e
204.34521 55.70932 0.22985 -0.25407 0.93948 e
204.66258 44.14981 0.56055 -0.61744 -0.55186 e
204.92280 52.10557 0.79451 0.16152 -0.58537 e
204.92643 96.19960 0.85769 0.28040 0.43098 e
205.27833 97.12986 -0.32989 0.34822 -0.87745 e
206.30657 85.61686 0.69634 -0.35077 -0.62616 e
206.33262 34.59652 0.40231 -0.90702 -0.12433 e
207.19443 67.16569 -0.92869 0.08814 -0.36024 e
207.25706 62.73559 0.47749 0.51707 0.71039 e
208.71026 56.37758 -0.62516 0.21074 -0.75151 e
210.49033 75.25997 0.32962 -0.90843 -0.25712 e
210.82107 42.02754 0.46876 -0.44424 -0.76349 e
212.06802 36.15724 -0.70508 0.47611 -0.52553 e
212.43605 52.83895 0.20033 -0.34594 0.91662 e
212.79990 92.90232 -0.81193 0.20032 -0.54831 e
212.85619 99.46398 0.26001 0.41048 -0.87402 e
212.94350 54.06295 -0.24979 -0.50760 -0.82459 e
213.23420 39.36707 0.41981 0.58922 -0.69035 e
213.83018 93.59972 -0.08911 0.15432 -0.98399 e
215.17658 45.04318 0.40988 -0.46318 -0.78579 e
215.29749 36.85636 0.91458 0.19156 -0.35615 e
215.51582 67.66775 -0.07044 -0.59078 -0.80375 e
215.55166 77.39378 0.47982 -0.80600 -0.34660 e
215.89343 62.57592 -0.74069 -0.29667 -0.60280 e
216.16812 72.41575 -0.29807 -0.39924 -0.86704 e
216.45486 46.84436 0.43545 0.73332 -0.52214 e
216.59407 81.72535 -0.88722 -0.40251 0.22545 e
217.11727 67.51943 0.21168 0.97427 0.07741 e
217.18599 68.00294 -0.17460 -0.67326 -0.71850 e
218.75041 35.89787 -0.18933 0.05473 -0.98039 e
218.82890 49.57050 -0.47314 -0.87190 0.12623 e
219.46445 56.60525 -0.81593 0.11745 0.56610 e
220.56560 61.34242 -0.89417 0.05170 -0.44474 e
221.72489 35.57587 0.39624 -0.87952 -0.26351 e
222.01754 44.87515 -0.30181 0.61578 -0.72783 e
222.44735 65.06668 -0.40237 -0.49067 -0.77288 e
222.67464 29.41254 -0.46114 0.47038 -0.75240 e
223.37975 43.67337 -0.85769 0.49731 0.13058 e
223.69547 80.76084 0.89228 0.07299 -0.44554 e
224.87619 92.31228 0.25938 -0.73135 -0.63076 e
225.23205 50.67790 0.33947 -0.00120 -0.94062 e
225.83943 48.48386 -0.39895 0.80774 -0.43405 e
226.80020 49.86559 0.44204 0.89656 -0.02801 e
226.91307 35.77610 -0.24642 -0.93413 0.25822 e
227.10327 81.30264 -0.73034 -0.38030 -0.56743 e
227.76359 61.56635 0.32895 0.87652 -0.35142 e
229.25383 85.45753 0.35302 -0.79671 -0.49054 e
229.44665 54.97896 -0.94136 -0.31976 -0.10770 e
229.48727 83.65321 -0.83805 0.52247 -0.15717 e
229.50877 93.91573 0.68275 -0.30078 -0.66588 e
230.68472 48.24886 0.88435 0.41723 -0.20940 e
231.21170 63.61448 0.65553 -0.19366 -0.72992 e
231.45931 52.64701 0.18509 -0.18997 -0.96418 e
231.90507 59.87989 -0.53340 -0.69225 -0.48608 e
232.07793 57.42942 -0.77824 -0.20219 -0.59453 e
232.09647 67.95927 0.06672 -0.62560 -0.77729 e
232.10638 71.64328 0.08919 -0.98828 -0.12387 e
232.31830 85.68931 -0.04427 -0.99133 -0.12370 e
232.89311 67.82690 0.64199 -0.41368 -0.64554 e
233.47906 72.81201 -0.45046 0.75168 -0.48174 e
233.48457 51.47846 0.12267 -0.94443 0.30495 e
234.87470 95.46864 0.34522 -0.93744 -0.04509 e
235.50454 89.20858 -0.26626 -0.81542 -0.51401 e
236.25485 88.44688 -0.50043 -0.61842 0.60591 e
236.76391 83.80620 -0.54225 -0.13664 -0.82903 e
238.23220 42.62044 0.10611 -0.88819 -0.44705 e
238.31980 38.49408 -0.14148 -0.49324 -0.85831 e
239.65848 64.85491 0.76190 0.18630 -0.62032 e
240.83742 98.20470 0.47332 0.10306 -0.87484 e
240.88585 41.11335 -0.93660 0.33746 -0.09439 e
240.94465 42.33922 -0.06120 -0.85047 -0.52245 e
241.49593 46.82084 0.60737 0.20861 -0.76654 e
241.93679 57.50354 -0.29592 -0.37197 -0.87981 e
242.10163 62.58729 0.92386 0.34522 0.16528 e
242.17688 86.19004 0.06137 -0.10550 -0.99252 e
242.26352 65.62898 -0.42554 0.90484 0.01333 e
242.35334 51.20794 -0.62759 -0.64717 -0.43278 e
242.91687 54.94300 0.16045 0.42071 0.89289 e
242.92696 77.27589 0.55359 0.22397 0.80211 e
242.93679 79.59804 0.29621 -0.75364 -0.58675 e
244.34651 48.04259 0.85055 -0.29932 -0.43239 e
244.39630 64.34102 0.95667 -0.28639 -0.05262 e
244.97862 74.02503 0.76732 -0.46561 0.44095 e
245.05814 38.81024 0.50064 0.45190 -0.73834 e
245.18261 58.55787 0.82895 -0.52324 0.19765 e
246.28351 33.21716 -0.70865 -0.68492 -0.16938 e
246.51171 58.47665 0.39507 -0.78681 0.47418 e
246.88962 58.63539 0.11919 0.84671 -0.51853 e
247.87065 71.75320 -0.50719 -0.18451 -0.84185 e
247.87546 71.08695 -0.27830 -0.05925 -0.95866 e
249.81651 44.61290 -0.69401 -0.47847 -0.53797 e
249.97506 61.04172 -0.72023 -0.19354 -0.66619 e
250.05164 32.32429 -0.26166 0.31120 -0.91361 e
250.30568 39.79960 0.86259 -0.50221 -0.06096 e
250.31670 48.54201 -0.12318 0.05045 -0.99110 e
250.35131 59.94468 -0.02268 0.81211 0.58306 e
250.71267 72.88287 -0.72879 -0.67367 0.12261 e
251.11927 43.84762 0.14866 -0.89406 -0.42256 e
251.51403 73.47882 -0.34565 -0.28657 -0.89354 e
253.09374 79.33382 -0.86652 -0.02448 0.49855 e
253.65942 48.66848 0.11645 0.06785 -0.99088 e
253.82135 64.34983 0.89617 0.43891 0.06513 e
254.01510 31.68870 -0.61642 -0.62330 -0.48117 e
254.10868 59.11124 -0.56101 0.77095 0.30149 e
254.30098 45.88282 -0.69610 0.20355 -0.68848 e
254.42412 74.94238 0.74223 -0.62116 0.25152 e
254.62594 70.75514 0.14777 0.20817 -0.96687 e
254.71895 44.77596 0.09308 -0.85992 0.50187 e
255.98169 53.54453 -0.48932 -0.81148 -0.31949 e
256.01826 66.43513 0.16050 0.95722 -0.24077 e
257.33744 43.64492 0.76235 -0.64579 0.04205 e
257.51749 50.03999 -0.81891 0.45600 -0.34850 e
258.00722 61.83728 0.44519 -0.15571 -0.88179 e
258.35864 90.22317 0.92151 0.36668 -0.12795 e
258.73775 52.39187 0.00711 -0.55716 -0.83037 e
259.15519 66.98040 -0.85091 -0.49730 0.16926 e
259.65902 71.55762 0.31116 0.44463 -0.83993 e
260.09983 58.96285 0.36867 -0.36935 -0.85303 e
260.33668 54.17710 0.55817 0.69652 -0.45089 e
260.55469 64.67929 0.04854 -0.45208 -0.89065 e
261.34129 61.01477 0.35270 -0.87891 0.32113 e
262.28276 80.10357 -0.63095 -0.13312 -0.76432 e
262.34794 41.89692 0.29368 -0.91960 -0.26095 e
263.84988 64.17231 -0.48658 0.45042 -0.74857 e
264.52752 40.28359 -0.36671 0.39943 -0.84023 e
265.45086 33.29215 0.82148 -0.44060 0.36199 e
265.93005 77.25973 -0.42411 -0.11532 -0.89824 e
265.94015 99.76915 -0.68767 0.72481 0.04183 e
266.31337 74.38933 -0.66084 -0.35177 -0.66298 e
267.95450 45.07534 -0.37819 0.00275 -0.92572 e
268.23836 84.43107 0.42492 -0.32336 -0.84551 e
268.81960 76.07557 -0.46542 0.49735 -0.73214 e
270.25208 75.58727 -0.06917 -0.00578 -0.99759 e
270.44568 44.49463 -0.24973 0.52865 -0.81128 e
271.33012 52.37771 -0.20456 -0.74927 -0.62988 e
271.91583 83.55947 0.05126 -0.77858 -0.62545 e
272.38804 60.24755 -0.40072 0.63952 -0.65607 e
272.44378 42.36841 0.42925 0.19991 -0.88078 e
275.29716 41.98836 0.85729 0.02302 0.51432 e
275.46943 34.23406 0.28710 -0.76445 0.57722 e
275.59744 44.28640 0.11346 0.09795 -0.98870 e
276.35800 56.59345 0.63009 0.67633 0.38154 e
276.45816 55.82193 0.52037 -0.51961 -0.67766 e
279.21340 59.63140 0.11301 0.83696 -0.53547 e
279.92421 29.16868 -0.10308 -0.97953 -0.17288 e
280.03444 90.85507 0.65492 -0.22831 0.72038 e
281.25830 46.60738 -0.08007 -0.02249 -0.99654 e
281.46364 73.63768 0.27946 -0.50775 -0.81492 e
281.52404 45.16876 -0.89203 -0.39824 -0.21373 e
281.57630 45.82916 -0.18651 -0.54894 -0.81479 e
282.55199 44.02015 -0.59006 0.08931 -0.80241 e
282.69881 44.77201 -0.80304 0.43924 -0.40275 e
283.13818 63.97364 -0.52453 -0.84484 -0.10547 e
284.17894 41.44878 0.25924 -0.03959 0.96500 e
284.28664 47.19899 -0.73062 0.25246 -0.63439 e
284.74471 57.89360 0.38209 -0.68340 0.62207 e
285.14523 69.75328 -0.96327 -0.18055 -0.19878 e
285.47244 85.67764 0.77127 0.25403 -0.58361 e
286.52680 87.66028 0.65658 0.74059 -0.14292 e
287.63209 53.64082 0.10540 0.97178 -0.21101 e
287.94269 61.13311 -0.31054 0.41873 -0.85336 e
288.04335 88.84091 0.98516 -0.12063 -0.12207 e
288.18266 78.97400 0.59808 0.20845 -0.77386 e
288.30753 58.96837 -0.38624 -0.86829 -0.31129 e
291.52805 40.79357 -0.92782 0.37251 -0.01960 e
291.86310 97.87429 0.86732 -0.38161 -0.31959 e
292.83297 71.98141 0.44341 -0.30385 -0.84325 e
293.12901 89.44846 -0.29002 -0.95528 0.05775 e
293.58494 52.55497 0.71778 0.20268 -0.66612 e
294.07813 62.06364 0.82580 0.20292 -0.52620 e
294.48433 96.56712 -0.95884 0.17477 0.22378 e
296.02463 94.19804 -0.48394 0.85571 0.18321 e
296.03339 76.58498 -0.67253 0.02670 -0.73959 e
297.15102 64.23093 -0.71353 -0.70044 0.01611 e
298.03776 44.14753 0.36804 0.92397 -0.10402 e
299.67855 36.69444 0.34538 -0.26711 -0.89965 e
300.41145 68.39435 -0.98164 -0.04368 -0.18570 e
300.68045 91.31146 -0.32361 0.42772 -0.84400 e
300.87772 86.44182 0.40542 -0.90072 -0.15601 e
301.23850 92.96210 0.47282 -0.72460 0.50139 e
301.98643 93.02756 0.14397 0.58177 -0.80051 e
302.06160 51.85954 -0.96178 -0.23398 0.14224 e
302.38340 60.06583 -0.24811 0.36414 -0.89769 e
303.43961 94.22880 -0.67918 0.20741 -0.70406 e
303.49573 46.58541 -0.34038 0.01939 -0.94009 e
303.69926 51.26235 0.70875 0.29770 0.63957 e
304.90282 69.63875 -0.52168 0.70036 -0.48718 e
305.73922 76.05053 0.26463 -0.75865 -0.59533 e
305.94381 51.18079 -0.52149 -0.09899 -0.84749 e
306.38111 97.31881 -0.40303 0.21860 -0.88869 e
307.39514 47.73426 -0.08765 -0.80983 -0.58008 e
307.80635 59.14598 0.05413 -0.67867 -0.73244 e
307.92047 52.12631 0.18786 -0.95255 -0.23948 e
308.00957 51.01184 0.29858 0.95310 -0.04948 e
308.59713 60.40916 -0.66780 0.13424 -0.73213 e
308.64077 38.78063 0.30039 -0.85780 0.41706 e
309.14889 62.62573 -0.80240 -0.26117 -0.53660 e
310.05445 83.13248 -0.50944 -0.06735 -0.85787 e
310.30327 34.56679 -0.09562 0.54865 -0.83057 e
310.46213 59.51763 -0.17187 0.97882 -0.11127 e
312.86245 54.60555 0.47665 -0.79144 0.38266 e
312.90434 67.13106 -0.57777 0.74638 0.33030 e
312.92471 65.96788 0.82780 0.55976 -0.03773 e
313.80257 44.44187 0.35668 0.64501 -0.67582 e
313.86051 64.08955 -0.49491 -0.77372 -0.39549 e
314.26446 35.90987 0.49391 0.78152 0.38117 e
315.72734 61.74904 -0.97337 -0.13118 -0.18798 e
316.35755 82.08713 0.06755 0.28353 -0.95658 e
316.82014 42.82314 -0.66349 0.69684 0.27238 e
316.83377 76.42975 -0.21206 -0.10143 -0.97198 e
316.94585 89.85423 -0.30753 0.94976 -0.05808 e
317.83939 61.90501 0.68664 0.35786 -0.63281 e
317.85258 68.76415 0.91044 -0.10690 -0.39959 e
318.04308 39.24015 -0.46897 0.78383 -0.40703 e
318.11546 56.99662 0.09573 -0.95490 -0.28108 e
318.20081 37.61033 -0.01900 0.42568 -0.90467 e
319.38196 46.26448 0.24979 -0.83204 -0.49530 e
319.94105 50.20833 0.94390 -0.31315 0.10480 e
320.49370 91.44577 0.82079 0.10884 -0.56076 e
320.55704 66.15069 -0.28015 -0.12131 -0.95226 e
320.64339 94.50521 0.94800 -0.02216 -0.31749 e
320.79013 77.98217 -0.69811 0.37863 0.60769 e
320.98262 54.22797 -0.48183 -0.83870 0.25382 e
321.15024 58.30827 0.27111 -0.54206 -0.79541 e
321.73019 46.87822 0.46586 0.27569 -0.84081 e
322.31046 58.81462 -0.56923 0.66161 -0.48810 e
324.70228 52.05687 0.15022 -0.29132 -0.94476 e
325.08363 66.95593 0.85945 0.13619 -0.49275 e
325.11070 98.46637 0.53549 -0.45729 -0.71002 e
325.43272 67.69669 0.68667 0.71268 0.14343 e
325.63440 45.56614 -0.29830 0.43891 -0.84757 e
326.10266 31.60910 -0.63638 -0.61822 -0.46133 e
326.40129 69.49881 -0.21331 0.79526 0.56750 e
326.68165 45.19111 0.89163 -0.06733 -0.44774 e
326.83621 29.01386 -0.15208 0.96700 0.20440 e
326.91057 46.94262 0.40732 -0.27006 -0.87244 e
327.60899 44.99402 -0.90183 0.10757 -0.41849 e
328.57443 51.86842 -0.73259 -0.23335 -0.63943 e
329.65230 95.11894 -0.39836 -0.89087 -0.21833 e
330.12249 50.78267 0.52132 0.08009 -0.84959 e
330.16173 92.62035 -0.79259 0.36110 -0.49133 e
331.23784 43.80733 0.44459 -0.38984 -0.80645 e
331.28087 46.41289 -0.25382 -0.96119 -0.10814 e
331.29433 76.44679 0.00612 -0.77490 0.63205 e
331.73094 56.23240 -0.68317 -0.69525 -0.22340 e
331.79881 30.56248 -0.88196 -0.32114 -0.34500 e
331.88660 80.27620 -0.23727 -0.86221 -0.44755 e
332.55525 36.39124 0.13347 0.81235 -0.56770 e
332.56719 57.74748 -0.85503 -0.35311 -0.37977 e
333.15638 46.63685 0.08831 0.57743 -0.81165 e
333.18920 68.26848 -0.17481 0.77966 -0.60131 e
334.27187 49.72868 0.95788 -0.10357 -0.26784 e
334.72082 91.76853 -0.91573 0.21113 -0.34186 e
335.11675 29.75250 -0.61317 0.63839 0.46528 e
335.23642 40.63169 0.56590 -0.70699 -0.42417 e
335.50304 54.39465 -0.23474 0.34847 -0.90745 e
335.76372 46.66166 0.18435 0.68678 0.70310 e
336.46273 75.70583 0.48577 0.21191 0.84801 e
336.62132 83.12802 -0.14985 -0.80554 0.57328 e
336.83467 87.78319 -0.58670 0.44758 0.67488 e
338.62903 61.43423 0.16343 -0.96227 -0.21755 e
340.66051 75.53633 0.77312 -0.42949 0.46672 e
341.30642 58.77352 -0.85080 0.50392 -0.14898 e
341.96935 68.75359 0.54440 0.40552 -0.73429 e
343.46647 39.39106 -0.29889 0.84159 -0.44987 e
343.56699 35.26265 0.59728 -0.60560 -0.52584 e
344.52131 49.83305 0.63531 0.64613 0.42296 e
344.61764 94.92503 -0.58008 0.75785 -0.29860 e
345.39516 50.04193 0.36764 -0.24615 -0.89680 e
346.65209 60.48400 0.03378 0.87421 -0.48437 e
346.71832 88.88763 0.41492 -0.29523 -0.86063 e
346.78584 45.61058 0.25321 -0.28657 -0.92399 e
347.18311 74.96213 -0.43317 -0.86170 0.26426 e
347.88052 99.14567 -0.75812 -0.51134 0.40470 e
348.39818 48.63950 -0.25884 -0.43743 -0.86119 e
348.50324 94.85749 0.48408 0.20209 -0.85137 e
349.45496 66.77087 0.90395 0.29455 -0.31003 e
350.37301 35.94474 0.87332 -0.48714 0.00346 e
350.82016 51.61443 -0.67690 0.16877 -0.71646 e
351.23872 50.81939 -0.54732 -0.70535 0.45046 e
351.53092 96.60900 -0.86811 0.47299 -0.15056 e
351.90058 56.26542 0.39366 0.64258 0.65736 e
351.99735 50.51533 -0.76701 -0.03701 -0.64056 e
352.11579 45.98900 -0.74474 0.19455 0.63836 e
352.65528 96.53815 -0.45389 -0.77053 0.44751 e
352.77667 56.22989 0.56475 0.75757 0.32732 e
353.42896 42.53094 -0.73275 0.31674 -0.60230 e
354.08991 79.31596 -0.20296 -0.40809 0.89009 e
354.74892 42.06423 0.31382 0.33821 0.88720 e
355.58890 33.00493 0.00192 -0.97505 0.22199 e
356.50450 54.45659 0.54229 0.80342 -0.24585 e
357.51505 81.54220 -0.36859 0.19883 -0.90808 e
358.75288 51.56685 -0.07257 -0.24336 -0.96722 e
359.01498 97.01541 0.74622 -0.31072 -0.58873 e
359.13758 46.94795 -0.38127 0.67790 -0.62856 e
359.27604 56.19830 0.56509 -0.57282 -0.59376 e
359.75031 91.32478 0.12249 -0.95831 -0.25815 e
359.88111 62.03910 0.17832 -0.12701 -0.97574 e
360.38560 68.24551 -0.72680 -0.32711 -0.60395 e
361.55509 57.50058 -0.77965 0.03714 -0.62511 e
362.78835 41.23624 -0.61268 0.78724 0.06979 e
362.92179 72.86174 0.47085 0.86015 -0.19604 e
365.21902 51.96283 -0.26335 -0.42349 -0.86678 e
366.64304 65.42834 -0.03374 0.98961 -0.13977 e
366.78983 39.51672 0.96609 0.24766 -0.07302 e
366.90384 71.23248 0.85939 0.40801 -0.30819 e
369.40608 45.11300 0.96438 0.26277 -0.03047 e
370.18454 89.44375 -0.58525 -0.73821 0.33545 e
370.75795 75.95678 0.49970 -0.86422 0.05840 e
371.86221 40.12473 -0.88711 0.14340 -0.43872 e
376.00221 52.18196 0.27913 0.84802 -0.45051 e
377.74058 35.02496 -0.42837 0.77349 -0.46714 e
379.32849 62.40975 0.47096 -0.77925 -0.41348 e
379.82852 78.99609 -0.15674 0.98112 -0.11334 e
383.50626 46.00427 0.82981 -0.19747 -0.52194 e
385.11125 50.16450 0.76641 0.63981 0.05708 e
386.10132 81.04174 0.45257 0.44532 0.77258 e
387.41641 84.39163 0.67034 -0.69227 -0.26723 e
391.69425 38.04906 0.98220 0.18752 -0.01096 e
393.53526 37.70903 0.27112 0.96210 0.02937 e
401.15188 41.47229 -0.93173 -0.36231 0.02465 e
403.58019 36.72196 -0.60278 0.45272 -0.65704 e
409.51091 97.25824 0.69814 0.71544 0.02729 e
411.13515 58.77703 -0.48766 0.43208 -0.75861 e
417.36118 80.61196 -0.02554 0.76144 -0.64773 e
420.87316 83.74947 -0.47722 -0.58977 -0.65148 e
428.69665 60.66355 0.55492 -0.83030 -0.05164 e
431.22294 56.32417 0.49728 -0.21687 0.84005 e
441.78750 34.92658 0.35320 0.24843 -0.90196 e
448.89256 59.06266 -0.80929 -0.53357 -0.24569 e
452.00287 66.56681 -0.04858 0.80809 -0.58705 e
453.01649 61.18603 0.97508 -0.21694 -0.04639 e
455.91132 29.29048 0.44835 -0.64529 0.61853 e
455.98853 65.42427 0.63555 -0.61781 -0.46302 e
462.66889 32.08068 0.08780 0.96988 0.22722 e
462.70089 32.86318 -0.22247 -0.51820 -0.82582 e
475.20381 49.68006 0.48051 -0.86308 -0.15558 e
481.65296 40.78736 0.15445 0.76439 0.62598 e
499.61115 40.56643 0.39530 0.19406 -0.89782 e
516.92623 34.06781 0.84567 0.53024 0.06075 e
518.06121 71.28063 -0.87432 -0.48311 0.04648 e
533.33260 44.06996 -0.56032 -0.81697 -0.13639 e
572.99103 42.96107 0.06415 0.92939 -0.36349 e
573.79004 38.64135 0.80072 -0.58039 0.14830 e
596.29217 58.92672 0.79890 0.01694 -0.60122 e
675.64575 28.90319 -0.71370 -0.53901 0.44732 e
690.82990 32.51353 0.29216 0.87377 -0.38880 e
696.24558 63.67469 -0.15864 0.98712 -0.02045 e
700.55032 41.78239 0.45025 -0.77627 0.44124 e
747.29426 44.22209 -0.12332 -0.95244 -0.27865 e
758.05325 32.41378 0.85205 0.52300 0.02202 e
798.52609 49.71731 0.77799 0.24856 -0.57702 e
822.49120 54.57940 0.26363 0.78880 0.55525 e
835.56611 41.59220 -0.92870 0.34741 -0.12972 e
837.78794 37.98779 -0.55201 0.55002 -0.62671 e
853.03330 36.08576 -0.08554 0.97868 0.18671 e
931.97018 53.23869 0.96275 -0.02575 0.26915 e
1033.45255 35.28923 -0.47904 0.43709 0.76123 e
1050.23976 47.85441 0.93315 0.23035 -0.27599 e
1058.25122 26.67892 0.32252 -0.29703 -0.89875 e
1072.23446 47.34640 0.18254 -0.42795 -0.88518 e
1083.84032 51.76141 -0.55189 0.78461 -0.28250 e
1107.96317 39.56718 -0.93992 0.24955 0.23296 e
1183.67257 41.25142 -0.58017 -0.67433 0.45681 e
1234.08628 39.51925 0.66199 -0.74812 0.04556 e
1253.66623 53.66746 0.70189 0.51727 -0.48968 e
1545.00539 40.30281 0.00087 -0.12522 0.99213 e
1553.02525 33.47587 0.45912 -0.66165 0.59281 e
1656.86600 34.02538 0.21120 -0.63002 -0.74730 e
1665.08460 30.85553 0.12755 0.86777 0.48032 e
1741.30043 44.45952 -0.65556 -0.70325 -0.27512 e
1748.36257 40.39777 0.47210 0.85894 0.19837 e
1753.17053 40.94809 -0.96261 -0.21277 -0.16764 e
1789.50893 48.01322 0.82569 -0.49851 -0.26407 e
1889.24264 38.28452 0.51008 0.40743 -0.75751 e
1890.54534 45.07095 0.50233 0.37627 -0.77851 e
1911.39744 21.84244 -0.77689 -0.61369 -0.14079 e
2029.42664 42.19568 0.53963 -0.26231 -0.80000 e
2036.58656 30.57727 -0.90085 0.43232 -0.03955 e
2156.04453 53.87845 0.32256 -0.92929 -0.17992 e
2209.88706 54.24362 0.64820 -0.25307 -0.71819 e
2277.67566 55.68906 -0.52995 -0.07043 0.84510 e
2303.33164 51.11300 0.31068 0.95029 -0.02043 e
2415.22687 43.91622 0.47238 -0.10131 -0.87555 e
2439.84580 40.38216 -0.26550 0.21978 -0.93873 e
2453.26874 40.46783 0.62943 -0.71378 -0.30714 e
2483.76016 31.23636 -0.91304 -0.39047 0.11782 e
2516.63677 40.52761 0.55807 -0.32967 0.76149 e
2543.21746 40.92763 -0.58050 -0.74682 -0.32446 e
2620.60462 26.61584 0.68705 0.21516 0.69403 e
2795.65652 26.45742 -0.65840 -0.03589 -0.75181 e
2798.47688 36.45147 -0.73675 0.65682 0.16059 e
3009.10353 43.60186 0.80842 -0.09593 0.58074 e
3058.91240 39.01589 0.14023 0.51187 0.84754 e
3182.69655 62.45997 -0.85369 0.17365 0.49098 e
3277.35831 44.89292 -0.47260 -0.87517 0.10356 e
3367.49466 25.73947 0.99489 -0.00341 0.10091 e
3467.70739 28.74821 -0.54416 0.83898 0.00284 e
3547.51801 39.09008 0.49302 0.43330 -0.75444 e
3577.66078 36.83857 0.36855 -0.62958 0.68396 e
3808.33292 32.11268 -0.00809 -0.70212 -0.71201 e
4012.86320 37.66572 0.65167 -0.65859 0.37628 e
4013.95473 32.41799 -0.65246 0.72307 0.22685 e
4164.39051 50.50185 0.85870 0.38005 0.34380 e
4289.54957 38.23718 -0.43408 -0.01290 -0.90078 e
4290.25961 30.68476 -0.36920 -0.19757 0.90811 e
4314.54061 34.47684 0.97228 0.23141 0.03349 e
4384.05647 44.97610 -0.59196 0.80575 0.01860 e
4457.18954 29.03998 0.94129 -0.28116 0.18685 e
4520.59919 27.58279 0.11906 -0.95260 -0.27997 e
4529.84997 51.76354 -0.29442 -0.49874 -0.81522 e
4613.05090 43.18111 0.07733 -0.64332 -0.76168 e
4865.55081 87.96880 0.61982 0.00621 -0.78472 e
4931.09876 61.77814 -0.11284 -0.99087 0.07382 e
5251.22214 36.41005 -0.48100 0.63276 0.60684 e
5396.46241 41.51082 -0.08797 0.77246 -0.62894 e
5884.41321 31.51707 -0.77341 0.10136 0.62575 e
6970.03533 27.51891 0.79565 -0.41917 0.43730 e
7488.10895 43.18068 -0.05992 -0.85320 0.51814 e
8855.24943 46.99553 -0.93571 -0.28577 0.20686 e
9902.69656 48.35005 0.64692 0.52166 -0.55621 e
9959.26610 29.85010 -0.66205 0.42816 -0.61512 e
11068.47500 31.67867 -0.31989 0.94744 0.00491 e
12930.51287 32.66965 0.56708 -0.45293 0.68795 e
14708.32628 63.38353 -0.98667 0.14566 -0.07257 e
17252.72103 38.88978 0.35332 0.78970 0.50154 e
