17.08514 73.30871 -0.59528 0.80125 -0.06028 e
17.80592 65.41834 0.78412 0.53586 -0.31306 e
18.80097 36.69334 0.12685 0.88371 -0.45051 e
18.98380 70.89136 -0.22541 0.86030 0.45724 e
19.67418 72.73802 -0.05984 -0.82651 0.55974 e
19.80875 66.88326 0.55655 -0.61875 -0.55444 e
20.17568 73.95204 -0.30351 -0.33701 -0.89124 e
20.22692 74.18016 0.62780 0.70017 -0.34005 e
20.38791 95.48964 -0.32144 0.78059 -0.53605 e
20.49995 51.86154 0.50296 -0.01164 -0.86423 e
20.93006 57.68462 -0.74762 0.64950 -0.13862 e
21.33805 96.24598 0.83988 0.12846 -0.52735 e
21.50787 69.23354 -0.73026 0.23732 -0.64062 e
21.52411 91.20859 0.89744 0.24400 0.36750 e
21.56138 63.74360 0.91047 -0.19283 0.36587 e
22.01734 45.41365 -0.59425 0.79408 -0.12769 e
22.04966 58.36987 0.84750 0.45614 0.27144 e
22.06921 56.00229 -0.73214 0.47520 -0.48801 e
22.22436 37.11564 0.57243 0.36077 -0.73632 e
22.25442 47.91306 -0.09616 0.98921 0.11049 e
22.35817 89.82937 -0.29825 -0.44983 -0.84184 e
22.47468 87.99675 -0.48089 -0.72769 -0.48910 e
22.72018 64.87028 0.49697 0.57705 -0.64810 e
22.83054 86.09625 0.54527 0.08292 -0.83415 e
22.96186 99.19090 -0.74105 0.45794 -0.49105 e
23.11742 82.27575 -0.71802 0.18252 -0.67167 e
23.51114 53.99516 -0.24083 -0.97053 0.00879 e
23.53017 76.91828 0.36336 0.13114 -0.92237 e
23.76224 93.65760 -0.45361 0.22511 -0.86230 e
23.85222 55.13844 -0.06998 -0.37025 -0.92629 e
24.01575 59.96772 -0.68235 -0.72697 -0.07694 e
24.24871 97.10452 0.59000 -0.44297 0.67503 e
24.99183 56.25840 -0.39579 -0.74388 0.53852 e
25.21316 88.01553 -0.78998 -0.60585 0.09421 e
25.35315 79.16044 -0.68530 -0.72406 0.07803 e
25.36520 76.94806 0.49879 0.65474 0.56791 e
25.37968 67.93045 0.77795 -0.47140 -0.41543 e
25.74189 62.42928 -0.08912 -0.86110 -0.50056 e
26.08490 37.40555 -0.33262 -0.54639 -0.76865 e
26.21631 99.85788 -0.73375 0.65893 0.16560 e
26.93800 46.59755 -0.48038 0.86104 -0.16687 e
26.96776 88.77015 -0.26086 0.02101 0.96515 e
27.14426 50.26844 -0.97984 0.18687 -0.07062 e
27.62066 73.92091 -0.93595 -0.26397 -0.23307 e
27.77944 68.00508 0.41219 0.89618 0.16419 e
28.06861 44.53363 -0.13908 0.60994 -0.78015 e
28.11670 33.30928 -0.20574 0.97127 0.11964 e
28.15165 83.54879 -0.08866 -0.45402 -0.88657 e
28.42537 62.59456 0.24368 0.73641 0.63112 e
29.00559 90.36466 0.55049 -0.82933 -0.09582 e
29.00721 91.34843 0.70641 0.42557 -0.56558 e
29.04005 78.17521 -0.88774 0.28146 -0.36429 e
29.77714 88.05973 0.08133 -0.18057 -0.98019 e
30.25504 96.78044 0.46665 0.16462 -0.86899 e
30.25781 82.54063 -0.27872 -0.93163 0.23320 e
30.85302 72.26242 -0.50386 -0.76375 -0.40351 e
30.87990 81.34379 0.75686 0.49663 -0.42488 e
31.07487 46.66985 0.18034 0.84371 -0.50560 e
31.08329 96.59821 0.95720 -0.24817 0.14892 e
31.33136 92.87454 0.19613 0.68501 -0.70163 e
31.71822 25.07639 0.56784 0.65648 -0.49659 e
31.74180 75.82502 -0.83176 -0.49837 -0.24454 e
31.77273 95.70206 0.39957 0.91655 -0.01669 e
31.96151 94.41811 -0.24094 -0.49682 -0.83373 e
32.10377 93.20206 -0.10751 -0.16895 -0.97974 e
32.27239 87.36061 -0.04125 0.37564 -0.92585 e
32.40989 85.44825 -0.54492 -0.82097 -0.17048 e
32.59916 61.66006 0.07212 0.98995 0.12161 e
32.96698 98.56094 -0.64373 -0.01682 -0.76507 e
33.01118 43.21522 0.16339 -0.32459 -0.93163 e
33.54177 28.89488 -0.79380 0.41548 -0.44413 e
34.20433 33.06343 0.70026 0.67102 0.24365 e
34.25574 63.22298 -0.18051 0.97781 0.10636 e
34.47451 37.56436 0.56213 -0.54277 -0.62402 e
34.67041 35.42833 0.00407 -0.98688 0.16143 e
35.12365 98.26570 0.13645 0.85164 0.50606 e
35.14746 42.11833 -0.67391 -0.53307 -0.51154 e
35.33470 36.07151 -0.93930 -0.23845 -0.24670 e
35.39371 66.48872 0.22721 -0.92611 -0.30116 e
35.45792 64.88441 0.21433 -0.79396 -0.56894 e
35.61014 69.55056 0.33358 0.54638 0.76824 e
35.72222 93.41183 -0.48713 -0.76787 0.41602 e
35.89074 62.10168 -0.93151 -0.33210 0.14830 e
35.97035 51.68693 -0.46477 -0.14711 -0.87312 e
36.06203 86.47671 0.00682 0.74012 -0.67244 e
36.16151 77.60661 0.25249 0.10748 -0.96161 e
36.42989 72.57822 0.36336 0.91693 0.16496 e
36.70326 49.20336 0.42311 0.90319 0.07227 e
36.77202 59.85075 -0.88905 -0.43159 -0.15273 e
37.00437 93.90393 0.87975 0.40064 -0.25599 e
37.20631 62.44836 -0.89871 -0.43700 -0.03663 e
37.37934 40.38024 0.52142 -0.54890 -0.65332 e
37.56720 55.35059 -0.77867 0.12902 -0.61403 e
37.66457 68.47931 -0.56040 -0.82698 0.04536 e
37.78783 56.52211 0.87524 0.04646 -0.48145 e
38.43436 70.01363 -0.83878 -0.17519 -0.51551 e
38.53177 76.57419 -0.31492 0.28553 -0.90515 e
38.59953 79.16328 -0.94338 0.32819 0.04815 e
38.68283 69.02932 0.06392 0.07043 -0.99547 e
38.91826 84.82225 -0.60011 0.02817 -0.79942 e
38.94117 68.08536 -0.15937 0.98501 -0.06596 e
39.00033 48.60796 0.03979 0.51068 -0.85885 e
39.13957 78.30305 -0.92370 -0.37716 0.06726 e
39.17541 93.79489 0.81303 -0.32271 -0.48460 e
39.32620 86.36143 0.32009 -0.21088 -0.92362 e
39.39820 54.73125 0.98680 0.13618 0.08769 e
39.40563 73.46494 -0.56802 0.22150 -0.79265 e
39.55974 93.17478 -0.50828 0.42546 -0.74876 e
39.72656 79.77981 -0.30518 -0.68674 -0.65974 e
40.10506 80.64047 0.68390 0.68476 0.25176 e
40.14630 83.66406 0.59338 -0.41335 -0.69068 e
40.51855 90.76007 0.77828 0.27737 -0.56334 e
40.58513 55.42903 -0.04325 -0.81669 -0.57545 e
41.14777 54.29196 0.80549 0.31094 -0.50448 e
41.38632 99.80027 -0.84444 -0.47410 0.24930 e
41.46547 47.60901 0.39980 -0.79406 -0.45786 e
41.58321 50.55841 0.16831 -0.80637 -0.56696 e
41.93369 71.61141 0.61526 0.77586 0.13962 e
42.22010 82.09441 -0.37862 -0.73670 -0.56028 e
42.25780 82.31739 -0.16088 -0.98307 0.08773 e
42.31140 87.30048 -0.10215 -0.43050 -0.89679 e
42.34873 79.85214 0.23963 0.69040 -0.68259 e
42.44680 98.81272 -0.65729 0.64207 -0.39460 e
42.52574 57.94526 -0.04589 0.92430 0.37890 e
42.63516 96.74351 0.87496 -0.07001 -0.47911 e
42.76932 93.68734 -0.39803 0.20138 -0.89500 e
42.90991 62.55743 0.02619 -0.74114 -0.67084 e
42.94947 49.55021 0.35779 0.69168 -0.62735 e
43.08520 88.33451 0.10335 -0.06104 -0.99277 e
43.31712 41.78997 0.82733 0.06703 -0.55771 e
43.37645 83.39649 -0.82982 -0.55633 0.04357 e
43.52505 99.34971 -0.41020 0.01207 -0.91192 e
43.55577 53.97890 -0.66520 0.70224 -0.25369 e
43.57317 74.08046 0.23049 -0.54115 -0.80873 e
43.63965 89.19195 0.43384 -0.20478 -0.87741 e
43.78786 59.72154 0.70738 0.70452 -0.05709 e
43.88618 75.22148 0.36156 0.87576 -0.31987 e
43.98640 41.34219 -0.48348 0.85508 -0.18730 e
44.09975 63.81488 0.58707 0.10020 -0.80331 e
44.15639 97.28749 0.63812 -0.18021 0.74855 e
44.23236 80.69707 0.59607 -0.72235 0.35059 e
44.57091 85.68970 0.60511 0.47891 -0.63599 e
44.62349 60.47026 0.97634 -0.21045 -0.04977 e
44.86016 95.46262 -0.69229 0.20478 -0.69196 e
45.13136 91.07518 0.29077 -0.73887 -0.60789 e
45.29726 75.43583 0.71637 0.66253 -0.21882 e
45.36184 92.33030 0.62119 -0.32225 -0.71434 e
45.37525 53.85635 0.51847 -0.65883 -0.54510 e
45.47387 53.88044 -0.87517 0.22991 0.42571 e
45.51428 80.61485 0.67386 0.59190 -0.44223 e
45.76799 71.60643 0.84620 0.52049 0.11417 e
46.09044 93.15801 -0.43064 0.38813 -0.81481 e
46.85391 79.08777 -0.87399 -0.45522 0.17002 e
46.94536 91.23414 -0.28026 -0.63425 -0.72054 e
47.00360 52.77467 0.07840 -0.91811 0.38849 e
47.07320 98.84353 0.20809 -0.84372 -0.49480 e
47.35854 91.23320 0.63432 -0.58923 0.50044 e
47.57512 49.51925 -0.16494 -0.69921 -0.69563 e
47.71667 52.87711 0.98776 0.08713 -0.12941 e
47.76140 54.77495 0.80072 0.59388 -0.07845 e
48.33473 54.42907 0.78270 -0.39622 0.47999 e
49.43516 63.34612 0.02176 0.56724 -0.82327 e
49.56146 77.47704 0.28871 0.67225 -0.68171 e
49.77843 80.25123 0.05222 0.67588 -0.73516 e
49.83246 80.44092 0.94724 -0.02045 -0.31988 e
49.98751 66.25947 -0.98180 0.14861 -0.11825 e
50.06277 75.03114 0.42928 -0.88853 -0.16194 e
50.44183 74.68960 -0.56610 -0.51074 -0.64705 e
51.05304 52.26959 -0.21363 -0.97366 -0.07961 e
51.26356 61.74910 0.52752 -0.83456 -0.15886 e
51.32641 30.54431 0.35073 -0.81325 -0.46434 e
51.37072 76.53597 -0.54497 -0.56936 -0.61550 e
51.40523 64.50360 -0.21594 0.32224 -0.92170 e
51.80253 43.35856 -0.15699 0.24927 0.95563 e
51.94498 83.70987 0.40705 -0.44797 0.79601 e
52.07542 93.85045 0.90231 -0.08355 -0.42292 e
52.16418 87.44550 -0.82758 -0.34416 -0.44347 e
52.49030 39.93942 -0.25390 -0.95432 0.15751 e
52.49641 47.04118 -0.13808 -0.72503 -0.67473 e
52.77395 35.84752 -0.80175 0.01878 -0.59737 e
52.86783 60.58179 0.69260 0.54712 0.47007 e
52.95874 65.69244 0.63299 0.37009 -0.67997 e
53.00817 62.09311 -0.44847 -0.75575 0.47720 e
53.41124 50.16401 0.87427 -0.33910 -0.34737 e
53.96274 45.82542 -0.66445 -0.04788 -0.74579 e
54.05342 38.67389 -0.60775 0.71982 0.33542 e
54.24027 86.01473 0.17999 -0.97758 0.10930 e
54.67232 72.58241 0.48175 0.56454 -0.67024 e
54.71677 59.11135 -0.63562 -0.52500 0.56600 e
54.92940 58.27134 -0.25555 -0.27208 -0.92772 e
54.98687 59.10250 0.94270 -0.27256 0.19245 e
55.08373 58.60973 0.17134 -0.14139 -0.97501 e
55.33948 66.35374 0.17095 -0.89971 -0.40163 e
55.34283 78.40075 -0.37704 -0.65656 0.65328 e
55.36770 57.19099 0.81391 -0.42952 -0.39123 e
55.55535 54.54086 -0.90858 0.10015 -0.40552 e
55.74113 77.01379 0.80883 0.57779 0.10934 e
55.79647 56.93122 -0.59787 0.05563 -0.79966 e
55.91091 97.10582 0.64387 -0.75153 -0.14367 e
55.91589 62.57092 0.12050 -0.99225 -0.03027 e
55.92162 55.82230 0.69195 -0.13621 -0.70898 e
55.92318 67.67839 -0.48976 0.56020 -0.66807 e
56.36513 60.48560 -0.57702 -0.66040 0.48054 e
56.36828 81.54523 -0.34382 0.70056 0.62530 e
56.87458 55.21966 0.11655 0.95856 -0.25995 e
57.02249 62.80449 -0.03124 -0.51130 -0.85883 e
57.10398 82.55064 0.54820 0.60717 -0.57518 e
57.25857 69.34134 -0.33743 0.59157 -0.73225 e
57.46894 66.74877 0.36604 -0.51125 -0.77758 e
57.51433 57.30261 0.10317 0.03188 -0.99415 e
57.72431 51.69955 0.59082 0.07095 -0.80368 e
57.74205 81.13410 -0.07067 0.96988 -0.23310 e
57.81357 83.90997 0.22627 0.83096 -0.50823 e
57.90705 67.66679 0.47375 0.23394 -0.84902 e
58.27442 41.36348 -0.67269 -0.17710 -0.71842 e
58.61141 88.72680 -0.00365 0.75607 -0.65448 e
58.77272 65.96958 -0.55097 0.69353 -0.46417 e
58.89040 86.94861 -0.47491 -0.72555 -0.49804 e
59.46424 94.70355 -0.02541 0.27260 -0.96179 e
59.85237 51.64585 -0.78514 0.57669 -0.22577 e
59.86992 51.05872 -0.78159 -0.60161 0.16486 e
60.00536 56.09861 0.97911 -0.07842 0.18758 e
60.07460 73.17329 0.51648 0.45289 -0.72673 e
60.11142 79.96801 -0.15620 0.78602 -0.59814 e
60.19591 87.58863 -0.57426 -0.06521 -0.81607 e
60.28889 60.17296 0.24513 -0.32155 -0.91461 e
60.29255 68.59141 0.94069 -0.25914 0.21898 e
60.45343 60.91010 -0.74353 -0.61927 -0.25233 e
61.14203 75.11247 -0.67088 0.52012 -0.52858 e
61.62263 74.33939 -0.90885 0.40568 0.09700 e
61.69307 67.07093 0.07475 0.07246 -0.99457 e
61.71937 90.95674 -0.21122 0.83469 -0.50861 e
61.94211 47.73235 -0.21733 -0.29549 0.93030 e
62.03118 77.54552 -0.41731 -0.31505 -0.85241 e
62.46032 91.11049 0.17364 0.16585 -0.97074 e
62.50935 65.15445 0.14300 -0.93459 -0.32571 e
62.62094 91.51984 -0.30092 -0.91752 0.26002 e
62.74285 68.72944 -0.66602 0.43953 -0.60269 e
62.82662 69.44713 -0.91080 -0.40271 -0.09090 e
63.23696 82.26711 -0.37294 -0.92484 -0.07476 e
63.34954 80.76619 -0.85223 -0.47146 0.22680 e
63.63277 50.47172 0.17569 -0.11700 -0.97747 e
63.73630 71.18965 -0.51961 0.04728 -0.85309 e
64.09968 83.43565 -0.56288 -0.76273 -0.31844 e
64.38435 30.17409 -0.18816 0.60485 -0.77379 e
64.63054 59.93416 -0.77511 0.20056 -0.59915 e
64.69761 57.29796 -0.83814 -0.48192 -0.25550 e
64.71849 58.45786 0.51796 0.16157 -0.84001 e
64.91609 85.19350 -0.92367 -0.05597 0.37908 e
64.97382 80.17948 -0.82108 0.44583 -0.35645 e
65.42789 90.09473 0.51687 -0.31552 -0.79579 e
65.69000 68.07033 0.15951 0.92179 -0.35334 e
66.01976 41.01185 0.71248 0.40634 -0.57207 e
66.24735 95.62114 0.40007 0.79750 0.45159 e
66.52181 41.96486 0.53043 -0.76398 -0.36740 e
67.13300 54.13449 0.71676 -0.66558 0.20797 e
67.16256 76.44777 -0.18798 -0.89793 -0.39798 e
67.50122 73.77135 -0.58828 0.64572 -0.48680 e
67.56182 83.58952 0.41103 0.66175 -0.62701 e
67.74796 81.65333 0.08279 -0.84696 0.52518 e
67.82025 91.89791 0.56008 0.77653 0.28864 e
67.91537 75.74495 0.38504 0.57528 -0.72167 e
68.03124 81.97437 -0.52256 -0.29859 -0.79861 e
68.22628 67.50325 -0.71999 -0.63225 -0.28615 e
68.70013 52.21565 0.55539 -0.74909 -0.36113 e
68.80083 53.67343 0.74999 0.59282 -0.29341 e
69.03607 57.81720 -0.04901 0.99849 -0.02494 e
69.16754 74.24508 0.34972 0.89938 0.26232 e
69.18883 99.11128 -0.29882 -0.56116 -0.77188 e
69.19503 48.67404 -0.93171 0.21813 0.29040 e
69.25464 93.43068 0.35690 0.75362 -0.55197 e
69.30849 31.76008 -0.84439 0.51058 0.16221 e
69.58922 64.62224 -0.99828 0.01405 0.05699 e
69.61759 97.69389 0.31398 -0.37583 -0.87188 e
69.67614 79.56196 0.74899 -0.30298 -0.58925 e
69.77950 45.35359 -0.13575 0.50727 -0.85103 e
69.89975 48.29911 -0.49172 0.86696 -0.08124 e
69.90115 45.49622 -0.98743 0.04164 -0.15250 e
70.01299 84.50975 -0.41019 -0.31382 -0.85631 e
70.17047 78.30566 0.75041 -0.51825 0.41025 e
70.72944 53.10093 0.04357 -0.50119 -0.86424 e
70.83578 80.81392 -0.32636 -0.47785 -0.81557 e
70.94327 97.60839 -0.07041 -0.99534 -0.06591 e
71.09305 83.80822 0.46413 -0.17659 -0.86799 e
71.09560 48.60081 0.52054 -0.47729 0.70798 e
71.15916 83.60255 0.20082 -0.96884 -0.14502 e
71.87538 68.94126 0.57830 -0.41029 -0.70515 e
71.95196 40.81823 0.01792 -0.37921 -0.92514 e
72.84568 66.36903 0.51021 0.77236 -0.37834 e
73.03346 44.77210 0.77720 0.20659 -0.59438 e
73.46647 99.89679 -0.64712 -0.72597 -0.23281 e
73.48940 76.46577 -0.86581 -0.41433 -0.28054 e
73.63323 50.86344 -0.31974 -0.53104 0.78471 e
73.97679 67.35478 -0.15987 -0.88982 -0.42739 e
74.54660 62.84426 -0.27968 0.06944 -0.95758 e
74.59687 56.15665 -0.54270 0.80726 -0.23197 e
74.84686 68.79946 -0.08150 0.85291 -0.51566 e
74.92752 50.81539 -0.71647 0.15385 -0.68044 e
75.52393 51.10623 0.68198 0.72607 0.08794 e
75.80300 86.52907 -0.48525 0.87225 0.06094 e
76.11164 59.77807 -0.22119 0.76431 -0.60573 e
76.58315 32.64793 0.17013 -0.78656 -0.59361 e
77.16289 55.79683 0.25024 -0.74164 -0.62237 e
77.43122 74.40243 -0.42483 -0.34789 -0.83576 e
77.47282 41.91894 -0.28739 0.15051 -0.94592 e
78.59710 42.91139 0.70937 -0.35049 0.61152 e
78.85507 69.94562 0.34524 -0.89587 0.27967 e
78.99707 64.37750 -0.39455 -0.16094 -0.90467 e
79.40523 46.15424 0.69250 0.14065 -0.70758 e
79.51955 58.07317 -0.72386 -0.27256 -0.63383 e
80.29134 76.81986 -0.76117 -0.25129 -0.59789 e
80.71974 59.11662 0.64903 0.03441 0.75998 e
81.07403 86.61262 -0.38912 -0.63643 -0.66599 e
81.58708 41.69553 -0.66749 0.74339 -0.04275 e
81.77396 66.88811 0.21494 0.96576 0.14528 e
82.67418 86.95997 -0.33146 0.10793 -0.93728 e
83.35335 65.22021 0.98739 -0.11990 0.10337 e
83.66958 76.38619 -0.73111 0.62874 -0.26488 e
83.82191 71.83205 0.72992 0.50613 -0.45940 e
83.97472 95.95749 0.14710 0.85522 -0.49695 e
84.23540 53.23245 0.24101 -0.78626 -0.56895 e
84.54038 80.23564 -0.67212 -0.27929 -0.68575 e
84.96068 34.29222 -0.27325 -0.16955 0.94688 e
85.49237 79.36470 0.27724 0.54551 -0.79092 e
85.94967 53.38816 -0.63684 0.51246 -0.57603 e
86.01275 85.83817 -0.20456 0.96682 -0.15303 e
86.15219 62.99436 0.19583 0.90935 -0.36706 e
86.41157 71.46993 -0.44969 0.84488 0.28975 e
86.70562 68.42081 -0.77653 -0.13435 -0.61559 e
86.80880 98.72547 -0.60676 -0.67068 0.42664 e
87.06486 89.68936 0.45038 -0.05633 -0.89106 e
87.43058 74.69935 0.67646 0.40707 -0.61376 e
87.59687 68.14926 -0.71352 0.13672 0.68716 e
87.76684 74.76199 0.63384 -0.45970 0.62203 e
87.87890 59.41499 -0.69225 0.56769 0.44556 e
88.25793 53.33336 0.97761 -0.19636 -0.07563 e
88.36628 54.57187 -0.50569 0.32405 -0.79954 e
89.48902 61.51814 -0.12446 0.42259 -0.89774 e
89.61393 88.87720 -0.73929 0.48375 -0.46844 e
89.77264 66.93328 0.05211 0.24033 -0.96929 e
89.80328 48.31180 0.32506 -0.78859 0.52198 e
90.32434 99.45989 0.81485 -0.53219 -0.22977 e
90.72532 87.76591 -0.73781 0.23588 -0.63245 e
90.95067 40.66290 -0.66322 0.37170 -0.64960 e
91.05547 92.43055 0.94301 0.32097 0.08780 e
91.38249 88.20529 0.11061 0.96124 0.25255 e
91.49436 84.99157 0.73960 0.51122 -0.43777 e
91.52010 89.64561 0.91604 -0.40086 0.01363 e
91.86904 61.53981 0.70656 0.33413 -0.62380 e
92.48485 52.21294 -0.39682 -0.77575 -0.49066 e
92.57774 98.84438 0.98446 -0.15199 -0.08795 e
92.72822 68.79915 0.74521 -0.45898 -0.48374 e
93.17335 88.37212 -0.85239 0.48499 -0.19548 e
93.26165 74.87110 0.23221 0.78430 -0.57528 e
93.35468 55.96819 -0.04180 -0.99854 0.03428 e
93.97514 65.08467 -0.34397 -0.46978 -0.81301 e
94.08230 87.66262 0.16630 0.95496 0.24577 e
94.32522 74.09437 -0.36329 0.23926 -0.90043 e
94.49728 60.50526 -0.32529 -0.91655 -0.23263 e
94.52478 46.33321 -0.34435 0.46515 -0.81551 e
94.68204 42.64708 0.79039 0.33573 0.51241 e
94.83725 60.07826 -0.67298 0.51646 -0.52950 e
95.76417 82.32056 -0.99306 -0.07284 0.09230 e
95.82403 47.54493 -0.40689 0.56767 0.71567 e
95.87868 32.14010 -0.16875 0.19249 -0.96668 e
96.12779 81.77697 -0.01900 -0.92319 -0.38388 e
97.19989 27.72478 0.08671 -0.81372 0.57475 e
97.71032 86.97654 0.39769 0.89609 -0.19714 e
97.81325 98.65351 -0.85166 -0.29694 -0.43186 e
97.92090 51.96840 0.81479 -0.16825 -0.55480 e
97.93023 70.28578 -0.03653 0.92078 -0.38837 e
98.03721 80.93325 -0.34595 -0.10481 -0.93238 e
98.30452 39.76298 -0.43600 -0.89801 0.05907 e
98.34013 54.71737 0.24642 0.79297 -0.55720 e
98.48876 68.31368 0.54164 -0.76708 0.34382 e
99.00275 76.31627 0.19079 0.96143 -0.19813 e
99.19646 83.30243 0.52097 -0.75108 0.40555 e
100.36932 83.48764 0.38512 -0.90903 0.15920 e
100.46621 67.84766 0.56908 -0.76500 -0.30154 e
100.52674 38.01035 -0.62460 -0.31779 -0.71337 e
100.88625 44.37197 0.05811 -0.13404 -0.98927 e
101.75753 24.99095 0.86361 -0.49422 -0.09961 e
102.30149 58.86482 -0.69124 -0.72112 -0.04660 e
102.59686 46.48210 0.51365 -0.76994 -0.37863 e
102.80699 67.95251 -0.02929 0.48918 -0.87169 e
102.82539 84.67456 -0.56272 0.71752 -0.41050 e
102.97622 82.34435 0.57330 -0.47483 -0.66773 e
103.07726 57.50242 0.39043 0.83734 -0.38265 e
103.07813 75.34144 -0.25002 -0.85382 -0.45660 e
103.13720 57.43919 0.74735 0.56869 0.34361 e
103.21331 48.21376 0.53034 0.03861 0.84691 e
103.60706 52.31120 -0.87085 -0.47940 -0.10863 e
104.32775 53.20447 -0.87484 -0.47611 -0.08931 e
104.59680 67.49985 -0.56250 0.65675 -0.50228 e
104.76001 57.69324 -0.74631 -0.63180 -0.20940 e
105.02698 79.80037 0.80124 -0.58825 0.10946 e
105.37832 58.10495 -0.81257 0.43667 0.38607 e
105.49244 45.84857 0.30514 -0.67034 0.67642 e
105.77540 77.79790 -0.92478 0.02264 -0.37983 e
105.97635 78.68277 -0.32548 0.33286 -0.88503 e
106.49667 26.88485 0.52179 0.81338 -0.25719 e
106.62643 42.58822 -0.03450 0.34409 -0.93830 e
106.84697 58.20758 0.87595 -0.47987 -0.04943 e
107.16293 69.07523 0.30629 0.94791 -0.08749 e
107.72836 77.87372 -0.25707 -0.91215 -0.31922 e
108.04535 74.26094 -0.08878 0.21566 -0.97242 e
108.44901 42.81018 0.12868 0.62021 0.77381 e
109.19489 46.49611 0.76598 0.32645 0.55382 e
109.62134 79.10254 0.40895 -0.90110 0.14414 e
109.62388 78.17106 -0.87314 -0.26008 -0.41230 e
109.85553 49.01469 0.89773 -0.17932 0.40240 e
110.31534 47.78772 0.79752 -0.26290 0.54299 e
111.46245 53.59540 -0.53316 -0.70799 0.46313 e
111.81614 55.01119 -0.82154 -0.05276 -0.56771 e
112.75045 55.43227 -0.94223 -0.17531 -0.28541 e
113.09088 60.56797 -0.36663 0.92358 0.11221 e
113.75922 39.32932 0.59264 0.29459 -0.74966 e
114.90112 67.32708 -0.95382 0.20338 -0.22105 e
115.74909 41.06948 -0.47624 -0.46708 -0.74500 e
116.24352 75.45571 -0.18807 -0.81477 -0.54844 e
117.05279 58.82490 0.77447 -0.32958 -0.53998 e
117.06752 74.20552 0.10390 -0.85376 -0.51019 e
117.34557 81.11649 0.11468 -0.92945 -0.35067 e
118.38782 73.98985 0.54537 0.59939 -0.58592 e
118.77834 49.93450 -0.58079 -0.57225 -0.57897 e
119.21342 70.97770 0.83867 -0.49206 0.23347 e
119.89267 86.99656 0.57022 0.78120 0.25413 e
120.10373 66.12676 -0.12403 0.86104 0.49318 e
121.05023 72.89435 -0.74370 -0.06319 -0.66552 e
122.84113 97.29774 0.60135 0.57533 -0.55441 e
124.30208 99.32577 0.22072 -0.44933 -0.86567 e
124.54275 39.76757 -0.17631 -0.81206 0.55630 e
125.81101 30.86646 0.28483 -0.89076 0.35415 e
126.06169 43.17114 -0.67919 -0.01906 -0.73371 e
126.25605 48.50548 -0.28395 0.93880 -0.19499 e
126.28565 58.89403 0.52375 0.51810 -0.67621 e
126.28953 84.96327 -0.41159 0.19298 -0.89070 e
126.65735 90.12593 0.87352 0.12176 0.47132 e
127.34805 49.56964 0.48237 -0.80869 -0.33668 e
128.31481 98.94366 0.71678 0.66733 0.20225 e
129.39033 45.31140 -0.71471 -0.69223 -0.10007 e
129.70203 44.35480 0.53979 0.74873 -0.38474 e
129.98725 90.89078 0.83823 -0.52088 -0.16143 e
130.11346 85.92871 0.68650 -0.66657 -0.29053 e
130.25597 49.24458 -0.84424 -0.37208 -0.38577 e
130.30442 46.70281 0.46167 0.63185 -0.62259 e
130.38041 52.83972 -0.62554 -0.77846 -0.05197 e
130.42634 50.27266 0.08959 0.60121 -0.79405 e
130.62399 58.11313 0.13271 0.90556 -0.40293 e
131.14663 74.11279 -0.27630 0.95361 -0.11950 e
131.44073 79.33948 0.30779 0.86393 0.39862 e
131.84424 73.20165 0.78926 -0.00685 -0.61402 e
132.13194 77.37368 -0.28563 -0.90191 -0.32400 e
132.19514 69.12152 -0.48657 0.43565 -0.75727 e
132.53510 47.43228 -0.72252 -0.15456 -0.67385 e
132.54091 67.24416 -0.45553 -0.32138 -0.83019 e
133.39148 54.13039 -0.65122 -0.51780 -0.55479 e
133.46530 57.98277 0.73705 0.30664 0.60227 e
133.68608 88.72541 -0.12847 -0.52101 -0.84383 e
133.74676 85.02254 0.26145 -0.72437 -0.63792 e
134.06109 68.45281 0.09770 0.79264 -0.60182 e
134.52030 71.85219 -0.20771 0.00561 -0.97817 e
134.62175 70.11621 0.51943 -0.66624 -0.53509 e
135.66878 74.08052 0.52294 -0.65864 -0.54105 e
136.73713 90.61138 0.83606 0.54304 0.07814 e
136.84560 56.85311 -0.10520 -0.77204 0.62680 e
137.11834 79.40035 0.39398 0.77907 -0.48767 e
137.37282 61.73490 -0.03347 0.64652 -0.76216 e
137.86797 46.34365 0.69493 0.68636 0.21442 e
138.19682 38.65959 -0.46870 0.88313 0.02014 e
138.21562 74.78051 0.74343 0.01778 0.66857 e
138.27394 69.52820 0.62442 0.76744 0.14537 e
138.29669 64.45389 -0.95641 -0.04779 -0.28810 e
138.81925 55.54885 0.59607 0.77601 -0.20618 e
138.82155 41.73550 -0.11202 -0.79461 -0.59670 e
139.57973 80.17683 0.16519 -0.95825 0.23340 e
140.27618 72.09389 0.66356 -0.25411 -0.70364 e
140.29187 88.96207 -0.97121 -0.15417 -0.18159 e
140.54747 81.86842 0.40522 -0.83145 -0.38011 e
140.79025 66.30640 -0.06551 0.60143 -0.79623 e
140.85889 70.43390 -0.46143 -0.07087 -0.88434 e
140.93752 38.32681 0.80765 0.03179 0.58881 e
140.99699 46.19862 0.75244 0.34485 0.56117 e
141.49861 61.75267 0.40422 0.90680 0.11969 e
141.51809 67.25756 -0.09561 0.97199 0.21469 e
141.56308 65.04664 -0.98748 -0.01348 -0.15718 e
141.72172 66.07642 0.63311 0.05728 -0.77194 e
142.22030 59.22364 -0.53560 -0.25881 -0.80383 e
142.26004 90.91568 -0.59146 -0.33672 -0.73266 e
142.54430 68.39233 0.60972 -0.02474 -0.79223 e
142.55067 61.47411 0.14119 0.91741 -0.37206 e
142.59819 45.05090 -0.89221 0.26266 0.36738 e
142.60534 60.20708 0.93983 0.11768 0.32072 e
142.82938 58.23183 0.72525 -0.58145 -0.36869 e
143.06407 69.15288 -0.39630 0.89210 0.21701 e
144.03045 82.48985 0.16569 0.17010 -0.97140 e
144.22731 86.25236 -0.23872 0.92475 -0.29640 e
144.48195 68.68490 0.65797 0.52448 0.54037 e
145.50250 45.28230 -0.61003 -0.72479 0.32023 e
145.85905 64.56711 -0.25142 -0.65831 0.70951 e
146.37311 58.38720 -0.08354 -0.42939 -0.89925 e
146.88094 54.84573 0.85916 -0.36609 0.35752 e
147.77805 47.67774 -0.34986 -0.66568 -0.65914 e
147.99723 85.69267 -0.56128 -0.05499 -0.82580 e
148.68365 87.63838 -0.80194 0.58580 0.11720 e
148.80960 63.28262 0.91944 -0.01695 -0.39286 e
149.48811 80.41746 0.67290 0.64462 0.36285 e
149.92515 95.71294 -0.39866 0.75074 -0.52675 e
150.77422 87.07617 -0.33360 -0.26467 -0.90480 e
150.81241 61.39694 -0.96214 0.26143 0.07704 e
150.88888 51.71825 0.78283 0.33008 0.52747 e
151.30013 53.32907 0.42640 -0.88709 -0.17681 e
151.31854 49.92324 0.06111 0.18931 -0.98001 e
151.48437 89.58994 0.20489 -0.79958 0.56453 e
152.33226 83.99815 -0.74493 -0.66241 -0.07929 e
152.90279 94.16784 -0.34478 0.51576 -0.78430 e
152.97190 42.88035 0.02149 0.97634 -0.21515 e
154.54395 40.99743 0.42158 -0.89888 0.11951 e
155.67934 62.65849 -0.01397 0.61706 -0.78679 e
155.69142 85.53819 0.47147 0.69084 -0.54814 e
155.96435 77.12951 -0.93802 -0.22966 0.25955 e
155.98218 49.52100 0.20515 -0.45151 -0.86836 e
156.21755 60.38012 -0.31987 0.93401 0.15910 e
156.25017 89.52057 0.34918 0.80534 -0.47906 e
156.32270 52.62050 -0.85730 -0.51352 0.03651 e
156.42796 55.15971 0.28350 0.88334 0.37329 e
157.26769 51.97104 0.71619 0.52993 -0.45414 e
157.32686 53.06759 -0.56194 -0.39597 -0.72624 e
158.51155 95.10217 0.77279 -0.35638 0.52515 e
158.99262 76.31237 0.15084 -0.78211 0.60461 e
159.25551 25.89140 -0.11333 -0.99356 0.00011 e
159.86773 59.56552 -0.01229 0.89271 0.45046 e
160.03245 61.09961 0.08500 -0.65852 -0.74774 e
160.12356 49.85507 -0.29927 0.59878 -0.74290 e
160.51463 78.22374 0.68824 -0.31856 0.65180 e
160.83234 43.02573 0.54952 0.80917 -0.20803 e
161.63457 54.19819 -0.47569 0.85654 0.20016 e
162.48094 57.38397 -0.43502 0.84641 -0.30717 e
162.88845 62.96198 -0.93786 0.26501 -0.22404 e
163.06476 52.76447 0.81020 -0.49548 -0.31316 e
164.91522 49.76336 0.36366 -0.54405 -0.75615 e
165.16980 68.97119 -0.71431 -0.22911 -0.66126 e
165.64662 27.32560 0.90149 0.00674 -0.43275 e
165.82397 45.60321 0.91600 0.39974 -0.03401 e
166.04940 54.86625 -0.90171 0.37860 -0.20876 e
166.35372 48.29833 0.90694 -0.41690 0.06038 e
166.97765 87.59948 -0.19026 -0.11300 -0.97521 e
167.45755 37.15834 0.96987 -0.24168 0.03068 e
167.63663 34.37553 -0.24931 -0.59883 -0.76109 e
167.77725 56.68013 0.09805 -0.15952 -0.98231 e
167.87562 40.12804 -0.13363 0.16043 -0.97796 e
168.01578 76.24412 -0.41633 -0.77035 -0.48295 e
168.01644 74.27900 0.71445 -0.23309 -0.65973 e
168.42059 78.79725 0.86505 -0.45237 -0.21690 e
168.58045 44.66471 -0.21844 -0.39976 -0.89021 e
168.71917 39.49448 0.54346 -0.74683 0.38327 e
168.95073 37.04978 -0.64759 -0.75214 -0.12212 e
169.11912 32.90449 0.35966 -0.40916 -0.83859 e
169.41035 40.92930 0.05679 0.88652 -0.45919 e
170.99878 47.88869 -0.99357 0.01306 -0.11244 e
171.57436 42.39505 0.04022 0.94157 -0.33441 e
171.69338 41.70032 -0.29394 -0.76450 0.57371 e
171.79487 86.66004 -0.49265 -0.87013 -0.01311 e
171.80862 64.17695 -0.56868 -0.82188 -0.03343 e
172.17880 42.80277 0.01214 -0.50329 -0.86403 e
172.43609 28.67821 0.81411 -0.41527 -0.40593 e
172.81295 98.95332 0.29113 0.69837 0.65386 e
173.69086 29.05377 -0.21479 0.72639 -0.65286 e
174.26450 66.83489 0.86032 -0.39007 0.32816 e
175.02486 60.51575 0.24977 0.33699 -0.90777 e
175.44726 61.57003 -0.41277 -0.24245 -0.87798 e
176.02905 73.77300 0.13044 -0.81845 -0.55957 e
176.73652 64.07082 -0.07999 -0.41439 -0.90658 e
177.18524 58.17557 0.57266 -0.38710 0.72264 e
177.89429 84.90343 0.45516 0.85073 -0.26286 e
178.39835 89.91403 0.98164 -0.07188 -0.17667 e
179.33098 51.48638 0.95304 -0.25160 -0.16859 e
180.02736 35.94152 -0.47790 0.70248 0.52739 e
180.70203 39.67952 -0.39900 -0.79814 0.45141 e
181.09400 65.62641 -0.49421 0.35445 -0.79380 e
181.90880 67.31057 -0.78171 -0.53272 -0.32424 e
183.19126 63.44003 0.31781 0.94777 -0.02704 e
183.69224 92.25044 0.34814 0.86837 -0.35317 e
185.76480 40.28303 0.50692 0.72365 -0.46836 e
186.43122 48.63761 0.54217 -0.28104 -0.79188 e
186.77430 64.09603 -0.74916 -0.58451 -0.31161 e
186.92188 88.80460 -0.08512 0.12111 -0.98898 e
187.42570 75.00226 -0.96728 -0.17303 0.18554 e
188.19622 71.07775 -0.84695 -0.21943 -0.48427 e
188.48203 32.88776 0.45364 -0.10030 -0.88552 e
188.62879 29.51558 -0.04479 -0.88711 -0.45938 e
188.71149 64.38325 -0.08990 -0.94140 -0.32509 e
189.10142 72.90588 -0.66310 -0.43352 -0.61021 e
189.30903 40.46996 0.43048 -0.34115 -0.83564 e
189.34394 44.68578 0.86354 -0.49257 -0.10805 e
189.41871 21.85919 -0.81469 0.55055 -0.18213 e
189.44798 88.31502 -0.41911 0.89872 0.12906 e
189.76981 51.11511 -0.00175 -0.35705 -0.93408 e
190.31404 34.72865 -0.79158 0.14660 -0.59322 e
190.32569 96.35013 -0.59842 0.50361 -0.62311 e
190.41234 88.09995 -0.52396 0.59155 -0.61281 e
191.81034 79.09437 -0.07231 -0.95145 0.29918 e
192.78463 34.48375 -0.67123 0.28548 0.68407 e
192.79115 50.62413 -0.64444 -0.76377 0.03680 e
193.38642 32.06965 -0.17483 -0.94806 -0.26575 e
193.70691 40.85821 0.06047 -0.99499 -0.07962 e
194.09164 36.35140 -0.96822 -0.22155 0.11602 e
194.15357 91.91274 -0.12451 -0.01841 -0.99205 e
194.18963 81.27972 0.58697 -0.62103 -0.51941 e
194.28300 60.94372 0.97449 0.20880 0.08229 e
194.28446 70.09730 0.56378 0.81192 0.15148 e
194.34308 56.87026 0.56696 0.34912 -0.74610 e
194.65157 60.90574 0.78399 0.05735 0.61812 e
194.73130 52.34166 -0.30859 -0.57740 -0.75590 e
194.83089 60.29239 0.33071 0.52005 -0.78751 e
194.99467 32.30130 -0.64910 0.75968 -0.03932 e
195.44193 81.46450 0.09410 -0.75225 -0.65213 e
195.60106 71.69169 -0.51765 -0.85532 0.02160 e
196.16387 48.95347 -0.86455 -0.50028 -0.04770 e
197.57788 54.16278 -0.56435 0.80174 -0.19676 e
197.65031 56.39934 0.71464 -0.60403 0.35276 e
198.16957 73.79397 0.24021 0.57049 -0.78540 e
198.23508 94.03016 -0.67201 -0.63108 -0.38748 e
198.74109 52.67386 -0.29850 -0.69715 -0.65183 e
199.20725 31.86715 0.87156 -0.33469 -0.35828 e
200.71361 79.98474 0.71045 0.68694 -0.15286 e
200.74520 67.16842 0.95733 0.28071 -0.06873 e
200.74535 36.78703 0.38176 -0.75993 0.52609 e
201.18555 93.66695 0.76729 0.60170 -0.22188 e
201.64542 49.52560 0.23015 0.17292 -0.95767 e
201.79925 36.86673 -0.23351 -0.70621 -0.66838 e
202.34564 75.82424 0.52021 0.81129 0.26682 e
202.69315 91.16981 0.31152 0.51621 -0.79780 e
202.82786 38.39443 -0.14121 0.87863 0.45615 e
203.12780 49.18932 -0.66309 0.47955 -0.57475 e
204.53815 94.33394 0.07891 -0.60966 -0.78873 e
206.17660 66.02094 0.86066 -0.28419 -0.42248 e
206.87984 68.79720 -0.47996 -0.72854 -0.48874 e
207.12044 56.03163 0.15565 0.30516 -0.93950 e
207.17837 49.65381 0.95609 0.11063 0.27139 e
207.20394 68.35874 -0.58330 -0.80227 0.12701 e
208.29683 66.65208 0.23495 0.67463 -0.69977 e
208.35507 64.01141 0.76309 0.31132 -0.56636 e
209.01599 78.29375 0.02860 0.71675 0.69675 e
209.71516 58.08496 -0.30219 0.94400 -0.13244 e
209.86964 64.56732 0.31240 0.69795 -0.64441 e
210.27277 96.60171 -0.81933 0.26114 -0.51039 e
210.59707 60.29963 0.51852 0.52837 -0.67228 e
210.71098 72.33197 -0.41856 0.65479 -0.62933 e
211.93185 74.01746 0.04363 0.73311 -0.67871 e
212.10278 81.01096 0.18360 -0.89096 -0.41530 e
212.71088 59.54831 0.36055 0.89870 -0.24969 e
212.81464 45.55097 0.08481 -0.71663 -0.69227 e
212.88273 86.00361 0.26591 -0.56458 -0.78137 e
213.69281 41.45090 0.30981 -0.74343 -0.59274 e
217.57177 48.28324 -0.54624 -0.49179 -0.67807 e
217.91601 70.64082 -0.38132 0.15125 -0.91199 e
217.99100 63.58199 -0.12421 0.17562 -0.97659 e
218.30581 45.36242 0.42571 0.73965 -0.52124 e
218.84238 56.43445 -0.37524 0.07718 -0.92371 e
219.87595 80.52105 0.22396 0.87850 -0.42200 e
219.89354 43.84169 -0.99123 0.10043 0.08591 e
219.95682 34.80630 -0.79891 0.52970 -0.28487 e
220.02203 46.93491 0.08712 0.99520 0.04454 e
220.21553 59.77994 -0.79770 0.47686 -0.36916 e
220.48879 26.12785 0.59850 -0.64235 -0.47873 e
221.68138 24.48458 0.86183 0.27910 0.42350 e
221.84076 74.85510 0.70461 0.01233 -0.70949 e
221.84762 31.84904 -0.98765 0.11555 -0.10579 e
222.08905 64.58045 0.38839 0.91799 -0.08031 e
222.59105 80.53363 -0.85878 -0.22818 0.45873 e
223.52332 88.36133 -0.24067 -0.78317 -0.57334 e
225.87117 68.53556 0.76142 -0.42385 -0.49049 e
225.98468 44.39215 -0.69448 0.71948 0.00642 e
226.41757 94.72454 0.99051 0.02292 -0.13552 e
226.76972 65.79308 -0.65528 0.73063 -0.19181 e
226.82797 82.12876 -0.18532 0.56820 -0.80175 e
227.18177 65.27563 -0.09521 0.67371 -0.73283 e
227.59699 81.09688 -0.99869 0.01185 -0.04974 e
227.76563 57.45206 0.22043 -0.23853 -0.94579 e
228.33183 65.72544 0.12258 0.93846 0.32291 e
230.29205 91.69111 0.68926 -0.47099 -0.55053 e
230.98722 34.87807 -0.33514 -0.46603 -0.81884 e
231.35986 75.98138 -0.51829 0.70644 -0.48200 e
232.95925 48.92149 -0.78530 -0.38368 -0.48590 e
233.60670 93.06024 -0.15114 -0.29973 -0.94198 e
233.83526 44.00952 0.54783 -0.15456 0.82219 e
234.08257 66.99728 0.05627 -0.21501 -0.97499 e
234.25810 95.85703 -0.53631 0.27958 -0.79637 e
234.53226 31.39850 -0.74978 0.39231 0.53285 e
236.50461 55.62973 -0.21723 0.70544 -0.67466 e
236.71529 54.70626 -0.95038 0.13443 -0.28056 e
236.91650 99.88647 -0.79655 -0.43192 0.42304 e
237.35840 85.77151 0.70574 -0.70541 -0.06584 e
237.66836 62.99411 0.66065 -0.72358 0.19991 e
237.73324 39.00549 0.20517 -0.26954 0.94088 e
238.19995 24.02857 -0.84367 0.10692 -0.52611 e
238.96558 94.79561 0.58948 0.01462 -0.80765 e
239.36350 91.69637 -0.98287 0.16068 0.09023 e
239.87683 76.91152 0.60960 -0.79094 -0.05302 e
239.95644 49.05854 0.92030 -0.06997 0.38491 e
240.70431 77.52206 -0.60198 0.22680 0.76562 e
240.88876 68.69810 0.62993 -0.49781 -0.59613 e
240.92776 73.49368 -0.12410 0.89764 -0.42290 e
241.18411 72.83178 -0.91440 -0.31250 -0.25734 e
243.06746 94.16998 -0.76210 -0.30946 -0.56871 e
243.55789 90.97595 0.28592 0.72620 -0.62520 e
243.98411 77.82188 -0.69582 0.65818 -0.28746 e
244.03341 44.50249 -0.89296 0.09791 -0.43936 e
244.05339 67.51325 0.32782 0.93493 -0.13577 e
244.19830 41.62113 0.68609 -0.65644 -0.31365 e
244.35473 83.78799 0.44422 0.82149 -0.35753 e
245.78260 50.29328 -0.92435 0.28291 -0.25600 e
246.80278 70.49522 -0.61642 -0.57878 -0.53389 e
246.80861 51.68864 0.83753 -0.51883 0.17134 e
247.48690 77.54540 -0.52882 -0.41028 -0.74298 e
247.71232 40.61304 -0.04310 0.91900 -0.39190 e
248.46530 47.72325 -0.04833 0.53689 -0.84227 e
249.05106 38.72274 0.11249 -0.77418 -0.62289 e
249.32250 45.02767 0.09883 -0.93642 -0.33667 e
249.59916 23.16843 0.28185 0.95234 -0.11664 e
250.39332 49.91212 0.70577 -0.45316 0.54455 e
251.34807 93.79621 -0.16918 -0.29432 -0.94061 e
251.54556 40.40152 0.61480 0.77863 0.12553 e
251.94650 65.07068 -0.08876 0.39095 -0.91612 e
252.49595 73.15138 -0.35674 -0.91202 -0.20235 e
253.48391 97.54111 -0.63099 0.48280 -0.60725 e
253.95733 38.61384 0.97109 -0.18386 -0.15223 e
254.20917 87.19608 0.98700 -0.07611 -0.14155 e
254.36763 35.89142 0.95858 -0.26027 0.11573 e
254.38627 33.09322 0.37278 0.77385 -0.51204 e
254.78064 51.61950 -0.45381 0.63120 -0.62899 e
255.81615 55.77514 0.72910 -0.56781 0.38212 e
256.06859 61.64809 -0.56662 -0.49015 0.66234 e
256.34386 45.07061 -0.71151 -0.28663 -0.64156 e
256.97740 45.56284 -0.21770 0.14815 -0.96471 e
257.03496 61.79173 -0.31896 -0.11356 -0.94094 e
257.08214 40.41744 0.39839 0.32519 -0.85763 e
257.47983 67.26927 -0.91167 0.39689 -0.10650 e
258.63663 42.13944 -0.99512 -0.08580 -0.04881 e
260.20510 29.51731 -0.32687 0.88076 -0.34267 e
260.39785 35.62194 -0.87921 -0.18017 0.44106 e
261.25759 48.76641 0.47350 0.74281 -0.47332 e
261.63228 69.22114 -0.76381 0.43651 -0.47545 e
261.74940 38.74293 -0.94052 -0.18963 -0.28188 e
262.44050 48.29253 0.98544 -0.16990 -0.00645 e
262.99167 35.77710 -0.78282 0.52667 -0.33136 e
263.02602 39.27724 0.46870 0.79694 0.38105 e
263.04016 80.04320 -0.42543 0.66378 -0.61515 e
263.26292 97.41312 -0.24889 0.96739 -0.04709 e
265.81702 46.20941 0.83703 0.26705 -0.47755 e
266.10954 99.11665 -0.01940 -0.99192 0.12539 e
266.35286 68.47330 0.64487 0.15137 -0.74915 e
266.42749 68.26886 -0.38011 -0.74553 -0.54744 e
267.69555 92.97367 0.26798 -0.15273 -0.95124 e
268.56083 63.93705 -0.55792 -0.68660 -0.46617 e
268.59113 37.54013 -0.62190 -0.72190 -0.30347 e
269.53018 46.38250 0.63150 -0.77171 0.07532 e
269.53936 69.56833 0.77866 0.53997 -0.31956 e
269.72948 41.24715 0.26377 0.15977 -0.95126 e
269.84209 55.37290 -0.51188 -0.79289 0.33061 e
269.91142 56.15018 0.76471 0.59479 -0.24787 e
270.11243 93.69470 0.82790 0.21822 -0.51669 e
271.69158 66.00834 0.46416 0.85224 -0.24133 e
272.51032 43.65344 -0.92118 0.34148 -0.18661 e
273.34154 99.73851 -0.68063 0.62919 0.37531 e
274.16025 91.39104 0.08606 0.85295 -0.51486 e
275.31450 63.83552 0.48521 -0.41176 0.77137 e
275.50229 49.68485 -0.75936 -0.60282 -0.24492 e
275.74320 41.17618 -0.77816 0.37806 -0.50154 e
276.18202 42.65532 0.48711 -0.52630 0.69694 e
276.41455 87.10833 -0.10524 0.19093 -0.97595 e
276.94564 49.28139 -0.56443 0.48031 -0.67136 e
277.09509 55.57090 0.97597 -0.18782 -0.11051 e
277.20529 75.95376 0.75643 -0.64077 0.13126 e
277.35126 81.05794 -0.58474 -0.81120 0.00581 e
278.13871 58.83615 -0.77641 0.39137 -0.49398 e
278.24984 48.77256 0.35489 0.16709 -0.91986 e
278.58270 47.22673 -0.92731 0.36330 -0.09007 e
278.88755 78.77626 -0.60702 -0.15951 0.77852 e
278.92281 94.90306 0.22901 -0.65623 -0.71897 e
279.01906 75.93301 0.89654 -0.15748 -0.41403 e
279.14269 42.81530 -0.27083 -0.79230 -0.54672 e
279.21440 88.31995 -0.76049 -0.59360 0.26323 e
279.33563 36.65950 0.29012 -0.93527 -0.20276 e
279.51298 65.51934 -0.37068 0.74322 -0.55697 e
280.08195 78.77876 -0.94924 0.05987 0.30880 e
281.09509 65.87557 0.90620 0.42037 -0.04571 e
281.83083 39.89570 0.18864 0.96521 -0.18106 e
282.78610 73.10172 0.02496 -0.79458 -0.60665 e
283.46722 93.79346 0.16827 -0.91205 -0.37396 e
283.57129 64.99307 -0.83460 -0.53547 0.12929 e
283.75136 82.41888 -0.28729 0.52919 -0.79839 e
284.44044 76.98111 -0.40984 0.45479 -0.79069 e
285.28160 32.30190 0.77145 0.54605 0.32663 e
286.27016 64.17393 0.47800 -0.48985 -0.72908 e
286.51596 83.18364 -0.86189 0.48708 0.14107 e
287.04087 73.72355 0.21366 -0.46356 -0.85992 e
287.25518 72.28266 -0.00191 -0.71315 -0.70100 e
287.90000 49.24668 0.79664 -0.16824 -0.58057 e
288.07922 87.94810 -0.67035 -0.71904 -0.18335 e
288.93907 63.07562 -0.23919 -0.74669 -0.62067 e
289.35131 46.68691 0.18622 -0.25089 -0.94994 e
289.41528 42.32390 0.52140 0.43446 -0.73443 e
289.81405 49.70678 -0.61463 -0.52184 0.59153 e
290.77927 43.93601 -0.73337 -0.67444 -0.08540 e
290.85766 77.30473 -0.76216 -0.64710 -0.01910 e
290.91542 97.81312 0.62173 0.72954 0.28500 e
291.65572 34.87640 0.37847 -0.62208 0.68540 e
292.11660 40.34448 -0.06158 -0.32170 0.94484 e
292.45205 53.86779 -0.58692 0.25304 -0.76909 e
292.96363 68.05408 -0.32983 0.32154 -0.88759 e
293.95360 32.22457 0.79305 -0.60734 -0.04697 e
295.29816 94.37066 -0.93806 0.06258 -0.34078 e
295.44971 86.44330 -0.38314 0.71495 -0.58486 e
295.89107 57.21924 -0.28001 0.83792 -0.46850 e
296.02258 83.04383 0.51226 0.60614 -0.60842 e
296.17417 78.96649 -0.23146 0.70121 -0.67434 e
297.15333 61.61042 0.36843 0.28605 -0.88456 e
298.51643 54.64855 -0.95107 0.29100 0.10386 e
299.86564 94.31218 -0.29247 0.01689 -0.95613 e
300.21029 90.05770 -0.37551 -0.39608 -0.83792 e
300.93056 56.02373 -0.21457 -0.91519 -0.34116 e
302.24559 52.09687 0.97413 -0.07994 -0.21135 e
302.43529 84.19453 0.22640 -0.41392 -0.88171 e
302.96491 49.59677 0.19425 -0.66276 -0.72319 e
303.50821 89.23671 0.19571 -0.70124 -0.68554 e
303.50826 46.22654 -0.56595 0.71877 -0.40382 e
304.13999 54.23478 -0.81270 0.55618 -0.17372 e
304.23735 76.49762 -0.85098 -0.52515 0.00693 e
304.23910 78.00346 -0.21356 0.56940 -0.79383 e
305.26671 93.74582 0.20726 -0.67496 -0.70814 e
305.65027 34.55358 -0.59267 -0.49176 -0.63790 e
305.95188 41.51048 0.49095 -0.15296 -0.85765 e
305.95531 92.90551 0.47470 0.71660 0.51103 e
307.11342 29.77322 0.05366 -0.60175 -0.79688 e
308.05466 95.68654 0.80849 0.38868 0.44191 e
308.34215 92.08835 0.78627 -0.60740 0.11335 e
308.61622 63.81451 -0.52249 0.85264 0.00196 e
308.98505 39.48527 0.20877 0.33779 -0.91778 e
310.87386 84.61148 0.92465 0.37960 0.03029 e
310.93465 68.86045 -0.28258 -0.08379 -0.95558 e
311.41165 64.18997 -0.47187 0.29316 -0.83151 e
311.98177 70.16399 0.81351 0.50534 -0.28780 e
312.20095 40.41360 0.95141 0.27754 -0.13338 e
312.26452 59.30916 -0.30059 0.39125 -0.86981 e
312.90934 44.90476 -0.05587 0.81949 -0.57037 e
313.22304 79.29616 0.01106 -0.61945 -0.78496 e
313.35378 89.44193 -0.78869 -0.55619 -0.26195 e
313.96671 49.35748 0.38554 -0.85587 -0.34474 e
315.03106 89.68485 -0.78350 -0.27055 -0.55940 e
315.07312 71.01883 0.71098 -0.34308 0.61385 e
315.33034 47.53747 -0.71985 -0.65663 -0.22506 e
315.66929 69.02480 -0.19602 0.76448 -0.61412 e
316.23833 76.79390 0.67345 0.68059 0.28856 e
317.05680 59.69337 -0.86185 0.41256 0.29497 e
318.02771 52.70886 -0.63654 -0.25239 -0.72878 e
318.69547 57.36188 -0.84579 0.22161 0.48532 e
318.75923 78.80471 -0.27666 -0.33576 0.90040 e
319.40010 32.06349 -0.26150 -0.72172 -0.64089 e
319.98073 46.14182 0.07596 -0.95001 0.30284 e
321.51842 30.82660 -0.90434 -0.19407 0.38013 e
321.76373 88.66645 0.46838 -0.53923 0.69989 e
322.07304 41.23568 0.66413 0.25944 -0.70116 e
323.59668 73.46490 -0.32309 -0.20377 -0.92417 e
323.79301 99.83182 0.57729 0.61573 -0.53629 e
324.11927 89.82215 0.00440 0.69176 -0.72211 e
325.61427 96.56292 0.78936 -0.21985 -0.57321 e
325.73850 41.40294 0.31720 -0.94726 -0.04564 e
325.85919 88.82000 0.40518 -0.80724 -0.42918 e
326.28751 89.87465 0.50858 0.57218 -0.64340 e
326.62606 43.17649 -0.53220 -0.32361 -0.78233 e
326.82070 33.68969 -0.33107 0.24918 0.91011 e
326.82236 92.69241 0.54621 -0.83754 -0.01382 e
326.83871 82.98315 -0.81589 -0.39392 -0.42326 e
327.82809 61.80470 0.03746 -0.99898 -0.02524 e
328.50908 65.60997 0.32795 -0.94412 0.03299 e
329.81077 91.96722 0.16742 0.63567 -0.75359 e
330.43208 45.75883 0.67661 -0.68887 -0.26011 e
330.53539 42.59763 -0.59328 -0.70946 0.38038 e
330.63758 36.39713 -0.14376 -0.71657 0.68254 e
330.79450 61.01772 -0.46920 -0.88293 -0.01677 e
330.97660 79.94031 0.75514 0.43625 0.48934 e
331.31991 80.74680 -0.14280 0.77122 -0.62034 e
334.25735 64.02394 0.66183 0.45337 -0.59702 e
334.39491 54.53417 0.42874 0.29557 -0.85371 e
335.61132 74.13141 -0.33906 0.09471 -0.93599 e
335.95982 42.15985 -0.59256 0.80525 -0.02102 e
335.97916 93.26105 -0.91076 0.33482 -0.24170 e
336.11073 38.65756 0.35584 0.77223 -0.52635 e
337.38241 86.32006 -0.90255 0.41852 0.10119 e
337.86560 47.98830 -0.61534 0.78049 0.11041 e
338.99324 81.27646 -0.45859 -0.83330 -0.30872 e
339.24798 75.95018 -0.24911 -0.14395 -0.95772 e
339.26078 93.03867 -0.97710 -0.11256 -0.18058 e
339.58271 82.20485 -0.45304 -0.58151 0.67572 e
340.39150 58.90533 -0.28645 0.91129 -0.29580 e
340.44025 92.37403 -0.43848 0.34647 -0.82927 e
341.06167 46.08432 -0.57500 -0.60300 -0.55296 e
341.21079 64.30873 -0.45262 0.59550 -0.66372 e
341.56568 65.16446 0.17628 -0.67302 -0.71830 e
341.62357 63.57541 0.89861 -0.43569 0.05176 e
341.79581 97.44384 -0.36255 -0.04408 -0.93092 e
341.80494 97.21165 0.00089 0.23184 -0.97275 e
341.91583 42.26473 -0.04956 0.46905 -0.88178 e
342.03569 90.57868 -0.50723 0.82242 0.25758 e
342.77090 30.64663 -0.88591 -0.32220 -0.33368 e
342.80485 66.49375 -0.20291 0.20270 -0.95799 e
343.88032 62.22213 0.05244 0.94368 -0.32667 e
343.89321 46.55745 -0.25389 -0.78519 -0.56481 e
345.50005 62.53317 -0.16322 0.74679 -0.64472 e
345.77506 62.58544 0.06907 0.57883 -0.81252 e
345.79103 59.80612 -0.62476 0.76597 0.15153 e
346.17417 62.17075 -0.72199 0.53537 -0.43831 e
346.32021 37.80982 0.60496 -0.79600 -0.02029 e
347.36877 95.34515 0.35193 0.23932 -0.90492 e
347.95795 35.98236 0.12266 -0.96557 0.22943 e
348.51740 75.74697 0.79533 0.05468 -0.60371 e
349.09961 54.14355 0.89884 0.37451 -0.22767 e
349.19920 92.77170 0.52341 0.21714 -0.82395 e
349.30501 69.39819 0.14896 0.42972 -0.89059 e
349.36419 82.43187 0.13423 -0.71855 -0.68240 e
350.19432 36.20263 0.88775 0.20386 -0.41272 e
350.61964 64.22665 -0.46698 -0.69073 0.55210 e
350.70518 37.45939 0.80678 0.52955 -0.26207 e
350.92483 70.25648 0.93357 -0.05689 -0.35386 e
350.98555 32.95067 0.54884 0.83588 0.00923 e
351.01725 36.50834 0.79702 0.28817 0.53076 e
352.17529 97.58482 0.69067 0.42375 -0.58602 e
353.40579 99.49095 0.76246 -0.64297 -0.07244 e
353.75630 49.30588 0.14418 0.58231 -0.80008 e
353.93290 91.98893 0.44679 -0.72264 -0.52741 e
354.06653 55.39238 0.05080 -0.55080 -0.83309 e
354.28113 62.03068 0.70854 0.08659 -0.70034 e
354.57046 71.88121 0.33236 -0.73240 -0.59424 e
355.19833 36.62825 0.11514 -0.71727 -0.68722 e
355.23883 97.50947 0.21280 0.77890 -0.58993 e
356.04127 79.59197 -0.48362 0.87332 0.05850 e
356.81095 81.54921 -0.61596 0.69758 0.36603 e
359.20922 34.23161 -0.78103 -0.52518 -0.33791 e
359.86734 34.07495 0.00884 0.97086 0.23950 e
359.98624 61.48385 0.32077 0.92914 0.18387 e
360.45187 69.04393 0.05207 0.99824 -0.02846 e
360.69926 54.19460 0.84759 -0.36180 -0.38820 e
361.44012 55.66020 -0.91622 0.06963 -0.39458 e
362.79189 81.72764 -0.28670 -0.94273 0.17046 e
364.69336 85.25081 -0.46225 -0.74251 0.48477 e
365.31291 79.63942 0.84519 -0.09617 -0.52575 e
366.34207 39.91710 0.48303 -0.80714 -0.33943 e
368.88427 94.31734 -0.60851 0.68676 0.39758 e
368.94387 59.58106 0.68173 0.64307 0.34887 e
370.46200 46.56243 -0.68864 -0.47899 -0.54437 e
370.81313 69.48831 0.51481 -0.44594 -0.73219 e
372.73737 33.24859 -0.48584 0.80432 0.34210 e
374.11259 31.39029 -0.08488 0.80036 -0.59349 e
374.40784 58.14642 0.35142 -0.06861 -0.93370 e
374.79808 57.19238 -0.90793 0.17926 0.37886 e
377.60901 96.35806 -0.07443 -0.90441 0.42013 e
377.79857 96.72218 0.43660 0.58999 -0.67919 e
377.86664 51.54618 -0.00385 -0.94134 0.33744 e
378.33169 49.80126 -0.74885 0.44213 0.49371 e
380.05318 26.22273 0.19902 -0.84047 -0.50398 e
380.05624 92.75268 0.60057 0.02882 -0.79905 e
380.58220 69.39799 0.15630 0.92930 -0.33463 e
381.36163 73.69824 -0.36305 0.93123 -0.03162 e
381.89399 99.62284 0.21261 0.64058 -0.73787 e
382.60893 55.00657 -0.92054 -0.34627 -0.18082 e
383.48457 53.18257 -0.12102 -0.94642 -0.29941 e
383.84371 56.64430 0.53914 -0.48220 -0.69051 e
384.45535 53.49783 0.69021 0.29783 -0.65947 e
385.37193 59.27022 0.21108 0.10954 -0.97131 e
385.90570 88.66389 0.86927 0.45215 -0.19984 e
385.97003 75.74932 0.85291 0.12531 -0.50679 e
388.66526 44.60188 0.38669 -0.57335 -0.72232 e
388.74169 44.91111 0.14676 0.59577 0.78963 e
389.13649 33.15383 -0.15786 -0.75628 -0.63492 e
389.30502 42.16286 0.94013 -0.20593 0.27157 e
398.51253 39.21884 0.30960 0.22811 0.92310 e
401.99658 97.54037 -0.22194 0.50833 -0.83207 e
403.54796 56.53585 -0.00744 0.92424 -0.38174 e
417.64907 59.74613 -0.94564 -0.31692 0.07296 e
424.66398 82.86789 -0.97684 -0.03980 0.21022 e
427.14811 36.51269 -0.39629 0.18160 -0.89999 e
432.58345 37.18770 0.30446 0.79970 -0.51747 e
472.14344 57.76949 -0.77402 0.63250 0.02890 e
478.85244 24.38907 0.40666 0.75744 -0.51079 e
485.45708 34.62444 -0.53616 0.83196 -0.14274 e
508.12237 43.21798 0.59774 -0.56733 -0.56643 e
509.18331 54.97368 -0.37559 -0.62337 0.68582 e
517.91644 87.48653 -0.56797 0.47828 -0.66981 e
526.57035 48.10321 -0.49210 0.08394 -0.86648 e
532.66157 46.01455 0.23868 0.42937 -0.87102 e
537.98420 45.96111 -0.86727 0.49177 -0.07748 e
573.19946 36.06626 0.04401 0.60209 -0.79722 e
580.55712 35.61928 -0.06913 -0.33730 -0.93885 e
609.52560 44.25724 -0.10631 -0.84657 -0.52156 e
718.68841 53.94979 -0.91255 -0.07012 -0.40292 e
734.06166 38.45537 -0.91409 -0.30591 0.26621 e
738.62412 46.73797 0.72450 -0.39031 0.56812 e
765.03410 50.08833 -0.08690 -0.33871 -0.93687 e
778.66923 22.84560 0.67458 -0.03010 -0.73759 e
780.42870 45.47838 -0.32199 -0.20678 -0.92388 e
794.68009 31.04787 -0.40408 -0.47350 -0.78264 e
840.90135 30.10215 0.95309 -0.15990 -0.25702 e
844.58785 69.53486 0.89509 -0.44498 -0.02844 e
852.89617 38.14237 -0.25724 0.73021 -0.63294 e
853.02006 45.12521 -0.74077 -0.13068 0.65892 e
872.97432 27.15290 -0.61781 -0.18886 0.76331 e
944.09656 34.94229 0.98749 0.13592 -0.07987 e
1004.92441 42.99063 0.36231 0.33326 0.87044 e
1010.77148 45.75446 -0.56424 -0.80195 0.19620 e
1023.22106 65.11099 -0.69183 -0.35301 -0.62988 e
1073.58528 44.01485 -0.72794 -0.20537 0.65416 e
1131.98658 62.42923 -0.46979 0.86271 -0.18714 e
1159.35829 41.48353 -0.99709 0.00654 -0.07589 e
1212.17781 32.86867 0.96178 0.22167 0.16074 e
1253.30161 46.66421 0.41643 0.81677 -0.39934 e
1276.02472 35.37691 -0.46597 0.84932 -0.24805 e
1290.25280 52.26260 -0.57024 0.82069 -0.03585 e
1326.80004 40.06519 -0.80372 -0.41999 -0.42147 e
1419.13313 41.23292 0.79970 0.55253 0.23493 e
1432.49180 38.15976 -0.77825 -0.61237 -0.13901 e
1522.24466 30.08012 -0.45897 -0.81447 -0.35495 e
1546.33118 48.79541 -0.71079 -0.67002 0.21415 e
1554.37529 40.84278 0.14803 0.83971 -0.52247 e
1661.47972 66.41043 0.99639 0.08495 -0.00097 e
1683.70279 62.66033 -0.71942 0.64029 -0.26917 e
1730.11988 34.04011 -0.34442 -0.44266 -0.82790 e
1748.13703 36.96668 -0.12458 -0.33571 0.93369 e
1766.66392 22.37909 0.97788 -0.11926 0.17185 e
1799.13414 35.45433 -0.35500 -0.43669 0.82661 e
1845.71013 38.61738 -0.99234 -0.06434 0.10550 e
1866.51076 54.73822 -0.71681 -0.69724 0.00662 e
1873.65968 26.26943 0.59996 0.70028 0.38685 e
1971.73378 33.25496 -0.70311 -0.70709 -0.07527 e
2121.43496 62.70237 0.75084 -0.65947 -0.03649 e
2195.81021 32.88403 -0.00890 -0.74928 0.66219 e
2304.94504 29.45086 0.55827 0.24335 -0.79317 e
2364.51182 29.32816 0.56601 -0.81287 0.13743 e
2568.73744 42.45587 -0.97323 0.22906 0.01876 e
2646.63392 48.61588 -0.92178 0.14198 -0.36079 e
2726.85032 36.85037 -0.39802 -0.86498 -0.30558 e
2770.24140 33.19412 0.81477 -0.43050 -0.38836 e
3312.60012 50.08174 0.10626 0.61127 0.78426 e
3316.64584 33.92499 0.96576 0.10475 0.23736 e
3438.41707 41.94751 0.38629 0.84575 0.36808 e
3629.78489 47.23572 -0.51895 -0.61445 -0.59426 e
3647.53537 49.70397 -0.80663 -0.58929 -0.04571 e
3729.68724 32.28207 -0.93799 -0.34120 -0.06136 e
4739.31459 29.65205 -0.22645 -0.73236 -0.64216 e
5027.47766 47.87089 0.93912 -0.30521 -0.15778 e
5216.37095 31.44232 0.45357 0.06744 -0.88866 e
5804.55687 23.92350 0.65442 0.51766 -0.55114 e
5963.47360 45.81034 -0.76784 0.07155 -0.63664 e
5992.50136 40.20084 -0.97238 -0.21564 -0.08929 e
6053.49202 49.38908 0.76960 -0.41547 0.48488 e
6061.54423 40.78589 0.48856 -0.09124 -0.86775 e
6187.81244 44.11024 0.16777 -0.42682 -0.88864 e
6219.79531 42.19357 0.94161 -0.16043 -0.29602 e
7308.42071 35.16290 0.84084 -0.48022 0.24975 e
7623.59278 49.82181 0.04144 0.99535 -0.08699 e
8019.45649 30.02781 0.59925 0.48901 0.63385 e
8684.29005 35.49952 0.29513 0.94760 0.12224 e
9305.38820 87.85488 0.29787 -0.49645 -0.81536 e
9328.50954 60.58566 0.54468 0.73264 0.40812 e
10206.01818 37.20538 0.18314 0.97076 -0.15516 e
10288.00971 31.44782 0.89949 -0.38938 -0.19823 e
10861.45931 37.56295 -0.70184 -0.45834 -0.54530 e
11183.79286 22.81952 -0.40284 -0.34438 0.84801 e
12028.02232 32.47844 -0.50133 -0.64333 0.57861 e
19504.06497 36.58743 0.50025 -0.04546 0.86469 e
