15.67147 56.35823 -0.69737 0.59388 0.40124 eb
16.11754 33.55785 -0.43209 -0.79426 0.42714 eb
17.80131 30.65421 0.02287 -0.95785 0.28635 eb
18.28791 37.78456 -0.94510 0.28490 -0.16009 eb
18.28802 28.37416 -0.46158 -0.59849 -0.65479 eb
19.12166 69.54481 -0.52869 -0.10937 -0.84174 eb
19.33054 58.24206 -0.22673 0.47181 -0.85205 eb
19.57557 68.23327 0.17184 -0.98429 -0.04062 eb
19.89441 48.26296 -0.75808 -0.36252 -0.54212 eb
20.53949 51.69674 0.83348 -0.44048 -0.33360 eb
21.22118 39.93938 0.96347 0.26392 0.04554 eb
21.52836 73.60726 0.33641 -0.60376 -0.72270 eb
21.94353 81.77039 0.07548 -0.18458 -0.97992 eb
22.16773 43.25307 0.56263 0.49617 0.66126 eb
22.54427 31.01322 0.60174 -0.56359 -0.56593 eb
23.02944 68.29742 -0.19924 -0.95202 -0.23228 eb
23.71423 54.18490 -0.47114 0.15793 0.86780 eb
24.56276 86.61935 0.74885 -0.50994 -0.42331 eb
24.63180 83.03472 0.93061 -0.11924 -0.34605 eb
25.77693 59.97289 -0.11683 0.49513 -0.86093 eb
25.78187 65.52084 -0.22710 0.97088 -0.07628 eb
26.03770 52.49967 -0.95660 -0.23988 -0.16547 eb
26.48422 85.57275 -0.24239 -0.02980 -0.96972 eb
26.69122 76.12768 -0.25033 -0.06176 -0.96619 eb
26.70603 78.90424 0.74738 -0.57003 0.34130 eb
26.83735 56.52540 0.88016 -0.07371 -0.46893 eb
27.30666 20.56250 -0.72747 0.31776 -0.60813 eb
27.84461 30.28270 -0.40822 -0.84476 -0.34604 eb
27.94519 59.89042 -0.10158 0.96860 0.22695 eb
28.03712 42.09107 -0.32844 -0.90982 -0.25368 eb
28.10753 87.73516 0.16254 -0.91686 0.36461 eb
28.29990 87.59278 -0.05970 0.99567 -0.07129 eb
28.67081 45.59739 0.85269 -0.52138 -0.03280 eb
28.94787 78.88242 0.82841 0.48458 0.28092 eb
29.08162 44.47971 0.78099 -0.20095 -0.59133 eb
29.14989 69.36365 -0.57427 -0.36646 -0.73206 eb
29.19425 73.70480 0.25623 -0.83240 -0.49138 eb
29.23302 48.65956 0.57665 -0.80318 0.14959 eb
29.25435 70.83666 0.74101 0.02424 -0.67105 eb
29.28889 88.28264 -0.69802 -0.65940 -0.27921 eb
29.71871 21.01668 0.68650 -0.72682 0.02113 eb
29.71922 61.88274 -0.28253 0.48759 -0.82610 eb
29.77266 77.37523 0.16230 0.36596 -0.91637 eb
29.82795 61.30979 0.34085 0.74465 0.57386 eb
29.84068 52.43662 -0.07588 -0.74496 -0.66278 eb
30.00317 34.48443 0.04928 0.87748 -0.47707 eb
30.10591 38.31153 -0.30948 0.61139 -0.72830 eb
30.14420 39.48544 -0.50389 -0.35413 -0.78784 eb
30.50806 54.21152 0.89447 0.40458 0.19038 eb
30.65160 48.04396 -0.23649 0.25742 0.93691 eb
30.75126 32.61440 0.66349 -0.24710 -0.70620 eb
31.00333 31.06097 0.41903 0.90741 0.03213 eb
31.17679 65.29708 -0.69615 0.46441 -0.54745 eb
31.51197 79.28777 -0.93243 0.14238 -0.33212 eb
32.24586 33.47824 -0.06296 -0.97452 0.21529 eb
33.50143 55.98717 0.70262 0.17500 -0.68971 eb
33.69511 72.11477 0.90175 0.30320 -0.30807 eb
33.96924 76.14099 -0.96206 0.26278 -0.07343 eb
34.06292 75.79991 -0.27303 0.20706 -0.93946 eb
34.14875 67.38496 0.51729 0.19191 -0.83401 eb
34.44216 80.27801 0.97011 0.24268 -0.00078 eb
34.93665 47.08141 0.12565 0.75101 0.64822 eb
34.96458 22.92553 0.32992 0.29988 0.89511 eb
35.53080 55.72790 0.35738 0.93395 -0.00451 eb
35.91607 56.65455 -0.25353 -0.95950 0.12285 eb
36.68970 50.81226 0.26583 -0.65904 -0.70356 eb
37.04399 50.53475 -0.50433 0.84206 0.19128 eb
37.10741 22.08312 -0.21661 0.97200 -0.09110 eb
37.12414 66.32029 -0.78269 -0.41153 -0.46694 eb
37.40818 21.21841 -0.91693 0.31811 -0.24093 eb
37.45650 63.23301 -0.59106 -0.67921 -0.43511 eb
37.55846 82.10371 0.28930 0.70796 0.64428 eb
37.64224 70.89517 0.03334 0.25798 -0.96557 eb
37.78361 67.96776 -0.36699 -0.82178 -0.43589 eb
37.80620 83.50247 0.18275 0.25225 -0.95025 eb
38.20323 54.92872 -0.00041 0.98900 -0.14790 eb
38.23776 61.23574 -0.36504 -0.20809 -0.90744 eb
38.88628 66.63737 0.35312 -0.38524 -0.85258 eb
39.00464 26.82148 -0.22446 -0.87588 -0.42714 eb
39.17989 48.95684 0.61384 0.48948 -0.61936 eb
39.43836 39.30609 -0.84474 0.19052 -0.50011 eb
39.58030 78.35715 -0.96929 0.06731 -0.23651 eb
39.85459 37.05897 -0.85083 -0.52347 0.04551 eb
39.89198 56.32528 0.41504 -0.77051 0.48379 eb
39.90246 80.06990 0.38036 -0.67191 0.63550 eb
39.94068 62.01549 -0.01105 0.23363 -0.97226 eb
39.99233 58.35851 0.65543 0.26381 -0.70768 eb
40.44817 34.56842 -0.03514 -0.96174 0.27172 eb
40.44901 71.48000 0.33912 0.42623 -0.83865 eb
40.72258 56.49768 0.12035 -0.24751 -0.96138 eb
40.78233 37.41071 -0.40933 -0.28037 -0.86824 eb
40.81098 50.71728 -0.44782 -0.44012 -0.77830 eb
41.00911 50.42267 -0.06458 0.85202 -0.51950 eb
41.15660 61.46800 -0.16193 -0.60917 -0.77633 eb
41.22721 79.99158 0.58072 0.68254 -0.44373 eb
41.39421 41.02394 -0.83764 -0.06662 -0.54214 eb
41.62394 21.87977 -0.76379 -0.44166 0.47071 eb
41.73645 49.65314 0.72813 -0.13357 0.67229 eb
41.79437 73.65542 -0.52099 -0.46571 -0.71532 eb
41.81302 69.64023 0.33841 -0.01122 -0.94093 eb
42.20027 62.16297 -0.10516 0.95612 -0.27345 eb
42.49919 87.37299 0.21872 0.52523 -0.82237 eb
42.50046 66.64849 0.84208 0.08830 -0.53208 eb
42.62109 70.08721 -0.68703 0.63985 -0.34434 eb
42.69106 18.81226 0.77384 -0.38078 -0.50614 eb
43.09555 74.45091 -0.25872 0.94593 -0.19564 eb
43.24764 17.22552 -0.19420 0.05571 -0.97938 eb
43.36785 81.57647 0.53059 0.61181 -0.58666 eb
43.60809 37.45338 -0.24060 -0.97042 0.02010 eb
43.66906 42.63500 0.09527 -0.46625 -0.87951 eb
44.47632 82.31911 0.66876 0.27424 -0.69106 eb
44.72639 23.66969 0.93839 -0.20675 -0.27691 eb
44.79379 23.74335 0.25847 -0.93581 0.23969 eb
44.92608 61.68018 0.57367 -0.48342 -0.66122 eb
45.88791 53.28788 -0.27533 0.13139 -0.95233 eb
46.00676 31.93957 -0.08445 0.61111 -0.78703 eb
46.22070 44.74460 0.78493 0.29859 -0.54289 eb
46.43549 53.30943 -0.63640 -0.42697 -0.64241 eb
46.50320 50.94111 0.97734 -0.01085 -0.21140 eb
46.67603 67.07997 0.42559 0.71096 -0.55982 eb
46.77975 47.90295 0.54481 -0.66787 -0.50709 eb
46.92747 55.97399 0.40007 0.06335 -0.91429 eb
47.17388 42.14874 0.32722 -0.15958 -0.93138 eb
47.20966 42.23377 -0.24520 -0.94252 -0.22703 eb
47.28925 82.56205 0.06458 0.98439 0.16375 eb
47.30792 12.77197 -0.75457 0.26876 -0.59865 eb
47.32783 81.38763 -0.63366 0.37624 -0.67596 eb
47.91932 59.49582 0.31814 0.91593 -0.24466 eb
47.95780 32.05302 0.15877 0.97956 -0.12350 eb
48.34231 79.61886 0.58886 0.71427 0.37824 eb
48.39015 68.99319 -0.51859 0.27162 -0.81073 eb
48.44241 37.99159 0.69138 0.71523 -0.10216 eb
48.47764 63.55646 -0.38383 -0.59362 -0.70731 eb
48.99836 49.79473 0.79820 0.16311 -0.57989 eb
49.02945 45.12467 -0.92157 -0.12054 -0.36902 eb
49.23728 74.01974 -0.90337 -0.25709 0.34326 eb
49.32399 75.83621 -0.84521 -0.52351 0.10756 eb
49.54412 42.51967 -0.37488 -0.84038 -0.39144 eb
49.56790 87.24155 -0.28632 -0.49511 -0.82030 eb
49.64001 64.66336 0.97318 -0.13093 0.18917 eb
49.74745 72.77160 0.42982 0.63802 0.63890 eb
49.76223 59.83246 -0.63680 -0.76562 0.09115 eb
49.83653 28.83969 0.68211 0.13162 -0.71931 eb
50.03395 54.91651 -0.19022 0.97046 -0.14838 eb
50.12857 79.15041 0.17428 -0.52101 -0.83557 eb
50.16941 72.18213 0.06839 0.80231 -0.59298 eb
50.33493 84.65877 -0.73608 -0.22859 0.63713 eb
50.50915 53.87410 -0.80144 -0.41057 -0.43489 eb
50.78748 63.93916 -0.62955 0.77286 0.07970 eb
51.01449 43.04330 0.57742 0.48958 -0.65338 eb
51.25331 61.83761 -0.71369 0.68493 0.14666 eb
51.50213 26.75329 -0.57838 0.70323 -0.41346 eb
51.61228 11.31042 0.02542 -0.51537 -0.85659 eb
52.35164 48.84385 -0.10312 0.95215 -0.28772 eb
52.41883 73.16666 0.44663 -0.87577 -0.18316 eb
52.56644 78.50107 -0.81137 0.31839 -0.49020 eb
52.65165 53.19087 0.12808 -0.43644 -0.89057 eb
53.18562 46.42972 -0.74068 0.64955 0.17168 eb
53.62080 69.27469 -0.46279 -0.86102 0.21089 eb
54.18115 38.81650 0.30204 -0.83353 -0.46261 eb
54.20232 63.35670 -0.61768 -0.15867 -0.77026 eb
54.22753 20.18352 -0.30882 0.83505 0.45534 eb
54.45809 69.32945 0.41052 0.89904 -0.15230 eb
54.54574 13.30305 0.38911 -0.42783 0.81582 eb
54.55360 88.02793 -0.02681 -0.63345 -0.77332 eb
54.92833 37.19163 0.37600 0.68533 -0.62366 eb
54.97128 53.01253 0.46080 0.64702 -0.60747 eb
55.57249 42.17028 -0.06296 -0.19347 -0.97908 eb
55.57567 52.31639 -0.96973 -0.06464 -0.23549 eb
55.63513 42.59518 0.83908 -0.33787 -0.42636 eb
55.68884 66.73028 0.13385 -0.81371 0.56565 eb
55.79252 35.80353 -0.55048 -0.35651 -0.75490 eb
55.86587 80.80111 -0.33136 -0.38003 -0.86358 eb
56.06230 33.84074 0.04652 -0.82897 0.55735 eb
56.18075 65.63395 -0.99988 -0.01502 -0.00467 eb
57.13702 39.33925 0.47196 -0.40902 -0.78100 eb
57.27580 73.34763 -0.98717 -0.06834 -0.14432 eb
57.36792 33.42378 -0.18055 0.95365 -0.24073 eb
57.47088 77.30732 0.57925 0.67389 -0.45863 eb
57.70422 46.03893 -0.86696 0.10174 -0.48788 eb
57.74103 33.51811 -0.42860 -0.19640 -0.88189 eb
58.05778 84.24240 0.69669 0.67469 0.24374 eb
58.10320 30.46767 0.62815 0.44191 -0.64043 eb
58.25580 45.10157 0.61420 0.27489 -0.73973 eb
58.56200 77.02263 0.38482 0.26214 -0.88498 eb
58.68155 47.28553 0.47818 0.21408 -0.85177 eb
58.75280 42.59757 -0.59611 0.27844 -0.75307 eb
59.27174 81.77455 0.92276 0.36858 -0.11255 eb
59.29426 47.61177 0.06949 -0.42623 -0.90194 eb
59.56685 41.37061 -0.27482 0.69000 -0.66960 eb
59.63861 41.55371 0.32435 0.93002 -0.17278 eb
59.82923 55.03796 -0.46541 -0.15898 0.87070 eb
59.89907 18.00209 -0.72779 -0.03440 -0.68493 eb
60.35349 18.22996 0.74179 -0.11389 -0.66089 eb
60.58817 18.02207 -0.26837 0.89970 -0.34428 eb
60.73945 55.53898 0.75344 -0.53709 0.37928 eb
61.13513 38.85142 0.17936 -0.97540 -0.12813 eb
61.44093 62.15004 0.48604 -0.83693 0.25162 eb
61.47898 77.50876 0.97342 0.07097 -0.21777 eb
61.53311 84.41821 0.12396 0.34546 -0.93021 eb
62.45887 84.00128 0.08528 0.43910 -0.89438 eb
62.47974 36.70067 -0.91895 -0.36668 -0.14520 eb
63.63116 43.48669 0.20147 -0.97456 0.09820 eb
63.81995 19.06546 -0.37402 0.02814 0.92699 eb
63.93734 73.28755 -0.94025 -0.33013 -0.08337 eb
63.99866 85.04485 0.66530 0.33884 -0.66525 eb
64.16746 72.64316 0.97233 0.14505 -0.18312 eb
64.20482 49.77838 -0.75142 -0.64130 0.15523 eb
64.50352 60.33584 -0.23327 0.45367 -0.86010 eb
64.66542 70.55973 -0.95736 -0.27997 -0.07130 eb
64.69903 55.08846 -0.11900 -0.99289 0.00374 eb
65.27913 29.85093 -0.48742 -0.47156 -0.73488 eb
65.37261 15.35219 0.53006 0.78486 0.32100 eb
65.50252 35.94807 0.27660 0.94549 -0.17185 eb
65.55558 61.03068 -0.98660 -0.07859 0.14300 eb
65.75887 36.19481 -0.74202 -0.67023 0.01401 eb
66.12691 46.76956 -0.16912 0.90950 -0.37974 eb
66.37981 48.01434 0.03391 0.27001 -0.96226 eb
66.55249 19.24731 -0.65239 0.53545 0.53636 eb
67.04148 64.02700 -0.49483 0.86871 -0.02189 eb
67.41522 31.51423 0.28154 -0.92095 -0.26942 eb
67.47728 26.24609 0.15344 -0.71993 -0.67687 eb
67.56319 73.25662 0.97647 0.00117 0.21566 eb
68.07279 67.47484 -0.51089 0.84740 -0.14462 eb
68.08828 69.00905 0.87081 -0.31647 0.37621 eb
68.86891 24.26134 0.42657 0.76122 0.48845 eb
69.43234 41.99951 0.84607 0.32515 0.42243 eb
69.84624 39.60168 0.52417 -0.83231 -0.18030 eb
70.03766 41.32242 0.03878 0.26826 -0.96257 eb
70.61856 79.22545 -0.46876 -0.17921 -0.86495 eb
70.70512 30.97345 -0.63845 0.43730 -0.63336 eb
70.72362 75.84517 0.03404 -0.68517 -0.72759 eb
71.02018 22.85172 -0.65531 0.75095 0.08149 eb
71.27643 58.07081 -0.18780 0.64843 -0.73775 eb
71.34914 64.34367 -0.38591 -0.40897 -0.82693 eb
73.98139 42.08514 0.19708 -0.87733 0.43754 eb
74.03376 23.10070 0.67621 0.22253 -0.70229 eb
74.10367 31.74469 -0.82390 -0.29872 -0.48162 eb
74.20156 33.79186 0.48320 -0.41706 -0.76979 eb
74.47570 77.00396 0.58363 0.13753 -0.80029 eb
74.61169 34.47536 -0.17133 0.59567 -0.78475 eb
74.63476 28.75938 -0.75655 -0.07487 0.64963 eb
75.05278 36.19039 -0.25155 0.39349 -0.88424 eb
75.13722 57.73799 -0.18055 -0.28711 -0.94073 eb
75.28276 45.46042 -0.91693 -0.36328 -0.16512 eb
75.38469 54.63019 -0.47615 0.87520 -0.08550 eb
75.62705 75.60092 -0.25289 0.75276 0.60778 eb
75.88702 20.93878 -0.01719 0.96584 -0.25858 eb
76.08253 63.76256 -0.03147 -0.93143 -0.36257 eb
76.18155 57.12964 -0.60291 -0.10007 -0.79151 eb
76.98048 22.06344 -0.76015 -0.21455 -0.61331 eb
77.15955 40.49364 -0.67245 -0.11306 -0.73145 eb
77.37216 60.96546 0.66323 -0.74568 -0.06399 eb
78.00054 69.55292 0.18343 0.96664 -0.17876 eb
78.09383 46.91707 -0.40773 -0.17382 -0.89641 eb
78.45252 44.83404 0.71393 0.54488 0.43979 eb
78.63289 68.90446 0.47603 -0.78612 -0.39422 eb
78.75244 73.98770 -0.43980 -0.84858 0.29408 eb
78.97514 82.27343 -0.03230 -0.75794 -0.65153 eb
79.39385 71.02824 -0.03695 0.96850 -0.24627 eb
79.59697 21.19885 0.31175 0.61594 -0.72349 eb
80.24738 75.85227 0.12731 -0.98749 -0.09299 eb
80.30460 45.56021 0.84019 0.52235 0.14572 eb
80.65749 21.15673 0.71704 0.10701 -0.68877 eb
80.70465 65.53482 -0.40235 0.17679 -0.89825 eb
81.09252 36.78893 -0.38944 -0.24124 -0.88890 eb
81.17075 28.73559 -0.02736 -0.77074 0.63657 eb
81.38201 38.52975 0.64031 0.52009 -0.56525 eb
81.97697 54.99865 -0.26889 -0.91814 -0.29106 eb
82.02736 33.56921 0.80050 0.59536 0.06894 eb
83.10745 57.80518 0.37939 -0.64348 -0.66483 eb
83.45768 48.35723 0.47080 0.20177 -0.85886 eb
84.19474 53.00540 -0.14710 0.66809 -0.72939 eb
84.27150 50.79477 0.89899 -0.26871 0.34585 eb
84.74053 29.43589 0.62023 -0.71685 -0.31850 eb
85.00686 60.59191 -0.79686 -0.59340 -0.11354 eb
86.91623 19.72928 0.50139 -0.41515 -0.75912 eb
87.04830 27.03778 0.85090 0.51561 -0.10060 eb
87.20413 15.26140 0.37755 -0.15226 -0.91339 eb
87.40087 60.84090 0.10330 0.86978 -0.48251 eb
87.71058 48.85523 -0.86242 0.43886 0.25227 eb
87.82477 69.35675 0.44855 0.80688 0.38438 eb
88.45821 58.38773 0.85989 0.50735 -0.05639 eb
89.01031 33.28599 0.14842 -0.18010 -0.97239 eb
89.27768 47.62915 0.64879 -0.53157 -0.54453 eb
89.96229 63.50272 -0.66612 -0.56021 0.49238 eb
90.25532 27.59488 -0.29055 -0.67017 -0.68297 eb
90.53088 75.06239 -0.44973 0.04401 0.89208 eb
91.05740 14.19866 0.67241 -0.47619 -0.56666 eb
91.31729 69.88055 0.78258 -0.36246 -0.50615 eb
91.48667 27.16659 0.12858 -0.27545 -0.95268 eb
93.14575 63.12478 0.22376 0.97458 0.01092 eb
94.42525 44.80760 -0.14140 -0.87548 -0.46210 eb
94.67248 52.60957 -0.47578 -0.30924 -0.82341 eb
94.69080 36.39693 -0.68574 -0.44278 -0.57768 eb
94.97812 31.56074 0.69759 -0.05495 -0.71439 eb
95.50115 42.24758 0.93670 0.05796 -0.34529 eb
95.88006 49.29342 -0.88342 0.41057 -0.22585 eb
95.91026 32.82248 0.11868 -0.59288 -0.79650 eb
96.47104 51.00916 0.49515 0.74863 -0.44089 eb
96.96360 64.18100 -0.85695 -0.43904 -0.26996 eb
97.12922 33.00250 -0.10526 0.15731 -0.98192 eb
97.27759 15.45605 0.17382 -0.85049 -0.49645 eb
97.29983 30.23660 0.14881 -0.20766 0.96682 eb
97.52530 71.28442 0.18192 0.70693 -0.68349 eb
98.32338 62.33659 -0.33888 -0.62485 -0.70337 eb
98.37298 24.59603 0.99476 -0.08533 0.05624 eb
98.52170 72.61686 -0.48593 -0.84073 -0.23884 eb
98.58465 86.22358 0.10990 -0.05230 -0.99257 eb
98.67258 40.37548 -0.70031 -0.12390 -0.70301 eb
98.93617 66.82669 -0.41650 -0.89714 -0.14723 eb
99.01743 29.89564 -0.26960 -0.01528 -0.96285 eb
99.06230 30.12096 0.17613 0.95239 0.24886 eb
99.13626 58.98355 -0.86643 -0.41379 0.27941 eb
99.29286 53.53965 0.22252 -0.86474 -0.45023 eb
100.12563 62.34800 -0.41157 -0.80412 0.42896 eb
100.71797 62.35811 -0.26887 -0.94531 0.18463 eb
100.72497 22.12244 -0.15184 0.87759 0.45473 eb
101.17132 26.49839 -0.96091 -0.27398 -0.03975 eb
101.26954 82.39898 -0.73017 -0.54031 -0.41822 eb
101.51067 68.08052 0.73925 0.65998 -0.13391 eb
101.81361 46.56450 0.54783 -0.27975 -0.78843 eb
101.93187 28.87185 0.86112 0.46514 0.20523 eb
102.26385 46.31572 0.89951 0.39458 -0.18760 eb
102.67555 26.38654 0.50311 0.86415 0.01167 eb
103.11776 41.17133 -0.57419 -0.59977 -0.55730 eb
103.30616 13.14314 0.83961 -0.52160 -0.15164 eb
103.63957 66.82331 0.48999 0.03271 -0.87111 eb
104.84970 47.80712 -0.32179 0.81849 -0.47595 eb
104.85528 25.94610 0.76624 -0.40014 0.50276 eb
105.06484 45.27866 -0.25998 -0.86368 -0.43183 eb
105.15061 64.50616 0.50970 -0.50663 -0.69536 eb
105.83612 22.00756 -0.27387 -0.79354 -0.54341 eb
107.03052 35.04760 -0.42808 0.66555 0.61138 eb
107.24032 41.95705 -0.58105 0.80474 0.12155 eb
107.34668 77.27068 0.98133 0.18143 0.06378 eb
107.65626 21.31080 0.25788 -0.59055 -0.76469 eb
108.19569 74.94041 0.36363 -0.41230 -0.83533 eb
108.55134 33.23030 -0.93903 -0.30982 -0.14912 eb
109.08876 27.85595 -0.43621 -0.58986 -0.67954 eb
109.63243 52.61456 0.49014 0.69299 0.52870 eb
110.16894 50.03219 -0.35723 0.69765 -0.62103 eb
110.98696 68.21982 0.56699 -0.31400 -0.76153 eb
111.48033 17.84783 0.14481 0.00080 0.98946 eb
111.61948 40.90057 0.36828 -0.45161 -0.81266 eb
111.97673 59.19307 0.72807 -0.21007 0.65253 eb
111.99902 55.47882 -0.65964 0.20667 -0.72261 eb
112.12174 41.84179 -0.41558 0.89600 -0.15645 eb
112.35321 22.04038 -0.55302 -0.11006 -0.82586 eb
112.50995 31.47978 0.25235 0.10816 -0.96157 eb
112.90824 25.32526 0.75713 0.06956 -0.64955 eb
113.03441 39.79958 -0.83782 -0.09559 0.53751 eb
113.07805 69.07701 0.68541 -0.14926 -0.71270 eb
113.20531 28.14315 -0.51912 -0.79540 -0.31282 eb
113.22767 75.36542 0.37861 0.49251 -0.78364 eb
113.69092 34.51116 -0.70627 0.65662 -0.26465 eb
113.71314 15.87736 -0.10359 -0.09531 0.99004 eb
113.83237 32.88982 -0.47016 0.87526 0.11346 eb
114.27077 71.18372 -0.81079 0.22841 -0.53893 eb
114.87191 35.77281 -0.96663 -0.15382 -0.20484 eb
115.14707 21.79477 0.87272 -0.19518 -0.44751 eb
115.35871 31.94353 0.08689 0.47963 -0.87316 eb
115.52798 48.33530 -0.82579 0.43274 0.36168 eb
115.57704 75.44159 0.85810 -0.33744 -0.38703 eb
115.58016 40.11760 0.07214 0.98597 -0.15052 eb
115.68500 72.30220 0.31531 -0.94022 0.12871 eb
116.72686 18.39902 -0.10218 0.02658 0.99441 eb
118.04121 28.26626 -0.03643 -0.71321 0.70000 eb
118.13213 53.40729 0.66137 -0.42338 -0.61915 eb
118.38995 35.08411 -0.81127 0.56414 -0.15358 eb
118.46331 24.00926 -0.72680 0.68669 0.01493 eb
118.46728 42.04780 -0.41420 0.79716 -0.43929 eb
118.52169 51.55877 -0.83139 0.49650 -0.24953 eb
119.28323 30.60966 0.42463 -0.62682 -0.65329 eb
119.71409 41.39555 -0.72366 -0.47862 0.49724 eb
119.71902 38.56323 -0.83848 0.06116 -0.54149 eb
119.96172 83.80343 0.71010 0.15862 -0.68600 eb
120.26356 16.16051 -0.88368 -0.46664 -0.03692 eb
121.07327 60.06807 -0.28419 -0.92542 -0.25067 eb
121.87908 21.23972 0.15449 -0.98786 -0.01608 eb
122.14258 53.94258 -0.31695 -0.56162 -0.76428 eb
122.52700 26.15363 -0.26517 -0.49686 0.82633 eb
122.84787 12.29309 0.55612 -0.77188 -0.30810 eb
125.36634 47.66055 -0.87160 -0.31087 -0.37903 eb
126.05091 71.56633 -0.09472 -0.73795 -0.66818 eb
126.34614 51.11909 -0.23536 0.92616 -0.29468 eb
126.65634 12.98208 0.83097 -0.55203 0.06902 eb
126.66801 50.21803 -0.83183 0.47953 -0.27949 eb
126.70208 63.34358 -0.41603 0.88657 0.20229 eb
127.47978 16.02453 -0.08108 0.82370 -0.56119 eb
127.98721 51.40084 0.50782 -0.33947 -0.79175 eb
127.98814 38.78392 -0.64327 0.74902 0.15868 eb
128.29065 34.06628 -0.46018 0.61565 -0.63969 eb
128.32396 72.56791 0.03845 -0.81984 0.57129 eb
128.52087 24.14366 -0.99944 0.01068 -0.03171 eb
128.53404 32.56537 0.19407 -0.85279 -0.48486 eb
128.64618 67.25553 -0.24546 0.90761 -0.34057 eb
129.81903 67.26725 -0.78516 -0.36402 0.50101 eb
130.14063 66.14069 0.42344 0.61752 0.66285 eb
130.70861 55.88205 -0.64408 0.55119 0.53042 eb
131.09095 32.43662 0.01212 0.34415 -0.93884 eb
131.74605 73.34724 -0.66876 -0.65894 0.34433 eb
132.01825 66.20825 0.82120 0.55544 -0.13084 eb
132.47090 28.48563 0.22826 -0.81643 -0.53041 eb
133.73106 38.34212 0.61136 -0.45150 -0.64991 eb
134.19827 62.38597 0.51860 0.85501 0.00240 eb
134.70584 19.39123 -0.89257 0.40171 0.20482 eb
135.30234 40.79371 0.49177 -0.86480 0.10142 eb
136.04655 31.18154 -0.91344 -0.39903 0.07995 eb
136.07480 50.44801 -0.90904 0.39067 -0.14495 eb
137.13467 76.48387 -0.95174 -0.19303 0.23859 eb
137.38712 39.35017 -0.54075 -0.36671 -0.75704 eb
137.51775 27.95173 0.07465 0.99532 -0.06138 eb
137.60497 62.01782 0.99875 0.02733 0.04184 eb
137.64513 19.26441 -0.24045 0.97062 -0.00909 eb
137.80598 39.14447 -0.77822 0.14402 -0.61126 eb
138.35024 35.62026 -0.38245 0.61630 -0.68841 eb
138.55346 56.72430 0.99673 0.01017 -0.08017 eb
138.61365 28.86598 0.84042 0.46640 -0.27596 eb
139.48595 37.25024 0.91832 -0.26904 0.29035 eb
139.75755 65.57819 -0.93357 0.13380 -0.33248 eb
140.56075 26.04613 -0.76005 -0.64120 0.10579 eb
140.70379 20.17580 0.11454 0.85686 -0.50267 eb
141.27552 65.52062 -0.38497 0.15303 -0.91015 eb
141.28852 73.02441 -0.34949 0.51414 -0.78328 eb
141.54066 23.43118 0.24653 0.17976 -0.95232 eb
142.12258 74.16708 -0.57570 0.51233 -0.63725 eb
142.45255 78.28616 -0.99417 0.02822 0.10409 eb
143.51746 23.46880 0.57937 0.36519 0.72867 eb
144.69379 31.74662 0.53956 -0.79554 0.27567 eb
144.77151 74.98420 0.22609 -0.96716 -0.11614 eb
145.96545 54.34427 0.80104 -0.46882 0.37221 eb
145.98876 62.53938 0.83514 -0.53948 -0.10721 eb
146.11424 23.45910 0.60023 -0.78729 -0.14110 eb
146.33510 59.27685 -0.39291 0.46740 -0.79194 eb
146.40665 75.53445 -0.80150 -0.59667 0.03973 eb
146.44963 38.09103 0.70122 -0.32838 -0.63282 eb
146.50237 48.84087 -0.08063 0.53657 -0.83999 eb
146.51868 53.97504 0.56716 -0.79941 0.19818 eb
147.74480 56.11806 -0.11478 -0.98524 -0.12702 eb
148.23504 51.63489 0.57307 -0.68346 -0.45219 eb
148.61945 37.56602 0.43059 -0.89560 -0.11175 eb
148.76632 49.40109 -0.10041 0.19703 -0.97524 eb
148.98547 30.88967 -0.88520 0.46521 0.00316 eb
149.22140 13.68707 0.61032 0.06592 -0.78940 eb
149.25622 87.86171 0.26549 -0.96383 0.02354 eb
149.67493 50.41983 0.74858 0.54939 -0.37121 eb
149.72592 36.70968 -0.26165 -0.72360 0.63871 eb
149.91481 31.24945 -0.10907 0.82060 -0.56099 eb
150.04783 42.73288 0.94133 0.27493 -0.19573 eb
150.52237 32.68822 0.46924 0.37831 -0.79793 eb
150.62911 56.20430 -0.23360 0.14177 -0.96194 eb
151.25364 52.71223 -0.60836 -0.15683 -0.77801 eb
151.60495 58.11251 -0.89039 0.44334 0.10323 eb
152.98071 40.56771 0.43339 0.63211 -0.64234 eb
153.08507 71.34793 0.22760 0.89975 0.37236 eb
153.40233 64.59110 -0.09028 -0.73105 -0.67632 eb
154.07761 31.95817 0.87782 0.04051 -0.47727 eb
154.48844 77.39828 0.17904 -0.77445 -0.60677 eb
154.73083 51.40925 -0.65428 -0.70348 0.27754 eb
155.03889 33.25826 0.14195 0.21055 -0.96722 eb
155.31300 52.20387 -0.34665 0.89062 0.29432 eb
155.73334 40.12965 -0.63984 -0.75928 0.11874 eb
155.77127 28.77189 0.86775 -0.04480 -0.49498 eb
156.11771 43.18606 0.21441 -0.51418 -0.83045 eb
157.93296 52.48318 -0.79956 0.59810 -0.05468 eb
159.05393 25.58217 0.10493 -0.86048 -0.49856 eb
159.25512 51.16069 0.82708 -0.53422 0.17479 eb
159.30276 33.08208 -0.80159 0.45049 -0.39309 eb
159.68375 29.59120 0.56690 -0.00849 0.82374 eb
160.28933 82.19433 0.95635 0.29210 0.00846 eb
160.69754 31.33806 0.94529 -0.32325 -0.04403 eb
161.02599 75.68342 -0.01479 0.52179 -0.85295 eb
161.78457 55.35549 -0.58064 -0.60802 -0.54145 eb
161.78481 36.99882 0.11535 0.99260 -0.03795 eb
162.13265 37.93753 0.34475 0.07941 -0.93533 eb
162.44399 51.74494 0.39774 -0.91153 -0.10447 eb
162.77776 39.60445 -0.05151 0.10419 -0.99322 eb
164.14532 46.03961 -0.08345 -0.02213 -0.99627 eb
164.22305 37.20335 0.28691 -0.44180 -0.85000 eb
165.14995 25.34504 0.58847 -0.75951 -0.27721 eb
165.96944 33.93599 -0.24970 -0.42350 -0.87080 eb
167.09378 28.42801 0.16174 -0.98681 -0.00686 eb
167.61093 40.54327 0.16798 -0.76487 0.62189 eb
167.67409 61.44665 -0.59935 0.76402 -0.23887 eb
168.38450 19.09039 0.66355 0.73686 -0.12938 eb
168.73141 34.24388 0.25855 0.62816 0.73387 eb
168.87136 53.28435 -0.22832 0.96429 -0.13421 eb
169.02900 34.19298 0.22695 -0.02761 -0.97351 eb
169.07114 28.92879 -0.08123 0.45862 -0.88491 eb
169.26348 56.73581 0.00250 0.29462 -0.95561 eb
169.48095 29.90662 0.01436 0.04779 0.99875 eb
169.56403 70.71903 -0.09385 -0.98668 0.13285 eb
170.43770 69.03661 0.00749 -0.34481 -0.93864 eb
170.69910 65.58743 -0.87335 0.41870 -0.24890 eb
171.20082 51.40528 0.26312 0.33780 0.90369 eb
171.55727 66.52744 -0.90361 -0.17888 -0.38922 eb
172.08677 49.13174 -0.64472 0.74807 -0.15723 eb
172.47690 47.39132 -0.18736 0.78456 -0.59107 eb
173.15328 27.59795 0.00857 -0.99527 0.09680 eb
173.21295 76.39063 0.13549 0.06362 -0.98873 eb
173.42652 87.86961 -0.06643 -0.00800 -0.99776 eb
173.52844 24.92620 -0.22912 -0.41146 -0.88216 eb
174.13332 39.31378 -0.20467 -0.91921 0.33640 eb
174.15542 44.24103 -0.10503 -0.35741 -0.92802 eb
174.29846 13.98115 0.34688 -0.79334 -0.50029 eb
175.03216 83.85034 -0.46986 -0.83181 0.29552 eb
175.23652 82.32882 -0.37325 -0.83586 0.40251 eb
175.38952 49.58959 -0.52185 0.48767 -0.69989 eb
175.67205 15.12394 0.38995 -0.70763 -0.58924 eb
176.20310 57.05427 0.78689 0.05818 -0.61434 eb
176.56984 84.23153 -0.71459 -0.43687 -0.54636 eb
177.17647 40.70150 0.53854 -0.78484 0.30659 eb
177.61712 63.05611 0.08805 -0.77327 0.62793 eb
177.65051 59.67553 -0.29265 0.46021 -0.83819 eb
177.90637 17.50195 0.53459 0.58920 -0.60585 eb
178.08198 29.98367 0.36071 -0.24752 -0.89924 eb
178.88907 59.26596 0.53565 -0.41757 -0.73398 eb
178.93641 16.56026 0.65390 0.30232 -0.69356 eb
180.86444 27.73639 0.98740 -0.10644 -0.11707 eb
181.06887 78.46058 -0.32815 0.41868 -0.84677 eb
181.10584 39.67716 -0.51850 -0.70808 -0.47935 eb
181.41538 55.30664 0.66445 0.74226 -0.08691 eb
181.57926 45.49768 0.38464 -0.75620 0.52935 eb
181.83357 57.81224 0.03625 0.98642 -0.16017 eb
181.98316 53.28955 -0.21885 -0.50267 -0.83632 eb
182.00210 69.37031 0.50104 -0.85455 -0.13672 eb
182.08347 79.80053 -0.71118 -0.18894 -0.67714 eb
182.52729 27.11582 0.98060 0.10320 -0.16664 eb
183.21155 21.56582 -0.71688 0.25623 -0.64841 eb
184.31750 49.53865 0.16727 -0.68991 -0.70430 eb
184.53575 26.93163 -0.09216 -0.98575 -0.14076 eb
184.79777 25.43387 0.07166 0.98549 0.15385 eb
185.50878 33.07554 0.47604 0.85349 0.21201 eb
185.57496 73.98521 -0.60551 0.74706 0.27433 eb
185.60309 40.00306 0.47762 0.61759 -0.62486 eb
185.79169 60.21635 -0.04846 -0.97433 -0.21986 eb
186.14395 75.20560 0.59703 -0.34705 -0.72326 eb
186.61227 47.32006 0.62271 -0.73040 -0.28062 eb
186.94522 75.35314 -0.76033 0.39939 -0.51224 eb
187.24654 52.44478 -0.78076 -0.39966 -0.48030 eb
187.43692 37.12079 -0.75087 0.61986 0.22796 eb
188.50476 25.26450 0.01812 0.86458 -0.50217 eb
188.69375 37.20832 -0.99469 -0.00867 -0.10259 eb
189.88461 61.29276 -0.36936 -0.79408 -0.48271 eb
189.97226 24.20308 0.45244 -0.87647 0.16461 eb
190.25431 33.74248 0.48455 0.46674 0.73984 eb
190.47076 38.41236 -0.58885 0.77972 0.21280 eb
190.81355 39.62250 -0.38548 0.13114 -0.91335 eb
191.27987 36.20717 -0.69670 0.37899 0.60908 eb
191.59150 24.10352 0.57421 -0.20581 -0.79242 eb
191.78804 26.14707 0.93372 -0.16669 -0.31683 eb
191.89311 28.94096 -0.59480 0.43409 -0.67659 eb
192.76393 29.12636 0.22140 0.56512 0.79475 eb
193.42037 37.02016 0.90516 0.20702 -0.37126 eb
193.56075 25.73376 0.92374 -0.38280 0.01268 eb
194.51295 41.79187 -0.24397 0.55911 0.79238 eb
194.58122 54.15737 0.60795 0.75739 0.23824 eb
195.84878 67.21965 -0.02863 0.44519 -0.89498 eb
197.81878 65.69178 0.68178 -0.39088 0.61837 eb
199.24984 31.36318 -0.54871 -0.27432 -0.78973 eb
199.55027 29.69917 0.53563 0.63700 0.55438 eb
200.92796 74.02121 -0.78247 0.07193 -0.61851 eb
201.37958 44.75977 -0.97712 0.10126 -0.18701 eb
201.76331 66.11410 0.68325 -0.40248 0.60925 eb
202.81693 57.94944 0.25744 0.38503 -0.88627 eb
204.04319 37.17614 0.56643 -0.82324 -0.03791 eb
204.47324 23.38703 0.54485 -0.83842 -0.01397 eb
204.53855 53.26497 -0.34493 -0.92993 0.12749 eb
205.10096 14.38185 0.07035 0.07389 -0.99478 eb
206.07940 28.27509 0.30470 0.81620 0.49089 eb
208.24534 28.26740 -0.61438 -0.02323 -0.78867 eb
208.31994 27.83256 0.99754 0.02439 0.06577 eb
208.54062 62.11470 -0.90540 0.00213 0.42455 eb
208.78179 69.37746 -0.90876 0.40888 0.08347 eb
209.66691 38.57727 -0.41950 -0.63374 -0.64991 eb
210.50330 15.84649 0.40437 -0.64834 -0.64509 eb
210.86126 12.74823 -0.29628 0.09140 -0.95072 eb
210.93160 14.72221 0.18316 -0.34746 0.91963 eb
210.99960 22.53767 -0.47130 0.07886 0.87844 eb
211.10952 23.43291 0.60925 0.43564 -0.66260 eb
211.31604 46.25214 -0.03424 0.07838 -0.99634 eb
212.35344 53.46205 0.26688 -0.49278 -0.82822 eb
213.86291 36.86713 0.05382 0.45893 -0.88684 eb
214.35597 36.50585 -0.82983 -0.16589 -0.53279 eb
214.92050 75.42959 0.67396 0.21023 -0.70823 eb
216.90072 69.20028 -0.62113 -0.46831 -0.62840 eb
217.33209 20.67572 0.03884 -0.15893 0.98653 eb
218.22845 73.57303 0.72633 0.68513 0.05513 eb
218.25715 30.35749 -0.01632 0.99984 0.00750 eb
219.11242 52.65434 0.47161 -0.62207 -0.62500 eb
219.33720 69.72122 -0.24907 0.24717 -0.93641 eb
220.07036 81.15290 -0.91984 0.17870 0.34922 eb
220.27182 68.66638 0.93816 0.33161 0.09946 eb
220.37669 53.82546 -0.99801 -0.01830 -0.06037 eb
220.90256 31.78815 0.07331 0.50272 -0.86133 eb
221.39338 20.21510 0.57654 -0.04508 -0.81582 eb
223.59346 38.07319 -0.46661 -0.50724 -0.72456 eb
224.55323 23.34344 -0.35765 0.01177 0.93378 eb
225.96757 60.36348 -0.75240 -0.65636 0.05560 eb
226.75055 19.96758 -0.25377 0.96539 -0.06018 eb
226.79377 44.52247 0.65883 -0.68351 0.31426 eb
226.79400 46.70114 -0.99164 0.12899 -0.00114 eb
227.36334 13.71870 -0.19923 -0.74378 0.63804 eb
227.89403 32.24299 -0.88615 0.20149 -0.41729 eb
228.19582 65.54286 0.39701 0.33552 -0.85429 eb
228.87609 16.25261 -0.67108 -0.31015 -0.67339 eb
228.88656 51.06703 0.90159 0.36085 0.23858 eb
229.07579 36.59525 0.12180 -0.75811 -0.64065 eb
229.17288 43.65463 -0.72240 0.32533 -0.61017 eb
229.30109 43.98347 0.49152 0.02141 -0.87060 eb
229.51427 28.78677 -0.88642 0.40858 -0.21755 eb
231.44207 82.52958 0.57343 0.70551 0.41645 eb
231.79925 43.00320 -0.45351 0.46992 -0.75730 eb
232.12008 55.58509 -0.21364 -0.97691 -0.00377 eb
232.21757 48.55786 0.81324 0.55115 -0.18676 eb
233.28822 27.82922 0.53375 -0.62948 -0.56468 eb
235.41771 28.09569 0.37250 -0.26610 -0.88907 eb
235.60048 56.17219 0.68429 0.08948 -0.72370 eb
235.71943 49.14028 -0.19971 0.57269 -0.79507 eb
236.54173 65.86718 0.78381 0.22578 -0.57851 eb
237.16069 38.78996 0.43527 0.82989 -0.34904 eb
237.45874 26.60122 0.95784 0.06962 -0.27875 eb
238.81017 70.56198 0.12146 -0.38133 -0.91642 eb
239.22125 32.37165 0.35931 0.93237 -0.03970 eb
240.47942 55.31323 0.12543 0.01995 -0.99190 eb
241.16830 53.55573 0.59162 -0.01115 -0.80614 eb
241.21048 79.90465 0.53329 0.78725 -0.30960 eb
243.91912 49.57566 -0.15157 0.96951 0.19254 eb
243.98772 39.33869 0.21535 0.87451 0.43458 eb
244.03167 39.45764 0.27098 0.09415 0.95797 eb
244.70516 55.83343 -0.94008 -0.05153 0.33703 eb
245.60133 73.17905 -0.93741 -0.11268 0.32949 eb
245.88544 60.44641 -0.62212 0.24065 -0.74501 eb
247.23532 36.82423 -0.93835 -0.00502 -0.34566 eb
248.10022 35.93758 -0.35703 0.37858 0.85394 eb
248.25186 49.86873 -0.94811 -0.07413 0.30919 eb
248.44340 40.47465 0.66254 0.30121 -0.68579 eb
248.51509 59.72181 0.96001 0.02420 -0.27893 eb
248.55432 40.23580 0.28932 0.95541 -0.05907 eb
248.89664 69.36443 0.32769 -0.81415 -0.47936 eb
249.81921 44.65099 0.08893 0.97848 0.18618 eb
249.98499 48.99386 0.66175 0.67388 -0.32859 eb
250.20063 33.98384 -0.59713 0.57510 -0.55919 eb
250.82944 15.81204 0.84149 0.42221 -0.33709 eb
252.77887 50.44824 0.95153 0.28738 0.10958 eb
253.75895 15.27544 0.54219 0.23162 -0.80770 eb
255.59456 14.94752 -0.71438 -0.59778 -0.36377 eb
255.72724 28.32257 0.94551 0.21131 -0.24772 eb
255.75005 40.41570 0.59560 -0.07599 -0.79968 eb
256.66851 87.53770 0.43770 -0.75313 -0.49113 eb
256.68726 30.52601 -0.60137 -0.37393 -0.70607 eb
257.02142 57.59157 -0.54152 -0.02985 -0.84016 eb
257.11985 28.42456 0.11540 0.30411 -0.94562 eb
257.13596 18.05339 -0.42181 0.85050 0.31421 eb
257.24675 56.70716 -0.87028 0.23099 0.43505 eb
258.70642 68.34042 0.90627 0.01313 -0.42248 eb
259.20700 32.01161 0.93493 0.19266 -0.29798 eb
260.07655 45.92991 0.06380 0.00062 -0.99796 eb
260.22393 50.09621 0.69118 0.60591 0.39388 eb
260.97944 29.67270 0.57186 0.13975 -0.80836 eb
262.21935 25.16927 0.23445 0.94801 0.21520 eb
263.85835 45.81567 -0.80330 -0.14207 0.57838 eb
264.84065 38.21082 0.38068 -0.91349 0.14360 eb
265.87696 23.95543 -0.12595 -0.56294 -0.81685 eb
267.09435 59.93731 0.64643 0.57108 -0.50596 eb
268.09878 42.67574 0.38604 0.76352 -0.51770 eb
268.19285 23.88619 0.19593 0.09253 -0.97624 eb
268.81551 52.59132 0.37784 0.92360 -0.06475 eb
270.78657 37.31367 -0.37886 0.30551 -0.87357 eb
270.88075 18.69755 0.85391 -0.06004 -0.51694 eb
271.43702 29.81310 -0.23569 0.68116 0.69316 eb
271.46031 47.98988 -0.42176 0.59022 -0.68830 eb
272.56347 43.35555 0.71846 0.53800 -0.44088 eb
272.70236 41.03691 0.92689 -0.27094 -0.25974 eb
273.37005 11.33961 -0.68764 -0.65940 0.30388 eb
273.43708 49.50742 -0.36598 -0.59571 -0.71498 eb
273.86935 23.81766 0.47978 0.62685 -0.61391 eb
275.81448 29.85439 -0.44309 0.66319 0.60320 eb
278.82968 86.50151 0.58073 -0.23836 0.77842 eb
279.46231 11.28126 -0.60181 0.79863 -0.00324 eb
279.78683 62.25620 0.03668 0.97588 -0.21518 eb
280.33202 33.88363 0.68182 -0.39852 0.61343 eb
280.69441 74.11495 0.32552 0.85192 0.41021 eb
280.71851 32.66760 -0.88205 -0.34065 -0.32549 eb
281.04789 32.04793 0.93315 0.18339 0.30918 eb
282.37348 51.24801 -0.24831 0.83855 -0.48496 eb
282.79239 53.53652 -0.11673 0.43954 -0.89060 eb
283.90595 18.50867 0.74881 0.62899 -0.20893 eb
283.99409 41.04479 -0.61912 -0.00170 -0.78530 eb
284.20435 36.39305 -0.46118 -0.88731 0.00046 eb
284.77891 37.60923 -0.86699 0.47946 -0.13579 eb
286.54639 59.01505 0.10277 0.89192 0.44035 eb
286.72549 40.92073 -0.62599 0.64189 0.44285 eb
287.39541 36.50097 -0.67962 -0.54475 -0.49129 eb
289.59037 76.64214 0.76174 0.58249 0.28364 eb
289.76102 83.29941 -0.34094 0.84247 -0.41714 eb
290.00649 17.13660 0.57211 0.53262 0.62371 eb
291.15240 55.66007 0.57961 0.00705 0.81487 eb
292.38777 11.30562 0.03906 -0.78490 -0.61839 eb
292.65011 36.24565 0.16030 0.59274 0.78928 eb
293.25472 47.42132 0.53711 0.20986 0.81699 eb
293.60556 34.24184 -0.61719 -0.72890 -0.29628 eb
294.72990 60.23359 0.83713 0.35530 -0.41590 eb
296.30540 39.25752 0.35563 -0.53361 -0.76732 eb
297.77677 33.04291 0.60790 -0.78086 0.14394 eb
297.99632 54.09075 0.62586 0.35746 -0.69320 eb
303.53782 50.01389 0.28129 0.45785 -0.84336 eb
303.77858 44.08578 0.19956 0.83940 -0.50556 eb
303.98155 76.85013 0.17777 0.69116 -0.70050 eb
304.43141 25.38136 -0.50247 -0.50887 -0.69898 eb
304.98846 65.11964 0.04807 0.29561 -0.95410 eb
306.58517 23.24825 0.22793 -0.03498 -0.97305 eb
307.76376 32.86961 0.84340 -0.52915 -0.09316 eb
308.91915 23.52227 0.97271 0.23203 -0.00019 eb
310.78617 16.10126 -0.79820 -0.28365 0.53142 eb
312.67015 59.75266 0.80262 -0.16937 -0.57194 eb
313.07028 40.26608 -0.87694 0.43513 -0.20406 eb
314.44604 16.53771 -0.45232 -0.31277 -0.83521 eb
314.98000 45.13917 0.58615 -0.80327 -0.10576 eb
315.60490 36.49185 -0.40653 0.90000 0.15724 eb
316.42859 54.94151 -0.56739 0.72221 -0.39557 eb
317.08671 20.86653 0.17154 0.09151 0.98092 eb
318.61592 27.99950 0.62479 0.77117 0.12221 eb
318.83148 44.43792 0.11715 0.98905 0.08977 eb
319.99211 62.85423 -0.07423 0.66760 -0.74081 eb
320.26706 36.39098 0.21675 0.49388 -0.84208 eb
320.62341 81.18548 0.00419 -0.80717 -0.59030 eb
321.92228 57.78917 -0.74559 0.65830 -0.10362 eb
322.19759 51.92472 0.84344 -0.25648 0.47204 eb
323.19790 47.53460 0.74697 -0.42379 0.51228 eb
323.20126 57.69623 0.01726 0.99600 0.08762 eb
324.02448 67.00117 0.44258 0.83799 -0.31922 eb
324.25012 22.17779 -0.42076 -0.14265 -0.89589 eb
324.72852 48.98002 -0.51248 0.33496 -0.79068 eb
324.99309 68.27925 -0.62317 -0.33274 -0.70777 eb
326.35918 46.18785 0.13087 -0.96187 0.24015 eb
326.47641 27.00745 0.15633 0.90623 -0.39282 eb
327.16285 62.38997 0.49370 -0.34212 -0.79951 eb
327.37821 61.20134 0.58770 0.43703 -0.68089 eb
328.02898 46.23900 0.82920 -0.55566 0.06057 eb
329.80388 17.31249 -0.02279 0.99382 -0.10867 eb
330.77736 66.49498 0.50343 -0.78820 0.35397 eb
331.57882 75.56581 0.16121 -0.95280 -0.25727 eb
332.62143 32.30371 -0.53888 -0.83656 0.09885 eb
332.94523 14.97274 0.20400 0.70769 0.67643 eb
333.63819 57.60221 -0.37077 0.81000 -0.45434 eb
334.58402 49.53640 0.11326 0.97576 -0.18724 eb
336.90766 22.09164 0.95877 0.04806 -0.28010 eb
337.83072 18.77182 -0.19329 -0.51241 -0.83671 eb
337.90835 33.25495 0.99018 0.02885 -0.13679 eb
338.81682 38.93813 -0.89122 -0.36191 0.27340 eb
339.43937 22.43853 -0.45328 -0.44811 -0.77054 eb
340.19517 37.16070 0.32621 0.71427 -0.61920 eb
340.49897 9.82620 0.94139 0.01691 -0.33688 eb
341.58751 67.09909 0.96285 0.23348 0.13565 eb
343.55704 52.31694 -0.07280 -0.05848 -0.99563 eb
344.36301 17.46400 -0.09568 0.81508 0.57140 eb
345.51874 28.51665 -0.25495 0.18701 -0.94870 eb
345.58022 45.85255 -0.47620 -0.05042 -0.87789 eb
345.85267 78.86641 0.96031 0.20228 0.19206 eb
346.09242 21.03674 0.11634 0.51151 -0.85137 eb
347.49227 33.87230 0.70814 0.15867 0.68801 eb
347.62518 82.55526 0.78970 0.56425 -0.24082 eb
348.61441 56.64456 0.60860 -0.69414 0.38440 eb
350.22999 24.83938 -0.07092 0.98316 0.16845 eb
352.04121 47.05218 0.06711 -0.43394 -0.89844 eb
353.05930 53.63619 -0.96948 -0.10595 -0.22108 eb
353.33463 45.05808 0.12193 -0.81591 -0.56517 eb
356.52364 31.44466 0.88536 -0.35405 -0.30130 eb
357.48847 61.81051 -0.84498 -0.48359 0.22838 eb
357.51716 78.78269 0.73204 -0.28476 -0.61889 eb
360.40987 56.32319 0.85960 -0.04589 0.50891 eb
360.44663 82.55856 0.87164 0.19243 -0.45080 eb
361.62930 44.64558 -0.84200 0.02877 -0.53871 eb
363.17295 46.45407 0.30869 -0.13964 -0.94086 eb
367.68120 53.07165 0.61630 0.60349 -0.50595 eb
368.67466 36.36934 -0.67819 0.49885 -0.53964 eb
368.78469 74.48177 -0.55470 -0.52931 -0.64198 eb
369.55519 46.06687 -0.83725 0.27497 0.47265 eb
371.14692 81.32236 -0.36309 0.24006 -0.90030 eb
371.33976 45.74018 0.32936 -0.91199 -0.24454 eb
372.19548 38.19740 0.38315 0.55496 -0.73839 eb
372.88364 47.49863 -0.06777 -0.86205 -0.50228 eb
375.76934 80.72544 0.57470 -0.66613 -0.47539 eb
375.88938 18.11161 -0.45522 0.17056 0.87389 eb
376.61423 32.74418 -0.73830 0.10933 -0.66556 eb
377.66751 45.25014 -0.85145 -0.41867 -0.31584 eb
378.10659 41.17772 -0.81418 0.55573 -0.16817 eb
378.63723 14.11797 -0.95978 -0.28076 -0.00167 eb
379.89392 20.96840 0.70389 -0.27735 0.65393 eb
381.12657 31.25865 0.27518 0.88856 0.36707 eb
381.34163 25.52711 0.36415 0.06755 -0.92889 eb
382.62517 41.64629 0.32315 0.64374 -0.69366 eb
383.06939 14.13740 0.54039 -0.37301 -0.75422 eb
391.82679 79.00759 0.60064 -0.57683 0.55363 eb
395.03905 42.15460 -0.24177 0.96968 -0.03553 eb
396.56992 25.18933 0.45737 0.01847 0.88909 eb
397.11730 24.34986 -0.91085 0.32752 -0.25115 eb
402.73189 23.11967 0.52086 0.53060 0.66871 eb
403.80976 30.85426 0.91689 0.33027 -0.22413 eb
405.71057 36.20298 0.78816 0.43647 0.43394 eb
412.19332 35.62013 -0.16801 -0.25766 0.95152 eb
413.30447 35.83968 -0.21543 0.77694 -0.59157 eb
414.46251 30.33970 0.15002 -0.00451 -0.98867 eb
416.19426 59.33398 -0.79140 0.60869 -0.05644 eb
417.03270 15.29939 0.47591 0.73600 -0.48146 eb
433.26174 26.51457 0.47066 -0.73300 0.49112 eb
433.71223 21.18589 -0.63764 -0.29457 -0.71179 eb
439.20924 18.30347 -0.94922 0.16622 0.26714 eb
441.39442 28.66373 -0.20436 -0.11400 -0.97224 eb
450.20068 40.49660 -0.68007 -0.67312 -0.29055 eb
452.84590 36.04732 0.51617 -0.24564 -0.82050 eb
461.56555 22.02478 -0.49459 -0.72149 0.48460 eb
466.51660 40.83829 0.65250 0.51734 0.55371 eb
483.10142 28.82173 -0.56197 -0.08116 -0.82316 eb
483.48515 20.33802 -0.03238 -0.63582 -0.77116 eb
485.98872 36.08595 0.99635 -0.08524 -0.00426 eb
496.85060 9.95663 -0.69385 0.00628 0.72010 eb
537.01912 22.89082 -0.81341 0.46915 -0.34388 eb
545.20353 15.39722 0.12972 0.63126 0.76465 eb
590.45868 26.61620 0.16139 0.19648 0.96713 eb
596.14767 17.61494 -0.79020 -0.49528 -0.36094 eb
602.17418 22.48418 0.75851 0.23400 0.60820 eb
611.64153 34.11293 -0.38103 0.88529 0.26659 eb
616.44684 38.77350 0.85551 0.49003 -0.16727 eb
627.58762 14.03779 0.79509 -0.25901 0.54841 eb
630.68833 49.53172 -0.02764 0.68800 -0.72518 eb
636.48981 19.41444 0.69675 -0.29284 -0.65482 eb
638.28403 43.34900 0.53277 0.32105 -0.78299 eb
670.41262 31.50072 0.04645 0.57706 0.81538 eb
689.22197 25.85756 0.88241 0.19082 -0.43005 eb
709.13785 31.94887 0.46768 -0.56069 -0.68331 eb
712.65334 21.76592 -0.57032 -0.30661 0.76205 eb
738.39023 24.32016 0.70573 0.31238 -0.63590 eb
752.16547 19.33074 -0.82307 -0.17679 -0.53972 eb
760.32826 14.48954 0.11686 0.82498 0.55295 eb
764.82002 37.01973 0.25743 -0.91636 0.30662 eb
789.84148 22.38223 0.58962 -0.69191 -0.41665 eb
798.51588 39.61697 0.22816 0.84648 -0.48105 eb
809.66069 35.08232 0.38589 -0.79684 -0.46490 eb
810.46667 7.58654 0.77905 0.45592 0.43038 eb
883.00614 22.22745 -0.71530 0.32468 -0.61881 eb
883.69517 17.35127 0.81574 -0.49195 0.30422 eb
894.83900 16.40161 -0.01754 0.97717 0.21171 eb
907.75956 51.61324 -0.75851 -0.60493 0.24233 eb
931.09064 26.13989 0.93181 0.20705 0.29810 eb
941.84721 20.66572 -0.45902 -0.07032 -0.88564 eb
965.37005 16.82565 -0.91449 -0.15153 -0.37516 eb
974.41326 24.68279 0.39172 0.83013 0.39678 eb
974.99528 28.55454 0.61433 0.47950 -0.62664 eb
981.57233 39.36090 -0.95013 -0.31094 -0.02406 eb
988.26160 33.49789 -0.73868 -0.46491 -0.48807 eb
988.72356 22.93237 0.78461 -0.60065 -0.15363 eb
1008.08755 16.65795 0.86965 0.33468 -0.36290 eb
1026.83681 26.92592 -0.67660 0.22772 0.70026 eb
1065.44291 38.04032 -0.53056 -0.36996 0.76265 eb
1065.74977 28.63469 0.92110 -0.30491 0.24210 eb
1066.39503 33.35864 -0.28466 -0.56139 -0.77705 eb
1109.76730 24.51574 -0.81164 -0.56787 0.13699 eb
1173.96045 32.69155 -0.82920 -0.37493 -0.41455 eb
1215.73026 21.47306 -0.10879 -0.80844 0.57844 eb
1217.50699 17.53573 0.34059 0.73363 -0.58804 eb
1227.43922 18.40571 0.57244 -0.41007 -0.71004 eb
1233.08760 13.19432 0.50181 -0.28211 -0.81768 eb
1285.99393 23.49702 0.71227 0.66013 -0.23855 eb
1287.37711 18.70413 0.56551 -0.69147 0.44952 eb
1378.56651 26.21124 -0.21473 -0.91512 -0.34123 eb
1389.75692 20.15341 0.68018 0.72772 -0.08825 eb
1442.04859 16.65849 0.00059 0.67158 0.74094 eb
1444.84439 27.61461 -0.67840 0.58552 -0.44377 eb
1458.09923 18.17478 -0.88219 0.42593 0.20083 eb
1459.17884 20.83724 0.21606 -0.72327 -0.65589 eb
1511.06172 18.40597 0.59166 -0.78716 -0.17412 eb
1526.42741 16.55595 0.65737 0.62483 -0.42124 eb
1565.17156 12.72045 0.32340 -0.04416 0.94523 eb
1580.13406 38.07619 -0.98429 -0.17494 -0.02398 eb
1634.87506 11.60656 0.12650 0.85120 -0.50938 eb
1640.74680 27.39950 -0.96290 -0.18904 0.19259 eb
1670.99510 28.21642 -0.38718 -0.76774 -0.51056 eb
1726.60286 12.19904 -0.30365 0.48281 -0.82140 eb
1785.01303 19.48179 -0.26487 0.41065 -0.87247 eb
1806.92520 16.82327 0.34648 0.47242 -0.81041 eb
1833.19574 16.16467 0.02624 0.32370 -0.94580 eb
1846.07437 13.04044 -0.32018 0.71124 -0.62579 eb
1912.54180 18.59283 0.22500 0.74014 -0.63369 eb
1912.87407 19.78469 0.44044 -0.79672 -0.41382 eb
1919.76727 14.20471 -0.05117 0.96889 -0.24215 eb
1931.88325 77.13295 -0.44219 -0.80097 0.40363 eb
2039.02944 13.90410 -0.51124 -0.51389 -0.68888 eb
2044.95002 13.89143 0.76171 0.58256 -0.28358 eb
2062.57698 31.56720 -0.98630 0.08954 -0.13851 eb
2237.58882 77.68743 0.41632 0.82403 0.38425 eb
2240.72931 23.85480 -0.73224 0.31838 -0.60204 eb
2246.15072 18.23908 -0.32281 -0.11769 0.93912 eb
2306.61329 33.90594 0.56129 -0.36113 -0.74467 eb
2348.07298 38.62578 -0.45192 -0.76903 -0.45206 eb
2361.71390 26.81253 0.13000 0.13527 -0.98224 eb
2455.71237 18.39986 0.17040 -0.98511 -0.02275 eb
2495.84678 12.02575 -0.65613 -0.61516 0.43712 eb
2605.55614 17.86296 0.51271 -0.81133 -0.28086 eb
2622.66874 29.21851 0.58631 0.80029 -0.12557 eb
2644.59866 11.94841 0.59238 -0.52114 -0.61440 eb
2697.18294 8.92417 0.72333 0.67473 0.14676 eb
2817.84132 27.88566 0.69112 0.24643 0.67943 eb
2917.61741 31.16134 -0.28346 -0.28496 0.91567 eb
2931.03011 27.73220 0.96011 0.23983 -0.14379 eb
3078.25594 7.15312 0.55585 -0.79756 0.23438 eb
3139.80237 24.48041 0.41363 -0.81167 -0.41244 eb
3263.57826 21.00079 -0.53679 -0.36736 -0.75954 eb
3295.90067 26.82554 -0.42137 -0.00023 0.90689 eb
3477.78111 27.36566 0.35564 0.14060 -0.92399 eb
3554.97152 23.69923 0.17959 -0.73065 0.65871 eb
3605.04351 40.88932 -0.42233 -0.86759 0.26253 eb
3722.92235 30.66104 -0.18964 -0.20306 -0.96063 eb
4024.76638 7.21653 0.99875 -0.04116 -0.02824 eb
4047.97404 19.95835 0.47673 0.82406 0.30603 eb
4170.64618 25.47772 0.68808 0.40802 -0.60005 eb
4297.22524 18.13290 0.88944 0.03105 -0.45599 eb
4496.58478 24.23678 0.02802 0.98264 0.18337 eb
4580.69928 22.12468 0.29295 -0.95606 -0.01135 eb
4678.35523 20.30914 -0.69621 0.09326 0.71175 eb
4682.55656 30.52670 0.21080 -0.50806 -0.83513 eb
4823.84419 8.29869 -0.04562 -0.40785 -0.91191 eb
5215.48983 23.26351 -0.80997 0.57430 0.11884 eb
5520.49455 16.34680 -0.57448 -0.77445 -0.26496 eb
5562.25557 20.00887 -0.87783 -0.18772 -0.44066 eb
5773.75828 16.58358 -0.09269 0.24362 -0.96543 eb
6217.90412 33.06519 0.41927 -0.89967 0.12171 eb
6438.66529 20.30155 0.95615 -0.10767 -0.27237 eb
6536.46384 6.85443 0.24343 0.87604 0.41627 eb
6732.12973 30.80160 -0.42758 -0.56379 -0.70662 eb
6822.03082 11.01837 0.32434 -0.94583 -0.01437 eb
7185.10126 13.88816 0.21390 -0.95202 -0.21886 eb
7935.46531 24.13183 0.79650 -0.51648 0.31438 eb
8313.10471 24.98320 -0.15603 -0.09832 -0.98285 eb
8554.89191 23.15633 0.02164 0.96972 0.24326 eb
8731.54842 15.73242 0.72799 -0.05020 -0.68375 eb
8981.58795 11.50792 0.00288 0.99531 -0.09670 eb
8994.24937 71.61351 -0.42994 0.76794 0.47479 eb
9200.32690 14.55356 0.67481 -0.16753 -0.71873 eb
9213.85371 71.02709 0.77259 0.01669 -0.63469 eb
10286.78575 25.07384 -0.79642 -0.35703 -0.48811 eb
10448.30560 5.31809 0.21129 -0.97129 -0.10930 eb
11844.45637 20.47837 0.78216 0.28207 0.55557 eb
12958.06091 31.25267 0.02219 0.04405 -0.99878 eb
