15.58505 60.34527 0.91992 -0.34535 0.18570 e
17.03249 61.87093 -0.99817 0.01028 0.05964 e
18.24503 73.66445 0.90517 0.42482 -0.01399 e
18.57007 57.02355 -0.17172 0.92642 -0.33505 e
18.97630 63.17380 -0.00142 -0.23655 -0.97162 e
19.13338 67.02513 0.84880 0.14667 -0.50796 e
19.17051 63.58080 -0.10027 0.69683 -0.71020 e
19.49596 72.71514 -0.01411 0.86368 -0.50384 e
19.71948 36.64184 0.73294 0.67648 0.07185 e
19.72047 63.85505 -0.55491 -0.62384 -0.55037 e
19.74828 71.58496 -0.75542 -0.51052 -0.41075 e
20.10104 50.33164 -0.02417 0.80375 -0.59448 e
20.21331 79.97009 -0.45360 -0.82437 0.33862 e
20.35950 78.72454 0.45070 -0.41000 -0.79295 e
21.08474 57.34968 -0.08333 -0.10469 -0.99101 e
21.15036 48.57375 -0.79603 0.59767 -0.09554 e
21.34457 84.15542 -0.05715 -0.14785 -0.98736 e
21.37573 79.12817 -0.35654 0.22039 -0.90791 e
21.46631 48.88451 -0.10462 -0.51371 -0.85156 e
21.51876 40.46056 0.62085 -0.78240 0.04884 e
21.63601 61.35215 -0.30233 0.70584 -0.64061 e
21.66596 77.32548 -0.55792 0.30415 0.77215 e
21.78555 78.55845 0.30543 0.61124 -0.73014 e
22.15437 73.55540 0.52138 0.19063 -0.83176 e
22.37341 82.66899 0.76278 -0.51534 -0.39064 e
22.61786 54.03189 -0.37571 -0.70834 0.59757 e
22.71281 49.44071 -0.15045 -0.95120 -0.26940 e
22.91810 65.66782 0.59414 0.75068 0.28894 e
23.07365 81.07926 0.13116 -0.96903 -0.20922 e
23.54674 77.16505 -0.20218 0.59204 -0.78014 e
23.64655 81.05916 0.27860 0.94952 -0.14423 e
23.70603 70.64859 -0.36382 0.88202 0.29947 e
24.11275 69.10130 -0.72080 -0.65341 -0.23131 e
24.17444 35.29609 -0.40955 -0.90451 -0.11885 e
24.49832 77.46292 -0.88279 -0.46733 0.04779 e
24.58326 79.65127 0.75767 -0.13055 -0.63945 e
24.65386 40.36654 -0.27506 -0.77318 -0.57144 e
24.93205 75.94892 0.40796 -0.90217 -0.14019 e
25.02963 83.90126 -0.22687 0.85780 0.46120 e
25.87440 80.85813 -0.67728 -0.58705 -0.44346 e
25.89256 63.45806 -0.83529 -0.31870 0.44802 e
25.93492 18.33127 -0.96903 0.18810 -0.15998 e
26.01301 77.66346 0.67509 0.70282 -0.22430 e
26.22833 64.09069 0.19968 0.16131 -0.96649 e
26.23322 29.31437 0.71939 0.64962 -0.24590 e
26.24930 79.58582 -0.64052 0.52413 -0.56127 e
26.93894 75.25335 -0.21345 0.94805 0.23589 e
27.37140 75.38494 -0.76475 -0.63230 0.12390 e
28.09113 47.15218 -0.28364 0.88302 -0.37394 e
28.58517 25.11714 0.60916 -0.79271 -0.02308 e
28.73458 84.45927 0.42309 0.90222 -0.08364 e
29.47192 80.44752 0.76245 0.58537 -0.27570 e
29.64022 72.18698 -0.49175 -0.71028 -0.50367 e
29.72248 77.02170 0.28305 0.11955 -0.95162 e
29.75909 63.48340 -0.28383 -0.12179 -0.95111 e
30.14140 82.92970 0.99551 -0.04320 0.08419 e
30.46534 40.43015 0.26922 -0.90417 -0.33165 e
30.60901 76.11779 -0.13016 -0.95095 -0.28063 e
30.83413 79.58407 -0.50906 0.74404 -0.43274 e
31.26019 80.09663 -0.36385 -0.93136 -0.01306 e
31.27315 27.95158 0.30748 0.87772 0.36751 e
31.30796 68.20127 0.82374 0.21347 -0.52525 e
31.36138 73.14490 0.20054 0.09342 -0.97522 e
31.54964 37.81531 -0.94376 -0.32677 0.05042 e
31.57499 70.93331 0.65804 0.74229 0.12648 e
31.60165 18.80599 -0.37809 0.88162 -0.28249 e
31.61527 62.39997 0.70224 0.67852 0.21559 e
31.61896 21.48434 0.85938 0.43462 0.26938 e
31.77951 60.77021 0.94478 0.24280 -0.22008 e
32.01771 79.22708 -0.76615 0.29560 -0.57065 e
32.06734 75.51190 -0.02061 0.28290 -0.95893 e
32.43618 76.77304 -0.28504 -0.00677 -0.95849 e
32.91940 49.25911 0.68554 -0.57307 -0.44902 e
32.92081 84.11575 0.37182 0.75441 0.54094 e
32.97129 36.11015 -0.46678 -0.04492 0.88323 e
33.01264 45.71217 -0.92335 -0.37707 -0.07237 e
33.29421 32.46467 0.21031 0.71157 -0.67040 e
33.36334 80.80369 0.84008 -0.52665 -0.13005 e
33.63993 34.88937 0.39128 0.80490 -0.44613 e
33.76286 47.22404 -0.75978 -0.46110 -0.45838 e
34.06119 64.36326 0.17330 0.03383 -0.98429 e
34.83879 56.89122 0.59819 -0.55217 0.58075 e
34.85903 40.52858 0.49483 0.52306 -0.69394 e
34.86328 65.16244 0.66036 -0.64959 -0.37678 e
35.08740 67.58245 -0.49678 -0.84027 0.21715 e
35.09760 81.34179 -0.83049 0.55658 -0.02225 e
35.43176 67.86570 0.00852 -0.82916 -0.55895 e
35.58756 80.38173 0.85456 -0.32614 -0.40418 e
35.81451 29.59507 -0.84460 -0.01271 0.53524 e
35.86832 67.08223 -0.94428 -0.21913 0.24560 e
36.24148 51.58759 0.83228 -0.54022 -0.12443 e
36.50010 21.95164 0.74209 0.12735 0.65809 e
36.53298 61.26275 0.51525 -0.60302 -0.60900 e
36.74860 73.57460 0.04051 -0.93605 -0.34954 e
37.17401 45.19706 0.42110 -0.74422 -0.51846 e
37.24492 64.40706 0.15312 0.52349 -0.83816 e
37.67056 32.12194 0.68374 -0.32692 -0.65240 e
37.78809 46.51598 0.87737 -0.47173 -0.08769 e
37.78893 34.58971 0.27592 0.58064 -0.76598 e
37.82360 62.62440 0.32778 -0.92717 0.18143 e
37.88702 62.13712 -0.86089 0.50809 0.02657 e
37.91568 28.56087 -0.42670 0.73943 0.52074 e
38.54089 23.73751 -0.98911 0.01814 0.14606 e
38.65114 54.62875 -0.64643 0.30734 -0.69834 e
38.69565 74.54516 0.67854 0.46196 -0.57112 e
38.86005 78.73814 0.05522 -0.04596 0.99742 e
38.87285 75.98907 -0.63032 0.36325 -0.68611 e
39.02139 40.40917 0.22702 0.05844 -0.97214 e
39.21255 60.85092 -0.32941 0.75692 0.56441 e
39.30535 30.59868 0.98045 0.16162 -0.11228 e
39.33963 83.00968 -0.87212 0.24206 -0.42523 e
40.01965 80.75545 -0.16437 -0.62000 -0.76719 e
40.40035 41.48449 -0.07112 0.05060 -0.99618 e
40.42109 83.73032 -0.43404 0.84512 -0.31207 e
40.44604 72.10515 -0.38598 -0.33062 -0.86123 e
40.45521 56.14452 -0.90182 -0.41476 -0.12120 e
40.47319 29.12163 0.08566 0.73405 -0.67367 e
40.55211 65.73564 -0.64449 0.24888 0.72297 e
40.75522 44.67422 -0.38067 -0.74168 -0.55227 e
40.75778 71.92275 -0.41555 0.65030 -0.63594 e
40.97004 67.36026 0.11588 0.50765 -0.85373 e
41.06794 47.00454 0.62183 -0.75499 -0.20812 e
41.25643 54.64321 0.40465 0.89232 -0.20007 e
41.48409 80.00846 -0.67957 0.08019 -0.72922 e
41.50295 76.45709 0.64808 0.62540 -0.43459 e
41.54382 37.58170 0.61495 -0.73043 0.29718 e
41.59980 56.39808 -0.79426 -0.60703 -0.02605 e
41.75663 55.27686 -0.28878 -0.95613 0.04924 e
41.82050 47.52853 -0.22144 -0.62086 -0.75200 e
41.97305 69.39867 -0.40767 -0.49672 -0.76621 e
42.10199 58.95279 0.41703 0.29323 -0.86029 e
42.45062 66.74445 0.15752 0.97893 -0.12991 e
42.53463 72.78705 0.58729 -0.45962 -0.66621 e
42.84834 68.74796 -0.67587 -0.66860 0.31011 e
42.87723 44.27947 -0.06629 0.08255 -0.99438 e
42.93917 59.73333 -0.20274 -0.39135 0.89763 e
42.96284 52.39406 0.06466 0.23663 -0.96945 e
43.06842 45.72293 0.08703 0.63157 -0.77041 e
43.10394 49.37616 0.95997 -0.22361 -0.16870 e
43.50236 77.23203 0.86276 -0.04988 -0.50315 e
43.58567 22.10566 -0.66505 0.74255 -0.07951 e
43.63317 45.93113 0.05258 -0.57849 -0.81399 e
43.63933 58.45542 0.63571 -0.48668 -0.59918 e
43.70222 81.05265 -0.17322 0.33104 -0.92758 e
43.97635 60.65374 -0.37916 -0.64784 0.66071 e
43.98040 58.35487 0.00371 -0.86323 0.50479 e
44.02584 82.26506 0.10161 0.91723 -0.38519 e
44.07543 79.39902 -0.24172 -0.78878 -0.56516 e
44.09845 14.94215 0.83790 0.54582 0.00082 e
44.18295 45.44903 -0.18685 -0.39696 -0.89862 e
44.29152 60.12888 0.08846 -0.49959 -0.86173 e
44.38357 40.80073 -0.83342 -0.50432 -0.22598 e
44.78737 75.19216 0.13782 0.67643 -0.72350 e
45.37176 56.57035 -0.16681 -0.77690 0.60713 e
45.40334 59.94174 0.33344 -0.75840 -0.56004 e
45.40669 83.34907 -0.18692 0.84795 -0.49603 e
45.71015 62.69522 -0.78091 0.62463 0.00458 e
45.82540 47.47886 0.39413 -0.24971 0.88448 e
46.23576 49.12307 0.53895 -0.66821 0.51287 e
46.35502 65.57467 0.41224 0.14799 -0.89897 e
46.50450 67.02236 0.84859 -0.05220 0.52647 e
46.63122 45.29327 -0.53583 0.72270 -0.43657 e
46.76718 27.63201 0.28807 0.52547 -0.80056 e
46.79648 78.75500 -0.86801 -0.06870 -0.49176 e
46.86292 71.76272 0.30608 0.85842 0.41162 e
47.39763 47.42290 -0.80312 0.53472 0.26282 e
47.50374 23.39366 0.37242 -0.67822 -0.63350 e
47.84520 71.13565 -0.29839 0.91040 -0.28661 e
47.84616 35.32630 -0.86851 -0.49514 0.02300 e
47.89048 64.80593 -0.39389 0.88331 -0.25420 e
47.95939 77.11527 -0.70762 0.57705 -0.40778 e
48.04173 50.59114 0.70174 0.18571 -0.68780 e
48.10721 49.57688 -0.32879 -0.90700 -0.26316 e
48.13045 43.47409 0.46528 -0.44442 -0.76551 e
48.50957 65.09560 0.93968 -0.30407 -0.15668 e
48.55948 69.33195 -0.86140 0.24037 -0.44745 e
48.78833 53.59908 -0.98726 -0.06256 0.14629 e
49.07635 76.82560 -0.86303 0.28753 0.41534 e
49.07961 33.94774 0.66337 -0.70199 -0.25914 e
49.31784 34.01304 0.84053 -0.36612 0.39933 e
49.62039 79.02805 -0.83358 -0.43423 -0.34145 e
49.62263 49.06241 -0.45147 -0.78774 -0.41908 e
49.88531 74.23272 -0.36388 -0.86802 -0.33782 e
50.06965 27.41931 -0.34528 0.41379 -0.84235 e
50.15914 27.50759 -0.24827 0.96869 -0.00019 e
50.40240 32.77488 -0.15921 0.34830 -0.92376 e
50.58872 54.08865 -0.95512 -0.21127 0.20764 e
50.66369 30.50211 -0.83981 0.32696 -0.43337 e
50.78755 62.92334 0.03761 -0.69512 -0.71791 e
50.92388 80.12967 -0.12614 0.00031 -0.99201 e
51.05131 80.57730 0.89879 0.22671 0.37521 e
51.09311 61.90771 0.45138 0.40869 -0.79324 e
51.57346 55.02698 0.94163 0.02484 -0.33574 e
51.81149 59.41695 -0.16330 0.94648 -0.27842 e
51.84032 81.57282 0.48391 -0.75296 -0.44597 e
51.84378 44.17387 0.84443 -0.21434 -0.49091 e
51.87400 54.67486 0.22508 0.94657 0.23097 e
52.02521 72.34783 -0.06668 -0.33427 -0.94011 e
52.34324 59.38140 -0.35291 -0.58074 -0.73362 e
52.40156 40.90422 0.80188 -0.52335 0.28827 e
52.43584 49.63194 -0.17050 -0.94116 0.29179 e
52.45862 78.51414 -0.72961 -0.52438 -0.43897 e
52.57968 57.16065 0.70716 -0.69899 -0.10651 e
52.64663 67.09396 0.80565 -0.56452 -0.17959 e
52.76758 69.43506 0.52387 -0.63465 -0.56814 e
52.78403 36.02781 -0.41849 -0.69341 0.58656 e
52.82123 64.28357 0.63333 0.77350 -0.02446 e
53.00325 30.31495 -0.69055 0.47403 -0.54629 e
53.46162 73.57655 0.32158 -0.75157 -0.57596 e
53.60617 82.07995 -0.27291 0.20358 -0.94025 e
53.75212 78.20388 -0.36763 -0.80607 -0.46379 e
54.19243 57.16578 0.86007 -0.49061 -0.13995 e
54.31960 69.61802 -0.62955 -0.24605 -0.73697 e
54.38074 56.93711 -0.17461 -0.29060 -0.94078 e
54.58929 74.29791 0.58234 0.74589 -0.32330 e
54.81341 72.03631 0.23161 0.20345 -0.95130 e
55.12137 59.72452 -0.77436 0.38158 -0.50474 e
55.89731 81.06511 -0.44437 0.01926 -0.89563 e
56.03199 75.82979 0.56818 0.44541 -0.69194 e
56.45744 22.80285 -0.91238 -0.16543 0.37444 e
56.67414 79.95215 0.60690 0.42538 -0.67136 e
56.82696 84.49712 0.46314 0.50565 -0.72788 e
56.92606 77.35353 0.08477 -0.91837 -0.38653 e
57.46509 35.04887 0.50481 -0.39456 -0.76779 e
57.83154 17.32248 0.62260 0.67550 -0.39505 e
58.38944 43.38859 0.15181 0.85470 -0.49643 e
58.41845 83.12072 0.29846 0.83919 -0.45463 e
58.44476 59.53296 -0.99681 0.07623 -0.02366 e
58.56501 50.98518 0.74177 0.66852 0.05337 e
58.58651 58.11460 0.20483 0.75278 -0.62560 e
58.67090 81.54592 -0.03665 0.99876 -0.03373 e
58.72673 45.05013 -0.61704 -0.76386 0.18917 e
58.96472 67.16219 0.21734 0.77240 0.59680 e
59.01049 55.79235 -0.83291 -0.41631 -0.36462 e
59.10899 81.92696 -0.29059 0.45665 -0.84085 e
59.15613 80.29953 0.77921 -0.34435 0.52369 e
59.20560 47.90556 0.62107 -0.40333 0.67201 e
59.23209 47.80873 0.07608 -0.95785 -0.27700 e
59.46843 79.76601 0.82154 0.49346 -0.28559 e
59.59952 52.71134 -0.67764 -0.45469 -0.57798 e
59.72178 72.24946 0.50350 0.50805 -0.69884 e
59.81087 80.90996 -0.60995 -0.69697 -0.37709 e
59.81102 26.46973 0.62244 0.27951 0.73105 e
60.08639 58.12883 -0.45449 0.29650 -0.83996 e
60.35227 51.90032 0.23883 0.13725 -0.96131 e
60.37095 17.01036 -0.28950 -0.93559 0.20215 e
60.38453 47.58598 0.94477 0.01290 0.32748 e
60.69135 79.07259 -0.14542 0.29945 -0.94296 e
60.90335 25.93466 -0.44515 0.87338 -0.19761 e
60.90661 62.04517 -0.85351 0.44287 0.27458 e
61.12243 55.28394 0.99553 0.05407 -0.07748 e
61.30611 37.91911 0.24370 0.85846 -0.45128 e
61.32931 51.50778 -0.85000 -0.44070 -0.28857 e
61.39623 46.00193 0.27230 -0.05988 -0.96035 e
61.72047 53.52948 0.09226 -0.84005 -0.53461 e
61.82769 45.49501 -0.45901 0.82421 0.33165 e
61.83057 72.94133 -0.09823 0.76895 0.63172 e
61.91335 20.24891 0.26820 0.44584 0.85399 e
62.02832 32.22750 0.10047 0.96692 0.23444 e
62.17403 58.35656 0.95021 0.26879 0.15767 e
62.28293 51.24573 0.25302 0.31562 -0.91453 e
62.32495 54.84391 -0.84875 -0.52470 -0.06570 e
62.33680 72.80403 0.32688 0.72013 -0.61201 e
62.56266 37.11951 -0.38455 0.39954 -0.83216 e
62.73385 52.63284 0.63571 -0.69197 0.34214 e
62.86837 79.96734 0.32607 0.78176 -0.53154 e
63.19653 38.86238 0.46990 0.31546 -0.82442 e
63.72374 69.34912 -0.37400 -0.52384 -0.76532 e
63.86206 77.64972 0.81697 0.51740 0.25467 e
64.00116 78.54668 0.02007 -0.07746 -0.99679 e
64.00785 35.40119 0.34269 0.21253 -0.91509 e
64.13200 77.30043 0.43877 -0.80134 -0.40662 e
64.22848 10.81568 -0.90611 0.08868 0.41364 e
64.27836 33.66280 -0.91508 0.36641 -0.16841 e
65.60020 70.70250 0.19840 0.39322 0.89778 e
65.68313 78.33025 0.49468 0.58238 0.64508 e
65.90026 27.82939 -0.25459 0.79855 -0.54544 e
66.03100 76.51214 0.31940 -0.94682 -0.03896 e
66.06433 25.02429 0.95268 -0.29703 -0.06467 e
66.21096 38.64924 0.31060 -0.91642 0.25237 e
66.26338 48.12879 0.06468 -0.94748 -0.31320 e
66.34886 46.81574 0.39170 -0.91789 -0.06360 e
66.55231 62.92105 0.56934 -0.50557 0.64827 e
66.78435 20.17569 0.45680 -0.18300 -0.87054 e
66.80048 29.29491 -0.46461 0.56319 0.68334 e
67.06308 75.10497 -0.28705 -0.79464 -0.53493 e
67.23431 68.23859 0.73556 -0.35451 -0.57730 e
67.44621 53.49158 0.72559 0.18828 -0.66187 e
67.53408 69.96828 -0.26888 -0.00054 -0.96317 e
67.69121 66.64377 0.67969 -0.25279 -0.68856 e
67.92622 52.65143 -0.68184 -0.09571 -0.72522 e
68.04248 83.69301 0.59235 0.71618 -0.36906 e
68.17500 74.64597 -0.46425 0.55033 -0.69398 e
68.56745 54.26618 -0.79845 -0.13757 -0.58613 e
68.66863 44.79399 -0.30371 0.89038 -0.33909 e
68.84527 26.68581 -0.55484 0.60750 0.56841 e
68.92204 39.92272 -0.01302 -0.32455 -0.94578 e
68.96906 74.57510 -0.27152 -0.06018 -0.96055 e
69.18979 75.83462 0.03845 0.02194 -0.99902 e
69.21303 25.05206 0.00526 -0.32411 -0.94601 e
69.32452 25.85097 0.95398 -0.18184 -0.23844 e
69.39055 72.17230 -0.80786 -0.12157 -0.57671 e
69.48096 47.68843 -0.32028 0.78798 -0.52584 e
69.55079 65.58091 0.51051 0.73735 0.44237 e
70.23686 25.96818 -0.23312 -0.52534 -0.81834 e
70.89849 48.96920 -0.71910 0.61104 0.33095 e
70.95780 79.15269 -0.53054 0.57008 0.62733 e
71.02012 53.66951 0.22247 0.95606 -0.19095 e
71.02909 20.96320 -0.85087 0.51216 0.11712 e
71.47080 65.85223 0.94462 -0.07063 0.32046 e
71.47703 54.71024 0.44538 0.86655 -0.22521 e
71.69967 84.90675 0.06436 0.53247 -0.84400 e
71.74654 30.62661 0.33663 0.36453 -0.86821 e
71.78381 33.50026 0.01288 0.67814 0.73482 e
71.92528 49.24492 0.73947 0.62974 -0.23792 e
71.98151 58.86856 -0.87994 0.35607 -0.31452 e
72.43018 73.47920 0.17619 -0.08827 -0.98039 e
72.64771 48.12501 -0.31310 0.93327 -0.17599 e
73.27336 77.68425 0.32198 0.58013 0.74819 e
73.38789 64.10374 -0.32724 0.94419 0.03764 e
73.44473 26.85809 -0.14196 -0.91358 -0.38108 e
73.46599 62.93933 -0.56788 0.21015 -0.79583 e
73.74616 56.80187 0.20266 0.83563 -0.51055 e
73.78845 33.66757 -0.13959 0.96860 -0.20575 e
73.92510 66.00346 0.77213 -0.59576 -0.22109 e
74.21204 70.02398 -0.85546 -0.20955 0.47358 e
74.61533 70.22128 -0.13779 -0.34829 -0.92720 e
74.84181 55.02062 0.74608 -0.02212 -0.66548 e
75.25084 78.76585 0.67779 0.59260 -0.43524 e
75.58824 17.49780 0.87463 -0.39759 0.27738 e
75.77103 25.14290 -0.92241 0.37272 -0.10117 e
75.92439 20.83560 -0.39667 -0.13036 0.90866 e
76.37812 69.24401 -0.09249 -0.99203 -0.08555 e
76.40390 57.93573 0.23872 0.18415 -0.95347 e
76.56379 57.77637 -0.42877 -0.77481 -0.46457 e
76.91723 73.43877 0.23605 -0.93788 -0.25427 e
77.02491 68.20439 0.72703 -0.68660 0.00380 e
77.03125 35.75756 0.69973 0.65489 -0.28547 e
77.05661 80.84765 0.22273 -0.90082 -0.37270 e
78.21440 82.24191 0.69408 -0.16969 -0.69961 e
78.51812 55.30868 -0.88888 -0.21348 -0.40537 e
78.68789 81.37856 0.48846 0.84808 -0.20533 e
79.01861 69.94343 -0.74783 -0.13379 -0.65026 e
79.29912 22.95516 0.02506 -0.45292 -0.89120 e
79.41897 27.85022 -0.58550 0.49615 -0.64112 e
79.65450 43.83348 0.45402 0.89007 -0.04053 e
79.76138 76.22146 -0.06147 -0.67772 -0.73275 e
80.74208 59.26573 -0.31214 -0.22206 -0.92372 e
80.75260 74.63627 -0.13548 0.57128 -0.80950 e
80.84006 31.35561 0.24529 -0.09207 -0.96507 e
81.09705 58.59161 0.94838 0.29555 0.11502 e
81.86578 48.88656 -0.79305 -0.38537 -0.47176 e
81.95848 49.48304 -0.48043 -0.70514 -0.52150 e
82.05431 79.05511 0.52570 -0.16182 -0.83514 e
82.32187 56.23278 0.42182 -0.33543 -0.84235 e
82.35341 68.02328 0.41388 -0.65836 -0.62871 e
82.49912 54.43915 -0.69993 0.58113 -0.41519 e
82.61201 43.01582 0.50934 -0.53541 -0.67372 e
82.96483 19.00764 -0.57287 -0.51841 0.63488 e
82.97202 79.96508 0.49499 -0.80796 0.31965 e
83.06807 35.02904 0.14830 0.93218 -0.33022 e
83.29288 31.09785 0.03442 -0.94334 0.33004 e
83.31744 34.20012 -0.19546 -0.11185 -0.97431 e
83.55623 42.19981 -0.51860 -0.47320 -0.71213 e
83.83129 36.99550 0.38440 0.52183 0.76153 e
83.83299 50.70292 0.03312 0.84201 -0.53844 e
83.98003 34.08197 0.29673 -0.94074 0.16417 e
84.26603 74.29512 0.80962 0.52977 0.25269 e
84.34353 81.70343 -0.09823 -0.79961 0.59244 e
84.86306 57.89465 -0.12527 0.63954 -0.75849 e
85.40033 48.86630 -0.24928 -0.36900 -0.89538 e
85.47973 84.80428 -0.76945 0.63860 0.01182 e
85.50930 76.17569 0.21276 0.45564 -0.86436 e
85.63197 23.79882 -0.92134 -0.22028 0.32034 e
85.74039 48.39919 0.71582 0.69802 0.01927 e
85.75946 32.15654 0.08820 0.99596 0.01659 e
86.19888 60.30929 0.81412 0.49402 -0.30520 e
86.25959 33.22787 0.30707 -0.46290 0.83152 e
86.29658 80.51199 0.11737 0.89920 -0.42150 e
86.49996 40.89050 -0.78654 0.55953 -0.26131 e
86.61490 38.41401 -0.53283 -0.68197 0.50101 e
87.02838 37.50195 0.95634 0.29212 -0.00901 e
87.51196 79.34516 0.76252 -0.14765 -0.62989 e
87.86984 59.37463 0.85876 0.51236 -0.00379 e
87.95955 56.34498 -0.67197 0.71547 -0.19120 e
88.01469 38.99145 0.84584 -0.33977 -0.41123 e
88.96407 23.83245 0.99312 0.11186 -0.03451 e
88.98003 61.45608 0.28732 -0.87487 -0.38994 e
89.13354 82.69841 -0.44939 0.36809 -0.81398 e
89.51383 34.71570 -0.21228 -0.54795 -0.80913 e
89.53248 36.01528 0.55679 -0.38200 0.73761 e
89.91698 79.93820 0.18646 0.89917 0.39590 e
89.91949 47.22088 -0.32150 -0.55239 -0.76909 e
90.04577 55.45123 -0.73626 -0.07144 -0.67292 e
90.15176 44.16586 -0.04041 0.53843 -0.84170 e
90.15481 82.78124 0.69808 -0.13584 -0.70302 e
91.83854 60.88643 -0.43072 0.15289 -0.88944 e
92.01650 47.57816 0.58915 -0.10628 -0.80100 e
92.07183 33.88036 -0.51164 -0.38736 -0.76693 e
92.29312 45.48651 0.63489 -0.46064 -0.62026 e
92.50605 63.54982 -0.00481 0.94678 -0.32185 e
92.72567 56.94222 0.37496 0.81454 0.44264 e
93.17706 16.43838 0.88789 -0.42018 -0.18737 e
94.04100 43.66701 -0.35878 0.00144 -0.93342 e
94.23449 56.03417 0.48280 -0.56097 -0.67247 e
95.39988 39.04069 0.02320 0.98294 -0.18247 e
95.65083 78.76457 -0.06571 0.14854 -0.98672 e
96.35313 43.49829 -0.36103 0.93072 0.05845 e
97.17795 63.38819 -0.56859 0.34965 -0.74461 e
97.19214 37.32524 0.30227 -0.44291 0.84408 e
97.19590 73.01706 0.96368 0.10624 -0.24504 e
97.36810 75.94735 -0.26962 0.13772 -0.95307 e
97.57945 44.21473 -0.43070 -0.60886 -0.66617 e
98.23688 69.35457 -0.53721 0.11802 -0.83515 e
98.62409 36.34951 -0.58519 -0.78474 -0.20427 e
99.06701 55.20636 -0.30986 0.59179 -0.74415 e
99.36157 51.86293 -0.48364 0.81671 0.31476 e
99.44208 46.43462 -0.08204 -0.81326 0.57608 e
99.64593 51.80894 0.18815 0.59453 -0.78175 e
99.88646 32.42786 -0.64837 0.33096 0.68562 e
99.96246 63.83643 0.02399 0.98806 -0.15216 e
99.99616 48.62988 0.05080 0.72833 0.68334 e
100.08010 81.25104 -0.04011 -0.93269 -0.35843 e
100.31301 56.38580 -0.26783 0.32346 0.90754 e
100.67833 39.08875 -0.47393 -0.88030 0.02148 e
100.82564 80.03592 -0.64234 -0.68211 0.34947 e
101.10533 79.81373 -0.93444 -0.26363 -0.23944 e
101.46154 19.81726 0.28340 -0.83025 -0.47997 e
101.49700 33.34903 -0.18523 0.42027 -0.88829 e
101.57039 21.41616 0.08264 -0.87114 -0.48402 e
101.72889 44.89598 -0.11176 0.52173 -0.84576 e
101.75215 50.26025 -0.16526 -0.74859 -0.64211 e
102.40062 17.71669 0.90909 -0.13512 -0.39408 e
102.86905 81.95442 -0.79035 0.21410 -0.57402 e
103.03760 50.55632 0.80511 0.06891 -0.58911 e
104.06593 43.64302 -0.51896 -0.02811 -0.85434 e
104.24830 62.47742 -0.10920 -0.94252 -0.31580 e
104.49003 57.00867 0.34966 0.70582 -0.61608 e
104.88733 64.10725 -0.83447 -0.18033 0.52072 e
105.13915 61.18421 -0.72363 -0.65451 -0.21901 e
105.20053 64.58315 0.12239 -0.36200 -0.92411 e
105.46484 64.09610 0.38125 0.76311 -0.52183 e
106.07559 31.11353 0.59885 -0.56533 -0.56725 e
106.66392 55.45289 -0.23315 -0.46197 0.85570 e
107.29621 50.78978 -0.38990 -0.56553 -0.72674 e
107.52847 73.58285 0.22178 -0.86567 0.44880 e
108.06033 61.40818 0.44304 0.11062 -0.88965 e
108.34509 61.59464 0.06436 -0.20392 -0.97687 e
108.61446 45.83359 0.76814 0.61316 -0.18438 e
109.36680 39.23600 -0.73735 0.57119 -0.36062 e
109.58440 56.45550 -0.57768 0.80938 -0.10581 e
109.61993 16.39075 0.30250 -0.31379 0.90002 e
109.70549 61.90058 -0.74078 -0.03620 0.67077 e
109.85914 44.02045 -0.82755 -0.34494 0.44292 e
110.41552 76.21799 0.11771 -0.35951 -0.92569 e
110.68982 37.07199 0.02822 0.67973 -0.73292 e
111.62441 39.30066 0.17678 0.69644 -0.69550 e
111.75787 43.41634 -0.55904 0.79658 0.23006 e
112.40639 52.81521 -0.95811 -0.03440 -0.28432 e
113.89336 43.48938 -0.05394 -0.83077 -0.55400 e
114.68152 84.60175 -0.42535 0.90050 -0.09042 e
114.72000 53.14881 0.05022 0.89302 -0.44720 e
115.07762 25.83171 0.69067 -0.35040 -0.63261 e
115.24906 78.10034 0.98106 0.19201 -0.02562 e
115.27109 49.97454 0.92751 0.28779 -0.23854 e
115.36255 44.37211 0.34876 0.19887 -0.91587 e
115.39722 48.70479 0.89481 -0.25580 -0.36591 e
115.49783 70.90222 0.86587 -0.04173 -0.49853 e
115.53473 53.53084 0.10272 0.21037 -0.97221 e
115.59899 17.51953 0.14263 -0.98970 -0.01254 e
115.85063 40.75648 0.88215 0.45879 -0.10640 e
116.51930 31.67396 -0.16744 0.70057 0.69366 e
116.94474 62.68025 -0.32047 -0.50215 -0.80321 e
117.24467 58.14401 -0.26046 -0.94401 -0.20249 e
118.47869 39.39664 0.28524 0.59013 -0.75524 e
119.14733 45.58618 -0.91464 -0.33887 -0.22043 e
119.75477 25.69336 -0.81026 0.45608 0.36806 e
119.79085 42.40863 -0.82061 -0.47046 0.32445 e
120.03067 39.34145 0.44728 0.82040 -0.35620 e
120.44914 44.65106 -0.38219 -0.19652 -0.90294 e
120.48099 22.42978 -0.33864 0.32591 -0.88267 e
120.65158 84.91839 -0.26825 0.83326 -0.48344 e
120.66885 69.95484 -0.14137 -0.56366 -0.81382 e
121.70669 36.67723 0.84432 -0.47219 0.25329 e
122.02320 39.60704 -0.26331 -0.80853 0.52626 e
122.27773 33.57807 -0.30002 -0.32958 -0.89519 e
122.30910 17.77728 -0.94231 -0.15586 -0.29623 e
122.45650 65.38441 -0.85025 -0.19334 -0.48958 e
122.50672 57.33588 0.33444 -0.78861 -0.51599 e
124.23492 52.21634 0.66315 0.57517 0.47897 e
124.45933 51.99919 0.37143 0.23305 -0.89874 e
124.47817 22.29019 -0.14077 -0.58569 -0.79822 e
125.03374 52.39608 -0.01621 0.51520 -0.85692 e
125.67447 53.01368 0.32789 0.74128 0.58565 e
126.06050 65.44837 0.47694 -0.70327 -0.52721 e
126.18728 21.67277 -0.08910 0.05691 -0.99440 e
126.40721 73.59965 -0.91124 -0.06894 -0.40605 e
126.43409 79.50262 0.62581 0.77966 0.02232 e
126.99682 40.90612 0.49046 0.86660 -0.09192 e
127.08670 81.69725 -0.51016 -0.62925 -0.58633 e
127.26983 81.81797 -0.71017 0.60383 0.36201 e
127.51775 38.68451 0.30535 0.11990 -0.94466 e
127.58253 33.57680 0.06380 -0.08243 -0.99455 e
127.71367 74.00069 -0.53382 -0.57140 -0.62333 e
127.75716 60.87315 -0.76835 0.16361 -0.61877 e
128.75240 45.20103 -0.93420 -0.24931 -0.25517 e
129.99417 42.05961 0.05126 0.59974 -0.79855 e
130.50485 66.92667 -0.73896 -0.64941 -0.17946 e
130.83248 26.17958 0.82055 -0.23234 -0.52222 e
132.53043 74.27712 0.44135 0.87758 0.18724 e
132.75094 54.98200 0.29498 -0.37369 -0.87940 e
133.02674 32.17659 -0.38415 -0.72048 -0.57736 e
133.13508 64.49309 -0.40433 -0.81811 0.40892 e
133.49303 67.47586 -0.12333 0.68933 -0.71387 e
133.51399 61.95666 -0.39599 0.75748 -0.51906 e
133.80432 44.95121 0.49526 0.81650 -0.29673 e
133.92078 74.16401 -0.50204 -0.63562 -0.58646 e
134.59168 63.20340 -0.97978 -0.12362 0.15733 e
134.86110 45.83564 -0.05001 0.28474 -0.95730 e
135.17237 38.31698 -0.95365 -0.27286 0.12686 e
135.25344 66.62742 -0.98747 0.07221 -0.14035 e
135.52880 33.39047 0.42776 -0.20390 -0.88059 e
135.58506 63.36353 -0.57805 -0.55877 -0.59467 e
136.30555 79.67247 0.60485 0.68801 -0.40100 e
136.84491 81.76937 0.62984 0.52335 -0.57394 e
136.91523 25.02464 0.75505 -0.57714 -0.31113 e
138.03492 29.76368 0.09050 -0.28509 0.95422 e
138.16016 43.84925 -0.95153 0.30453 0.04306 e
138.37635 51.61494 0.08294 -0.02759 -0.99617 e
138.52437 35.95576 0.92610 -0.15498 -0.34397 e
138.60049 44.80972 0.09362 0.50664 -0.85706 e
138.68500 84.73656 0.42974 0.75807 0.49057 e
139.34656 48.17272 -0.22325 0.29131 -0.93021 e
139.88192 67.65217 0.96186 -0.03960 -0.27066 e
140.35601 58.74212 -0.32223 -0.74749 -0.58088 e
140.40336 53.04880 -0.39490 -0.75864 -0.51819 e
141.25750 52.15636 0.94882 0.27461 0.15597 e
141.70842 53.49772 -0.64667 0.56801 -0.50910 e
142.01292 16.85180 -0.70710 -0.59796 -0.37743 e
142.09633 22.17515 0.40592 -0.04832 -0.91263 e
142.48737 35.43662 0.14276 -0.79794 -0.58559 e
142.61665 25.07341 0.28289 0.95896 -0.01899 e
142.65946 27.74915 -0.54896 0.77158 0.32142 e
142.78901 64.93854 0.37286 0.87674 0.30382 e
143.21073 54.41037 -0.44757 0.88919 0.09502 e
143.63791 38.39173 0.92001 -0.05922 -0.38740 e
143.67239 42.09401 0.34055 -0.29791 0.89178 e
143.92985 44.67883 0.12555 -0.92429 -0.36046 e
144.24439 82.82035 0.00435 -0.85583 -0.51725 e
144.79778 67.69120 0.05687 0.81514 0.57646 e
144.83415 35.64474 0.00641 -0.55208 -0.83376 e
144.99337 61.28436 0.43657 0.32496 0.83893 e
145.29239 59.55351 0.08048 -0.28824 -0.95417 e
147.18098 24.41508 0.14180 -0.97540 -0.16881 e
147.37378 47.75938 0.58777 0.58397 0.55991 e
147.74515 79.53427 0.29708 0.14667 -0.94352 e
148.23331 46.14234 -0.46122 -0.59366 -0.65943 e
148.88891 44.51198 -0.63010 -0.77516 0.04580 e
149.19602 66.70026 -0.82043 0.57070 -0.03476 e
149.23461 63.31832 -0.25165 -0.49303 -0.83282 e
150.32676 57.20706 -0.78520 -0.26224 0.56097 e
150.51174 31.55091 0.79935 0.29703 0.52231 e
151.36599 33.71272 0.13181 0.94588 0.29653 e
152.53295 70.69562 0.25198 -0.54340 -0.80077 e
153.14114 56.19191 -0.41253 0.54450 -0.73030 e
153.18069 74.44183 -0.33656 0.91486 -0.22305 e
153.95667 82.87485 -0.63745 0.70890 0.30188 e
155.08766 35.30765 -0.42284 0.80678 0.41269 e
155.77520 54.53329 -0.65836 -0.14683 -0.73824 e
155.84338 64.18108 -0.47041 -0.45156 -0.75816 e
156.19030 66.77527 -0.12552 0.27626 -0.95285 e
156.53769 51.71854 -0.12073 -0.36197 -0.92434 e
156.61036 22.67920 0.76016 0.59471 0.26168 e
156.79442 65.41680 0.98539 -0.12025 0.12058 e
157.25781 41.51243 0.34628 -0.28577 -0.89355 e
158.44034 45.21534 -0.87335 0.46753 0.13666 e
158.72300 40.76940 -0.44306 -0.69338 -0.56827 e
158.75288 27.83141 -0.16370 0.09035 -0.98236 e
158.94964 28.57303 -0.59779 0.60837 -0.52204 e
159.58416 22.59506 -0.54378 0.65573 -0.52377 e
160.50289 31.64883 -0.09613 0.73199 -0.67450 e
160.83368 74.81896 -0.74312 0.66471 -0.07700 e
161.30317 37.84297 0.66230 -0.71499 0.22392 e
161.30703 25.32015 0.33427 0.59170 0.73359 e
161.41338 38.06304 -0.68523 0.68633 -0.24373 e
161.42315 70.57246 -0.86336 -0.45030 0.22767 e
163.54630 53.86552 0.07782 -0.65266 -0.75364 e
164.05023 27.35472 0.86722 -0.49782 0.01040 e
164.19211 31.69670 -0.38990 0.73925 -0.54908 e
165.93221 80.13712 -0.48754 0.68046 -0.54707 e
166.03386 72.81645 0.98535 -0.17017 0.01155 e
166.12238 58.34055 -0.12012 -0.68163 -0.72177 e
167.29347 71.60485 0.15501 0.32504 -0.93291 e
167.57232 33.81649 -0.49464 -0.84246 0.21350 e
168.29346 51.10707 -0.46832 0.87123 -0.14710 e
169.59324 82.94941 -0.07879 -0.06068 -0.99504 e
170.00683 42.35480 0.60089 -0.34048 -0.72319 e
170.13174 57.24307 -0.07119 0.10506 -0.99191 e
170.59112 67.37161 -0.90089 0.14576 -0.40883 e
171.10759 76.81776 -0.61264 0.78985 0.02853 e
171.45217 76.86295 -0.41291 0.81608 -0.40437 e
171.48627 31.90123 -0.37305 -0.88560 -0.27666 e
171.51628 75.48547 -0.94569 -0.27676 -0.17053 e
171.90855 20.29901 -0.60434 -0.70750 0.36635 e
172.42181 14.48856 0.84238 0.48658 -0.23158 e
172.93424 37.76159 -0.96958 0.09031 0.22749 e
173.09110 65.22582 -0.18671 0.01303 -0.98233 e
173.39673 55.67365 0.95999 0.20186 -0.19407 e
173.49143 73.18935 0.99374 -0.06436 -0.09136 e
173.91097 67.19608 0.20812 0.25803 -0.94346 e
173.95317 50.40123 -0.56262 0.51559 0.64624 e
174.43384 53.59261 0.52042 0.81687 -0.24877 e
175.15594 37.77188 0.81211 -0.27726 -0.51343 e
175.54314 78.51651 -0.31089 -0.93588 -0.16574 e
176.28554 35.25514 -0.79644 -0.45162 0.40215 e
176.46574 21.64140 0.30530 -0.50568 -0.80689 e
176.81568 59.78349 0.34589 -0.93802 -0.02194 e
178.01590 51.34639 -0.78501 0.57388 0.23328 e
179.09682 19.89424 0.48253 0.51804 0.70626 e
179.28294 47.48220 -0.21211 -0.13210 -0.96828 e
179.58205 29.87791 -0.74092 -0.38048 0.55341 e
179.86562 66.65624 0.65062 -0.69459 0.30700 e
180.29861 31.12219 -0.05981 -0.39515 -0.91667 e
182.17723 63.72168 -0.05568 -0.48951 -0.87022 e
182.65199 50.62915 -0.18003 0.17327 -0.96828 e
182.97038 42.23773 -0.19837 0.20468 -0.95852 e
183.09092 37.28977 0.50857 -0.25440 -0.82258 e
183.15128 41.74339 0.06260 -0.44218 0.89474 e
183.98668 64.49970 -0.96163 -0.26713 -0.06250 e
184.37075 43.55813 0.48917 0.04006 -0.87127 e
185.34754 32.94753 0.57156 -0.81654 0.08115 e
185.94009 62.40191 0.27169 0.76039 -0.58990 e
186.11105 71.97000 -0.52588 0.41648 -0.74162 e
186.62107 38.78792 -0.68613 -0.69231 0.22345 e
187.14425 31.41150 -0.95534 0.27021 0.11964 e
187.15323 56.95589 0.13578 0.94076 -0.31069 e
187.15849 69.98017 -0.94952 -0.23359 -0.20941 e
188.79538 28.48393 -0.37779 0.45064 -0.80882 e
189.43245 52.58742 -0.07922 0.46176 -0.88346 e
189.45993 55.92138 -0.12849 -0.34747 -0.92885 e
189.57797 58.14699 0.66305 -0.40499 -0.62956 e
189.77627 39.17225 -0.52323 -0.68336 -0.50916 e
190.31720 76.79061 0.57286 0.05817 -0.81759 e
190.57667 43.04139 0.87124 0.08772 -0.48296 e
190.93459 37.10187 -0.27592 -0.13343 -0.95187 e
191.12546 28.14669 -0.77296 -0.25711 0.58002 e
191.12878 26.86497 -0.10520 -0.20732 -0.97260 e
192.73014 80.97448 0.81949 0.55672 0.13599 e
192.79962 14.50525 -0.59717 -0.48557 -0.63845 e
193.09940 57.30046 0.95161 0.09194 -0.29323 e
193.22965 62.43145 -0.43470 -0.08369 -0.89668 e
193.43851 67.04486 0.11450 0.95814 0.26243 e
193.48408 67.97297 -0.32707 0.52943 -0.78277 e
193.87006 36.23378 0.05085 -0.70084 -0.71150 e
194.02039 32.06980 -0.59404 0.15416 0.78952 e
194.46193 40.39924 -0.42310 0.41091 -0.80755 e
194.97108 46.92390 -0.50324 0.73826 -0.44914 e
195.76520 28.64515 0.84913 0.45955 0.26038 e
197.84820 28.45826 -0.03695 -0.60915 -0.79220 e
198.10042 66.99853 0.58706 -0.71512 -0.37943 e
199.18300 43.45678 -0.63775 -0.77015 0.01191 e
199.20435 35.19461 0.61650 -0.48473 -0.62045 e
200.71529 30.88778 0.25432 0.73582 0.62761 e
201.62245 52.51914 -0.63758 -0.76973 -0.03184 e
202.05604 40.82848 -0.32832 -0.06593 -0.94226 e
202.61149 29.23126 0.02890 -0.97192 0.23352 e
202.80062 39.67291 -0.77653 -0.53765 -0.32852 e
203.31516 50.28861 0.24559 -0.28135 -0.92765 e
203.71808 48.22730 0.93841 0.15741 0.30759 e
204.75841 64.99418 -0.66983 0.38450 -0.63521 e
205.05485 29.10782 0.44208 0.21795 -0.87009 e
206.03011 68.19517 -0.93513 -0.35043 0.05216 e
206.55122 52.59158 -0.78012 -0.25456 0.57150 e
206.57964 34.06960 0.90017 -0.38875 -0.19638 e
206.63902 37.18926 0.77387 0.48313 -0.40952 e
207.18235 33.80385 0.44491 0.40966 -0.79639 e
207.69075 79.65831 0.32760 0.93860 -0.10825 e
207.98214 11.24259 -0.96275 -0.06140 0.26332 e
209.36399 43.81414 0.46952 0.62541 -0.62323 e
209.85729 74.87723 0.63475 0.76431 -0.11371 e
209.91167 42.17294 -0.50863 -0.51986 -0.68633 e
211.56748 46.36527 0.28757 -0.42969 -0.85596 e
212.04935 51.26654 0.59972 0.76965 0.21903 e
212.22063 24.74322 0.52671 -0.31149 0.79092 e
213.55463 79.10173 0.08759 -0.84492 0.52767 e
213.67511 51.39340 -0.73858 0.39878 -0.54357 e
213.69445 60.27925 0.52016 0.80878 -0.27442 e
214.55415 29.52236 0.62694 0.01967 -0.77882 e
214.78046 22.36091 0.83501 -0.44584 -0.32247 e
214.89313 16.98295 0.15646 -0.20569 -0.96603 e
215.56538 50.03780 -0.61706 -0.62910 -0.47273 e
215.87601 55.40470 0.58231 -0.35689 -0.73044 e
216.47661 73.94698 -0.47041 0.66802 0.57659 e
217.41863 9.24240 0.06329 -0.99013 0.12509 e
217.51101 30.72582 0.34356 -0.25840 -0.90288 e
217.62700 69.03103 -0.86286 0.22792 -0.45114 e
217.70667 54.40677 -0.51139 -0.61144 0.60384 e
217.93312 37.15687 0.12191 0.90353 -0.41083 e
218.18874 73.66018 -0.42120 -0.12605 -0.89817 e
218.50236 67.92821 0.45290 0.19533 -0.86990 e
218.75790 54.13829 0.66226 0.29588 -0.68838 e
220.04585 27.29667 0.95014 0.21678 -0.22416 e
220.38831 37.42245 -0.48263 0.31621 -0.81675 e
220.61775 34.97334 0.78480 0.04404 0.61818 e
221.58014 38.94763 -0.49037 -0.82840 -0.27071 e
221.80196 80.37356 0.68281 0.23234 -0.69267 e
221.93392 72.63676 -0.19823 -0.94113 -0.27382 e
222.32894 80.94633 0.47954 0.13093 -0.86770 e
223.20243 75.14528 -0.92000 -0.06961 -0.38568 e
223.43797 38.90008 -0.50749 -0.78769 0.34928 e
223.46037 45.56458 0.86155 -0.49383 -0.11777 e
223.97050 45.03885 0.66300 -0.20115 0.72109 e
224.71236 33.48526 -0.36557 -0.93078 -0.00126 e
225.20273 34.41946 -0.29281 0.46431 -0.83587 e
225.42059 28.35273 0.44802 -0.82490 -0.34471 e
225.92278 64.85078 0.54671 0.56107 -0.62154 e
226.20485 67.08254 -0.90456 0.41426 -0.10083 e
226.55016 46.45766 0.03121 -0.49058 -0.87084 e
227.32930 53.43102 0.02492 0.02634 -0.99934 e
228.13204 18.86091 -0.91484 -0.21692 -0.34062 e
228.58412 58.04224 -0.73417 -0.49312 -0.46672 e
228.63011 51.36311 -0.78171 0.15924 -0.60297 e
229.07742 64.24648 -0.48152 0.56959 -0.66611 e
229.65911 12.65404 -0.55191 -0.47314 0.68669 e
230.34402 24.37317 0.55840 -0.78490 -0.26857 e
230.41086 42.17368 0.82394 0.07372 -0.56186 e
230.64025 30.38464 -0.00446 0.98960 -0.14374 e
231.53349 31.29380 0.66638 -0.74554 0.01016 e
231.63529 40.98736 -0.16061 -0.32629 0.93152 e
232.80611 29.87203 0.47275 -0.35249 -0.80762 e
233.36602 51.74857 -0.18807 0.05304 -0.98072 e
233.49673 68.48159 0.53865 0.01816 -0.84233 e
233.86190 60.64499 -0.00520 0.38088 -0.92461 e
233.97321 70.20790 0.50723 0.21860 -0.83362 e
233.98082 62.20161 0.94925 0.29973 -0.09534 e
234.42045 61.16338 0.96719 0.23684 -0.09197 e
235.26249 22.08705 -0.21851 0.30210 0.92790 e
235.30399 62.92141 -0.77538 0.51158 -0.37023 e
237.31409 24.22282 -0.85029 -0.05793 -0.52312 e
237.59583 40.41190 0.59913 -0.66580 -0.44469 e
237.72595 45.69520 0.12835 -0.84479 -0.51948 e
238.46959 42.12947 -0.99623 0.05100 -0.07011 e
238.85230 50.13377 -0.42968 0.07714 0.89968 e
239.46775 25.27344 -0.45610 -0.79406 0.40178 e
239.65144 23.39454 0.90340 0.41927 0.08990 e
239.67526 62.50039 0.13927 0.05723 -0.98860 e
239.81478 59.11349 -0.03499 0.18041 -0.98297 e
240.14798 30.15038 -0.86686 0.43332 0.24656 e
240.71403 77.67330 -0.76812 0.62631 -0.13314 e
240.96553 80.27646 -0.42765 0.60363 -0.67287 e
241.56085 52.08893 -0.70692 0.67816 -0.20091 e
242.04642 43.19039 -0.53814 -0.37869 -0.75299 e
242.34724 52.76087 0.50988 0.75118 -0.41924 e
242.80393 32.21441 -0.37631 0.08856 -0.92225 e
242.91545 41.41238 -0.96761 -0.22799 0.10837 e
244.36793 30.30793 0.07153 -0.48581 -0.87113 e
244.42252 29.35894 0.16338 -0.12190 -0.97900 e
245.22813 39.62594 0.27156 0.18964 -0.94355 e
245.56566 39.82262 0.63695 -0.53970 -0.55047 e
245.76230 62.76463 0.52085 0.14826 -0.84067 e
246.13105 26.65239 0.32525 -0.78027 -0.53423 e
246.21174 37.44012 0.82493 -0.40952 -0.38959 e
246.35474 18.82693 0.03185 -0.96972 0.24215 e
247.81836 62.49336 0.85134 0.26694 0.45163 e
247.93288 42.39198 0.26649 -0.91452 0.30435 e
248.28447 43.08735 -0.88498 0.04909 -0.46304 e
249.01957 81.91251 -0.29600 -0.95135 0.08552 e
250.05333 54.36287 0.92401 -0.18848 0.33268 e
250.27797 40.02218 -0.14956 0.82796 -0.54048 e
252.56671 81.02990 -0.46257 0.59713 -0.65533 e
252.61925 42.08593 0.45980 -0.00201 -0.88802 e
253.46048 54.76251 -0.86994 0.25554 -0.42178 e
254.00393 21.43862 0.06742 0.27054 0.96034 e
254.31275 50.63972 0.98210 0.14090 -0.12503 e
254.69724 54.23021 0.36391 0.72845 -0.58045 e
254.75433 41.70708 0.32450 -0.92196 -0.21142 e
255.54251 21.38397 0.63999 0.37559 0.67033 e
255.88156 49.82159 -0.51424 -0.28980 -0.80720 e
256.37702 54.38107 -0.76197 0.46588 -0.44984 e
257.39907 45.12521 0.05968 0.93673 -0.34493 e
257.56261 28.90052 -0.94831 0.30637 0.08274 e
258.70551 70.28093 0.29349 -0.65273 -0.69844 e
259.57975 82.52281 -0.79301 -0.53173 0.29733 e
259.89608 32.89228 0.70506 0.11881 -0.69912 e
260.11994 81.47235 0.56829 -0.56277 0.60028 e
260.21408 52.13785 0.54800 -0.57426 -0.60821 e
260.59445 30.29783 0.71392 -0.69832 0.05168 e
261.75181 44.93042 -0.50234 -0.70905 0.49487 e
261.78778 20.75340 0.70948 -0.61334 0.34707 e
262.20393 77.20632 0.18565 -0.51245 -0.83841 e
263.41796 44.17233 0.92807 0.37002 -0.04198 e
264.36440 68.18772 0.92135 -0.08224 -0.37993 e
264.61335 81.65529 -0.68462 0.07986 -0.72451 e
264.75939 55.22963 0.52923 -0.51712 -0.67268 e
265.08144 52.96747 0.03053 0.99710 0.06975 e
265.37379 76.96291 0.82727 -0.52902 -0.18911 e
266.06511 56.00756 -0.58249 -0.01008 -0.81278 e
266.86293 63.31000 -0.16347 -0.43161 -0.88712 e
267.22821 42.50789 0.12725 -0.88127 -0.45516 e
267.23085 74.15902 0.02415 -0.67755 -0.73508 e
268.26846 45.24294 -0.43277 -0.71177 -0.55326 e
268.96105 45.73000 0.63517 0.51393 0.57656 e
269.54084 46.63168 -0.29811 -0.60202 0.74075 e
269.58622 57.69128 -0.28590 0.95604 -0.06523 e
271.26751 38.07497 0.16736 0.75137 -0.63831 e
271.35876 42.56891 -0.19728 0.93994 -0.27857 e
271.80598 36.83391 0.43523 -0.52323 -0.73267 e
272.78474 23.19851 -0.56872 0.80240 0.18084 e
272.82661 32.52037 0.74351 -0.60503 0.28484 e
272.86175 32.35424 -0.25080 0.95437 0.16210 e
274.27891 60.38229 -0.38634 -0.35764 -0.85019 e
274.29031 63.90888 0.93247 -0.06758 0.35486 e
275.25089 72.31407 -0.98764 -0.03318 -0.15321 e
276.60067 60.45686 0.64841 -0.57076 0.50378 e
277.02645 62.39825 0.53911 -0.81965 -0.19375 e
277.23890 74.37015 -0.09431 0.77838 0.62067 e
277.74739 57.66855 -0.96077 -0.26828 0.07031 e
278.25353 37.03097 -0.22967 -0.56212 -0.79453 e
278.36319 29.22905 0.88389 -0.10367 0.45607 e
278.42965 29.84797 -0.75964 0.55601 0.33735 e
279.57652 54.63421 -0.95221 0.24583 0.18129 e
281.55799 57.68395 0.45199 0.86480 0.21867 e
282.05189 59.36382 0.29405 -0.36295 -0.88420 e
282.47949 25.54814 0.89061 0.27074 0.36540 e
282.72654 19.19966 0.96194 0.25703 0.09283 e
283.60444 23.97374 0.90195 -0.08388 0.42362 e
284.49830 67.58186 0.96217 0.27079 0.02984 e
284.97737 31.47362 0.94378 -0.12277 -0.30693 e
285.58445 38.00910 0.83954 -0.51144 -0.18331 e
285.80016 29.07901 -0.11758 -0.46957 -0.87503 e
286.68012 60.38139 -0.23023 0.93137 0.28202 e
287.42762 64.08336 0.34169 0.23584 -0.90974 e
288.75207 61.16488 -0.72727 -0.08861 -0.68061 e
288.78851 27.08298 0.92533 0.02335 0.37844 e
289.45519 78.76698 -0.93363 0.35778 0.01836 e
289.57817 38.61584 -0.42723 0.72371 -0.54195 e
289.68712 55.20090 -0.42247 0.11430 -0.89914 e
291.71345 77.30047 -0.12790 -0.98929 -0.07031 e
293.09183 48.13014 -0.23366 -0.20521 0.95042 e
294.07380 46.18372 -0.00533 0.91222 -0.40967 e
294.28689 66.80266 -0.11089 0.15253 -0.98206 e
294.63250 69.07826 0.28468 0.70591 -0.64857 e
294.63365 59.84296 0.29079 0.61837 -0.73011 e
295.10392 42.32392 0.48942 0.59018 -0.64200 e
295.20186 83.24064 -0.30714 0.94951 -0.06399 e
295.25304 65.67843 0.75973 0.51513 -0.39679 e
295.47298 39.32326 -0.80634 -0.58210 -0.10479 e
295.98066 84.58256 0.98860 0.10924 -0.10363 e
296.16837 67.45300 -0.71563 -0.13417 -0.68547 e
296.23775 40.58218 0.32327 -0.84841 0.41916 e
296.46133 25.48352 -0.70583 -0.30334 0.64015 e
297.80881 21.29780 0.29564 -0.69739 0.65287 e
297.81163 42.78287 0.93111 0.36080 -0.05345 e
297.82937 40.84233 0.40780 0.46712 -0.78454 e
297.98236 66.55962 0.06480 -0.32293 -0.94420 e
298.05371 42.46783 -0.12481 0.16060 -0.97910 e
299.74014 46.23202 0.50659 -0.62605 -0.59281 e
300.43005 71.61720 0.41699 -0.63530 -0.65001 e
301.20211 43.70145 0.41458 -0.19223 -0.88948 e
302.30287 45.78916 0.74400 -0.66279 -0.08466 e
302.45594 36.51196 0.16319 -0.69601 -0.69924 e
302.71769 34.20027 0.96520 0.17453 0.19474 e
303.51923 61.25271 0.07706 0.86872 -0.48927 e
304.73020 21.34995 -0.19877 0.07216 0.97739 e
305.85918 36.96280 0.58640 -0.78489 0.20018 e
307.02117 69.74796 -0.96368 -0.13546 -0.23016 e
307.68029 17.67797 -0.45775 -0.36065 0.81265 e
307.89901 12.36839 0.52006 0.39043 -0.75968 e
308.00556 21.29323 -0.23186 0.54008 -0.80905 e
308.78656 39.89326 -0.12879 -0.82860 0.54482 e
309.13054 63.75436 0.07667 0.40333 0.91184 e
309.29603 68.21468 0.78255 0.04288 -0.62111 e
309.44901 29.88018 0.01650 -0.76664 0.64186 e
309.69786 31.27250 -0.29952 0.69617 0.65240 e
309.71496 26.81547 -0.65092 0.04917 -0.75755 e
310.08319 21.52634 0.41163 -0.57774 -0.70482 e
310.32509 35.58328 0.43118 0.80802 -0.40147 e
311.02611 61.33196 0.09084 0.98589 -0.14058 e
311.09120 61.46492 0.74320 -0.64026 -0.19423 e
311.36558 50.92564 -0.13716 -0.66473 -0.73439 e
311.51599 63.50166 0.68450 -0.43310 -0.58641 e
311.85009 37.86687 0.71136 -0.65858 -0.24545 e
313.12759 28.93291 0.48724 -0.30004 -0.82010 e
313.88254 39.52634 -0.53461 0.80562 -0.25527 e
313.90655 75.60159 0.31578 0.93740 0.14684 e
315.06424 51.89525 -0.89076 -0.01728 -0.45414 e
315.34682 58.77653 0.09361 0.32181 -0.94216 e
315.57205 48.86657 0.86848 -0.01382 -0.49553 e
316.63826 70.11662 -0.21624 -0.96431 -0.15278 e
316.67506 31.40666 -0.58553 0.12146 0.80150 e
316.80117 56.03557 -0.80349 0.59132 0.06884 e
317.40328 48.70109 -0.90925 -0.33281 0.25001 e
319.65426 46.49130 0.77078 0.36673 -0.52097 e
319.68070 39.84652 0.77745 -0.40779 -0.47883 e
320.23315 25.17189 -0.77681 -0.35294 -0.52154 e
320.53729 51.89153 0.36676 -0.83983 -0.40021 e
320.63735 63.08575 -0.17054 0.11963 -0.97806 e
320.82169 31.27602 0.53481 0.24800 -0.80776 e
320.82885 67.05057 -0.96110 0.10551 -0.25525 e
322.34283 28.78649 -0.90455 0.41463 0.09937 e
322.66888 81.12425 0.79597 0.58966 0.13688 e
322.81935 29.49862 0.00395 0.95603 -0.29326 e
323.20645 19.76255 -0.25414 0.93424 -0.25022 e
324.33349 68.98516 -0.43894 0.50113 -0.74579 e
325.17931 16.13072 -0.28532 -0.11883 -0.95104 e
325.57028 24.70615 0.67596 -0.40897 -0.61304 e
325.76840 45.30776 0.61478 0.78434 -0.08279 e
326.01218 48.59884 0.99757 0.03533 0.05997 e
326.95238 55.35538 -0.62337 -0.62782 -0.46611 e
327.35895 25.55460 0.21375 0.89553 0.39030 e
327.60268 36.36621 -0.62743 0.31799 0.71079 e
327.67692 78.16647 -0.15079 -0.25010 -0.95641 e
328.85027 40.37144 -0.26152 0.78760 -0.55793 e
328.86930 78.61245 -0.87946 0.47393 0.04403 e
330.79130 55.54099 -0.40003 0.90264 -0.15879 e
331.11428 46.33184 0.55622 0.55032 0.62270 e
333.18123 22.40499 -0.19702 -0.88118 -0.42978 e
335.20246 56.12502 0.02081 -0.11991 -0.99257 e
335.46737 77.04897 0.76720 0.25776 -0.58733 e
335.91911 63.19802 -0.86475 -0.46150 0.19807 e
335.99072 34.30950 -0.63342 -0.52947 -0.56431 e
336.04667 46.29714 0.94028 -0.01803 -0.33991 e
336.22813 79.23128 0.14740 0.97643 0.15766 e
337.38520 42.65857 -0.01414 -0.86132 0.50786 e
337.90191 23.86134 -0.61944 -0.73172 -0.28440 e
337.99622 42.60361 0.00227 0.45470 -0.89064 e
338.05309 81.19497 -0.24545 -0.38559 -0.88943 e
338.06552 82.93013 0.46167 0.67756 -0.57252 e
338.39556 59.88470 0.13085 0.52068 -0.84366 e
338.75360 30.49633 -0.19807 0.21461 -0.95641 e
338.94983 79.27748 -0.18157 0.94650 -0.26679 e
339.62805 20.45109 0.71269 -0.30412 -0.63213 e
339.67828 27.60214 -0.23571 -0.57266 0.78518 e
340.16430 40.61906 -0.64793 -0.48993 -0.58323 e
340.87628 46.90446 0.75050 -0.20114 0.62952 e
341.01193 55.86601 -0.94912 -0.24789 0.19421 e
341.23635 63.96016 0.15864 -0.88788 -0.43187 e
341.69213 32.48417 0.23948 -0.88983 -0.38839 e
343.33598 49.42284 0.62572 0.67964 0.38283 e
344.37682 56.91466 0.38022 0.61129 -0.69408 e
344.41434 29.73693 -0.12964 -0.95675 -0.26043 e
344.52373 47.93805 0.38380 -0.24792 -0.88951 e
345.12735 54.42647 -0.57973 0.24003 -0.77865 e
345.49596 76.87923 -0.72510 -0.22692 -0.65019 e
345.90570 41.95232 -0.78855 -0.30423 -0.53445 e
346.25404 17.67633 -0.20408 0.10210 -0.97361 e
346.65707 51.72234 -0.61887 0.20783 -0.75750 e
348.13877 76.30122 0.38296 0.45213 -0.80555 e
348.62877 84.16991 -0.19867 -0.55120 -0.81037 e
349.00960 10.58636 -0.86187 -0.50206 0.07155 e
349.69844 72.21304 0.87597 -0.03785 -0.48089 e
349.80167 14.60730 0.71732 -0.46876 0.51548 e
350.53024 46.71250 -0.53993 0.15760 -0.82682 e
351.99713 69.14241 0.55354 0.56901 0.60813 e
353.25255 73.20128 0.64584 -0.02994 -0.76288 e
353.75483 36.14537 0.26631 0.39655 -0.87854 e
354.92630 61.07532 0.43033 0.15153 -0.88986 e
354.96579 47.07063 0.46751 -0.39966 -0.78848 e
355.58020 30.70575 -0.08470 -0.45413 -0.88690 e
357.11550 73.77987 0.10258 -0.23266 -0.96713 e
357.32357 44.05047 -0.64330 0.66171 -0.38510 e
357.75264 35.73875 -0.76808 -0.59842 0.22789 e
358.86118 17.35769 0.44913 0.81951 -0.35592 e
359.04465 51.39636 0.59031 -0.10875 -0.79982 e
366.89942 10.64678 0.87306 -0.06713 0.48297 e
367.69499 34.93422 0.51721 0.82054 -0.24334 e
368.25672 43.14605 -0.31958 0.28779 -0.90280 e
370.39515 44.64714 -0.15237 -0.49634 -0.85465 e
371.22119 61.76225 0.03276 0.00722 -0.99944 e
371.95320 57.01625 -0.20221 -0.17562 -0.96347 e
372.61286 21.26359 -0.82159 0.22278 -0.52475 e
373.78016 70.64824 0.42034 -0.18010 -0.88931 e
377.72559 47.65509 0.50126 0.85565 0.12884 e
379.57696 20.67162 0.57139 -0.67666 -0.46437 e
381.24872 49.63987 -0.52369 0.23634 -0.81847 e
381.36661 47.14788 -0.31931 0.89563 0.30965 e
381.83529 32.89732 0.56640 0.25824 -0.78263 e
382.04681 75.28182 -0.18665 -0.82481 -0.53371 e
384.41903 39.99712 0.16305 -0.72918 -0.66461 e
385.36172 48.57948 -0.63698 -0.13546 -0.75889 e
387.60811 47.42286 0.81729 -0.24159 0.52314 e
392.62572 31.18236 0.77780 -0.21278 -0.59140 e
396.00058 23.84269 0.07839 0.33312 -0.93962 e
397.45549 47.77474 0.90501 -0.00643 -0.42534 e
400.95420 71.02170 0.10521 -0.97068 0.21612 e
418.55001 70.99567 0.75525 -0.62058 -0.21088 e
425.53130 56.87991 0.48959 0.68184 -0.54351 e
441.14508 33.66896 -0.33569 0.90561 -0.25919 e
441.28278 18.01343 -0.15510 -0.98272 -0.10097 e
441.51715 38.52492 0.26267 -0.82072 -0.50737 e
455.16143 29.76985 0.36916 0.55226 -0.74748 e
493.86047 15.77619 0.03576 -0.21377 0.97623 e
515.74224 36.92561 0.10828 -0.75975 -0.64113 e
522.49139 29.35323 0.24280 0.24342 0.93904 e
534.22718 26.28909 0.79074 -0.51393 -0.33258 e
549.68375 25.36945 -0.01585 0.33688 0.94141 e
560.52967 14.53568 -0.60160 -0.76394 0.23339 e
574.30454 26.72683 -0.43296 0.85297 0.29151 e
581.32640 46.96248 0.98540 -0.15762 -0.06439 e
596.11533 21.61632 0.10059 0.69724 -0.70975 e
616.22638 25.77398 0.52514 -0.82694 -0.20100 e
650.73436 13.87982 0.75543 0.27409 -0.59515 e
741.81127 17.98688 -0.70788 -0.09766 -0.69955 e
751.74477 32.77452 -0.54906 -0.66436 -0.50711 e
759.32923 24.44832 0.65182 -0.57871 -0.49014 e
800.39437 35.62372 0.20138 -0.85227 -0.48279 e
802.20990 13.90375 0.46254 0.81549 -0.34790 e
802.91661 19.52448 -0.19002 -0.96319 -0.19016 e
813.29907 18.29916 -0.74468 0.39258 0.53975 e
865.68909 34.53167 -0.97406 -0.18996 -0.12297 e
910.18632 24.73142 -0.27923 0.41899 0.86399 e
939.03165 21.25207 -0.51184 -0.75251 -0.41443 e
952.26074 18.21334 -0.99214 -0.09377 -0.08287 e
988.20756 36.56350 0.81709 0.57263 -0.06676 e
1000.96947 22.24767 -0.49501 0.56098 -0.66353 e
1009.14503 19.17625 -0.16036 -0.46229 0.87211 e
1022.90137 21.23207 -0.85751 0.25927 0.44437 e
1043.87654 23.07471 -0.17258 0.94386 0.28169 e
1055.01041 13.28225 -0.07590 0.20441 0.97594 e
1109.17987 12.39483 -0.28560 -0.81532 0.50367 e
1111.66213 34.75370 0.43192 -0.30573 -0.84851 e
1203.72126 21.47519 -0.78499 -0.59491 0.17286 e
1209.18357 12.83362 0.07872 -0.10819 -0.99101 e
1233.64051 24.59769 -0.08524 0.46400 0.88173 e
1293.45400 21.21259 0.49310 0.76945 0.40595 e
1459.52481 17.01919 0.99808 -0.04094 0.04647 e
1479.69128 17.85104 0.74386 0.63878 -0.19654 e
1514.89503 26.03846 0.69783 -0.71366 0.06109 e
1519.99744 12.98832 -0.99329 -0.02610 0.11271 e
1527.07105 47.73095 0.87245 -0.47785 0.10244 e
1549.60248 35.28712 -0.24990 0.39340 -0.88475 e
1660.60343 28.17227 -0.84971 0.27689 -0.44869 e
1664.88049 13.75450 -0.45067 0.54223 -0.70914 e
1773.79105 16.43991 0.30804 -0.95132 0.01007 e
1826.31944 34.44191 0.01931 0.01069 -0.99976 e
1859.12314 18.94354 0.25786 0.93276 -0.25194 e
1881.33354 24.53577 -0.85001 -0.27366 -0.45010 e
1885.53711 31.90622 0.10084 0.83558 0.54004 e
1903.50454 9.33318 0.50602 0.35650 -0.78540 e
1942.17162 23.91419 0.56360 -0.75034 -0.34547 e
1958.02863 23.68861 -0.39141 -0.55717 -0.73237 e
1971.76381 27.18968 -0.50476 -0.04563 -0.86206 e
2014.59726 15.03014 -0.50269 -0.18577 0.84427 e
2097.51010 21.64845 0.65407 -0.08846 0.75124 e
2145.82084 17.84026 0.39324 0.77814 -0.48975 e
2412.74643 23.58356 0.31233 0.39580 0.86359 e
2415.53458 28.81588 0.74417 -0.56983 -0.34858 e
2455.80903 21.61536 -0.96768 -0.14086 0.20917 e
2528.90372 21.90229 -0.28275 -0.76976 -0.57230 e
2543.49100 28.78348 0.45171 0.88093 -0.14112 e
2585.36741 34.25632 0.44773 0.17049 0.87776 e
2930.66149 11.16494 -0.64724 -0.29065 0.70470 e
3256.30824 14.00362 -0.32748 -0.65939 -0.67673 e
3316.66064 21.00741 -0.60530 -0.13394 -0.78465 e
3317.17510 42.40102 0.59603 0.13282 -0.79190 e
3409.38594 24.95964 -0.35684 0.13318 -0.92462 e
3613.95544 24.81272 -0.06086 -0.72720 -0.68372 e
3657.30128 14.55934 0.19719 0.38207 0.90285 e
3827.71231 21.54315 0.69615 -0.59537 0.40113 e
3947.09887 17.98121 0.91053 0.35467 -0.21248 e
4076.25279 20.34951 0.34176 -0.76212 0.54988 e
4525.91995 27.12704 0.49655 -0.28832 0.81872 e
4937.36345 24.08480 -0.14596 0.75090 -0.64409 e
4938.98539 48.57834 0.43064 -0.08662 -0.89836 e
4950.29262 29.71989 -0.13094 -0.28630 -0.94915 e
4997.36268 42.47837 -0.02230 -0.03413 -0.99917 e
5299.37827 12.14306 -0.85060 0.49460 0.17850 e
5682.97272 25.07736 0.58281 0.72488 -0.36726 e
6199.93973 25.03248 0.33888 0.39731 -0.85282 e
6419.02052 33.39028 0.41183 0.89479 -0.17249 e
6524.32929 19.29237 0.98789 -0.12210 -0.09572 e
7164.90610 22.26822 0.97600 -0.03769 0.21448 e
7401.55513 10.34625 0.75169 0.64881 -0.11832 e
7836.90451 46.81415 -0.79706 -0.60309 0.03114 e
7933.85744 17.36163 -0.19620 0.57914 0.79127 e
8961.46664 77.81135 0.31143 0.94252 0.12113 e
11857.20848 4.64399 -0.18053 0.68998 -0.70095 e
14313.78419 17.55502 0.29065 -0.70364 -0.64839 e
15499.52416 22.09831 -0.48080 0.41970 0.76986 e
19057.01329 15.91246 -0.11216 -0.99271 -0.04414 e
