17.73397 41.24519 -0.41265 -0.17607 -0.89371 e
18.13681 39.96650 -0.14243 0.07489 -0.98697 e
18.45988 59.87730 0.57106 -0.80559 -0.15784 e
18.66270 59.40960 0.99360 -0.06842 0.08991 e
18.71347 74.00018 -0.89786 0.38645 -0.21096 e
19.06438 80.53226 -0.24866 0.09608 -0.96381 e
19.28266 68.17334 0.24496 -0.94241 0.22771 e
19.56087 22.40744 -0.83914 -0.41705 0.34915 e
19.66886 81.82888 0.43200 -0.86922 -0.24049 e
19.79957 47.74439 -0.36087 0.91560 -0.17735 e
20.16182 39.61712 0.29781 -0.33011 -0.89573 e
20.17785 68.09041 0.65171 -0.51975 -0.55238 e
21.03025 62.71732 0.84567 -0.01718 -0.53343 e
21.04020 66.24479 -0.68989 0.67201 -0.26918 e
21.10913 38.25724 0.21074 -0.94087 0.26523 e
21.14366 80.45787 0.97694 0.06432 -0.20361 e
21.31586 76.00889 0.19096 -0.97957 -0.06298 e
21.61101 43.04049 -0.20585 0.30497 0.92985 e
21.70734 48.02918 -0.91331 -0.30467 -0.27025 e
21.79014 78.30677 -0.77526 0.13738 0.61652 e
21.81391 51.65657 0.55928 -0.15465 -0.81443 e
21.86724 27.97710 0.23823 -0.83491 -0.49615 e
21.87960 31.68779 -0.85124 0.50612 -0.13869 e
22.46467 81.50121 0.39005 -0.86592 -0.31312 e
22.80375 47.57883 -0.64215 0.46308 -0.61090 e
23.06411 13.03983 0.79550 0.25462 -0.54986 e
23.15193 73.14749 -0.82783 0.53500 0.16875 e
23.28886 84.21832 -0.39632 -0.89421 -0.20812 e
23.57401 81.16225 -0.67890 -0.70149 -0.21681 e
24.27883 41.80792 0.05970 0.49123 -0.86898 e
24.59805 40.50388 -0.52138 0.44550 -0.72780 e
24.81283 33.77088 0.44156 -0.28758 -0.84990 e
25.48367 57.46832 -0.53981 0.68995 -0.48225 e
25.93515 75.51705 -0.92668 -0.32623 0.18666 e
26.36376 76.51012 0.45591 -0.50821 0.73067 e
26.56547 68.01725 0.46017 -0.14673 0.87562 e
26.63838 82.78211 -0.84745 -0.51572 -0.12594 e
26.64993 44.53778 -0.93009 -0.27210 0.24677 e
26.88048 51.15275 -0.21613 0.72275 -0.65645 e
26.91651 79.56837 -0.19287 -0.94829 -0.25208 e
26.96288 75.12798 -0.16588 -0.71323 -0.68101 e
27.48180 28.77650 0.60710 0.63604 -0.47632 e
28.12503 53.71506 0.64570 -0.60372 -0.46754 e
28.67208 81.35411 0.15310 0.82458 -0.54464 e
28.74304 80.18349 0.90563 -0.23410 0.35359 e
29.15370 38.18298 -0.21603 0.83935 -0.49882 e
29.23342 44.78077 0.97119 0.10878 0.21202 e
29.31773 67.79231 -0.23096 -0.15228 -0.96097 e
29.39311 59.42096 0.75622 0.28413 -0.58942 e
29.41604 75.71222 0.69261 -0.69830 0.18072 e
29.55269 66.37976 -0.36469 -0.36852 -0.85510 e
29.65926 52.98219 -0.10079 0.91823 -0.38301 e
29.75062 53.24929 -0.18852 -0.53562 -0.82314 e
30.13780 34.36462 -0.71055 -0.69314 -0.12117 e
30.21971 52.06509 0.34106 -0.89386 -0.29101 e
30.45819 48.93912 0.33207 -0.42937 -0.83987 e
30.56797 27.99878 0.97149 -0.22900 -0.06129 e
30.75414 72.63471 -0.57319 -0.77945 -0.25280 e
30.80113 78.84095 -0.95796 0.12556 0.25798 e
30.81722 83.55704 0.97597 -0.05919 0.20971 e
31.03751 55.38603 0.73087 -0.44230 -0.51981 e
31.35061 25.04097 0.05463 -0.65927 0.74992 e
31.79582 81.45427 0.68444 0.69809 0.21028 e
31.92407 55.11005 0.36570 0.18396 -0.91237 e
32.05522 58.42693 0.01421 0.63391 -0.77328 e
32.24391 80.15584 0.55202 -0.72130 0.41833 e
32.31552 63.95958 -0.89858 -0.24606 0.36332 e
32.32758 74.77707 -0.46476 -0.20303 0.86184 e
32.42551 18.73997 0.14577 0.07459 -0.98650 e
32.44821 71.72796 0.67815 -0.18909 -0.71018 e
32.57842 57.39607 0.42228 -0.82840 -0.36801 e
32.81290 83.33775 -0.82051 -0.47849 0.31275 e
32.85752 73.25914 -0.67120 0.14540 -0.72688 e
33.10243 75.80917 0.19146 -0.85052 -0.48985 e
33.23853 28.14769 -0.20824 -0.22739 -0.95128 e
33.33120 75.72259 -0.36834 -0.43248 -0.82297 e
33.40557 59.41538 0.73648 -0.64202 0.21308 e
33.43745 84.94975 0.35022 0.34344 -0.87143 e
33.49400 32.94164 0.13050 0.90412 -0.40686 e
33.64872 59.62093 0.43653 0.52524 -0.73046 e
33.69152 83.76148 0.01581 -0.56187 -0.82707 e
33.90157 74.50481 -0.80759 -0.58576 -0.06842 e
34.04413 65.34863 0.97761 -0.18256 -0.10467 e
34.08026 70.26433 0.31448 -0.46582 -0.82711 e
34.08307 46.59175 0.58857 -0.51008 0.62722 e
34.09365 53.42773 0.65317 0.14322 0.74355 e
34.18483 40.99835 0.82049 -0.56772 0.06695 e
34.24846 34.30259 0.21739 0.84403 0.49026 e
34.26991 47.64169 -0.70052 -0.66136 -0.26808 e
34.73216 70.12536 0.32837 0.38261 -0.86359 e
34.74722 83.88405 -0.54204 -0.77117 -0.33389 e
35.03638 82.32255 0.76950 0.62495 -0.13155 e
35.16529 51.75224 0.80709 0.57600 0.12972 e
35.23425 82.51884 -0.67553 0.72662 0.12526 e
35.28715 45.47408 0.85398 0.51983 -0.02242 e
35.36040 49.99373 0.25009 0.66410 -0.70458 e
35.43397 48.08445 0.22579 0.38892 -0.89317 e
35.61556 65.18227 0.64614 0.55852 0.52016 e
35.65517 35.20229 0.44537 -0.79003 -0.42131 e
35.68668 84.22005 -0.38780 0.91773 -0.08596 e
35.74994 83.88462 -0.48356 -0.87361 -0.05464 e
36.11005 77.44615 -0.48458 -0.61558 -0.62149 e
36.15019 50.05441 -0.70644 0.51335 0.48726 e
36.69097 53.32701 0.68349 -0.71194 -0.16121 e
36.85044 78.54854 -0.93853 -0.25828 0.22903 e
36.98267 62.85012 0.04745 -0.38365 -0.92226 e
37.03577 34.00542 0.73763 -0.65851 -0.14920 e
37.09333 48.21186 0.53892 0.41232 -0.73455 e
37.48367 66.61481 0.78604 0.29968 -0.54068 e
37.49768 73.09168 0.13158 0.23136 -0.96393 e
37.74199 50.74596 -0.86412 -0.06515 0.49906 e
38.15988 76.07670 -0.11452 -0.99159 -0.06025 e
38.59541 81.65030 0.15226 -0.42887 -0.89044 e
38.65117 56.71320 0.53043 0.70924 0.46435 e
38.72095 43.68333 0.47712 0.38671 -0.78918 e
38.77078 83.36331 0.10506 0.92581 -0.36311 e
39.22160 64.58590 -0.24711 0.59487 -0.76490 e
39.24539 42.50526 0.28037 -0.61316 0.73853 e
39.26369 38.19830 -0.60827 0.19342 -0.76980 e
39.48701 32.95070 -0.16653 0.95559 -0.24312 e
39.55496 71.21537 -0.76219 -0.64126 0.08856 e
39.56914 68.41575 0.05393 -0.82945 -0.55598 e
39.59864 62.56092 0.12767 0.21629 -0.96795 e
39.70858 54.08538 0.93413 -0.35234 0.05701 e
39.79699 36.58094 0.42810 -0.90125 0.06698 e
39.96061 43.23971 0.98123 0.11688 0.15337 e
40.20574 69.56081 0.44931 0.87403 -0.18490 e
40.23272 76.61911 -0.54272 -0.60298 -0.58470 e
40.53781 45.00918 -0.89673 -0.30185 0.32367 e
40.77617 61.19800 0.31753 -0.74556 -0.58593 e
40.80817 43.69066 0.08147 -0.18206 0.97991 e
40.89948 51.56271 -0.57428 -0.81208 0.10358 e
41.00428 64.43754 0.70323 -0.17297 -0.68960 e
41.44201 64.01401 0.92814 0.21149 0.30630 e
41.52236 28.59840 -0.11923 -0.94159 -0.31496 e
41.53737 33.29675 0.87329 0.40883 0.26500 e
41.68196 65.25454 0.89839 0.03159 -0.43806 e
42.01794 79.78572 0.14521 0.92329 -0.35559 e
42.07289 65.87351 -0.36260 0.10035 -0.92653 e
42.09284 60.12732 0.23774 0.60130 -0.76283 e
42.40986 39.83774 -0.89817 -0.28115 0.33801 e
43.05145 45.38406 0.73526 -0.63264 0.24322 e
43.13566 34.80968 0.67647 -0.61626 -0.40325 e
43.14259 80.89313 -0.55580 0.74192 -0.37502 e
43.18680 29.03257 0.79168 0.10294 0.60220 e
43.40677 19.32089 -0.47499 0.79471 -0.37791 e
43.44165 41.06433 -0.96154 -0.22502 -0.15750 e
43.88438 41.56095 0.51295 0.56996 -0.64189 e
43.96004 24.22398 0.75554 -0.65168 -0.06691 e
44.03378 72.62356 -0.44223 0.40060 -0.80247 e
44.11875 41.47178 0.59534 0.28169 -0.75248 e
44.34224 53.57584 -0.02946 -0.45005 -0.89252 e
44.34589 74.88065 -0.19918 0.66602 -0.71885 e
44.38664 75.76760 0.67891 0.40625 -0.61159 e
44.43261 54.51185 -0.50309 -0.74881 -0.43149 e
44.51556 34.00456 -0.05552 -0.78074 -0.62238 e
44.73909 25.89616 -0.35233 0.17713 0.91896 e
44.92978 62.83488 0.85050 0.35942 -0.38402 e
44.99576 66.72204 -0.17367 -0.85632 -0.48638 e
45.01842 75.89401 -0.19588 0.83840 -0.50864 e
45.06220 67.08267 0.22255 -0.53680 -0.81383 e
45.20103 57.71097 -0.29999 -0.18127 -0.93656 e
45.20883 74.69145 -0.90762 0.41972 -0.00829 e
45.32423 67.39621 -0.65652 0.73191 0.18246 e
45.38003 41.88237 -0.84154 0.13762 -0.52238 e
45.61936 58.37604 0.90511 0.05258 -0.42191 e
45.63221 62.14635 0.42376 0.88596 -0.18842 e
45.65084 52.50543 0.22903 -0.72016 -0.65492 e
45.68839 57.03361 0.95539 0.21423 -0.20330 e
45.70954 84.72963 0.45748 0.67450 0.57946 e
45.71564 58.66315 0.98316 -0.03545 -0.17926 e
45.72755 80.79637 -0.47511 0.38402 -0.79170 e
45.88720 29.17064 -0.63954 -0.70189 0.31359 e
46.13475 34.27492 -0.35857 -0.93308 0.02795 e
46.21761 79.46171 0.35268 0.24801 -0.90228 e
46.39423 67.53815 -0.37273 -0.38762 -0.84310 e
46.58468 34.64839 0.94325 -0.29568 -0.15119 e
46.87474 54.21631 0.84187 -0.07372 -0.53462 e
47.22597 74.44331 0.23738 0.52454 -0.81763 e
47.52683 64.70256 0.81103 0.18740 0.55417 e
47.53849 71.43887 0.02102 -0.28502 -0.95829 e
47.55525 83.97674 -0.36851 -0.41244 -0.83312 e
47.74153 41.20068 -0.25653 -0.11989 -0.95907 e
48.37962 61.48114 0.80543 -0.20023 0.55785 e
48.61236 45.25340 -0.01721 -0.77768 -0.62842 e
49.12358 82.20822 -0.25227 0.70527 -0.66254 e
49.30524 74.46304 0.98875 0.06648 0.13396 e
49.61047 36.53828 0.94445 0.32487 0.04974 e
49.66280 65.04400 0.37563 -0.92523 0.05348 e
50.04313 76.79095 0.91386 0.40516 0.02663 e
50.44625 75.16778 0.22147 -0.79958 -0.55823 e
50.59960 67.51388 0.03313 -0.98845 -0.14791 e
50.61668 33.18484 -0.80766 0.22683 -0.54427 e
51.04976 23.86705 -0.49872 0.79409 0.34740 e
51.34673 82.74569 0.59937 0.04434 -0.79924 e
51.83826 49.88890 -0.79538 0.49015 0.35654 e
51.84917 30.67121 0.23907 0.20383 -0.94937 e
51.85763 43.31301 -0.35224 -0.09147 -0.93143 e
52.21376 74.77265 -0.31698 -0.73249 0.60248 e
52.28732 76.44999 0.11330 0.95561 -0.27196 e
52.58291 38.66064 0.05411 -0.12915 0.99015 e
52.61337 71.88840 0.34628 0.72426 0.59627 e
52.79544 32.92976 0.09389 0.08888 0.99161 e
52.96108 54.03068 0.19465 0.82222 -0.53484 e
53.18513 28.78879 -0.91439 -0.08552 -0.39569 e
53.23237 74.76205 -0.12706 -0.54225 -0.83055 e
53.38524 35.98813 -0.46191 0.87513 0.14415 e
53.97677 64.35190 0.70678 -0.31353 -0.63416 e
54.58150 72.63103 0.79487 -0.27163 0.54258 e
54.82502 48.89625 -0.44014 -0.73221 0.51975 e
54.85055 63.76668 0.14561 -0.59891 -0.78747 e
54.85962 50.59525 -0.94945 0.01980 -0.31330 e
54.87020 41.84207 0.74222 0.66927 -0.03460 e
55.24627 69.81154 -0.96016 -0.15353 0.23350 e
55.33674 37.34227 0.70494 0.07057 -0.70575 e
55.43946 74.85997 0.74050 0.63785 -0.21168 e
55.55981 57.57489 -0.94342 0.32812 0.04795 e
55.70704 61.86690 -0.73568 0.10126 -0.66972 e
55.76105 21.73492 -0.54249 0.15846 -0.82498 e
55.91584 61.67450 -0.87208 0.47291 0.12582 e
56.52627 69.10275 -0.63731 -0.69432 -0.33430 e
56.71374 68.36318 -0.07947 0.99596 0.04177 e
56.93956 40.49260 0.07108 -0.65924 -0.74856 e
57.19808 63.76730 0.29745 0.68799 -0.66196 e
57.39324 82.81461 -0.09122 -0.13343 -0.98685 e
57.57403 59.36142 -0.42705 0.58293 -0.69125 e
57.65063 84.43682 0.04322 0.25548 -0.96585 e
57.73562 52.66578 0.79866 0.49472 -0.34262 e
57.75109 50.76666 -0.52880 -0.32854 -0.78258 e
58.00576 44.54519 -0.59423 -0.77914 0.19957 e
58.25863 29.42022 0.90204 0.03551 0.43019 e
58.68232 72.11551 0.89038 -0.01423 0.45500 e
58.89593 74.83339 0.87632 0.45424 -0.16037 e
58.97538 17.72290 -0.52845 0.12771 -0.83931 e
59.18978 62.70666 0.73035 0.15665 -0.66487 e
59.20214 58.51107 -0.75697 -0.34349 -0.55589 e
59.33487 76.19403 -0.64465 -0.15074 -0.74947 e
59.70184 43.88105 0.19771 0.88808 -0.41499 e
59.88187 56.82780 -0.02106 -0.97426 -0.22445 e
60.37199 35.27196 0.50473 -0.57156 -0.64697 e
60.47566 54.44132 -0.26195 0.79133 0.55243 e
60.64189 37.05079 -0.16257 0.45840 -0.87375 e
60.67954 63.93014 -0.77627 -0.58546 -0.23377 e
60.77412 74.17871 -0.16464 0.38439 -0.90837 e
61.56896 48.85816 -0.87500 -0.48158 -0.04948 e
61.64219 53.74191 -0.75200 0.43343 -0.49663 e
62.15554 66.08935 -0.94407 -0.16475 -0.28565 e
62.24279 65.92782 -0.35625 -0.23665 -0.90393 e
62.47277 47.54035 0.13493 0.98865 0.06603 e
63.29304 60.08205 -0.77928 -0.14894 -0.60872 e
63.43752 84.11064 0.38274 0.56362 0.73202 e
63.55491 22.36672 -0.49538 -0.31109 0.81106 e
63.59431 34.65678 0.88514 0.46330 -0.04333 e
63.94287 71.63043 0.81525 -0.42550 0.39283 e
64.09479 80.56188 -0.23415 -0.96752 0.09523 e
64.17305 51.61886 -0.86841 0.16057 0.46912 e
64.17502 24.35653 0.40235 -0.20937 -0.89122 e
64.60322 75.78099 -0.25890 -0.71891 -0.64509 e
65.18875 59.21896 0.54308 -0.19671 0.81631 e
65.25306 32.51910 -0.92505 0.33548 0.17814 e
65.38543 45.90483 -0.07816 -0.36563 -0.92747 e
65.53069 32.06558 0.94183 0.19926 -0.27067 e
65.58746 56.02433 0.64011 0.01514 0.76814 e
65.70059 51.21733 0.18845 0.41779 -0.88879 e
65.73048 83.51090 -0.51255 -0.85345 0.09437 e
65.92847 64.50786 -0.83404 -0.07137 -0.54707 e
66.79985 84.71070 0.32482 -0.53258 -0.78157 e
66.95069 45.18672 0.81126 0.34775 -0.47002 e
67.18533 69.86690 0.83952 -0.35480 0.41149 e
67.35496 57.81192 -0.67851 -0.52731 -0.51144 e
67.67650 20.91347 -0.24196 0.61834 0.74774 e
68.26339 65.59881 -0.85791 0.18651 -0.47876 e
68.75895 18.91657 -0.53151 0.81242 -0.23974 e
68.77086 49.73214 -0.85477 0.45084 -0.25710 e
68.88456 60.82448 0.45241 -0.36236 -0.81487 e
68.94649 52.72016 -0.60848 -0.02931 -0.79303 e
69.02514 82.27778 -0.31441 0.91493 0.25307 e
69.34509 56.16040 0.42926 -0.87027 -0.24160 e
69.61303 61.10037 0.75290 -0.22401 -0.61884 e
69.61836 62.80625 -0.66854 -0.67190 -0.31874 e
69.65943 30.39946 0.30485 -0.95240 -0.00187 e
70.44004 36.11145 -0.24785 -0.03880 -0.96802 e
70.52044 57.88179 -0.52709 0.25881 0.80944 e
70.52829 68.26146 0.40908 -0.09146 -0.90791 e
70.66750 71.54909 0.05138 0.55126 -0.83275 e
70.78405 30.56894 0.62640 -0.12310 -0.76972 e
71.59606 80.55059 0.81805 -0.40092 -0.41237 e
71.62077 56.13109 -0.20746 0.12352 -0.97041 e
71.82132 43.94350 0.86972 0.25319 -0.42365 e
72.05606 74.57149 0.47179 -0.88159 -0.01459 e
72.68181 36.59052 -0.06534 -0.26979 -0.96070 e
72.69148 84.71111 0.40210 -0.74099 -0.53783 e
72.69937 51.68713 0.71190 -0.69534 -0.09852 e
72.95736 35.11922 -0.40198 0.82615 -0.39482 e
73.27157 48.03934 -0.89493 -0.44444 0.03977 e
73.34044 72.85038 0.47600 0.56603 -0.67308 e
73.38522 33.36667 0.58280 0.50511 -0.63657 e
73.43860 48.12956 0.19950 -0.85934 0.47089 e
73.67258 49.68873 0.04096 -0.99871 -0.02999 e
73.84486 35.56557 -0.94843 -0.31665 -0.01423 e
74.43239 45.97307 -0.03954 0.11028 -0.99311 e
74.57956 56.88244 0.86816 -0.21964 -0.44504 e
74.58335 20.28161 0.47773 -0.79741 -0.36865 e
74.67400 81.29602 0.45919 -0.60527 -0.65023 e
74.67848 52.93941 0.09430 0.27057 -0.95807 e
75.56160 39.22634 -0.83004 0.06123 -0.55434 e
75.75407 23.90403 0.86754 -0.48749 -0.09864 e
76.00611 82.44445 0.80830 0.27850 -0.51874 e
76.02192 79.60941 -0.62871 -0.39937 -0.66725 e
76.02310 58.83450 -0.56141 -0.77057 0.30172 e
76.02345 81.59319 0.59855 -0.53796 -0.59357 e
76.03773 42.93391 -0.95218 -0.28102 0.11992 e
76.55780 65.95080 -0.62295 0.01257 -0.78216 e
77.01371 55.49528 -0.75245 0.15001 -0.64133 e
77.16422 21.42286 -0.44882 -0.88969 -0.08374 e
77.17713 36.90046 -0.58362 -0.34514 -0.73503 e
77.52368 70.13469 0.92236 -0.34204 0.17962 e
77.63566 32.89181 -0.22285 -0.77877 -0.58639 e
78.26538 57.92913 -0.61231 0.15424 0.77543 e
78.85261 72.75251 -0.36677 -0.62701 -0.68727 e
79.21105 77.11596 -0.46432 0.03888 -0.88481 e
79.39811 74.64190 -0.09230 0.19794 -0.97586 e
80.12715 30.18424 -0.79978 0.24680 -0.54721 e
80.28737 84.59468 0.34560 0.40693 -0.84556 e
81.12215 63.13052 -0.49233 -0.63014 -0.60044 e
81.20503 47.83635 0.13268 -0.80122 -0.58348 e
82.05833 24.66097 -0.60400 -0.15340 0.78208 e
82.55417 52.28416 -0.20932 -0.71914 -0.66258 e
82.61500 23.41048 0.30840 -0.22975 -0.92309 e
83.40923 84.31938 0.34031 -0.03903 -0.93950 e
83.48663 57.10146 -0.36950 0.56555 -0.73730 e
83.69723 56.83773 0.22164 0.92818 -0.29893 e
83.90738 84.56556 0.61440 0.78650 0.06276 e
84.83204 73.53207 -0.61599 -0.46396 -0.63663 e
84.86904 25.22840 -0.43044 0.83370 -0.34593 e
84.94143 29.40545 -0.72680 -0.61053 -0.31467 e
84.98603 57.43747 -0.70626 0.70537 0.06038 e
85.63889 46.12587 -0.24641 0.94804 -0.20124 e
85.74020 17.70949 0.66735 -0.27933 -0.69037 e
86.36362 84.99930 -0.32861 0.85599 -0.39912 e
86.49028 67.41550 0.63169 0.74555 -0.21243 e
86.76191 26.91531 -0.37744 -0.92328 -0.07141 e
86.78124 65.28987 0.25257 0.49473 -0.83154 e
87.16152 27.95998 -0.87845 0.22704 0.42045 e
87.23246 44.61618 0.00904 0.22165 -0.97508 e
87.43494 67.80807 0.08233 -0.82549 -0.55838 e
87.53045 19.85712 0.73308 -0.19460 0.65171 e
87.71665 21.01161 -0.97364 0.22643 0.02740 e
88.46046 51.40410 0.69652 -0.71227 -0.08674 e
88.49676 66.45072 0.14952 -0.94089 -0.30394 e
88.79002 38.30315 -0.85353 0.51622 0.07076 e
89.34638 57.27335 0.81431 -0.56066 0.15020 e
89.43242 63.68776 -0.40587 0.53400 -0.74169 e
89.63738 73.92390 0.89390 0.36245 0.26377 e
90.19797 38.12747 -0.28307 -0.82712 -0.48553 e
90.43370 84.60319 0.80075 0.44263 0.40358 e
90.75485 44.91400 0.56641 0.67650 -0.47067 e
90.86642 80.55022 -0.51943 -0.20877 -0.82862 e
91.03999 51.64765 -0.95239 0.24199 -0.18546 e
91.62329 75.43477 0.40464 0.84312 -0.35414 e
91.75328 32.71800 0.50560 0.65070 -0.56653 e
92.72893 63.29089 0.11905 0.68916 0.71477 e
93.24673 74.56663 0.42070 -0.72387 -0.54683 e
93.25857 72.75876 -0.31726 0.34037 -0.88515 e
93.25970 80.04697 -0.19432 -0.97932 -0.05625 e
93.97074 84.34174 0.58409 0.71139 -0.39086 e
94.16963 73.00893 -0.84418 0.05487 -0.53324 e
94.47794 36.97306 0.16365 0.76781 0.61943 e
94.77704 70.26668 -0.18806 -0.62521 -0.75746 e
95.73875 21.18872 0.20308 0.17238 -0.96387 e
95.85181 18.73454 0.08821 0.68557 -0.72264 e
95.93962 18.85863 -0.63187 0.15463 0.75949 e
96.01067 78.23620 0.85636 -0.44123 0.26825 e
96.04913 43.98874 -0.47254 0.66373 -0.57980 e
98.90539 63.30855 -0.37467 0.60359 -0.70377 e
99.05630 77.16468 0.68166 0.72577 -0.09278 e
99.83587 42.98886 -0.74537 -0.09215 0.66025 e
99.90618 72.08348 -0.92322 -0.38425 0.00386 e
101.02721 61.96673 -0.06839 -0.46613 -0.88207 e
101.20036 45.15103 -0.15889 0.87523 -0.45686 e
101.28391 40.80116 -0.46502 0.12959 -0.87576 e
102.51052 49.72757 -0.45935 0.69562 -0.55236 e
103.83487 26.87848 0.93761 0.09752 0.33374 e
104.12609 54.62768 0.43258 0.24733 -0.86701 e
104.26850 37.54459 0.00988 0.63918 -0.76899 e
104.37957 37.96893 -0.20005 0.07173 -0.97716 e
104.72302 21.36917 -0.72338 -0.41250 -0.55369 e
104.79907 16.94330 -0.74934 0.52468 0.40398 e
104.98711 20.49853 0.79128 -0.57985 -0.19402 e
105.17787 40.34890 -0.89718 0.44146 -0.01322 e
105.38734 54.22658 -0.85789 0.02302 -0.51332 e
105.66605 51.86525 0.31536 0.94854 0.02879 e
105.72763 34.27033 -0.30101 -0.61204 -0.73130 e
106.00641 69.24647 -0.25435 0.22316 -0.94101 e
106.52679 36.78310 0.35936 0.91086 -0.20295 e
107.08882 60.67402 -0.61082 -0.04479 -0.79050 e
107.48263 61.34488 0.22520 -0.26277 -0.93821 e
108.57504 84.96138 -0.48173 0.43003 -0.76355 e
108.73671 45.44481 0.42195 -0.86254 -0.27926 e
109.38971 73.12343 -0.22202 -0.59034 -0.77602 e
109.42566 48.42183 0.63009 0.77153 0.08794 e
109.95887 39.90389 -0.34749 0.53991 0.76665 e
110.32309 60.10055 -0.35120 0.71028 -0.61005 e
110.33536 48.68790 -0.64008 -0.62084 -0.45261 e
110.49521 35.62836 0.56714 -0.79987 0.19634 e
111.17947 38.78716 -0.48823 -0.43065 -0.75906 e
111.22963 78.23118 -0.27197 0.51556 0.81255 e
112.00886 28.82746 0.54536 -0.58709 -0.59825 e
112.46988 58.21361 -0.16818 -0.00350 -0.98575 e
112.77115 70.08493 0.77308 0.43536 0.46131 e
113.57568 36.67784 0.03973 0.59110 -0.80562 e
113.82201 30.12230 0.76399 0.43096 -0.48020 e
115.14079 39.66790 -0.09857 -0.61561 -0.78186 e
115.75874 79.60268 -0.85542 -0.17505 -0.48746 e
115.86767 41.26527 -0.79439 0.05544 -0.60488 e
116.30018 65.94350 -0.27929 0.95759 -0.07082 e
116.43196 19.34848 0.65561 0.05126 0.75336 e
116.76805 69.84867 -0.48744 -0.77854 -0.39532 e
116.83993 74.92035 -0.57969 -0.80466 -0.12838 e
117.53960 24.20160 0.89794 0.15053 -0.41358 e
118.09147 35.87632 -0.89255 0.31695 -0.32078 e
118.33365 22.94775 -0.61104 0.38381 0.69232 e
118.80516 17.34423 0.54222 -0.77223 -0.33115 e
119.32821 25.03215 -0.43057 -0.26353 -0.86323 e
119.52103 34.67805 0.30166 0.75090 -0.58749 e
119.58046 45.20458 -0.95237 0.27274 0.13642 e
120.06485 78.35413 0.01580 0.97433 -0.22456 e
120.42220 35.54685 0.59699 -0.39382 0.69894 e
120.46172 35.58771 0.95516 -0.26695 0.12812 e
120.54715 65.22274 -0.51435 -0.69030 -0.50885 e
120.58129 43.48997 0.83041 -0.25176 -0.49702 e
121.14881 37.33431 -0.60054 -0.73804 0.30765 e
121.58486 79.40005 0.85888 0.46838 -0.20725 e
121.65486 25.60363 0.52419 0.74638 0.41004 e
121.76285 84.46843 0.13858 0.99000 -0.02622 e
122.46231 70.72870 0.31860 0.68290 -0.65737 e
122.47664 39.60088 -0.73048 0.65225 -0.20243 e
123.10757 21.31684 -0.75854 0.02084 -0.65130 e
123.36632 69.98729 0.49237 -0.37947 -0.78331 e
123.38708 67.36148 0.89276 0.45044 0.00959 e
123.41673 47.44315 0.52827 0.84589 -0.07346 e
123.82923 81.41005 -0.03188 0.38103 -0.92401 e
123.89807 35.16951 -0.93946 0.09823 0.32827 e
123.91373 36.76393 -0.65109 -0.17077 -0.73954 e
124.06760 14.26066 -0.28094 0.64286 0.71261 e
124.10572 34.77691 0.10287 0.71128 -0.69534 e
124.98220 59.88626 0.18364 -0.91397 -0.36185 e
125.77682 80.48965 -0.06619 0.46933 -0.88054 e
125.80228 76.50771 -0.02543 0.20798 -0.97780 e
126.13423 42.09594 -0.07293 -0.82408 -0.56176 e
126.73626 48.25639 0.60899 0.61797 -0.49723 e
126.96997 43.90152 0.64812 0.73791 -0.18822 e
127.02806 70.23031 0.82328 0.56712 -0.02401 e
127.40208 61.66967 -0.25523 0.90255 0.34677 e
127.46835 39.55123 -0.99336 0.01930 0.11344 e
127.66207 52.45423 -0.77167 0.27352 -0.57421 e
128.10075 55.12694 0.86136 -0.03859 -0.50653 e
128.17162 83.22207 0.88618 -0.45624 0.08076 e
128.76255 42.95931 -0.52859 -0.45682 0.71548 e
129.19623 75.62939 -0.77095 -0.16739 0.61451 e
129.52803 36.51289 -0.56186 -0.59147 0.57834 e
129.66443 68.69642 -0.38523 0.54356 0.74575 e
129.93406 38.64767 -0.99104 -0.08183 0.10554 e
130.59765 27.63916 -0.47888 -0.12855 -0.86842 e
130.89025 52.32725 -0.81219 0.08495 0.57717 e
131.11784 58.49207 -0.18141 0.97263 -0.14523 e
132.32121 36.62548 0.83735 -0.52019 -0.16808 e
132.46525 11.36956 0.30826 0.20851 -0.92817 e
132.76276 49.53028 0.53398 0.55555 -0.63736 e
133.20624 42.15605 0.16518 -0.05499 -0.98473 e
133.44595 48.09304 -0.55583 -0.22865 -0.79924 e
134.04127 25.10502 -0.31694 0.17187 -0.93274 e
134.06263 22.90422 -0.73268 -0.66434 -0.14777 e
134.09397 55.09419 0.38285 -0.85163 -0.35798 e
134.37262 25.13255 -0.60679 0.79363 -0.04425 e
134.83240 48.81393 0.19483 0.22606 -0.95443 e
135.95366 70.41659 0.96103 -0.04004 -0.27353 e
136.52445 76.84785 -0.33405 0.66551 -0.66746 e
136.86688 36.25430 0.64856 -0.73989 -0.17868 e
137.12035 74.01084 0.28471 -0.83353 -0.47347 e
137.28392 58.15345 -0.05860 -0.17272 -0.98323 e
137.46604 46.73493 -0.46010 -0.73886 0.49233 e
137.55066 83.83310 0.37383 0.90820 0.18821 e
138.93166 23.27860 0.38630 0.91440 -0.12102 e
139.94697 20.30260 -0.40094 0.87699 0.26483 e
140.42250 27.11639 -0.49934 -0.81808 0.28530 e
141.04049 71.30020 -0.34065 0.88425 -0.31948 e
141.25217 64.84344 0.77220 0.63363 -0.04712 e
141.37141 44.22640 0.05378 -0.32122 0.94548 e
141.37307 51.30658 0.27633 0.81822 0.50415 e
141.41565 81.92451 0.04458 -0.99383 -0.10157 e
141.42786 76.87551 -0.16307 0.36033 -0.91846 e
141.59206 71.82831 -0.26156 -0.93587 0.23608 e
142.17604 57.82909 -0.72025 0.13398 -0.68065 e
142.26729 19.75400 0.52362 0.08667 -0.84753 e
142.40112 44.29414 0.78190 -0.60557 -0.14803 e
143.07290 26.56609 0.76921 -0.53713 -0.34614 e
143.07490 56.87355 -0.26243 0.03977 -0.96413 e
143.11964 69.98873 -0.73668 0.66803 0.10503 e
143.42582 32.10967 -0.54406 -0.06763 -0.83632 e
143.57199 39.99203 -0.39274 -0.82496 -0.40644 e
143.73603 83.19434 0.69478 0.62837 -0.34990 e
143.78592 38.07626 0.74696 -0.44518 -0.49382 e
143.80400 64.68991 0.72082 0.69182 -0.04244 e
144.12891 49.62639 0.88902 -0.34141 -0.30509 e
144.31891 72.68863 -0.46242 0.72986 0.50346 e
144.56144 80.00652 0.81019 0.41897 0.40995 e
144.87993 35.94933 0.40245 -0.79991 0.44517 e
145.83883 70.51337 0.84771 -0.12662 -0.51513 e
145.91987 49.51987 -0.62879 0.74494 -0.22293 e
146.82899 64.50527 0.98715 0.15281 -0.04668 e
147.04792 43.02581 0.59209 -0.06663 -0.80311 e
147.24155 76.87990 -0.80881 0.50685 0.29820 e
147.32087 25.29528 0.81382 -0.29815 0.49880 e
148.45060 51.88120 -0.60160 0.02750 -0.79832 e
148.91510 49.56306 -0.36195 0.88016 -0.30710 e
149.33888 70.05172 0.26982 0.17941 -0.94605 e
149.95178 73.25716 0.21071 0.28145 -0.93616 e
150.21569 40.57242 -0.45389 0.88444 -0.10844 e
150.40782 75.78868 0.05990 -0.92264 0.38098 e
151.37478 59.19348 -0.51801 0.84992 -0.09646 e
151.41685 40.87379 -0.61612 -0.77662 0.13135 e
151.89220 40.16461 -0.87487 0.48403 0.01799 e
152.59225 78.32038 -0.13499 -0.98042 -0.14338 e
153.31654 46.23137 0.25981 -0.31835 -0.91168 e
153.76489 75.25053 -0.52675 0.74316 -0.41261 e
154.55387 31.87300 -0.31162 0.67069 -0.67311 e
155.04060 35.32230 -0.72495 0.68509 0.07145 e
155.34597 28.80345 -0.19342 -0.59598 -0.77935 e
155.41244 79.77997 0.11083 -0.70640 -0.69909 e
156.66543 53.70861 0.71227 -0.58295 -0.39094 e
157.16171 59.97180 -0.75284 -0.65228 0.08811 e
158.30853 21.51840 -0.43592 0.18753 -0.88023 e
158.43802 51.86755 0.82346 0.32326 -0.46628 e
158.52246 49.26908 0.17700 0.72675 0.66371 e
158.85400 79.61106 0.73644 -0.66216 0.13854 e
160.12410 42.58694 0.08400 0.91768 0.38833 e
160.30697 74.79405 0.28492 0.54749 -0.78682 e
160.43413 38.83614 -0.48300 0.50935 -0.71223 e
160.63181 44.43095 -0.55119 -0.78610 0.27972 e
160.75931 19.10421 0.38494 -0.79454 0.46961 e
160.77386 40.74069 -0.44892 -0.88998 0.08009 e
160.83909 59.30550 -0.25259 -0.56175 -0.78780 e
160.85871 64.58736 0.57931 -0.73640 -0.34946 e
161.70056 42.91455 -0.31541 -0.82523 -0.46851 e
161.81840 25.86722 -0.86492 -0.48015 -0.14622 e
162.32946 79.99780 -0.24250 -0.90295 0.35479 e
162.78418 67.80345 -0.83008 0.32188 -0.45537 e
163.43791 67.61222 -0.43845 -0.83702 0.32735 e
163.59032 14.13984 0.63861 -0.54829 0.53996 e
164.85446 37.89189 -0.26534 -0.20656 0.94177 e
165.37581 56.69798 -0.56042 0.50287 0.65806 e
165.58335 60.66108 0.13097 0.57968 -0.80425 e
165.70291 50.85765 0.93637 -0.34712 -0.05204 e
165.85352 52.61264 -0.18204 -0.38274 -0.90574 e
167.23513 27.62120 -0.73188 0.46577 -0.49740 e
167.39283 39.02183 -0.16164 -0.95271 0.25733 e
167.39915 21.97638 0.44761 -0.88157 0.14993 e
167.72008 21.56121 -0.16814 0.17333 -0.97041 e
167.86159 25.50213 -0.19496 0.88297 -0.42703 e
167.92514 51.61415 -0.96390 0.24892 0.09449 e
168.03273 65.84374 0.42081 0.80436 -0.41943 e
168.17101 62.52324 0.62102 -0.07383 0.78031 e
168.73955 31.00754 0.51711 -0.44968 -0.72827 e
169.16860 14.89478 0.77372 0.61397 0.15622 e
169.52931 39.77322 -0.95439 0.09507 -0.28303 e
169.98599 42.33148 0.06909 -0.10266 -0.99231 e
170.60038 59.16883 0.79250 0.59993 -0.10970 e
171.01038 81.09406 0.73075 0.24783 -0.63607 e
171.16061 46.93235 -0.97210 0.09513 0.21441 e
171.17577 30.73424 -0.62206 -0.04968 -0.78139 e
172.38956 55.77043 -0.01981 0.01634 -0.99967 e
172.97386 79.74538 -0.19562 -0.62460 -0.75605 e
173.20618 63.84927 -0.94407 0.21893 0.24659 e
173.73761 64.27575 -0.63961 0.32608 -0.69611 e
173.98266 30.72251 -0.06650 -0.94950 -0.30665 e
174.26439 17.56561 -0.26835 -0.84298 -0.46624 e
174.51476 76.35543 0.51023 -0.04445 -0.85889 e
175.07452 20.97859 0.18580 -0.88756 0.42156 e
175.14949 62.25493 -0.28177 0.39746 -0.87329 e
175.39028 75.64527 0.70850 0.66160 0.24558 e
175.73069 42.49433 0.10616 -0.27847 0.95456 e
176.52341 19.74063 0.51737 -0.76037 0.39264 e
176.53934 19.35023 -0.03666 0.47104 -0.88135 e
176.57256 71.79621 0.75489 -0.07526 0.65152 e
176.84257 54.59163 0.53269 -0.42113 -0.73409 e
176.85867 58.44044 0.90409 0.32508 -0.27739 e
177.60186 71.31971 0.06319 0.80548 -0.58925 e
177.86751 52.98009 -0.11524 -0.67720 -0.72672 e
178.42565 40.88396 -0.85783 0.01190 -0.51379 e
178.58233 56.75554 0.12839 0.44466 -0.88645 e
179.20130 25.66790 0.73370 -0.67282 0.09486 e
179.51044 17.38530 0.17699 -0.33354 -0.92597 e
179.66826 52.29674 -0.45653 0.37692 -0.80592 e
179.68490 60.50704 -0.36869 0.65427 0.66030 e
179.71178 33.80061 0.54860 0.25107 -0.79750 e
180.70306 42.40144 -0.35010 0.91748 -0.18886 e
180.84769 17.66980 -0.83217 0.36576 -0.41680 e
180.92534 40.20071 0.07709 -0.40133 -0.91268 e
181.25239 76.55439 -0.83003 -0.24067 0.50312 e
181.38567 67.68868 -0.63263 -0.49772 -0.59334 e
182.04420 32.42587 -0.84881 0.07388 -0.52352 e
182.35147 38.75563 0.38761 0.91323 0.12557 e
182.65182 38.16405 0.50545 0.44012 -0.74217 e
182.99057 39.86693 -0.00514 0.99651 -0.08333 e
183.31412 40.50676 0.05426 0.02528 -0.99821 e
183.60206 34.08558 -0.64140 0.52498 -0.55946 e
183.63162 47.72590 0.86698 -0.21127 -0.45134 e
184.30199 67.44984 -0.54932 0.83171 -0.08068 e
184.35845 36.07602 0.20606 -0.56814 0.79671 e
184.82720 25.80261 0.58409 0.75021 0.30990 e
185.43051 36.45712 0.65870 -0.12995 0.74109 e
188.25994 9.91621 0.64136 0.35773 0.67874 e
189.31665 40.45738 -0.87269 -0.35960 -0.33030 e
189.62738 16.06675 0.70693 0.50004 -0.50021 e
189.88333 57.58932 0.06382 0.97689 -0.20400 e
190.24349 79.49381 0.61860 -0.16715 -0.76772 e
191.83123 60.05510 -0.39065 -0.79561 -0.46302 e
193.44089 40.35614 -0.31833 -0.93184 -0.17419 e
193.47229 29.86325 -0.69101 0.67360 0.26224 e
194.11497 21.79019 0.70924 -0.25659 -0.65662 e
194.32654 41.75517 0.67805 -0.34047 -0.65140 e
194.81166 43.81613 -0.91313 0.08795 -0.39807 e
194.93603 83.53737 -0.96187 -0.25616 -0.09588 e
197.46926 18.66808 -0.37803 0.85170 -0.36290 e
197.75954 53.91024 -0.74727 -0.44843 0.49041 e
197.80663 65.38152 0.12567 0.84205 0.52455 e
198.31490 73.97540 -0.92612 -0.00860 -0.37714 e
198.33511 26.00830 0.87422 0.47677 -0.09178 e
199.07319 55.10629 0.97136 0.00309 0.23758 e
199.61578 46.49289 0.74633 -0.13664 -0.65140 e
199.87657 32.53053 -0.61787 -0.67131 -0.40937 e
200.61868 51.40863 0.08851 0.66990 -0.73715 e
201.05110 42.68096 -0.58549 -0.33067 -0.74018 e
201.67626 25.92483 0.09148 -0.91543 0.39195 e
201.68424 80.44345 -0.84998 0.14893 -0.50533 e
202.39141 48.59287 -0.60199 -0.60920 -0.51622 e
203.15933 26.13392 -0.88309 -0.12422 0.45245 e
205.52801 67.84091 0.43186 0.86297 -0.26225 e
205.55068 55.37581 0.23539 -0.79072 0.56512 e
207.54426 45.56864 0.03319 -0.08106 -0.99616 e
207.68903 24.42656 0.76404 -0.32313 0.55842 e
207.85750 74.97784 -0.80859 -0.58620 -0.05053 e
207.89419 36.23839 0.60032 0.11821 -0.79097 e
208.49662 56.23025 0.22986 -0.86219 -0.45143 e
208.75827 55.90882 0.06828 -0.99648 0.04860 e
209.23400 54.89506 -0.20680 -0.44117 -0.87327 e
209.26929 19.23038 0.77756 0.12867 -0.61550 e
209.84034 36.51877 0.48720 -0.73504 -0.47155 e
212.35393 31.83310 0.26347 -0.42918 0.86394 e
212.51203 32.58778 0.85881 0.08217 -0.50566 e
212.67163 29.44215 -0.57808 -0.67029 -0.46532 e
213.39374 57.58907 0.81281 -0.52211 -0.25835 e
213.55442 55.68064 -0.65856 0.71659 0.22978 e
213.64499 59.43776 -0.57682 -0.35835 -0.73407 e
215.54244 33.60055 -0.61734 -0.37918 -0.68929 e
215.78304 44.04986 -0.64839 -0.73246 -0.20759 e
215.92662 80.45899 -0.41990 -0.35410 -0.83564 e
216.03848 45.57528 0.98932 -0.00540 0.14563 e
216.18731 35.46106 -0.11859 0.92366 -0.36440 e
216.24725 60.43446 -0.79394 0.46145 -0.39589 e
216.54630 63.75809 0.23081 0.88033 -0.41442 e
216.59153 59.96351 0.72906 -0.44227 -0.52236 e
217.52344 46.20857 -0.16745 -0.96401 0.20652 e
217.59135 47.70042 0.89838 -0.43774 0.03602 e
219.42731 80.41844 0.64598 -0.26337 -0.71648 e
219.95465 41.48844 0.47892 -0.22675 -0.84807 e
220.31421 74.50336 -0.30463 0.75625 0.57904 e
220.47540 52.26717 0.52245 -0.58568 -0.61969 e
221.63076 49.96921 0.13522 -0.90525 -0.40279 e
221.91038 46.87503 0.82745 0.44809 -0.33845 e
222.39445 34.31269 0.71900 -0.66870 0.18941 e
222.64372 17.16943 0.37475 0.92030 -0.11232 e
223.61256 28.44770 -0.39230 0.83979 -0.37531 e
223.86835 26.38207 0.57006 -0.37728 -0.72986 e
225.52790 22.90950 0.70233 0.65960 0.26769 e
225.95858 38.11014 -0.55764 0.57757 0.59619 e
226.49664 60.59525 -0.90401 0.38255 0.19084 e
227.25361 49.93742 0.78362 -0.48221 -0.39167 e
227.45727 51.70393 0.72188 0.23381 -0.65133 e
227.98635 26.20663 0.51602 -0.48946 0.70296 e
228.85283 59.76830 -0.85840 -0.18479 -0.47855 e
229.86021 43.39254 -0.09860 0.12425 -0.98734 e
230.31875 48.79721 0.39907 0.31885 -0.85970 e
230.80893 44.53332 -0.43103 0.58984 -0.68286 e
230.82636 27.43213 -0.64455 0.75617 0.11297 e
231.23317 20.54426 0.36076 0.32221 -0.87523 e
231.62501 37.12222 0.68253 0.07221 -0.72728 e
231.93605 42.34405 0.06388 -0.88826 -0.45487 e
233.02790 51.69035 0.38587 0.91403 0.12510 e
233.23625 39.08379 0.44856 -0.26151 0.85463 e
233.43544 78.54647 -0.05998 -0.67018 -0.73977 e
233.46213 62.86554 0.14826 -0.95325 0.26331 e
235.04262 44.73788 -0.06592 0.50609 -0.85996 e
235.06585 78.64769 0.64348 0.52986 0.55242 e
235.80007 42.95144 -0.12063 0.96077 0.24975 e
236.32836 29.65895 -0.24277 -0.82538 -0.50971 e
236.43962 66.12602 0.51203 0.81414 -0.27385 e
236.81336 14.86953 0.43571 -0.12752 0.89101 e
236.92282 20.77979 -0.02583 -0.89276 -0.44978 e
237.01484 80.72060 -0.70086 0.58077 0.41413 e
238.22268 66.03749 0.21119 -0.45732 -0.86386 e
238.36063 36.99626 0.48236 -0.67640 -0.55660 e
238.60397 37.96940 0.85546 -0.24694 -0.45520 e
238.82516 44.59970 0.48369 -0.36245 -0.79666 e
238.85995 43.09411 -0.89560 0.17263 -0.40999 e
238.91667 22.64677 -0.46348 0.09326 -0.88119 e
239.00769 36.43155 0.49683 0.28009 -0.82141 e
239.01483 59.87311 -0.20225 -0.20246 -0.95818 e
239.37757 55.24015 -0.90778 0.40960 -0.09040 e
239.46282 34.18084 0.03598 0.74769 0.66307 e
239.74566 62.54249 0.61919 -0.72826 0.29365 e
239.83133 64.04095 0.66165 -0.58820 -0.46502 e
240.40006 70.28848 0.45323 0.58825 -0.66973 e
241.61715 61.48433 0.68723 0.72591 -0.02786 e
242.01396 35.91733 -0.24512 -0.90879 -0.33767 e
242.02624 70.93386 -0.52551 0.85053 -0.02101 e
243.07436 41.10792 -0.60475 0.78085 0.15670 e
243.15082 60.30705 -0.75310 0.45225 -0.47782 e
243.93918 54.25092 -0.00794 0.86205 -0.50676 e
244.12984 29.32561 0.51778 0.75668 0.39917 e
245.25038 55.43687 -0.66719 -0.74125 0.07344 e
245.52028 77.51205 -0.68022 -0.16412 -0.71440 e
246.43050 41.55304 -0.56981 0.51201 -0.64277 e
246.99943 58.75770 -0.55888 0.28297 -0.77947 e
247.91582 29.91656 0.93901 -0.27118 0.21147 e
248.06032 39.34770 -0.93404 0.35702 -0.01030 e
248.19420 22.00965 -0.97513 0.19985 -0.09577 e
248.41817 76.14744 -0.08716 0.50343 0.85963 e
249.68067 78.95097 0.82514 0.51157 0.23968 e
249.85115 60.77000 -0.63097 0.35054 -0.69209 e
250.00086 56.46363 -0.94875 -0.04037 0.31345 e
251.97541 37.24184 -0.32774 -0.89370 -0.30641 e
252.42808 45.55181 0.08060 0.42278 -0.90264 e
252.68893 32.16598 0.25691 -0.82029 0.51100 e
255.58515 44.20508 -0.60860 -0.37122 -0.70129 e
255.63547 41.47589 0.79930 -0.01784 -0.60067 e
256.61597 20.66219 -0.59645 -0.03042 -0.80207 e
257.79390 53.84644 0.87999 0.15786 0.44799 e
257.83855 53.08672 -0.92638 0.24176 -0.28873 e
258.11823 25.12575 -0.22223 0.64482 -0.73131 e
259.16257 71.66262 -0.47858 0.61767 -0.62405 e
259.96530 57.09910 0.89899 -0.43044 0.08090 e
260.71091 48.60711 -0.66077 0.01388 0.75046 e
261.67159 42.11376 0.58243 0.71457 0.38751 e
261.81886 46.68754 -0.21276 -0.60247 0.76926 e
263.07126 52.92484 -0.74513 -0.24820 0.61901 e
263.65687 10.69929 -0.46365 -0.36850 0.80575 e
265.35227 50.73492 -0.57970 0.81187 -0.06939 e
265.99455 37.51818 0.36212 0.51027 -0.78006 e
266.36268 24.74533 0.21163 -0.13642 0.96778 e
266.65068 20.45780 0.53333 0.67438 -0.51066 e
266.72656 68.34539 0.71340 0.63663 0.29286 e
267.02842 31.06882 -0.61283 0.77889 0.13329 e
267.14589 47.27697 0.06493 0.57168 -0.81790 e
267.15034 42.41849 0.15996 -0.34248 0.92581 e
267.40788 61.40857 -0.86904 0.46313 0.17400 e
268.04122 40.89543 -0.17920 -0.21539 -0.95994 e
268.35792 64.07630 0.64815 -0.75683 0.08435 e
269.17819 74.79316 -0.69243 0.67984 -0.24158 e
269.59489 71.20055 0.58398 0.56915 -0.57882 e
270.06899 33.65305 0.07996 -0.99157 -0.10198 e
271.45304 70.81158 -0.38871 -0.05815 -0.91952 e
271.67199 45.45868 -0.55434 0.30327 -0.77507 e
271.99346 38.69784 -0.77132 -0.63056 0.08631 e
273.23984 36.82882 -0.04410 0.60218 -0.79714 e
273.28111 30.63760 -0.47962 0.86264 -0.16069 e
274.81765 59.95131 -0.41921 -0.74709 -0.51586 e
274.87508 82.27429 -0.39353 -0.87224 -0.29040 e
274.88322 24.03081 -0.94830 -0.16708 0.26983 e
276.47965 59.03027 -0.18213 -0.87898 -0.44071 e
276.56673 68.84637 -0.61745 -0.06474 -0.78394 e
277.15966 37.96895 0.00215 0.96328 -0.26851 e
278.52750 72.57847 0.84101 -0.27034 -0.46864 e
279.35467 27.97324 0.42535 0.74553 -0.51310 e
279.40223 75.96995 0.86941 0.40285 -0.28608 e
279.67011 18.11663 0.49393 0.05076 0.86802 e
279.77175 45.90960 0.80901 -0.35676 -0.46715 e
279.82858 40.07381 -0.86871 0.02630 -0.49463 e
280.32569 25.46029 -0.98509 -0.15971 -0.06400 e
282.73281 55.51022 0.58440 0.14322 -0.79873 e
282.80885 27.82495 0.62997 -0.72176 -0.28670 e
282.91485 67.60868 0.19002 0.93665 -0.29425 e
283.57125 49.59537 0.68993 -0.04439 -0.72252 e
283.65337 23.00276 0.70167 0.68528 0.19507 e
283.95322 64.35511 -0.86643 -0.48760 0.10745 e
283.97109 32.33340 -0.85349 -0.38207 -0.35438 e
285.89388 62.12807 0.71852 0.11024 -0.68671 e
287.28410 31.27945 -0.37761 0.92475 -0.04741 e
287.60239 24.78943 0.57179 -0.30196 0.76281 e
287.74208 66.85289 -0.60990 -0.57291 -0.54754 e
287.95390 51.82179 -0.65821 0.12723 -0.74201 e
288.75451 49.16169 0.81291 0.47528 0.33659 e
288.91109 61.33329 0.02062 0.93291 -0.35952 e
289.11274 24.15189 0.83636 -0.08465 -0.54161 e
290.09468 22.74052 -0.62624 -0.07727 0.77579 e
290.11946 36.09862 0.54633 -0.78617 0.28890 e
291.28405 32.52439 0.95571 0.28480 0.07424 e
291.94084 42.51702 -0.94366 0.27246 -0.18781 e
292.45453 72.42868 -0.05265 -0.99364 0.09952 e
292.45626 37.92617 0.12127 0.20720 -0.97075 e
292.96694 20.33685 0.35968 -0.46862 0.80686 e
293.21987 46.98268 -0.63457 -0.10890 -0.76516 e
293.94526 52.61797 0.82626 0.50435 -0.25085 e
294.70283 46.16635 -0.50587 -0.32071 -0.80077 e
295.55702 36.93832 -0.78066 0.52706 0.33583 e
295.56565 29.63245 0.49461 -0.23403 0.83702 e
296.51690 36.86293 0.86382 -0.35928 -0.35319 e
296.79715 48.47643 0.94356 0.13723 -0.30142 e
297.13833 39.97920 -0.50150 0.58901 -0.63369 e
297.49789 57.35286 0.83037 -0.03391 0.55618 e
297.58314 42.53638 -0.51641 -0.82551 -0.22773 e
297.65134 46.59109 0.21045 -0.82468 -0.52499 e
298.19776 78.78121 -0.54986 0.80679 0.21619 e
298.41835 76.04089 0.58549 -0.13033 -0.80013 e
298.82593 20.65819 0.06022 -0.76588 -0.64016 e
298.91305 58.44473 -0.94414 -0.32028 0.07754 e
299.34082 62.21713 0.52226 0.84837 0.08667 e
299.83692 75.21902 0.34769 -0.87978 -0.32419 e
299.96562 33.57118 -0.53425 0.49788 -0.68315 e
300.30523 39.56345 0.70075 -0.66058 -0.26942 e
301.30339 68.03848 0.86054 0.49846 -0.10494 e
301.52239 43.57816 -0.16706 0.97549 -0.14323 e
301.97492 58.34700 0.14585 -0.79265 -0.59197 e
302.95274 44.67244 -0.54020 0.02905 -0.84103 e
303.21919 34.84014 -0.40368 -0.87095 -0.28015 e
306.38673 25.55892 -0.44381 -0.30701 -0.84189 e
306.55205 30.64150 -0.55413 0.76451 0.32934 e
307.82878 75.72637 0.07446 -0.93100 0.35734 e
308.16637 72.43370 0.35181 0.58114 -0.73383 e
308.43964 79.93630 -0.34944 -0.78891 -0.50549 e
308.78095 33.06505 -0.67111 -0.73856 -0.06436 e
309.32409 32.64092 0.09279 0.96778 -0.23406 e
310.11800 52.33155 -0.01746 -0.12722 -0.99172 e
310.42518 61.46288 0.72586 0.68564 -0.05508 e
310.93197 58.93999 0.26816 -0.21429 -0.93924 e
311.07502 40.55353 -0.26595 -0.59839 -0.75578 e
311.29732 29.16748 0.67177 0.16581 -0.72196 e
311.46346 59.41082 -0.18953 -0.26269 -0.94608 e
312.07344 53.78614 -0.19012 0.34364 -0.91965 e
312.30448 53.89361 0.15563 -0.89516 0.41769 e
312.57430 41.01868 -0.19538 -0.40767 -0.89198 e
312.73875 79.85337 0.37590 0.92078 0.10422 e
312.77915 74.99870 -0.99594 0.04138 -0.07989 e
312.78714 34.57593 -0.20777 -0.80546 -0.55504 e
312.89221 40.53911 -0.67418 0.08299 -0.73389 e
313.48485 20.74161 -0.37939 -0.91637 -0.12777 e
313.60827 44.21132 0.61896 -0.70814 0.33974 e
313.64055 30.72008 -0.84205 0.33029 -0.42645 e
314.02100 79.57049 -0.83431 -0.04711 -0.54928 e
315.27785 25.02966 0.83714 -0.05828 0.54388 e
315.38788 66.34393 -0.00291 -0.93683 -0.34978 e
316.62613 23.90470 0.62974 -0.34961 -0.69368 e
317.47199 51.01321 0.24739 -0.58187 -0.77474 e
317.62986 32.97440 0.43143 -0.90175 -0.02662 e
318.04937 62.69172 0.29644 -0.73180 -0.61367 e
318.60949 71.44225 -0.75015 0.58097 0.31583 e
319.67450 39.42848 -0.66746 0.73107 -0.14155 e
320.63575 46.45198 0.98587 -0.13255 -0.10244 e
320.79599 76.89861 -0.66276 -0.67432 0.32564 e
320.96922 69.51838 -0.95239 0.29709 -0.06853 e
321.24320 34.69151 0.61907 -0.21959 -0.75401 e
321.32629 28.57341 0.62916 -0.77075 -0.10051 e
321.89591 56.79258 -0.79218 -0.43150 -0.43158 e
323.03702 75.22620 -0.62858 0.69797 -0.34309 e
323.23008 51.17739 -0.50849 0.57867 -0.63764 e
323.79918 68.69380 -0.21234 0.69633 -0.68559 e
324.28317 73.75099 -0.80083 0.07350 0.59437 e
325.31031 71.08878 0.17710 -0.98321 0.04390 e
325.59450 48.25908 -0.04143 -0.99404 0.10085 e
326.62392 32.61192 -0.77582 -0.60842 0.16712 e
326.95904 22.61195 -0.73553 0.27123 -0.62083 e
327.09788 51.62238 -0.17323 -0.02003 -0.98468 e
327.73530 69.04821 -0.58155 0.69854 -0.41694 e
328.16305 59.66340 -0.59182 0.76852 0.24317 e
328.56149 68.86478 -0.81614 -0.33579 -0.47028 e
328.60801 32.32862 -0.95784 -0.05979 -0.28103 e
328.89545 64.93482 -0.14018 0.84444 -0.51698 e
328.91086 64.28912 -0.63037 0.37323 -0.68069 e
329.31284 54.66924 0.07035 0.18633 -0.97996 e
329.46895 55.29049 -0.35144 0.02412 -0.93590 e
330.70370 43.32886 0.04831 -0.10975 -0.99279 e
331.15873 58.94636 -0.10456 -0.75933 -0.64225 e
331.50639 66.30374 -0.30826 -0.41722 -0.85493 e
331.80487 60.22957 -0.78193 -0.59671 0.18031 e
332.01830 57.74447 -0.42676 0.85646 -0.29044 e
332.15257 69.18316 0.40740 0.37991 -0.83048 e
333.75122 56.53676 0.10663 0.01767 -0.99414 e
334.83245 32.22856 -0.01024 0.70667 -0.70747 e
335.28394 55.02163 -0.07014 -0.71387 -0.69676 e
335.57868 31.32841 -0.27616 -0.11611 -0.95407 e
336.60004 52.12362 0.68632 0.17490 -0.70596 e
337.12844 43.74497 -0.30439 0.90499 -0.29723 e
337.25490 60.18231 -0.80810 0.58054 0.09973 e
337.48455 64.61906 0.68822 0.50539 -0.52052 e
337.87802 56.05931 -0.83523 0.37365 -0.40346 e
337.97801 63.02707 -0.15031 0.84179 -0.51845 e
338.00863 20.43763 -0.78179 -0.62326 -0.01896 e
338.08905 55.52200 -0.95035 -0.31116 0.00311 e
338.31013 68.20270 -0.87098 -0.09781 -0.48148 e
339.52295 70.67318 -0.01418 -0.58613 -0.81009 e
339.55518 45.30979 -0.95161 0.26638 0.15326 e
340.21168 84.33165 -0.65565 0.02945 -0.75449 e
340.72573 50.50385 -0.78732 -0.29302 0.54247 e
341.41312 66.34131 0.80268 0.23227 -0.54932 e
342.23670 65.34797 0.25508 0.87836 -0.40424 e
342.97314 66.89399 0.46203 0.87851 0.12143 e
342.97604 18.21954 -0.78155 -0.60086 -0.16774 e
343.06947 67.20258 -0.88948 0.45645 -0.02209 e
343.28733 19.64473 0.22868 -0.93066 -0.28560 e
343.55005 78.43283 -0.40342 -0.55935 -0.72414 e
343.66815 40.72627 0.16275 -0.97248 -0.16671 e
343.97583 42.97475 -0.93178 -0.06776 -0.35664 e
345.24881 48.69058 0.20720 0.94137 0.26627 e
345.97255 79.73676 -0.07391 0.42475 -0.90229 e
346.04035 72.56428 -0.66116 0.36462 0.65569 e
347.75497 30.40590 0.87442 0.02320 -0.48462 e
348.85997 20.99778 0.40702 0.73697 -0.53965 e
349.23255 65.82373 -0.38333 0.66327 -0.64275 e
349.39833 29.29654 0.95389 -0.23003 -0.19280 e
349.81615 30.11170 0.30545 0.40800 -0.86037 e
351.39698 47.04227 0.06221 -0.46002 -0.88573 e
351.68030 35.99013 0.73367 0.57901 -0.35562 e
351.72386 29.13723 0.59825 -0.36833 -0.71164 e
351.74950 28.04703 0.41105 -0.07737 0.90832 e
351.98211 40.57483 -0.39705 0.69843 -0.59543 e
352.72672 82.95574 -0.21786 -0.63953 -0.73725 e
352.75326 20.63679 0.27814 0.88567 0.37179 e
353.12402 41.60529 0.46150 0.60110 0.65246 e
353.84333 31.29656 0.28873 -0.94453 -0.15652 e
354.56549 74.99275 0.30372 0.35829 -0.88283 e
356.55760 16.92046 0.52693 0.79601 0.29786 e
357.72852 42.30446 0.72573 -0.30101 -0.61864 e
357.79930 51.08387 0.61517 0.11319 -0.78022 e
357.85454 33.47115 0.30864 0.24505 -0.91907 e
359.32804 55.27971 0.54939 0.83156 -0.08171 e
359.33556 61.85721 0.30082 -0.92549 0.23016 e
359.56776 58.68728 0.08685 0.64673 -0.75776 e
361.51671 67.83575 -0.91534 -0.19562 0.35198 e
361.51902 29.20704 0.67447 -0.07268 -0.73471 e
361.53001 29.47415 -0.46782 0.41639 -0.77959 e
361.65498 68.76962 -0.26502 0.05440 -0.96271 e
363.17560 57.13202 -0.37734 -0.31139 -0.87215 e
364.51498 46.86088 -0.51953 0.18933 -0.83322 e
365.73078 33.75115 0.71736 0.19566 -0.66867 e
365.73800 72.61521 0.55602 -0.77406 0.30277 e
366.45495 28.50751 0.77570 0.06875 0.62734 e
368.29597 71.05510 -0.37392 -0.76859 0.51910 e
369.83469 64.29320 0.42673 0.32689 -0.84323 e
370.68467 45.43517 0.24718 -0.59332 -0.76608 e
370.97780 78.16152 -0.78213 0.60198 -0.16088 e
372.22424 46.73980 0.95932 0.10700 0.26126 e
373.91064 51.61928 -0.58471 -0.78551 -0.20270 e
374.75504 43.77168 0.83212 -0.41714 -0.36547 e
374.88349 25.68368 -0.84338 0.47614 -0.24899 e
377.36615 51.83535 -0.85143 -0.43394 0.29457 e
377.98737 54.25751 -0.06674 0.53737 -0.84070 e
379.23122 42.29705 0.49847 0.68513 0.53115 e
383.47415 25.11357 -0.07058 0.90655 -0.41616 e
384.03270 39.94570 0.18256 -0.60088 -0.77822 e
385.12381 31.85836 -0.92394 -0.06741 -0.37654 e
387.02389 21.72160 0.13972 0.56943 -0.81008 e
388.71079 70.94248 0.54767 -0.72310 0.42094 e
390.62407 43.26820 -0.60049 0.31873 -0.73336 e
391.88756 83.72930 -0.12668 -0.80377 -0.58130 e
395.60216 11.39907 -0.95467 0.05001 0.29343 e
401.37694 30.50333 0.41409 -0.28020 -0.86604 e
401.99271 23.20185 0.40905 0.77354 -0.48407 e
405.11575 62.28803 -0.29928 0.47067 -0.83000 e
409.41870 30.70809 0.64167 -0.52894 0.55541 e
413.78484 20.78526 -0.75369 0.63576 -0.16659 e
417.29621 33.75586 0.05470 -0.36901 -0.92781 e
418.60918 20.40113 0.30934 -0.77399 0.55248 e
420.44562 23.36125 -0.10197 -0.42644 0.89875 e
422.21748 46.88922 0.89650 -0.25657 0.36118 e
424.09171 17.79014 -0.57994 0.04223 -0.81357 e
425.89218 74.35741 0.48524 -0.56567 -0.66675 e
437.52482 77.46587 0.57178 -0.79553 -0.20048 e
439.66355 22.51325 -0.21912 -0.96334 -0.15481 e
440.21020 13.97235 -0.42381 -0.57828 -0.69712 e
442.34099 17.68450 0.08166 0.36670 0.92675 e
442.41493 63.09314 -0.72418 -0.68825 0.04329 e
473.43957 35.96807 -0.03012 0.15396 0.98762 e
476.60191 58.01320 0.68379 0.48101 -0.54869 e
480.67437 31.98469 -0.52406 -0.53095 -0.66592 e
484.04951 23.66022 -0.29699 0.95477 -0.01468 e
604.85852 29.32502 0.88065 -0.31492 0.35395 e
616.58286 28.21925 0.02521 -0.43036 0.90231 e
724.66787 21.76658 -0.73529 0.66933 -0.10654 e
743.78974 23.39438 -0.77829 -0.61716 0.11567 e
753.65404 25.96913 0.94304 0.03241 -0.33111 e
801.95423 33.18419 0.95892 -0.07492 -0.27361 e
803.64654 15.32785 0.13154 -0.35242 0.92655 e
832.04942 33.66879 0.38326 0.83453 0.39581 e
849.75283 40.98348 0.79622 0.59938 -0.08225 e
862.92615 21.67239 0.87587 -0.23542 -0.42122 e
868.67916 27.74755 -0.52340 0.39732 0.75378 e
903.56419 45.18432 0.79904 0.44671 -0.40247 e
951.97616 11.30556 0.65064 0.42118 -0.63188 e
999.02779 28.66935 -0.51892 0.79898 -0.30390 e
1012.06282 19.20170 0.00576 0.09386 -0.99557 e
1024.19097 22.71986 -0.53134 -0.84613 -0.04178 e
1096.72393 35.33568 0.49210 0.29723 -0.81822 e
1120.73772 28.90443 0.36148 0.67000 -0.64841 e
1226.79029 7.22308 -0.40076 -0.40050 0.82401 e
1230.71834 11.68259 -0.27190 0.91529 -0.29717 e
1304.43355 11.56991 0.06119 0.25715 0.96443 e
1323.38296 22.36920 -0.86679 0.21133 0.45167 e
1327.48418 25.54723 -0.49259 0.84857 0.19309 e
1359.05223 20.57399 0.02171 0.18606 -0.98230 e
1375.19167 15.40860 0.60331 -0.47933 0.63739 e
1388.10645 25.37004 -0.23467 -0.10799 -0.96606 e
1492.63188 22.76105 0.90923 0.38247 -0.16440 e
1502.82503 37.07797 -0.09353 -0.77696 0.62256 e
1864.02428 18.94576 0.97524 -0.02791 -0.21940 e
1924.64331 25.48549 -0.02025 -0.64695 -0.76226 e
1969.85726 78.71905 -0.25450 0.89661 0.36237 e
1987.73712 18.55572 0.58154 -0.79674 -0.16436 e
2042.53924 18.48398 -0.66387 -0.70140 -0.25944 e
2082.65961 36.86264 0.49187 -0.65267 0.57627 e
2114.24045 37.33145 0.15163 0.90201 -0.40421 e
2115.47433 14.60156 0.57108 0.67720 0.46397 e
2176.67788 25.67988 0.11796 0.83719 -0.53404 e
2209.52259 27.26519 -0.47314 -0.48409 -0.73607 e
2280.22417 16.39422 -0.28298 -0.46956 0.83633 e
2325.15628 28.07481 -0.15389 -0.71704 -0.67983 e
2394.51228 28.21627 -0.68537 0.00529 -0.72818 e
2499.16708 26.83027 0.67470 0.05302 -0.73618 e
2513.89900 20.67932 0.67760 -0.09093 -0.72979 e
2533.07387 20.75934 0.83310 -0.53025 -0.15741 e
2544.34715 17.12523 -0.33779 0.93521 -0.10622 e
2844.00244 15.97081 0.28919 -0.00044 -0.95727 e
3035.76415 10.61297 -0.80321 0.08366 0.58979 e
3151.57350 25.12933 0.01048 -0.50318 -0.86412 e
3335.55448 83.34820 -0.55311 -0.01356 0.83300 e
3575.38756 20.42815 0.74195 0.65952 -0.12058 e
3620.41748 46.18156 -0.53628 -0.32007 -0.78100 e
3842.99615 19.94073 -0.03090 0.54908 0.83520 e
3950.33639 30.50893 -0.99120 0.11216 -0.07028 e
4133.65612 80.39305 -0.37258 0.62993 -0.68144 e
4225.18931 48.63603 0.99159 0.12083 0.04635 e
4236.06237 36.56043 -0.69956 -0.50268 -0.50787 e
4470.13352 22.42897 -0.00258 0.93057 0.36609 e
4636.34009 37.09169 -0.57286 0.43393 -0.69537 e
4647.04045 13.82009 0.49616 0.54189 -0.67836 e
4719.00353 22.66207 -0.65964 -0.73202 -0.17037 e
4952.39570 19.17196 0.60363 -0.79074 -0.10181 e
5368.99644 28.90799 -0.23106 -0.43784 0.86885 e
5638.31120 79.09239 0.14478 -0.90308 -0.40433 e
5702.93788 14.38143 0.49237 -0.41712 -0.76393 e
5705.13814 73.60733 0.41480 -0.58851 -0.69397 e
5742.54459 47.99547 0.57361 -0.59030 0.56790 e
5864.00771 20.38507 -0.99012 -0.10874 -0.08850 e
6495.82656 28.27479 -0.87664 0.47481 -0.07785 e
7219.63440 14.85859 0.32319 -0.55374 -0.76741 e
7378.74157 23.68754 -0.34928 0.52516 0.77602 e
7847.00035 6.54310 0.24627 0.47680 -0.84381 e
8077.93989 13.53971 -0.46980 0.57702 -0.66808 e
8564.96590 7.59562 0.48959 -0.62967 -0.60317 e
9004.15544 14.33969 -0.77263 0.59638 0.21765 e
9066.90750 27.43914 0.35611 0.90547 -0.23088 e
9430.63895 24.08452 0.56592 -0.47099 0.67669 e
10388.84826 24.95445 -0.51520 0.74730 -0.41965 e
11433.98840 19.72542 -0.07855 0.98587 0.14793 e
12314.74143 28.43486 -0.66285 0.56048 0.49649 e
12445.75391 13.11028 0.89063 0.44365 0.09975 e
12591.42731 24.33919 -0.60517 -0.07416 0.79263 e
12735.88688 33.10846 0.83244 -0.51547 -0.20332 e
13485.40027 17.64207 0.21073 -0.97574 -0.05930 e
18419.17337 16.99927 0.34989 0.70803 -0.61341 e
