16.30946 70.87283 -0.50337 -0.54072 -0.67397 eb
19.71131 31.88602 0.24525 0.48279 -0.84070 eb
19.82843 22.90213 0.57496 -0.63581 -0.51494 eb
20.24535 42.56153 -0.25818 0.72346 -0.64027 eb
20.42192 38.06538 -0.98134 0.12714 0.14427 eb
20.53305 56.17829 0.91616 0.33030 -0.22705 eb
20.54608 68.40143 0.91720 0.06924 0.39236 eb
20.57473 59.35652 0.42123 0.05387 -0.90535 eb
20.74452 62.87141 0.81276 0.09108 -0.57544 eb
21.05078 16.03013 0.05546 0.13139 -0.98978 eb
21.13225 61.82034 0.13591 0.62059 -0.77227 eb
21.34608 10.03229 -0.25615 0.96625 0.02727 eb
21.47954 24.51107 0.38215 0.35933 -0.85137 eb
22.13722 55.45639 -0.78939 0.42387 -0.44408 eb
22.24165 47.43913 -0.28513 0.34048 -0.89598 eb
22.49414 79.67497 -0.73986 -0.15869 -0.65377 eb
22.62379 83.47088 0.38354 0.28662 0.87792 eb
22.67625 68.46665 -0.01081 -0.41338 -0.91050 eb
23.08864 29.28840 -0.86999 0.37287 -0.32262 eb
23.12474 87.78330 -0.64018 0.68963 -0.33849 eb
24.04849 47.40051 -0.73533 0.58045 0.34980 eb
24.13842 78.29486 0.66866 -0.01905 0.74332 eb
24.32974 86.40187 -0.69755 0.38917 -0.60164 eb
24.38717 85.41543 0.76039 0.62545 0.17497 eb
24.41199 67.43255 -0.13797 0.76701 -0.62662 eb
24.57727 38.95426 0.39738 -0.09853 -0.91235 eb
24.69051 35.01658 0.83299 -0.40025 -0.38201 eb
24.85725 79.66123 0.59738 0.80064 0.04592 eb
24.89007 51.99415 -0.61494 -0.31567 -0.72263 eb
24.90544 74.17977 0.35840 0.18110 -0.91583 eb
25.62462 44.98801 0.72242 -0.49079 -0.48706 eb
25.65847 55.28114 0.16741 0.57308 -0.80222 eb
25.84464 50.00089 0.50653 0.21037 -0.83617 eb
26.07941 75.99111 0.66556 -0.05141 -0.74457 eb
26.09600 53.54836 -0.40084 0.26566 -0.87678 eb
26.15066 83.65714 -0.85220 -0.51830 -0.07156 eb
26.20996 64.67716 -0.66349 0.74808 -0.01242 eb
27.45836 50.49119 0.12250 -0.57164 -0.81131 eb
27.46595 42.02161 -0.30980 0.49403 -0.81238 eb
27.47275 55.77607 -0.55363 0.60551 0.57171 eb
27.62307 61.29907 0.71722 -0.57531 -0.39322 eb
27.73612 84.31523 0.82977 -0.50471 0.23820 eb
27.80811 24.53390 -0.11636 0.34031 -0.93309 eb
28.12647 65.89287 -0.53761 -0.63489 -0.55488 eb
28.17509 38.86988 -0.04394 0.70037 -0.71243 eb
28.38264 58.43043 -0.48243 0.45180 -0.75043 eb
28.51187 74.34281 0.12621 0.62113 -0.77348 eb
28.77328 60.57920 0.49921 0.07329 -0.86337 eb
28.83869 86.89541 -0.52146 0.01688 -0.85311 eb
28.98362 51.29827 0.00821 0.26493 -0.96423 eb
29.00708 73.04561 0.50077 -0.75081 -0.43072 eb
29.11003 73.33745 0.97609 0.21547 -0.02868 eb
29.35031 45.75653 0.91463 0.39155 0.10072 eb
29.67352 73.09760 -0.36232 -0.53904 -0.76037 eb
29.71817 71.92162 -0.72951 -0.26936 -0.62870 eb
30.12791 34.33340 0.02153 -0.04382 -0.99881 eb
30.21164 50.15643 -0.30279 -0.47656 -0.82535 eb
30.28293 43.33235 0.42936 -0.83799 -0.33678 eb
30.39695 47.89910 -0.73522 0.51313 -0.44289 eb
30.42583 86.46654 0.12399 -0.91408 -0.38612 eb
30.43022 88.07436 0.69474 0.54402 -0.47050 eb
30.43519 68.09938 -0.09580 0.46293 -0.88120 eb
30.65437 86.90360 -0.14506 0.02851 -0.98901 eb
30.81155 40.34093 0.50252 0.68995 -0.52100 eb
30.87654 65.12198 0.08349 -0.17422 -0.98116 eb
31.00124 26.45681 -0.98536 0.15615 -0.06851 eb
31.04387 25.60801 -0.81571 -0.24169 -0.52556 eb
31.38360 25.84195 -0.81574 -0.57691 -0.04173 eb
32.45298 18.74480 0.53015 -0.32473 -0.78326 eb
32.57196 51.80934 0.67012 -0.72299 0.16800 eb
32.92545 51.64269 0.18764 0.72286 -0.66503 eb
33.10176 55.20997 -0.39239 -0.88304 0.25744 eb
33.61960 70.24705 -0.66847 -0.50816 -0.54307 eb
33.66654 58.22227 -0.17009 -0.72738 -0.66483 eb
33.71323 61.52214 -0.18023 0.09725 -0.97880 eb
33.78138 20.79343 0.66059 0.26275 -0.70327 eb
33.79854 31.75593 -0.18961 -0.39469 -0.89903 eb
34.00635 74.51152 -0.55847 -0.68183 -0.47246 eb
34.50090 67.02756 -0.97100 -0.21092 0.11260 eb
34.54124 55.22657 0.04300 0.87939 -0.47416 eb
34.96667 18.17419 0.85391 -0.42734 0.29700 eb
34.97661 43.93536 0.69490 0.45620 -0.55587 eb
35.02175 36.97672 -0.92323 -0.04775 -0.38127 eb
35.33885 77.25235 0.38877 0.45435 0.80152 eb
35.87201 53.20139 -0.26718 0.96325 0.02780 eb
35.89951 32.74176 0.75136 0.65105 0.10768 eb
35.95189 41.77955 -0.65884 -0.29401 -0.69245 eb
35.95610 30.56261 0.91532 0.19603 -0.35179 eb
36.08203 76.82708 -0.09898 0.54914 -0.82985 eb
36.32751 26.94854 -0.85315 0.52089 -0.02829 eb
36.49652 35.37252 0.21629 0.68612 -0.69460 eb
36.59941 50.86066 -0.50885 0.34870 -0.78707 eb
36.70306 18.67170 -0.23733 0.05802 0.96970 eb
36.95814 26.38379 0.05263 0.99564 0.07696 eb
37.41295 47.01926 -0.94194 -0.29740 0.15586 eb
37.61995 53.42051 0.60946 -0.49171 -0.62192 eb
37.96993 74.10216 -0.84027 -0.11376 -0.53009 eb
38.00499 37.23108 -0.00661 -0.30910 -0.95101 eb
38.12185 59.73360 0.98027 0.19619 0.02408 eb
38.18328 41.98952 0.17085 0.89247 0.41750 eb
38.39322 69.44402 0.44780 -0.21573 -0.86772 eb
38.40419 47.49407 0.58615 0.60079 0.54358 eb
38.46133 71.92160 0.93739 0.26621 0.22457 eb
38.46492 57.66336 -0.12462 0.30923 -0.94279 eb
38.52757 65.56531 0.41836 0.90597 0.06468 eb
38.78994 25.93709 0.80863 -0.43369 0.39753 eb
39.23737 40.81209 -0.74438 0.09537 -0.66091 eb
39.31217 81.50158 0.78687 -0.48281 -0.38436 eb
39.40926 54.20071 0.81424 -0.50938 -0.27845 eb
39.58515 77.59623 0.84833 -0.48387 -0.21496 eb
39.61917 61.45877 0.69709 0.45023 -0.55799 eb
39.75136 24.81666 -0.98901 -0.14611 0.02270 eb
39.82349 64.45863 -0.32914 0.58945 -0.73771 eb
39.82395 79.56620 -0.70388 -0.05779 -0.70796 eb
39.94247 79.17500 -0.08597 -0.65428 -0.75135 eb
40.01268 51.70063 -0.98455 0.06163 0.16391 eb
40.31376 84.08645 0.26888 -0.09906 -0.95807 eb
40.46093 35.13671 -0.36154 0.04907 -0.93106 eb
40.48350 65.17282 -0.75714 -0.64974 0.06766 eb
40.65247 34.10897 0.65300 0.63773 0.40853 eb
41.09436 22.02342 -0.58796 -0.21002 0.78115 eb
41.42037 68.24062 0.39090 0.92040 0.00739 eb
41.52341 72.32802 -0.78557 -0.61601 0.05846 eb
41.85481 30.26452 0.23211 -0.26083 0.93707 eb
41.92452 38.31626 0.61978 -0.72098 -0.30994 eb
41.98394 55.63015 -0.50174 -0.12497 -0.85594 eb
41.98889 83.82249 -0.31252 0.75920 -0.57092 eb
42.63077 86.00752 -0.45923 0.86109 0.21824 eb
42.64903 61.81056 0.28839 -0.19455 -0.93754 eb
42.97545 58.18098 -0.55053 0.22895 -0.80281 eb
43.10532 66.12355 0.89151 0.01378 -0.45279 eb
43.23239 57.82869 -0.11566 0.30227 -0.94618 eb
43.73042 61.16137 -0.07601 0.57262 -0.81629 eb
43.73169 20.90306 -0.94327 0.33109 0.02488 eb
44.16172 80.43233 0.95413 -0.28665 -0.08640 eb
44.45151 58.71727 0.52248 0.77209 0.36178 eb
45.14036 39.21413 -0.26309 0.95598 -0.12998 eb
45.21127 31.29032 -0.79075 0.59990 -0.12184 eb
45.81625 18.03826 -0.89619 -0.21544 0.38785 eb
46.08036 33.73089 -0.02445 0.71373 -0.70000 eb
46.08366 32.41403 0.05665 0.96297 0.26358 eb
46.90525 81.03468 -0.46857 0.29345 -0.83326 eb
47.03844 22.14684 0.63896 -0.71213 -0.29087 eb
47.07440 23.96321 -0.97787 -0.18495 0.09780 eb
47.17893 26.45436 -0.76365 0.35191 -0.54129 eb
47.21381 55.43867 -0.67172 0.73706 0.07441 eb
47.44530 85.87860 -0.79268 -0.41819 0.44360 eb
47.78707 60.21018 0.34354 0.07312 -0.93629 eb
47.90197 31.82406 -0.95096 -0.18529 -0.24769 eb
48.30691 40.50760 0.10303 0.94996 -0.29488 eb
48.38813 27.12089 -0.04057 0.30223 -0.95237 eb
48.42860 40.99333 -0.09486 -0.85359 -0.51223 eb
48.60753 36.20982 0.38767 0.58950 -0.70866 eb
48.64010 52.72510 -0.80659 0.36085 -0.46819 eb
48.75233 59.09239 0.74997 0.47703 -0.45824 eb
48.87411 84.91070 0.92769 -0.33627 -0.16223 eb
48.98877 52.94478 -0.61748 0.78339 -0.07083 eb
49.01541 73.63013 -0.40798 0.89979 0.15471 eb
49.29653 67.26052 0.93598 -0.06230 0.34649 eb
49.62015 87.09560 -0.03948 0.99812 -0.04696 eb
49.91181 31.43091 -0.49803 -0.72914 -0.46939 eb
50.21418 45.30388 -0.54026 0.46637 0.70045 eb
50.58339 61.51328 -0.74274 -0.49850 -0.44703 eb
50.59928 87.60844 -0.25452 0.74090 -0.62151 eb
51.02733 46.47661 -0.93042 0.36439 0.03922 eb
51.85944 37.91082 -0.85213 -0.38314 -0.35649 eb
51.97759 70.78350 -0.79830 0.00384 -0.60224 eb
52.07215 48.74829 -0.19057 -0.75762 -0.62426 eb
52.65256 50.48357 -0.16024 -0.10837 -0.98111 eb
52.86422 49.55111 0.74464 0.63448 -0.20724 eb
53.13016 67.41191 -0.52517 -0.04436 -0.84984 eb
53.17204 35.17307 -0.18700 -0.49298 -0.84970 eb
53.83781 58.73407 -0.04524 -0.67553 -0.73594 eb
54.07019 81.63397 0.19603 -0.97894 0.05701 eb
54.71205 44.65156 -0.48141 -0.67331 0.56116 eb
54.93059 22.44840 0.65430 -0.75480 0.04669 eb
55.83584 80.01985 0.15195 -0.57652 -0.80283 eb
55.94765 82.31684 0.52314 0.81238 0.25763 eb
56.06738 48.92461 0.62621 0.77151 0.11239 eb
56.75551 14.88337 0.55174 0.82956 0.08609 eb
56.78829 51.59809 -0.54251 -0.58072 -0.60700 eb
56.80125 34.74935 -0.03308 -0.75087 -0.65962 eb
57.15435 54.78903 -0.79015 -0.61136 -0.04357 eb
57.28706 30.22037 0.79215 -0.05125 -0.60817 eb
57.90485 62.76387 0.25342 -0.71402 -0.65266 eb
57.97282 82.73512 -0.35220 0.29109 -0.88951 eb
58.05735 72.46928 -0.64336 0.43493 -0.63002 eb
58.09814 46.02090 0.47964 -0.78933 -0.38329 eb
58.74928 62.91365 0.84364 -0.33788 -0.41726 eb
58.80021 53.67592 -0.17748 0.59323 -0.78523 eb
59.07728 44.71785 -0.81853 -0.24305 0.52051 eb
60.11125 29.17530 0.81434 -0.20136 -0.54433 eb
60.15422 12.45780 -0.20499 -0.19544 -0.95905 eb
60.17480 55.37730 -0.64317 0.23366 -0.72920 eb
60.27376 59.60983 -0.15733 -0.98751 0.00782 eb
60.31421 57.15172 0.87682 -0.41899 -0.23589 eb
60.67119 37.54510 0.71359 0.21561 -0.66656 eb
60.95055 75.04038 0.01628 -0.85552 -0.51751 eb
61.18423 37.72455 0.70005 -0.64327 0.31006 eb
61.41190 79.23821 0.62475 0.71745 -0.30814 eb
61.54079 47.89718 0.69477 0.64566 0.31688 eb
61.57518 58.78664 -0.88954 -0.19065 -0.41518 eb
61.77648 57.46408 -0.75621 -0.64975 -0.07721 eb
61.79866 77.11018 0.93086 -0.27485 0.24076 eb
61.90434 27.15541 -0.44341 0.84884 -0.28785 eb
62.06625 62.71893 0.56912 0.60028 -0.56194 eb
62.38273 68.27883 0.48853 0.38857 -0.78125 eb
62.55615 18.02379 0.18971 -0.14864 -0.97052 eb
62.89607 45.26802 0.50696 0.25507 -0.82336 eb
63.29344 46.29042 0.57767 -0.80348 0.14393 eb
63.56372 71.06646 -0.01811 -0.90921 -0.41594 eb
63.59876 46.32239 -0.97924 0.07390 0.18877 eb
63.77673 40.76447 0.38775 0.91708 -0.09283 eb
64.50230 47.77710 0.93901 0.28104 -0.19818 eb
64.54009 70.16168 -0.89372 -0.38011 -0.23830 eb
64.63482 20.96733 0.91470 0.35376 -0.19538 eb
64.67193 73.74350 0.90462 0.40730 -0.12558 eb
64.77741 86.35166 0.76120 0.63594 -0.12709 eb
65.17791 81.09725 -0.61070 -0.05123 0.79020 eb
65.21811 25.39611 0.68921 0.35133 0.63368 eb
65.51023 38.60290 -0.22111 -0.94644 -0.23528 eb
65.62818 58.29312 0.99604 0.03728 -0.08073 eb
65.90382 79.45568 0.24021 -0.92372 0.29840 eb
66.04432 39.05722 0.84447 -0.19131 -0.50027 eb
66.21879 73.52481 -0.68191 0.18481 -0.70770 eb
66.22713 55.80568 -0.51396 0.35261 -0.78199 eb
66.53954 63.14631 -0.66482 0.72770 0.16873 eb
67.32174 26.20165 0.79495 -0.19466 -0.57459 eb
67.49176 22.11980 -0.77842 0.42338 -0.46347 eb
67.56764 61.52427 0.32095 -0.22515 -0.91994 eb
67.65574 61.81789 0.88901 0.32180 0.32573 eb
68.19343 62.40441 -0.28442 -0.34813 -0.89326 eb
68.47589 29.55274 -0.58928 -0.47386 -0.65437 eb
68.74709 28.65655 -0.19155 0.54256 -0.81788 eb
68.75130 70.96324 -0.87198 0.13648 0.47013 eb
69.48578 33.22648 -0.61421 -0.67824 0.40341 eb
70.22220 31.71501 0.60342 0.25379 -0.75596 eb
72.09356 84.38580 -0.19608 -0.11885 -0.97336 eb
72.09572 32.86534 -0.46257 -0.71320 -0.52666 eb
72.10046 43.02085 -0.77388 0.54662 0.31988 eb
72.11492 40.25299 -0.58798 0.48223 0.64941 eb
72.26617 76.26168 -0.18726 -0.84425 -0.50218 eb
72.58924 38.07959 -0.74348 0.64541 0.17519 eb
72.59110 39.24213 -0.00151 -0.91843 -0.39559 eb
72.59966 23.16625 -0.55380 -0.12541 -0.82315 eb
72.76516 69.70914 -0.51642 -0.58246 -0.62774 eb
72.86223 47.63535 0.13995 -0.94225 -0.30426 eb
73.03092 30.82402 -0.24179 0.27853 -0.92949 eb
74.23332 15.54080 -0.68697 -0.72326 0.07046 eb
74.44463 24.73343 0.29891 0.92053 -0.25153 eb
74.63899 33.41965 0.26362 0.32094 -0.90967 eb
74.88501 47.89632 -0.48236 -0.86203 -0.15568 eb
75.45555 80.33392 -0.34292 0.37437 -0.86154 eb
75.88821 46.16752 -0.26454 -0.84889 -0.45761 eb
76.01999 77.33933 0.46802 0.05302 -0.88213 eb
76.20239 80.72171 0.24644 0.80239 -0.54354 eb
76.20680 26.40394 -0.86131 -0.46021 0.21528 eb
77.03555 75.93116 0.22284 0.73882 -0.63600 eb
77.90520 39.34220 -0.89189 0.45157 -0.02462 eb
78.26735 55.18145 -0.30878 -0.87090 -0.38236 eb
78.54169 47.51201 0.11742 -0.98763 -0.10393 eb
79.16042 34.20390 -0.41448 0.51736 -0.74869 eb
79.78007 24.63258 0.92159 0.37927 0.08259 eb
80.32276 39.26049 0.33543 0.51564 0.78842 eb
80.41105 88.13077 -0.98949 0.01028 -0.14425 eb
80.59681 43.52287 0.55776 -0.37060 -0.74267 eb
81.39028 26.99122 -0.85879 0.35952 -0.36500 eb
82.68629 61.74913 -0.44525 -0.81337 0.37441 eb
83.34424 57.53597 0.72499 0.64325 -0.24620 eb
83.45341 69.93178 0.92034 -0.22801 -0.31779 eb
84.80731 35.41519 0.67254 -0.66749 0.31960 eb
84.83762 45.46381 -0.44562 0.86494 -0.23087 eb
85.28927 43.55948 0.35664 0.80279 -0.47785 eb
85.90304 28.41157 -0.32899 -0.57799 -0.74679 eb
85.91681 77.50324 -0.92973 0.25062 -0.26981 eb
86.28044 42.79537 -0.93235 -0.35672 -0.05894 eb
86.29574 49.25873 0.58258 0.45549 -0.67315 eb
87.11256 22.70137 -0.37581 0.38948 -0.84087 eb
87.14216 60.55685 -0.25247 0.60210 -0.75745 eb
87.17734 43.65328 0.45018 0.27244 -0.85036 eb
87.40207 39.06395 -0.29476 -0.51731 -0.80343 eb
87.59563 23.16890 -0.99041 -0.13810 -0.00352 eb
87.63095 40.86697 0.03913 0.99339 0.10794 eb
88.03719 46.43341 -0.20536 0.55953 -0.80296 eb
88.16977 78.45909 0.47334 -0.06231 -0.87867 eb
88.29827 61.83979 -0.21230 0.97320 0.08835 eb
88.98529 47.29502 0.36213 -0.20051 0.91030 eb
89.52921 35.92773 -0.55687 0.39024 -0.73322 eb
89.88986 34.90597 0.85661 0.15056 0.49351 eb
89.93679 6.67282 -0.10038 -0.99229 -0.07270 eb
90.50735 43.02050 0.97446 0.13201 -0.18167 eb
90.59250 44.88587 -0.84691 -0.36265 0.38887 eb
90.78339 57.11083 0.68148 -0.71668 0.14814 eb
90.90913 19.98259 0.52305 0.48069 0.70382 eb
92.35666 88.32212 0.37941 0.85902 -0.34371 eb
92.43024 39.72306 -0.46274 -0.85488 0.23463 eb
92.77987 39.35024 0.77763 -0.55153 -0.30184 eb
92.99744 21.40438 0.31168 0.68718 -0.65623 eb
93.24420 88.18064 0.49619 0.26013 -0.82833 eb
93.46962 17.03967 0.96835 0.20951 -0.13568 eb
94.26866 47.74685 -0.00989 -0.61738 -0.78660 eb
94.71006 55.68359 -0.60535 -0.35984 -0.70998 eb
95.17480 42.71672 -0.69889 0.15531 0.69816 eb
95.47508 52.11153 0.65369 -0.74659 0.12364 eb
95.59336 25.15610 -0.44742 -0.36426 0.81678 eb
95.83459 82.74844 -0.47758 -0.62932 0.61309 eb
96.61563 30.03991 0.46072 -0.40678 0.78883 eb
97.60407 83.41718 0.12188 -0.98786 -0.09628 eb
97.62569 31.51292 -0.50767 0.15336 -0.84779 eb
97.70912 26.24169 -0.13107 -0.98218 0.13467 eb
97.90347 50.01507 0.78959 0.55361 0.26470 eb
98.58055 79.57693 0.73531 0.59142 -0.33098 eb
98.96876 39.78924 -0.74865 0.48891 -0.44775 eb
99.18028 65.63632 -0.13183 0.14552 -0.98053 eb
99.29588 83.43309 -0.22743 0.97165 0.06466 eb
99.51899 80.17394 -0.10329 -0.59714 -0.79546 eb
99.58333 26.45924 -0.93303 -0.02183 -0.35913 eb
100.39904 34.01657 0.64862 -0.64114 0.41016 eb
100.97802 44.53622 0.98600 0.16656 0.00772 eb
100.99280 49.47370 0.85569 0.11107 -0.50542 eb
101.51359 33.44377 -0.74708 0.57293 -0.33709 eb
101.96944 84.33298 0.60063 0.76593 -0.22933 eb
102.28840 41.59301 0.57459 0.65965 -0.48447 eb
103.32125 14.05705 0.57080 0.12672 -0.81125 eb
103.62766 39.37349 -0.61515 0.08941 -0.78332 eb
103.78525 63.79674 -0.50530 -0.46449 -0.72727 eb
103.91451 39.07203 0.29694 -0.70857 0.64012 eb
105.44229 28.31646 -0.72628 -0.58704 -0.35762 eb
105.50442 45.41440 0.96876 -0.24375 -0.04571 eb
105.66079 44.94637 0.90369 0.37838 0.20044 eb
106.04934 67.28096 -0.03721 -0.95851 -0.28261 eb
106.47883 29.31710 -0.04556 -0.13449 0.98987 eb
107.34892 68.46132 -0.60864 0.45597 -0.64934 eb
107.38135 61.01675 0.84011 -0.54132 -0.03454 eb
107.94100 64.27949 -0.76809 0.49572 -0.40534 eb
108.71535 59.05971 0.58058 -0.20941 -0.78681 eb
108.85712 48.83762 -0.49652 0.34183 -0.79789 eb
109.11508 57.65089 0.47528 0.53458 0.69880 eb
110.12630 66.49632 0.57014 0.35413 -0.74131 eb
110.24354 53.61411 -0.37500 0.09309 -0.92234 eb
110.38773 53.59036 0.84234 0.53858 -0.01974 eb
110.47739 51.77209 -0.02372 -0.54117 -0.84058 eb
110.55602 38.18477 -0.97729 -0.16416 0.13400 eb
110.68641 32.20806 -0.91726 0.39502 -0.05097 eb
110.69429 33.25593 -0.64474 -0.29652 -0.70455 eb
111.11498 26.45949 -0.93654 0.31362 0.15664 eb
111.17709 54.20380 0.65195 0.69428 -0.30485 eb
111.56394 49.63757 0.91222 -0.25993 -0.31670 eb
112.13452 47.67885 -0.18494 -0.97135 0.14924 eb
112.88867 20.10271 -0.65435 -0.51428 -0.55438 eb
113.29216 54.73696 0.75075 -0.63217 0.19165 eb
113.61456 69.18062 0.03510 0.69091 0.72209 eb
114.27615 58.34753 -0.52311 0.33186 0.78500 eb
114.37508 76.58769 -0.13238 -0.91658 -0.37730 eb
114.97814 81.11819 0.86391 -0.25969 -0.43154 eb
115.98171 19.31350 -0.05609 0.87710 -0.47702 eb
116.24964 36.87035 0.98568 0.12636 -0.11169 eb
116.37654 55.90101 0.64866 0.75942 -0.05025 eb
116.54405 54.83411 -0.81506 0.57714 -0.05090 eb
116.56604 54.82944 0.91331 0.40690 0.01700 eb
116.78506 54.46338 0.58252 -0.66660 -0.46509 eb
116.88012 36.30277 0.62301 0.77173 0.12764 eb
117.09682 19.03293 -0.07761 -0.76943 -0.63400 eb
117.34006 79.76314 -0.92139 -0.15759 -0.35524 eb
118.55378 19.21634 0.82271 -0.46698 -0.32416 eb
119.22288 33.88429 0.48843 -0.35970 -0.79502 eb
119.57672 16.93971 0.26865 0.95329 -0.13809 eb
119.66231 39.09443 0.27481 -0.62208 -0.73314 eb
120.18428 42.34307 0.22964 -0.55787 -0.79753 eb
120.30686 25.19031 0.95922 -0.15940 -0.23342 eb
120.30730 44.15720 0.76576 0.11417 0.63291 eb
120.33621 63.80614 -0.38576 -0.49437 -0.77896 eb
120.41753 57.10580 -0.44379 0.80065 -0.40250 eb
121.00701 53.11795 -0.52661 -0.72503 -0.44387 eb
121.10640 32.87555 0.08302 0.53824 -0.83869 eb
121.79418 53.82655 -0.61099 0.28669 -0.73790 eb
122.88594 19.87540 -0.12784 -0.98946 -0.06798 eb
123.07730 55.28911 0.49415 -0.44360 -0.74769 eb
123.62208 74.47450 -0.10073 -0.95811 0.26809 eb
124.02127 41.91789 0.66239 -0.34314 -0.66596 eb
124.20017 26.26405 0.77672 -0.14474 0.61298 eb
124.26771 30.56219 0.31509 0.53063 0.78686 eb
125.03648 25.37253 0.57262 0.80665 0.14638 eb
125.19747 23.88105 0.02453 -0.39981 -0.91627 eb
125.43228 63.89150 0.14904 0.21450 -0.96529 eb
125.48572 31.19559 -0.16498 -0.03208 0.98578 eb
126.13521 36.74629 -0.89677 -0.07960 -0.43528 eb
126.15647 58.72440 0.01877 0.95887 0.28324 eb
126.70875 30.17344 -0.25935 -0.96256 -0.07883 eb
126.72211 36.70707 0.47091 -0.88042 0.05571 eb
127.20677 37.53274 -0.98377 0.17877 0.01564 eb
127.72531 43.79038 0.21143 0.97416 0.07943 eb
127.83819 77.33050 0.76435 0.30742 -0.56680 eb
127.89930 25.31869 -0.42934 -0.59530 0.67918 eb
128.06049 49.10509 -0.72146 -0.51903 -0.45837 eb
128.11429 47.79547 0.80193 -0.20945 -0.55950 eb
128.19135 31.04618 -0.24163 -0.26680 -0.93297 eb
128.79664 64.47042 -0.31350 0.93627 0.15845 eb
128.93662 31.54641 0.09894 0.98711 -0.12579 eb
129.70739 39.52653 0.09866 -0.04317 -0.99418 eb
129.80279 40.15330 -0.53692 0.59889 -0.59417 eb
129.95919 28.73727 0.10316 0.86443 -0.49205 eb
130.28384 41.03769 0.13754 -0.11942 -0.98327 eb
130.83510 21.09766 -0.75721 0.53121 -0.38007 eb
130.86601 41.59664 -0.29789 0.81477 0.49741 eb
131.28687 26.24643 0.58644 0.33548 0.73725 eb
131.48416 58.12022 -0.90718 0.41700 0.05599 eb
132.42760 31.66154 0.85332 0.40270 -0.33117 eb
132.67563 39.82105 0.60246 -0.77216 0.20203 eb
132.90211 3.93432 -0.34617 -0.70985 -0.61342 eb
133.05836 81.32575 0.90766 0.40041 0.12578 eb
134.64577 59.03311 0.26732 -0.63934 -0.72096 eb
135.44444 22.36898 0.09885 0.50953 -0.85476 eb
135.82838 31.59688 -0.05346 0.04864 -0.99738 eb
136.15794 53.62432 0.33947 -0.77377 -0.53482 eb
136.68274 28.66614 -0.76884 -0.63830 -0.03824 eb
136.76676 75.28553 0.08525 0.54909 -0.83140 eb
137.45786 84.78173 -0.13836 0.92337 -0.35810 eb
137.52447 47.23728 -0.82358 0.35204 -0.44473 eb
138.22926 40.52578 -0.50083 0.45326 -0.73738 eb
138.25901 48.02391 -0.18252 -0.94647 0.26623 eb
138.98584 41.74900 -0.46493 -0.26146 0.84586 eb
141.84499 43.08067 0.87115 -0.35267 -0.34163 eb
141.85492 72.18447 -0.91620 0.07633 0.39340 eb
141.97733 24.34130 0.53708 -0.09311 0.83837 eb
142.08708 51.02777 0.32654 -0.82151 -0.46742 eb
142.14017 22.63532 0.52440 -0.83481 0.16759 eb
142.87201 52.23769 -0.76185 0.28816 0.58013 eb
143.50705 45.89661 -0.41527 -0.90895 0.03691 eb
143.62561 15.38140 0.73710 -0.66273 -0.13222 eb
145.52010 29.52068 0.83910 0.39400 0.37506 eb
145.69916 64.49858 -0.95313 0.25087 0.16912 eb
146.40772 48.58058 0.98327 0.11005 0.14512 eb
146.57056 48.40927 0.59570 0.32953 0.73250 eb
146.75186 75.39278 0.52454 -0.44874 -0.72352 eb
146.85614 51.90624 -0.01002 -0.50236 -0.86460 eb
147.39637 15.22064 0.67924 0.10810 -0.72591 eb
147.50856 56.39079 -0.84221 0.48737 -0.23055 eb
148.42000 66.03767 0.59664 0.60241 -0.53021 eb
148.61295 54.24533 0.58925 0.72271 0.36123 eb
149.22531 21.98781 0.12596 0.38213 -0.91548 eb
149.52065 46.28433 -0.27044 0.52325 -0.80813 eb
150.09890 83.32075 -0.85516 0.04789 -0.51614 eb
150.24871 57.56511 -0.21089 0.51136 -0.83309 eb
150.61531 27.18853 -0.38546 -0.31408 -0.86762 eb
151.63594 53.51530 0.42374 0.61675 0.66337 eb
152.32396 42.23668 0.27190 -0.82615 -0.49350 eb
152.56344 46.44877 0.84894 -0.17455 -0.49884 eb
152.90894 39.23662 0.60275 0.40971 0.68471 eb
153.06050 84.75891 0.17707 -0.98402 0.01862 eb
153.21006 16.62879 -0.17978 0.91112 0.37086 eb
154.56905 86.41350 -0.62631 0.72513 -0.28620 eb
154.62041 50.28104 -0.22109 -0.93145 -0.28901 eb
155.09243 56.81839 0.18568 0.70046 -0.68912 eb
155.10778 75.22255 -0.00824 0.83057 0.55685 eb
156.25208 57.71369 -0.11049 0.44862 -0.88687 eb
156.40922 32.26955 -0.58022 0.68143 -0.44610 eb
156.49096 60.22900 -0.77347 -0.01012 0.63375 eb
157.06339 40.39457 0.39187 0.18696 -0.90082 eb
157.24430 27.31345 0.76256 -0.63945 -0.09801 eb
157.49815 70.05468 0.70514 0.05966 -0.70655 eb
158.02893 29.59433 -0.56286 -0.81172 0.15589 eb
158.06549 18.26671 0.58877 -0.52637 0.61342 eb
159.13369 44.29916 -0.91243 0.40181 -0.07765 eb
159.21098 28.97713 -0.47286 0.00544 -0.88112 eb
159.25655 57.68420 -0.35349 -0.92382 0.14696 eb
159.57450 38.60732 -0.42457 0.32255 -0.84599 eb
159.70637 45.01351 0.26542 -0.96084 0.07963 eb
159.76718 35.10600 -0.54734 -0.63849 -0.54106 eb
159.86277 43.74219 -0.37181 0.83823 -0.39891 eb
160.82746 41.97323 0.20016 0.21312 -0.95630 eb
161.07963 46.20158 0.66413 -0.34578 -0.66285 eb
161.13845 52.15377 0.51560 0.69398 -0.50255 eb
161.77738 43.88136 0.69485 -0.70916 0.11948 eb
162.03788 61.44219 -0.61912 -0.69449 -0.36657 eb
162.17758 53.87145 0.77415 0.56464 -0.28614 eb
162.48260 34.79380 -0.02666 0.13253 -0.99082 eb
162.53403 70.23642 0.11767 0.37624 -0.91902 eb
163.50237 65.07458 0.62523 -0.04216 -0.77930 eb
163.53055 30.77656 -0.16696 -0.70786 -0.68633 eb
164.24582 22.05633 0.66913 -0.69271 -0.26910 eb
164.27310 54.17277 -0.92964 -0.32231 -0.17857 eb
164.61014 57.64479 -0.26450 0.55777 -0.78673 eb
165.04457 29.82122 0.39642 -0.90927 -0.12684 eb
165.52315 51.32153 -0.09140 -0.89486 -0.43690 eb
166.18513 46.55566 -0.16371 0.93043 0.32786 eb
166.26314 31.44217 0.91165 -0.38287 -0.14938 eb
167.33861 42.69016 0.12013 0.62192 -0.77381 eb
167.77782 51.01238 -0.45569 -0.85112 -0.26066 eb
167.83360 48.78631 -0.82098 0.56844 0.05343 eb
168.55755 46.98480 -0.00456 0.17269 0.98497 eb
168.84571 68.11321 0.01881 -0.95472 -0.29690 eb
168.92771 88.38604 0.07078 -0.78085 -0.62070 eb
169.06831 22.22790 -0.68940 -0.18087 -0.70143 eb
169.33177 88.40043 -0.77261 0.63281 -0.05124 eb
170.11744 74.18856 0.65581 -0.73267 0.18197 eb
170.48526 23.98874 -0.37144 -0.40286 -0.83650 eb
170.49671 29.46561 0.31809 -0.45266 -0.83302 eb
170.51776 62.12239 0.41047 -0.41829 -0.81028 eb
170.65159 15.42446 -0.28629 0.53043 0.79793 eb
170.76238 29.41505 0.67038 0.37655 -0.63937 eb
171.01791 24.97843 0.22098 0.95893 -0.17780 eb
171.39681 52.65876 -0.74543 0.63460 -0.20401 eb
171.51560 11.02537 0.17455 -0.78369 0.59612 eb
172.11546 80.86473 0.09430 0.92908 0.35766 eb
172.73079 47.95507 -0.70445 -0.70958 -0.01605 eb
173.63747 61.71924 0.96193 0.27260 0.01940 eb
173.90184 29.50285 0.79167 0.61065 0.01917 eb
175.13037 31.33347 -0.61242 0.22776 -0.75701 eb
175.24402 66.45460 -0.81022 -0.00696 -0.58609 eb
177.82448 61.04242 -0.26708 -0.28932 -0.91922 eb
178.48629 46.70536 0.32999 0.65094 -0.68365 eb
178.74306 47.98461 0.45802 -0.76599 -0.45110 eb
179.46644 36.34026 -0.26042 0.38178 0.88681 eb
179.50724 11.41079 0.33320 0.41033 -0.84889 eb
180.02176 70.69482 0.60319 0.79049 0.10628 eb
180.10496 40.90654 0.67604 0.73444 -0.05972 eb
180.12421 68.52777 -0.83265 -0.52450 0.17776 eb
180.80891 69.43557 -0.69408 -0.65214 -0.30490 eb
180.99364 72.50204 -0.19716 0.04778 -0.97921 eb
182.21896 14.63961 0.14857 -0.62369 0.76743 eb
182.83656 38.79268 0.27270 -0.95058 0.14846 eb
183.18335 30.87171 -0.09491 0.89760 0.43047 eb
183.26144 76.33632 -0.00680 -0.88407 -0.46730 eb
184.39631 25.96184 0.21091 -0.77168 -0.60003 eb
184.58183 81.37495 -0.49793 0.77057 -0.39786 eb
184.70396 23.68808 0.65032 0.61267 -0.44914 eb
184.72261 73.91256 0.63446 -0.44339 -0.63314 eb
184.74351 36.97596 -0.12284 -0.38286 -0.91560 eb
184.79605 67.82670 -0.40351 0.88367 -0.23729 eb
185.21997 85.26469 0.23871 0.50967 -0.82659 eb
185.54870 53.01547 0.14499 0.95872 -0.24460 eb
186.52080 24.37061 0.01960 -0.37636 0.92627 eb
186.79722 26.75176 -0.21816 0.47929 -0.85011 eb
187.52897 56.95782 0.73458 0.40146 -0.54702 eb
187.75239 69.98312 0.43959 -0.10208 -0.89238 eb
188.03131 45.89427 -0.62833 0.76815 0.12308 eb
188.11798 69.78111 0.89124 0.40856 -0.19690 eb
190.30458 50.50565 0.12887 -0.84047 -0.52630 eb
190.45902 18.06835 0.61890 0.61819 -0.48456 eb
190.59738 12.02201 0.66431 -0.47651 -0.57588 eb
190.86752 55.84906 0.20476 -0.09107 -0.97457 eb
191.39185 38.39092 0.12401 -0.88015 0.45822 eb
191.53038 53.16535 -0.06218 -0.62105 -0.78130 eb
192.09805 50.84265 -0.75049 0.40471 -0.52246 eb
192.82535 73.73804 -0.38137 0.82484 0.41736 eb
192.98906 24.12719 0.90065 -0.42780 -0.07631 eb
192.99682 56.07652 -0.06133 -0.94580 0.31890 eb
193.74720 52.31797 0.17157 0.50914 -0.84341 eb
194.60230 57.58657 0.13094 -0.87496 -0.46616 eb
195.50028 31.50330 -0.89657 0.25802 -0.35999 eb
196.28099 47.67995 -0.21748 -0.34265 -0.91394 eb
196.81999 63.94599 -0.70240 -0.10516 -0.70397 eb
196.98516 58.97288 -0.95561 0.09620 -0.27850 eb
197.24999 32.48300 0.78154 0.41194 -0.46851 eb
197.57356 44.96195 0.09648 0.33918 -0.93576 eb
198.28941 37.70204 0.02174 -0.81739 0.57568 eb
198.30351 57.62647 0.37798 -0.06029 -0.92385 eb
198.49324 27.57388 -0.37666 0.92117 0.09780 eb
198.65542 29.78531 -0.31778 0.88060 0.35152 eb
199.16757 21.61901 0.04720 0.75012 0.65961 eb
199.20862 52.60315 -0.37458 -0.46886 0.79991 eb
199.39535 59.26019 0.39101 -0.75403 -0.52778 eb
200.14238 74.62623 0.02146 0.06661 -0.99755 eb
200.39043 29.07836 -0.16246 0.48391 -0.85991 eb
200.55642 39.46083 -0.57409 0.67639 -0.46143 eb
200.86572 60.14453 0.19749 -0.61706 -0.76173 eb
201.94344 10.53321 -0.18118 0.06981 -0.98097 eb
202.34906 80.63848 0.46540 -0.53452 -0.70547 eb
202.74642 33.08423 -0.26638 -0.81767 -0.51035 eb
202.96634 44.11329 0.05783 0.98257 -0.17668 eb
203.12007 39.72592 -0.83007 -0.11110 -0.54648 eb
203.66677 60.95043 -0.06408 -0.99756 0.02776 eb
204.22031 53.06493 0.24002 -0.85538 -0.45905 eb
204.56292 20.92364 -0.66404 -0.48142 -0.57209 eb
204.64247 51.64856 0.27350 0.85501 0.44064 eb
205.44378 39.25366 -0.30372 -0.03237 -0.95221 eb
205.65166 41.03047 0.80559 -0.58805 -0.07224 eb
205.67065 59.22359 -0.34426 0.67200 -0.65567 eb
205.98437 21.29107 -0.65261 -0.60588 -0.45498 eb
206.24227 49.73499 -0.55610 0.80383 0.21119 eb
206.97072 20.80936 0.28948 -0.67871 -0.67494 eb
208.22663 71.24339 -0.22378 0.45901 -0.85979 eb
208.28215 18.33633 0.42005 0.85672 0.29930 eb
210.12554 44.46188 -0.00932 0.78141 0.62395 eb
210.37004 72.57220 -0.26855 -0.27418 -0.92342 eb
212.54730 46.34194 0.66884 -0.74059 -0.06467 eb
213.09736 46.24425 0.46064 -0.10776 -0.88102 eb
213.20837 13.38924 0.02495 0.33908 -0.94043 eb
214.58611 50.01345 -0.03726 -0.96940 0.24265 eb
215.31857 35.38986 0.32984 -0.81963 -0.46842 eb
215.98920 72.37692 0.20477 -0.05873 -0.97705 eb
217.50829 46.60495 0.78862 0.54920 0.27651 eb
217.65965 39.25068 -0.53444 -0.78825 0.30502 eb
217.66063 28.70196 0.30834 0.91419 0.26304 eb
217.82167 74.53529 -0.41168 -0.47400 -0.77836 eb
218.12117 75.94006 0.43173 -0.76417 0.47923 eb
218.15161 71.78787 0.84529 -0.32558 -0.42365 eb
218.66189 39.99655 0.17958 -0.96045 -0.21283 eb
218.91988 35.93672 0.98287 -0.10004 -0.15476 eb
219.14765 69.02347 -0.58373 0.42796 -0.69000 eb
219.21237 34.27285 0.36208 -0.92560 -0.11031 eb
219.65241 33.80648 0.41093 0.62550 0.66324 eb
220.58084 34.63774 -0.75379 0.63296 -0.17655 eb
220.74975 65.55459 0.96343 -0.17225 -0.20524 eb
221.65278 22.99461 0.05471 0.92338 0.37996 eb
222.20036 54.57570 -0.40144 -0.58055 -0.70839 eb
222.24802 50.72822 0.95310 0.23942 0.18514 eb
222.70559 70.09522 -0.49042 -0.18555 -0.85150 eb
222.81374 18.06920 0.37355 0.74254 0.55597 eb
222.90648 22.01330 0.39020 -0.61619 -0.68415 eb
222.92216 81.52495 0.80077 0.06326 0.59562 eb
224.79150 50.01192 -0.83409 -0.26702 -0.48270 eb
225.26562 18.53377 -0.44365 -0.68541 0.57740 eb
225.41825 87.16802 0.11574 -0.28559 -0.95134 eb
225.68602 18.15551 -0.18740 0.19118 -0.96350 eb
228.25256 34.31612 -0.50473 0.20005 -0.83978 eb
228.57742 64.07292 -0.15671 -0.72257 -0.67330 eb
229.07487 64.53930 -0.85387 -0.49289 0.16724 eb
229.71214 43.11457 -0.13683 0.62150 -0.77137 eb
229.86499 52.71746 0.45577 0.87704 0.15189 eb
230.06853 28.81987 -0.96211 0.05163 -0.26773 eb
230.38079 32.42917 -0.61751 -0.77463 -0.13648 eb
230.92223 43.53224 0.57238 -0.63982 -0.51285 eb
231.40480 32.48629 -0.85315 0.21051 0.47731 eb
232.48155 10.67903 0.55899 -0.57422 -0.59817 eb
232.81992 35.01765 -0.46042 0.23940 -0.85481 eb
233.16457 38.39071 -0.43979 -0.24645 0.86363 eb
233.87326 71.50570 0.44885 0.49232 -0.74576 eb
233.90164 61.84137 0.66089 0.73492 -0.15204 eb
235.93413 28.03707 0.38809 0.23666 -0.89072 eb
235.97765 20.24402 -0.21123 -0.88299 -0.41918 eb
237.38891 39.73228 0.20794 -0.76110 0.61440 eb
237.43633 12.24948 -0.73423 0.61212 0.29362 eb
238.74911 36.70910 0.76503 -0.22769 -0.60240 eb
239.26194 25.20422 -0.99811 -0.00811 0.06093 eb
239.35054 38.77317 -0.49045 -0.85325 0.17728 eb
239.81945 77.36459 -0.96504 -0.12792 -0.22876 eb
240.21920 29.83329 -0.46699 -0.86683 -0.17470 eb
240.25727 36.37943 -0.63726 0.75514 0.15382 eb
242.44055 22.97293 0.21955 -0.16721 -0.96117 eb
244.24439 76.16494 0.57451 -0.79454 -0.19660 eb
244.45391 34.33868 0.37547 0.07664 -0.92366 eb
244.74835 52.99372 -0.86463 0.45723 -0.20821 eb
244.89711 64.98978 0.69446 0.40177 0.59692 eb
244.96766 51.80396 0.35189 -0.86066 -0.36802 eb
245.32804 27.43912 0.49482 -0.21824 -0.84114 eb
246.31615 26.76175 -0.28834 0.91079 0.29550 eb
247.43909 25.40319 -0.18744 0.88719 -0.42161 eb
248.03926 47.40319 -0.28573 -0.20389 -0.93637 eb
248.65366 43.75560 0.70658 0.70760 -0.00657 eb
250.71471 30.83211 -0.80371 0.43537 0.40559 eb
250.74668 64.38423 0.78187 0.49392 -0.38041 eb
252.34615 57.57330 -0.94997 0.31230 -0.00486 eb
253.33493 38.32568 -0.28096 -0.50962 -0.81324 eb
255.05350 35.64725 -0.56053 -0.27898 -0.77973 eb
255.42390 33.62970 -0.41976 0.66185 -0.62109 eb
256.08711 77.03174 -0.79334 -0.06027 -0.60579 eb
256.81426 14.43768 0.14299 -0.56278 0.81415 eb
260.04927 43.35911 -0.21102 -0.28072 -0.93631 eb
260.97210 38.22946 -0.80223 0.55932 -0.20877 eb
261.25684 71.78837 -0.53826 -0.82944 0.14936 eb
262.36269 57.03485 -0.11796 -0.89765 0.42462 eb
262.37909 44.61962 -0.03702 -0.79628 -0.60380 eb
262.46994 80.36853 0.47271 -0.82587 -0.30740 eb
263.17103 38.26981 0.29641 -0.41920 -0.85814 eb
263.42469 51.60921 0.32383 0.92554 0.19622 eb
265.35045 10.00227 0.92204 -0.29043 -0.25591 eb
265.61625 54.07366 -0.81526 -0.57802 -0.03521 eb
266.04355 33.61008 -0.14002 -0.12629 -0.98206 eb
266.46051 28.37851 0.57659 -0.81679 -0.02009 eb
267.05328 81.80439 -0.89679 0.16125 -0.41202 eb
269.40516 29.37616 0.69342 0.38844 -0.60686 eb
269.55331 70.71722 -0.71977 0.06268 -0.69137 eb
270.83884 65.68689 -0.70534 -0.55699 0.43847 eb
271.94211 26.53536 -0.33606 -0.33207 -0.88136 eb
272.26095 51.26503 0.72630 0.28174 -0.62699 eb
273.06357 43.82515 0.98424 0.10539 0.14199 eb
273.51271 57.58927 0.94213 -0.24590 -0.22786 eb
273.78223 61.01268 -0.28531 -0.58692 -0.75771 eb
274.49718 37.31932 0.49799 -0.79833 -0.33865 eb
278.83824 23.93628 0.13057 0.63536 -0.76110 eb
279.16949 71.33093 -0.84757 -0.32617 -0.41862 eb
280.39443 52.22502 -0.32280 0.91249 -0.25132 eb
281.06631 45.56730 -0.96677 -0.24188 -0.08280 eb
281.08439 24.81570 -0.18232 -0.91638 -0.35638 eb
282.03120 17.61571 0.07342 -0.13240 0.98847 eb
282.06818 75.78021 -0.73523 -0.61480 0.28540 eb
282.35964 71.22045 0.30521 -0.95139 -0.04123 eb
282.71393 35.85088 -0.93766 -0.12653 -0.32372 eb
284.19167 63.21617 -0.21512 -0.81876 0.53231 eb
284.58093 71.71844 -0.41642 -0.25846 -0.87166 eb
284.84341 40.37430 0.99875 -0.00239 -0.04999 eb
285.84021 34.75376 -0.41788 -0.77893 0.46760 eb
287.09964 78.30156 0.99494 0.00881 -0.10007 eb
287.85881 25.13069 -0.79970 0.06144 0.59724 eb
288.08027 63.80396 -0.92889 0.02771 -0.36932 eb
289.22805 45.70271 -0.61941 -0.14681 -0.77121 eb
291.03843 54.81500 0.26213 0.22501 -0.93843 eb
292.63411 84.60821 0.15011 0.03344 -0.98810 eb
293.09727 80.98821 0.27495 -0.59443 -0.75568 eb
293.38400 20.36147 -0.74747 -0.26178 0.61054 eb
293.46610 54.20962 -0.50731 -0.79751 -0.32652 eb
293.68864 66.17291 -0.78270 -0.48515 -0.38988 eb
293.70214 22.81927 -0.50258 0.51342 0.69557 eb
294.61757 27.68748 0.81778 -0.47420 -0.32614 eb
294.91876 35.49331 -0.97348 0.20510 -0.10137 eb
294.94352 77.10052 -0.12667 0.62763 -0.76814 eb
295.66231 78.76906 -0.22130 0.50755 -0.83272 eb
296.34304 50.64773 -0.69107 0.39743 -0.60371 eb
296.55904 25.18143 0.70573 0.61425 -0.35303 eb
297.81135 24.46756 -0.15375 0.90893 0.38756 eb
298.78219 33.63624 0.35637 0.93150 -0.07281 eb
299.28470 58.59101 -0.82280 -0.56819 0.01280 eb
302.07049 24.01464 -0.79789 -0.50431 -0.33022 eb
302.20070 17.40347 -0.46661 -0.86236 0.19648 eb
302.27635 85.02995 0.33481 -0.70753 -0.62234 eb
302.39254 40.80227 0.27130 -0.37260 -0.88745 eb
302.89056 30.10908 0.26903 0.07686 -0.96006 eb
303.67330 25.18603 0.61945 0.32897 0.71279 eb
303.77675 43.63822 0.63868 0.64116 -0.42544 eb
303.95379 87.64965 0.76641 -0.45219 -0.45622 eb
304.16092 24.42725 -0.27483 0.77625 0.56737 eb
304.38090 61.61731 -0.18001 0.46123 -0.86883 eb
304.67279 73.47887 0.19302 -0.61750 -0.76252 eb
306.30088 36.80258 -0.39569 0.90944 0.12789 eb
306.97610 31.97925 -0.36393 -0.75321 0.54793 eb
307.14299 75.87254 0.31475 0.00806 -0.94914 eb
308.06765 28.61420 0.36318 0.90169 0.23465 eb
308.14820 21.69978 -0.61742 0.57773 -0.53388 eb
308.66125 36.03511 -0.15569 0.49686 -0.85375 eb
310.11818 41.89453 -0.27357 0.94155 -0.19657 eb
310.43954 81.72662 0.45580 -0.01287 -0.88999 eb
311.18849 62.65503 -0.97679 -0.20650 -0.05696 eb
311.25960 58.09106 -0.05161 0.22971 -0.97189 eb
311.44606 57.31436 -0.91793 -0.19923 -0.34310 eb
311.62407 49.14756 -0.15292 -0.39004 -0.90801 eb
314.25247 35.28469 -0.84319 -0.28407 -0.45644 eb
315.32173 31.90402 -0.98493 -0.13819 0.10400 eb
316.79405 51.82644 -0.99972 0.00984 -0.02145 eb
316.98590 77.72687 0.55952 -0.10241 -0.82247 eb
317.56038 25.59050 -0.19575 0.63058 -0.75104 eb
318.23768 36.06859 0.81573 0.44216 0.37294 eb
318.62995 78.73965 -0.76276 -0.62859 0.15186 eb
320.07233 49.52089 0.66906 0.64983 0.36067 eb
320.53833 36.03487 -0.30025 -0.94084 0.15707 eb
320.63384 61.01956 -0.59367 0.33740 -0.73056 eb
320.66496 39.43539 0.57781 0.81565 -0.02912 eb
322.28720 37.97374 -0.99858 -0.05194 -0.01146 eb
323.47432 61.74518 -0.64769 -0.12397 -0.75175 eb
325.05420 49.24687 0.62951 0.56929 -0.52880 eb
325.33799 50.26066 0.27475 -0.87014 0.40911 eb
326.41844 52.76945 0.18045 -0.11697 -0.97660 eb
326.62553 76.77474 0.95634 -0.20827 -0.20504 eb
327.72553 51.25354 -0.94322 -0.33023 -0.03574 eb
327.79358 31.77745 0.88010 -0.39369 0.26540 eb
328.66777 54.52282 0.39435 0.21817 -0.89269 eb
328.87528 28.71480 0.17116 0.65155 -0.73905 eb
329.49068 60.80502 -0.02590 -0.95156 -0.30637 eb
330.12422 62.16549 0.04601 0.71790 -0.69462 eb
330.27276 30.10477 -0.63900 0.24810 0.72810 eb
331.14730 84.06813 -0.76998 -0.62482 -0.12931 eb
333.00523 31.42143 0.07776 -0.45778 0.88566 eb
334.25141 67.15470 -0.87332 -0.03463 -0.48591 eb
335.61514 56.21823 0.06174 -0.33782 -0.93918 eb
336.33347 55.44618 -0.04416 0.59133 -0.80522 eb
337.01264 65.39621 -0.07671 0.32011 -0.94427 eb
339.33052 41.31950 0.34646 0.36783 -0.86294 eb
339.76845 30.82117 -0.14530 -0.07228 -0.98674 eb
340.73175 36.65006 0.22124 -0.04716 0.97408 eb
340.87861 63.28976 -0.17574 -0.08631 -0.98065 eb
341.86930 47.75618 -0.08392 0.69684 -0.71230 eb
342.96427 33.23334 -0.74149 -0.61462 -0.26915 eb
343.00251 42.19626 -0.25609 0.58333 -0.77081 eb
343.04647 28.47204 -0.72398 -0.07986 -0.68518 eb
343.12056 40.51787 -0.10740 -0.89267 -0.43773 eb
343.90775 78.57310 -0.22271 0.07258 -0.97218 eb
345.80645 38.61605 -0.39003 -0.89063 0.23378 eb
345.93368 8.63528 0.87196 -0.07939 -0.48309 eb
346.01303 37.88248 0.52985 0.65324 -0.54087 eb
347.45512 54.70793 -0.49422 -0.86857 0.03663 eb
347.52855 19.47067 -0.35762 -0.90051 -0.24738 eb
348.10892 13.95955 0.05330 0.00574 -0.99856 eb
348.17935 77.07503 -0.10212 0.93274 -0.34580 eb
349.77501 45.71232 -0.47940 -0.38042 -0.79086 eb
349.90268 24.89747 -0.40066 0.77826 -0.48352 eb
349.90788 72.48264 -0.53489 0.79248 -0.29301 eb
350.05122 32.88850 -0.26448 -0.38860 0.88263 eb
351.43114 68.16819 -0.57268 0.51300 -0.63943 eb
353.04270 73.91149 -0.08298 0.98560 0.14730 eb
353.18420 38.46711 -0.45093 0.86909 0.20334 eb
353.52257 70.99774 0.89192 0.19663 0.40720 eb
353.57255 36.42208 -0.67098 -0.72200 0.16884 eb
354.30197 54.19144 -0.94820 -0.04521 -0.31443 eb
355.37915 69.71850 0.12631 0.61843 -0.77562 eb
356.04122 71.04346 0.41242 -0.23237 -0.88086 eb
357.22292 16.24730 -0.52920 -0.48390 0.69699 eb
361.19665 60.58598 -0.11284 -0.96135 -0.25113 eb
361.44629 70.60401 0.16673 -0.15761 -0.97332 eb
362.20345 49.91930 -0.63973 0.74620 0.18419 eb
363.51354 32.47580 -0.87079 0.37285 -0.32047 eb
364.74257 47.58892 0.01538 0.85752 -0.51422 eb
365.89672 24.18641 0.87789 0.47887 -0.00033 eb
368.35218 28.85627 0.74783 0.66369 -0.01625 eb
369.35780 26.51355 0.41534 0.62483 -0.66112 eb
370.21173 13.30023 0.38116 -0.09376 0.91974 eb
370.21742 15.85280 0.04684 -0.11912 0.99177 eb
371.69513 82.14834 -0.39709 0.64163 -0.65622 eb
372.95190 39.99032 0.41343 0.50445 -0.75803 eb
373.07623 43.58661 0.80168 0.50607 -0.31812 eb
375.31311 49.28037 -0.17008 0.60749 -0.77591 eb
376.48726 32.04045 0.97913 -0.20248 0.01724 eb
376.88240 29.49628 -0.02609 -0.99598 -0.08568 eb
377.74628 16.47044 -0.42833 -0.19180 -0.88303 eb
379.91043 38.19082 0.74162 -0.26029 -0.61826 eb
382.57935 68.15238 0.14458 0.65710 -0.73981 eb
385.95665 48.34210 -0.20025 0.97930 0.02954 eb
388.02714 10.36037 0.77528 0.52101 -0.35706 eb
389.22661 20.57459 -0.65551 -0.13065 -0.74380 eb
393.35434 32.19381 -0.55741 0.61954 -0.55269 eb
395.09659 33.88794 -0.02515 0.69541 -0.71817 eb
395.17462 40.66450 0.58890 0.39341 -0.70599 eb
395.58401 41.78903 0.29819 -0.95069 -0.08528 eb
403.13909 20.58589 0.35572 -0.93364 0.04206 eb
404.22615 10.45894 -0.78863 -0.04090 0.61351 eb
404.32462 30.14384 -0.49955 -0.20802 -0.84094 eb
409.94656 28.47111 -0.09321 0.98406 0.15142 eb
423.03743 76.69760 0.92794 0.33963 -0.15354 eb
423.57836 21.62159 -0.58117 -0.55492 -0.59523 eb
434.11273 25.07613 -0.74901 -0.63122 0.20138 eb
436.13268 71.85090 -0.62925 -0.21746 -0.74616 eb
443.28495 69.19509 -0.48798 0.12151 -0.86436 eb
443.97623 22.83621 -0.63118 0.72051 -0.28720 eb
448.96770 38.01387 0.02907 -0.91912 0.39289 eb
461.08374 26.03606 -0.26159 -0.38314 -0.88588 eb
465.29465 29.45788 -0.87505 0.34824 -0.33618 eb
466.39556 54.79943 0.61281 0.64510 0.45641 eb
466.77839 14.41229 -0.64531 0.10295 -0.75695 eb
467.68819 67.73367 0.48147 -0.48395 -0.73074 eb
468.73612 22.81343 0.71222 0.08863 0.69634 eb
474.78129 28.47784 -0.00683 0.47506 -0.87993 eb
510.23208 23.56873 -0.96013 -0.26278 -0.09533 eb
510.85622 25.68379 0.38585 0.87641 -0.28815 eb
512.04297 15.78388 -0.21584 -0.97045 -0.10791 eb
515.10356 22.89073 0.28448 -0.49149 0.82311 eb
521.48785 29.26776 0.82859 0.21518 0.51686 eb
522.12670 18.00293 -0.54040 -0.83470 -0.10602 eb
524.44698 5.09329 0.92248 0.33626 0.18962 eb
525.06368 24.88601 0.16271 -0.02307 -0.98640 eb
540.32776 51.34702 -0.61375 0.59018 -0.52441 eb
544.49079 14.41331 -0.98936 0.07374 -0.12545 eb
551.18368 15.04026 -0.04269 -0.59465 -0.80285 eb
559.94761 30.86266 -0.97203 -0.16683 -0.16533 eb
569.04457 26.77247 0.71775 0.50039 -0.48420 eb
572.49185 34.28296 0.91613 0.27307 0.29349 eb
572.92205 37.83222 0.41667 0.34393 -0.84148 eb
581.74905 26.04969 0.65585 -0.07207 -0.75144 eb
584.39274 8.26210 -0.15389 -0.77123 0.61768 eb
623.69344 12.12941 0.81015 0.41416 0.41488 eb
672.12865 10.00742 -0.63912 0.64927 -0.41227 eb
682.72328 20.78617 0.66438 -0.60257 -0.44216 eb
697.53391 20.09038 0.45041 -0.10090 0.88710 eb
700.91205 18.52437 0.43380 0.61617 -0.65739 eb
711.90013 22.26876 -0.71596 -0.50222 -0.48495 eb
727.14066 24.11279 -0.53825 -0.26951 -0.79853 eb
758.36197 22.30863 0.62032 0.11689 -0.77559 eb
770.48841 38.65394 0.12187 -0.52757 -0.84073 eb
780.30741 8.08810 0.93394 0.23202 0.27188 eb
816.81932 44.68596 0.86502 -0.06223 -0.49786 eb
838.06859 26.06447 0.70232 0.70293 0.11244 eb
869.35479 15.14434 0.60881 0.79313 0.01698 eb
870.78450 18.91546 0.97959 -0.17389 -0.10082 eb
873.45078 15.79237 0.26058 0.68478 -0.68056 eb
886.79040 39.88241 -0.60410 -0.18996 0.77394 eb
941.72319 23.64418 -0.73867 0.27962 -0.61333 eb
965.50618 22.88924 0.98966 -0.14341 0.00322 eb
998.57701 44.46632 0.08466 -0.61773 -0.78182 eb
1072.30357 23.44163 0.22275 0.84384 -0.48817 eb
1073.39248 21.10119 -0.92383 -0.25516 0.28537 eb
1089.77293 29.40374 -0.53046 0.14696 0.83487 eb
1089.91646 26.99425 0.57088 0.15893 -0.80551 eb
1113.14334 16.52669 0.16433 0.98385 0.07092 eb
1119.66909 13.78981 0.40792 0.56531 -0.71696 eb
1131.08832 16.00829 0.95739 0.15004 -0.24677 eb
1132.80879 27.57698 -0.74191 0.63427 -0.21741 eb
1154.08253 20.03837 0.13478 -0.19636 -0.97122 eb
1159.29124 12.68053 -0.42789 0.31956 -0.84545 eb
1169.10330 18.63922 -0.72404 0.66309 -0.18995 eb
1187.55830 9.40219 -0.46720 0.30783 -0.82883 eb
1191.63990 9.35666 0.60658 -0.14446 0.78179 eb
1226.06602 28.04763 0.14250 0.95171 0.27192 eb
1228.87812 57.50940 0.11242 -0.40413 -0.90777 eb
1238.95587 39.55646 -0.60359 0.18547 -0.77542 eb
1239.45923 16.24190 0.96106 0.18653 0.20387 eb
1261.50050 19.29724 -0.76560 -0.60000 0.23208 eb
1270.00563 17.30708 -0.71968 0.36058 0.59333 eb
1353.15661 14.49989 -0.44001 0.46931 0.76560 eb
1400.63721 35.45741 -0.66120 -0.68716 -0.30104 eb
1410.75898 38.47017 -0.95469 0.05639 -0.29222 eb
1471.34677 23.45916 -0.13160 0.69060 0.71117 eb
1513.17840 38.01355 0.76084 -0.58443 0.28207 eb
1585.78418 24.42674 -0.42935 0.17888 -0.88525 eb
1627.49438 24.70824 -0.17043 0.86376 -0.47420 eb
1627.64104 17.07698 -0.99137 0.02531 -0.12863 eb
1633.40899 34.67005 -0.05243 0.83883 -0.54186 eb
1746.67342 33.00161 -0.06561 -0.28030 0.95767 eb
1823.62433 10.25299 -0.85842 0.09852 -0.50339 eb
1909.17196 30.50253 -0.26888 0.90327 0.33439 eb
1915.25194 14.61350 0.82297 -0.03441 0.56704 eb
1922.14517 28.91727 -0.43535 0.79670 0.41922 eb
1939.42436 22.98013 0.93492 0.33378 -0.12044 eb
1944.27000 29.07339 -0.96056 -0.07948 0.26647 eb
2012.27907 16.12672 -0.25144 -0.23541 -0.93881 eb
2023.10902 13.89190 -0.64479 -0.75617 0.11157 eb
2049.02353 27.72442 -0.10628 -0.72604 -0.67939 eb
2071.14236 18.63831 -0.00077 -0.29081 0.95678 eb
2120.68446 27.55922 0.43587 0.85521 0.28043 eb
2123.23187 32.10994 -0.44157 0.13420 -0.88714 eb
2140.64840 32.27259 0.99649 0.05868 -0.05975 eb
2188.31135 29.75367 -0.14005 -0.31820 0.93762 eb
2230.98613 16.77300 0.94167 0.30331 -0.14583 eb
2322.86175 36.62987 0.73916 0.65089 -0.17316 eb
2374.57955 77.68891 -0.58610 -0.62430 -0.51646 eb
2384.22112 34.10474 0.75490 0.32137 -0.57170 eb
2405.90586 27.04265 0.67589 -0.40692 -0.61448 eb
2517.02717 17.34216 0.09617 0.65628 0.74836 eb
2535.21649 37.63291 -0.66132 -0.36915 -0.65298 eb
2539.18750 29.19991 -0.02867 -0.96523 0.25981 eb
2570.76440 22.12271 -0.76770 -0.38869 -0.50946 eb
2577.01043 16.77378 -0.05627 -0.97078 0.23328 eb
2677.12828 29.25352 -0.03188 0.94061 -0.33800 eb
2706.04413 16.18083 -0.31323 -0.93091 -0.18788 eb
2713.54226 14.69872 0.77220 0.54896 0.31992 eb
2768.34157 17.04543 0.86281 -0.48586 -0.13962 eb
2784.41960 30.79760 0.50487 0.08023 0.85946 eb
2790.07182 37.82112 0.73354 0.51926 -0.43851 eb
2826.03993 11.63316 -0.21160 0.95478 0.20886 eb
2834.54991 33.35013 0.42692 -0.82647 -0.36700 eb
2858.85589 15.42932 0.61773 -0.59587 -0.51318 eb
2891.28327 27.41915 0.11827 -0.81839 0.56236 eb
3100.12570 9.56591 -0.09771 -0.87222 0.47926 eb
3103.76732 10.94111 0.95525 -0.19506 0.22239 eb
3156.16550 23.39016 -0.46619 0.88401 0.03460 eb
3170.03515 13.39736 -0.40134 0.89875 -0.17655 eb
3363.89135 73.71907 0.82181 0.08657 -0.56315 eb
3371.80387 29.21406 -0.50869 -0.74206 0.43656 eb
3466.81927 7.78413 0.58990 0.10798 -0.80023 eb
3515.61118 18.01225 -0.05403 -0.24041 0.96917 eb
3606.12497 30.07850 0.33294 0.60198 -0.72579 eb
3627.70418 20.78482 -0.95370 -0.19390 -0.22993 eb
3631.21930 39.05083 0.18041 -0.88298 0.43335 eb
3652.35272 21.44276 0.62075 -0.75751 -0.20214 eb
3655.44402 23.14349 -0.88177 -0.01746 0.47135 eb
3657.33497 18.29945 0.71691 0.17554 -0.67470 eb
3663.60156 20.66893 -0.51467 -0.82855 -0.22048 eb
3703.43959 8.12254 0.76586 -0.46592 -0.44314 eb
4065.09403 20.40268 -0.77143 0.49799 0.39611 eb
4071.40300 37.62672 -0.05335 -0.95070 -0.30549 eb
4075.35445 21.34274 -0.96688 -0.24953 0.05367 eb
4169.54267 18.08164 -0.85635 0.02642 -0.51572 eb
4234.88553 11.14361 -0.52829 0.62914 -0.57017 eb
4299.76068 16.40283 -0.12808 -0.81919 -0.55904 eb
4490.11437 10.90448 -0.76308 -0.56580 0.31236 eb
4893.13847 33.68086 -0.57358 -0.76029 -0.30490 eb
5035.93260 14.52213 -0.54278 -0.13425 -0.82908 eb
5059.50109 15.91024 0.79695 -0.54087 0.26894 eb
5197.38759 8.96928 0.33522 0.00197 0.94214 eb
5520.56357 13.98982 0.08587 -0.15601 -0.98402 eb
5547.84537 11.95070 -0.64680 0.74735 0.15207 eb
5583.31491 50.96297 -0.64847 -0.05334 -0.75937 eb
5631.63282 11.58158 0.99356 0.06115 0.09544 eb
5714.91090 31.47895 -0.47014 0.21431 -0.85618 eb
6275.01633 14.60809 -0.29680 0.73261 -0.61253 eb
6307.87675 29.95639 -0.31514 -0.93639 0.15445 eb
6392.05480 22.20486 -0.34154 0.03321 -0.93928 eb
6804.07993 10.00544 0.45092 0.26662 -0.85181 eb
6863.28045 26.75408 0.87485 -0.32371 0.36035 eb
7410.86496 12.82738 0.22714 -0.49926 -0.83615 eb
7532.19882 15.92329 0.33387 -0.61359 0.71557 eb
7706.73249 24.34049 0.72373 -0.68512 -0.08265 eb
7743.08219 18.18879 -0.05411 0.69014 -0.72165 eb
8615.57480 10.57010 -0.78487 -0.60243 0.14510 eb
9195.13748 30.72931 0.60470 -0.20076 -0.77073 eb
9573.91295 20.83195 -0.53763 -0.44217 -0.71794 eb
10294.32496 6.79774 0.47689 -0.87603 -0.07173 eb
11060.45714 8.09721 -0.88570 -0.36503 0.28688 eb
11516.25481 25.17843 -0.72444 0.66034 0.19782 eb
11768.57502 10.82658 -0.50693 0.46144 0.72807 eb
13017.98512 26.85006 0.90582 -0.29276 0.30625 eb
14623.75421 19.78845 0.00925 -0.33425 -0.94244 eb
15966.96184 17.18122 0.50969 0.42635 -0.74729 eb
17593.13673 17.86180 -0.70093 0.56375 0.43691 eb
17858.24213 12.15232 0.36966 0.79336 -0.48366 eb
17947.77035 14.57614 0.42367 -0.88167 0.20774 eb
