17.45531 53.81237 0.81261 -0.12292 -0.56970 eb
17.74899 64.95628 -0.97282 -0.15278 -0.17402 eb
17.91102 31.50734 -0.40566 -0.35595 -0.84187 eb
18.36062 31.76010 0.04293 0.08455 -0.99549 eb
18.70058 20.19252 -0.77478 0.56195 -0.28969 eb
18.78377 82.13769 -0.61645 0.24014 -0.74988 eb
18.98987 76.65897 0.74264 0.57297 -0.34669 eb
19.68187 66.69312 0.60052 -0.79008 -0.12308 eb
19.88803 55.43991 0.17068 0.47031 -0.86584 eb
20.45488 30.14139 -0.11086 -0.84086 -0.52978 eb
20.51048 62.36057 0.54509 -0.81972 -0.17589 eb
21.82024 43.58459 -0.05792 -0.34317 -0.93748 eb
22.16261 50.55927 0.75324 0.34120 -0.56232 eb
22.34865 54.71805 -0.89750 0.35017 0.26810 eb
22.39084 80.72144 -0.06510 -0.19882 -0.97787 eb
22.41167 75.78176 -0.48557 -0.04812 -0.87287 eb
22.93673 33.67014 -0.76974 -0.17582 -0.61367 eb
22.98844 57.28113 0.29044 -0.90074 0.32297 eb
23.15721 62.14269 0.39389 0.82243 -0.41044 eb
23.21705 52.19724 0.59376 -0.29253 -0.74958 eb
23.80282 75.32766 -0.56215 -0.16009 -0.81140 eb
24.02688 47.91328 -0.42814 0.89931 -0.08903 eb
24.21426 54.45816 -0.71746 -0.00229 -0.69659 eb
24.23684 61.91440 0.68443 -0.68829 0.24043 eb
24.49184 56.47005 0.49293 0.41169 -0.76651 eb
24.67766 85.45710 0.78134 0.06277 -0.62094 eb
24.78127 60.85397 0.96350 -0.21128 -0.16439 eb
24.89675 30.74387 0.23829 -0.97018 -0.04432 eb
25.36599 69.51676 0.83278 0.55046 -0.05891 eb
25.58649 60.92108 0.23231 0.24435 -0.94145 eb
26.12282 79.46007 -0.46855 -0.05541 -0.88170 eb
26.22931 61.91335 0.84534 0.17298 0.50545 eb
26.64510 84.60007 0.60272 0.53784 -0.58946 eb
26.72395 55.74590 -0.26135 0.35097 -0.89917 eb
26.76815 75.77264 -0.41498 -0.64400 0.64270 eb
27.25398 67.07433 0.03331 -0.97037 0.23930 eb
27.37065 84.95129 -0.96037 0.20612 0.18764 eb
27.40220 34.64585 0.13947 -0.41560 -0.89879 eb
27.74550 85.75121 -0.95481 -0.05051 -0.29290 eb
28.09907 46.17584 0.93333 0.31484 -0.17253 eb
28.68586 82.75772 0.69433 0.71372 0.09224 eb
28.70334 77.29291 -0.36139 0.83135 -0.42220 eb
29.56598 83.11535 0.20291 0.26545 -0.94253 eb
30.06655 22.09746 -0.53089 -0.84701 0.02701 eb
30.12689 86.16155 -0.25873 0.91684 -0.30406 eb
30.26525 42.85631 -0.37155 -0.04808 -0.92717 eb
30.43448 71.25364 0.24248 0.07844 -0.96698 eb
30.61170 84.17483 -0.08095 0.44537 -0.89168 eb
30.81580 71.75059 -0.31073 -0.93995 0.14120 eb
31.00932 80.55222 -0.64132 0.04680 -0.76585 eb
31.28347 26.80427 0.95956 -0.16370 0.22900 eb
31.36119 51.91876 0.51610 -0.83253 0.20132 eb
31.36577 75.32384 0.57922 0.46875 -0.66692 eb
31.37988 40.60009 0.59566 0.15753 -0.78764 eb
31.73173 44.39177 0.46475 -0.73304 0.49664 eb
31.83354 69.48763 0.30903 0.66778 -0.67718 eb
31.90587 26.22307 -0.69622 -0.00190 -0.71783 eb
32.69119 62.37187 0.62892 0.72181 0.28888 eb
33.00524 22.74708 -0.84989 0.45266 -0.26981 eb
33.64529 47.06709 0.79938 -0.16593 -0.57746 eb
34.00022 29.47681 0.70277 -0.35230 0.61806 eb
34.08531 72.42870 -0.89755 0.35462 0.26202 eb
34.53328 78.37397 0.26730 0.81578 -0.51289 eb
34.66290 79.65879 -0.68842 0.60880 -0.39427 eb
35.46545 81.10928 -0.12599 0.82822 0.54606 eb
35.52242 28.04975 0.42520 0.90328 -0.05737 eb
35.63082 54.85598 -0.07287 -0.64905 -0.75725 eb
35.83401 55.17534 -0.25475 -0.95447 0.15521 eb
35.96747 45.58735 -0.15595 -0.57104 -0.80597 eb
36.12255 87.34456 0.83116 0.37540 0.41019 eb
36.13631 21.66243 0.19422 0.76848 -0.60969 eb
36.13654 43.41846 -0.91342 -0.34507 0.21583 eb
36.39642 51.62344 -0.02577 -0.61208 -0.79038 eb
36.43210 52.65808 -0.61500 -0.23763 0.75187 eb
36.78268 56.42118 -0.58191 -0.33603 -0.74059 eb
36.95824 25.76943 -0.50406 -0.24109 -0.82934 eb
36.96652 54.53372 0.91209 -0.14881 -0.38203 eb
37.64941 73.50506 0.52783 0.03633 -0.84857 eb
38.04659 62.40576 -0.30579 0.62696 0.71653 eb
38.26479 53.57758 -0.89503 0.40709 -0.18220 eb
38.31562 70.64335 -0.52042 0.68010 -0.51637 eb
38.41520 54.73037 0.18843 -0.54601 -0.81631 eb
38.83267 85.98112 0.65389 -0.72806 0.20582 eb
38.91559 57.16326 0.90699 0.22916 -0.35336 eb
39.07357 74.40493 0.90980 -0.36131 -0.20423 eb
39.39320 56.61575 -0.63917 -0.17515 -0.74885 eb
39.74760 61.04298 -0.11206 -0.86110 -0.49594 eb
39.85862 71.40437 -0.71584 -0.47131 0.51520 eb
40.36370 37.20534 0.51178 0.56007 -0.65146 eb
40.52906 68.36601 0.49940 -0.73956 -0.45127 eb
40.68566 28.78388 0.64963 0.34614 -0.67688 eb
41.00338 41.69704 0.02679 0.71961 -0.69386 eb
41.53298 28.12822 0.96758 0.19213 0.16392 eb
41.75481 22.09488 0.52314 0.75256 -0.39997 eb
42.14319 64.61397 -0.39404 -0.29594 -0.87014 eb
42.83468 35.07779 0.37124 -0.51249 0.77429 eb
43.60810 71.71426 -0.53758 0.84062 -0.06604 eb
43.67904 59.05739 -0.63651 -0.59185 -0.49454 eb
43.79520 30.56203 0.06436 0.66989 0.73967 eb
43.91795 59.63961 0.04660 -0.03425 -0.99833 eb
44.09055 43.60929 -0.42921 0.87092 -0.23932 eb
44.41313 26.86043 -0.18465 -0.19767 0.96272 eb
44.59032 76.65336 0.40639 0.90834 -0.09879 eb
44.88377 21.04588 -0.43526 -0.89973 -0.03206 eb
45.38346 83.84879 -0.19171 0.00520 -0.98144 eb
45.52729 49.89507 0.40022 -0.90147 -0.16483 eb
45.53842 79.87658 0.43353 -0.73764 -0.51763 eb
45.78315 43.10031 -0.09700 -0.97518 -0.19903 eb
46.22383 57.53045 -0.37599 0.85507 -0.35706 eb
46.36411 38.12726 0.06546 -0.89130 -0.44867 eb
46.68538 31.72069 -0.72389 0.58408 -0.36719 eb
46.70454 32.00641 0.73360 0.00122 -0.67958 eb
46.82383 58.80041 -0.88708 0.44827 -0.11023 eb
46.96556 33.12587 0.66406 -0.72091 -0.19827 eb
47.35378 58.32441 0.97525 0.19597 -0.10241 eb
47.99101 69.99362 0.00124 -0.27038 -0.96275 eb
48.00232 82.92087 0.97387 -0.13408 0.18331 eb
48.14435 86.35074 -0.23000 -0.55820 -0.79719 eb
48.35096 21.39744 0.61154 0.43435 -0.66133 eb
48.40772 54.35324 0.75774 -0.10739 -0.64366 eb
48.51641 65.34981 -0.02489 -0.98698 0.15889 eb
48.69623 66.54539 0.78135 -0.29174 -0.55170 eb
48.97499 64.41221 -0.14572 0.89850 -0.41409 eb
49.25218 15.12990 0.34959 0.23427 -0.90714 eb
49.50540 74.89858 -0.34922 -0.92724 -0.13517 eb
49.73056 47.02572 0.01062 -0.99134 0.13086 eb
49.75608 65.04010 -0.16082 -0.44882 -0.87903 eb
50.23421 45.75607 0.44013 0.49184 -0.75125 eb
50.31938 83.65343 -0.46307 -0.00298 0.88632 eb
50.74589 21.71548 0.54828 0.65674 -0.51776 eb
50.86790 67.97807 0.12588 0.95453 0.27022 eb
50.97878 23.23248 0.28814 -0.95634 0.04891 eb
51.34337 52.69978 0.39478 0.91201 0.11127 eb
51.93240 68.50946 0.15648 -0.09317 -0.98328 eb
52.19614 16.86734 0.95530 0.07790 0.28520 eb
52.37257 57.27797 -0.73145 0.26122 -0.62988 eb
52.49678 88.57194 0.88704 -0.46106 -0.02407 eb
52.68491 30.14875 -0.46124 0.52029 0.71872 eb
52.69341 68.52187 -0.05733 -0.18006 -0.98198 eb
52.90123 59.48237 -0.17389 0.96938 -0.17336 eb
53.17548 67.80840 -0.10747 -0.90653 0.40823 eb
53.27976 84.92403 0.64333 -0.08492 0.76087 eb
53.54661 71.01236 -0.24036 0.15138 -0.95881 eb
53.73358 37.19901 -0.98432 0.11696 0.13205 eb
54.03137 26.31042 -0.14473 0.98907 0.02814 eb
54.39148 35.33721 0.87249 0.28390 -0.39770 eb
54.64651 82.41871 0.30127 0.92235 0.24190 eb
55.01647 29.54940 -0.69112 -0.43714 0.57556 eb
55.06722 50.10330 -0.73376 0.40532 -0.54527 eb
55.34905 23.45659 0.42451 -0.41354 -0.80547 eb
55.76754 83.15962 -0.44304 -0.88111 0.16539 eb
55.95174 34.24813 -0.56923 0.68430 -0.45576 eb
56.04489 70.97654 -0.15139 -0.52190 -0.83946 eb
56.05303 33.05849 -0.67309 -0.69357 0.25673 eb
56.14217 81.14886 0.08488 0.10011 -0.99135 eb
56.61817 61.41020 0.52246 -0.84568 0.10888 eb
56.95601 70.85499 -0.02205 -0.72976 -0.68335 eb
57.06490 40.72498 0.21425 0.63012 -0.74635 eb
57.40814 60.64896 -0.01405 0.45033 -0.89275 eb
57.51779 14.31089 0.06704 0.59438 0.80139 eb
57.76548 27.36031 -0.76637 -0.41645 -0.48912 eb
57.96547 67.28723 0.38298 -0.90821 -0.16875 eb
58.03470 52.73452 0.22030 0.78935 -0.57306 eb
58.05516 43.80254 -0.55610 0.81945 -0.13878 eb
58.76241 64.38288 -0.74222 -0.06825 -0.66667 eb
58.77403 46.68392 0.08741 -0.05828 -0.99447 eb
58.82045 34.01400 -0.72594 0.25435 0.63900 eb
58.99766 50.50139 -0.75110 -0.35133 -0.55894 eb
59.27867 48.70902 0.54848 0.07465 -0.83283 eb
59.31901 82.17712 -0.45204 -0.36536 -0.81374 eb
59.34327 23.06229 -0.49185 0.07688 -0.86728 eb
60.04469 87.24109 0.11772 0.78672 -0.60599 eb
60.17146 77.09399 -0.62081 0.68162 -0.38729 eb
60.35026 70.97338 0.87288 -0.48732 0.02441 eb
60.45811 64.45374 0.42524 0.09074 -0.90052 eb
60.49854 51.80644 0.43589 -0.41487 -0.79868 eb
61.26096 35.15354 -0.28224 0.60759 0.74241 eb
61.30527 41.26910 0.77548 0.63131 0.00905 eb
61.56477 37.35542 -0.53341 0.25258 -0.80727 eb
62.26230 28.92019 -0.43624 -0.62281 0.64947 eb
62.43647 25.19555 -0.90808 0.06324 -0.41399 eb
62.91446 77.25178 0.81412 0.44954 -0.36760 eb
62.99992 69.93759 -0.30607 0.21358 -0.92774 eb
63.65592 36.64308 -0.13141 0.17908 -0.97502 eb
64.07754 47.65916 0.04762 -0.40219 -0.91432 eb
64.19331 60.63588 0.66985 0.26939 -0.69191 eb
64.36498 40.15803 0.92200 -0.01972 -0.38669 eb
64.61630 58.57224 -0.48101 -0.21920 0.84887 eb
64.80342 27.23696 0.10980 0.75575 -0.64559 eb
64.99210 86.04741 -0.05773 0.89356 -0.44522 eb
65.12494 27.89279 0.54226 -0.34777 -0.76486 eb
65.43223 67.09935 0.01407 -0.82415 0.56619 eb
65.57068 14.30066 -0.85884 -0.37811 -0.34557 eb
65.82518 59.93056 -0.82622 -0.34927 0.44200 eb
66.78843 82.82256 -0.19524 -0.62366 -0.75692 eb
66.95708 11.27539 0.09350 -0.96882 0.22945 eb
66.95911 48.09192 -0.26887 0.64428 -0.71597 eb
67.56351 46.08425 -0.21333 -0.01188 -0.97691 eb
67.65606 57.93329 0.25366 -0.88084 0.39973 eb
67.77456 61.65067 0.94855 -0.31259 -0.05045 eb
68.13838 38.96384 0.97262 0.22188 -0.06914 eb
68.18857 60.62397 0.27630 0.33201 -0.90190 eb
68.47303 84.01494 -0.61108 0.15283 -0.77667 eb
68.60394 78.26155 -0.81753 0.11398 -0.56449 eb
68.65493 80.65109 0.30552 -0.95156 -0.03448 eb
68.88819 47.07552 0.27603 -0.72675 -0.62900 eb
69.03418 78.10801 0.94172 -0.22523 -0.24989 eb
69.06097 54.90911 -0.03370 0.70999 0.70340 eb
69.27190 50.20990 0.14430 0.96321 -0.22672 eb
69.28485 57.11814 -0.18905 0.45372 0.87086 eb
69.34470 79.26122 -0.88323 0.42642 0.19512 eb
69.69178 36.66682 -0.28806 0.95659 -0.04430 eb
69.80423 62.82407 0.72693 -0.05434 -0.68456 eb
70.16595 64.54987 -0.24326 -0.94133 -0.23394 eb
70.36907 33.64093 0.24872 -0.49396 -0.83315 eb
70.53784 71.45662 -0.19794 -0.97861 0.05599 eb
71.26304 28.87318 -0.94326 -0.16048 -0.29069 eb
71.43617 65.00825 0.62487 0.55055 -0.55356 eb
72.02953 20.22641 0.63589 0.72357 -0.26849 eb
72.75634 72.93657 0.72113 0.60574 -0.33623 eb
72.86575 26.54945 -0.54724 0.10540 -0.83031 eb
73.02222 51.55255 -0.84451 0.42148 -0.33039 eb
73.82068 40.35625 0.51769 0.81454 -0.26176 eb
73.90074 38.38045 0.47448 -0.46997 0.74431 eb
73.98915 53.68981 0.94846 -0.01386 0.31661 eb
74.11717 48.02009 -0.72443 -0.60596 0.32865 eb
74.27121 53.28085 0.38676 0.90578 0.17315 eb
74.45622 53.04959 -0.39394 -0.43892 -0.80756 eb
74.64799 43.66015 -0.81146 0.50819 0.28855 eb
74.99874 61.75025 -0.23538 0.56321 -0.79208 eb
75.92320 41.47369 0.83094 -0.22992 0.50663 eb
76.22856 79.96369 0.12698 -0.27560 -0.95285 eb
76.41314 47.19660 0.35488 -0.91837 -0.17512 eb
76.41499 45.91471 0.97798 0.20205 -0.05217 eb
76.54180 81.72467 -0.78386 -0.56677 0.25366 eb
76.59406 30.18400 0.84180 -0.46561 -0.27309 eb
77.15555 41.91403 -0.28955 0.67607 -0.67757 eb
77.31770 74.40230 -0.08998 -0.98840 -0.12235 eb
77.39645 50.67367 -0.51409 0.14002 -0.84623 eb
77.44572 40.40606 -0.23072 -0.97222 -0.03953 eb
77.61045 54.35683 -0.17063 -0.98507 -0.02274 eb
77.91437 43.89840 0.10679 -0.53984 -0.83497 eb
78.37276 62.68270 -0.36091 -0.83095 0.42341 eb
78.46023 41.67181 -0.47897 0.19381 -0.85617 eb
78.55955 56.13362 0.40005 -0.39591 -0.82657 eb
78.60111 38.27473 0.33618 0.68382 -0.64759 eb
78.70144 72.85137 0.92651 -0.33399 -0.17328 eb
78.79755 60.73613 0.92492 0.01244 0.37995 eb
78.97890 58.98284 0.10306 0.99467 -0.00368 eb
79.10160 57.26966 -0.96688 0.16178 -0.19741 eb
79.44673 14.23718 -0.53763 -0.45654 -0.70889 eb
79.73808 56.93126 0.27946 -0.45763 0.84408 eb
80.11888 63.07041 -0.72336 0.35602 0.59161 eb
80.26568 18.93866 -0.86490 -0.40804 0.29233 eb
80.27232 57.65089 -0.55344 -0.63661 -0.53705 eb
80.75837 42.30796 -0.52458 -0.73596 -0.42800 eb
80.95753 66.39128 -0.85868 0.24926 -0.44781 eb
81.36750 63.22264 -0.05014 -0.75988 -0.64812 eb
81.67913 32.88226 0.30962 0.87779 0.36553 eb
82.66873 49.90849 -0.49895 -0.07241 -0.86360 eb
82.69881 39.11732 0.63864 -0.09984 -0.76300 eb
82.96999 44.88241 0.69838 0.69397 -0.17513 eb
83.19928 36.01951 0.22192 0.78734 -0.57519 eb
83.26596 72.66644 0.50672 -0.21032 -0.83606 eb
83.60812 77.18890 -0.54911 0.34589 0.76081 eb
83.86584 35.47402 0.39766 0.89109 -0.21871 eb
84.29843 57.48050 0.63956 -0.71477 0.28296 eb
84.32217 73.84335 0.43277 0.14012 0.89055 eb
84.43547 51.08318 -0.57004 -0.41327 -0.71011 eb
84.48914 73.08455 0.09819 0.87752 -0.46938 eb
84.68111 19.84027 -0.47931 0.87749 -0.01621 eb
85.31289 63.58160 0.84548 -0.10418 -0.52374 eb
85.46190 27.53883 -0.90001 0.03428 -0.43452 eb
85.49890 16.52341 0.95289 0.18538 0.24007 eb
85.54335 56.55470 0.90041 0.10547 -0.42206 eb
86.04774 55.60969 -0.85707 -0.15993 -0.48975 eb
86.05490 41.24092 0.87067 0.09442 -0.48271 eb
86.42117 54.56198 -0.24549 -0.35622 -0.90158 eb
86.65405 32.79318 -0.08393 0.50608 -0.85839 eb
86.83596 63.29267 -0.80752 -0.52543 0.26802 eb
87.32526 56.56700 0.29549 0.67270 -0.67835 eb
87.47990 35.73270 0.72448 0.33701 -0.60129 eb
87.76039 87.18569 -0.60456 -0.71966 -0.34145 eb
87.77935 19.91344 0.18500 0.85599 -0.48276 eb
87.95301 69.62073 0.22630 -0.76871 0.59823 eb
87.95315 83.54307 -0.79458 -0.60394 0.06243 eb
88.30617 57.15937 0.72667 0.35854 0.58601 eb
88.58982 37.82197 -0.71047 0.60195 -0.36455 eb
89.81106 80.62558 -0.10098 0.20481 -0.97358 eb
89.88552 21.49344 -0.78043 -0.07537 0.62068 eb
90.11112 20.48871 0.00596 0.41049 0.91185 eb
91.07029 34.57155 -0.65844 -0.73346 0.16879 eb
91.53695 75.88154 0.62698 0.32698 -0.70709 eb
91.68329 71.65560 -0.78087 0.06022 0.62178 eb
93.57063 51.81227 0.49030 -0.73274 -0.47190 eb
93.91144 41.23615 0.36401 0.79674 0.48239 eb
94.25017 68.71245 0.68291 -0.58661 0.43533 eb
94.25064 17.10683 0.66987 -0.49833 -0.55041 eb
94.59017 41.75413 -0.76116 0.42536 -0.48959 eb
96.13098 50.46433 -0.04816 -0.55187 -0.83254 eb
96.30070 54.37154 0.51726 -0.85546 0.02501 eb
96.32487 62.09280 -0.75366 0.56993 -0.32739 eb
96.40660 38.77978 0.03370 0.02059 -0.99922 eb
96.83469 72.15307 -0.17878 0.06308 -0.98187 eb
97.03416 48.13038 -0.01347 -0.06506 -0.99779 eb
97.19783 78.04996 -0.88207 0.44199 -0.16308 eb
97.31606 54.08395 0.02704 -0.44794 -0.89365 eb
97.67554 47.65475 0.61922 -0.67417 -0.40256 eb
97.73539 41.26765 0.72078 -0.05425 -0.69104 eb
97.99082 29.69926 0.74827 -0.65092 -0.12803 eb
98.55300 52.25900 -0.31436 0.46779 -0.82604 eb
99.79004 30.36555 0.06138 0.45811 -0.88677 eb
100.54685 44.51292 0.58455 -0.72754 -0.35914 eb
101.54699 86.77491 0.24838 -0.95183 -0.17981 eb
102.75107 35.91802 0.84971 -0.49352 -0.18553 eb
103.01421 24.30781 0.79984 -0.43065 -0.41808 eb
103.12455 46.88964 -0.90794 0.05318 -0.41572 eb
103.38319 36.31214 0.51763 -0.26941 -0.81208 eb
103.43026 62.33650 0.62297 -0.71097 -0.32624 eb
103.58508 83.99183 0.20768 0.82197 -0.53031 eb
104.50456 44.79608 0.19445 0.54219 0.81745 eb
105.06316 53.17082 -0.62787 -0.57772 -0.52156 eb
106.17065 54.35215 -0.01341 -0.24127 -0.97037 eb
106.31002 28.31733 0.57539 0.77752 -0.25374 eb
106.34785 41.97389 -0.52876 -0.73595 -0.42283 eb
106.43738 84.95979 -0.46689 -0.68423 -0.56022 eb
107.22830 66.92852 0.95525 -0.09558 -0.27991 eb
107.56494 49.25869 -0.12597 -0.99196 0.01200 eb
108.01614 25.78233 0.05811 0.62493 -0.77852 eb
108.81476 66.80730 -0.97221 -0.05374 -0.22786 eb
108.89469 26.97069 -0.29354 0.63278 -0.71654 eb
109.52121 17.90896 0.79341 0.34714 -0.49999 eb
109.53570 60.69805 0.68456 -0.09125 -0.72323 eb
110.22902 9.75486 0.44599 0.83006 -0.33481 eb
110.81432 41.11213 -0.66223 0.09640 -0.74308 eb
110.85295 39.61657 0.81483 -0.36541 -0.45003 eb
111.09870 67.88658 -0.31051 -0.57806 -0.75460 eb
111.82804 34.05855 0.29209 0.40298 0.86735 eb
113.35684 55.42250 0.95810 -0.17318 -0.22814 eb
113.65618 31.37998 -0.16763 -0.01507 -0.98573 eb
114.41510 44.09232 0.49545 -0.21804 -0.84082 eb
114.82620 30.29275 0.64804 0.52601 -0.55078 eb
114.92311 65.71387 -0.31164 -0.38047 -0.87070 eb
115.35077 34.32802 0.00103 0.59832 0.80126 eb
115.51587 71.07867 -0.57465 0.71753 -0.39361 eb
116.67622 63.96855 -0.11478 0.48548 -0.86668 eb
117.67752 61.42581 0.65106 0.75843 -0.02995 eb
117.94737 48.67048 0.07855 0.26331 -0.96151 eb
118.09096 60.34313 0.49271 -0.53903 0.68314 eb
118.73806 21.93574 0.98691 0.13148 0.09339 eb
118.79646 59.29750 -0.45595 0.62081 -0.63773 eb
119.39375 48.48099 0.60126 0.78233 -0.16262 eb
119.46075 60.08138 0.96712 -0.22881 0.11103 eb
119.76177 43.99185 -0.49620 0.77283 0.39562 eb
120.06579 16.67822 -0.45768 -0.50877 -0.72917 eb
120.89396 23.00847 0.10791 -0.95659 -0.27073 eb
121.05229 23.61129 -0.97938 -0.13902 0.14656 eb
121.12718 51.58582 0.71103 -0.70221 0.03650 eb
121.47653 50.03110 0.63316 -0.76553 -0.11438 eb
123.45473 52.67993 -0.86439 0.21392 -0.45504 eb
123.50184 28.71026 0.51024 -0.11723 -0.85201 eb
123.52704 25.09776 -0.61194 -0.78974 -0.04286 eb
123.57948 35.71224 -0.53859 -0.54426 -0.64319 eb
124.13194 73.63883 0.27405 0.85883 0.43279 eb
124.31742 33.35256 -0.89039 0.39102 -0.23303 eb
125.50715 41.07316 -0.73713 0.14457 -0.66011 eb
126.17682 45.59188 0.22323 0.32641 -0.91849 eb
126.68594 68.51822 -0.38528 0.46756 0.79558 eb
126.97354 53.96791 -0.13092 -0.83370 -0.53647 eb
127.24683 74.09733 0.67217 0.12227 -0.73023 eb
128.41947 38.00884 -0.48539 0.03044 -0.87377 eb
129.70195 27.34033 -0.69161 -0.71956 -0.06258 eb
130.15755 31.67137 -0.40422 0.82221 -0.40072 eb
130.61691 54.30222 -0.66422 -0.27639 0.69457 eb
130.72549 55.97367 0.36683 -0.81115 -0.45549 eb
130.90120 21.50687 -0.36959 -0.92598 0.07718 eb
131.19714 53.40951 -0.32904 0.94412 -0.01924 eb
132.23905 33.67176 0.44518 -0.81654 -0.36753 eb
134.15234 41.51567 -0.00320 -0.96381 -0.26656 eb
134.19224 35.21716 -0.38959 -0.11077 -0.91430 eb
134.90649 51.80828 -0.84247 0.38880 -0.37294 eb
135.09621 47.34602 -0.46091 0.85816 -0.22610 eb
135.14138 63.27999 -0.37956 -0.91282 0.15064 eb
136.04268 86.61200 0.24713 0.50687 -0.82584 eb
136.05906 34.24770 -0.57724 -0.64044 0.50659 eb
136.11510 74.16108 0.26292 0.63313 -0.72802 eb
136.34154 15.79335 -0.18696 -0.97916 -0.07936 eb
136.40554 31.08980 0.88799 -0.07080 -0.45439 eb
136.46469 65.74960 -0.16508 -0.81114 -0.56108 eb
136.75895 81.84405 -0.78926 0.42719 -0.44111 eb
136.91294 28.03598 0.78021 -0.62099 -0.07515 eb
137.66133 60.26229 0.33798 -0.22637 -0.91353 eb
138.34334 27.50235 -0.90319 0.11222 -0.41431 eb
138.49914 30.49234 -0.79024 0.49717 -0.35825 eb
138.59127 13.87209 0.98658 0.11733 -0.11356 eb
139.40373 25.26105 -0.51141 0.65177 -0.56005 eb
140.13912 56.78442 0.86161 -0.24489 -0.44458 eb
140.49360 33.12333 -0.44336 0.72838 -0.52240 eb
140.97282 27.17490 -0.48702 0.54643 -0.68133 eb
141.43002 33.16939 -0.30199 0.27822 0.91181 eb
141.75070 50.84766 0.12461 0.97629 0.17701 eb
142.67526 32.80980 0.35208 0.85138 -0.38883 eb
142.85718 35.21459 0.11484 -0.29270 0.94928 eb
143.05621 49.14403 0.16970 -0.46550 -0.86863 eb
144.46071 57.33765 -0.12950 -0.94962 -0.28540 eb
145.06835 29.15259 0.00791 -0.92838 0.37155 eb
146.78252 27.64671 0.71771 -0.30435 -0.62631 eb
146.84001 54.42583 0.97018 -0.20703 -0.12603 eb
147.35474 42.76655 0.05077 0.96394 -0.26123 eb
148.17133 30.17453 -0.67119 0.74002 -0.04335 eb
148.30920 23.23729 -0.92059 -0.35456 -0.16371 eb
148.60072 27.80024 0.83639 0.11411 0.53613 eb
149.20109 30.14784 -0.52234 -0.03453 0.85204 eb
149.24537 76.90614 0.06923 0.70190 -0.70890 eb
149.38766 50.65607 -0.88728 0.43745 -0.14618 eb
149.60699 42.95857 0.14863 0.52956 -0.83515 eb
150.39837 50.10611 -0.14248 0.98967 0.01578 eb
150.72129 57.43019 0.47920 -0.26151 -0.83785 eb
151.92843 37.87382 -0.61086 0.16293 -0.77479 eb
152.01661 62.25589 -0.24917 -0.78521 -0.56689 eb
152.12320 61.58447 0.74551 0.48205 -0.46026 eb
152.39321 22.97256 0.90394 0.05251 -0.42442 eb
152.91816 70.73266 0.97783 -0.16993 0.12235 eb
154.77043 54.69841 0.85426 -0.16047 -0.49446 eb
156.39344 55.58191 0.13316 0.50856 0.85067 eb
156.63009 59.12114 -0.97718 -0.14258 -0.15742 eb
159.06299 6.28774 0.22162 -0.82599 0.51830 eb
159.45794 34.50847 0.57826 -0.68877 -0.43727 eb
160.29150 65.77131 0.92168 0.29255 -0.25481 eb
160.65906 45.29689 -0.59020 0.77489 0.22629 eb
160.71165 85.48884 0.80840 -0.58670 -0.04774 eb
161.01677 57.27446 -0.09113 -0.97899 -0.18242 eb
161.94645 15.52316 -0.39974 -0.85304 -0.33546 eb
162.29972 37.91108 0.17560 0.87581 -0.44959 eb
162.75334 26.65358 0.04028 -0.76064 -0.64793 eb
162.95498 24.28908 -0.14039 0.97751 -0.15734 eb
163.56106 70.48864 -0.45305 -0.46390 -0.76128 eb
163.71489 15.18493 0.66898 -0.73012 -0.13927 eb
163.91896 41.48908 -0.91180 0.11735 0.39351 eb
164.44800 55.29637 -0.89878 0.27893 0.33822 eb
164.70689 75.99063 -0.98228 -0.15656 0.10303 eb
165.05901 84.41617 0.39117 0.19281 -0.89989 eb
165.40519 57.10936 -0.76083 0.45754 -0.46022 eb
166.55169 38.56979 0.64894 0.41557 -0.63732 eb
167.28093 39.90664 -0.77318 0.52352 0.35793 eb
167.37303 65.03920 -0.45980 -0.68786 -0.56163 eb
168.14604 31.54511 0.31427 0.04102 -0.94845 eb
168.38253 45.34153 0.82992 -0.11844 0.54517 eb
168.76676 52.14424 0.74713 0.66320 0.04433 eb
169.24498 44.95752 -0.53772 -0.58583 -0.60636 eb
170.05986 68.97788 -0.44564 -0.74868 -0.49081 eb
170.53853 34.87268 0.65526 -0.75520 0.01775 eb
171.74412 23.06391 -0.85294 0.31898 -0.41320 eb
172.14641 32.73369 0.79022 0.30322 0.53256 eb
172.20563 54.65214 -0.77163 0.37007 -0.51733 eb
173.62605 38.18891 0.79922 0.32093 -0.50818 eb
173.75024 80.59698 -0.48150 -0.81739 0.31628 eb
173.94306 34.34146 0.19057 0.47530 -0.85894 eb
174.32229 31.65375 -0.50904 0.77541 0.37366 eb
174.97806 24.59958 0.03341 0.14567 0.98877 eb
175.03892 68.76450 -0.90903 -0.02691 -0.41585 eb
175.16169 37.26365 -0.12785 -0.93657 -0.32634 eb
175.87421 24.45246 -0.29374 -0.36942 -0.88161 eb
176.19645 33.33570 -0.79628 0.32600 0.50957 eb
176.91220 60.89477 0.59592 -0.52898 -0.60420 eb
177.96616 23.22944 0.59518 -0.62049 -0.51064 eb
178.11025 56.41043 -0.07479 0.63219 -0.77119 eb
178.97293 58.57712 -0.80947 -0.08208 -0.58139 eb
179.24751 40.55131 -0.85716 -0.49493 0.14253 eb
179.67997 17.11401 0.28448 0.16618 -0.94417 eb
179.85578 59.31509 0.37144 0.00489 -0.92844 eb
181.67054 61.40336 0.38271 -0.46527 -0.79816 eb
182.04418 78.50107 0.28194 -0.21731 -0.93450 eb
182.36063 41.94068 0.57310 0.77631 -0.26249 eb
185.68107 37.75234 0.84585 -0.07312 -0.52838 eb
185.92627 53.58327 -0.44669 0.87929 0.16529 eb
186.77386 23.15625 -0.09581 0.03922 0.99463 eb
186.77988 38.45042 0.26960 -0.96293 0.00960 eb
187.64037 18.09500 0.48039 -0.85730 0.18510 eb
188.78943 36.54015 -0.67600 -0.25262 -0.69225 eb
189.66701 49.85177 -0.32580 -0.80302 -0.49902 eb
189.79728 48.26232 0.31451 -0.78668 -0.53125 eb
190.04529 16.52065 -0.38519 0.61015 -0.69235 eb
190.28594 47.18974 -0.36842 0.66948 0.64503 eb
190.58183 63.16403 0.30451 0.92802 -0.21458 eb
191.13961 26.39927 -0.98662 0.04885 -0.15552 eb
191.49129 9.19971 0.62383 -0.78028 -0.04461 eb
192.02135 51.10773 -0.85368 0.34227 -0.39253 eb
192.71760 31.69528 -0.27491 0.54938 0.78906 eb
192.87360 80.90499 0.85933 0.11485 -0.49836 eb
193.26600 24.13697 -0.27791 0.90862 0.31173 eb
193.48966 47.46968 -0.56178 -0.71759 -0.41167 eb
193.59746 64.92103 0.75150 0.36921 -0.54674 eb
194.61646 18.32172 0.64507 -0.60280 0.46959 eb
198.37908 28.77910 -0.71378 -0.53430 -0.45281 eb
198.70069 51.37593 0.72204 0.54388 -0.42761 eb
199.11233 40.51409 -0.15802 0.12444 -0.97956 eb
201.68454 79.78797 0.76200 -0.23329 -0.60410 eb
201.75771 20.65329 -0.65187 0.30812 0.69292 eb
201.87389 42.94225 0.58135 0.74266 0.33240 eb
203.16330 30.92087 -0.68587 0.10334 0.72035 eb
203.22258 83.54906 0.41105 0.71049 0.57117 eb
203.30431 57.67819 -0.42107 0.77755 -0.46704 eb
203.76865 59.19198 -0.34534 -0.80309 -0.48558 eb
204.13455 47.87083 0.95252 -0.23663 0.19163 eb
204.39933 41.31112 -0.87537 0.39035 -0.28523 eb
204.40517 23.96607 -0.54529 -0.46780 0.69557 eb
204.53952 65.11974 0.18629 0.03240 -0.98196 eb
205.00088 35.40889 -0.35437 0.41936 -0.83580 eb
205.59983 77.41735 0.26287 0.95566 -0.13272 eb
206.68920 29.97173 0.01716 -0.30724 -0.95148 eb
206.76458 38.54584 0.05487 0.75788 -0.65009 eb
207.22346 23.35291 -0.15712 0.59307 -0.78967 eb
207.61664 80.81207 -0.76816 -0.24038 -0.59342 eb
208.02174 47.06292 -0.00257 -0.99780 -0.06629 eb
208.05647 57.69377 0.02495 -0.53384 -0.84522 eb
208.06213 37.24676 -0.47571 -0.83548 0.27508 eb
208.20353 39.51362 0.24450 0.71108 -0.65923 eb
210.29824 23.54176 -0.57516 0.28426 -0.76706 eb
211.87891 64.88524 0.13475 -0.09404 -0.98641 eb
211.96465 23.75507 -0.18029 0.30832 -0.93404 eb
212.45350 62.56715 0.03825 -0.27839 -0.95971 eb
214.72296 24.75139 0.01342 0.38931 -0.92101 eb
214.98823 75.21967 0.27053 -0.48382 -0.83231 eb
215.56089 30.55642 0.30693 -0.87154 0.38238 eb
218.17945 10.29482 0.18023 -0.96525 -0.18921 eb
218.96598 28.50603 -0.63116 0.76432 0.13210 eb
219.59840 82.98871 0.37190 0.91575 0.15195 eb
219.64492 24.46971 0.90616 0.29661 0.30149 eb
219.81949 34.74864 0.77054 -0.63466 -0.05887 eb
221.78411 55.89260 0.24616 0.08803 -0.96522 eb
222.15335 25.94588 0.75594 0.34585 -0.55583 eb
222.61773 50.51245 -0.61306 0.43718 0.65805 eb
223.41969 20.40970 0.63546 0.76576 -0.09900 eb
223.72562 34.36519 -0.26506 -0.92116 -0.28498 eb
225.51413 14.09888 -0.22744 -0.52656 -0.81915 eb
226.25069 41.07702 -0.24850 0.59706 0.76273 eb
226.60168 19.35598 -0.56509 0.23156 -0.79187 eb
228.01174 49.28862 0.89604 0.04886 0.44128 eb
229.07509 24.61802 0.06052 0.43345 -0.89914 eb
229.54150 40.57225 0.34359 0.92612 -0.15572 eb
231.16474 51.68529 -0.55348 0.81713 -0.16110 eb
231.38901 19.52338 -0.32931 -0.61753 -0.71429 eb
231.65596 30.38815 -0.55014 0.77416 0.31308 eb
232.13933 22.28289 0.44804 -0.77124 -0.45217 eb
233.00152 22.59903 0.80825 0.56134 -0.17787 eb
234.87492 33.16778 -0.03738 -0.89004 -0.45434 eb
235.36579 41.62322 -0.94860 -0.05850 0.31103 eb
235.85278 27.00201 0.58373 -0.52161 0.62224 eb
237.16756 36.49446 0.33695 -0.92596 0.17049 eb
240.18866 35.13105 0.24827 0.30699 -0.91876 eb
242.43917 23.30092 -0.74045 0.64947 -0.17297 eb
242.66290 18.14377 -0.78087 -0.21301 -0.58726 eb
243.26235 19.84263 -0.45648 -0.23936 -0.85693 eb
244.17263 51.85710 0.61568 -0.76639 0.18324 eb
245.57028 36.36820 0.30449 -0.95218 0.02528 eb
245.75561 59.05918 -0.30420 0.79554 0.52401 eb
247.12933 59.91320 -0.50242 0.85116 -0.15201 eb
248.55564 27.29187 -0.47979 -0.85153 -0.21144 eb
249.38649 21.13838 -0.93430 -0.15674 0.32019 eb
249.43806 48.31149 0.94699 0.08167 -0.31070 eb
250.02999 42.55912 0.78787 0.61554 -0.01915 eb
250.69861 36.11264 -0.37899 -0.25504 -0.88956 eb
251.15474 21.67739 -0.82686 -0.56239 0.00546 eb
251.93769 32.02781 0.50012 0.81730 -0.28619 eb
252.98589 41.79654 0.01995 -0.19830 -0.97994 eb
253.17309 33.83286 0.31235 -0.94975 0.02050 eb
254.01093 69.61531 -0.85475 0.48682 -0.18001 eb
254.46003 19.46472 0.81097 0.38385 -0.44158 eb
254.94102 31.70024 0.82635 -0.08236 -0.55711 eb
255.65152 37.40715 0.30328 -0.89425 -0.32914 eb
256.14372 45.77677 0.33144 0.90098 -0.27998 eb
256.33436 16.49656 0.45902 -0.63308 -0.62330 eb
256.87507 78.93977 0.43167 -0.88529 -0.17301 eb
257.20253 38.59539 -0.21699 -0.05504 -0.97462 eb
257.90586 71.88969 0.50211 0.51635 -0.69374 eb
259.52228 66.57013 0.35509 0.91262 -0.20256 eb
259.68763 51.72487 0.22599 -0.09513 -0.96947 eb
259.72799 45.58876 -0.04360 0.38080 -0.92363 eb
260.35406 65.40008 -0.04429 0.54855 -0.83494 eb
261.69984 44.60098 -0.22891 0.66594 0.71002 eb
263.79879 61.74905 -0.76070 0.61801 -0.19851 eb
264.01381 41.61446 -0.99901 -0.03101 -0.03188 eb
264.76807 36.47627 0.13451 -0.86581 -0.48196 eb
265.93119 23.83451 -0.60512 0.34879 -0.71567 eb
266.38235 32.26951 0.79579 0.40652 0.44884 eb
267.34843 41.12340 0.79765 0.11807 -0.59146 eb
267.45755 25.00284 -0.48461 -0.81277 0.32335 eb
268.11991 41.97277 -0.84330 -0.20007 -0.49881 eb
268.58962 39.73016 -0.08894 0.54493 -0.83375 eb
269.42562 38.43165 -0.34657 -0.88479 -0.31149 eb
270.77222 84.20947 -0.71950 0.02402 -0.69408 eb
271.45379 35.34871 0.06644 -0.00027 0.99779 eb
271.54990 37.14861 -0.29315 0.09262 -0.95157 eb
271.61680 25.72227 0.21425 -0.01875 -0.97660 eb
272.90874 47.96121 -0.03283 -0.10117 -0.99433 eb
273.08193 68.88381 -0.98433 -0.16915 -0.04980 eb
274.76113 27.53107 0.77034 0.01670 -0.63741 eb
275.22652 88.28325 0.93635 -0.12030 -0.32981 eb
275.24116 28.93295 0.59889 -0.55912 -0.57334 eb
275.78558 39.13984 -0.88373 -0.41078 0.22425 eb
277.74179 38.23517 -0.21163 0.96394 0.16132 eb
278.18117 67.90150 -0.18346 -0.51195 -0.83919 eb
278.67733 68.72762 -0.75986 -0.60049 -0.24904 eb
278.85697 77.60432 -0.75440 -0.05333 -0.65425 eb
279.00911 31.29411 -0.62802 -0.56564 0.53446 eb
280.94596 45.99085 0.52634 0.01088 -0.85020 eb
282.23356 54.87596 -0.19671 0.02095 -0.98024 eb
283.05686 73.87689 -0.43783 -0.89308 0.10349 eb
283.75946 82.06312 0.98519 -0.03441 -0.16795 eb
283.88919 70.24333 -0.46595 -0.21910 -0.85725 eb
284.09163 84.31278 0.09508 -0.54919 -0.83027 eb
284.29690 74.30238 -0.28035 -0.89078 -0.35765 eb
284.94044 32.22084 -0.92274 0.22295 -0.31441 eb
288.08342 51.69397 -0.57939 -0.80046 0.15355 eb
288.68697 32.83484 0.60346 0.57029 -0.55733 eb
288.74410 59.05296 0.07351 -0.79761 -0.59868 eb
289.26817 64.53454 -0.69077 0.64705 -0.32274 eb
289.30578 40.86188 -0.51238 -0.65853 -0.55118 eb
289.50652 28.47458 -0.52648 0.64627 0.55241 eb
289.60594 46.15960 -0.64814 -0.76050 0.03932 eb
291.38996 11.94410 -0.82450 0.55751 -0.09686 eb
294.03938 37.43234 -0.85741 -0.51430 0.01863 eb
296.53187 39.84353 -0.20871 -0.81732 0.53705 eb
297.14066 87.79555 -0.74766 0.14808 0.64736 eb
299.60334 66.25030 -0.06239 -0.99801 -0.00870 eb
299.79726 16.49039 -0.95669 0.24840 0.15181 eb
299.91618 43.64282 0.27099 0.04228 -0.96165 eb
300.23024 28.75485 0.50072 0.17723 -0.84727 eb
300.70036 36.85586 0.12514 0.85251 0.50752 eb
301.18977 64.10106 -0.53222 -0.46849 -0.70517 eb
301.57651 30.22982 -0.13290 -0.87742 -0.46095 eb
301.58828 41.17142 0.60484 0.09661 -0.79046 eb
301.60524 14.26434 0.70662 0.68726 0.16843 eb
302.02185 27.94649 0.10801 0.98249 -0.15181 eb
302.30422 31.93923 -0.14072 -0.95879 -0.24680 eb
303.56773 61.66028 0.05553 -0.17284 -0.98338 eb
303.63168 6.01035 -0.14206 0.98520 -0.09592 eb
303.71736 38.34125 -0.19194 0.48368 -0.85394 eb
306.52332 54.08712 -0.51023 0.85208 0.11671 eb
308.39540 52.78667 -0.37402 -0.60953 0.69899 eb
309.08650 42.27629 -0.08718 -0.22687 -0.97002 eb
309.41917 24.36097 0.85227 -0.47467 0.21983 eb
309.43794 66.54439 -0.33844 0.53261 -0.77575 eb
309.46370 50.94177 0.78427 0.40528 -0.46976 eb
309.54053 21.44393 -0.91361 -0.19796 -0.35514 eb
309.61887 46.69813 -0.13059 0.97779 0.16394 eb
309.91476 40.15224 -0.06669 -0.92624 -0.37099 eb
310.65256 58.28864 0.14491 0.88042 -0.45151 eb
311.94892 25.53250 -0.29132 -0.93951 -0.18017 eb
312.76968 38.02234 0.09405 -0.65400 -0.75062 eb
314.03237 61.18010 0.52324 -0.02776 -0.85173 eb
314.81908 35.92893 0.88031 0.42593 0.20889 eb
317.20222 56.34890 0.98653 0.14272 0.07993 eb
318.34066 36.29328 0.40750 0.37313 -0.83350 eb
318.48502 57.52199 -0.41834 0.90295 -0.09835 eb
319.03156 44.10508 -0.41449 -0.47928 -0.77362 eb
319.11894 54.67820 -0.08495 -0.74234 -0.66461 eb
320.66559 49.49324 -0.99440 0.08858 0.05770 eb
320.83855 73.69170 -0.13994 -0.59332 -0.79271 eb
322.00412 53.40643 0.37959 -0.83844 0.39107 eb
325.80730 43.90435 -0.20209 -0.43086 -0.87950 eb
327.72673 82.50675 0.11581 0.43862 -0.89118 eb
327.87258 71.66274 0.14700 -0.74459 -0.65114 eb
327.97900 64.55861 0.38649 -0.39744 -0.83226 eb
328.19546 48.98413 -0.16183 -0.53694 -0.82795 eb
329.61859 41.20018 0.58653 0.40713 -0.70016 eb
329.93655 26.04307 -0.97050 0.20756 -0.12263 eb
330.27548 74.65825 -0.23399 -0.95546 0.17985 eb
330.57220 26.75339 0.39197 -0.91243 -0.11757 eb
331.50032 82.88321 0.02311 0.13214 -0.99096 eb
332.93603 29.85686 0.72426 0.58453 0.36575 eb
333.13060 22.45418 -0.25245 -0.91084 -0.32656 eb
333.17938 58.00973 0.82981 0.02036 -0.55768 eb
333.54388 26.79310 -0.71358 -0.18859 -0.67472 eb
334.66105 80.31769 0.04494 -0.99761 -0.05243 eb
335.65532 39.65262 -0.79556 -0.57817 0.18112 eb
337.33712 37.00549 -0.04991 -0.35923 0.93191 eb
337.94874 48.12411 0.69785 -0.47781 0.53357 eb
338.98954 29.49485 -0.87383 0.00723 0.48617 eb
339.74359 52.95621 -0.82654 -0.41698 0.37810 eb
339.76708 51.47510 -0.83464 0.38537 -0.39353 eb
340.41618 43.03259 -0.94984 -0.27357 -0.15157 eb
341.99115 62.12733 -0.81284 0.25281 -0.52477 eb
342.06411 52.94055 -0.99933 -0.00131 0.03665 eb
342.65741 62.58479 -0.41472 -0.39172 -0.82131 eb
343.44418 82.53213 0.83023 -0.08331 -0.55116 eb
344.65905 53.53738 -0.91750 -0.04308 0.39541 eb
344.76687 59.11635 -0.62389 -0.21806 -0.75047 eb
345.13883 36.26532 0.83739 -0.35626 0.41456 eb
345.69537 27.42007 -0.18075 -0.65862 0.73044 eb
346.59538 76.74956 -0.14851 -0.97200 -0.18211 eb
347.57487 31.48926 0.14245 0.30617 -0.94126 eb
347.78479 23.38946 -0.33590 -0.34613 -0.87599 eb
348.60898 39.85534 -0.54792 -0.26413 -0.79374 eb
353.69517 49.23103 -0.57726 -0.80331 -0.14648 eb
354.01614 85.16423 0.10094 0.79752 -0.59479 eb
355.60553 41.02439 0.45463 -0.67840 -0.57714 eb
356.67781 19.37046 0.13079 -0.01124 -0.99135 eb
356.95185 38.58793 0.77984 -0.37476 -0.50140 eb
357.21853 20.15368 -0.92129 -0.37630 -0.09811 eb
357.75769 62.74567 -0.99072 0.06686 -0.11831 eb
357.92826 21.55847 0.52101 -0.74030 0.42486 eb
358.85235 70.78281 0.47030 0.29564 0.83152 eb
359.56960 66.40259 -0.17883 -0.98387 0.00413 eb
360.44312 75.34409 -0.61452 0.36543 -0.69916 eb
363.58490 46.07878 0.88935 0.09726 -0.44676 eb
365.12801 38.12133 -0.84219 0.35282 -0.40772 eb
366.81947 60.25916 0.61859 0.74780 0.24112 eb
366.95661 38.02726 -0.30215 -0.92187 -0.24261 eb
370.89267 37.61327 0.13485 0.75131 0.64602 eb
376.95265 87.63076 -0.95931 0.11267 -0.25889 eb
381.60054 14.04349 -0.54159 0.19938 0.81666 eb
385.21053 50.74973 0.99837 -0.04620 0.03361 eb
391.57862 36.27594 -0.25026 0.71430 0.65357 eb
395.51263 19.64668 -0.19238 -0.38202 0.90391 eb
398.07620 53.37882 0.79218 -0.49506 -0.35690 eb
407.77349 19.58198 0.70827 -0.37143 -0.60032 eb
408.37751 21.45271 0.07527 -0.99320 0.08881 eb
409.59811 79.39094 0.73975 0.54426 -0.39566 eb
412.54892 33.27689 0.76775 0.55192 0.32549 eb
415.27074 39.87151 -0.77490 0.19388 -0.60162 eb
415.67521 28.55068 0.35667 0.92781 0.10939 eb
425.84509 26.24492 0.83753 -0.46870 0.28081 eb
427.40276 43.72587 0.62064 -0.48763 0.61402 eb
441.49628 30.10669 0.98177 -0.18565 -0.04071 eb
451.27505 12.35336 -0.37036 -0.62441 0.68771 eb
463.89284 22.82503 0.97679 0.08695 -0.19577 eb
474.10354 24.97026 0.07645 0.65866 0.74855 eb
493.97431 63.29600 -0.52779 -0.03249 -0.84875 eb
495.21044 22.17090 0.00534 0.41751 -0.90866 eb
507.41349 28.33540 0.43030 -0.86344 0.26327 eb
513.69603 23.43840 -0.02578 0.02256 -0.99941 eb
513.76565 32.50951 -0.32663 -0.36307 -0.87264 eb
525.70061 31.70223 -0.56518 -0.17706 -0.80574 eb
541.45866 15.29128 0.97099 -0.02636 -0.23767 eb
560.39804 28.36592 0.21790 -0.29574 0.93009 eb
561.66351 4.80945 0.20999 -0.48142 -0.85097 eb
561.94557 22.07776 0.09411 -0.77560 -0.62417 eb
562.25983 16.01115 -0.08261 -0.61416 -0.78485 eb
565.55478 22.34099 0.23684 -0.95179 0.19494 eb
570.91124 20.14190 -0.84601 -0.03821 0.53180 eb
592.44578 33.75865 -0.03942 0.03148 -0.99873 eb
600.55417 56.32700 0.06529 0.69891 -0.71222 eb
602.87758 14.58347 0.31551 -0.09291 -0.94436 eb
610.82357 29.23423 0.90109 -0.21017 0.37929 eb
612.75524 40.70061 0.53927 -0.65984 -0.52325 eb
627.86744 27.89938 0.59275 0.53266 0.60409 eb
630.24557 33.86262 -0.25714 -0.78208 -0.56765 eb
633.22253 38.46148 -0.86144 0.49503 -0.11345 eb
668.81004 30.65050 0.80028 0.47302 0.36852 eb
676.95256 14.77727 0.59690 0.69390 0.40276 eb
694.61075 13.96465 -0.41170 0.07132 -0.90852 eb
695.50820 29.82886 0.12672 0.80604 -0.57814 eb
700.14284 21.02672 -0.27954 -0.79182 -0.54302 eb
713.85663 24.68871 -0.89297 -0.44408 -0.07343 eb
714.44770 37.21824 0.60444 -0.79465 0.05651 eb
717.37506 27.73746 0.88968 -0.29909 -0.34498 eb
733.99447 18.85957 -0.75989 -0.53240 -0.37298 eb
736.63128 27.99591 0.90255 0.42807 0.04656 eb
738.40132 37.87062 0.20128 -0.54082 -0.81670 eb
748.90667 33.47959 -0.68396 -0.30450 0.66293 eb
755.74650 16.82331 0.57187 -0.81940 -0.03929 eb
758.61558 12.18832 0.67438 -0.46884 -0.57044 eb
774.30731 39.80684 0.06852 -0.69120 -0.71941 eb
780.75950 38.74428 -0.02630 -0.88322 0.46822 eb
805.59416 12.98751 0.05391 -0.46259 0.88493 eb
850.94467 42.67177 0.71799 -0.50427 -0.47979 eb
855.27288 36.45413 -0.90326 -0.40145 0.15150 eb
856.81166 20.72775 -0.84626 0.04558 -0.53082 eb
866.36574 16.60698 0.87659 0.43532 -0.20515 eb
870.71438 12.33055 -0.30098 -0.95260 0.04436 eb
873.35014 23.11040 -0.05654 0.43012 -0.90100 eb
889.72867 27.53701 0.41804 0.29142 -0.86042 eb
900.25871 8.57392 0.90164 0.41005 -0.13752 eb
930.12504 28.43029 -0.38690 0.86408 -0.32199 eb
938.53190 27.13575 0.23707 -0.66768 0.70569 eb
958.71985 30.91642 0.98711 0.16003 -0.00125 eb
965.72983 29.56505 -0.96585 0.15625 0.20669 eb
974.80217 29.40499 -0.85526 0.31988 -0.40768 eb
982.28336 23.30546 -0.30942 -0.34300 -0.88691 eb
986.60989 38.59657 -0.74209 -0.28769 -0.60542 eb
988.93810 14.83580 0.64935 -0.24732 -0.71915 eb
1013.13638 21.20306 0.51590 0.68021 0.52073 eb
1018.67808 45.64826 -0.31402 -0.12472 -0.94119 eb
1026.54309 26.75026 -0.39340 0.89586 0.20655 eb
1030.47263 10.08434 -0.28630 -0.81312 -0.50681 eb
1036.23408 17.23031 0.55941 0.60753 -0.56389 eb
1061.73597 12.42438 -0.23600 0.79191 -0.56318 eb
1070.12399 19.47300 -0.75625 0.42549 0.49704 eb
1090.41298 39.37565 0.56168 -0.30072 -0.77077 eb
1104.58093 37.09529 -0.21076 0.69673 -0.68567 eb
1116.32001 19.00849 -0.27724 -0.34366 0.89724 eb
1118.83599 24.01334 0.65745 0.75162 -0.05321 eb
1122.34403 24.96509 -0.84156 0.32605 -0.43065 eb
1175.04984 8.99944 -0.39425 -0.36883 0.84175 eb
1178.03071 23.14061 0.43894 0.89722 -0.04822 eb
1197.20970 37.09979 -0.19810 -0.11674 -0.97320 eb
1203.26790 9.30107 -0.59600 0.57919 -0.55617 eb
1213.36368 30.29636 0.99422 -0.00413 -0.10731 eb
1249.66648 12.64840 -0.33392 0.59828 0.72839 eb
1254.27856 17.70471 -0.10063 0.11279 -0.98851 eb
1336.54908 18.52161 0.09211 0.76517 -0.63721 eb
1381.99600 15.74791 0.74383 0.01189 0.66826 eb
1413.09266 24.85976 0.83732 -0.54521 0.04061 eb
1437.76275 20.16376 -0.15572 0.93118 -0.32962 eb
1443.75703 30.84889 0.12781 -0.62364 -0.77119 eb
1475.91476 15.71101 -0.64554 0.51678 -0.56233 eb
1480.27029 35.96873 0.66708 -0.69385 0.27125 eb
1499.60492 13.55426 0.18971 0.81920 0.54123 eb
1530.30757 10.17546 0.85111 -0.06975 -0.52033 eb
1534.36375 16.57626 -0.16993 -0.31714 0.93303 eb
1542.94034 16.20244 0.31449 0.02202 -0.94900 eb
1550.43429 12.93256 -0.45927 -0.13310 -0.87827 eb
1553.47161 20.72068 0.12090 0.66390 0.73798 eb
1553.98001 42.78947 -0.67216 0.16629 0.72149 eb
1592.23895 16.83612 0.59086 -0.72105 -0.36191 eb
1605.89017 22.02346 0.24021 0.95445 0.17696 eb
1642.89820 30.20895 -0.76793 -0.62920 0.11994 eb
1682.34780 28.39446 0.70252 -0.42326 -0.57211 eb
1727.18159 7.60324 -0.21677 -0.19465 -0.95662 eb
1739.43718 24.04104 0.73451 0.63204 -0.24704 eb
1751.42680 22.93658 0.82833 0.39390 -0.39840 eb
1811.01367 40.65875 -0.61527 0.76900 -0.17347 eb
1850.21384 16.25100 0.49362 0.18042 -0.85076 eb
2019.96941 19.67896 -0.03000 -0.99915 -0.02821 eb
2102.89711 20.33596 0.99136 -0.12983 0.01894 eb
2153.44370 14.57118 0.16271 0.90286 0.39795 eb
2251.18085 13.56120 -0.79963 -0.28145 0.53044 eb
2376.92406 24.20716 0.88993 -0.03132 0.45503 eb
2377.31668 31.84243 0.41499 0.87494 0.24953 eb
2409.69854 24.94542 -0.70623 -0.04682 -0.70643 eb
2550.04389 33.48840 -0.68992 -0.70881 0.14699 eb
2596.65619 23.97457 -0.73502 -0.64520 -0.20847 eb
2708.81373 32.49713 0.16459 -0.47282 -0.86565 eb
2751.21923 32.90197 0.16262 -0.12694 -0.97849 eb
2801.70680 13.49359 -0.26723 0.89810 -0.34929 eb
2961.10059 32.06699 0.59688 0.58831 0.54555 eb
2961.80688 39.24622 -0.04998 -0.90985 0.41192 eb
3111.20459 15.79819 -0.69860 -0.71257 -0.06482 eb
3112.75212 17.90421 0.92770 0.11176 -0.35620 eb
3164.85895 13.89272 0.78905 -0.17852 0.58782 eb
3208.42083 18.29913 0.71711 0.17173 0.67547 eb
3304.60176 17.32857 0.90910 0.09347 0.40596 eb
3402.70119 9.74474 -0.59245 -0.74676 -0.30224 eb
3515.85468 19.88376 0.33639 -0.21289 -0.91734 eb
3585.41906 6.82902 -0.87033 -0.02330 -0.49191 eb
3599.26961 50.86903 -0.90218 0.10909 -0.41734 eb
3634.24916 23.45925 0.62533 -0.09583 -0.77446 eb
3746.35924 23.47571 -0.25884 0.64952 -0.71493 eb
3761.69420 26.52146 -0.53711 0.72957 -0.42338 eb
3935.94888 30.51942 -0.61905 -0.51388 -0.59389 eb
3967.66875 18.75254 -0.26335 0.33790 -0.90359 eb
4033.09106 23.80020 -0.09604 0.72461 -0.68243 eb
4158.72124 38.36087 -0.32858 0.27965 0.90213 eb
4256.66949 15.75319 0.85084 -0.14132 0.50606 eb
4278.19976 10.93218 0.44205 -0.87017 0.21772 eb
4301.92667 14.65631 -0.78064 -0.04196 -0.62357 eb
4693.29415 19.41734 0.23495 0.92482 0.29916 eb
4746.32443 15.52341 -0.29218 0.84707 -0.44396 eb
4948.43527 17.34443 0.18802 0.18095 0.96535 eb
4991.99519 10.24252 -0.69126 -0.71892 0.07285 eb
5176.15764 27.94789 0.34009 -0.93458 0.10436 eb
5309.66851 12.68565 -0.80219 -0.18683 0.56709 eb
5464.20375 30.75774 -0.63759 -0.51857 -0.56971 eb
5500.02429 17.91220 -0.26477 0.96117 0.07776 eb
5572.93444 17.57388 -0.39857 0.12058 -0.90918 eb
5603.27174 11.37483 0.30687 0.77455 -0.55308 eb
5828.44950 15.75243 -0.36800 0.36643 0.85458 eb
5943.79120 36.15221 -0.58187 -0.29378 -0.75837 eb
6081.06259 3.21727 -0.33107 -0.38896 -0.85971 eb
6087.52486 12.99609 0.57333 0.13328 -0.80841 eb
6333.51998 25.54307 0.52592 -0.63086 0.57046 eb
6561.70911 10.51911 -0.38315 0.68169 0.62329 eb
6803.83807 17.78770 0.29884 -0.35254 0.88680 eb
7214.55934 31.45650 -0.98343 -0.10974 0.14430 eb
7585.33422 11.48181 0.69014 -0.51460 0.50881 eb
8188.56037 10.21853 -0.14681 0.19639 0.96947 eb
9869.43315 20.50080 -0.66256 0.71092 -0.23581 eb
10247.81113 33.30582 0.21004 0.02333 -0.97741 eb
10454.42185 19.24012 -0.11445 -0.71824 -0.68632 eb
12730.34562 12.15754 -0.63873 0.55704 0.53079 eb
13709.98616 15.91410 -0.97689 0.16384 0.13728 eb
14003.48450 11.76770 -0.35113 -0.53125 0.77103 eb
19716.83912 24.88649 0.68334 0.60065 0.41505 eb
