15.46367 61.11983 -0.55701 0.53653 0.63393 e
16.05614 61.17164 -0.45994 0.19427 -0.86644 e
16.53743 45.10453 -0.99796 -0.03701 -0.05198 e
17.37970 62.86828 -0.34902 0.88946 -0.29504 e
17.40192 59.59165 -0.76434 0.22756 0.60333 e
18.13434 61.91971 -0.64620 0.47427 0.59791 e
19.32521 26.89502 -0.80769 0.35420 -0.47135 e
19.33360 83.15139 0.85851 0.50295 -0.10003 e
19.49585 75.83077 0.30843 -0.94494 0.10940 e
19.52487 62.61576 0.53961 0.38336 -0.74957 e
20.24097 33.32743 0.78257 -0.56038 -0.27121 e
20.90652 38.39911 0.63337 0.25850 -0.72940 e
21.29626 53.51755 0.03753 -0.82373 -0.56574 e
21.31133 73.91122 0.64169 -0.30087 -0.70549 e
21.43189 78.13139 0.29044 0.91924 0.26580 e
21.57912 69.74706 0.69797 -0.10828 -0.70790 e
22.15532 46.97530 -0.13149 -0.39315 -0.91002 e
22.35720 72.73704 0.93855 -0.27500 -0.20857 e
23.03364 60.69747 0.18343 0.81778 -0.54552 e
23.05410 71.24612 -0.98008 -0.19766 -0.01908 e
23.58111 74.28003 0.66659 0.21930 -0.71244 e
23.61425 80.61059 -0.50756 0.86133 0.02201 e
24.93114 60.41490 -0.14700 0.20320 -0.96804 e
25.22422 59.02186 0.57562 -0.67185 0.46613 e
25.25142 34.65393 -0.64618 -0.09079 -0.75776 e
25.59054 20.69422 -0.01829 0.73771 -0.67487 e
25.59129 75.86424 0.83402 -0.07242 -0.54697 e
25.72154 56.37239 0.82741 0.23913 -0.50814 e
25.76526 35.22071 -0.25909 -0.96196 -0.08667 e
25.86181 78.25240 0.25847 -0.70625 -0.65909 e
25.88128 68.29589 0.71155 0.28012 -0.64438 e
26.05076 42.89051 0.56219 -0.52123 -0.64208 e
26.22506 29.30154 0.54689 -0.82215 0.15805 e
26.31412 43.23480 0.66762 -0.46562 -0.58093 e
26.41086 43.69281 -0.20615 0.25252 -0.94538 e
26.41571 76.14051 -0.13071 0.99139 -0.00789 e
26.62108 80.07550 0.36263 0.49302 -0.79084 e
26.64359 69.36535 0.79168 -0.43998 -0.42386 e
26.96590 31.37385 -0.57740 -0.72164 0.38190 e
27.11737 63.75287 -0.10825 -0.65296 0.74962 e
27.43334 72.87244 0.42564 -0.49448 -0.75784 e
27.83851 60.83359 -0.29629 0.63680 -0.71183 e
27.94660 25.64601 0.22728 0.97258 -0.04933 e
27.98919 49.11660 -0.70428 0.58004 0.40933 e
28.45691 66.87089 -0.60410 0.76063 0.23772 e
28.52390 68.65210 0.50975 -0.61280 -0.60385 e
28.90096 66.44086 -0.76558 -0.25920 -0.58882 e
28.96364 32.81270 0.07720 -0.91339 -0.39971 e
28.99369 45.94057 -0.18429 0.66335 -0.72526 e
29.15792 18.71730 -0.87655 0.44066 0.19362 e
29.24957 76.54189 -0.09080 -0.37943 -0.92075 e
29.66635 70.64673 0.01819 0.88510 -0.46504 e
29.67495 67.08058 0.75713 -0.29927 -0.58068 e
30.20304 58.52596 0.31599 0.90483 0.28537 e
30.20594 84.87320 0.91925 0.28349 -0.27316 e
30.25858 54.18168 -0.54805 0.02876 -0.83595 e
30.32327 76.87971 -0.62417 -0.77907 0.05879 e
30.62564 77.74554 0.95556 -0.22596 0.18935 e
30.75807 65.66043 -0.03892 -0.86330 0.50318 e
30.77212 65.85151 0.80032 0.46971 -0.37265 e
30.94598 63.19677 -0.83812 -0.51259 0.18655 e
30.95314 20.54016 0.23972 0.20184 -0.94963 e
31.01260 83.06698 -0.13751 0.93848 -0.31679 e
31.11593 63.62172 -0.67621 -0.68852 -0.26207 e
31.36864 67.28438 0.47577 -0.87859 -0.04147 e
31.48615 81.93442 0.73541 0.61035 -0.29436 e
31.76910 78.77421 -0.71483 -0.52899 0.45738 e
31.86495 69.31418 0.33174 -0.14138 -0.93272 e
32.07840 71.54357 0.43649 -0.82767 -0.35277 e
32.14850 73.55385 0.27197 -0.89507 -0.35340 e
32.31533 35.44189 0.67434 0.73672 0.04999 e
32.79350 81.07685 0.99954 -0.01107 -0.02828 e
33.29403 80.09053 -0.02898 -0.13969 -0.98977 e
33.36884 59.64569 -0.82796 -0.03600 -0.55962 e
33.60376 34.50916 -0.28531 -0.47558 0.83212 e
33.73101 84.05115 0.39339 -0.89756 -0.19909 e
33.80576 28.76663 0.90993 -0.18025 0.37354 e
33.93242 65.05936 0.96837 -0.09956 0.22880 e
34.26250 42.75160 0.20626 0.29310 -0.93357 e
34.37325 61.10222 0.92406 -0.32613 0.19941 e
34.38144 60.96292 -0.85488 -0.51294 0.07797 e
34.42862 25.13534 0.16334 -0.75363 0.63668 e
34.43946 51.44695 0.31079 -0.44844 -0.83804 e
34.88074 63.75164 0.35160 0.82692 0.43884 e
35.03832 53.10179 -0.40478 -0.22513 -0.88627 e
35.13479 79.24160 0.34485 0.38334 -0.85681 e
35.25432 50.22128 -0.99810 -0.06118 0.00691 e
35.50540 26.53600 0.20324 0.43193 0.87871 e
35.54165 75.64693 -0.63985 -0.76836 -0.01481 e
35.81521 34.17245 0.36341 -0.79799 -0.48078 e
35.99839 27.16970 0.15784 0.59075 -0.79127 e
36.16514 60.64090 0.24181 0.02187 -0.97008 e
36.39685 50.35331 0.49461 0.72249 -0.48308 e
36.77865 67.61636 -0.04315 0.72496 -0.68744 e
36.81221 70.49514 0.16450 -0.97842 0.12507 e
36.90002 84.70856 -0.68769 -0.58137 -0.43484 e
37.25462 79.56668 -0.48593 -0.82772 -0.28062 e
37.30604 33.63153 0.78391 0.46063 0.41631 e
37.32841 78.18423 -0.88179 0.10494 -0.45982 e
37.40324 33.95739 -0.63729 0.70016 0.32193 e
37.42060 80.37993 -0.01574 -0.27021 -0.96267 e
37.45615 45.92619 -0.62727 0.62627 -0.46294 e
37.54610 30.25656 0.91321 0.36418 -0.18285 e
38.04743 34.10371 0.89548 0.36675 -0.25222 e
38.18568 43.32076 0.50586 0.11426 -0.85501 e
38.75670 44.78799 -0.48427 -0.61893 0.61839 e
38.75779 21.00408 0.46049 -0.49544 -0.73654 e
39.00742 82.70156 0.16189 -0.79844 -0.57990 e
39.12751 64.47397 -0.73909 -0.04150 -0.67232 e
39.20220 21.43058 0.69184 0.66679 -0.27705 e
39.29287 35.52910 0.59816 0.16117 0.78500 e
39.62097 47.47409 0.25238 -0.96486 0.07319 e
39.79132 38.66961 -0.78469 0.61220 -0.09728 e
39.88587 45.77091 0.37239 0.82971 -0.41583 e
39.93865 70.88824 0.38664 0.71199 -0.58616 e
39.98210 58.49111 -0.41039 0.72571 -0.55220 e
40.08438 74.43221 -0.18534 0.97801 0.09565 e
40.12830 35.97911 0.98236 -0.16374 0.09031 e
40.15510 29.21005 -0.84397 0.41174 -0.34379 e
40.16709 50.59861 -0.83926 -0.01010 -0.54364 e
40.26422 51.11426 0.26044 -0.13595 -0.95587 e
40.30634 59.95805 -0.34481 -0.63390 -0.69230 e
40.33189 63.08124 -0.95458 -0.20763 -0.21369 e
40.58032 83.87107 0.77997 -0.45506 0.42961 e
40.67136 35.01267 0.78490 0.54356 0.29745 e
40.93020 52.80447 -0.90760 -0.41540 0.06088 e
40.93500 42.43417 -0.94338 -0.32685 0.05667 e
40.97462 24.05292 0.88791 -0.45845 0.03783 e
41.12223 69.69522 0.36229 0.38415 -0.84922 e
42.08059 71.64019 -0.99366 0.06288 0.09325 e
42.34684 82.01646 0.26154 0.85817 -0.44175 e
42.34863 82.66885 0.02604 0.08670 -0.99589 e
42.47374 63.24654 -0.14345 0.94254 -0.30172 e
42.70109 33.34248 0.46661 0.67869 -0.56715 e
43.03157 70.36090 0.91366 0.12479 0.38684 e
43.26225 61.80272 -0.92502 0.37933 0.02114 e
43.51391 54.20046 0.72010 0.60456 -0.34053 e
43.53112 77.43288 0.45433 0.14163 -0.87950 e
43.76839 62.20946 0.64703 0.72963 0.22132 e
43.78346 80.27496 0.35144 -0.65114 -0.67269 e
44.09525 60.07026 -0.44490 -0.09659 -0.89036 e
44.17614 66.68921 0.27298 0.56619 -0.77776 e
44.51773 52.34499 0.24528 0.91976 0.30639 e
44.59744 47.55925 0.69150 0.05970 -0.71990 e
44.61716 39.17923 -0.75335 -0.50450 -0.42185 e
44.65277 71.85337 0.69031 -0.69809 -0.19012 e
45.14187 81.64621 0.19628 -0.97310 0.12065 e
45.17937 48.53724 -0.10162 0.79379 -0.59965 e
45.50542 36.70650 0.23820 -0.23473 -0.94242 e
45.66700 14.24014 -0.98240 -0.15570 -0.10322 e
45.76867 63.57114 -0.27137 0.93085 -0.24470 e
45.81931 79.52358 0.98264 0.11435 -0.14610 e
45.83757 76.83183 0.15118 -0.98294 0.10475 e
45.98107 78.64902 -0.19079 0.58058 -0.79153 e
46.02366 30.73597 0.29014 0.36163 0.88603 e
46.55169 43.89012 -0.45349 0.68001 -0.57614 e
46.60149 60.01835 0.01660 0.59737 -0.80179 e
46.63507 45.08042 0.63749 0.61966 0.45785 e
47.03129 22.20348 -0.58887 -0.06966 -0.80522 e
47.22176 81.07307 0.77941 0.60463 -0.16414 e
47.42998 76.68790 0.38770 0.82587 0.40943 e
47.65570 80.03455 -0.00993 0.46458 -0.88548 e
47.77832 61.38177 -0.24212 0.34523 -0.90675 e
47.89960 45.66380 0.07388 0.67105 -0.73772 e
48.01899 33.12093 0.27866 -0.67103 0.68708 e
48.05184 68.38322 0.46674 0.09079 0.87972 e
48.29888 20.11622 -0.11766 0.89350 -0.43338 e
48.71438 46.79033 0.10817 0.95560 0.27410 e
48.90855 74.43975 0.61950 0.21597 -0.75471 e
48.94908 74.39151 -0.38124 -0.67163 -0.63528 e
48.97001 63.81414 0.38746 -0.30010 -0.87168 e
49.16658 72.07490 -0.40423 0.55920 -0.72381 e
49.62752 71.62219 -0.36320 -0.31630 -0.87638 e
50.19944 46.58977 0.58104 -0.71762 -0.38394 e
50.24199 72.14226 0.31107 0.21890 -0.92483 e
50.34184 48.96412 -0.67579 -0.58354 0.45033 e
50.93611 47.85161 -0.63326 0.19265 -0.74958 e
51.55722 63.61443 -0.99732 -0.04060 -0.06081 e
51.56290 80.80305 -0.03678 -0.06063 -0.99748 e
51.57163 73.51437 0.45411 0.48155 -0.74959 e
51.61433 84.36374 0.01043 -0.93245 0.36116 e
51.69499 53.97443 -0.76705 0.62830 -0.12992 e
52.01896 83.42559 -0.75266 0.54942 -0.36282 e
52.12830 61.70712 -0.58245 -0.63445 -0.50816 e
52.37340 22.21611 0.03512 -0.61267 0.78956 e
52.74418 32.36659 -0.43606 0.88877 -0.14123 e
53.36025 66.87906 -0.01136 0.99992 -0.00539 e
53.36058 71.95689 -0.27758 -0.31839 -0.90641 e
53.36963 81.74129 0.81580 -0.36802 -0.44614 e
53.37772 49.80973 -0.99416 -0.09831 -0.04440 e
53.47602 62.25249 0.45808 -0.87637 -0.14879 e
53.58092 74.82257 0.03891 -0.47221 -0.88063 e
53.70340 75.19189 0.37562 0.39723 -0.83733 e
54.04818 60.53668 -0.32525 0.93431 -0.14589 e
54.33308 34.73342 0.97791 -0.16307 -0.13074 e
54.60199 26.14268 -0.70023 -0.41741 -0.57917 e
54.64887 68.97839 0.37992 -0.35071 -0.85596 e
55.20422 56.31794 0.10094 0.89816 0.42792 e
55.22797 80.29977 -0.81469 0.43951 -0.37829 e
55.26232 21.13566 0.79130 -0.61143 -0.00245 e
55.29221 36.53915 0.57993 -0.17341 -0.79600 e
55.54893 84.26551 0.70387 0.61307 -0.35876 e
55.75448 81.13136 0.00391 -0.63595 -0.77172 e
55.75794 78.11037 0.95735 0.28005 0.07110 e
55.78402 57.67378 -0.97788 0.18419 -0.09913 e
55.86358 76.07237 -0.44218 0.57828 -0.68562 e
55.91519 60.23358 -0.12813 0.22158 -0.96669 e
56.11991 62.14323 0.08213 0.16674 -0.98257 e
56.56684 38.91663 -0.28774 0.95286 -0.09629 e
56.60524 71.67950 -0.24937 0.79144 -0.55806 e
56.73791 64.90793 0.26337 0.57013 -0.77820 e
56.76029 49.88507 0.12083 0.30953 -0.94318 e
56.99626 48.12444 -0.70603 0.64934 -0.28264 e
57.05139 50.74228 0.68346 -0.57310 -0.45214 e
57.14176 73.45019 0.66330 -0.29785 -0.68653 e
57.22229 42.24496 -0.11516 0.81373 0.56972 e
57.23168 58.85746 -0.45111 -0.60212 -0.65875 e
57.23697 63.55531 0.73024 0.34825 -0.58776 e
57.35106 66.31572 0.03485 0.80287 -0.59513 e
57.87119 50.20247 -0.74888 -0.61569 0.24514 e
58.04916 37.31989 0.99218 0.08185 0.09423 e
58.13012 40.57607 0.12954 -0.77094 0.62360 e
58.28696 49.87418 -0.58146 -0.10783 -0.80640 e
58.29712 40.69361 0.48548 -0.85923 -0.16133 e
58.46231 19.47079 0.65328 -0.46473 -0.59771 e
58.67995 80.80439 -0.33313 -0.84743 -0.41338 e
58.76413 54.54639 0.87948 -0.13184 -0.45731 e
59.01157 38.93309 0.40299 -0.53253 -0.74432 e
59.09259 74.48104 0.37276 -0.64611 -0.66603 e
59.27219 59.47350 -0.42626 -0.31996 -0.84612 e
59.38930 61.48791 -0.50379 0.76580 0.39969 e
59.72685 77.59506 0.45644 -0.85643 -0.24124 e
59.91073 74.00706 -0.83578 0.51579 0.18824 e
59.92447 25.28444 0.48233 0.62433 -0.61447 e
59.98695 68.36193 0.05806 0.91048 0.40946 e
60.01969 37.35886 0.76584 -0.62557 -0.14886 e
60.12813 62.01637 0.68885 -0.70277 -0.17773 e
60.16534 20.97869 0.27893 -0.19840 -0.93959 e
60.56006 63.91938 0.80735 -0.55780 -0.19249 e
60.71978 78.14034 0.08580 0.97224 -0.21770 e
60.94415 35.86028 0.18415 0.90810 -0.37610 e
61.16298 75.52018 -0.07520 -0.75698 -0.64910 e
61.42055 70.52894 -0.54850 -0.66153 -0.51139 e
61.84731 76.19722 0.04876 -0.76365 -0.64379 e
62.46241 80.96170 0.77185 0.61631 0.15625 e
62.57579 56.75757 0.56076 0.49152 -0.66630 e
62.90552 34.04906 -0.91806 0.38486 -0.09509 e
63.08163 78.76066 0.21400 0.97679 -0.00981 e
63.66506 46.63308 -0.10399 0.97970 -0.17141 e
63.72781 77.67196 -0.93983 0.20984 -0.26962 e
64.25402 59.27437 0.41582 0.77285 -0.47937 e
64.36625 69.05084 0.33099 0.93730 0.10916 e
64.57602 55.48680 -0.75032 -0.36830 -0.54898 e
64.65928 53.37410 0.83065 0.51663 0.20763 e
64.87971 50.74284 0.39111 -0.81794 0.42190 e
64.96283 47.49082 0.90654 0.42054 -0.03647 e
65.58366 64.62949 0.56646 -0.77016 -0.29321 e
65.72517 39.24039 0.23926 -0.47836 0.84494 e
65.80784 74.42249 0.04002 -0.94900 0.31274 e
66.13850 68.78232 0.10010 0.56856 -0.81653 e
66.82005 30.20634 -0.55402 0.80856 -0.19823 e
66.90750 46.35550 -0.35271 0.32277 0.87830 e
67.06883 60.66545 -0.34609 0.55795 -0.75426 e
67.11005 60.46774 -0.98434 -0.17082 -0.04347 e
67.35998 54.55278 0.43118 0.61276 -0.66227 e
67.77939 24.54018 0.29668 -0.77048 -0.56421 e
68.52832 36.61020 0.66245 -0.70859 0.24303 e
68.53030 58.84247 -0.11420 0.99156 0.06144 e
68.99164 71.10815 -0.21577 0.46434 -0.85897 e
69.05722 36.75694 -0.37349 0.87336 -0.31265 e
69.05838 81.64145 -0.74573 -0.30929 -0.59011 e
69.41678 58.79246 0.09543 -0.03279 -0.99490 e
69.62299 70.12298 -0.94169 -0.31816 -0.10954 e
69.68619 35.16461 0.10749 -0.55756 -0.82315 e
69.95186 64.30102 -0.41311 0.12385 -0.90222 e
70.31805 28.40501 0.44170 -0.85683 0.26597 e
70.51659 56.82713 0.09692 -0.98320 -0.15465 e
70.92430 42.03025 -0.99307 0.04438 0.10884 e
71.12513 33.16888 -0.36678 0.72405 -0.58414 e
71.24992 61.53955 0.50645 -0.37285 -0.77749 e
71.27198 73.51552 -0.59812 -0.56040 -0.57289 e
71.31697 28.30602 0.80386 -0.16234 0.57224 e
71.92075 73.92013 0.01041 0.34588 -0.93822 e
72.12186 36.01885 0.37258 0.75403 -0.54095 e
72.37603 33.70042 -0.49323 -0.67393 -0.55004 e
72.38493 60.80146 0.49928 -0.17523 -0.84854 e
72.51302 71.92632 -0.64507 0.70825 0.28682 e
72.51627 51.79639 0.29255 0.92713 -0.23420 e
72.53429 43.46531 0.69575 0.59455 -0.40305 e
72.78848 52.35274 -0.12278 0.96452 -0.23371 e
72.89481 71.11284 -0.37086 0.79255 -0.48407 e
72.92960 28.64495 -0.88061 -0.34761 -0.32201 e
72.98116 56.62895 0.15172 -0.63546 -0.75708 e
73.19380 72.77330 0.15843 0.93852 -0.30672 e
73.44467 37.51056 -0.82334 -0.38919 -0.41308 e
73.83680 23.16056 0.23632 -0.65828 -0.71472 e
73.85927 61.83594 -0.60418 0.68527 -0.40666 e
73.97200 78.05164 -0.27548 -0.08142 -0.95785 e
73.98242 53.28224 0.96872 -0.12998 0.21140 e
73.98700 73.48854 0.74641 0.64526 0.16284 e
74.06009 54.59045 -0.36089 0.08959 -0.92830 e
74.16420 83.43572 -0.91101 0.27369 -0.30846 e
74.25182 51.68325 0.61606 0.75762 0.21560 e
74.41848 46.18780 -0.12326 -0.99235 -0.00757 e
74.49349 78.55906 -0.17921 -0.96452 0.19385 e
74.49620 66.84743 0.73092 0.53347 -0.42563 e
74.65499 63.63351 0.03880 -0.97462 0.22047 e
74.74187 39.96292 -0.04093 0.36531 -0.92999 e
75.79393 56.53318 0.16666 0.25353 -0.95286 e
76.07112 40.46779 -0.56746 0.06901 0.82050 e
76.52080 19.53547 -0.87866 -0.33231 -0.34281 e
76.60697 38.64432 0.71228 -0.69399 -0.10505 e
76.61097 20.82584 -0.31725 -0.76063 -0.56640 e
76.89507 62.01861 -0.56862 -0.52689 0.63171 e
77.46720 52.96992 0.70983 0.07701 -0.70015 e
77.79009 78.54669 0.14954 -0.13867 -0.97898 e
77.95672 78.77737 -0.20382 -0.57585 -0.79174 e
78.92208 43.39223 -0.02673 -0.69925 -0.71438 e
79.81970 31.70208 -0.25754 -0.08011 -0.96294 e
79.90853 73.88611 -0.28792 0.15569 -0.94492 e
80.06968 59.01009 0.28704 0.95302 0.09678 e
80.27719 55.72427 -0.50993 -0.82022 -0.25927 e
80.35877 47.32995 0.72292 -0.52048 -0.45441 e
80.77152 60.13093 -0.25419 -0.71298 -0.65349 e
81.06165 79.12141 -0.70821 -0.55489 -0.43649 e
81.19093 45.13242 0.21244 0.95076 -0.22569 e
81.26035 56.18655 0.46959 -0.88266 -0.01998 e
81.40493 56.08451 -0.41377 -0.79486 0.44384 e
81.76901 48.08047 -0.55299 0.56219 -0.61494 e
82.21285 44.87355 -0.17067 0.96003 0.22185 e
82.50892 45.73132 0.72030 0.30122 -0.62484 e
82.68479 35.91980 -0.12225 0.29147 -0.94874 e
82.71827 75.88267 -0.21634 0.09463 -0.97172 e
83.39662 79.77011 0.64569 -0.33570 -0.68585 e
84.01134 59.64225 -0.66135 0.18883 -0.72592 e
84.45715 62.61301 -0.50377 -0.53889 -0.67514 e
85.49189 48.82228 -0.28845 -0.05803 -0.95573 e
85.67350 40.58246 -0.79618 0.26068 -0.54602 e
86.01856 73.70469 -0.22652 -0.97324 0.03870 e
86.30339 43.02190 -0.97419 -0.07198 0.21393 e
86.77008 47.96186 0.55248 -0.14359 -0.82106 e
87.16365 42.80317 -0.65633 -0.72345 0.21412 e
88.18805 61.69285 0.27207 0.91833 -0.28750 e
88.19122 22.94168 -0.24624 0.78165 0.57305 e
89.20285 39.94396 0.29718 0.71696 -0.63060 e
89.73298 79.27526 -0.21604 -0.93703 -0.27442 e
89.76604 33.35511 -0.08031 0.28948 -0.95381 e
89.83725 67.54024 -0.05712 0.38091 -0.92285 e
89.92323 73.33638 -0.79091 -0.60973 -0.05183 e
90.06121 56.76560 0.28853 0.95555 -0.06065 e
90.17936 46.22115 0.81100 -0.14039 0.56796 e
90.39963 56.87296 0.15801 0.31083 -0.93724 e
90.43426 81.25568 -0.69622 -0.70329 -0.14375 e
91.10660 57.33253 0.14776 0.98209 0.11686 e
91.54433 27.16060 -0.76674 0.56705 -0.30095 e
92.31899 28.21432 0.73529 0.00151 -0.67776 e
92.60241 71.86470 0.58214 0.41944 -0.69655 e
92.69673 47.29170 -0.46177 -0.85710 -0.22837 e
93.15005 50.14162 0.05334 -0.39858 -0.91558 e
93.58491 55.04612 0.31063 -0.94248 -0.12346 e
94.76530 71.13984 -0.18210 -0.52895 -0.82889 e
94.98302 45.27345 0.79464 -0.38435 -0.46992 e
96.00157 34.34167 0.06507 -0.58207 0.81053 e
96.04340 31.67795 0.00380 -0.73334 -0.67985 e
98.16636 29.24673 0.18568 0.74093 -0.64540 e
98.17938 41.13003 0.43342 0.29361 -0.85202 e
99.11949 64.02904 0.69306 0.40142 -0.59877 e
99.13593 42.59775 0.14198 -0.84787 -0.51084 e
99.15739 84.63213 -0.80218 0.33797 0.49222 e
99.60811 38.83781 0.44885 -0.52609 0.72233 e
99.62597 41.86469 -0.14798 -0.18834 -0.97089 e
99.71888 57.74037 -0.81825 0.50445 0.27567 e
99.79421 51.11684 0.28443 0.80454 -0.52136 e
100.49050 54.03065 0.52486 0.66898 -0.52629 e
100.59369 41.47860 -0.64760 0.47554 -0.59538 e
100.87609 48.03878 0.03771 -0.11921 -0.99215 e
100.91201 46.81940 -0.28403 0.63320 -0.71998 e
102.73228 73.23140 0.42657 0.67923 0.59723 e
103.12718 59.04977 -0.44041 -0.03818 -0.89699 e
103.30763 65.56012 -0.78588 0.41476 -0.45866 e
103.85344 66.66452 0.47688 0.70114 0.53009 e
103.90941 48.09893 -0.06365 -0.96238 0.26414 e
104.50639 47.49264 0.22670 -0.92911 -0.29218 e
104.61463 81.09657 0.94995 -0.30192 0.08022 e
104.76868 34.59143 -0.84625 -0.12042 -0.51900 e
105.19629 65.11733 -0.57464 -0.60938 -0.54630 e
105.47737 42.47321 0.19029 -0.62064 0.76066 e
105.83467 56.22953 0.79462 -0.34495 -0.49959 e
106.21557 47.69706 -0.29252 0.84390 0.44973 e
106.94052 71.44385 -0.49708 0.60265 -0.62428 e
107.32568 33.81688 -0.99902 -0.04364 0.00770 e
108.53065 40.32393 0.27615 -0.62715 -0.72831 e
108.63745 40.01547 0.69935 -0.61837 -0.35850 e
108.75143 80.33912 0.88854 -0.09923 -0.44793 e
108.86446 27.19948 0.40099 -0.19874 0.89426 e
109.36353 83.78229 -0.66810 0.18941 -0.71956 e
109.38945 40.18600 0.91646 0.02356 -0.39944 e
110.48155 81.88819 0.65427 0.69266 -0.30358 e
111.06940 41.68087 0.74784 -0.43463 0.50184 e
111.30251 47.04713 -0.39457 -0.80151 -0.44932 e
111.43218 78.12663 -0.06420 0.01459 -0.99783 e
111.76741 46.27456 0.92968 0.26211 0.25884 e
111.89632 52.21434 0.53314 0.14005 -0.83436 e
112.47881 43.34002 0.75513 0.22778 -0.61473 e
113.09598 54.75393 -0.82473 -0.36396 -0.43284 e
113.20203 49.57467 0.25963 0.15837 -0.95263 e
113.43653 58.58023 -0.13762 -0.90000 0.41360 e
113.45290 67.13777 0.32938 0.94056 0.08281 e
113.90182 28.79321 -0.67023 0.60586 0.42863 e
114.08492 28.89294 0.44980 0.16097 0.87850 e
114.78536 45.13161 -0.56357 0.45838 -0.68722 e
115.24839 52.40336 -0.27596 -0.77046 -0.57467 e
116.75754 40.65314 0.29458 -0.22194 -0.92950 e
117.72295 41.24343 -0.23566 0.26719 -0.93438 e
118.66758 33.95322 -0.96226 -0.04607 0.26820 e
119.09211 58.00050 0.83107 -0.47236 0.29361 e
119.54619 21.00473 -0.24915 -0.35082 -0.90269 e
119.98542 55.60369 -0.83926 -0.54371 -0.00374 e
120.08594 26.72902 0.31716 0.82034 0.47587 e
120.58726 64.86726 0.96391 -0.00939 -0.26605 e
120.65953 59.47537 0.96004 -0.15545 0.23272 e
121.59297 28.62912 0.40644 -0.87703 -0.25617 e
121.85962 58.10537 -0.81399 0.57972 0.03659 e
123.23123 21.90825 0.05225 0.82373 0.56457 e
123.71554 66.63193 -0.22640 0.76250 -0.60608 e
125.18563 31.15277 -0.23321 -0.95663 -0.17454 e
125.32656 80.84676 0.57569 0.20324 -0.79201 e
125.77644 74.20041 -0.35512 0.93429 -0.03158 e
126.07961 32.39188 0.99262 0.05073 0.11016 e
126.35756 43.49669 0.75108 0.21858 -0.62297 e
126.49173 33.93019 0.92742 -0.16689 0.33472 e
126.65357 60.36202 -0.60758 -0.10184 -0.78770 e
127.42251 25.92415 0.25539 -0.66196 -0.70469 e
127.52861 21.52123 0.58062 0.78307 -0.22291 e
127.90241 20.04252 -0.20047 0.29670 -0.93369 e
129.00046 32.06500 0.18948 -0.78083 -0.59532 e
129.09002 40.32884 0.68740 -0.66002 -0.30309 e
129.84475 34.41578 -0.34933 0.81127 0.46884 e
130.28314 35.79874 0.38700 -0.63870 -0.66506 e
131.21525 47.38654 -0.69420 -0.65805 -0.29165 e
131.35682 51.33887 0.81303 0.53493 0.22988 e
131.47779 70.13326 -0.95749 -0.21598 0.19124 e
131.49466 27.80503 0.18091 -0.68611 -0.70464 e
131.86100 51.47245 0.00626 -0.97575 -0.21880 e
132.80008 80.49170 -0.46832 0.02034 -0.88332 e
133.97963 44.89527 -0.10793 -0.95359 0.28109 e
134.17376 45.01333 0.58288 -0.26410 -0.76844 e
134.25678 65.04370 -0.05179 -0.94772 -0.31486 e
134.34685 52.70932 -0.56224 0.14331 -0.81446 e
134.34793 47.84402 -0.58135 -0.27183 -0.76690 e
134.39274 76.60089 -0.16587 -0.79375 0.58519 e
134.75838 56.93301 0.80749 0.27807 -0.52022 e
134.99734 33.21223 0.69565 0.62030 -0.36234 e
135.52795 39.04880 -0.47525 -0.60694 -0.63699 e
135.55805 78.66101 0.90973 0.04578 -0.41267 e
136.53880 71.87463 0.68420 0.19123 0.70378 e
136.65569 63.24785 -0.09023 0.91975 0.38199 e
137.01855 39.96281 -0.63962 -0.75588 -0.13974 e
137.15884 65.21981 0.53956 0.31689 0.78004 e
137.49545 63.78927 0.23250 -0.85087 -0.47114 e
137.58532 60.01127 -0.26461 0.64851 0.71373 e
137.68262 73.51984 0.19373 0.27491 -0.94175 e
137.87851 79.52396 -0.96199 -0.19912 -0.18690 e
138.47195 50.13135 0.93624 0.32655 0.12970 e
138.56202 51.51521 0.36472 -0.88512 -0.28904 e
139.68523 34.52769 0.19846 0.88624 -0.41855 e
140.25360 49.97458 -0.66073 0.67928 0.31938 e
140.56712 81.82902 -0.72842 0.52196 0.44380 e
140.69225 83.10322 -0.63069 0.02890 -0.77550 e
140.79987 37.99074 -0.51877 0.59482 -0.61406 e
141.37414 77.27187 0.54477 -0.82029 0.17425 e
141.59283 57.37309 -0.07114 0.96052 0.26897 e
141.85565 39.06496 -0.90390 0.41822 -0.08977 e
142.58840 13.46925 0.64157 -0.37378 0.66983 e
142.65129 84.53756 0.56652 0.82196 -0.05858 e
142.97675 57.79210 0.25455 0.96575 -0.05028 e
143.72051 31.33937 -0.92929 -0.34611 0.12894 e
143.94369 33.61864 0.18941 0.08260 -0.97842 e
144.36103 27.09224 0.75070 -0.64083 -0.16057 e
144.45466 50.50743 0.48200 0.58259 -0.65442 e
144.66435 72.28048 -0.51070 -0.49586 -0.70236 e
144.90323 48.74499 -0.82897 -0.35080 -0.43560 e
145.90559 64.01326 -0.09789 0.25736 -0.96135 e
146.38657 81.43140 -0.44404 0.62873 -0.63838 e
146.89752 78.09886 0.04092 -0.40103 -0.91515 e
147.24517 31.32800 0.89763 -0.16031 0.41055 e
147.94670 58.58426 0.88412 -0.19691 -0.42374 e
148.01370 73.61612 0.31079 0.42998 0.84766 e
148.43921 65.09785 0.20056 -0.32509 -0.92417 e
148.47122 64.15841 -0.21989 0.19123 -0.95660 e
148.60678 63.80692 0.13878 -0.37859 -0.91510 e
150.22478 16.92180 0.83218 -0.12852 0.53940 e
150.23102 67.66877 -0.83799 0.41437 0.35506 e
150.73510 67.89456 0.28046 0.05494 -0.95829 e
151.15822 38.14664 -0.74052 0.29801 -0.60234 e
151.22851 57.63627 0.31798 0.66854 -0.67226 e
152.26340 37.55710 -0.11905 0.33193 -0.93576 e
152.89071 67.99081 -0.08133 -0.43841 0.89509 e
153.62761 77.37914 -0.49313 -0.41230 -0.76605 e
154.30103 75.89636 0.36657 -0.81245 -0.45337 e
154.32751 58.30299 0.43508 0.28202 -0.85508 e
154.59674 50.03796 -0.36040 0.85290 -0.37771 e
155.48775 15.76109 0.41213 0.42242 -0.80728 e
155.56832 51.47168 0.19517 -0.91496 0.35320 e
157.75239 57.10191 0.80854 0.13746 -0.57217 e
157.80830 81.39119 -0.36730 0.79367 -0.48495 e
158.17534 45.91695 -0.61040 -0.77517 -0.16288 e
159.22458 73.15352 -0.67285 0.59015 -0.44608 e
159.25267 68.93077 -0.95055 -0.19679 -0.24026 e
161.81978 53.70374 -0.90763 -0.38495 0.16738 e
162.42852 56.56401 -0.80220 -0.31287 0.50852 e
163.25779 31.50676 -0.15303 -0.28784 -0.94537 e
163.59847 50.52233 -0.61511 -0.78102 -0.10790 e
165.28470 63.49345 0.13561 0.32832 -0.93478 e
166.14911 15.22775 -0.56071 0.82800 -0.00386 e
166.51468 34.55148 0.91139 -0.09189 -0.40116 e
166.63149 45.30590 -0.48624 -0.76219 -0.42736 e
167.23707 77.48328 -0.52036 0.56824 -0.63744 e
167.85486 23.16381 0.92459 0.37072 0.08773 e
168.19589 28.01129 -0.06533 -0.59150 0.80365 e
168.23128 31.31366 0.40206 -0.61891 0.67476 e
168.65750 32.25641 -0.60584 0.78747 0.11336 e
170.10746 32.65895 -0.46096 0.65885 -0.59450 e
170.19862 31.80259 -0.91594 -0.35776 -0.18181 e
170.22929 74.53984 -0.99028 -0.09031 0.10574 e
170.62897 23.96975 0.50240 -0.24485 0.82924 e
171.26958 48.63581 0.15949 -0.86487 -0.47598 e
171.50904 17.32715 -0.22280 0.95668 -0.18741 e
171.93138 52.02920 0.95531 0.11343 0.27298 e
172.70110 38.95756 -0.20783 -0.90369 -0.37437 e
172.75586 73.36116 -0.01948 0.87931 -0.47585 e
172.86251 38.88850 0.71373 0.44155 0.54371 e
173.83185 45.13511 0.86144 0.17053 -0.47837 e
174.36380 50.47533 -0.47200 0.28305 -0.83493 e
175.10976 52.57585 0.62556 0.60858 -0.48816 e
176.85472 28.48197 0.14210 -0.95013 -0.27760 e
177.35075 78.71478 0.73774 0.26292 -0.62178 e
178.32828 70.45670 0.63888 -0.55302 -0.53479 e
178.38577 78.57340 0.05020 0.99764 0.04689 e
178.94505 38.85586 0.36702 0.51471 -0.77484 e
179.55721 65.71619 -0.42716 0.03385 -0.90354 e
179.74457 22.43711 0.62252 -0.49700 -0.60453 e
179.96901 46.90063 0.35970 0.93221 0.03995 e
180.04553 24.99709 -0.79737 0.56963 0.19930 e
180.45507 79.68424 -0.76953 -0.19156 0.60921 e
180.91108 41.90769 0.33990 0.20917 -0.91691 e
181.33258 59.15413 -0.49343 -0.32756 -0.80575 e
181.75678 41.17257 0.17808 0.53867 -0.82348 e
181.95975 25.35415 0.32432 -0.40129 -0.85661 e
182.23909 70.45803 0.21578 -0.86469 -0.45359 e
182.26401 18.75759 0.51198 0.57072 -0.64199 e
182.61062 21.92518 -0.31798 -0.53032 -0.78591 e
183.17004 39.60943 0.58426 0.58934 -0.55796 e
183.27427 62.65666 0.33522 -0.93654 0.10257 e
183.77944 27.53403 0.68452 -0.53351 0.49679 e
183.93623 42.87929 0.31867 0.87572 -0.36272 e
184.09294 34.08962 -0.48476 0.62880 -0.60796 e
184.18667 42.92336 0.56715 0.19933 0.79913 e
184.35988 78.36534 0.20696 -0.97573 0.07153 e
184.69966 68.86643 0.15221 -0.52463 -0.83761 e
185.40754 39.82898 -0.65175 -0.72261 -0.23034 e
185.49866 58.51735 0.92124 -0.33739 0.19361 e
185.60691 34.74026 0.03612 0.95551 -0.29273 e
186.10490 70.41591 0.77879 -0.41859 -0.46720 e
187.20542 57.90766 -0.51078 0.15133 -0.84629 e
187.37405 48.20761 0.27981 -0.95541 -0.09433 e
187.56791 77.12478 -0.18231 -0.73463 -0.65351 e
188.47899 34.29649 -0.44359 -0.69224 -0.56924 e
188.74130 79.25349 -0.03805 0.37074 0.92796 e
188.81610 38.02480 -0.22772 -0.50971 -0.82966 e
189.15161 52.46866 0.34232 -0.27756 -0.89765 e
189.66391 36.27333 -0.85490 0.49081 -0.16809 e
189.82162 18.22620 -0.35382 0.20884 -0.91170 e
190.24130 56.04028 0.79483 -0.28877 -0.53372 e
191.56963 54.09420 0.70641 0.59100 -0.38949 e
191.71086 51.50887 -0.53724 0.69126 -0.48325 e
191.88880 77.50738 0.98490 0.14533 0.09408 e
192.47701 77.47608 0.60000 0.55488 -0.57629 e
192.75721 54.22573 0.85682 -0.36446 0.36473 e
193.86010 79.57931 0.46697 0.80484 0.36629 e
193.98553 48.05247 0.02931 -0.42815 0.90323 e
195.78312 36.05556 -0.67566 -0.69541 -0.24472 e
196.24288 35.64109 -0.74165 0.39057 0.54536 e
196.57987 39.85658 0.79519 0.35157 -0.49404 e
197.15801 12.37758 -0.31870 -0.88449 -0.34074 e
197.18772 71.81089 -0.28959 -0.21629 -0.93239 e
197.56479 35.96978 0.43739 -0.17531 -0.88202 e
197.95653 44.29396 -0.99658 0.03649 0.07412 e
198.79625 78.87158 0.95060 -0.09568 -0.29530 e
199.05938 30.22472 0.99644 0.03502 -0.07666 e
199.38011 84.58879 0.77228 0.23642 -0.58966 e
200.41765 33.06216 0.20122 -0.53722 -0.81909 e
201.48914 33.66373 0.76332 -0.64208 0.07124 e
201.64038 43.24777 0.15674 0.96517 0.20947 e
201.88447 32.95151 -0.10806 -0.83092 -0.54579 e
201.90160 47.14952 0.42356 -0.24724 -0.87148 e
202.13875 64.65758 0.82407 -0.08797 -0.55962 e
203.67077 63.82073 -0.95153 -0.01952 -0.30692 e
204.59538 54.76543 -0.40870 0.62610 -0.66405 e
205.33960 41.36421 0.78388 0.18309 -0.59330 e
205.51117 59.94608 0.79780 0.09997 0.59458 e
206.43519 13.52836 -0.84670 -0.30939 -0.43287 e
207.06915 52.24856 -0.70741 -0.70503 -0.04996 e
207.11330 44.45351 -0.70723 0.65020 -0.27760 e
207.36225 70.14551 0.59898 -0.43735 -0.67078 e
208.67556 42.25126 0.16451 -0.73107 -0.66217 e
210.30630 67.35599 0.11001 0.45422 -0.88407 e
211.12606 27.15052 -0.03919 -0.18029 0.98283 e
212.30529 49.61087 0.80004 0.59454 0.08035 e
212.55190 29.31986 -0.95754 -0.28594 -0.03693 e
212.72355 40.01852 0.20143 0.09052 -0.97531 e
213.10125 66.32287 0.91952 -0.34834 0.18204 e
215.78638 52.49110 0.39331 -0.78357 -0.48097 e
217.20459 22.87233 -0.03142 -0.02931 -0.99908 e
217.54291 46.95514 -0.56399 -0.76862 -0.30188 e
217.82616 75.37615 0.60993 -0.73851 -0.28736 e
218.13572 42.69680 0.46157 0.27680 -0.84282 e
218.42050 53.21681 0.72180 0.36616 0.58730 e
219.67321 52.69896 -0.99216 -0.08958 -0.08719 e
219.86668 17.58532 0.13818 -0.98372 0.11489 e
219.94413 67.95868 -0.58676 -0.38500 -0.71238 e
220.57619 34.63047 -0.64040 -0.47726 -0.60176 e
220.79590 56.29433 -0.10642 0.08183 -0.99095 e
222.27675 53.95698 -0.74271 0.14027 -0.65475 e
222.33033 43.68286 0.21263 0.26537 -0.94041 e
223.24567 40.97516 0.46301 0.12569 0.87740 e
223.99267 16.53262 -0.76824 0.61682 0.17129 e
224.64114 30.72838 0.93166 -0.35711 0.06697 e
227.45495 45.13348 0.06136 0.77411 0.63008 e
228.84537 45.77587 -0.79528 -0.06914 -0.60228 e
229.23676 60.68830 -0.96067 -0.26507 0.08275 e
229.57539 35.00427 0.30444 0.70907 -0.63603 e
229.85257 53.23536 -0.23206 0.54749 -0.80399 e
230.22920 76.08481 -0.77473 -0.18688 -0.60404 e
231.54003 34.01643 -0.87993 0.21233 0.42502 e
232.04434 72.19246 -0.34187 -0.43297 -0.83406 e
232.56393 42.16499 -0.16902 0.73772 -0.65361 e
233.73857 29.83134 0.03163 -0.97144 -0.23518 e
234.01236 39.98319 0.57535 -0.67523 0.46156 e
234.88202 75.75185 0.49459 -0.02185 0.86885 e
235.50756 64.52676 -0.79302 -0.57629 -0.19750 e
236.51530 56.01884 -0.65886 -0.75080 0.04694 e
236.71715 56.22045 -0.96125 0.16303 0.22231 e
236.78493 40.56312 0.12233 0.74426 0.65660 e
236.83413 74.28029 -0.49083 0.81260 -0.31427 e
238.24744 23.72995 0.67457 0.73500 -0.06877 e
240.29599 44.03944 0.44108 0.88279 -0.16164 e
240.52926 62.01567 0.18770 -0.60822 -0.77125 e
241.29049 29.10516 0.15633 -0.81601 -0.55650 e
242.17635 13.36442 -0.67363 -0.16082 -0.72136 e
242.20424 60.78642 0.94564 0.18190 0.26959 e
242.94683 12.96437 0.88023 -0.46735 0.08235 e
243.59168 28.68687 0.83833 -0.47017 0.27595 e
243.68631 61.74306 0.65066 0.72879 0.21333 e
246.32773 74.69931 -0.21438 -0.19061 0.95797 e
246.61542 53.10819 -0.34747 -0.84308 -0.41047 e
246.70456 39.07785 0.32913 0.13635 -0.93439 e
247.23196 33.12219 0.89038 0.00361 -0.45520 e
248.26409 37.19765 -0.24251 -0.62120 -0.74518 e
248.71748 84.72446 0.27623 0.54330 0.79279 e
248.83855 18.16640 -0.66077 0.55537 -0.50493 e
249.41876 66.14720 0.68537 0.33731 -0.64536 e
249.58686 56.54154 0.10395 0.94469 -0.31104 e
249.74580 46.35517 0.81356 0.41567 0.40661 e
249.94569 33.72792 0.93083 -0.21462 0.29579 e
250.11285 31.25002 -0.98796 0.01598 0.15391 e
250.70447 60.74626 -0.06092 0.40497 -0.91230 e
250.84865 45.71948 -0.31652 -0.56651 -0.76084 e
251.94989 33.20097 -0.27265 0.85341 0.44424 e
252.04792 73.33124 0.92985 -0.35321 0.10303 e
252.64045 32.61184 -0.38079 -0.81603 -0.43484 e
252.82613 64.92587 -0.77805 -0.24186 0.57977 e
253.47211 70.17150 -0.09926 -0.59030 -0.80106 e
253.51117 28.59474 -0.15745 0.68222 -0.71399 e
254.51460 64.97092 0.67082 -0.41144 -0.61702 e
254.55723 25.26942 0.82912 0.28371 0.48173 e
256.11983 40.15442 -0.59645 0.42803 0.67900 e
256.16496 48.52587 -0.22536 0.49036 -0.84188 e
257.51488 59.22667 0.42773 0.45946 -0.77843 e
259.30484 44.79625 -0.70966 0.56457 -0.42149 e
259.73476 38.63947 -0.63544 0.30427 -0.70967 e
260.16086 52.03780 0.31695 -0.77002 -0.55372 e
260.39943 47.17809 -0.67731 -0.01360 -0.73557 e
261.48033 55.99452 0.49326 0.86732 -0.06669 e
261.54290 43.37923 -0.08001 0.44146 -0.89370 e
261.76117 54.32848 -0.05595 -0.85141 -0.52151 e
261.77367 30.02849 0.21231 -0.97001 0.11833 e
262.06317 77.07445 -0.24611 -0.75369 -0.60941 e
262.84534 50.48710 -0.10144 -0.99484 0.00246 e
263.11046 81.59911 -0.27690 -0.96075 0.01695 e
263.28630 44.94632 0.69774 -0.50394 -0.50913 e
264.28940 37.57643 0.51416 0.85068 0.10948 e
264.67883 16.52841 0.24564 0.83374 -0.49451 e
266.44039 17.86336 -0.86472 -0.20451 -0.45874 e
266.87568 25.92945 0.88928 0.44553 -0.10337 e
266.90290 29.70027 0.53982 -0.50416 0.67410 e
267.32653 64.65768 -0.37594 -0.27926 0.88356 e
267.44134 41.20438 -0.56512 -0.76710 0.30364 e
267.48944 65.57377 -0.83653 0.50114 -0.22152 e
267.67624 54.22255 0.25801 -0.89101 0.37353 e
269.13479 22.90020 0.57586 0.10059 0.81134 e
269.49570 33.60073 0.17998 0.56893 -0.80245 e
270.66140 12.79953 -0.28648 0.01790 -0.95792 e
270.73753 19.87283 -0.77152 0.62644 -0.11102 e
271.17712 84.17285 -0.79722 -0.55615 0.23481 e
271.22779 80.84797 -0.15685 0.43924 -0.88457 e
271.32884 21.81140 -0.56193 0.49292 0.66428 e
271.39719 18.11260 0.87647 0.20511 0.43558 e
271.65586 13.84068 0.28282 0.49330 0.82260 e
271.88391 41.24233 -0.58908 0.76075 -0.27249 e
272.63270 78.62344 0.45142 -0.88118 0.14050 e
272.95459 51.83825 -0.64959 -0.43215 -0.62552 e
274.09194 54.31580 0.03357 -0.95618 0.29084 e
275.03364 44.28321 -0.39740 -0.91626 0.05040 e
275.16394 31.37182 -0.22379 -0.32488 -0.91890 e
275.44629 69.43202 -0.19288 -0.33957 -0.92059 e
276.33473 29.94978 -0.86045 0.08320 0.50270 e
276.45845 32.89099 0.09726 -0.97158 -0.21580 e
276.60813 48.19152 0.84073 0.47552 0.25894 e
277.71025 55.79660 -0.13862 0.69217 -0.70830 e
277.75186 69.54870 0.33196 -0.38088 -0.86298 e
280.97157 18.10206 -0.42857 0.14755 0.89138 e
281.45706 74.80833 0.18301 -0.76821 -0.61348 e
281.59174 28.65841 -0.43940 -0.58908 -0.67817 e
281.68300 54.79630 0.85513 0.05612 -0.51537 e
282.14894 30.18270 -0.95761 -0.06333 0.28102 e
282.18815 27.06606 -0.12502 0.94242 0.31018 e
282.30226 53.73666 -0.56818 -0.00235 -0.82290 e
283.55611 30.18289 -0.46601 0.81764 -0.33807 e
284.22950 44.55404 -0.37404 -0.06293 -0.92527 e
285.00983 23.44238 -0.17049 0.70337 -0.69008 e
285.22614 67.62354 -0.66671 -0.54087 -0.51279 e
285.26103 42.59318 0.72205 -0.49680 -0.48149 e
285.82591 52.49998 -0.08343 0.66179 -0.74503 e
287.09129 50.75597 0.23517 -0.94703 -0.21870 e
287.18906 29.88603 -0.91877 0.00013 0.39479 e
288.26309 21.46968 -0.98573 0.12840 -0.10887 e
288.35399 70.12047 0.47223 0.77919 -0.41214 e
288.45092 44.99286 0.79159 -0.54717 -0.27202 e
288.58122 39.83056 -0.40837 0.60808 0.68079 e
288.70022 29.49079 -0.85384 -0.40821 0.32300 e
288.88565 45.28423 -0.13059 -0.67722 -0.72410 e
289.59232 63.89851 -0.89868 -0.39974 -0.18052 e
289.67211 57.36896 -0.22357 0.95500 0.19493 e
289.99025 55.34975 -0.15986 -0.42470 -0.89111 e
290.03234 81.97261 0.60026 0.79967 0.01456 e
292.10558 77.04692 0.14996 -0.82323 -0.54754 e
292.14631 37.68213 0.22664 -0.96670 -0.11880 e
292.73623 32.93732 0.23317 -0.24137 -0.94200 e
292.96970 31.50048 -0.30245 0.11601 -0.94608 e
293.65555 56.74266 -0.05040 -0.46422 -0.88429 e
294.19963 35.81607 0.66903 0.63750 -0.38207 e
294.43572 54.40359 0.48048 -0.38420 -0.78837 e
294.88391 8.44285 0.80834 -0.51217 -0.29030 e
296.14567 44.98151 -0.88567 0.41365 0.21093 e
297.52210 48.37929 0.06142 -0.70852 -0.70302 e
298.27596 42.42651 -0.58067 0.23132 -0.78059 e
299.27620 84.68302 0.43983 -0.75786 -0.48187 e
299.87212 43.62863 0.36089 0.67614 -0.64233 e
301.09979 62.99597 -0.94823 0.30672 0.08238 e
301.13695 34.56387 -0.67754 0.31750 0.66342 e
301.20397 44.26225 -0.34026 0.22016 -0.91420 e
301.60972 76.20855 -0.70453 -0.05745 -0.70734 e
301.99769 31.54598 -0.65343 -0.48287 -0.58298 e
302.34286 51.45939 0.85056 -0.52154 0.06733 e
303.61930 33.74261 0.29735 0.67891 -0.67132 e
304.12513 39.25967 -0.04288 -0.60107 -0.79804 e
304.55233 44.27821 -0.27686 0.32510 -0.90424 e
304.94082 76.61693 0.03958 0.50126 -0.86439 e
304.97585 30.20405 -0.39388 0.41533 -0.81998 e
305.16302 28.15119 -0.13690 -0.73604 0.66294 e
305.39242 58.82403 -0.58774 -0.14394 -0.79615 e
306.93714 14.40422 0.93168 0.25830 0.25544 e
307.43319 73.19897 -0.00371 -0.73275 -0.68049 e
308.12459 31.74012 -0.95062 0.16521 0.26274 e
309.50162 57.89212 -0.53822 -0.75971 0.36492 e
309.54543 68.11948 -0.47869 0.02176 0.87771 e
310.26011 50.42278 -0.64757 0.67839 -0.34705 e
310.26795 81.87964 -0.56521 -0.05163 -0.82333 e
310.27846 51.44303 -0.39530 0.70860 -0.58449 e
310.71701 36.87556 0.07013 -0.92975 0.36145 e
310.76965 72.45003 -0.49436 -0.53521 -0.68495 e
311.95447 58.61315 -0.02375 -0.98770 0.15452 e
312.36972 19.29981 -0.40103 0.37369 -0.83638 e
312.41188 65.93468 0.46879 -0.50345 -0.72580 e
312.98739 46.13204 -0.50106 0.74553 -0.43946 e
313.80681 56.38909 0.18785 0.45766 -0.86906 e
314.89367 74.34603 0.19436 0.57440 -0.79517 e
315.00731 76.74371 0.29993 0.95283 0.04645 e
315.01250 37.76863 -0.62534 -0.62039 -0.47335 e
315.24316 54.82365 0.62994 0.51771 0.57893 e
315.72463 34.37267 -0.28991 -0.95705 0.00252 e
316.58890 84.65758 -0.44165 0.60505 -0.66247 e
316.76003 39.78979 -0.39134 0.91647 -0.08326 e
317.01829 70.69641 0.99880 0.00807 0.04840 e
317.23815 30.66609 -0.66462 0.01704 -0.74699 e
317.31381 82.72478 0.41057 -0.67818 -0.60951 e
317.32309 60.45665 0.63329 -0.57407 -0.51903 e
318.50340 64.07912 -0.20063 -0.42985 -0.88033 e
318.54818 48.26725 -0.49012 0.13727 -0.86078 e
318.67995 25.69446 0.02924 -0.61965 0.78433 e
319.41610 33.69928 -0.48603 -0.87063 -0.07604 e
319.51595 25.91683 -0.67618 -0.59471 -0.43486 e
320.15899 34.14080 0.05102 0.26284 0.96349 e
320.18292 45.29589 0.27037 0.50314 0.82082 e
321.17701 28.41912 0.45047 -0.38915 -0.80352 e
321.23270 73.33717 -0.80801 -0.13862 0.57262 e
321.26794 36.60790 0.29034 0.65483 0.69778 e
321.95908 62.60021 0.83928 -0.31080 0.44612 e
322.11910 36.43897 -0.48951 -0.51195 -0.70589 e
322.30501 21.96403 0.52224 -0.62113 -0.58435 e
322.64278 48.96381 -0.06784 0.90778 -0.41393 e
322.65666 33.06117 0.71576 -0.66431 -0.21535 e
323.47580 44.27253 -0.68208 0.43781 0.58574 e
323.58092 69.54156 -0.72908 0.67496 0.11343 e
324.83897 37.09869 -0.97460 0.22065 -0.03830 e
325.52837 38.14919 0.09860 -0.33290 -0.93779 e
327.17315 36.75801 -0.25535 -0.82831 0.49869 e
327.18922 46.95569 -0.12859 -0.32820 -0.93581 e
328.34223 26.20223 -0.32061 -0.79891 -0.50887 e
328.79234 13.16818 0.83327 -0.03555 -0.55172 e
328.88345 67.72032 -0.18187 0.92776 -0.32585 e
329.03236 34.62677 0.83958 -0.54253 -0.02766 e
329.13051 26.88963 0.02827 -0.45564 -0.88971 e
329.50141 62.91940 0.22538 -0.26203 -0.93837 e
330.61823 70.57766 0.53411 -0.58038 -0.61472 e
330.65264 28.41674 -0.14813 0.50866 0.84813 e
330.81384 80.96116 0.82492 -0.56393 -0.03867 e
331.12674 49.34530 -0.01409 0.64627 -0.76298 e
332.18577 19.94300 0.29685 -0.73944 -0.60424 e
332.28272 50.38380 -0.42842 0.03016 -0.90308 e
332.61825 40.36857 -0.08712 -0.27739 -0.95680 e
333.75911 18.26820 -0.93361 -0.16112 -0.32001 e
334.00398 28.06449 -0.60819 -0.64705 -0.45982 e
334.35052 73.28385 0.08865 -0.84247 -0.53140 e
334.55066 53.43684 -0.71880 -0.40123 -0.56775 e
334.56513 63.39822 0.32076 0.57650 -0.75151 e
335.08259 60.89540 0.08559 -0.55553 -0.82708 e
336.08244 36.77552 0.91503 -0.09632 -0.39171 e
336.62521 74.90691 0.58074 0.28581 -0.76227 e
338.73472 76.80916 0.88709 0.34626 -0.30526 e
338.84827 67.68414 0.04103 -0.65645 -0.75326 e
338.89277 31.88738 -0.96783 -0.02850 -0.25000 e
339.03275 58.73203 -0.69910 0.12622 0.70379 e
339.15959 29.76766 -0.69116 0.05584 -0.72055 e
339.41353 61.81001 -0.35354 0.32644 -0.87661 e
340.71239 49.71964 -0.16050 -0.98701 -0.00734 e
340.91781 36.55427 0.53330 -0.38108 -0.75523 e
341.65792 62.65956 -0.93818 0.34600 0.01013 e
342.41276 65.70890 0.28084 -0.32217 -0.90407 e
343.16944 32.89112 -0.41176 -0.89547 0.16908 e
343.39545 58.61866 0.00621 0.85185 -0.52375 e
343.45826 46.95323 0.69865 -0.22049 -0.68064 e
344.54475 74.03269 -0.40645 0.16865 -0.89797 e
345.25085 68.04002 -0.96546 0.19946 -0.16765 e
345.53925 34.04497 -0.41445 0.87537 0.24893 e
345.84602 57.68053 0.50409 0.46988 -0.72464 e
346.15083 83.69928 -0.36869 -0.69341 -0.61907 e
347.35922 79.36454 -0.13536 -0.91924 -0.36969 e
347.92270 52.35100 -0.37946 0.76456 0.52102 e
348.83075 50.10972 0.20204 -0.97050 0.13158 e
350.61105 32.88672 0.55993 -0.77109 0.30315 e
352.20965 61.21579 -0.11701 -0.05148 -0.99180 e
352.21699 45.58597 -0.73211 -0.23340 -0.63995 e
352.24992 76.28946 0.86382 -0.15776 -0.47847 e
352.98146 29.02891 -0.10443 -0.99315 -0.05234 e
353.76564 29.27877 -0.84834 -0.20371 0.48870 e
354.24625 33.63093 0.37934 0.28290 -0.88095 e
355.40683 59.52020 0.52285 0.64396 -0.55852 e
356.32445 42.29417 -0.83665 0.38439 0.39020 e
356.39870 24.84052 -0.25176 -0.08476 0.96407 e
357.11752 77.86154 0.24033 -0.81236 -0.53133 e
357.20695 55.60271 0.31237 0.82209 -0.47602 e
357.41870 74.26416 0.32166 0.57101 -0.75530 e
358.45837 23.39886 0.05408 -0.35693 -0.93256 e
358.88805 29.14197 -0.12533 -0.99210 0.00582 e
358.99644 49.11378 -0.14531 0.18058 -0.97277 e
359.24093 36.69995 0.38340 -0.80204 -0.45796 e
360.20672 23.85159 0.57942 0.32455 0.74762 e
360.46003 22.48117 -0.60081 0.72993 -0.32593 e
360.92831 31.53104 0.94067 0.31440 -0.12761 e
363.26526 50.43297 0.58414 0.81043 0.04461 e
363.61726 29.39990 -0.83697 0.44860 0.31344 e
364.48559 32.14916 0.05501 -0.59585 -0.80121 e
364.50707 19.46609 -0.82795 0.43382 0.35537 e
365.51432 47.21286 0.74389 -0.66357 0.07944 e
365.58129 48.28922 0.51515 0.42401 -0.74488 e
365.87389 28.35491 0.27622 -0.54121 -0.79422 e
366.66915 56.69387 -0.91882 0.34984 -0.18270 e
367.60669 19.13479 -0.36740 -0.03515 -0.92940 e
369.38522 71.46449 0.56009 -0.39589 0.72772 e
369.55423 29.63218 -0.56617 -0.72828 -0.38608 e
370.12327 39.99040 0.82153 0.56004 0.10695 e
377.80141 72.21023 -0.94480 -0.25861 0.20116 e
378.07756 38.92007 0.67539 -0.20535 0.70829 e
378.82219 61.02077 0.80928 0.46206 0.36272 e
379.98494 38.25543 0.74066 -0.42142 -0.52328 e
380.49442 35.34752 0.26748 0.89836 0.34842 e
380.97756 24.07287 -0.52618 -0.84619 0.08421 e
382.27794 45.11674 -0.06846 -0.81874 0.57007 e
383.71164 21.55915 -0.37661 -0.68325 0.62556 e
386.52938 22.72768 0.19246 -0.77107 -0.60697 e
390.74425 44.72680 -0.48267 0.74647 0.45806 e
394.91664 79.67857 0.82188 0.16331 0.54575 e
400.98826 35.98643 -0.57315 0.35160 -0.74019 e
403.76034 59.61725 -0.58993 -0.47472 0.65317 e
404.57961 25.99325 -0.53416 -0.66632 -0.52029 e
413.26694 59.73529 -0.40926 -0.90558 0.11146 e
413.38138 39.42108 0.96416 0.07625 -0.25414 e
424.00885 25.77701 0.51314 -0.68488 0.51733 e
431.62946 36.61397 0.12093 0.37864 0.91761 e
433.40251 7.34840 -0.38199 -0.92315 0.04340 e
440.80965 25.65563 -0.43012 0.81007 -0.39847 e
441.47787 38.54282 -0.55235 0.48954 0.67473 e
494.96795 44.57453 -0.71092 0.69953 -0.07247 e
514.14569 27.61062 -0.38625 0.17692 -0.90527 e
566.10742 28.10526 -0.35941 -0.92450 0.12696 e
571.82755 30.05260 0.66278 -0.24448 -0.70778 e
575.35202 31.29291 0.65554 -0.02127 -0.75486 e
578.88807 11.71948 0.34182 -0.35637 0.86958 e
598.34213 33.48732 0.09442 -0.29693 -0.95022 e
606.55887 46.26729 -0.40104 0.76605 -0.50233 e
641.45843 25.86271 0.80046 0.55073 0.23654 e
679.35901 32.70524 -0.22756 0.28535 -0.93102 e
719.83624 49.37050 -0.85551 -0.20103 -0.47717 e
724.78390 31.93070 0.19757 0.59579 -0.77846 e
734.38594 30.80240 0.80669 -0.58400 -0.09059 e
764.44536 43.07871 0.68193 -0.47144 -0.55921 e
788.08876 14.67230 0.65533 -0.46135 0.59808 e
795.23328 10.02064 -0.43387 0.79930 0.41578 e
796.90664 34.75159 0.54371 -0.09033 -0.83440 e
800.28313 21.75787 0.92420 -0.09912 -0.36882 e
846.17381 34.28815 0.45303 -0.88952 0.05934 e
862.90666 29.94025 0.26570 0.03285 -0.96350 e
902.91901 47.35030 0.83676 0.36551 -0.40772 e
921.30454 42.56215 -0.19967 0.60609 -0.76993 e
922.91977 54.51889 -0.47327 -0.26593 -0.83982 e
992.06811 20.16742 -0.12336 -0.50770 -0.85266 e
1017.40119 28.60712 -0.40606 0.67333 -0.61785 e
1031.63468 31.18714 -0.43598 -0.51919 0.73509 e
1041.78642 74.15021 0.84910 0.15186 -0.50593 e
1051.76077 32.03705 0.92246 0.37944 -0.07132 e
1078.91327 72.68090 0.25080 0.37132 -0.89399 e
1216.25071 19.95881 -0.66956 0.02962 -0.74216 e
1217.73012 33.34452 -0.51179 0.08658 -0.85474 e
1244.93906 30.76201 -0.66592 0.74276 0.06966 e
1252.87714 27.63433 0.91087 0.03132 -0.41149 e
1266.53424 27.78861 -0.58272 -0.32261 -0.74589 e
1275.05374 18.32067 -0.16897 0.98362 -0.06270 e
1411.03243 29.32833 -0.03602 -0.61824 0.78516 e
1415.77382 12.62162 0.87938 -0.46849 -0.08485 e
1427.99366 23.45663 0.05648 0.65867 -0.75031 e
1459.48773 28.00679 0.01077 -0.94049 -0.33964 e
1482.27175 18.96262 0.06452 -0.94959 0.30680 e
1500.56202 8.94613 0.86800 0.26227 -0.42165 e
1527.78823 20.85130 -0.81244 0.32042 -0.48711 e
1577.54544 27.02151 0.14028 -0.73453 0.66392 e
1588.50908 19.17351 0.40293 -0.55164 -0.73031 e
1596.37615 26.29421 -0.03694 -0.54348 -0.83861 e
1597.64477 34.18598 -0.06240 -0.09835 -0.99319 e
1650.34827 22.47981 0.27063 0.13486 -0.95319 e
1717.00542 15.78462 0.06404 0.61877 0.78296 e
1770.81946 27.05027 0.11245 -0.85409 -0.50782 e
1794.21191 33.77756 -0.96836 -0.09463 0.23092 e
1886.54295 16.25932 -0.81234 -0.24179 -0.53070 e
1887.28247 14.67932 0.69814 0.22546 0.67953 e
2060.84028 39.84179 -0.02668 -0.41860 0.90778 e
2072.80977 19.26196 -0.59523 -0.73324 0.32871 e
2098.74436 14.87736 0.40343 -0.90222 -0.15244 e
2106.81437 11.53783 -0.28495 0.14456 0.94758 e
2115.02593 26.70246 0.48053 -0.55446 -0.67946 e
2119.27926 32.72374 -0.22879 -0.96538 -0.12526 e
2301.34596 15.75357 0.04804 0.89253 -0.44843 e
2460.62965 34.18231 -0.89536 0.37808 0.23534 e
2470.51825 35.07370 -0.61311 0.37672 -0.69439 e
2643.53396 26.45691 -0.49335 -0.70131 -0.51456 e
2643.93612 13.77200 -0.49968 0.22687 -0.83597 e
2696.58325 18.07655 0.93688 -0.34579 0.05178 e
2725.47527 27.43034 -0.77549 -0.17559 0.60645 e
2749.56910 21.36162 -0.62854 0.74279 0.23067 e
2987.81590 25.20001 0.19544 0.25392 -0.94727 e
3071.54299 11.14177 -0.37793 0.52008 0.76596 e
3151.89177 46.50065 -0.55234 0.56580 -0.61220 e
3252.57630 18.23192 0.40721 0.06331 -0.91114 e
3411.06700 17.79880 0.64664 0.14177 -0.74951 e
3501.02084 23.53031 -0.58095 0.37045 0.72475 e
3522.37577 49.50887 0.52315 0.09679 -0.84673 e
3591.96044 25.59889 -0.25883 -0.81483 -0.51871 e
3714.99602 26.75983 -0.23748 0.81499 -0.52858 e
3756.38026 13.26308 -0.60269 -0.54692 -0.58107 e
3798.42282 26.27499 0.43075 0.78430 0.44647 e
3913.73058 35.09198 0.78676 -0.57381 -0.22749 e
3978.53443 13.74972 -0.78370 0.34839 -0.51423 e
4071.03410 26.22864 -0.17888 0.91580 -0.35960 e
4208.15805 15.13105 0.09554 -0.43644 0.89465 e
4215.08869 19.50393 -0.13989 -0.11423 -0.98356 e
4311.66894 15.79843 0.85412 0.26201 -0.44926 e
4516.12242 17.38626 -0.79439 -0.60725 -0.01406 e
5333.90240 31.26570 -0.43820 0.74724 -0.49960 e
5385.12955 22.79636 -0.33837 0.85694 0.38879 e
5494.57795 27.57861 -0.13813 -0.16553 -0.97648 e
5618.40651 9.41527 -0.14080 0.08687 0.98622 e
6511.52663 20.79200 -0.46732 0.81938 0.33201 e
6662.75049 22.06378 -0.12563 0.58189 -0.80351 e
6690.95857 27.41453 -0.29333 -0.64998 -0.70105 e
6713.72838 17.37297 0.85949 0.27452 0.43117 e
7080.23560 17.08340 -0.13731 -0.86816 -0.47691 e
7328.30973 72.49103 0.32810 -0.34058 -0.88111 e
7356.82118 19.17340 0.89929 0.43578 -0.03721 e
7940.35382 12.74564 -0.82603 -0.33568 -0.45277 e
8152.05982 34.71759 -0.35361 0.32767 -0.87612 e
8431.73287 25.04513 0.08725 0.59279 0.80062 e
8630.15749 27.37125 0.31721 0.84275 -0.43491 e
8882.95469 17.27622 0.69686 -0.00089 -0.71721 e
9249.07117 47.77932 -0.06888 -0.91996 -0.38591 e
10029.71783 5.80107 -0.76001 0.63041 0.15801 e
12640.32493 15.56922 -0.39982 0.52106 -0.75409 e
14311.56870 8.94983 -0.56787 -0.45876 0.68342 e
15141.49011 22.19015 0.93092 -0.34249 0.12681 e
18566.09800 17.95638 -0.75707 -0.65308 0.01835 e
