14.26025 41.69781 0.61761 -0.43576 -0.65473 eb
17.01243 75.14509 0.13702 -0.75485 -0.64142 eb
18.12219 66.30584 0.69090 -0.32680 0.64487 eb
19.08823 68.70989 0.07270 -0.70904 0.70141 eb
19.87341 77.48057 0.53619 0.77449 -0.33564 eb
20.29232 83.63846 0.23954 -0.91903 0.31305 eb
20.68779 37.05719 -0.10433 0.98338 -0.14858 eb
21.88198 67.35772 -0.11638 -0.06181 -0.99128 eb
22.08740 69.56690 -0.02268 0.32537 -0.94531 eb
22.56333 20.15766 0.03443 -0.29089 0.95614 eb
22.77922 56.75655 0.11941 -0.81555 -0.56623 eb
22.91784 77.35958 -0.54815 0.33452 -0.76657 eb
23.53060 20.76430 0.50786 -0.48325 -0.71312 eb
23.93116 46.43494 -0.23797 -0.87758 0.41619 eb
23.94876 34.40091 -0.05771 -0.78927 -0.61133 eb
24.24788 85.21733 -0.05598 -0.58893 -0.80624 eb
24.83313 73.95254 0.32177 -0.62163 -0.71418 eb
24.92598 39.47373 -0.71031 -0.67367 -0.20402 eb
25.07253 42.07427 0.51943 -0.15110 -0.84105 eb
25.53827 61.84645 0.15209 0.22753 -0.96182 eb
25.60411 38.71278 -0.55771 0.82695 -0.07153 eb
26.11554 63.14385 -0.85769 -0.12704 -0.49823 eb
26.13176 76.09232 0.61063 -0.26422 -0.74654 eb
26.46661 16.17608 0.17186 0.74011 -0.65015 eb
26.58527 74.30385 0.77736 -0.49911 0.38289 eb
26.64416 79.20344 0.39524 0.48170 -0.78215 eb
26.66378 51.57795 -0.72384 -0.68371 0.09275 eb
26.76692 85.38189 -0.45030 -0.78452 -0.42633 eb
26.86625 85.34491 -0.88667 -0.00270 0.46240 eb
27.29959 65.04094 0.15093 -0.43250 -0.88891 eb
27.56935 78.13611 -0.03692 0.50256 -0.86375 eb
27.70421 48.08799 -0.30550 -0.63053 -0.71351 eb
27.94627 69.61069 0.07464 -0.20376 -0.97617 eb
28.38161 83.39132 0.69839 0.28990 -0.65438 eb
28.45802 48.14491 -0.26649 0.96370 0.01634 eb
28.68931 44.97681 0.63145 -0.21575 -0.74480 eb
29.53959 56.47804 0.91218 0.40199 -0.07955 eb
29.61991 69.21713 -0.16155 -0.48372 -0.86019 eb
29.87771 37.53319 0.57310 -0.41967 -0.70387 eb
30.11908 48.55190 -0.86134 -0.23469 0.45058 eb
30.18346 28.91606 -0.42050 -0.84409 0.33271 eb
30.25966 61.53190 -0.98863 0.08073 0.12686 eb
30.52527 42.14832 0.62219 0.40023 -0.67283 eb
30.57592 69.22741 -0.11820 -0.58665 -0.80117 eb
30.76917 32.85026 0.36255 0.33611 -0.86924 eb
30.80338 76.99750 0.09829 0.26206 0.96003 eb
30.80509 86.63199 0.15835 0.95313 0.25782 eb
30.83339 85.71799 0.51778 0.82818 -0.21454 eb
30.90727 61.88234 -0.25132 0.94128 0.22547 eb
31.32693 50.93483 -0.23410 -0.86813 -0.43766 eb
31.87603 78.00355 0.42726 0.13266 -0.89434 eb
32.04157 63.72566 0.62734 0.71937 0.29825 eb
32.04313 20.45549 -0.34751 0.92869 0.12951 eb
32.31830 57.57270 0.68326 0.30203 -0.66478 eb
32.38332 30.01384 -0.00453 0.28929 -0.95723 eb
32.42825 70.11758 -0.04439 0.87857 -0.47554 eb
32.43609 25.27167 -0.34811 0.18230 -0.91956 eb
32.49716 44.42981 0.39439 0.75539 0.52331 eb
32.65826 59.47698 -0.57661 -0.60023 0.55430 eb
32.69217 42.09359 0.64178 -0.41195 -0.64685 eb
32.82104 44.66961 -0.79128 0.48260 0.37547 eb
32.90171 15.61006 -0.06278 -0.87495 0.48013 eb
33.35417 45.14014 0.20822 -0.28657 -0.93516 eb
33.37563 56.54257 -0.30617 0.94264 -0.13298 eb
33.61876 58.38381 0.91753 0.27351 -0.28867 eb
33.64887 50.36471 0.32933 0.20478 -0.92174 eb
33.89071 44.07000 -0.99244 0.04351 0.11479 eb
33.99355 47.69622 0.20864 0.28080 -0.93681 eb
34.57679 68.55357 0.53192 0.17927 -0.82760 eb
34.99088 26.51694 -0.03456 0.77883 0.62628 eb
34.99930 65.16648 0.86236 -0.49985 0.08051 eb
35.03120 34.83498 -0.40969 0.85464 -0.31898 eb
35.53846 75.28944 -0.23350 0.93502 0.26688 eb
35.76304 41.07953 0.31194 0.68084 -0.66268 eb
36.16355 38.65106 -0.09114 0.66450 -0.74171 eb
36.28272 55.69205 -0.32859 0.19774 -0.92354 eb
36.39729 79.36493 -0.64380 -0.20899 0.73611 eb
36.48218 68.14523 0.35079 -0.26211 -0.89903 eb
36.68711 47.29087 0.85638 -0.49846 -0.13472 eb
36.89115 50.30043 -0.71727 -0.03224 -0.69605 eb
36.95397 67.00665 0.02080 -0.32419 -0.94576 eb
37.17422 83.36761 0.87813 0.00863 -0.47835 eb
37.17573 53.22700 -0.93189 -0.29384 -0.21268 eb
37.30959 57.91131 0.20757 0.97410 -0.08965 eb
37.42596 30.34505 -0.28475 0.76388 0.57915 eb
37.64745 47.77311 0.51854 0.05412 -0.85334 eb
37.67592 25.68715 0.77425 0.07980 0.62783 eb
38.27225 46.41739 -0.92833 0.28280 -0.24132 eb
38.42622 74.48398 -0.48227 -0.12922 -0.86644 eb
38.61388 39.35912 0.37605 -0.33151 -0.86527 eb
38.71858 62.15993 -0.85301 -0.47558 0.21493 eb
38.90960 59.87281 0.10001 0.66086 -0.74382 eb
39.06275 74.13241 0.03508 -0.13016 -0.99087 eb
39.06990 38.47755 -0.63642 0.00940 -0.77128 eb
39.19297 77.13843 0.01279 0.09506 -0.99539 eb
39.49795 71.05126 0.15681 0.80143 0.57717 eb
40.10325 85.87861 -0.02630 0.99954 0.01506 eb
40.10435 31.52872 -0.34869 0.89838 0.26708 eb
40.20480 41.76661 -0.75075 0.60230 -0.27130 eb
40.64251 48.15847 0.34934 -0.30623 -0.88554 eb
40.82882 83.70383 0.11361 0.45584 -0.88278 eb
40.97804 20.89681 -0.76516 0.63970 -0.07289 eb
41.17174 32.30150 -0.78640 -0.61770 -0.00489 eb
41.66857 18.33000 0.71824 -0.69275 -0.06504 eb
41.89475 46.82005 0.91480 0.40014 -0.05500 eb
42.16185 80.30480 0.91291 -0.11383 -0.39197 eb
42.77968 11.32778 -0.33858 -0.08371 0.93721 eb
42.85226 70.49277 -0.72735 0.20127 0.65609 eb
42.99705 57.89675 -0.74008 -0.52491 -0.42042 eb
43.11912 28.26610 0.20275 -0.81071 -0.54922 eb
43.16671 44.93743 -0.28224 0.73350 -0.61832 eb
43.40653 32.80431 0.40579 -0.58644 -0.70102 eb
43.60804 86.74183 0.17935 0.83342 0.52272 eb
43.63977 88.37265 0.81921 0.57332 -0.01443 eb
44.56208 31.53841 -0.44098 0.30537 -0.84397 eb
44.80474 35.01213 0.27828 -0.78926 -0.54738 eb
44.86466 16.99507 0.45989 -0.15393 -0.87453 eb
45.29122 26.67665 0.10700 -0.57271 -0.81275 eb
45.45881 79.86707 0.46710 0.28391 -0.83738 eb
45.60002 80.81932 0.86170 0.49475 -0.11266 eb
45.79179 85.25709 -0.89192 -0.20861 -0.40121 eb
45.88978 56.86290 0.96049 0.15285 0.23258 eb
46.28192 21.50086 0.81930 -0.26495 0.50848 eb
46.46597 39.00566 -0.17726 0.81485 0.55190 eb
46.63036 24.62722 0.02070 -0.12570 0.99185 eb
46.67082 49.26542 0.60739 -0.48797 -0.62687 eb
47.04529 62.38999 -0.00388 0.95652 -0.29166 eb
47.14623 71.06853 -0.95640 -0.28981 0.03617 eb
47.37883 85.37563 0.93330 0.35273 0.06732 eb
47.70726 41.37017 -0.07466 0.64137 -0.76359 eb
47.77390 53.85717 -0.04176 0.73499 -0.67679 eb
47.87725 66.06461 -0.23864 0.05606 -0.96949 eb
48.01447 84.37243 -0.13863 0.78403 -0.60504 eb
48.15215 76.65665 -0.90903 -0.40113 -0.11296 eb
48.40419 62.97878 0.10176 0.39626 -0.91248 eb
48.61195 72.73348 0.36166 -0.89539 0.25977 eb
48.69347 31.94924 0.23632 0.34376 0.90883 eb
48.84180 31.46546 0.33476 -0.81201 -0.47809 eb
48.98404 82.24084 0.23717 -0.36570 0.90001 eb
49.13262 57.89699 -0.82222 -0.39345 -0.41127 eb
49.14855 43.57639 0.80785 0.24693 -0.53517 eb
49.20467 61.28737 -0.99512 -0.07533 -0.06368 eb
49.27489 38.57833 -0.59838 0.35040 -0.72053 eb
49.32601 61.18372 -0.03683 0.99788 0.05373 eb
49.45902 58.92237 0.63730 0.17931 -0.74947 eb
50.09593 48.35280 0.37874 -0.92080 -0.09318 eb
50.28102 49.25962 0.28282 -0.91437 -0.28972 eb
51.12203 56.52293 -0.50363 -0.37516 0.77821 eb
51.23303 60.95569 -0.80713 0.40552 -0.42907 eb
51.28255 49.78956 -0.33381 -0.78241 0.52574 eb
51.31712 87.16014 -0.16941 -0.77978 -0.60269 eb
51.38931 74.64009 -0.25735 0.55091 -0.79390 eb
51.66965 22.55980 -0.78345 0.45184 0.42667 eb
51.86542 35.54036 -0.64401 0.71343 -0.27615 eb
51.86939 70.83438 0.78634 0.53459 -0.30966 eb
52.05064 34.03293 0.99713 -0.02940 -0.06973 eb
52.95343 69.47158 -0.30752 0.03199 -0.95100 eb
53.16388 78.77938 -0.29379 -0.32484 -0.89898 eb
53.65017 70.12537 -0.90383 0.39178 -0.17202 eb
53.79213 26.75516 0.15545 0.41742 0.89532 eb
53.86476 64.47517 -0.15180 -0.98539 0.07724 eb
53.91945 69.91407 0.39807 0.20807 -0.89345 eb
54.34240 84.11774 0.31186 -0.45425 -0.83451 eb
54.41587 14.11695 0.60591 -0.77313 0.18749 eb
54.41872 63.35405 -0.01082 -0.07605 -0.99705 eb
54.54990 56.18076 -0.77138 -0.38966 -0.50312 eb
54.63820 85.41841 0.92158 0.38297 0.06347 eb
54.84309 27.70983 0.30414 0.47673 -0.82476 eb
54.84635 87.74341 -0.74019 -0.40599 0.53600 eb
54.86526 31.23839 -0.92703 -0.33620 -0.16611 eb
54.92981 74.38575 0.96963 -0.22536 0.09500 eb
55.59905 28.22095 -0.17387 -0.57727 -0.79783 eb
55.63897 34.85668 0.97781 0.07134 -0.19700 eb
55.64430 53.88045 -0.73360 0.25440 -0.63017 eb
56.28788 52.97642 -0.85488 0.21050 -0.47420 eb
56.48724 40.43906 -0.54575 -0.47961 -0.68712 eb
56.90075 55.33609 -0.61494 -0.12305 -0.77891 eb
57.05881 18.30819 0.24360 -0.19197 -0.95069 eb
57.24248 44.80716 0.24478 -0.64242 0.72621 eb
57.41023 50.46882 0.57086 -0.81995 0.04248 eb
57.55807 77.02507 -0.65458 0.22496 -0.72175 eb
57.78685 42.21858 0.86025 0.46863 0.20090 eb
57.85563 49.00993 0.93423 0.31841 -0.16073 eb
57.90797 67.94396 0.76263 0.64525 -0.04536 eb
57.93687 40.37529 -0.91317 0.38528 -0.13295 eb
58.45109 62.54824 -0.63458 -0.31514 -0.70569 eb
58.49134 77.02728 0.53966 -0.51437 -0.66648 eb
58.79535 19.57039 0.57424 -0.38447 -0.72280 eb
59.25556 82.28459 -0.04863 -0.67932 -0.73222 eb
59.44732 43.91057 -0.40051 -0.88110 0.25150 eb
59.59012 74.67424 -0.17996 -0.15616 -0.97120 eb
59.87209 45.98737 0.71757 -0.56151 -0.41208 eb
59.92471 75.38693 0.83216 0.36345 -0.41883 eb
59.99777 21.64884 -0.44451 -0.06431 -0.89346 eb
60.21776 33.87564 -0.88663 -0.43114 -0.16736 eb
60.49159 88.23242 0.19500 -0.79782 0.57049 eb
60.68402 39.18732 0.20808 0.95719 0.20121 eb
60.85388 41.80128 0.03399 0.74417 -0.66713 eb
61.09779 21.23646 -0.21499 -0.76862 -0.60249 eb
61.28939 76.66451 0.12994 -0.18616 -0.97389 eb
61.59742 68.65052 0.38657 0.23941 -0.89064 eb
61.78861 72.30085 0.25657 -0.88174 -0.39587 eb
61.83497 65.75418 -0.37606 0.83305 -0.40571 eb
62.06336 70.85175 -0.61716 0.76190 -0.19653 eb
62.18243 34.84206 0.49980 0.10622 -0.85960 eb
62.28761 40.20846 -0.44062 0.34022 -0.83072 eb
62.29494 71.17769 0.79376 -0.33196 0.50966 eb
62.45993 23.32735 0.45098 -0.83116 -0.32525 eb
62.84540 9.70528 -0.36589 0.82043 -0.43934 eb
62.85052 64.54683 -0.25279 -0.92310 -0.28979 eb
62.85474 53.92213 0.30796 -0.09682 -0.94646 eb
64.93058 70.04300 0.97067 -0.01584 0.23988 eb
65.11508 83.99068 0.92734 0.16901 -0.33387 eb
65.60224 61.69368 0.03925 0.86710 -0.49659 eb
65.68228 52.55126 -0.17461 0.12979 -0.97605 eb
66.25446 45.04931 -0.17427 0.75238 -0.63527 eb
66.44368 41.69928 0.06945 -0.92548 -0.37239 eb
67.17315 50.54363 0.57127 0.68547 0.45142 eb
67.37923 54.22966 -0.41032 0.82102 0.39694 eb
67.40512 58.77682 -0.19830 -0.98012 0.00593 eb
67.66666 18.34014 0.78950 0.52087 -0.32464 eb
67.67677 22.66255 -0.89292 -0.39956 -0.20749 eb
67.86285 49.83168 0.68072 -0.29158 -0.67201 eb
68.45156 8.60944 0.53598 0.37346 -0.75713 eb
68.54823 29.33697 0.14203 0.11335 -0.98335 eb
69.14855 30.63460 0.23333 0.88064 -0.41234 eb
69.18678 24.51200 0.97991 0.05974 -0.19027 eb
69.56549 64.08599 -0.69791 0.67439 -0.24109 eb
69.59208 56.85531 -0.64387 0.37102 -0.66916 eb
69.85639 73.94909 -0.87688 -0.25367 -0.40833 eb
69.90860 37.99566 -0.41314 0.90739 -0.07713 eb
69.91125 33.63320 0.46649 0.76668 -0.44112 eb
70.94160 59.79545 0.60822 0.11273 -0.78572 eb
71.08164 44.88111 -0.87962 -0.13095 -0.45730 eb
71.36566 66.95463 0.53799 -0.77775 0.32508 eb
71.41808 30.15319 0.35194 -0.45977 0.81533 eb
71.54257 19.00984 0.44424 0.28203 -0.85036 eb
71.58976 36.39923 0.35151 0.58758 -0.72883 eb
71.95295 45.96776 0.63939 -0.47285 -0.60630 eb
72.60781 45.15995 -0.80464 -0.54616 0.23294 eb
72.86200 36.49066 -0.04054 -0.02360 -0.99890 eb
72.88355 73.67483 0.23996 -0.94468 -0.22362 eb
72.93588 67.54379 0.99861 0.01290 -0.05114 eb
72.98397 74.26550 -0.64330 0.15280 -0.75021 eb
73.23418 83.63428 0.11561 0.51437 -0.84974 eb
73.99935 22.07262 0.22498 -0.13110 0.96550 eb
74.21357 34.26510 0.41672 0.36582 -0.83218 eb
74.31747 73.88148 0.40894 0.65065 -0.63986 eb
74.64300 31.40112 -0.17238 0.30314 -0.93722 eb
74.84873 72.77362 0.96038 0.13500 0.24382 eb
75.07633 78.63826 -0.01479 -0.01019 -0.99984 eb
75.18137 38.21450 -0.96299 0.26948 0.00589 eb
75.75849 29.95209 -0.92927 -0.32303 0.17919 eb
76.25378 16.48524 -0.02629 -0.87404 -0.48513 eb
76.57411 48.12361 -0.10493 0.12907 -0.98607 eb
76.69655 65.13297 -0.48093 -0.57336 -0.66330 eb
76.82236 42.14944 -0.14833 0.74322 0.65239 eb
77.29604 49.02719 0.83048 -0.53045 -0.17011 eb
77.43448 79.59252 0.27732 -0.17342 -0.94500 eb
77.47525 21.84388 -0.89544 0.42203 0.14169 eb
78.05530 49.04415 -0.66561 -0.37567 -0.64486 eb
78.31694 41.59646 0.46095 -0.88743 -0.00023 eb
78.72518 32.55391 0.32307 0.37687 -0.86810 eb
79.03589 55.00544 0.26668 0.35101 -0.89759 eb
79.18867 26.11438 -0.64919 0.44397 0.61761 eb
79.19716 54.77220 -0.10198 -0.96549 0.23965 eb
79.72114 22.89691 0.55600 0.74553 -0.36749 eb
80.02913 27.86488 0.92690 0.08871 0.36467 eb
80.96312 37.27096 -0.51636 0.81428 -0.26517 eb
81.18916 84.23375 0.49632 0.14418 -0.85608 eb
81.37546 53.73638 -0.02506 0.72635 0.68687 eb
82.62074 38.88306 -0.47970 0.12228 -0.86887 eb
82.78439 73.05111 0.95546 -0.05070 0.29072 eb
82.95201 37.60004 0.03406 -0.67525 -0.73680 eb
83.21489 28.27589 0.89073 0.43901 0.11780 eb
83.36784 33.28713 0.18977 -0.92663 0.32456 eb
83.65462 58.53384 -0.36552 0.64109 -0.67483 eb
83.72596 60.90865 -0.85926 0.39782 -0.32157 eb
84.32325 68.68720 -0.01142 0.19996 -0.97974 eb
84.63709 50.20904 -0.71014 -0.44290 -0.54731 eb
84.72153 38.96027 0.23140 0.04568 -0.97179 eb
84.85865 32.39498 0.28317 0.92731 -0.24477 eb
84.89320 17.91518 -0.65489 0.21589 -0.72423 eb
85.12636 84.46665 0.73259 -0.61893 -0.28325 eb
85.61519 20.69058 -0.85646 -0.15097 0.49364 eb
86.80694 65.31881 0.30007 0.32667 -0.89624 eb
87.37551 19.28594 0.60903 0.70913 0.35527 eb
87.38024 24.98337 0.80249 0.27522 0.52940 eb
87.75569 72.96478 -0.04181 0.97586 0.21436 eb
88.18452 30.53038 -0.84528 -0.19982 -0.49555 eb
88.37154 42.56008 -0.28606 -0.39916 -0.87112 eb
88.75978 47.99014 -0.59149 0.12294 -0.79688 eb
89.15615 13.53884 -0.71541 0.62575 -0.31084 eb
89.94885 45.97043 -0.18498 0.98266 0.01289 eb
90.05403 61.30161 0.26427 -0.90412 0.33576 eb
90.31976 48.19793 0.15944 0.98718 0.00727 eb
90.35044 33.51123 -0.42532 0.22212 -0.87736 eb
91.28094 62.57706 0.54758 0.83577 0.04053 eb
91.33736 44.18129 -0.82981 0.05870 0.55495 eb
92.11134 47.79136 -0.38763 -0.15911 -0.90798 eb
92.58452 76.39619 -0.35010 0.93596 0.03765 eb
92.96363 36.51216 -0.32439 -0.75643 -0.56797 eb
93.27186 27.88215 0.89513 -0.32509 -0.30506 eb
93.48562 55.67580 -0.68866 -0.61157 -0.38952 eb
93.70532 58.59827 0.89067 0.43228 -0.14088 eb
93.77674 71.79311 0.96670 0.24251 0.08175 eb
95.04783 20.87172 -0.77549 -0.62995 -0.04216 eb
96.32103 86.12821 -0.12944 0.25229 -0.95895 eb
96.58120 75.27139 -0.25450 0.96305 -0.08806 eb
96.83982 83.71735 0.50634 0.77759 -0.37279 eb
97.04865 43.93230 0.32845 0.54787 -0.76939 eb
97.31938 21.92897 0.84973 -0.45961 -0.25830 eb
98.41214 60.61558 0.26256 -0.96067 0.09045 eb
98.89023 77.51347 -0.44752 -0.38906 -0.80521 eb
98.98423 36.55826 -0.69488 -0.50910 -0.50789 eb
99.36684 79.93623 -0.16368 0.52386 -0.83593 eb
99.51296 77.01799 -0.01972 -0.99844 0.05220 eb
99.58931 43.61283 0.47911 0.45721 -0.74928 eb
100.26507 17.58078 0.21413 0.40102 -0.89069 eb
100.33663 31.03848 -0.83555 -0.44997 -0.31524 eb
101.83448 70.70600 0.61883 -0.68956 -0.37624 eb
101.99862 39.34842 -0.74432 -0.66701 -0.03300 eb
102.95609 41.99549 0.38559 0.60883 -0.69328 eb
103.26734 32.45168 0.16539 -0.30197 -0.93886 eb
103.76843 45.51295 0.49793 -0.48739 -0.71729 eb
103.94769 27.61742 -0.62031 0.73209 0.28153 eb
104.04087 34.46559 0.98451 -0.14330 0.10100 eb
104.04423 87.19601 -0.14645 -0.65695 -0.73957 eb
104.29266 24.97063 -0.78612 -0.21599 -0.57910 eb
104.49473 34.50185 -0.67937 -0.25117 0.68947 eb
105.84592 28.91884 0.44047 -0.83293 -0.33498 eb
106.07021 72.01204 0.22558 -0.87348 0.43144 eb
106.29033 42.91786 -0.39047 -0.58040 -0.71461 eb
106.38351 46.75350 0.94913 0.31487 0.00319 eb
106.40992 30.11698 -0.48108 0.73183 -0.48269 eb
106.99067 17.11504 -0.18724 0.96693 0.17316 eb
107.42784 74.97804 0.40835 -0.06028 0.91083 eb
107.52297 42.47785 0.11471 -0.00825 -0.99336 eb
108.20339 63.98013 0.18439 -0.85947 -0.47677 eb
109.28451 52.66921 -0.66804 0.68317 0.29496 eb
109.84946 64.69810 0.33086 0.67652 -0.65791 eb
109.96933 29.98783 0.07877 -0.47617 -0.87582 eb
110.15080 46.39641 0.76813 -0.14544 -0.62355 eb
110.18961 5.96114 -0.13021 0.51045 -0.84999 eb
110.46332 58.59183 -0.00892 -0.92866 -0.37081 eb
110.91855 34.67134 -0.18918 0.31799 -0.92903 eb
111.12370 20.32906 -0.40977 -0.75103 -0.51772 eb
111.46532 37.43200 -0.17208 -0.27180 -0.94684 eb
111.82514 20.74724 -0.04141 -0.90032 0.43326 eb
113.40233 44.68067 0.35269 0.90160 0.25046 eb
113.51388 48.01993 -0.07174 0.46171 -0.88413 eb
114.43228 34.43933 -0.69784 -0.65548 -0.28871 eb
114.62686 39.85512 0.47490 -0.85268 -0.21774 eb
114.76274 44.05861 0.47354 -0.47549 -0.74139 eb
115.18660 58.71531 0.32047 0.11103 -0.94073 eb
116.20756 23.50661 0.59292 0.80469 -0.03017 eb
116.65522 57.86134 -0.32876 0.33635 -0.88249 eb
117.48542 62.10033 0.74571 0.20731 -0.63319 eb
117.92826 64.58681 -0.04216 -0.65119 -0.75774 eb
118.00088 33.54577 0.87437 -0.15133 -0.46106 eb
118.18452 85.29583 0.24842 0.94415 -0.21650 eb
118.34124 80.45565 0.60602 -0.52718 -0.59567 eb
118.75992 25.08328 0.21059 -0.83747 -0.50427 eb
119.12751 71.59567 0.05401 0.38359 -0.92192 eb
119.21365 25.52484 0.18467 -0.92829 0.32275 eb
119.47513 38.93384 0.35403 0.87513 -0.32986 eb
120.89634 40.03047 0.97376 0.02952 -0.22566 eb
121.28782 20.68697 0.82997 0.08791 -0.55083 eb
123.03008 69.22567 0.31436 -0.94889 0.02790 eb
123.23443 62.22402 0.65122 -0.24790 -0.71726 eb
123.51972 50.02488 0.04714 -0.85069 0.52355 eb
123.87993 16.52662 -0.87231 -0.11953 -0.47412 eb
123.94932 10.20041 0.39134 -0.72302 -0.56929 eb
124.05045 34.83612 0.01086 0.71366 -0.70040 eb
124.37687 14.85956 -0.17912 -0.65983 0.72976 eb
125.49886 45.79952 -0.16758 0.00849 -0.98582 eb
125.91125 39.74188 -0.86598 -0.17844 -0.46716 eb
126.08642 77.52770 0.11054 0.80756 -0.57934 eb
126.21680 11.43541 -0.65338 0.62688 -0.42441 eb
126.54268 23.85551 0.90534 0.35452 -0.23381 eb
126.79592 24.86337 0.71867 -0.68571 0.11539 eb
127.07598 38.06410 -0.32239 0.50044 -0.80351 eb
127.21275 61.49288 -0.11381 -0.82953 0.54674 eb
127.59225 42.40806 0.40853 -0.14973 -0.90038 eb
127.62074 35.79823 -0.62436 -0.64321 -0.44324 eb
129.78268 52.99061 -0.71642 0.69744 0.01813 eb
130.41879 71.82636 0.07368 -0.58759 0.80580 eb
131.20632 63.60269 -0.32875 0.70469 0.62876 eb
131.47039 26.65727 -0.54563 -0.60410 -0.58082 eb
131.67764 40.54835 -0.54695 0.78406 -0.29341 eb
131.94988 26.36291 -0.23739 -0.01149 -0.97135 eb
131.95048 21.81286 -0.68460 -0.38786 0.61716 eb
132.16752 71.78678 -0.75705 -0.64032 -0.12991 eb
132.54372 55.70722 0.10955 0.97977 -0.16747 eb
132.80510 60.63323 -0.89614 -0.44309 0.02455 eb
134.24970 58.45883 0.73668 0.65995 0.14755 eb
134.37885 87.25396 0.03465 0.81010 -0.58527 eb
134.95256 31.02725 -0.84714 -0.21634 -0.48533 eb
136.58387 29.22769 -0.46792 -0.54291 -0.69735 eb
136.71396 46.72277 -0.60528 0.76200 -0.23021 eb
136.78376 20.95537 -0.57434 0.70387 -0.41797 eb
137.21973 55.54043 0.61653 -0.55883 -0.55461 eb
138.15195 26.47876 0.01160 0.33047 -0.94375 eb
138.98881 60.07869 0.66454 -0.69875 0.26483 eb
139.32766 24.92872 0.48455 0.84102 -0.24060 eb
139.69677 72.49593 -0.74072 0.12105 -0.66082 eb
139.76502 57.61207 0.75106 -0.65973 0.02575 eb
140.56502 24.66020 0.90235 -0.10293 0.41854 eb
140.67021 39.30961 -0.20223 0.92656 -0.31715 eb
140.76911 29.58823 0.57054 0.28624 -0.76977 eb
140.86805 15.54365 0.18331 0.88069 -0.43679 eb
141.41874 35.65884 0.84838 0.51041 0.14046 eb
141.42308 29.74540 0.36794 0.88906 -0.27238 eb
141.81655 49.20200 -0.67460 0.71357 0.18903 eb
141.95967 37.01495 -0.51013 0.57087 -0.64333 eb
142.18329 67.32778 -0.02628 -0.42431 -0.90514 eb
142.28279 37.86532 0.42029 0.90001 0.11547 eb
143.00727 31.89543 -0.13116 -0.27262 -0.95314 eb
143.28878 16.23255 -0.16831 -0.98070 0.09946 eb
143.75764 67.58964 -0.90313 0.37749 -0.20458 eb
143.90763 54.37811 0.77102 0.34948 -0.53234 eb
144.04297 41.73251 0.31555 0.53449 -0.78406 eb
144.41235 31.57897 0.13764 -0.79019 -0.59720 eb
144.61051 73.54088 -0.40118 -0.90347 0.15100 eb
145.11890 44.90883 0.60345 0.79152 -0.09668 eb
146.78701 62.15725 0.87482 0.29253 -0.38617 eb
147.13251 51.94736 -0.44737 -0.07869 -0.89088 eb
147.26780 37.76871 -0.91865 0.04460 0.39254 eb
147.43852 22.32855 -0.60622 -0.76037 -0.23312 eb
147.82569 27.10180 -0.60991 -0.74568 -0.26828 eb
149.14981 28.23344 0.07053 0.85427 0.51502 eb
149.49713 67.81732 0.52682 -0.72907 -0.43694 eb
149.79245 31.82600 -0.99580 0.09121 -0.00789 eb
151.01408 14.59505 0.02919 -0.99724 0.06830 eb
151.04437 28.01114 -0.66864 0.64950 0.36203 eb
151.08902 17.77643 -0.59883 -0.75462 -0.26825 eb
151.41447 25.21630 0.70444 0.59487 -0.38716 eb
151.72826 86.24841 -0.18806 -0.69150 -0.69746 eb
152.07110 30.89323 -0.08067 0.07369 -0.99401 eb
153.36874 54.91269 0.22684 -0.34869 0.90937 eb
153.40009 62.58080 0.56318 0.25376 0.78641 eb
153.88049 29.31015 0.19430 -0.97603 -0.09802 eb
154.08949 85.45082 0.56783 0.71728 -0.40383 eb
155.30711 11.67422 0.21926 -0.64648 0.73074 eb
155.66130 20.28391 0.48742 -0.54707 -0.68055 eb
156.20314 48.53455 0.43904 0.78750 -0.43254 eb
156.26189 74.45456 -0.21915 0.89560 0.38715 eb
157.46187 81.84147 -0.61666 0.11071 -0.77941 eb
157.48318 60.32907 -0.29684 -0.03485 -0.95429 eb
157.80024 87.32578 -0.29523 0.89880 -0.32403 eb
158.51107 44.25549 0.26364 0.88463 0.38461 eb
158.62989 61.74589 0.61949 -0.73668 -0.27118 eb
158.71750 65.79362 0.17270 0.64949 -0.74050 eb
159.36555 41.08896 0.68798 0.34602 -0.63793 eb
159.39949 30.22852 -0.80072 -0.58729 -0.11808 eb
159.67095 21.34383 -0.18006 -0.68143 -0.70939 eb
159.83807 68.29193 -0.57151 -0.26955 -0.77506 eb
160.14285 39.52551 -0.87106 0.47819 0.11217 eb
160.34423 49.10302 0.44815 0.05447 -0.89230 eb
160.48974 76.62955 0.69982 -0.29249 -0.65169 eb
161.20914 23.80115 0.99794 -0.00762 -0.06375 eb
161.28832 58.01708 0.72138 -0.49250 -0.48689 eb
161.32239 26.22809 0.55920 0.63577 -0.53206 eb
161.62121 56.87696 -0.55494 -0.35366 -0.75297 eb
162.27211 69.99746 0.78264 0.37793 -0.49462 eb
163.01215 44.64183 0.52167 0.67963 -0.51571 eb
163.51445 33.30606 0.66897 0.06792 0.74018 eb
164.33931 18.77366 0.08966 0.99593 -0.00920 eb
164.74664 36.02347 0.84170 -0.51993 -0.14563 eb
164.91382 29.78267 -0.23832 0.09928 0.96610 eb
164.92407 74.54593 -0.31062 -0.95052 0.00450 eb
165.10724 84.80251 -0.29916 -0.91173 -0.28152 eb
165.27572 40.75978 0.26046 -0.94700 0.18804 eb
165.35600 45.38398 -0.22716 0.17353 -0.95827 eb
165.58578 20.13601 -0.63480 0.45820 0.62216 eb
165.87881 75.51288 -0.08418 -0.20305 -0.97554 eb
166.59979 29.65242 0.09674 0.24838 -0.96382 eb
166.64394 23.73967 -0.05691 -0.92970 0.36388 eb
166.91586 28.55897 0.46908 0.32110 -0.82271 eb
167.41150 59.94303 -0.38611 0.85893 -0.33640 eb
167.45429 66.93126 -0.52047 -0.18054 -0.83458 eb
168.01481 69.22628 0.51098 0.44504 0.73542 eb
169.17991 46.06345 0.97298 0.19219 0.12795 eb
169.50751 36.03232 -0.37751 0.92483 -0.04657 eb
170.02191 47.37439 0.24260 -0.86117 -0.44669 eb
170.45683 73.59669 0.33915 0.33504 -0.87905 eb
170.76140 77.93403 -0.04918 0.15824 -0.98618 eb
171.16364 45.48731 -0.87066 -0.02844 -0.49107 eb
171.26372 60.64534 0.16820 0.73143 -0.66085 eb
171.59206 50.62426 0.98878 -0.09631 0.11419 eb
172.74665 20.11091 -0.80457 0.58715 0.08901 eb
172.90977 14.17178 0.10797 -0.24069 -0.96458 eb
173.39904 58.55322 0.78942 -0.60966 0.07168 eb
173.83141 56.87083 -0.88422 -0.28009 0.37376 eb
175.81892 28.60930 -0.87974 0.16456 -0.44607 eb
176.47272 27.84357 -0.67142 0.12497 -0.73047 eb
176.92509 35.27913 0.85526 0.49020 -0.16804 eb
177.47731 40.59218 -0.35909 -0.90244 0.23804 eb
177.53229 82.41312 -0.48241 0.07478 -0.87275 eb
177.87543 47.99045 -0.99991 -0.00227 -0.01346 eb
178.01288 39.39542 0.13956 0.81809 -0.55789 eb
178.18293 77.67807 0.66278 0.14772 -0.73409 eb
178.66487 63.18184 0.42117 0.90516 0.05745 eb
179.23004 66.30305 -0.81609 0.06783 0.57393 eb
179.30230 26.82801 -0.00836 0.71919 -0.69476 eb
180.41021 44.20276 0.32150 0.20404 -0.92466 eb
180.50177 59.16684 0.19725 -0.86493 -0.46150 eb
181.62761 34.04481 0.77045 0.60532 0.19999 eb
182.53335 50.35033 -0.57402 0.04863 -0.81740 eb
182.69077 30.24738 -0.76290 -0.62834 0.15222 eb
182.84273 24.86769 -0.19389 0.15452 0.96878 eb
183.19614 35.35205 0.65731 -0.66294 -0.35841 eb
183.61789 22.38899 -0.05868 -0.55379 -0.83058 eb
184.25812 47.52134 -0.62184 0.73711 0.26453 eb
186.04405 42.59590 0.82214 0.54072 0.17804 eb
186.73654 72.56391 -0.48303 0.73320 0.47864 eb
187.28883 53.47627 0.77902 0.61123 -0.13973 eb
187.64467 39.17805 -0.61880 0.30678 -0.72317 eb
187.71087 57.29795 -0.50189 -0.38912 -0.77246 eb
188.34186 27.15144 -0.65656 -0.66929 0.34782 eb
188.83403 26.77347 -0.73795 0.31073 0.59906 eb
190.64863 35.21468 -0.55050 0.78036 0.29664 eb
191.40953 88.55015 -0.66904 -0.58280 0.46122 eb
191.52622 71.58264 -0.05087 -0.77691 -0.62755 eb
191.73540 18.15274 -0.14836 -0.63761 -0.75593 eb
193.95370 46.95950 -0.87187 0.48830 0.03739 eb
194.24081 77.77521 -0.57498 0.01483 -0.81803 eb
195.53621 78.10417 0.22943 0.94016 0.25191 eb
196.40117 52.05239 -0.01662 -0.79133 -0.61116 eb
197.43804 13.14076 0.98384 0.16296 -0.07419 eb
197.63068 27.13313 -0.80133 -0.59782 -0.02174 eb
198.75941 14.08399 0.57327 0.59785 0.56031 eb
199.75160 36.68516 -0.37044 0.81947 -0.43731 eb
199.95075 30.10495 0.88308 -0.02150 0.46873 eb
200.17411 38.15261 0.33522 0.69329 -0.63794 eb
200.46333 34.83400 0.80895 -0.55007 -0.20742 eb
201.37894 28.70267 -0.43202 0.20198 0.87895 eb
202.61920 23.98774 0.93345 0.35300 0.06379 eb
204.12766 40.50335 0.45085 -0.57397 -0.68359 eb
204.21625 60.22714 0.62589 0.70057 -0.34272 eb
205.22645 77.53239 0.47358 0.62772 -0.61781 eb
206.49264 21.56698 0.48563 -0.54943 0.67992 eb
207.55843 14.58713 -0.51485 0.43017 -0.74154 eb
208.85717 16.09880 0.54528 0.69905 -0.46260 eb
208.88940 73.48457 -0.06492 0.98371 -0.16762 eb
210.16880 39.55550 0.13797 -0.87650 0.46121 eb
211.36450 35.05367 -0.09941 0.98469 0.14320 eb
211.59249 9.73175 -0.00989 0.70015 0.71393 eb
213.93306 43.86363 -0.37562 -0.59971 -0.70658 eb
214.02873 26.43369 0.92922 0.26435 0.25821 eb
214.25908 36.36822 0.01275 0.94773 -0.31882 eb
214.38449 47.77086 -0.97994 0.08398 -0.18071 eb
214.69679 69.55721 0.21407 -0.97555 -0.04983 eb
215.00146 67.35603 -0.90809 0.39832 -0.12927 eb
215.56397 35.44185 -0.61211 -0.68771 -0.39036 eb
215.62877 25.79577 -0.94835 0.03281 -0.31552 eb
215.64549 37.69028 0.16400 -0.42119 0.89202 eb
216.87713 29.26391 0.15335 0.78524 0.59990 eb
217.57365 40.71011 0.82203 0.30362 -0.48175 eb
218.03342 30.15315 0.42346 0.13107 -0.89638 eb
218.38878 50.02597 0.63351 0.55452 0.53960 eb
218.91992 40.53742 -0.89348 -0.43901 0.09469 eb
219.03134 43.61489 0.52127 0.55620 0.64724 eb
219.12022 26.17633 0.03268 0.66619 0.74507 eb
219.16872 35.17854 0.94692 -0.26728 -0.17860 eb
219.50982 43.78949 0.39401 -0.58437 -0.70941 eb
219.65569 47.80509 -0.61246 0.76934 0.18169 eb
220.43962 42.69588 -0.64810 0.27043 -0.71192 eb
221.82306 62.74684 -0.78675 -0.58189 -0.20599 eb
222.01228 46.32968 -0.07208 -0.98429 0.16115 eb
222.26686 37.84106 0.83453 -0.49647 -0.23890 eb
222.54070 42.63906 0.36819 -0.92849 -0.04847 eb
223.46544 38.81307 0.19721 -0.18998 -0.96178 eb
223.49714 65.20538 0.74675 -0.58365 -0.31892 eb
223.71695 38.20851 0.99223 -0.02774 0.12129 eb
224.61422 49.43385 -0.52033 0.63157 -0.57479 eb
225.31679 42.57285 -0.21878 -0.95645 -0.19325 eb
226.13918 86.81284 -0.71404 0.60039 0.36011 eb
226.64424 24.58979 0.47185 0.26669 -0.84037 eb
228.72857 76.24624 -0.72683 -0.34453 -0.59416 eb
230.03840 81.10234 0.86955 -0.31170 -0.38304 eb
231.09685 22.39269 -0.94571 0.19747 0.25813 eb
232.17872 32.02413 0.87081 -0.34264 -0.35255 eb
234.26552 72.32395 -0.94897 -0.00844 0.31525 eb
235.57204 36.18110 -0.00799 -0.67598 -0.73688 eb
237.14560 9.31921 0.20394 0.46098 0.86366 eb
237.58769 21.18477 0.24731 -0.09642 -0.96413 eb
238.86744 31.18232 -0.27144 -0.75559 -0.59616 eb
239.25766 17.61097 0.45936 0.73002 -0.50603 eb
239.53542 27.89876 0.95351 0.28091 -0.10913 eb
240.48443 26.37171 0.94867 0.28480 0.13755 eb
242.45719 55.38494 -0.12623 -0.51540 -0.84760 eb
243.47607 86.61254 -0.03978 0.98367 -0.17555 eb
244.22900 63.47881 0.38663 -0.57665 -0.71972 eb
244.33648 31.98540 0.67185 0.03589 -0.73982 eb
244.54311 83.63220 0.25765 -0.24253 -0.93530 eb
245.08520 71.90361 -0.06065 -0.21049 -0.97571 eb
245.32957 63.03082 0.04968 -0.04076 -0.99793 eb
245.55255 20.17950 -0.84213 0.36480 -0.39717 eb
245.86821 31.39512 0.79344 0.16862 0.58482 eb
246.70041 36.96022 -0.41366 0.74482 -0.52357 eb
248.90572 81.48713 0.46773 0.86133 0.19835 eb
249.16924 49.05802 0.11696 0.91002 -0.39772 eb
249.79815 66.89982 -0.99930 0.02027 0.03140 eb
250.14463 50.17176 -0.20527 0.25193 -0.94573 eb
250.36978 42.51732 -0.93759 0.30966 -0.15823 eb
250.71252 33.56754 0.03120 0.44044 0.89724 eb
250.80930 15.60595 0.77726 0.59548 0.20315 eb
253.42572 78.92834 -0.42030 -0.49989 -0.75727 eb
253.68829 44.42064 0.80449 -0.54241 -0.24204 eb
253.69093 80.12952 0.75578 0.50969 0.41112 eb
254.07674 47.05891 -0.95683 -0.29003 -0.01889 eb
254.30420 29.32845 0.75700 -0.09129 -0.64700 eb
255.87630 62.09379 0.85389 -0.29573 -0.42826 eb
256.22280 19.74635 -0.99775 0.04869 0.04610 eb
257.21604 78.74087 -0.46414 0.87954 -0.10480 eb
258.08510 79.52200 -0.69752 -0.26633 -0.66523 eb
258.37353 29.34317 0.63138 0.76991 0.09272 eb
259.22119 22.80987 0.39039 -0.65084 -0.65115 eb
259.71223 69.11451 -0.79250 0.31383 -0.52293 eb
259.87507 22.05208 -0.05921 -0.28834 -0.95570 eb
260.35547 29.60311 -0.89920 -0.31967 -0.29874 eb
261.64529 14.81934 -0.10744 -0.99271 0.05454 eb
262.15539 58.33672 -0.29923 -0.40581 -0.86358 eb
262.57859 18.37134 0.82767 -0.25872 -0.49802 eb
264.19007 43.82269 -0.44596 0.82581 -0.34520 eb
264.76229 55.79469 -0.18990 -0.08302 -0.97829 eb
265.26652 63.11174 0.34623 0.93812 -0.00749 eb
267.17682 34.77242 -0.14697 0.80556 0.57399 eb
267.92365 27.28186 0.88421 -0.35262 0.30633 eb
269.09940 28.98775 0.47428 0.72380 0.50117 eb
269.22405 46.33381 -0.78285 0.37065 -0.49976 eb
269.50945 43.64177 -0.37433 -0.91861 -0.12661 eb
269.62330 38.44036 -0.68272 0.72820 0.06021 eb
269.87414 44.72380 -0.90497 0.40556 -0.12863 eb
270.75880 35.72685 -0.72469 0.52085 0.45116 eb
273.83410 78.64601 0.57416 -0.41523 -0.70564 eb
274.68359 21.99180 -0.36608 0.03957 0.92974 eb
275.65344 46.53784 0.11372 0.42368 -0.89864 eb
277.58001 37.78821 -0.81179 0.51802 -0.26955 eb
279.58577 24.73561 -0.97798 0.09776 -0.18438 eb
281.16674 27.96134 0.61732 -0.14528 -0.77318 eb
282.00535 52.87374 -0.75160 0.60975 -0.25159 eb
282.27128 13.79709 -0.02998 -0.37880 -0.92499 eb
282.60853 29.02026 0.39169 -0.87109 -0.29627 eb
283.18302 47.85734 0.12871 0.66489 -0.73577 eb
283.52005 46.74725 -0.86260 -0.04306 -0.50405 eb
284.41765 46.05355 0.94580 -0.14987 -0.28808 eb
284.86038 25.44188 0.38863 -0.76386 0.51525 eb
285.24907 45.15819 -0.59086 -0.47295 -0.65361 eb
285.75723 45.64934 -0.74451 -0.09805 0.66037 eb
286.09354 61.12312 -0.46886 -0.58100 -0.66529 eb
286.16645 88.18755 -0.34700 -0.23590 -0.90771 eb
286.78280 56.39603 0.11360 0.99188 0.05716 eb
288.68682 55.62831 -0.13137 -0.80468 -0.57899 eb
288.78477 16.10370 -0.06848 0.93494 0.34814 eb
288.84835 23.15132 0.07083 -0.98568 -0.15304 eb
289.07406 74.80437 -0.05344 0.77038 -0.63534 eb
289.47647 51.07693 0.74755 0.10824 -0.65533 eb
289.74342 30.76892 -0.44581 0.74411 0.49755 eb
289.94902 33.40128 0.47421 -0.77253 0.42228 eb
291.76218 41.25681 0.85466 0.25316 0.45329 eb
292.92642 20.90204 -0.69940 -0.24863 -0.67010 eb
294.64914 26.26141 -0.44607 0.88731 -0.11707 eb
295.50124 29.05248 -0.75504 -0.64767 -0.10216 eb
295.78780 54.49875 0.73794 0.24649 0.62824 eb
296.36080 72.01334 0.52394 0.70903 0.47199 eb
296.93503 38.46100 0.84469 -0.41825 0.33401 eb
297.44411 18.95506 0.04838 -0.22751 -0.97257 eb
298.10122 29.73011 0.84448 -0.12620 -0.52051 eb
298.16759 14.88363 -0.24204 0.96079 -0.13526 eb
299.08070 38.00267 -0.96883 0.22034 -0.11324 eb
299.87534 40.88260 0.09169 0.32687 -0.94061 eb
300.17163 66.11602 0.68601 -0.54148 -0.48600 eb
300.21536 35.51525 0.16395 -0.98528 -0.04849 eb
300.27449 44.56057 0.31702 -0.41344 -0.85356 eb
302.43662 30.79098 -0.21520 0.17539 -0.96069 eb
302.51450 34.90277 0.17177 -0.72702 -0.66478 eb
303.16656 49.51061 0.39560 0.86913 -0.29683 eb
303.38424 42.04084 -0.64025 0.61691 -0.45772 eb
304.23722 67.78387 0.05604 -0.29278 -0.95454 eb
304.30044 40.71584 -0.18565 -0.95300 0.23941 eb
306.15450 71.18572 -0.36181 -0.17131 -0.91638 eb
306.24149 26.48159 -0.70849 0.62337 0.33084 eb
306.30953 38.23667 -0.89177 0.35420 -0.28157 eb
307.48277 35.62830 0.59000 -0.49359 0.63897 eb
307.98777 39.80197 -0.50403 -0.46746 0.72625 eb
308.18964 61.77610 -0.79859 -0.03006 -0.60112 eb
309.19303 50.16603 -0.20504 -0.66347 0.71956 eb
309.44709 23.27566 0.73138 -0.51667 -0.44512 eb
310.28791 55.29443 0.97781 0.10573 -0.18088 eb
310.80839 54.48970 0.33566 -0.73117 -0.59390 eb
311.41809 85.14551 -0.23961 0.87696 -0.41656 eb
312.34641 36.53220 0.64310 0.75202 0.14450 eb
312.41014 80.10777 -0.72810 0.53984 -0.42242 eb
312.89726 41.31404 -0.62997 0.14969 -0.76205 eb
314.62027 52.24966 -0.72375 0.30646 -0.61828 eb
318.00713 67.07998 -0.39331 -0.90129 -0.18163 eb
320.25975 76.71326 0.21163 -0.82782 -0.51955 eb
320.51697 33.99108 -0.83713 0.40982 -0.36230 eb
320.93863 59.89547 -0.20015 -0.97307 -0.11430 eb
321.04330 18.46696 0.01783 -0.94697 -0.32082 eb
321.78001 55.81366 0.20782 -0.97366 0.09375 eb
321.95433 54.10546 -0.05385 0.48915 -0.87053 eb
321.98434 67.04916 -0.76914 0.01019 -0.63900 eb
322.88476 43.19187 0.53922 -0.83991 -0.06155 eb
323.24416 83.77561 -0.60016 -0.40196 -0.69155 eb
324.53634 61.85675 0.58542 -0.71550 -0.38123 eb
325.07157 75.48491 -0.27001 0.59101 -0.76013 eb
326.54360 23.47539 0.43644 -0.31010 -0.84461 eb
326.99271 88.54424 -0.40330 -0.20149 -0.89261 eb
327.50191 59.86564 0.21788 -0.78941 -0.57390 eb
327.89667 38.99198 -0.04377 -0.52997 -0.84688 eb
328.06318 55.65320 -0.44213 0.83191 -0.33532 eb
329.62168 37.14069 -0.69959 0.17853 0.69188 eb
330.64303 59.72861 0.54557 0.44487 -0.71024 eb
330.93063 13.11331 0.27295 0.95752 -0.09300 eb
331.04016 62.32874 -0.38176 0.46600 -0.79818 eb
331.56563 29.67870 -0.79292 0.19330 -0.57785 eb
331.64918 55.09100 -0.58419 -0.28178 -0.76113 eb
332.04573 60.54701 0.83754 0.12046 -0.53293 eb
332.53405 12.03182 0.72137 -0.54306 -0.42977 eb
334.46796 56.20781 -0.88687 -0.30894 -0.34353 eb
334.58065 35.78623 0.78734 -0.25046 -0.56336 eb
335.92240 45.71693 -0.57945 -0.81085 0.08228 eb
338.90625 27.21792 0.91783 -0.22978 -0.32371 eb
339.83060 62.09310 -0.30642 -0.72959 0.61140 eb
340.94745 30.09805 0.54496 -0.82862 -0.12810 eb
340.95638 36.62080 0.69860 0.68774 -0.19741 eb
341.68980 73.71713 -0.37923 -0.05670 -0.92356 eb
341.94993 43.70079 0.05730 -0.96982 0.23700 eb
342.27240 37.76584 -0.99895 -0.04557 -0.00376 eb
343.00657 12.79172 -0.34688 0.08685 -0.93388 eb
343.91195 62.10479 0.46355 0.58699 -0.66375 eb
344.07429 62.57626 -0.81755 -0.50985 0.26771 eb
344.10792 86.94323 -0.78366 -0.27033 -0.55928 eb
344.26893 20.23430 -0.76625 -0.21997 -0.60371 eb
345.48513 34.02689 0.58647 -0.74176 -0.32533 eb
345.73518 25.48407 0.57395 -0.40232 0.71325 eb
346.08124 41.86383 0.15356 0.07541 0.98526 eb
347.35411 45.50780 -0.56094 -0.33627 0.75648 eb
348.15872 27.55295 -0.71056 0.51973 -0.47432 eb
348.74153 56.80727 0.87527 0.44995 0.17735 eb
348.97518 39.31828 0.21571 -0.97618 -0.02343 eb
349.37775 83.42429 -0.81441 0.18088 0.55137 eb
351.30788 48.50143 -0.93695 -0.02647 -0.34846 eb
354.41933 72.19786 0.26593 -0.06684 -0.96167 eb
355.23686 61.28275 -0.68119 -0.10054 -0.72517 eb
356.02689 45.08390 -0.35521 0.93007 -0.09378 eb
357.29025 38.96438 -0.69309 -0.71877 0.05473 eb
358.00115 27.05116 -0.47605 -0.13002 -0.86975 eb
358.89906 86.51278 -0.87711 -0.31732 -0.36053 eb
359.63813 47.95632 -0.69346 0.65791 -0.29372 eb
360.28675 48.79404 0.32064 0.67960 -0.65980 eb
360.89207 52.70038 -0.83605 0.49495 0.23673 eb
361.55206 30.65602 0.47650 0.69689 -0.53599 eb
364.49467 56.88688 -0.92537 0.37386 0.06261 eb
366.04575 18.75002 -0.19401 -0.89939 -0.39173 eb
368.15475 21.63867 0.28999 0.87876 -0.37907 eb
370.25869 55.97185 -0.39842 0.79599 -0.45571 eb
370.64436 15.07742 -0.62866 0.25086 -0.73611 eb
371.53260 57.80864 0.67665 0.69440 0.24485 eb
374.10440 18.29946 -0.30468 0.72404 -0.61882 eb
374.56107 52.88356 0.50511 -0.86018 -0.07039 eb
380.03320 42.65609 -0.93704 -0.06875 -0.34239 eb
380.76516 48.42120 -0.49196 -0.79345 0.35835 eb
381.64382 50.30684 0.39667 -0.82810 -0.39611 eb
385.16091 38.74893 -0.05863 0.75559 -0.65242 eb
386.62798 57.89068 0.06728 -0.53266 -0.84365 eb
388.25203 31.57488 -0.45859 0.83190 -0.31247 eb
389.77948 69.63184 0.09273 0.65113 -0.75328 eb
390.02274 26.42663 -0.84839 0.17679 0.49898 eb
392.51343 63.43246 0.27769 0.68098 -0.67761 eb
410.80360 10.42050 -0.70451 0.70286 -0.09828 eb
415.13727 19.33063 -0.07228 0.77100 -0.63272 eb
415.51274 25.86785 -0.71531 0.67398 -0.18460 eb
416.74077 10.12795 0.12108 -0.19779 0.97274 eb
431.73215 33.67565 -0.90223 0.12221 0.41359 eb
440.32422 15.43771 -0.04334 0.90112 0.43140 eb
451.16010 45.18099 0.92041 -0.39093 0.00523 eb
452.73225 40.82851 -0.96359 -0.26488 -0.03649 eb
459.10769 25.89767 0.00507 0.88923 0.45743 eb
461.22197 11.37254 0.19376 -0.48348 0.85364 eb
463.72172 26.23783 -0.59231 0.80172 -0.08007 eb
465.93928 23.27495 0.08007 0.91648 0.39198 eb
482.15280 32.15809 0.13651 -0.77227 -0.62046 eb
486.48669 47.96685 -0.42201 -0.89898 0.11721 eb
495.75612 20.98638 0.84480 0.39406 -0.36198 eb
507.47573 20.52057 -0.99916 -0.04042 0.00672 eb
508.10591 17.48147 0.53789 -0.83507 -0.11543 eb
523.35987 22.87795 -0.80908 -0.00552 -0.58767 eb
528.12825 38.48489 0.11404 -0.18115 -0.97682 eb
547.63042 29.39598 0.43011 0.59568 -0.67836 eb
551.69055 15.45792 -0.91731 -0.24128 0.31673 eb
553.45400 20.93102 0.44110 -0.86292 -0.24658 eb
555.11963 16.98161 0.36714 0.79330 0.48568 eb
564.45432 51.61563 -0.54671 -0.30229 -0.78085 eb
571.90701 42.66984 -0.47634 -0.65701 0.58432 eb
591.38623 22.01076 0.55737 0.79990 -0.22248 eb
594.70559 22.25154 -0.35636 0.87298 -0.33304 eb
603.24742 32.27071 0.95882 -0.27908 -0.05267 eb
626.20038 27.77946 -0.20229 0.00877 -0.97929 eb
628.63322 43.02970 0.51935 -0.60179 -0.60673 eb
663.63051 23.55470 -0.68730 -0.15574 -0.70948 eb
688.45633 21.14561 0.22804 -0.17970 -0.95692 eb
697.71627 17.84918 0.24078 0.87433 -0.42138 eb
698.71821 25.28102 -0.41824 0.87155 0.25589 eb
708.66807 30.64543 0.76018 0.64838 -0.04164 eb
719.85219 26.56059 0.86355 0.16493 0.47652 eb
736.87340 25.25899 -0.88243 -0.29378 0.36743 eb
741.20459 33.10395 -0.68621 0.48561 -0.54157 eb
744.20708 15.97092 -0.76268 0.62805 -0.15449 eb
745.14836 22.59568 0.20671 -0.17642 -0.96236 eb
750.13914 15.21301 0.95533 -0.25678 -0.14635 eb
782.31188 29.39027 0.21174 -0.92008 0.32958 eb
799.58662 22.43521 -0.65612 -0.50967 0.55654 eb
817.15720 18.02582 -0.35413 -0.81581 -0.45721 eb
835.07850 20.23744 -0.79722 0.33280 0.50367 eb
840.62432 21.53697 -0.95847 0.23874 0.15601 eb
842.70765 34.04630 0.32105 -0.89906 0.29770 eb
871.59001 20.41039 0.96381 0.26654 -0.00488 eb
883.79302 27.25583 0.48626 0.48646 -0.72588 eb
887.63199 34.36165 0.45551 -0.30264 -0.83721 eb
912.74319 19.44697 0.36632 0.93047 -0.00493 eb
947.38059 35.57533 0.46199 -0.68956 0.55773 eb
965.85303 10.00358 -0.34082 -0.66639 -0.66315 eb
967.16161 11.68601 0.70769 0.43026 -0.56041 eb
972.16746 28.54042 0.98423 -0.10297 -0.14385 eb
974.11160 57.04084 -0.97163 0.23204 0.04577 eb
987.59656 14.64719 -0.16778 0.37647 -0.91111 eb
992.12924 30.38189 -0.63573 0.27354 -0.72182 eb
1002.15292 14.22337 -0.31512 -0.14380 -0.93809 eb
1016.06363 11.49893 0.87954 0.13732 0.45557 eb
1017.07936 22.75473 0.76179 -0.62261 0.17898 eb
1043.41091 16.18936 -0.13628 0.53873 0.83138 eb
1116.76555 40.54264 -0.49527 -0.42313 0.75873 eb
1174.70698 22.72815 0.22571 0.93619 -0.26944 eb
1203.21399 38.59476 -0.26384 -0.94677 0.18443 eb
1235.63318 17.56501 -0.43937 -0.79952 -0.40953 eb
1253.03946 23.41518 0.78986 0.32376 -0.52086 eb
1254.14341 24.60207 -0.96728 -0.18038 -0.17839 eb
1258.67817 11.53797 0.65849 0.74382 -0.11452 eb
1275.61656 9.76026 -0.72082 0.63455 0.27885 eb
1300.55547 22.01708 0.00430 -0.95980 0.28064 eb
1311.73687 25.10850 0.96485 0.25764 -0.05183 eb
1318.98637 28.64280 -0.38834 -0.41739 -0.82157 eb
1320.19171 22.12721 0.33051 -0.38745 -0.86061 eb
1339.77489 20.98936 -0.65090 -0.69181 -0.31260 eb
1400.78852 33.86733 -0.50975 -0.16458 0.84443 eb
1405.46373 24.85136 -0.01517 -0.61863 -0.78554 eb
1431.89405 20.57299 -0.76147 0.51784 -0.38988 eb
1447.75625 19.77260 -0.18324 -0.98083 0.06634 eb
1490.16719 20.84797 0.20513 0.79812 -0.56650 eb
1493.41306 26.55352 -0.74883 0.60453 0.27165 eb
1567.44386 20.45870 0.15004 -0.90347 -0.40155 eb
1568.98708 34.16905 0.45332 -0.79428 0.40450 eb
1582.18865 28.00885 0.36089 -0.36207 -0.85946 eb
1719.87474 23.03727 -0.96321 -0.23209 -0.13552 eb
1758.50850 29.92563 -0.45268 -0.85529 -0.25211 eb
1842.48794 18.05743 -0.31192 -0.25986 -0.91388 eb
1986.39318 40.85208 0.36478 -0.25371 -0.89586 eb
1997.22134 27.21501 -0.03029 -0.41597 -0.90887 eb
2000.77854 15.90383 -0.33231 0.65187 0.68164 eb
2074.67448 18.79003 -0.85930 0.46425 -0.21465 eb
2107.88244 26.26024 0.63733 0.06558 -0.76780 eb
2156.81906 27.67429 -0.71908 0.38353 -0.57950 eb
2269.91673 18.42656 0.55624 0.25133 -0.79211 eb
2348.45903 22.75888 -0.55546 0.76980 -0.31443 eb
2371.34434 19.76295 0.05453 -0.76691 -0.63944 eb
2491.30377 18.77592 0.32702 -0.90138 -0.28385 eb
2550.94837 16.56590 -0.27185 -0.79044 -0.54891 eb
2640.47480 22.35919 -0.47648 0.86485 0.15814 eb
2645.06048 40.67079 -0.11250 0.97933 -0.16808 eb
2900.41391 24.01865 -0.41753 -0.90119 -0.11631 eb
3006.11081 39.70837 -0.62767 0.06083 0.77610 eb
3098.09437 31.51050 0.87041 -0.35756 0.33845 eb
3137.44425 79.48743 -0.77029 0.56187 -0.30158 eb
3157.82430 24.17839 -0.87113 -0.30127 0.38779 eb
3164.83341 37.64377 -0.15725 0.76751 0.62145 eb
3200.04622 13.92919 0.08643 -0.75585 -0.64902 eb
3211.39265 16.12650 0.57516 0.49682 -0.64989 eb
3260.53884 38.07433 -0.31075 0.40093 -0.86179 eb
3474.74621 25.01069 -0.46942 0.52888 0.70706 eb
3546.84363 12.99047 -0.18180 0.57834 0.79528 eb
3620.24753 9.76621 -0.25044 -0.73703 -0.62775 eb
3757.25750 16.88671 -0.26265 -0.84465 -0.46645 eb
3762.87079 28.23612 -0.20848 -0.66099 -0.72085 eb
3880.28037 11.02999 -0.07434 0.34355 -0.93619 eb
3975.77373 34.40759 -0.90536 0.15389 -0.39579 eb
4032.45964 21.51775 0.14587 0.82882 0.54017 eb
4065.51271 75.33206 -0.84971 0.51070 0.13105 eb
4179.07534 30.13411 -0.23809 -0.26675 -0.93389 eb
4240.46090 34.03585 0.53290 -0.39375 -0.74899 eb
4265.84739 9.39861 0.98331 0.15537 -0.09470 eb
4270.51641 15.70843 -0.73261 0.45562 0.50566 eb
4338.21544 15.18260 -0.07388 -0.99467 -0.07189 eb
4444.21905 12.22622 0.86289 0.46002 0.20927 eb
4486.12979 27.13195 -0.19418 0.08117 -0.97760 eb
4634.80310 29.86690 0.40975 -0.20418 -0.88905 eb
4866.90256 27.99255 0.29053 0.34239 -0.89351 eb
5112.29896 29.02033 -0.07831 0.78172 -0.61869 eb
5286.68592 23.80469 0.20952 0.67107 -0.71118 eb
5836.04913 20.22194 -0.96000 0.25194 0.12213 eb
5859.59493 12.55447 0.01122 -0.77082 -0.63696 eb
5861.61789 25.59526 -0.30523 -0.26163 -0.91563 eb
5941.00062 15.71194 0.90424 -0.12695 -0.40773 eb
5986.51100 8.07823 -0.04541 -0.28658 -0.95698 eb
6098.71393 12.81259 -0.57464 0.45387 -0.68103 eb
6336.35538 15.31769 0.99283 0.11798 0.01931 eb
6445.37098 24.19820 -0.12751 0.67956 -0.72246 eb
6627.96925 6.91585 0.78311 0.58851 0.20098 eb
6716.63792 15.62154 -0.14921 0.98433 0.09400 eb
7416.94456 13.95757 -0.33492 -0.09784 -0.93715 eb
7459.41208 11.85992 0.68290 0.33866 0.64727 eb
7631.20755 11.27751 0.24763 -0.75510 -0.60705 eb
8164.22576 9.53514 -0.67273 -0.10097 -0.73297 eb
8256.25279 47.25832 0.54985 -0.80146 0.23522 eb
8725.81008 15.88155 0.01391 0.99976 -0.01718 eb
8814.12660 15.47078 0.33988 -0.88215 0.32603 eb
8883.84318 27.50053 -0.40056 -0.35875 -0.84312 eb
9433.69129 13.63736 -0.73897 -0.31790 -0.59402 eb
9793.50877 6.57539 -0.27828 -0.20537 -0.93829 eb
9837.24001 12.08262 -0.10099 -0.28275 -0.95386 eb
10845.25532 13.93307 -0.42243 0.87498 0.23657 eb
11082.45995 17.81845 -0.48011 -0.71712 0.50520 eb
12445.68696 24.45532 0.47371 -0.63688 0.60826 eb
13039.07529 15.84870 0.85793 -0.47132 -0.20450 eb
13789.64332 13.96791 -0.11445 -0.36271 -0.92485 eb
14720.59684 9.54748 0.02836 0.87564 -0.48214 eb
15808.30691 10.62322 -0.31277 0.22047 -0.92389 eb
17326.15177 13.55011 -0.88337 -0.01863 -0.46831 eb
18058.89453 21.02468 0.82309 0.08288 -0.56184 eb
18104.61261 24.44276 -0.02578 0.48143 -0.87611 eb
