13.23585 24.72529 0.02002 0.87741 0.47933 e
14.11119 38.81772 -0.27489 0.50026 -0.82108 e
16.61470 82.90628 -0.82115 -0.06656 0.56682 e
16.71252 29.80986 0.00149 0.97453 -0.22423 e
18.08991 64.38722 -0.00016 -0.85441 0.51959 e
18.34532 44.89512 0.28984 0.22228 -0.93091 e
18.56987 73.89630 0.02957 0.53740 -0.84281 e
19.21385 42.68483 -0.00726 -0.00819 -0.99994 e
19.70912 32.35799 -0.09183 0.71930 -0.68860 e
19.78357 31.69262 0.82154 0.26104 -0.50689 e
19.83843 62.62209 -0.40779 -0.24860 -0.87858 e
20.11416 48.22606 0.81035 0.55610 -0.18461 e
20.19025 65.31508 -0.69715 0.66114 0.27726 e
20.26504 30.74207 -0.00721 0.52119 0.85341 e
20.40938 63.77719 -0.55767 0.82903 -0.04143 e
20.67951 84.45399 -0.53744 0.39813 -0.74340 e
20.69486 81.07948 0.82377 -0.30690 -0.47667 e
20.71255 57.05666 0.46391 -0.88337 -0.06664 e
20.90946 63.68587 -0.51562 -0.76118 0.39338 e
21.03350 66.37924 0.40328 0.90997 -0.09655 e
21.41403 55.31338 -0.29864 0.49568 -0.81554 e
21.98377 75.97339 -0.01831 0.08244 -0.99643 e
22.12112 75.24959 -0.68052 0.52345 -0.51273 e
22.94653 79.95778 -0.99144 0.11368 -0.06414 e
23.00753 81.37908 0.03437 0.90945 -0.41438 e
23.05850 47.18106 -0.48042 -0.71793 0.50375 e
23.26119 46.08248 0.68896 0.42459 -0.58742 e
23.29854 76.58457 0.60159 -0.18110 -0.77801 e
23.30553 80.96029 0.20471 0.16757 -0.96437 e
23.78199 78.57472 -0.61693 -0.47021 -0.63112 e
23.86351 76.89037 -0.06104 0.11301 -0.99172 e
24.05584 78.30305 -0.60381 0.61055 0.51250 e
24.09948 37.42476 -0.18203 -0.76129 -0.62234 e
24.17223 65.92351 -0.22430 -0.72467 -0.65157 e
24.31812 72.45485 -0.35759 0.91091 -0.20584 e
24.86770 60.22323 0.51238 0.63577 -0.57729 e
25.13600 79.92537 -0.02386 -0.43814 -0.89859 e
25.75583 39.81968 0.11125 -0.86241 0.49383 e
26.23046 81.00543 -0.08927 0.83550 -0.54218 e
26.31809 84.00900 0.17016 0.96386 -0.20497 e
26.40804 77.70060 0.21513 -0.50497 -0.83590 e
26.85558 25.48888 0.37960 -0.48782 -0.78609 e
26.88899 70.08601 -0.75256 0.52536 0.39704 e
27.23407 80.93410 -0.60603 0.71915 0.33992 e
27.23959 55.94351 0.42196 -0.73288 -0.53370 e
27.28769 72.75989 0.24655 -0.95791 0.14705 e
27.36553 54.95423 -0.60440 -0.75642 -0.25006 e
27.41349 43.10774 0.16776 -0.74244 0.64857 e
27.55237 75.53884 -0.80679 0.40411 -0.43104 e
27.73986 40.72040 -0.68662 0.69825 -0.20245 e
27.82513 80.64941 0.26364 -0.92792 -0.26354 e
28.04255 62.03292 -0.99506 -0.09032 0.04113 e
28.35761 31.83704 0.10176 0.97324 -0.20603 e
28.46355 63.39126 -0.33366 -0.77111 0.54228 e
28.75887 84.38955 -0.95447 0.29383 -0.05139 e
28.80567 82.40052 0.74553 0.65049 0.14509 e
28.99087 40.47132 -0.37270 0.35665 0.85668 e
29.06322 46.02384 -0.93545 0.13629 0.32614 e
29.27226 76.51077 -0.06001 0.19439 -0.97909 e
29.36296 84.00313 -0.06158 0.68563 -0.72534 e
29.47325 49.67311 -0.77967 0.62473 -0.04267 e
29.58599 54.44086 0.54981 0.77579 0.30960 e
29.60464 66.47138 0.30993 0.58924 -0.74615 e
29.62513 56.91082 0.22693 -0.23352 0.94550 e
29.69046 78.81556 -0.67978 -0.50693 -0.53003 e
29.91272 26.59846 -0.60429 0.48569 -0.63162 e
29.91276 61.63784 -0.98678 0.02136 0.16064 e
30.07728 72.95637 -0.35848 -0.76459 -0.53562 e
30.17190 49.74644 -0.31080 0.86120 0.40216 e
30.22062 70.51242 0.56614 0.22145 -0.79401 e
31.21857 69.09300 0.17877 -0.67504 -0.71579 e
31.61205 43.53250 -0.67547 0.73720 0.01661 e
31.93411 77.71124 0.74261 -0.04467 -0.66823 e
32.45796 73.24053 -0.52591 0.77188 0.35723 e
32.64628 77.22500 -0.37322 0.26682 -0.88855 e
32.69293 71.46343 0.50551 0.55783 -0.65824 e
32.79680 80.61417 0.05511 0.85350 0.51818 e
32.91528 30.20276 -0.18603 0.64551 -0.74075 e
33.38783 55.95541 0.22954 0.83416 -0.50149 e
33.41321 42.06341 -0.13453 -0.03583 -0.99026 e
33.62143 53.95004 0.26910 -0.64233 -0.71764 e
33.65124 63.79341 -0.07698 0.06166 -0.99512 e
33.68727 60.67048 0.77069 -0.57935 -0.26531 e
33.77255 46.32222 0.70471 -0.51554 -0.48745 e
33.78212 82.51612 -0.16006 -0.68177 -0.71385 e
33.90882 10.09984 0.36785 0.92422 0.10244 e
34.07181 30.57473 -0.85600 -0.20008 -0.47668 e
34.30492 81.49265 0.66965 0.62575 0.40001 e
34.35476 50.41534 -0.30320 -0.63674 -0.70896 e
34.62330 53.09721 -0.94253 -0.18521 -0.27808 e
34.73952 61.70769 -0.70583 0.37665 -0.59995 e
34.79329 81.16706 -0.83542 -0.22058 -0.50341 e
34.79409 76.94011 -0.28357 -0.93633 0.20706 e
34.83080 45.76772 -0.40271 -0.36940 -0.83748 e
34.89686 79.25263 -0.16247 -0.12457 -0.97882 e
35.04861 36.19617 0.20309 -0.39924 -0.89407 e
35.09579 39.88454 -0.95591 0.27508 -0.10281 e
35.22916 20.98699 0.01465 -0.23700 -0.97140 e
35.29910 51.38605 0.03364 -0.88987 -0.45496 e
35.38217 76.06281 -0.88900 0.03302 -0.45672 e
35.46558 72.44316 0.23814 0.61971 -0.74783 e
35.76966 71.52843 -0.51130 -0.39891 -0.76121 e
35.96694 26.36763 0.33057 -0.53222 -0.77940 e
36.96126 80.12655 0.89759 0.40613 0.17146 e
36.98040 38.37510 -0.17185 0.35291 -0.91974 e
37.07454 27.07078 0.54242 -0.42961 -0.72195 e
37.12209 79.34800 0.50601 0.60134 -0.61834 e
37.23247 68.29857 -0.41057 -0.06995 -0.90914 e
37.58598 33.73185 -0.11915 0.97019 0.21102 e
37.69768 79.03612 0.89276 0.26594 0.36367 e
37.85981 82.13393 0.32939 -0.83630 -0.43829 e
37.99501 46.28717 -0.50923 0.58982 -0.62674 e
38.41278 57.25717 -0.84675 -0.46234 0.26316 e
38.46211 38.05322 -0.35943 -0.84620 0.39339 e
38.65561 73.14495 -0.06390 -0.75947 -0.64739 e
38.74603 77.35567 0.18955 -0.79417 -0.57738 e
38.87773 26.37327 -0.09586 -0.60667 -0.78915 e
38.90436 71.44059 0.02738 0.06611 -0.99744 e
38.90649 84.99398 0.05702 -0.23241 -0.97095 e
38.98797 68.07537 -0.34214 0.31388 -0.88568 e
39.05959 47.47299 -0.01883 -0.96705 -0.25390 e
39.17309 78.67279 -0.46359 0.05624 -0.88426 e
39.17707 72.20796 -0.12876 0.35540 0.92580 e
39.33025 52.46375 0.88685 -0.38141 -0.26083 e
39.36818 36.68940 -0.12068 0.30745 -0.94388 e
39.45476 34.85447 -0.89812 0.43731 0.04632 e
39.61699 84.55336 -0.07891 0.68450 -0.72473 e
39.67057 70.27678 0.26519 0.53849 -0.79982 e
39.69878 71.48352 -0.13451 -0.83694 -0.53052 e
39.71477 76.37330 -0.24625 -0.96393 -0.10094 e
39.78808 31.62988 -0.96634 0.24875 -0.06563 e
39.85507 72.13589 0.81905 -0.35480 -0.45087 e
39.96786 68.95753 -0.70139 -0.03962 -0.71168 e
40.34654 66.15262 -0.82450 -0.47360 -0.30970 e
40.43834 44.94496 -0.72088 -0.60957 -0.32979 e
40.57777 73.60602 0.27327 -0.96174 -0.01964 e
40.70800 68.77280 0.76141 -0.63876 0.11064 e
40.79877 14.32891 0.72512 -0.17535 -0.66593 e
40.84609 61.54500 0.13113 -0.19901 0.97119 e
40.96088 72.63986 -0.24612 -0.95783 0.14829 e
41.21049 84.20455 -0.97572 -0.02664 -0.21738 e
41.36362 73.34496 0.51819 -0.02570 -0.85488 e
41.44876 82.70800 -0.38263 0.41169 -0.82710 e
42.11743 63.85189 -0.58072 -0.04641 -0.81278 e
42.23671 75.77494 -0.76987 0.11313 -0.62810 e
42.29764 68.99529 -0.75065 0.66048 0.01716 e
42.47131 36.11985 0.50994 -0.85359 -0.10657 e
42.49469 65.17948 0.00507 0.41826 0.90831 e
42.64370 69.28737 -0.30607 0.76881 -0.56148 e
42.74801 52.04881 0.56657 -0.35771 -0.74233 e
42.77782 65.06471 -0.19898 -0.32486 -0.92459 e
43.06485 73.67192 -0.06155 0.68411 -0.72678 e
43.07839 75.15128 -0.48340 -0.46697 -0.74045 e
43.29753 44.82258 0.23866 0.02806 -0.97070 e
43.48141 29.55315 -0.22777 0.31364 -0.92182 e
43.65045 37.58130 0.74939 0.47216 0.46420 e
43.78302 53.87414 -0.41787 -0.03509 -0.90783 e
43.84818 70.51475 0.45264 0.49872 -0.73918 e
43.89043 19.50734 -0.54368 0.81367 -0.20578 e
44.01164 23.28776 -0.00546 -0.13724 0.99052 e
44.06439 83.98616 -0.53823 -0.07885 -0.83910 e
44.07441 57.90547 0.03486 -0.11945 -0.99223 e
44.32489 69.61612 0.08077 -0.30332 -0.94946 e
44.45341 33.85796 0.41645 0.03960 0.90830 e
44.74232 81.12601 0.63519 -0.70549 -0.31436 e
45.01836 68.84798 -0.01170 -0.15003 -0.98861 e
45.18989 71.93020 -0.49309 -0.32681 0.80626 e
45.57611 61.08513 0.93818 0.24898 -0.24048 e
45.93953 34.35250 0.61226 0.26972 -0.74323 e
46.03395 30.70243 -0.98793 0.01787 -0.15388 e
46.31081 40.09145 0.60426 0.20672 -0.76951 e
46.47591 67.51333 0.17093 -0.47268 -0.86450 e
46.48875 53.96833 0.67087 0.44364 -0.59424 e
46.85849 73.82175 -0.96056 -0.26633 -0.07993 e
46.99626 42.38059 -0.11915 0.98202 0.14645 e
47.06976 63.93488 -0.78731 -0.60892 0.09676 e
47.11893 80.67121 -0.13554 -0.00471 -0.99076 e
47.16308 41.99329 0.80875 -0.57891 -0.10391 e
47.30560 49.51066 0.36231 -0.57543 -0.73322 e
47.31746 77.69678 -0.69920 -0.48993 -0.52065 e
47.34786 42.68312 0.68465 0.72696 0.05275 e
47.41312 61.53747 -0.99747 -0.00614 -0.07086 e
47.49583 80.72114 0.95742 0.08444 -0.27608 e
47.54855 17.33255 -0.24551 0.88535 0.39483 e
48.01851 48.59534 0.23490 -0.95143 0.19900 e
48.17476 43.57174 -0.13158 -0.88827 0.44007 e
48.77847 55.42551 -0.04638 0.93634 -0.34803 e
48.90070 73.39368 -0.10451 0.53167 0.84048 e
48.90137 26.99019 0.49316 0.49905 -0.71256 e
49.06800 80.77231 -0.07616 -0.97786 0.19491 e
49.34101 52.50122 0.92152 0.31151 -0.23185 e
49.68404 43.56080 0.77766 -0.53303 -0.33333 e
49.95605 78.50027 -0.55637 0.66682 -0.49579 e
49.99703 61.79118 -0.79216 -0.21631 -0.57069 e
50.12348 63.82571 0.86708 0.17520 0.46635 e
50.34205 53.93189 0.34579 0.53738 0.76919 e
50.83945 62.77462 0.86309 0.21717 -0.45598 e
50.95498 50.29556 0.28493 -0.17674 -0.94211 e
50.98316 22.00746 -0.83173 -0.47271 -0.29117 e
51.20067 59.48581 0.44115 -0.67404 -0.59250 e
51.35642 22.56487 0.08270 -0.87517 -0.47669 e
51.44257 69.97485 -0.77263 0.28792 0.56582 e
51.59172 22.10010 -0.15620 -0.33503 0.92917 e
51.64287 75.50075 -0.74935 -0.02357 -0.66175 e
51.95600 50.65004 0.50183 -0.54167 -0.67436 e
52.22735 42.82921 0.84098 0.32501 -0.43258 e
52.34828 80.49049 0.94741 0.12047 0.29649 e
52.67020 38.22947 -0.00871 -0.18008 -0.98361 e
52.91111 44.19045 -0.62785 0.72750 -0.27667 e
53.01689 69.67071 0.22985 0.13200 -0.96423 e
53.02350 47.07002 -0.12911 -0.10230 -0.98634 e
53.09140 80.66772 -0.47106 0.86136 -0.19017 e
53.48432 67.85476 -0.46356 0.49645 -0.73393 e
53.57836 49.85947 -0.70485 -0.17735 -0.68683 e
53.66157 59.00276 -0.19170 0.28902 -0.93793 e
53.73336 45.05117 -0.24319 0.26617 -0.93274 e
54.13712 51.77783 -0.40714 -0.91102 0.06545 e
54.21286 60.19646 -0.27118 -0.51638 -0.81229 e
54.28052 55.02294 -0.19709 0.89859 -0.39203 e
54.37640 33.14316 -0.46733 -0.17416 -0.86676 e
54.45154 68.45528 -0.94785 0.03380 -0.31692 e
54.46977 42.91029 -0.26764 -0.82029 0.50547 e
54.80702 60.20141 -0.34881 0.83342 -0.42865 e
54.83552 58.19108 0.75905 0.49411 -0.42391 e
54.84673 32.43556 -0.80780 -0.38973 -0.44224 e
54.95411 42.59707 0.25928 -0.71982 -0.64392 e
54.95946 68.75270 -0.27074 -0.95753 -0.09916 e
55.02574 39.81338 -0.16314 -0.69063 -0.70457 e
55.02905 52.28317 0.04303 0.99438 0.09670 e
55.13661 50.76298 -0.26781 0.96299 0.03045 e
55.75964 66.64612 -0.56358 -0.82097 -0.09155 e
55.84235 51.09201 -0.14556 -0.88618 0.43988 e
55.92397 28.38837 0.09515 0.92252 -0.37404 e
56.02582 46.34348 0.75841 0.17886 -0.62675 e
56.18185 71.31277 -0.57484 -0.51705 -0.63421 e
56.39889 66.46558 -0.34289 -0.84049 0.41954 e
56.40461 28.83155 -0.50221 -0.35038 -0.79058 e
56.88962 53.40230 -0.82967 -0.50778 0.23197 e
57.17102 71.10532 -0.07448 -0.86964 -0.48804 e
57.47784 66.69043 -0.84357 0.46309 -0.27190 e
58.78520 31.66599 -0.59430 -0.80421 -0.00750 e
58.82817 57.93124 0.78177 -0.49944 -0.37336 e
58.85096 28.58535 -0.07870 0.90752 0.41257 e
58.97583 81.20873 -0.73376 -0.29010 -0.61436 e
58.98535 19.29714 -0.89498 -0.42280 0.14232 e
59.30683 80.04591 0.75006 0.49826 -0.43491 e
59.30997 19.80942 -0.01024 -0.17676 -0.98420 e
59.63333 61.88969 -0.72223 -0.63127 -0.28262 e
59.96713 47.72999 0.66292 0.73628 0.13576 e
60.02751 46.51036 -0.86969 0.30180 -0.39059 e
60.11512 38.71702 -0.59244 -0.10119 -0.79923 e
60.12289 79.37739 0.18928 -0.11585 -0.97506 e
60.17362 64.87047 -0.92073 0.36598 -0.13535 e
60.27896 60.16002 0.96749 0.18962 0.16734 e
61.14403 68.50592 0.61120 -0.04670 -0.79010 e
61.35766 41.19683 -0.85163 0.52006 0.06529 e
61.87165 51.25296 -0.38582 -0.34048 0.85745 e
62.38354 42.67622 0.49261 -0.86834 -0.05762 e
62.44842 79.18642 -0.88593 -0.45675 0.08071 e
62.64272 48.47651 0.78988 0.54453 -0.28207 e
63.20796 80.39330 -0.26808 -0.79814 0.53954 e
63.42974 30.68852 -0.48419 -0.39646 -0.77999 e
63.49366 72.36272 0.62033 0.35503 0.69939 e
63.92301 51.50405 -0.37964 0.19017 -0.90538 e
64.26149 66.74450 -0.89454 0.31704 0.31509 e
64.41522 67.27992 -0.47785 -0.12426 -0.86961 e
64.60811 45.48258 0.58147 -0.65550 -0.48188 e
64.80446 43.98307 0.66217 0.26219 -0.70198 e
64.84590 49.83296 -0.84386 0.49887 -0.19756 e
65.32930 54.66363 0.52654 -0.82920 -0.18757 e
65.35020 73.05046 0.07632 -0.95212 -0.29603 e
65.95377 46.74735 0.28357 -0.29358 -0.91291 e
66.05104 36.40678 0.33300 0.57327 -0.74865 e
66.06492 66.16473 0.51352 0.50706 -0.69224 e
66.21197 60.71158 0.75210 0.52694 -0.39582 e
66.62829 47.28719 0.36805 -0.83366 -0.41177 e
66.68962 61.73476 0.70918 -0.28186 -0.64623 e
66.90033 54.24888 -0.34139 0.93517 -0.09438 e
66.96862 16.05491 0.61580 0.70387 -0.35406 e
67.23543 66.53863 0.39948 0.60040 -0.69277 e
67.43134 78.28036 0.52070 0.85371 0.00671 e
67.61114 68.13716 0.08525 0.99364 -0.07362 e
67.95368 57.87687 0.22796 0.94844 -0.22022 e
68.18414 55.54109 -0.63584 0.70707 0.30944 e
68.39847 73.96417 0.52846 -0.43649 -0.72815 e
68.57333 47.69682 -0.78179 0.52203 -0.34101 e
68.58926 24.40034 -0.21910 0.35440 -0.90906 e
68.64236 67.71505 -0.66765 0.45560 0.58878 e
68.97570 70.53945 0.82605 -0.28032 0.48894 e
69.04601 80.18201 0.43866 -0.04572 -0.89749 e
69.24060 53.49320 -0.32544 -0.93521 0.13956 e
69.31804 55.02377 0.16152 0.46504 -0.87043 e
69.45760 43.01369 -0.96395 -0.25922 -0.06009 e
69.80606 76.27896 -0.09710 0.34616 0.93314 e
70.14036 75.07327 0.12458 0.69935 -0.70384 e
70.27513 83.98950 -0.78104 -0.49870 -0.37586 e
70.37881 17.50430 0.91206 -0.40644 0.05430 e
70.40775 55.77484 0.11681 -0.73638 -0.66640 e
71.16429 34.64827 0.05651 0.96739 0.24692 e
71.37664 66.01891 -0.08460 0.39862 -0.91321 e
71.51065 77.81391 0.43776 0.54492 0.71514 e
72.16363 50.83689 0.42814 0.59486 -0.68033 e
72.78820 34.26694 -0.69644 0.07434 -0.71376 e
72.97580 22.33866 -0.48568 -0.84319 -0.23053 e
73.59006 66.64627 -0.30979 0.24914 -0.91758 e
74.23072 77.96822 0.27538 0.83078 -0.48371 e
74.47124 62.84974 0.29414 0.95496 -0.03909 e
74.50512 81.46419 0.48262 -0.39555 -0.78142 e
74.52302 46.25572 -0.04209 -0.97861 0.20139 e
74.56101 36.33487 0.57048 0.25167 0.78180 e
74.63534 60.56243 0.80033 0.50090 -0.32950 e
74.72285 38.08188 -0.40535 -0.45101 -0.79516 e
74.96524 39.42592 -0.02587 0.72006 -0.69343 e
75.02452 65.75699 -0.47333 -0.88077 -0.01410 e
75.54346 42.37519 0.05707 -0.99618 0.06605 e
75.99955 63.62456 0.97120 0.07943 0.22463 e
76.43279 55.02881 0.00199 0.24155 -0.97039 e
76.48752 65.44805 0.47801 0.86093 -0.17405 e
76.62315 45.29801 0.70162 0.28997 0.65088 e
76.85144 46.42815 -0.02442 -0.84383 -0.53606 e
76.91114 39.29100 0.69434 -0.20265 0.69053 e
77.00176 72.60024 0.52944 -0.14915 -0.83513 e
77.27078 42.59975 -0.47528 0.74237 -0.47222 e
77.81465 78.78475 0.98366 0.00987 -0.17976 e
77.87492 33.94631 0.41911 0.64672 -0.63726 e
78.16069 44.41907 -0.94390 0.22869 -0.23824 e
78.36142 66.44754 -0.06749 0.28028 -0.95754 e
78.63217 52.74765 -0.98755 0.15133 0.04292 e
78.77258 56.10496 0.41300 0.85882 -0.30309 e
78.84389 68.76153 0.12786 -0.66074 -0.73965 e
79.18684 51.71228 -0.88665 0.38585 -0.25490 e
79.31022 65.07465 0.54077 -0.31060 -0.78173 e
79.38660 38.93833 -0.34613 -0.44060 -0.82829 e
80.46502 80.86317 -0.35548 -0.28778 -0.88928 e
80.74368 51.81592 0.61849 0.50495 -0.60208 e
81.22315 37.83502 0.30958 -0.81526 -0.48939 e
81.59079 41.93062 -0.06176 0.99809 -0.00115 e
81.81218 61.79210 0.37635 0.90385 0.20352 e
82.26311 34.05193 0.78577 0.19234 -0.58785 e
82.48092 75.65201 0.58043 0.05232 -0.81262 e
82.60482 84.41513 -0.53546 0.67610 -0.50613 e
82.76218 40.78194 0.37366 -0.29249 -0.88024 e
83.05814 79.54980 0.21486 0.05861 -0.97488 e
83.14377 41.13328 -0.41188 -0.79870 -0.43867 e
83.28670 31.54063 0.55522 -0.10640 0.82487 e
83.31714 57.35406 -0.56436 -0.62393 -0.54056 e
83.45767 55.45648 0.93430 -0.02739 0.35542 e
83.57182 55.64626 0.49334 -0.79783 -0.34653 e
83.88295 38.02788 -0.74220 0.34224 -0.57620 e
84.01751 41.38223 -0.25848 0.93625 0.23797 e
84.66544 44.44523 0.27474 0.05307 -0.96005 e
84.68373 75.58719 0.84734 -0.47452 -0.23841 e
85.46051 56.48801 -0.61369 -0.51169 -0.60130 e
86.36753 43.94536 -0.78069 0.62478 -0.01355 e
86.57057 36.28272 -0.14684 0.90501 -0.39923 e
87.04739 50.63556 -0.43612 0.89737 0.06726 e
87.76470 69.02607 0.37506 -0.88581 0.27325 e
88.15443 76.84290 -0.91106 -0.40064 0.09720 e
88.47345 52.41359 0.59051 -0.77561 -0.22298 e
88.55225 30.25266 -0.01025 0.22524 -0.97425 e
88.78332 38.08413 0.25015 -0.85825 0.44814 e
88.88229 38.20922 -0.15767 -0.71268 -0.68354 e
89.68527 60.96483 -0.51094 -0.44080 -0.73799 e
90.43456 40.48163 -0.41203 -0.00439 0.91116 e
90.43987 40.20353 -0.04094 0.87594 -0.48068 e
90.49188 60.95527 -0.07076 -0.12355 -0.98981 e
91.09141 51.54401 0.78629 -0.38315 -0.48471 e
91.33718 71.12360 -0.85364 -0.42336 -0.30342 e
91.56915 53.57868 0.54852 -0.65062 -0.52519 e
91.69897 64.19705 0.32180 -0.79844 -0.50886 e
91.84285 57.70131 -0.46548 0.42759 -0.77492 e
92.29589 65.67423 -0.14470 -0.51512 -0.84482 e
92.46569 49.41065 -0.56401 0.59222 -0.57547 e
93.31892 67.40438 -0.76446 0.42938 0.48086 e
93.96557 83.92531 -0.14195 0.42863 -0.89226 e
93.98409 55.79933 -0.47114 0.64106 -0.60586 e
94.05277 83.15063 0.24378 -0.81448 -0.52650 e
94.09027 76.99281 -0.69491 -0.06778 -0.71589 e
94.33327 43.22379 -0.82205 -0.35085 -0.44848 e
94.39435 28.44648 0.15858 -0.13120 -0.97859 e
94.62038 15.29203 0.20946 -0.52347 0.82590 e
95.55679 52.71302 0.97204 0.22353 0.07187 e
95.57803 56.71073 -0.94555 -0.26917 0.18297 e
95.73939 32.47809 -0.50057 -0.54664 -0.67127 e
95.91409 32.81601 0.75203 -0.23938 -0.61412 e
96.52604 33.36085 -0.16018 -0.62392 -0.76490 e
96.74384 61.18800 -0.61064 -0.67762 -0.40982 e
97.09025 71.10888 -0.34387 0.15723 -0.92576 e
97.52950 84.50307 0.97747 -0.06480 -0.20087 e
98.06332 59.71510 0.63448 -0.31498 -0.70585 e
98.12789 74.10323 0.87860 0.35894 -0.31501 e
99.42246 77.93876 -0.00751 -0.31752 -0.94822 e
99.74747 29.64534 0.85069 0.48620 -0.19983 e
99.81463 62.10807 0.40373 -0.85329 -0.32999 e
100.13052 39.07466 0.12831 0.07283 -0.98906 e
100.53578 65.32015 0.55686 0.82258 -0.11522 e
100.54621 17.32334 0.65114 -0.05891 0.75667 e
100.66329 49.83131 -0.67611 0.05318 -0.73488 e
101.18864 13.65336 0.56185 -0.44139 0.69964 e
101.80539 54.73559 -0.72314 -0.40260 -0.56123 e
102.17003 36.06557 0.30646 -0.37478 -0.87500 e
102.42261 77.75761 0.38965 0.22479 -0.89311 e
102.86020 45.98894 -0.34386 0.65557 0.67230 e
103.87210 37.38741 -0.22664 0.34129 -0.91223 e
104.03112 74.13158 0.41415 -0.88364 -0.21831 e
104.41726 11.94931 0.83773 -0.06957 -0.54163 e
105.12523 54.10754 0.92217 -0.33917 -0.18591 e
105.65944 22.16002 0.79679 -0.59519 -0.10428 e
105.86979 62.24672 -0.52204 -0.60667 -0.59952 e
106.06151 57.22310 0.28527 -0.86546 -0.41184 e
106.21141 61.84129 0.26884 0.31766 -0.90929 e
106.61359 38.04023 0.04870 -0.81237 -0.58110 e
107.71833 20.67460 0.69093 0.60630 0.39373 e
108.61153 60.46343 -0.09586 -0.99521 -0.01923 e
108.93471 18.68508 -0.09372 0.96382 0.24953 e
109.12081 29.36017 0.83781 0.53387 -0.11426 e
109.42028 29.46597 0.16965 -0.35508 0.91932 e
109.58293 65.15556 0.05024 0.19361 -0.97979 e
109.65537 77.55417 0.92534 -0.33394 0.17951 e
109.95334 50.79541 0.50047 0.77834 -0.37909 e
110.23678 27.57454 0.02824 -0.43871 -0.89818 e
111.09733 39.29779 0.36102 0.10792 0.92629 e
111.78800 41.14756 0.93539 0.21871 -0.27786 e
111.80886 28.85117 0.42820 -0.02666 -0.90329 e
111.94024 38.82238 -0.67858 0.43337 -0.59306 e
112.08250 9.72376 -0.79816 -0.60229 -0.01404 e
112.16201 60.50591 0.70611 -0.20892 -0.67658 e
112.44187 69.12374 0.14211 -0.49980 -0.85441 e
113.74355 67.12622 -0.13276 0.21528 -0.96749 e
115.77801 44.55202 -0.64419 -0.71449 0.27299 e
115.99444 45.20076 -0.64554 -0.19625 -0.73808 e
116.60851 39.13491 0.83786 0.40863 -0.36195 e
116.81051 55.77409 -0.48445 -0.61990 -0.61728 e
117.24904 43.56397 0.04724 0.81057 0.58373 e
118.26836 77.88849 0.46675 0.66943 -0.57793 e
118.56247 58.04936 -0.03783 0.10242 -0.99402 e
118.92674 24.78077 -0.28666 -0.79543 -0.53397 e
119.05236 33.97355 0.10428 0.45410 -0.88483 e
119.45013 64.05822 0.93925 0.30227 -0.16261 e
119.54043 71.81801 0.77934 0.57145 -0.25705 e
119.87040 34.84566 0.42348 0.86708 -0.26236 e
120.32692 32.12573 -0.34667 0.93796 -0.00717 e
121.22669 43.90147 0.16951 0.97218 0.16165 e
121.62020 39.19429 -0.93361 0.20667 0.29268 e
121.62728 54.60415 0.16948 -0.45836 0.87246 e
121.80236 65.61181 0.79434 0.57155 -0.20581 e
121.84028 27.95409 0.04068 0.89202 0.45016 e
122.54204 57.96994 -0.86867 -0.05226 -0.49263 e
122.83211 58.69700 -0.05931 -0.93818 -0.34102 e
122.85873 50.75391 0.39282 -0.33332 -0.85708 e
123.42586 40.50251 0.05243 -0.96530 0.25581 e
125.03440 82.14435 0.12324 -0.98603 -0.11203 e
125.68595 56.51423 -0.05103 -0.67261 -0.73824 e
126.88566 78.20958 -0.41894 -0.14533 -0.89631 e
126.93661 75.05665 0.05106 -0.98985 -0.13264 e
127.69753 42.97749 -0.39111 0.90981 -0.13883 e
128.20582 59.44970 -0.15668 0.42092 -0.89346 e
128.37479 19.72531 0.77665 0.59403 0.20963 e
129.42287 16.32878 0.20505 -0.66190 0.72100 e
130.23351 24.66618 0.13921 0.97849 -0.15222 e
130.39555 34.67509 -0.70406 -0.10060 0.70298 e
130.44761 60.41938 0.73023 -0.68247 -0.03175 e
131.88737 80.08973 -0.38539 -0.34474 -0.85594 e
132.54758 46.57127 0.45368 0.34564 -0.82141 e
132.64089 48.25360 -0.76561 -0.14901 -0.62581 e
132.69010 53.55349 0.71465 -0.42149 -0.55823 e
132.94599 53.41632 -0.56908 -0.54667 -0.61425 e
133.38042 31.19298 -0.02899 0.66734 -0.74419 e
134.01588 45.81022 0.75884 0.33710 -0.55725 e
134.68675 84.89936 0.96220 -0.23399 0.13937 e
136.35479 23.79733 -0.28834 -0.25733 -0.92230 e
136.62595 67.91128 -0.58067 -0.72715 -0.36615 e
137.29604 54.01501 0.34031 -0.29896 -0.89152 e
138.47807 66.72812 -0.69688 -0.31710 -0.64328 e
139.52275 75.60637 0.99831 -0.01605 0.05580 e
139.80487 32.88394 0.28660 0.28834 -0.91363 e
140.81554 52.94286 0.40450 0.53918 -0.73869 e
141.02721 29.18460 -0.50642 0.28124 0.81513 e
141.29180 68.67280 -0.15640 -0.25386 -0.95451 e
141.40345 38.32489 0.12682 0.97290 -0.19333 e
141.79963 57.70027 -0.26620 -0.69294 -0.67005 e
143.33549 79.20462 0.68722 0.33550 -0.64433 e
144.45166 59.24161 -0.18724 -0.96682 0.17380 e
144.68528 39.55153 -0.48808 -0.54516 -0.68160 e
144.69355 39.92028 -0.21279 0.87326 0.43834 e
145.66253 23.72092 -0.12438 -0.87978 -0.45883 e
146.12178 47.48739 -0.16040 -0.35629 -0.92051 e
146.73230 65.80027 -0.58130 -0.54724 -0.60217 e
147.29440 48.84964 0.50971 -0.44628 -0.73555 e
147.35786 22.88310 0.21671 0.43411 -0.87441 e
147.38753 26.84956 -0.61041 -0.48503 0.62622 e
147.68701 43.89030 -0.66240 0.71331 0.22895 e
148.22809 61.53778 -0.62379 0.22202 -0.74940 e
148.67084 54.86733 0.51589 -0.58989 -0.62119 e
148.76496 69.62434 0.57206 -0.07957 -0.81635 e
149.08913 51.60136 -0.89201 -0.41143 0.18719 e
149.80192 74.88391 -0.14471 0.11322 -0.98298 e
149.90105 50.76338 -0.20110 0.40318 -0.89275 e
150.15064 72.26532 -0.14463 -0.08381 -0.98593 e
150.80518 71.46173 -0.61951 0.19369 -0.76072 e
150.95877 50.68457 -0.10829 -0.14391 -0.98365 e
151.06042 79.11410 -0.93506 0.22950 -0.27018 e
151.44075 43.76512 -0.34988 -0.93354 -0.07807 e
151.55368 57.60030 0.96889 -0.01145 -0.24723 e
151.69620 59.48826 -0.34277 0.88434 0.31695 e
151.78035 81.17577 -0.65273 -0.41962 0.63076 e
152.98013 52.53719 -0.78298 0.53409 -0.31888 e
153.09823 34.06016 0.44646 0.71129 -0.54290 e
153.27389 44.36601 0.90018 0.25758 -0.35117 e
153.80202 29.61612 -0.00410 0.39150 -0.92017 e
154.11304 62.10818 -0.14435 0.50599 -0.85037 e
154.58783 45.34735 -0.64721 0.65501 0.38997 e
154.89595 37.56670 -0.33102 -0.94309 0.03182 e
155.33103 71.82218 -0.84615 -0.50291 -0.17639 e
155.40705 77.33343 0.80765 -0.18783 -0.55895 e
156.13158 75.14567 -0.77732 -0.62911 -0.00202 e
156.15323 32.91903 -0.25240 0.96541 -0.06538 e
156.53961 18.17734 -0.45923 -0.50101 -0.73355 e
157.11035 27.55801 0.47036 0.20137 -0.85919 e
157.21077 52.98221 -0.63683 -0.23706 -0.73365 e
157.32327 44.33008 0.22371 -0.97399 -0.03612 e
157.90739 68.60350 -0.03390 0.96467 0.26126 e
158.75536 31.30044 0.51751 0.48895 -0.70222 e
158.99315 57.70384 0.76492 0.63924 0.07917 e
159.17537 39.54235 -0.95152 0.07800 -0.29752 e
160.14839 65.51163 0.70117 -0.68990 -0.18000 e
160.70405 76.96237 0.10218 0.74562 -0.65849 e
160.81499 45.82195 -0.75236 0.13278 -0.64523 e
160.97043 33.98356 -0.69284 -0.71328 -0.10585 e
161.43530 51.05584 0.61749 -0.66966 -0.41262 e
161.65003 67.32142 0.54517 0.83739 0.03950 e
162.51512 26.06255 -0.12080 -0.57188 0.81139 e
162.87481 14.91227 -0.71281 -0.19039 -0.67502 e
163.19216 44.00635 0.16291 -0.98337 -0.08028 e
163.52691 27.34432 0.19916 0.97333 0.11385 e
165.31447 48.67069 -0.42994 0.36917 -0.82393 e
165.75415 45.76448 -0.21802 -0.97585 0.01317 e
166.67395 59.36860 -0.21784 -0.94632 -0.23881 e
166.83899 55.72409 0.45986 0.72493 -0.51284 e
167.28605 41.65759 0.35032 -0.65442 0.67009 e
167.46600 70.46236 0.30918 0.94888 -0.06353 e
170.17901 33.76156 -0.79843 -0.20336 -0.56671 e
170.26611 34.45119 -0.50088 0.11448 -0.85791 e
170.28298 78.08030 -0.97072 0.11781 -0.20934 e
170.43601 26.26167 -0.58362 -0.63635 -0.50443 e
170.67708 37.58249 0.84225 0.27966 -0.46088 e
170.95428 27.67464 0.40512 0.42238 -0.81085 e
171.25855 27.04699 -0.83373 0.52369 0.17507 e
171.60953 38.53171 0.36166 0.70694 -0.60781 e
172.13247 57.94269 0.57061 0.69991 0.42956 e
172.54655 30.40731 -0.10143 0.55365 -0.82655 e
172.94614 59.30894 -0.95615 0.07406 0.28337 e
173.30825 15.19453 -0.60986 -0.75431 -0.24309 e
173.46137 52.14195 0.60874 -0.59239 -0.52774 e
173.69505 36.65365 0.29763 -0.14701 -0.94329 e
174.63022 80.14623 -0.85064 0.50784 0.13605 e
175.27664 31.68186 -0.91735 -0.02831 0.39708 e
176.16727 68.84602 -0.38735 -0.34323 -0.85566 e
176.31989 56.54417 -0.77420 0.25117 -0.58097 e
176.47926 41.84759 -0.01437 -0.79520 -0.60617 e
177.09239 72.56813 0.52774 0.81881 -0.22590 e
177.27198 32.09941 0.37662 -0.83865 -0.39346 e
177.66688 51.39834 0.30024 0.94534 0.12724 e
179.52660 74.95891 -0.97005 0.08470 -0.22764 e
179.64668 32.36589 0.81049 0.14948 -0.56636 e
181.05521 81.52358 -0.44287 -0.89571 -0.03959 e
182.35156 77.69425 0.68287 -0.12586 0.71962 e
182.56515 27.74318 -0.79839 0.21674 -0.56178 e
183.03660 58.29000 -0.23330 -0.63049 -0.74030 e
183.20732 67.60349 -0.61213 0.47614 -0.63134 e
183.56562 30.72624 -0.48712 0.84107 -0.23520 e
184.71849 47.11246 0.66035 -0.63487 -0.40109 e
185.24411 38.28494 0.02281 -0.97918 -0.20171 e
185.88840 67.14551 -0.33284 -0.84670 -0.41511 e
185.98379 10.80629 -0.65836 0.68945 0.30202 e
186.05879 29.99402 0.87941 0.20872 0.42787 e
186.47243 47.78689 -0.83977 0.53071 -0.11458 e
187.41800 74.70430 0.59461 0.43322 -0.67732 e
187.85588 52.49322 0.60198 0.74283 -0.29295 e
188.01508 37.60561 0.05981 -0.90441 -0.42246 e
188.75570 28.09650 0.55108 -0.33443 -0.76450 e
188.76331 75.56523 0.30056 0.89242 -0.33652 e
189.83111 51.99770 -0.71220 0.69900 0.06457 e
189.97749 27.08835 -0.79430 -0.37231 0.48007 e
190.34731 25.28270 -0.88403 -0.20410 0.42052 e
190.41623 32.76548 0.69824 -0.71501 0.03492 e
190.77943 58.11278 0.65888 0.58138 -0.47736 e
192.27152 35.43119 -0.88463 -0.02869 -0.46541 e
192.31982 23.84891 -0.24830 0.08093 -0.96530 e
192.58237 43.83506 -0.45270 -0.34051 -0.82408 e
193.38951 43.18509 0.48486 0.87264 0.05848 e
193.97550 41.43747 -0.62968 0.11432 -0.76839 e
194.17110 40.88189 0.46808 -0.61104 0.63838 e
195.02644 42.39510 -0.79942 0.56774 0.19648 e
195.05589 40.13821 -0.16378 -0.32057 -0.93296 e
195.25590 21.94341 -0.68163 -0.72204 -0.11853 e
195.67254 71.08466 -0.22734 -0.51007 -0.82955 e
195.68719 71.00873 0.96906 0.23559 0.07361 e
197.18383 78.97282 -0.04411 -0.19433 -0.97994 e
197.25041 79.71183 -0.08095 0.66060 -0.74636 e
197.50475 84.82157 0.06787 -0.82039 -0.56776 e
198.27983 41.22195 0.49063 0.14828 -0.85866 e
198.99586 59.50742 -0.04025 -0.72567 -0.68686 e
199.87059 39.56406 -0.69841 -0.26686 -0.66408 e
199.95612 66.24019 0.79670 0.46525 -0.38576 e
200.08431 52.69070 -0.06294 -0.98035 0.18694 e
200.76170 64.62717 0.25814 0.27725 -0.92547 e
201.70391 54.10820 -0.32063 0.60354 -0.73002 e
201.94400 63.27367 -0.25314 0.94592 -0.20287 e
201.99201 43.68777 0.27413 -0.96149 -0.01987 e
202.33466 51.84916 0.05207 -0.86555 -0.49811 e
202.38288 71.00925 0.89835 0.05792 0.43545 e
202.94237 54.99891 0.84448 0.17596 -0.50586 e
203.09010 37.16476 0.15220 -0.22334 -0.96278 e
204.20839 28.87007 -0.81301 -0.14015 -0.56514 e
204.67616 25.18298 -0.56265 -0.35040 0.74876 e
205.56537 58.25285 -0.79741 -0.48282 -0.36198 e
205.82950 54.62874 -0.77750 0.02599 -0.62834 e
206.04638 14.55802 0.68487 0.29515 -0.66621 e
206.08854 27.38036 0.26189 0.05620 -0.96346 e
206.38953 61.09539 -0.54014 0.60409 0.58593 e
206.52731 23.01828 -0.30513 0.15126 -0.94022 e
206.77823 39.84958 0.35887 -0.26040 -0.89633 e
207.29320 60.42064 0.44777 -0.87430 -0.18735 e
207.84739 41.30912 -0.52272 0.04446 -0.85134 e
208.23112 35.54255 -0.34861 -0.69950 -0.62384 e
208.92966 24.68591 -0.95632 0.03719 -0.28995 e
210.04254 63.51777 0.28909 -0.06405 -0.95516 e
210.16476 12.84360 0.07413 -0.23693 -0.96869 e
210.26054 47.02173 -0.25264 0.11510 -0.96069 e
211.26552 19.02091 -0.22855 -0.93259 -0.27935 e
211.32970 26.53569 0.48957 -0.51558 0.70321 e
211.41023 34.81855 0.43924 -0.60331 -0.66564 e
211.50699 83.19403 0.48183 0.02143 -0.87600 e
212.55509 31.09492 -0.77138 0.29903 -0.56174 e
212.59241 45.73431 -0.72862 0.01483 -0.68476 e
213.76807 31.06476 -0.42783 0.72316 -0.54221 e
215.40686 15.59397 0.74119 0.54376 0.39364 e
217.80192 47.68688 -0.11960 0.29649 0.94752 e
217.86366 33.54994 -0.47066 -0.82148 0.32195 e
218.03656 59.20897 0.24066 -0.81044 0.53411 e
218.36485 24.24246 0.81744 -0.20380 0.53876 e
219.67103 31.84230 0.19712 0.86222 -0.46661 e
220.08115 54.86279 0.77795 0.14663 0.61098 e
221.13875 44.41007 -0.03192 0.27385 -0.96124 e
223.13791 36.99403 -0.19235 0.53035 -0.82567 e
224.05838 60.13147 0.79737 -0.38501 -0.46473 e
224.29403 74.22744 -0.83109 -0.30148 -0.46733 e
224.34832 36.62892 -0.07337 -0.59720 -0.79873 e
224.67771 56.54718 -0.35080 -0.75360 -0.55591 e
225.17542 37.72802 -0.80643 -0.49245 -0.32737 e
225.80148 69.35919 -0.92743 0.30227 0.22023 e
225.95406 71.81293 0.17285 -0.45024 -0.87602 e
227.13221 42.68675 0.81815 -0.53995 0.19769 e
227.94919 27.17611 0.27590 0.41933 0.86490 e
228.82196 63.06097 0.32849 -0.21443 -0.91984 e
229.62812 77.95533 0.99207 -0.12165 0.03150 e
230.37836 32.22862 0.10506 -0.58521 -0.80405 e
230.68918 40.51520 -0.19317 0.97967 0.05406 e
231.23338 42.71245 -0.36684 0.14847 -0.91836 e
231.81303 79.69226 0.49187 -0.59046 -0.63986 e
233.53562 77.86798 -0.44387 0.00747 -0.89606 e
233.56986 22.11099 0.29974 0.71599 0.63049 e
233.75330 84.44510 -0.24082 0.96122 0.13437 e
234.40547 31.24903 -0.55091 -0.83381 -0.03540 e
234.79026 46.80716 0.02123 -0.05149 -0.99845 e
235.40350 47.07064 -0.01045 0.98008 -0.19833 e
236.33788 55.57321 -0.98347 0.14120 0.11336 e
236.87485 51.68913 0.68602 -0.69494 -0.21550 e
236.99181 37.17775 0.80228 -0.41876 0.42543 e
237.05568 29.41549 -0.31895 -0.86914 -0.37797 e
237.12371 41.32730 -0.88288 0.34519 -0.31838 e
237.21068 34.86615 -0.94333 -0.32831 -0.04841 e
238.01921 28.50607 0.92175 -0.35422 -0.15781 e
238.13368 81.30521 -0.09723 0.42387 -0.90049 e
238.35538 41.27945 0.34980 0.27840 0.89450 e
238.67950 31.91263 -0.38564 -0.88072 0.27500 e
240.96874 58.30043 -0.53712 -0.80458 0.25330 e
241.12556 45.08547 0.90078 0.21571 -0.37692 e
242.52714 53.96683 0.41132 0.07497 -0.90840 e
243.47594 61.26484 0.43088 0.47010 -0.77029 e
244.10245 30.41919 -0.82004 -0.35182 -0.45139 e
244.93674 66.11392 0.04619 0.99676 -0.06585 e
245.45186 28.84928 -0.77030 -0.37216 -0.51782 e
246.15458 28.86706 0.63934 -0.46721 0.61070 e
246.26393 30.60826 -0.43103 0.74535 -0.50859 e
246.51547 15.82712 -0.00997 -0.77961 0.62619 e
246.92316 23.42348 -0.43511 -0.17947 0.88231 e
247.37018 73.82546 0.24581 0.22200 -0.94355 e
247.87100 41.36355 0.87798 -0.16369 0.44985 e
248.49024 14.04223 0.85111 -0.50963 0.12606 e
248.66915 75.12614 0.79349 -0.60527 -0.06341 e
249.87995 32.99530 0.54880 0.83595 0.00240 e
249.91204 33.66055 -0.87916 0.07321 -0.47087 e
250.31436 22.00008 0.93050 -0.30063 0.20926 e
251.44084 55.59827 -0.81900 0.57231 0.04112 e
253.54909 82.63433 -0.89350 -0.43806 -0.09885 e
254.18314 44.48683 -0.42031 -0.26351 -0.86828 e
254.36947 60.44149 -0.09373 -0.91448 0.39363 e
254.47718 51.65422 -0.98886 0.06553 0.13364 e
255.85778 52.97546 0.32939 -0.94398 -0.01984 e
256.32829 74.55354 -0.65673 0.73724 -0.15867 e
257.45985 22.02551 0.42478 -0.69523 -0.57984 e
258.55100 37.93668 -0.04117 0.94860 0.31378 e
258.64461 46.66920 -0.64874 -0.44878 -0.61460 e
259.30970 39.33240 -0.70019 -0.59602 0.39306 e
260.62744 59.87771 0.80544 0.15580 0.57183 e
262.43358 30.69488 -0.13357 -0.81946 -0.55735 e
262.70208 64.84400 -0.99060 -0.00183 -0.13674 e
262.72693 41.51629 0.02153 -0.63884 0.76904 e
263.09400 79.43988 0.85449 -0.20922 -0.47548 e
264.09455 61.38623 0.92147 0.32044 -0.21958 e
264.12808 31.79098 0.76997 0.59931 -0.21906 e
265.41858 67.14248 -0.00165 0.29082 -0.95678 e
266.02726 38.62943 -0.92714 0.29120 -0.23584 e
266.06912 28.43298 0.93384 -0.26169 -0.24385 e
266.38952 57.62596 -0.42028 0.64564 -0.63758 e
267.38154 56.50147 -0.33130 -0.29805 -0.89521 e
268.39428 29.72313 -0.22943 -0.53455 -0.81340 e
269.37872 31.94123 0.39896 0.31469 -0.86128 e
269.70782 33.69898 0.33016 0.83628 -0.43775 e
270.27264 32.00879 -0.81019 0.15571 -0.56511 e
270.88483 39.18140 0.73226 0.65675 -0.18021 e
271.16618 69.44176 0.74215 -0.47553 -0.47232 e
271.89182 26.04883 -0.17176 0.87037 -0.46148 e
271.96161 28.91737 0.66135 0.64250 0.38706 e
272.02911 32.34991 0.66093 -0.07454 0.74674 e
272.69704 50.22158 0.74894 -0.61625 0.24359 e
272.85523 41.37353 0.02202 -0.78211 -0.62275 e
274.98416 36.27254 -0.02475 0.93425 0.35576 e
275.18522 84.56467 0.91193 0.21934 0.34679 e
275.25787 78.47697 -0.67502 -0.31109 0.66900 e
275.68582 51.40124 0.17721 -0.20840 -0.96186 e
276.71476 62.95236 -0.72039 0.54360 -0.43075 e
278.18054 69.32482 0.85222 -0.01066 -0.52308 e
279.87237 25.34366 0.84192 0.47163 0.26218 e
280.28676 76.55163 -0.24896 0.66501 0.70411 e
282.93796 33.35354 0.42248 0.88391 0.20054 e
283.23298 67.56871 0.50823 0.81915 -0.26587 e
283.48649 47.83332 -0.67456 0.69589 0.24640 e
284.33394 59.03831 -0.13803 -0.18645 -0.97272 e
284.52625 25.08236 -0.11212 0.46157 0.87999 e
285.21583 40.12996 -0.67184 0.15083 -0.72518 e
285.77081 43.14982 -0.63236 0.75459 -0.17527 e
286.38583 73.69093 -0.20485 0.30504 -0.93005 e
286.71522 82.88914 0.43157 -0.39307 -0.81194 e
286.81073 38.96747 -0.23644 -0.87521 -0.42202 e
288.17945 49.39963 0.39890 0.91699 -0.00416 e
291.18126 38.36906 0.66874 0.00540 0.74347 e
291.73560 40.01304 0.77306 0.56084 0.29637 e
291.88370 31.65342 -0.71715 -0.43876 -0.54147 e
292.04372 35.48047 -0.36647 0.57753 -0.72949 e
292.18223 73.59203 0.54007 0.37161 -0.75514 e
293.08507 15.79527 -0.06412 -0.13294 -0.98905 e
293.65111 71.92805 -0.45168 0.23859 -0.85969 e
294.24656 36.24697 0.71103 -0.31745 0.62743 e
294.39853 54.85708 -0.80435 -0.21673 0.55322 e
294.49836 35.59107 0.17055 -0.82999 -0.53106 e
295.53384 20.92246 0.78393 0.26714 0.56044 e
295.88170 50.06170 0.75541 0.29548 -0.58485 e
296.38632 48.15284 0.74562 0.66600 -0.02209 e
296.85610 54.03433 0.60896 0.76955 -0.19223 e
298.22656 20.36351 0.59228 -0.68673 0.42144 e
300.27745 25.74877 0.32314 -0.54843 -0.77124 e
300.83068 21.48203 -0.88872 -0.12485 -0.44112 e
300.85215 84.80387 0.50895 0.74233 -0.43579 e
301.33274 83.75503 -0.83637 -0.21503 -0.50423 e
301.93972 46.04754 -0.61244 0.74361 -0.26826 e
302.04033 43.60321 0.67966 -0.08943 0.72806 e
302.48012 17.19909 -0.18636 -0.92476 -0.33179 e
302.49509 84.69169 -0.11072 -0.77832 -0.61803 e
303.09046 51.53716 -0.77153 0.61521 0.16205 e
303.73899 26.73601 -0.70014 0.71391 0.01175 e
304.44875 78.99826 -0.12217 -0.93945 -0.32017 e
304.78819 17.10188 0.28592 0.95554 -0.07207 e
305.41593 39.10083 -0.78277 -0.61497 -0.09528 e
305.45902 31.90115 0.18317 -0.75693 -0.62730 e
306.21116 70.05909 0.49749 0.84099 0.21269 e
306.32027 38.88129 0.12717 -0.01909 -0.99170 e
306.33028 26.39862 -0.83340 0.54359 0.09972 e
306.75521 48.34863 -0.18340 0.70685 -0.68317 e
307.01193 47.32647 0.78711 0.40199 -0.46782 e
307.13042 84.01242 0.11584 -0.95892 -0.25894 e
307.90955 40.46115 -0.87413 -0.12732 0.46870 e
308.58750 34.86493 0.54254 -0.51472 -0.66387 e
309.62076 79.21838 -0.24653 -0.44969 -0.85849 e
309.68552 46.98565 0.45822 0.07246 -0.88588 e
310.66003 75.50218 -0.44838 0.39374 -0.80245 e
311.10646 34.00921 -0.26957 -0.96132 0.05649 e
311.15896 42.43025 -0.47057 0.51604 -0.71573 e
311.96498 15.50585 0.71532 -0.61802 -0.32615 e
312.85468 40.13752 -0.12509 0.74920 0.65042 e
312.98213 83.89574 0.13028 0.90754 0.39926 e
313.89416 54.33410 0.41326 0.82862 -0.37763 e
313.99652 54.36589 0.75777 -0.26276 0.59728 e
315.40810 72.13224 -0.45413 -0.65855 -0.60007 e
315.63918 28.99854 0.04936 -0.66089 0.74885 e
315.64776 45.67992 0.52329 0.11228 -0.84473 e
315.79036 83.37761 0.64116 0.56123 -0.52339 e
316.09411 73.54168 -0.33844 0.44425 0.82952 e
316.22147 42.83012 0.09956 0.85011 -0.51710 e
316.43487 79.89636 0.74808 -0.60483 0.27303 e
316.51999 47.38208 0.07196 -0.50924 -0.85761 e
316.74060 59.97271 -0.27496 0.95195 -0.13488 e
316.91910 84.26635 -0.06428 0.36826 -0.92750 e
317.20644 49.84952 0.26031 -0.33648 -0.90500 e
317.22084 35.10716 0.36710 -0.61025 -0.70202 e
317.28632 40.11087 0.81075 -0.58322 -0.05035 e
317.94367 24.18946 0.80562 0.00538 -0.59241 e
318.09814 37.36778 -0.26449 0.95092 0.16060 e
318.68140 50.68648 -0.91170 -0.29133 -0.28970 e
319.07300 52.61555 0.27711 -0.71131 0.64595 e
319.19795 25.38212 0.17902 0.22669 0.95737 e
319.38811 35.98192 0.32399 -0.24623 -0.91345 e
320.46756 18.02885 -0.36299 -0.76019 0.53884 e
320.63747 32.51651 -0.25186 -0.58533 -0.77068 e
320.90171 36.31115 -0.61213 0.61854 -0.49265 e
321.57401 53.19619 0.72921 0.23287 0.64344 e
321.59612 54.46548 0.95523 -0.28651 -0.07378 e
321.73638 67.73388 -0.08098 -0.05761 -0.99505 e
321.89664 71.26477 0.37643 -0.38599 -0.84221 e
322.33043 69.75862 0.46987 -0.13739 -0.87198 e
323.38941 50.83723 0.58604 0.65698 -0.47427 e
324.15827 28.81997 -0.45773 -0.58400 -0.67039 e
324.82129 29.54669 0.96171 0.19711 0.19041 e
325.30500 28.12918 -0.05579 -0.27916 -0.95862 e
326.57435 20.86992 -0.86544 0.17733 0.46858 e
327.12650 57.43413 0.20621 0.30617 0.92937 e
327.12950 38.39627 -0.78155 0.61684 -0.09321 e
327.15289 49.62405 0.54076 0.51072 -0.66839 e
327.37319 37.18309 -0.21461 0.46289 0.86004 e
327.61435 50.18391 -0.45798 0.66832 0.58618 e
328.53868 61.35245 0.95998 -0.26028 0.10344 e
329.50981 58.13672 -0.41975 -0.02572 -0.90728 e
330.07317 31.89428 0.56994 -0.36294 -0.73719 e
330.38614 67.48087 0.22210 -0.77614 0.59015 e
331.23240 40.44821 0.20011 0.92062 0.33529 e
331.58233 38.98961 0.12835 0.21872 0.96731 e
331.85785 83.41392 0.04614 0.01683 -0.99879 e
332.01017 60.92956 -0.68840 0.65824 -0.30469 e
332.56568 67.86195 0.61947 0.11644 -0.77633 e
332.64854 51.55965 0.88654 -0.40386 -0.22571 e
333.25953 46.58701 -0.86496 0.47415 0.16440 e
334.37224 28.66312 -0.54250 0.67481 -0.50033 e
334.70657 38.25839 -0.85551 0.50627 -0.10860 e
334.71939 58.40323 0.89646 -0.34726 -0.27527 e
335.20753 19.45433 -0.52159 0.68089 0.51413 e
335.64261 47.88135 0.95660 0.25010 -0.14956 e
335.71643 43.22729 0.84968 -0.52050 0.08439 e
335.96793 57.03631 0.66804 -0.23536 -0.70592 e
336.62439 24.28317 0.78369 -0.48499 -0.38808 e
336.85343 36.44549 -0.30010 0.48059 -0.82400 e
337.54191 40.54566 -0.60344 0.77259 0.19740 e
339.87679 54.55636 -0.09987 0.98513 -0.13978 e
340.29155 72.26698 -0.20865 -0.05634 -0.97637 e
340.35868 53.71000 -0.68859 -0.65580 -0.30946 e
341.09757 27.46774 -0.70475 -0.69016 0.16435 e
343.18072 76.31048 0.23538 0.43092 0.87115 e
343.28027 14.44818 0.50459 0.66546 -0.55005 e
343.48603 22.25960 0.99354 -0.10473 0.04379 e
343.82217 62.45075 0.43268 -0.21197 -0.87627 e
344.13907 48.68273 0.80629 -0.03296 -0.59060 e
344.36679 35.65581 0.99659 -0.07628 -0.03157 e
345.06135 67.82591 -0.00018 -0.05293 -0.99860 e
345.33578 34.03714 -0.97932 0.18923 0.07159 e
345.55169 55.56855 -0.67908 -0.31968 -0.66080 e
345.73129 73.37084 0.05427 -0.33012 -0.94238 e
347.31800 31.43565 0.33436 0.90689 0.25643 e
347.82457 60.61732 0.20242 -0.48074 -0.85318 e
347.84626 47.05718 -0.79392 0.60019 0.09724 e
350.21132 47.28427 0.34675 -0.47914 -0.80634 e
350.21797 48.49202 0.79078 -0.08595 -0.60604 e
350.34585 50.49663 0.27917 -0.92882 -0.24363 e
350.73691 46.65410 -0.54754 -0.80865 0.21512 e
350.87272 38.82275 0.43462 0.23193 0.87023 e
351.05876 50.08405 -0.90901 -0.09591 -0.40558 e
351.25091 43.31634 -0.01906 0.86305 -0.50475 e
351.69624 58.30407 -0.77710 0.02302 -0.62896 e
352.69293 37.83900 0.28632 0.89604 0.33931 e
353.31433 73.19786 0.54152 0.38941 -0.74506 e
353.32641 75.00474 -0.19106 -0.16257 -0.96802 e
353.61138 68.55606 -0.48799 0.56014 -0.66941 e
353.92000 29.19300 -0.64150 -0.74148 0.19671 e
354.54585 46.07917 0.70541 0.69993 -0.11181 e
355.90386 75.96898 0.66520 -0.70393 -0.24897 e
355.91283 36.33217 -0.76390 -0.04585 -0.64371 e
356.24834 60.09625 0.38382 0.90474 -0.18474 e
357.76683 22.12384 0.99635 -0.08482 0.00956 e
358.04453 50.85078 0.88975 -0.21662 0.40177 e
359.23928 63.69893 0.23338 -0.97055 0.05979 e
359.40050 37.26743 -0.26234 -0.63375 -0.72770 e
359.82147 79.35091 0.45748 0.27018 -0.84718 e
361.87276 59.32221 -0.40539 -0.91361 -0.03132 e
363.07912 42.75274 0.84662 -0.51451 0.13605 e
363.51274 30.96429 0.00600 0.87426 0.48542 e
364.29250 57.39814 -0.19527 0.67390 -0.71255 e
364.30041 24.67773 0.13019 -0.76145 -0.63502 e
367.99567 35.14636 -0.37420 -0.91177 0.16927 e
368.13251 68.65434 0.93861 0.25474 -0.23264 e
369.02669 12.14490 0.58625 0.35008 -0.73059 e
369.47717 43.41422 -0.38082 0.79063 -0.47946 e
370.29119 56.68154 0.73611 0.12729 0.66478 e
371.45449 50.98702 0.40087 -0.84495 -0.35406 e
371.49066 81.01976 0.52748 0.71318 -0.46167 e
371.49456 45.54662 -0.62595 -0.25580 -0.73672 e
371.87927 47.12610 0.07129 -0.42180 -0.90388 e
372.63551 31.64533 0.59638 0.74102 0.30858 e
373.10040 30.86373 -0.49823 0.16680 -0.85085 e
374.84266 72.21333 -0.21664 -0.57183 -0.79125 e
378.28598 58.45169 -0.10342 0.41918 -0.90199 e
378.48105 6.56050 0.97460 -0.07245 0.21192 e
378.65457 15.47987 0.37175 0.92808 -0.02177 e
379.01439 22.52128 0.40649 0.71781 -0.56525 e
379.25421 63.45909 -0.47082 0.85595 0.21373 e
379.97611 31.85475 0.76049 0.14372 -0.63325 e
383.91072 51.03319 0.47996 -0.61895 -0.62173 e
384.03292 79.92817 -0.13648 0.97660 -0.16623 e
384.27744 30.61026 0.73162 -0.03596 -0.68076 e
386.88510 29.53844 0.31453 -0.94685 0.06736 e
387.38430 65.72392 -0.36486 -0.02735 -0.93066 e
388.20841 35.05529 -0.70512 0.70173 -0.10190 e
393.95276 19.46455 -0.73874 -0.67222 -0.04879 e
397.15983 76.85651 0.91986 -0.07827 -0.38435 e
398.63001 37.49269 0.41064 -0.57200 -0.71006 e
400.52773 63.96287 -0.10129 0.99137 -0.08326 e
412.48245 48.43226 -0.23625 0.11562 0.96479 e
412.55006 39.46617 -0.00847 -0.39725 -0.91767 e
412.81220 58.07011 -0.20383 -0.45933 0.86456 e
421.20912 33.47767 -0.13928 0.56855 -0.81077 e
421.58275 80.59483 -0.75651 0.35209 -0.55112 e
424.65315 61.01442 -0.16300 -0.10715 -0.98079 e
434.90103 15.44290 -0.60685 -0.76778 -0.20557 e
442.03442 57.04744 0.33704 -0.93444 -0.11496 e
443.04450 22.48747 0.69255 -0.39128 -0.60604 e
450.87202 21.96308 -0.65893 -0.28705 0.69528 e
462.77797 27.52140 0.97552 0.04157 -0.21594 e
467.31028 28.06321 -0.59132 0.37161 -0.71571 e
478.14466 44.34538 0.41615 -0.02291 0.90901 e
490.74466 42.01874 -0.78678 0.43078 0.44205 e
551.74863 21.85460 0.09047 0.91518 -0.39276 e
597.24090 28.71157 0.89675 -0.23907 -0.37240 e
651.37092 25.50986 -0.77109 -0.59040 -0.23844 e
659.87636 27.49838 0.94898 -0.31505 -0.01321 e
701.04736 32.40875 0.67567 0.48619 -0.55415 e
725.34248 19.34862 0.97104 -0.23560 -0.03958 e
733.53314 25.73604 -0.73896 -0.56111 0.37296 e
813.75748 37.67725 0.86295 -0.03528 0.50406 e
829.93842 19.47725 -0.81141 -0.55541 0.18200 e
941.68209 21.65019 0.64012 0.70710 -0.30042 e
959.18617 23.94330 -0.25952 -0.95787 -0.12299 e
1068.77126 24.42415 -0.88984 0.27856 0.36138 e
1094.70856 36.59922 -0.28281 0.79102 -0.54250 e
1162.48171 19.17589 -0.65458 0.55808 0.50997 e
1175.10773 27.36032 -0.58149 0.28082 -0.76355 e
1180.19033 19.22108 0.73869 -0.66978 -0.07564 e
1198.96494 47.08351 0.70386 0.49985 -0.50471 e
1206.81801 15.13252 -0.80023 0.59969 -0.00214 e
1291.29801 34.04654 -0.89568 0.02713 0.44387 e
1324.34447 21.88759 -0.89078 0.13400 -0.43422 e
1384.65500 13.75659 -0.11623 0.04816 -0.99205 e
1412.30455 22.88311 0.11350 -0.57050 -0.81342 e
1458.49786 21.85550 -0.81118 0.44394 0.38067 e
1460.68874 14.46617 -0.56965 0.77676 -0.26861 e
1487.66324 46.76349 -0.11734 -0.00881 -0.99305 e
1513.73864 12.86236 -0.96075 0.01068 0.27720 e
1518.23946 24.80004 -0.41814 -0.08713 -0.90419 e
1531.77298 14.67266 -0.37297 0.71430 -0.59217 e
1598.68364 19.70728 0.05319 -0.92722 0.37072 e
1770.37434 23.18902 0.83974 0.16512 -0.51728 e
1822.49112 54.20879 0.98109 -0.15042 0.12178 e
1858.33020 14.67866 -0.24231 0.88111 0.40611 e
1861.89209 15.01834 -0.45517 -0.85658 -0.24307 e
1906.00810 19.32418 -0.62913 0.77481 -0.06213 e
1906.83296 13.43897 0.89727 -0.36493 0.24846 e
2049.04906 9.28682 0.12712 0.76516 -0.63117 e
2055.56558 7.12488 -0.73675 0.22992 0.63588 e
2149.49569 15.44356 0.17176 0.19226 0.96620 e
2196.96201 22.68385 -0.72260 0.45690 -0.51875 e
2212.12629 29.10518 0.35413 -0.21363 -0.91047 e
2275.49423 23.91567 0.94797 0.15517 -0.27799 e
2543.67811 40.60256 -0.98131 -0.02122 -0.19128 e
2754.31487 24.72058 -0.33106 -0.93582 -0.12098 e
2861.99140 18.91670 -0.78972 -0.40968 -0.45661 e
2907.15292 13.60667 -0.19412 0.57592 -0.79412 e
2910.26382 73.62441 0.32257 -0.34749 -0.88045 e
2968.74006 19.57328 -0.14247 -0.42018 -0.89618 e
3040.08638 15.85271 -0.24339 -0.36516 -0.89857 e
3053.33357 15.23001 0.53732 -0.81101 -0.23142 e
3056.73504 12.47459 -0.49137 0.86930 0.05361 e
3072.37554 32.83560 -0.96770 -0.19667 -0.15775 e
3176.90739 19.63095 0.69015 -0.72178 -0.05223 e
3187.56668 14.00765 0.32570 -0.39469 0.85915 e
3378.35849 49.13923 0.46567 -0.39651 -0.79116 e
3417.30560 14.28244 0.04167 -0.75783 -0.65112 e
3543.40059 19.15366 0.97994 -0.17760 0.09042 e
3568.13781 25.40768 -0.57154 -0.81939 0.04397 e
3828.25161 26.36035 0.84070 -0.51926 -0.15357 e
3896.65163 25.59632 -0.13331 -0.93323 0.33364 e
4029.85871 18.04033 0.20523 0.97846 0.02230 e
4192.73115 80.38475 -0.69978 -0.30149 -0.64762 e
4693.85874 29.15213 0.99420 -0.09960 0.04066 e
4730.94762 20.57268 0.71300 -0.69014 0.12387 e
4832.51315 8.36847 -0.49744 0.15436 -0.85365 e
5003.71913 20.41628 0.94100 -0.06654 0.33179 e
5362.85456 25.50262 0.22385 0.83904 0.49588 e
5908.88536 20.16870 0.59874 0.77347 -0.20796 e
6738.05823 34.36166 -0.87180 0.05686 -0.48656 e
6768.90296 25.62708 0.78065 0.61839 -0.09038 e
7315.10282 40.48375 -0.46779 -0.70061 -0.53882 e
8081.41898 33.55864 -0.99972 0.01565 0.01747 e
8458.88213 25.94137 -0.01454 0.63254 -0.77439 e
8557.26507 16.19316 0.00200 0.99104 0.13353 e
9324.55531 16.24383 0.97799 -0.00900 0.20847 e
10535.08785 22.43703 0.20834 -0.17891 -0.96155 e
12463.17012 25.46651 0.96411 0.23737 0.11891 e
