16.24703 30.41821 0.55463 0.45090 -0.69933 e
16.44243 62.96844 -0.52396 -0.80530 -0.27742 e
17.15020 55.11712 -0.60384 0.67119 0.42998 e
19.08357 69.80287 -0.94713 -0.03318 0.31914 e
19.08814 21.28441 0.20572 -0.51222 -0.83385 e
19.46686 79.82986 -0.96346 0.04388 0.26423 e
19.51272 55.86682 -0.57101 0.74485 -0.34519 e
20.07124 76.13717 0.39497 -0.59070 -0.70362 e
20.11976 83.91870 -0.98864 -0.13664 -0.06263 e
20.23456 82.58024 -0.20147 0.52637 -0.82604 e
20.32088 26.04924 -0.54962 -0.75765 -0.35197 e
20.39113 59.33720 0.94191 -0.01807 -0.33537 e
20.54473 20.93522 0.14932 0.89901 -0.41169 e
20.58057 78.01183 -0.68023 -0.64407 0.34993 e
21.18477 23.06104 0.14940 -0.15700 -0.97623 e
21.29706 77.64591 0.58285 -0.76971 0.26045 e
21.60687 76.96061 -0.49158 -0.37309 -0.78686 e
22.05776 50.57109 -0.68055 0.04760 -0.73116 e
22.30641 66.56825 -0.36599 0.88429 -0.28996 e
22.52345 24.60952 0.89293 0.38554 0.23245 e
22.59127 77.32015 0.41289 0.72751 -0.54795 e
22.63099 79.58870 0.43619 -0.87107 -0.22578 e
22.80528 52.33841 0.14542 0.18645 -0.97164 e
23.10493 67.12324 -0.23959 0.95239 -0.18855 e
23.30756 80.03058 -0.74196 -0.52403 0.41820 e
23.55549 80.25939 0.65091 -0.75845 -0.03265 e
23.64065 63.47863 -0.37165 -0.53922 -0.75572 e
23.70745 36.21453 -0.12353 -0.91818 -0.37642 e
23.72462 59.94606 0.84936 0.24241 -0.46885 e
23.74701 26.77619 -0.94665 0.27696 0.16474 e
24.04324 55.99086 -0.64198 0.23372 -0.73024 e
24.05958 78.28205 -0.92997 -0.26175 -0.25815 e
24.23399 77.79338 0.66395 0.38950 -0.63833 e
24.60818 66.98424 -0.87586 0.46034 -0.14477 e
25.33112 77.48532 0.40280 -0.91462 0.03492 e
25.48755 59.35481 0.88717 0.21093 -0.41041 e
25.87867 58.76489 0.83849 0.00057 -0.54492 e
26.14304 50.16093 0.29440 0.95141 -0.09029 e
26.48330 80.77972 -0.57816 0.58598 -0.56777 e
27.01258 77.76549 -0.20243 -0.97925 -0.00983 e
27.02209 37.58358 0.46891 0.65760 -0.58964 e
27.14343 23.32548 0.87180 0.35195 0.34074 e
27.69975 58.00291 -0.38785 -0.85204 0.35157 e
27.88798 50.90283 -0.19364 -0.62354 -0.75743 e
28.32737 46.72434 -0.01600 0.59523 -0.80339 e
28.66776 66.42667 -0.30062 -0.08340 -0.95009 e
28.84229 31.10297 0.63873 -0.27213 -0.71970 e
29.17210 83.95148 0.08224 -0.71801 -0.69115 e
29.34805 77.82573 -0.96870 -0.13898 0.20566 e
29.69993 44.30157 0.52785 -0.20278 0.82478 e
29.70842 65.01357 0.45354 -0.17163 -0.87456 e
30.00993 45.95806 0.94172 -0.14441 -0.30384 e
30.31691 66.28188 -0.69228 0.65310 0.30694 e
30.32322 45.48778 -0.74099 0.23439 -0.62928 e
30.88946 33.88346 0.02372 0.17090 -0.98500 e
31.38771 51.36244 0.65581 -0.65521 0.37498 e
31.40212 65.40898 -0.79417 -0.60183 -0.08423 e
31.56437 40.20545 0.82941 -0.21646 0.51501 e
31.62977 46.75909 0.66825 -0.69769 -0.25818 e
32.03637 61.16169 -0.52008 0.83200 0.19309 e
32.07427 54.91280 0.01157 0.56662 -0.82390 e
32.12475 63.60410 -0.90817 0.03723 -0.41693 e
32.24502 41.01797 -0.49050 -0.79446 -0.35812 e
32.47911 55.92288 0.25805 0.76702 -0.58745 e
32.93927 68.68149 0.27037 -0.09231 -0.95832 e
33.06155 62.12830 -0.82908 0.55599 -0.05918 e
33.55999 83.38206 -0.55405 0.49558 -0.66890 e
33.63372 81.84078 -0.80255 0.58092 -0.13585 e
33.84332 63.33880 0.09013 -0.66871 -0.73804 e
33.90394 61.07220 -0.39091 -0.48022 -0.78523 e
33.92097 52.85842 -0.10955 0.96032 -0.25648 e
33.94968 69.44294 -0.38942 0.55309 -0.73651 e
33.99069 50.15019 0.50501 -0.86048 0.06730 e
34.14533 75.65157 -0.89309 -0.43862 -0.09998 e
34.24207 63.44174 0.39011 -0.73194 -0.55863 e
34.30905 28.15983 -0.25312 -0.66426 0.70334 e
34.50578 82.56961 -0.02153 -0.19378 -0.98081 e
34.66073 80.86507 0.27126 -0.14708 -0.95120 e
34.83260 63.04984 -0.84348 -0.38200 -0.37765 e
34.89613 77.72157 0.68378 0.52990 -0.50165 e
35.00205 55.52403 -0.10218 0.54276 -0.83365 e
35.15731 49.91530 0.47357 0.71254 -0.51771 e
35.18627 51.80855 0.31462 -0.82685 -0.46618 e
35.23171 32.24964 0.38591 0.81184 -0.43816 e
35.33411 51.74292 0.35958 -0.27641 -0.89123 e
35.82404 37.35062 0.03848 -0.26825 -0.96258 e
36.21435 45.60494 0.23372 0.93557 -0.26474 e
36.21547 48.75551 0.26921 0.47464 0.83800 e
36.30072 56.89404 -0.25061 -0.87478 0.41468 e
36.60916 80.59897 0.42445 0.53757 -0.72860 e
36.82334 81.26212 -0.48944 -0.22344 -0.84292 e
36.93321 43.13610 0.97978 0.16372 0.11504 e
37.08671 37.17582 -0.22872 -0.50647 -0.83137 e
37.13261 74.67668 0.72926 -0.67572 -0.10767 e
37.18778 82.89097 0.56632 0.23310 -0.79054 e
37.28937 70.29856 0.91973 -0.39033 0.04168 e
37.32783 23.80036 0.90264 -0.28478 -0.32269 e
37.43438 55.47536 0.30625 -0.91927 -0.24730 e
37.45184 34.89406 -0.19458 -0.47611 -0.85759 e
37.54931 76.42849 -0.25771 0.43844 -0.86102 e
38.19071 55.75178 -0.96212 -0.23387 0.14011 e
38.23043 75.16415 -0.36877 0.84567 -0.38581 e
38.60062 75.14513 0.58056 -0.16186 -0.79796 e
38.61575 42.54719 -0.09479 0.48266 -0.87067 e
38.71193 25.65205 -0.63734 0.28598 -0.71555 e
38.71677 25.83944 -0.98562 -0.05677 -0.15918 e
38.83071 81.86671 -0.79581 0.59113 -0.13134 e
38.93716 79.10274 -0.63535 0.58717 -0.50156 e
38.98563 84.93832 0.33500 -0.06150 -0.94021 e
39.10617 57.35899 -0.04852 0.88787 0.45752 e
39.37197 69.49772 -0.87939 0.44839 -0.16007 e
39.46692 61.37762 -0.47342 -0.10928 -0.87403 e
39.55361 25.13016 0.88075 0.02533 0.47290 e
39.73847 45.79407 0.66155 0.68583 -0.30331 e
40.40489 48.64797 -0.52755 -0.79869 -0.28946 e
40.48269 48.44275 -0.99996 0.00773 0.00483 e
40.60470 33.90895 -0.81835 -0.53329 -0.21427 e
40.83901 72.93614 0.30848 0.94149 0.13579 e
40.87327 53.20991 -0.32911 -0.57618 -0.74814 e
40.90676 47.96140 0.39515 0.86325 -0.31411 e
40.92985 27.86357 0.11037 0.27208 -0.95592 e
41.53027 77.33235 0.57872 0.70700 -0.40650 e
41.89119 84.40937 0.28487 0.69922 -0.65570 e
41.91837 84.06919 0.21001 -0.83199 -0.51351 e
42.01959 83.48645 0.63967 -0.22159 -0.73602 e
42.45919 76.77751 -0.24389 0.96886 -0.04268 e
42.56582 50.75421 0.68061 0.62557 -0.38135 e
42.71838 47.56294 0.48474 0.60442 -0.63222 e
42.83069 38.81666 -0.79495 -0.14934 -0.58801 e
42.90584 64.77420 0.36613 0.66476 -0.65118 e
42.95065 47.43087 0.98455 0.12796 -0.11950 e
43.08683 64.55842 -0.12425 0.80918 -0.57427 e
43.19420 54.02835 0.99331 -0.07479 -0.08801 e
43.27226 28.61866 0.28622 -0.30626 -0.90790 e
43.45283 60.90044 -0.56385 0.25676 -0.78495 e
43.50344 22.03409 0.50693 -0.13640 -0.85113 e
43.66129 37.74835 0.64324 0.76484 0.03548 e
44.12539 68.54473 -0.16998 0.94266 -0.28723 e
44.17054 75.64029 0.80702 0.59037 -0.01332 e
44.25071 82.66740 -0.51799 0.83539 0.18388 e
44.30451 79.95352 0.59287 -0.40724 0.69474 e
44.82673 37.78025 -0.09741 0.98611 -0.13454 e
44.95338 50.50710 0.46550 0.15848 -0.87074 e
45.09317 74.67613 -0.96412 -0.14890 0.21979 e
45.24544 83.25214 0.31488 -0.82862 -0.46285 e
45.32101 59.87436 -0.05271 -0.76022 -0.64753 e
45.58722 71.28930 -0.82110 -0.12635 -0.55662 e
45.79175 68.39940 -0.49838 -0.38654 -0.77602 e
45.99114 58.85090 0.48393 -0.02411 -0.87477 e
46.11446 25.55583 -0.72188 -0.59910 0.34636 e
46.27558 59.91753 -0.19008 -0.20378 -0.96039 e
46.50945 36.69982 -0.04562 0.29746 -0.95364 e
46.63104 45.97099 0.03297 -0.84197 -0.53852 e
46.74220 11.33035 -0.36181 -0.93224 0.00475 e
46.87635 80.61016 0.93132 0.15925 -0.32755 e
47.07835 20.18263 -0.13032 0.86619 0.48242 e
47.37861 56.73330 -0.72297 0.31362 -0.61560 e
47.45060 45.45506 -0.32337 -0.60577 0.72696 e
47.77507 59.67323 -0.56088 0.52946 0.63647 e
47.81115 60.76044 -0.23901 0.80284 -0.54620 e
47.82669 45.49898 0.44016 0.00765 -0.89788 e
48.06866 48.83882 -0.96857 0.09767 -0.22875 e
48.11442 73.81686 -0.47765 0.84292 -0.24766 e
48.33296 53.16661 0.10712 0.92803 -0.35677 e
48.43651 24.59778 0.50874 -0.20934 0.83508 e
48.52570 44.71557 0.07432 0.27433 -0.95876 e
48.75367 59.37335 0.27752 0.77153 -0.57247 e
48.81390 22.79610 0.60586 0.02686 -0.79512 e
49.25673 44.06988 0.48676 0.41367 -0.76938 e
49.86358 29.40835 -0.33201 -0.64831 0.68517 e
50.00594 82.39677 0.83385 0.54740 0.07099 e
50.03442 77.65526 0.01601 -0.99979 -0.01292 e
50.55417 70.16897 -0.31268 -0.80619 -0.50229 e
50.80733 53.84047 0.55717 -0.50360 -0.66027 e
50.91932 25.35567 -0.46459 0.74344 0.48110 e
51.04299 64.46107 0.49092 0.03352 -0.87056 e
51.51719 32.60372 -0.04080 -0.84477 -0.53357 e
51.56846 53.95421 0.48000 -0.71973 -0.50158 e
51.89845 74.39833 0.63434 0.12679 0.76259 e
51.91841 81.93587 -0.09040 -0.69550 -0.71281 e
52.00102 54.79288 0.16934 0.97512 0.14307 e
52.05366 50.02709 0.40305 0.81584 0.41467 e
52.27624 64.10980 -0.40194 0.78472 0.47187 e
52.37914 32.86636 -0.84574 -0.07999 -0.52757 e
52.39528 33.95941 -0.04125 0.98552 0.16448 e
52.39958 37.58586 -0.36388 -0.58493 -0.72488 e
52.46635 46.94530 -0.40222 0.53191 0.74517 e
52.62658 45.59244 -0.21427 0.36225 -0.90712 e
52.66046 46.40545 -0.69910 0.40434 -0.58971 e
52.68764 35.36323 -0.08719 -0.98655 0.13826 e
52.69920 23.40882 0.46423 0.60265 -0.64908 e
52.84212 65.89972 -0.34462 0.50310 -0.79254 e
53.11441 74.97639 0.85379 -0.01977 -0.52025 e
53.18282 16.79371 -0.49114 -0.25135 0.83403 e
53.50435 81.17681 -0.91259 -0.36797 -0.17826 e
53.56740 27.67798 0.01995 0.13316 -0.99089 e
53.79010 26.76090 -0.36105 0.69669 -0.61989 e
53.80163 58.21088 -0.70251 0.70744 -0.07748 e
53.84295 81.73499 -0.44404 0.40060 -0.80146 e
53.88496 74.68294 -0.76605 -0.63121 -0.12143 e
53.95605 42.68801 -0.75652 0.58877 0.28466 e
54.19263 51.47021 -0.66911 -0.30556 -0.67744 e
54.59011 60.81871 0.71127 0.65865 -0.24551 e
54.64172 84.96889 0.22017 0.97504 -0.02875 e
54.67504 68.81177 -0.86930 0.30346 -0.39017 e
54.70521 42.14722 -0.92053 -0.22105 -0.32211 e
55.35490 29.64015 -0.13415 -0.05594 -0.98938 e
55.45174 64.52653 -0.86656 0.49755 -0.03903 e
55.84624 53.63315 0.79934 0.21314 -0.56181 e
55.88792 58.91413 0.02567 -0.91894 -0.39357 e
55.94220 42.67593 0.82732 0.31570 -0.46462 e
56.00249 48.13364 -0.24299 0.45645 -0.85593 e
56.09045 52.04436 0.85107 0.27008 0.45026 e
56.09190 74.37203 -0.77188 -0.57771 -0.26542 e
56.13028 77.07863 0.67656 -0.22685 -0.70057 e
56.27585 34.55483 -0.47718 0.09619 -0.87352 e
56.70068 80.38682 -0.09413 0.61192 0.78530 e
56.92970 76.49165 0.10349 -0.77968 -0.61756 e
57.08648 79.32173 0.02884 0.73684 -0.67545 e
57.29894 64.37391 0.83409 -0.30462 -0.45989 e
57.31700 78.57534 0.77257 -0.54165 -0.33128 e
57.37636 46.96736 0.63078 -0.15513 -0.76030 e
57.45122 69.55035 0.84856 0.27345 -0.45296 e
57.54661 52.57575 0.16381 0.57107 -0.80439 e
57.77316 59.76193 -0.03493 -0.66922 0.74224 e
57.80471 69.74451 0.64978 -0.44552 -0.61588 e
58.04470 37.35643 0.91734 -0.20171 0.34322 e
58.16689 53.41458 -0.98806 0.15350 0.01339 e
58.16905 53.33153 -0.51429 0.03776 -0.85678 e
58.72788 53.24597 0.42919 -0.82317 -0.37173 e
58.88153 46.97446 0.11903 0.88471 -0.45068 e
59.14700 36.95037 0.23946 0.60006 -0.76327 e
59.16247 59.39590 0.10890 0.84220 0.52806 e
59.56362 29.51406 -0.18656 -0.95256 -0.24045 e
59.67308 55.22039 0.46598 -0.14755 -0.87241 e
59.84046 38.91091 0.84755 -0.43649 -0.30187 e
60.32707 79.15370 0.24905 0.19516 -0.94862 e
60.63751 84.64586 -0.64957 0.05228 -0.75851 e
60.74199 55.61954 0.56049 0.06700 -0.82545 e
60.78269 74.97956 0.64295 -0.43000 -0.63381 e
60.85719 82.45560 -0.05791 0.75874 -0.64882 e
61.11821 82.92846 0.93445 -0.29750 -0.19569 e
61.16110 61.33620 -0.61016 0.66844 -0.42531 e
61.19153 65.80607 -0.41097 0.63840 -0.65081 e
61.22740 80.68398 0.62522 0.69626 -0.35259 e
61.77374 81.86434 0.52410 0.79761 0.29855 e
62.25026 47.85020 -0.49499 0.79948 -0.34031 e
62.35834 53.93887 0.76412 0.52195 0.37906 e
62.70372 50.91421 0.34180 0.24980 -0.90597 e
63.09237 79.43213 -0.61443 0.77872 0.12679 e
63.27833 38.26181 0.35061 0.02942 -0.93606 e
63.47203 67.51433 0.02120 -0.89138 0.45276 e
63.63789 41.92466 0.54993 0.31282 -0.77442 e
63.72091 65.21642 0.47324 0.47382 0.74266 e
63.79868 48.49524 0.06269 -0.37288 -0.92576 e
63.96297 81.16797 -0.54907 0.82049 -0.15910 e
64.05055 29.65389 0.60279 -0.64466 -0.47017 e
64.11406 29.98688 0.17466 0.83801 0.51695 e
64.12234 56.60148 0.05062 0.45091 -0.89113 e
64.51712 54.38212 -0.72354 -0.49181 -0.48436 e
64.61890 65.81091 -0.29154 0.36928 -0.88241 e
64.62689 69.06509 -0.26888 0.68916 -0.67288 e
65.02794 29.24046 -0.26507 -0.01341 -0.96414 e
65.17013 47.19993 0.75596 -0.12179 -0.64319 e
65.22259 83.68284 0.23084 -0.73375 -0.63900 e
65.33937 44.82248 0.51026 0.11114 -0.85281 e
65.78726 76.82692 -0.77838 0.51369 0.36091 e
65.97875 32.71893 -0.48927 -0.87026 -0.05719 e
66.24402 60.37220 -0.46480 0.67601 0.57182 e
66.67619 80.55309 -0.85864 0.50975 -0.05374 e
67.00267 74.86898 0.92595 0.01131 0.37748 e
67.01928 42.52571 -0.56204 -0.75286 -0.34250 e
67.02659 38.71296 -0.23078 0.20719 -0.95069 e
67.22209 72.04503 0.98007 -0.11396 -0.16270 e
67.25776 36.87363 -0.17712 0.98302 0.04798 e
67.86305 59.58439 -0.97777 -0.01002 -0.20945 e
68.08893 70.66513 0.41524 0.85628 0.30719 e
68.28096 78.27363 -0.68728 0.68610 0.23856 e
68.41073 61.71759 -0.72506 -0.12176 -0.67784 e
68.66039 61.96568 -0.20140 -0.97929 -0.02063 e
68.74644 46.87824 -0.39746 0.17806 -0.90018 e
69.05329 66.37403 0.36223 -0.44413 0.81947 e
69.12730 55.67119 0.91233 -0.40849 0.02802 e
69.21789 45.06406 0.26921 0.86786 -0.41755 e
69.24013 84.39888 0.63866 -0.76638 0.06905 e
69.42309 57.07352 0.89579 0.15991 -0.41472 e
69.99890 60.53901 -0.01336 0.88408 -0.46715 e
70.22154 31.77968 -0.50618 -0.43844 -0.74267 e
70.81144 61.43894 0.86228 -0.00028 -0.50643 e
71.09180 45.65279 0.76028 -0.62734 -0.16857 e
71.09474 35.09439 -0.09401 -0.97597 0.19658 e
71.59643 34.34753 0.03408 0.73073 -0.68181 e
71.79824 16.07294 0.03702 -0.74677 -0.66405 e
72.88137 64.40001 0.38407 0.92059 -0.07070 e
73.04432 40.83600 -0.92140 -0.02988 -0.38746 e
73.10046 69.75325 0.87265 -0.46832 0.13843 e
73.11130 69.12478 0.94939 -0.24242 0.19972 e
73.15480 30.92864 -0.32636 0.66246 0.67426 e
73.47469 57.61403 -0.35397 -0.08652 -0.93124 e
73.74073 34.43005 0.70619 0.54742 -0.44903 e
73.75404 39.86534 -0.29556 -0.80277 -0.51789 e
73.83239 58.52839 -0.34824 0.45332 -0.82050 e
73.99260 49.53100 -0.60097 -0.59633 -0.53219 e
74.19205 41.63346 0.15084 0.36400 -0.91910 e
74.22220 59.76940 0.56716 0.71649 -0.40617 e
74.29792 76.59373 -0.53837 -0.71386 -0.44785 e
74.55167 81.67623 0.45648 0.64227 -0.61572 e
74.80667 77.95497 0.95402 -0.09254 0.28510 e
74.86130 65.61823 0.68130 0.73187 0.01385 e
74.92026 79.73827 -0.88110 0.39009 0.26736 e
75.04882 76.51758 0.01676 0.05031 -0.99859 e
75.56650 45.79323 0.27033 0.38851 0.88090 e
76.24431 46.77673 -0.48015 0.60373 -0.63638 e
76.67017 74.03124 0.03347 -0.68883 -0.72415 e
76.91831 48.67034 0.63971 -0.44849 -0.62420 e
77.15900 22.96448 -0.22106 -0.33867 0.91457 e
77.18576 51.24828 0.04735 0.81077 0.58344 e
77.51287 54.53003 0.53190 -0.05583 -0.84497 e
77.71447 47.08378 -0.47085 -0.02022 -0.88198 e
78.42708 17.79530 0.58779 0.80554 0.07488 e
78.43531 73.22071 -0.49714 -0.77636 -0.38745 e
78.63452 75.21287 0.86804 -0.37171 -0.32914 e
79.00053 56.36917 0.82177 0.31923 0.47201 e
79.09557 59.03329 0.80093 0.27873 -0.52993 e
79.99135 47.09489 0.90939 -0.17504 0.37731 e
80.08232 66.24698 -0.48155 -0.67362 0.56066 e
80.27339 70.83986 0.17686 -0.22714 -0.95767 e
80.41336 60.03783 -0.54536 0.83580 -0.06341 e
80.75231 58.23465 0.16438 -0.97750 -0.13222 e
81.28993 81.90324 0.14889 0.98831 -0.03295 e
81.61528 32.20993 0.17466 0.46734 -0.86665 e
81.97627 55.19343 0.15296 0.48014 -0.86375 e
82.26572 59.61460 0.54746 0.83677 0.01009 e
82.82347 50.77017 0.91101 -0.39328 0.12409 e
82.89424 60.24944 -0.84191 0.50145 -0.19935 e
83.20569 31.72226 0.53475 0.14424 -0.83261 e
83.33581 75.68514 -0.59452 0.34857 -0.72460 e
84.55281 55.42882 -0.40560 -0.36363 -0.83861 e
84.66850 68.28360 0.68040 0.68118 -0.27027 e
84.91743 64.27608 -0.21068 0.09142 -0.97327 e
84.91790 75.15233 0.49510 -0.76522 -0.41147 e
84.98670 28.96432 0.53711 0.27823 -0.79630 e
85.45389 62.95235 -0.49110 0.77641 0.39496 e
86.02183 29.92968 -0.93322 -0.27049 -0.23649 e
87.08405 39.86225 -0.95674 0.03911 0.28831 e
88.22270 39.25708 0.46709 -0.62635 0.62411 e
88.26643 45.55944 0.95743 -0.02186 0.28784 e
88.48052 31.68243 -0.23337 0.59465 0.76937 e
89.81311 44.82008 0.55348 -0.83104 0.05515 e
90.16470 39.94028 0.60452 0.15442 0.78148 e
91.07713 36.52603 0.60708 -0.61205 -0.50681 e
91.17160 77.47652 -0.32816 0.94430 -0.02468 e
91.96163 74.07786 -0.11158 -0.99367 0.01266 e
92.79124 47.05404 -0.72470 -0.55123 0.41348 e
93.05125 57.21940 0.66164 0.68224 -0.31110 e
93.23024 17.68198 0.44601 -0.85105 -0.27712 e
93.89121 38.60788 -0.50090 0.25241 -0.82788 e
94.03314 48.85879 0.38571 -0.13675 -0.91243 e
94.75338 51.16728 0.73074 -0.66999 0.13088 e
94.91726 37.42237 0.44142 -0.33614 -0.83196 e
95.14586 51.87766 -0.71838 -0.63002 -0.29496 e
95.18707 14.10899 -0.29967 -0.02333 -0.95376 e
95.70489 15.08429 -0.65787 -0.63630 -0.40291 e
96.04865 50.07514 0.72639 0.66448 -0.17558 e
96.33941 41.08355 -0.53533 -0.79998 -0.27104 e
97.35555 24.59524 0.82618 -0.24585 -0.50694 e
97.90895 31.60280 -0.76234 -0.64541 0.04772 e
98.13387 65.13785 -0.37379 -0.14034 -0.91683 e
98.41161 26.46126 0.54706 0.80227 0.23894 e
98.70906 56.28442 -0.47970 -0.03156 -0.87686 e
100.01655 68.70379 -0.44834 0.65519 -0.60804 e
100.07772 79.80594 0.85624 0.33325 -0.39471 e
100.26352 61.89111 0.34654 0.14468 -0.92681 e
100.79190 33.84834 0.08768 0.03807 -0.99542 e
101.14181 32.78449 0.93608 0.34525 0.06755 e
102.11723 31.03487 -0.26065 -0.96139 -0.08825 e
102.22685 81.64754 -0.76909 0.62756 0.12109 e
102.25687 44.63695 0.20112 0.96983 -0.13777 e
102.62799 19.72346 -0.59023 -0.48916 -0.64214 e
103.77243 74.38623 -0.66014 -0.11771 0.74187 e
103.79134 62.88029 0.66714 -0.58574 0.46026 e
104.14209 67.15392 -0.72216 -0.21228 -0.65835 e
104.35275 63.25251 0.75366 0.06164 -0.65437 e
104.79072 31.07351 0.91554 -0.12818 -0.38126 e
105.17847 31.18216 0.16688 0.21173 -0.96298 e
105.38103 29.38546 0.55766 0.82694 -0.07205 e
106.72720 71.37018 -0.80918 -0.34132 -0.47825 e
106.78459 79.13061 0.96804 0.07498 -0.23934 e
107.32809 84.76402 0.73348 -0.67555 -0.07510 e
108.52121 48.07310 0.84683 -0.47430 -0.24065 e
109.35456 84.99988 -0.73593 0.66372 0.13373 e
109.48542 45.03863 0.12456 0.91354 0.38720 e
109.84054 62.04022 -0.55208 -0.71285 -0.43250 e
109.85619 45.45610 -0.76343 0.62414 -0.16618 e
110.03515 43.83777 0.67614 -0.47861 -0.56014 e
110.11131 56.57121 -0.23639 0.76282 -0.60185 e
110.17180 74.03454 -0.95767 0.26786 0.10541 e
110.45806 35.39266 -0.50268 0.57670 0.64400 e
110.96482 59.26482 -0.92819 -0.17182 0.33006 e
112.27689 30.54198 -0.65568 -0.42467 -0.62429 e
112.30191 61.04640 0.20985 0.68985 -0.69288 e
113.09009 53.98412 -0.21507 0.48586 0.84716 e
113.31487 46.77213 -0.31273 0.58809 -0.74589 e
113.87887 67.82021 0.91974 0.24548 -0.30629 e
115.37365 63.69174 -0.04521 -0.44217 -0.89579 e
116.09643 45.53782 -0.37916 0.14934 -0.91320 e
116.18649 21.45694 -0.01862 -0.99529 -0.09511 e
116.78130 81.91960 -0.53592 -0.26121 -0.80284 e
117.49707 53.47620 -0.60368 0.79687 0.02383 e
118.68508 40.05278 -0.72907 -0.39115 -0.56166 e
120.28439 58.30546 -0.85727 0.03089 -0.51394 e
120.68722 36.31336 -0.78705 -0.59000 0.18012 e
121.17763 41.70415 -0.23706 0.95968 0.15108 e
121.39314 25.40100 -0.58377 0.24055 -0.77547 e
121.51800 39.24826 0.60055 -0.79318 -0.10105 e
121.57356 37.56565 0.30195 -0.33850 -0.89120 e
122.01247 84.02371 0.59161 -0.42071 -0.68775 e
122.80018 43.08053 -0.71372 -0.23519 -0.65977 e
123.56413 42.69958 -0.45675 0.25013 -0.85370 e
124.05795 75.14875 -0.78359 0.62048 0.03157 e
124.30547 21.28269 0.52307 -0.14168 0.84043 e
124.51451 67.79341 0.74616 -0.63818 -0.18966 e
124.91086 44.78721 0.35154 0.62122 -0.70036 e
125.59442 25.18647 -0.21163 -0.45166 -0.86673 e
125.82227 12.53000 -0.72944 0.54693 0.41083 e
126.18551 36.98301 0.28913 -0.95721 -0.01234 e
127.76724 46.86203 -0.58008 -0.33379 -0.74303 e
128.00879 78.52486 0.68049 0.58930 -0.43551 e
128.01272 60.01186 -0.46654 0.72445 -0.50746 e
128.18918 68.79217 -0.88743 -0.03605 0.45954 e
128.46026 29.13892 -0.31791 -0.22523 -0.92098 e
128.51641 24.08554 -0.63735 -0.73710 0.22464 e
128.58366 31.51626 -0.11745 0.71010 -0.69424 e
128.61329 27.61742 0.87892 -0.28100 0.38541 e
128.61659 24.30629 -0.93382 -0.05629 -0.35329 e
129.07517 65.17827 -0.62651 -0.57935 -0.52138 e
129.48831 33.25444 0.13951 0.55081 -0.82289 e
129.62517 75.38498 0.93016 -0.02646 -0.36619 e
129.99342 52.71482 -0.35546 -0.01093 -0.93463 e
130.36502 19.74673 0.45759 0.00238 0.88916 e
130.62438 34.68824 -0.13095 0.79249 -0.59566 e
130.72274 61.95500 0.89452 -0.02999 -0.44602 e
133.33573 69.91774 0.45158 0.76899 0.45247 e
135.16900 34.57316 -0.17445 -0.97962 -0.09953 e
135.25840 29.43772 -0.45628 0.00135 -0.88983 e
136.16718 68.47847 0.17584 0.21262 -0.96118 e
137.33941 47.69054 0.07163 0.99434 0.07847 e
137.41885 26.72500 -0.91548 0.39186 -0.09133 e
137.43085 46.08055 -0.18110 -0.87905 -0.44100 e
137.43643 48.22577 -0.77432 -0.63154 -0.03983 e
138.14553 15.04046 -0.20894 -0.85789 0.46944 e
138.75187 27.44322 -0.48513 0.46780 0.73879 e
139.69726 50.45131 -0.97621 -0.17476 -0.12836 e
139.77765 14.09059 -0.08371 -0.61691 -0.78257 e
140.24508 45.33592 -0.93166 -0.32710 -0.15814 e
140.47865 29.49066 0.43822 0.26635 -0.85850 e
140.47873 46.85909 0.53944 -0.82658 -0.16053 e
140.85637 58.34180 -0.36234 0.11086 -0.92543 e
141.01999 70.62431 -0.91369 -0.36730 -0.17394 e
141.04902 46.07482 0.76409 -0.48860 0.42123 e
141.50053 20.66305 -0.60295 -0.76597 -0.22305 e
141.79564 51.64427 -0.69872 -0.65226 -0.29385 e
142.20356 31.83305 -0.94330 -0.18245 -0.27731 e
143.41226 33.03435 -0.57799 0.32651 -0.74787 e
143.50198 66.60127 -0.52915 -0.82115 0.21378 e
144.02877 35.86726 -0.07455 0.97692 -0.20018 e
144.26281 50.89498 0.35696 -0.78591 -0.50489 e
144.29300 70.27587 -0.41654 0.90209 -0.11283 e
144.60753 28.95607 0.35244 0.86371 -0.36025 e
146.65245 43.08670 -0.92435 -0.35082 -0.15004 e
146.96742 46.31742 -0.96365 -0.04286 0.26369 e
147.19850 44.99189 -0.63006 -0.66642 -0.39863 e
148.09150 72.15393 -0.13414 0.66256 -0.73689 e
148.16081 63.65898 0.42700 -0.30874 -0.84991 e
148.41529 47.81630 -0.79238 0.37273 -0.48291 e
149.33582 51.68690 0.25196 -0.55332 -0.79395 e
149.58076 51.62156 -0.74693 0.49430 0.44470 e
150.23183 43.83675 -0.44776 -0.04599 -0.89297 e
151.62521 44.71295 -0.72833 0.26861 -0.63038 e
151.64043 73.48455 0.30178 0.87957 0.36781 e
152.06769 40.10207 0.00883 0.86068 0.50906 e
153.08569 51.39964 0.46981 0.74230 -0.47777 e
153.50756 58.39430 -0.09115 0.76231 -0.64076 e
153.67237 64.02339 -0.63879 0.60922 -0.46990 e
154.00132 60.72073 -0.91573 -0.27695 0.29111 e
154.68773 55.15316 0.96540 0.25056 0.07231 e
154.76976 79.86112 0.31471 0.93486 0.16432 e
155.06968 36.85432 -0.20201 -0.29215 -0.93480 e
155.15854 21.13628 0.97733 0.05625 -0.20412 e
155.51018 20.41919 0.08203 -0.46618 0.88088 e
156.61292 54.10170 0.69819 0.71479 0.04009 e
156.73581 24.06360 -0.32228 0.58093 -0.74744 e
157.35526 49.82533 -0.01991 -0.73275 -0.68021 e
157.59570 17.31894 0.44865 -0.27238 -0.85119 e
157.66686 27.22337 0.08175 -0.91042 0.40552 e
158.18570 64.55832 0.50369 0.27704 -0.81826 e
158.37056 48.63800 -0.36444 0.78134 -0.50665 e
158.73268 35.90112 -0.87498 0.28914 -0.38835 e
159.60202 34.15692 0.69412 0.57835 0.42861 e
159.70079 41.43111 0.89204 -0.25906 -0.37035 e
159.83164 83.79651 -0.85963 0.42829 -0.27858 e
159.90555 38.90745 -0.19806 -0.92148 -0.33414 e
161.68656 49.74783 0.35496 -0.72426 -0.59114 e
163.04734 25.08332 0.15633 0.23098 0.96032 e
163.48539 49.49481 0.28463 0.95574 -0.07443 e
163.61658 31.67530 -0.59603 0.76506 -0.24379 e
163.85740 34.75846 -0.64823 -0.35038 -0.67604 e
163.86237 72.63592 0.41261 -0.56088 -0.71775 e
164.46815 74.06696 0.72867 0.59841 -0.33308 e
164.64804 68.47783 -0.47458 -0.16143 -0.86528 e
165.25975 49.54593 0.89199 0.43982 0.10445 e
165.63982 62.00269 -0.47100 -0.70071 -0.53587 e
166.04236 46.65795 -0.89044 -0.07732 -0.44849 e
166.05103 69.87095 0.90285 0.36000 -0.23508 e
166.12615 20.10061 0.40876 -0.27379 -0.87060 e
166.29941 49.93982 0.16926 0.76707 0.61883 e
166.70589 69.37304 0.74381 0.59004 0.31401 e
166.85901 62.90302 0.89003 -0.41685 -0.18464 e
166.98058 48.36395 -0.68887 -0.30540 -0.65741 e
167.38987 65.07098 0.66833 -0.51513 -0.53664 e
167.78820 62.31182 -0.39217 0.91983 -0.01053 e
168.45120 45.35496 -0.85040 0.28821 -0.44017 e
168.84225 25.86028 0.39220 0.83842 -0.37845 e
169.39587 41.29012 0.82414 -0.03365 -0.56539 e
169.49031 19.14540 -0.30008 0.44017 -0.84629 e
169.56042 72.67063 -0.94984 0.02626 0.31163 e
169.93906 61.15197 -0.19253 -0.92863 0.31713 e
169.96917 61.56984 -0.77769 0.62485 0.06899 e
170.11163 49.85239 0.23385 -0.78520 -0.57340 e
170.22157 66.33422 -0.15033 -0.71945 -0.67808 e
170.29998 76.19936 -0.21855 -0.94623 0.23851 e
170.47803 47.38431 0.91737 0.22245 -0.33007 e
170.96754 72.29978 0.90765 0.29210 -0.30143 e
172.18779 56.79088 0.37144 0.00041 -0.92846 e
172.23975 71.24948 0.92997 0.26159 0.25831 e
172.27325 29.74165 -0.21761 0.86951 0.44340 e
173.07187 52.12165 0.90515 0.41817 0.07642 e
173.40678 24.65031 -0.31212 0.83659 -0.45022 e
173.96722 28.20399 -0.76787 -0.63298 0.09859 e
175.12836 19.81030 0.15274 0.50979 -0.84663 e
175.17473 28.91834 -0.79730 0.38432 -0.46541 e
175.55414 25.55761 0.38355 -0.64717 -0.65883 e
175.62898 38.91971 -0.94440 0.30415 0.12491 e
175.81438 43.71220 0.65424 -0.58665 0.47729 e
176.70972 43.80547 0.15150 0.43333 -0.88841 e
177.13273 38.18056 0.25889 -0.83224 -0.49026 e
177.52509 75.03947 0.56330 0.02269 -0.82594 e
177.76326 46.87417 -0.59413 0.66832 -0.44762 e
178.04394 53.04271 -0.50007 -0.84905 0.17042 e
178.09894 82.27470 0.54640 0.26734 -0.79371 e
178.75980 48.85590 -0.09389 0.95045 -0.29635 e
178.77969 41.69575 0.41521 -0.86599 -0.27869 e
179.35513 75.25889 0.66978 0.71699 -0.19318 e
180.72806 75.94492 0.11955 -0.08128 -0.98950 e
182.12894 75.38496 -0.77665 0.05756 -0.62729 e
183.32153 23.18297 0.28232 -0.20591 -0.93696 e
183.40682 39.19314 -0.88656 0.24577 -0.39192 e
183.84016 79.07368 -0.89747 -0.37539 -0.23160 e
184.18766 69.98975 0.03894 0.57330 -0.81842 e
184.70953 37.22286 0.04344 -0.12566 -0.99112 e
184.95710 44.00462 -0.21099 -0.93331 -0.29055 e
185.05109 51.92379 0.26862 0.52223 -0.80939 e
185.08035 42.62670 0.17746 -0.73401 0.65554 e
186.54015 56.56729 -0.31313 -0.75343 -0.57818 e
186.78153 64.44394 0.74682 -0.41637 -0.51855 e
187.14411 59.28637 0.19693 0.06543 -0.97823 e
187.85473 19.02545 0.13056 0.26255 0.95605 e
187.90331 30.47118 -0.38269 -0.89671 0.22238 e
187.95316 33.09249 -0.17750 -0.82932 0.52984 e
188.20189 19.41172 -0.16907 -0.39792 0.90171 e
190.27455 76.71774 0.97781 -0.16405 0.13031 e
190.67344 46.34494 -0.47376 0.82007 0.32098 e
190.73163 58.61651 -0.85439 0.03433 -0.51849 e
190.84618 19.45212 -0.70886 0.66235 -0.24251 e
191.04507 34.58329 0.24158 0.33647 -0.91018 e
192.24752 45.60904 -0.31045 0.68504 -0.65905 e
192.33991 24.93236 -0.95334 -0.07770 0.29172 e
192.75848 46.89809 0.06959 0.86060 -0.50451 e
192.92114 14.95543 0.89011 -0.35147 -0.29013 e
193.19359 41.42023 -0.13764 0.79423 -0.59183 e
193.38934 49.99682 -0.69367 -0.14041 -0.70648 e
193.64655 40.34411 0.69705 0.16352 -0.69813 e
193.94707 37.74228 0.68898 -0.72473 0.00857 e
194.71584 52.32895 0.24889 -0.93090 -0.26737 e
194.76383 34.92097 0.27762 -0.91081 -0.30554 e
195.63726 32.49336 0.01288 -0.91460 -0.40415 e
196.68320 50.58670 -0.83973 -0.18253 0.51140 e
197.98332 32.63930 0.41014 -0.14371 -0.90063 e
197.98643 30.49844 -0.02768 0.77628 -0.62978 e
199.40782 82.62685 0.31663 0.22706 -0.92097 e
200.27503 46.59864 0.26900 0.96185 0.04992 e
200.59593 59.87418 -0.37423 0.26931 -0.88737 e
201.08588 38.02202 0.43121 -0.59368 -0.67942 e
201.17874 55.52651 -0.39687 0.60170 0.69315 e
201.55779 40.21813 -0.03428 -0.99907 -0.02614 e
201.74739 63.95177 0.25508 0.95322 -0.16221 e
202.13339 71.61393 0.80405 -0.19492 0.56170 e
202.39034 26.28836 -0.10005 -0.58966 -0.80143 e
202.78904 48.52751 -0.53508 -0.81664 -0.21629 e
203.36858 69.77706 0.00567 -0.62780 -0.77835 e
203.67558 50.92823 0.74078 -0.41663 -0.52694 e
203.77185 49.77662 -0.72977 0.65509 -0.19571 e
204.63403 65.31979 -0.24817 0.34857 -0.90383 e
205.77004 68.24884 0.02047 -0.07634 -0.99687 e
205.90499 31.22193 0.64258 0.76284 -0.07190 e
206.52065 30.50996 0.16763 0.09139 -0.98160 e
206.83725 54.35799 -0.94879 0.30859 -0.06757 e
207.14534 25.52897 0.79628 0.36141 0.48509 e
207.81702 15.15747 0.74364 0.34789 -0.57094 e
208.39682 45.17055 -0.37042 -0.85919 -0.35296 e
210.44730 35.25568 0.50818 0.65549 -0.55865 e
211.63364 54.05564 -0.51673 0.84484 -0.13867 e
212.43591 39.27541 -0.32440 0.92961 -0.17487 e
212.52269 32.96955 -0.70854 0.12310 -0.69485 e
212.67239 56.20855 0.80306 0.52373 -0.28424 e
212.86659 45.74429 -0.62982 0.56797 -0.52985 e
213.15678 51.21367 -0.80716 -0.13837 -0.57389 e
214.31685 40.13704 -0.67918 -0.17574 -0.71262 e
214.43206 33.20926 0.57102 -0.00212 -0.82094 e
214.51593 55.74467 -0.35398 0.76773 -0.53412 e
214.72468 45.62413 0.39282 -0.62719 -0.67256 e
214.99674 34.91241 -0.33501 -0.00333 -0.94221 e
215.31523 33.94592 0.75271 -0.31499 -0.57811 e
216.66438 44.91769 0.74727 -0.18310 -0.63880 e
217.10007 15.65245 0.71360 0.24136 0.65766 e
217.12972 33.82438 0.66776 0.71080 0.22102 e
217.71400 84.86323 -0.27584 0.65612 -0.70244 e
219.49138 54.39822 -0.75404 -0.25600 -0.60488 e
221.11392 46.05346 0.74046 -0.55150 -0.38415 e
222.48860 50.10578 0.20914 -0.93673 -0.28070 e
222.92318 77.71309 0.64795 -0.03303 -0.76097 e
223.98949 66.94868 0.62385 -0.66004 -0.41852 e
224.43545 72.91215 -0.48528 -0.78847 0.37791 e
225.14098 71.36433 0.70581 0.58922 0.39325 e
225.67018 30.34412 -0.40293 0.89500 -0.19137 e
226.08508 30.06214 0.64648 -0.73720 0.19646 e
226.20239 76.85430 -0.36634 -0.77828 -0.50998 e
227.22645 56.70839 -0.58981 0.22219 -0.77637 e
227.49899 47.22982 -0.44124 -0.50333 0.74295 e
227.52620 58.33497 0.68864 -0.40712 -0.60002 e
227.75301 50.96365 -0.02168 -0.74937 -0.66179 e
228.94615 64.62923 0.46298 -0.21636 0.85956 e
230.94612 25.17061 -0.81773 -0.45871 0.34772 e
231.13359 72.00307 -0.94341 0.27460 -0.18592 e
231.70440 44.27686 0.11315 -0.86181 0.49444 e
231.86833 29.33394 0.10230 0.91404 -0.39252 e
232.41634 70.34386 -0.10883 -0.93256 -0.34422 e
233.94552 81.09942 0.52017 0.62170 -0.58559 e
234.24075 19.51344 0.72915 0.46212 -0.50477 e
234.32130 32.30696 -0.50394 0.80532 0.31225 e
235.50307 68.59245 0.77099 0.61425 -0.16814 e
236.79374 63.10692 0.92458 -0.38065 -0.01599 e
236.83948 42.42213 0.45133 -0.40189 -0.79674 e
238.11756 31.37660 0.71872 0.69523 -0.00970 e
238.47721 53.78315 0.30957 0.91555 -0.25679 e
239.64669 51.00560 -0.69241 0.19996 -0.69325 e
241.04846 69.07904 0.16214 -0.22428 -0.96094 e
241.41935 30.55908 0.52957 -0.34851 -0.77337 e
242.05453 35.43287 -0.00364 -0.99979 0.02034 e
242.58003 38.49301 -0.49499 0.37838 -0.78219 e
243.08634 59.06246 0.36614 0.05667 -0.92883 e
243.14206 66.78357 0.53918 0.25376 -0.80305 e
243.15456 40.84901 0.08245 0.09881 -0.99169 e
243.46171 33.90520 0.17613 0.01439 0.98426 e
243.77192 43.34549 0.92217 -0.37246 -0.10433 e
244.68397 33.98564 0.58374 -0.77305 0.24830 e
244.94789 46.75557 0.35316 0.23936 -0.90442 e
245.81397 23.45491 0.11623 0.74986 0.65131 e
245.82586 30.13547 -0.32089 -0.10527 -0.94125 e
246.36497 46.01576 0.66693 -0.10193 -0.73812 e
246.57710 67.97933 -0.31160 -0.72715 -0.61169 e
247.95218 64.88304 -0.84236 0.17918 -0.50825 e
247.99544 28.98448 0.06525 -0.25297 -0.96527 e
248.38719 19.37202 0.68390 -0.66794 -0.29347 e
248.72781 43.43523 0.95876 0.25743 -0.12048 e
249.57343 47.01034 -0.90695 0.13721 -0.39826 e
249.69120 63.58768 0.40610 0.63445 -0.65769 e
250.01871 26.91594 0.68517 0.71327 -0.14759 e
251.43470 23.37223 0.86623 0.48870 0.10402 e
251.57054 70.85502 -0.70053 0.56317 -0.43829 e
251.58651 57.05744 -0.05915 -0.60306 -0.79550 e
251.72290 83.65185 -0.83210 0.48572 0.26775 e
252.56423 38.06626 0.72440 -0.10825 -0.68083 e
253.11147 61.92075 0.70307 0.67064 0.23651 e
253.29981 50.69493 -0.42852 0.56490 -0.70517 e
253.31246 37.54097 -0.82974 0.42138 -0.36602 e
253.59236 69.81274 0.02608 0.55685 -0.83020 e
254.44370 71.77554 -0.86289 -0.44042 -0.24791 e
255.32771 49.58399 -0.83440 0.52589 0.16495 e
255.88777 46.90156 -0.44320 -0.79329 0.41745 e
256.07467 62.29034 0.93707 0.14603 -0.31715 e
256.66154 53.34813 0.15622 -0.78374 -0.60113 e
256.92586 78.26571 -0.99918 -0.04059 0.00120 e
257.29676 21.94511 0.23516 0.93437 0.26767 e
257.36318 27.46136 0.71511 -0.01576 -0.69883 e
258.13665 60.47466 0.60335 -0.78334 0.14947 e
258.19321 34.02558 0.25042 0.53972 -0.80374 e
258.19481 51.14131 0.90406 0.37396 -0.20696 e
258.33900 53.15204 -0.96626 -0.11223 0.23182 e
258.89068 28.70960 0.75266 0.38327 -0.53536 e
259.65716 67.00381 0.45848 0.67088 -0.58286 e
260.14509 40.67839 0.55190 0.69170 -0.46579 e
261.05774 55.86661 -0.12640 0.62084 -0.77368 e
261.18953 44.45944 0.39428 0.87864 0.26931 e
261.20737 29.51721 0.41334 -0.03129 -0.91004 e
261.64052 27.75310 0.89559 -0.20388 -0.39541 e
261.96148 77.85264 -0.80576 -0.20929 0.55403 e
262.55998 25.83627 0.81259 -0.46801 -0.34737 e
263.30852 28.76497 0.30329 0.28752 0.90849 e
264.96584 77.01395 0.21243 -0.25414 -0.94355 e
265.54523 59.20612 0.85530 0.29484 0.42606 e
265.71286 18.83442 -0.98021 -0.17925 -0.08403 e
266.07066 18.31951 0.24895 -0.91393 0.32056 e
267.40980 30.31209 0.95536 -0.05072 0.29106 e
267.90610 58.01543 0.77124 -0.22815 -0.59426 e
267.98278 52.73937 0.49749 -0.76868 -0.40204 e
268.29690 38.06558 0.60987 0.55702 -0.56373 e
268.71125 23.20760 0.08812 -0.90343 0.41959 e
269.53622 30.00337 0.54512 0.34807 0.76269 e
269.84920 54.92155 0.25030 -0.76805 -0.58944 e
269.88174 23.25442 0.27233 0.15663 -0.94937 e
270.09030 36.99391 0.90716 0.00568 -0.42074 e
270.15462 57.26697 -0.76749 0.27402 0.57955 e
270.46581 61.09605 0.04984 -0.95109 -0.30487 e
270.98993 45.68140 0.37540 -0.60820 0.69941 e
271.01310 51.75268 0.96787 0.23217 0.09654 e
271.41830 23.28277 -0.74265 0.65988 0.11417 e
274.13375 37.39124 0.93966 0.14186 0.31132 e
274.30289 72.65931 -0.73383 0.60337 0.31215 e
274.55245 38.67013 0.27775 -0.25666 0.92573 e
274.56352 25.27974 -0.58017 -0.30320 0.75596 e
274.73153 75.62254 0.11544 0.93415 0.33771 e
275.25218 70.30506 -0.63919 -0.46394 -0.61334 e
275.31357 72.51230 0.21528 0.95768 -0.19104 e
275.57208 69.78082 0.00238 -0.76774 -0.64076 e
275.85044 43.72351 -0.76739 0.52331 0.37048 e
276.20300 80.66196 0.42075 -0.07685 0.90392 e
277.26714 30.43348 -0.34522 0.04052 -0.93765 e
278.62860 26.78847 -0.96332 0.26083 0.06319 e
278.76810 40.66669 0.62669 0.08687 0.77441 e
279.31197 51.56728 -0.54386 -0.75794 -0.36021 e
279.96180 39.48670 -0.59531 -0.58049 -0.55555 e
282.24794 55.04243 0.51256 -0.76834 -0.38332 e
282.38985 28.16123 -0.17470 0.08635 -0.98083 e
283.09654 68.35547 -0.67022 0.65628 0.34655 e
283.22723 56.66207 -0.23460 0.13611 -0.96252 e
284.10005 32.00900 -0.63196 0.59175 -0.50045 e
284.28679 36.47657 0.38437 -0.58375 -0.71519 e
284.51960 69.42034 -0.14568 0.84785 -0.50983 e
284.68250 59.02188 -0.44017 -0.65357 -0.61571 e
284.79192 71.75817 -0.82923 -0.18855 -0.52614 e
285.25742 75.68875 -0.98239 0.06815 0.17394 e
285.82321 59.63567 -0.10774 0.45393 -0.88450 e
286.62404 48.91157 -0.39057 -0.91898 0.05412 e
286.82487 50.08857 -0.21424 0.04044 -0.97594 e
287.34325 46.30946 -0.16644 -0.83536 -0.52390 e
287.56540 48.30372 0.81180 0.58366 0.01802 e
287.64531 34.63689 -0.34162 -0.64211 -0.68629 e
288.19057 67.22273 0.53428 0.31458 -0.78459 e
288.95912 36.45082 -0.66365 0.34730 -0.66253 e
289.64713 61.45108 0.50527 0.09919 -0.85724 e
291.53756 66.40212 -0.30812 0.74113 -0.59649 e
292.12066 47.76568 -0.64328 0.61995 -0.44928 e
292.18322 83.99807 0.05535 -0.80258 0.59397 e
292.36116 15.13354 0.18221 -0.04030 0.98243 e
292.60939 19.88475 0.12629 -0.88686 0.44445 e
292.68453 71.18389 0.16891 -0.63783 -0.75142 e
292.84354 40.54164 0.83682 0.03214 -0.54653 e
293.40096 57.46651 -0.10657 0.77542 -0.62239 e
293.65609 37.16616 -0.50475 -0.86323 0.00830 e
294.29484 31.98861 0.36065 -0.68312 -0.63504 e
294.68359 44.32881 0.38065 0.67978 -0.62690 e
295.94089 46.22188 0.45641 0.12275 -0.88126 e
296.22184 35.42684 -0.03058 -0.62397 -0.78085 e
296.45705 25.51429 0.73300 0.63412 -0.24617 e
297.68298 50.25256 -0.48323 -0.44336 0.75493 e
298.22717 54.58838 0.40762 0.18706 0.89379 e
299.60375 19.49537 -0.82904 -0.52011 -0.20536 e
299.90331 28.79248 -0.46322 0.82645 0.32001 e
300.78181 53.32483 -0.17282 -0.94908 -0.26340 e
301.12422 52.41717 0.56867 0.82024 -0.06182 e
301.15872 71.25403 0.87715 0.18971 -0.44116 e
301.69248 50.72708 -0.46463 -0.29877 -0.83358 e
302.50290 36.24712 -0.30922 0.92877 -0.20438 e
303.05237 36.14987 -0.74267 0.53293 -0.40550 e
303.84936 23.62539 -0.22384 -0.94243 -0.24844 e
303.90452 46.03377 0.51534 0.72145 -0.46254 e
304.65419 56.02609 -0.71853 0.25247 -0.64806 e
304.78751 62.86202 0.25046 -0.93560 0.24883 e
305.44976 35.24239 -0.32532 0.78226 -0.53127 e
307.49615 64.89328 -0.71191 0.27052 0.64808 e
307.71895 49.66988 -0.85690 0.30875 0.41279 e
307.78089 38.75483 -0.11754 0.91214 0.39266 e
308.38539 61.96590 0.42310 -0.77806 -0.46435 e
308.78433 26.06002 -0.53809 -0.77409 0.33353 e
309.10671 77.66519 0.07168 -0.06949 -0.99500 e
309.44129 31.40735 -0.16403 -0.85535 0.49140 e
309.55802 61.68014 -0.76731 -0.46280 0.44391 e
310.30563 40.14914 0.22806 0.64703 -0.72756 e
310.97323 26.29953 -0.03327 0.98720 -0.15599 e
311.45167 43.20961 -0.20461 0.97884 -0.00276 e
311.90681 68.10113 -0.13161 -0.76009 -0.63635 e
311.97827 59.05092 0.00802 0.97529 -0.22079 e
312.03250 74.38265 -0.99194 0.01347 0.12599 e
312.16061 40.77931 0.78788 -0.40601 -0.46304 e
312.18668 60.90092 -0.96262 -0.23875 0.12788 e
312.70625 22.45845 -0.90315 0.33578 -0.26754 e
313.18122 10.80489 -0.77339 0.49518 -0.39581 e
313.63943 80.30775 0.42076 0.14619 -0.89531 e
315.99343 37.67662 0.23695 -0.93428 -0.26640 e
316.10123 25.80833 -0.89821 -0.14413 0.41526 e
316.87350 63.79840 0.85906 0.50777 0.06473 e
316.87450 39.60215 -0.69929 0.44743 -0.55750 e
317.46925 52.61232 -0.33633 0.55025 -0.76427 e
317.77228 27.66138 0.37021 0.46472 0.80435 e
317.80925 53.84361 -0.64518 -0.37664 0.66475 e
318.50387 84.92735 0.52250 -0.17188 -0.83513 e
318.66327 71.95586 -0.68922 0.14883 -0.70911 e
318.87463 64.07434 0.17009 -0.64551 -0.74457 e
319.25147 46.25964 0.86248 -0.36670 -0.34880 e
320.16615 49.47310 0.18310 0.72793 -0.66075 e
320.85566 72.58837 -0.57298 -0.30703 0.75989 e
320.86210 64.09073 0.89265 0.45037 -0.01843 e
321.22374 27.13996 0.45103 0.41135 0.79206 e
321.46153 64.65022 0.16447 0.08290 -0.98289 e
321.92047 39.25979 0.70681 0.04674 0.70586 e
322.99256 28.03567 -0.66222 -0.10507 -0.74191 e
323.05253 24.47686 0.37631 -0.05997 -0.92455 e
323.09143 45.12191 -0.60685 -0.72896 -0.31678 e
323.82040 44.35352 -0.47778 0.07380 -0.87537 e
324.39502 22.83852 0.28226 0.13545 0.94973 e
325.79062 79.30018 -0.19614 -0.97389 0.11430 e
326.33400 39.20051 0.76499 0.60945 0.20824 e
326.56490 43.94918 -0.99222 -0.09681 -0.07824 e
326.61681 24.99415 -0.46978 0.28992 0.83382 e
327.25680 50.01594 -0.66873 0.06151 -0.74096 e
327.62630 75.98775 -0.71135 0.20552 -0.67212 e
328.64375 49.86676 -0.25510 0.92531 -0.28058 e
328.66264 45.59805 0.84187 -0.51198 0.17068 e
330.49237 55.03750 0.70810 -0.55157 -0.44087 e
331.16381 46.54836 -0.36203 0.82602 -0.43200 e
331.79930 70.93410 -0.02033 0.50641 -0.86206 e
332.31722 43.59474 0.25464 -0.25491 -0.93283 e
332.71769 58.81701 -0.52229 0.78157 0.34112 e
333.46147 55.24115 0.02724 0.19247 -0.98092 e
334.69813 49.43021 0.79152 0.37122 -0.48548 e
335.30046 68.49211 0.87929 0.44745 0.16322 e
335.86675 40.08593 0.30026 0.93492 -0.18915 e
336.77629 36.62788 0.15199 -0.64694 -0.74724 e
336.85448 35.72906 -0.02953 -0.67843 -0.73407 e
336.93580 33.62749 -0.59605 0.60522 -0.52766 e
337.18306 56.05146 0.69383 -0.38268 -0.61004 e
337.91531 66.38376 -0.29798 -0.86497 0.40378 e
337.97320 65.01960 -0.78769 0.37121 0.49167 e
338.37316 56.54932 -0.91983 -0.37873 -0.10236 e
338.40647 25.28972 -0.44641 -0.58633 -0.67597 e
338.57210 73.71688 -0.24442 0.90316 -0.35292 e
338.74633 65.30236 -0.39641 0.91029 -0.11928 e
338.95900 60.95265 0.88948 -0.23122 -0.39416 e
339.14106 21.51509 -0.62029 -0.77737 -0.10456 e
339.41062 35.21534 -0.71302 0.56627 -0.41346 e
339.47398 83.10031 0.60893 -0.50913 0.60827 e
339.71264 49.47487 -0.72268 0.51987 -0.45549 e
340.15452 22.01000 0.68529 -0.64310 -0.34177 e
340.21323 42.11478 -0.12999 0.62452 -0.77011 e
341.22163 70.84833 -0.95786 -0.21628 -0.18901 e
341.73625 62.19640 -0.50793 -0.33220 -0.79476 e
342.15221 11.42201 0.41703 0.26994 0.86788 e
342.26227 33.11898 0.88600 -0.44917 0.11512 e
342.38881 74.41359 0.00263 0.77409 -0.63307 e
342.46691 66.83210 0.35272 -0.83610 -0.42016 e
342.79330 17.16385 0.95438 -0.09541 0.28294 e
344.06214 75.68871 0.05606 0.95317 0.29720 e
344.06348 46.89471 -0.14897 0.88563 -0.43984 e
344.21450 52.04160 0.86841 -0.10739 -0.48408 e
344.82037 59.73273 -0.22951 0.40927 -0.88307 e
344.95504 73.82650 0.77234 0.24486 -0.58612 e
347.03474 38.68372 0.72085 0.14914 -0.67686 e
349.85294 37.14933 0.47565 0.58911 -0.65323 e
350.45535 32.17217 -0.36302 0.45631 0.81240 e
350.94793 57.90246 0.51148 -0.85850 0.03704 e
351.83283 80.16810 0.63084 0.23390 -0.73982 e
351.92353 33.00427 -0.15418 0.96572 -0.20884 e
352.49187 50.37110 0.76647 0.60998 0.20112 e
352.63878 48.69695 0.34788 0.88282 -0.31561 e
352.69168 42.82384 -0.80582 0.45052 -0.38431 e
352.87712 24.62580 -0.58593 -0.77099 -0.24953 e
353.02414 66.56957 -0.46129 -0.66827 -0.58364 e
354.40257 49.55886 -0.38322 0.23525 0.89320 e
354.65348 49.97919 0.51696 -0.78437 -0.34280 e
354.85582 28.83108 -0.91403 -0.15365 0.37543 e
355.07755 75.67109 0.04127 0.29166 -0.95563 e
355.53182 15.57771 -0.85612 -0.27107 0.43998 e
356.21667 84.45735 -0.32971 -0.33166 -0.88391 e
356.37685 55.37161 0.13077 0.96945 0.20754 e
357.55606 74.70801 0.02028 -0.95829 -0.28509 e
358.10027 37.27582 0.48032 -0.71009 0.51484 e
358.16815 74.63637 -0.35769 -0.93376 0.01194 e
358.18054 16.22537 0.74039 -0.58334 0.33396 e
358.86105 25.85593 0.65057 0.46345 0.60164 e
359.26952 14.40350 0.82444 0.44571 -0.34878 e
360.61386 70.88652 0.26254 -0.96486 0.01065 e
360.93276 42.81150 0.19072 0.98101 0.03540 e
364.02818 79.18935 0.89786 0.40741 -0.16691 e
364.32653 22.30157 -0.37024 -0.24627 -0.89569 e
364.43666 71.76481 -0.55269 0.58997 0.58862 e
364.87404 46.37997 0.17897 -0.87054 0.45840 e
365.62562 17.94488 -0.34303 0.60010 -0.72264 e
367.12101 28.90351 -0.07999 0.58285 -0.80863 e
367.16466 71.02568 0.41872 -0.89779 0.13652 e
367.51448 37.30887 -0.43517 -0.67325 -0.59780 e
369.59485 47.24994 0.65288 -0.74063 -0.15877 e
370.21685 55.98188 -0.96771 -0.13306 -0.21406 e
376.91765 68.19918 -0.38643 -0.91878 -0.08073 e
380.89249 18.56158 -0.89988 -0.17127 -0.40109 e
383.30812 43.41559 -0.15393 -0.25473 0.95468 e
384.67378 64.78605 -0.69424 0.04041 0.71861 e
385.72048 20.77428 -0.59565 -0.47162 -0.65021 e
386.42770 54.60088 -0.49450 0.86360 0.09830 e
388.18862 36.56788 -0.50045 -0.30159 0.81154 e
388.88736 49.39725 0.56664 0.79129 -0.22974 e
389.96768 48.08580 -0.21598 -0.86595 -0.45109 e
391.51960 20.61682 -0.16236 0.34046 -0.92613 e
391.56673 40.25270 -0.40119 0.54429 -0.73675 e
391.87385 77.66527 0.26333 -0.39111 -0.88187 e
393.68819 48.42109 -0.21109 -0.36306 -0.90754 e
394.90458 83.74600 0.38911 -0.89798 -0.20549 e
398.84170 43.11932 0.64970 -0.71717 0.25213 e
399.44929 49.22868 -0.84453 0.40213 -0.35363 e
402.03613 48.04111 0.89757 0.07268 0.43483 e
408.90909 22.50822 0.25603 -0.24785 -0.93435 e
413.01832 65.51425 0.92910 0.19748 -0.31269 e
413.95141 42.56896 -0.35462 -0.43343 -0.82848 e
414.49722 12.48973 0.80365 0.53332 0.26404 e
421.52862 53.94622 0.44184 0.79234 -0.42068 e
429.87366 30.42856 0.00825 0.99992 -0.00963 e
444.03888 32.64052 -0.10160 -0.94887 0.29887 e
448.10847 38.23903 0.17785 -0.56623 -0.80483 e
453.20225 24.82560 -0.21343 -0.06689 -0.97467 e
460.46941 41.84779 -0.61466 -0.71578 0.33143 e
464.18110 31.73515 0.85509 0.51824 0.01569 e
482.53251 18.11216 -0.76189 0.57162 -0.30460 e
503.16484 60.53660 -0.51216 -0.13825 -0.84769 e
507.08801 31.88612 -0.17078 -0.24745 -0.95373 e
516.07434 27.58043 0.89249 0.23900 0.38254 e
541.79909 32.19196 0.57757 0.66101 -0.47904 e
546.40813 21.45924 0.34994 0.91428 -0.20403 e
556.28330 13.88754 -0.03612 0.83335 -0.55157 e
567.96359 20.25108 0.08446 0.41688 0.90503 e
568.24035 19.03707 -0.17496 -0.53770 -0.82478 e
599.99800 20.56642 -0.97155 0.01982 0.23600 e
604.31859 28.57331 -0.28543 0.94663 -0.14972 e
609.28651 31.80404 0.97001 0.23379 -0.06651 e
638.36645 21.43280 -0.40815 -0.57865 -0.70609 e
652.57328 12.92019 0.10704 -0.86634 -0.48785 e
654.66266 22.32984 0.71079 -0.30392 -0.63436 e
687.55233 30.93301 -0.50770 0.69111 -0.51441 e
716.18194 50.95754 -0.53496 0.33720 -0.77467 e
742.73593 32.14411 -0.41122 -0.14827 0.89940 e
757.29780 11.63945 -0.49525 0.84160 0.21549 e
775.21790 24.84139 -0.94299 -0.17329 -0.28417 e
820.06209 19.24425 0.44208 0.66318 -0.60395 e
845.33414 29.16463 0.70189 0.69922 0.13583 e
862.69304 19.19211 0.19104 -0.93873 0.28687 e
880.51699 18.25491 0.26872 -0.62577 -0.73226 e
927.37029 23.81536 0.09094 -0.78757 -0.60948 e
944.12654 20.48195 -0.45156 -0.12099 -0.88400 e
953.90316 29.69634 0.05087 0.25541 -0.96549 e
1006.17739 41.83935 0.16952 0.82785 0.53472 e
1039.44756 20.68867 0.85433 0.02209 -0.51926 e
1061.76879 34.63915 0.11667 -0.85879 0.49886 e
1171.19069 16.13677 0.62481 0.69525 0.35529 e
1172.20508 84.42208 0.15456 -0.98016 -0.12411 e
1184.41485 12.87123 0.52754 0.00485 -0.84952 e
1188.94883 12.09284 -0.50127 -0.60870 0.61499 e
1210.96103 34.79200 0.76838 -0.60636 0.20475 e
1272.34538 33.72432 0.24923 -0.96749 0.04290 e
1311.72892 27.87224 0.20058 -0.01454 -0.97957 e
1332.28527 11.76072 -0.86859 -0.46926 -0.15919 e
1335.49667 26.25277 0.21465 -0.33054 0.91906 e
1370.81922 14.54544 0.34908 0.80587 0.47824 e
1384.70027 10.24927 -0.44275 0.87313 -0.20400 e
1427.39873 20.64118 0.91227 0.37774 -0.15835 e
1458.37736 34.50421 -0.03301 0.75937 -0.64982 e
1545.34140 37.92587 0.90236 -0.40177 0.15599 e
1546.89920 33.16818 -0.39680 -0.50693 -0.76523 e
1603.16084 43.74241 0.17260 0.89067 -0.42060 e
1681.32810 22.13164 0.59721 0.18764 -0.77983 e
1700.18464 21.13313 -0.40749 0.47973 -0.77705 e
1707.72093 24.88174 0.14389 0.98919 -0.02821 e
1728.41365 26.42279 -0.67305 -0.69544 -0.25175 e
1775.18485 53.25461 -0.47105 -0.15096 -0.86909 e
1820.58158 22.05964 0.43902 -0.64182 0.62875 e
1821.09141 16.72598 0.72337 0.58483 -0.36702 e
1874.22199 40.12614 0.57238 0.73424 0.36505 e
1875.68307 22.12165 -0.97277 -0.23174 0.00470 e
2084.26770 31.48192 -0.53570 -0.38828 -0.74984 e
2109.11486 25.75368 -0.28930 0.94916 0.12407 e
2142.07027 23.10828 -0.13671 -0.98843 -0.06565 e
2163.33868 24.82160 -0.32927 0.40624 -0.85238 e
2193.61411 18.17085 -0.93027 -0.34332 0.12933 e
2251.15648 21.05321 -0.76593 0.57305 -0.29147 e
2353.53565 19.49313 -0.81791 -0.56775 -0.09322 e
2400.07062 47.31579 -0.31492 -0.91055 0.26780 e
2466.53869 40.86794 -0.44881 0.82809 0.33591 e
2593.75338 24.05050 0.08646 0.70594 -0.70297 e
2657.10206 35.11908 -0.36053 0.25884 -0.89611 e
2658.25318 32.39932 0.27074 0.68878 0.67252 e
2670.47995 28.39753 -0.59008 -0.76162 -0.26785 e
2737.05408 12.02342 -0.48339 -0.71779 -0.50111 e
2841.40244 25.66865 -0.54317 0.70684 0.45316 e
2908.65450 28.92150 0.19583 -0.61815 0.76127 e
3029.99803 23.84282 0.63112 -0.40785 -0.65981 e
3430.80780 14.89347 -0.02926 0.37477 0.92666 e
3487.03202 33.33950 0.52644 -0.74407 -0.41137 e
3628.65795 17.70064 -0.17314 0.24687 0.95345 e
3726.20688 21.78093 0.10772 0.69863 -0.70733 e
4176.42126 41.93793 0.42266 0.90182 0.08983 e
4299.85417 30.67748 -0.25686 -0.92142 -0.29155 e
4541.76937 21.70363 -0.60475 0.61397 -0.50726 e
4599.49056 19.03513 -0.96465 0.06915 0.25431 e
4942.92321 27.70028 -0.29362 -0.42583 0.85584 e
5123.88095 15.25357 0.86585 0.48643 0.11700 e
5138.81995 10.42817 -0.18853 -0.82848 0.52734 e
5328.90491 18.46097 -0.86735 -0.00477 0.49767 e
6031.99538 19.06949 -0.68156 0.62381 0.38254 e
6089.92823 28.65332 -0.92977 0.19972 0.30927 e
6299.49081 30.37453 0.54383 -0.09539 -0.83376 e
6636.72656 25.65359 0.48612 -0.19500 -0.85186 e
7136.90311 20.80375 0.20044 -0.74831 -0.63234 e
7741.98120 17.31031 -0.57469 0.66538 -0.47645 e
8171.05202 31.68019 0.77439 -0.18394 0.60538 e
9249.38863 32.11266 -0.42562 -0.05708 -0.90310 e
10211.51803 23.44565 0.48890 0.05558 -0.87057 e
13230.10565 36.29114 0.40962 0.89563 -0.17338 e
13804.94589 25.03143 0.54609 0.60650 -0.57788 e
19547.89623 21.70201 0.32963 -0.77330 -0.54162 e
19634.66335 16.69724 -0.52689 0.77409 -0.35096 e
